1268950 2203
1268960 2203
1268970 2202
1268980 2202
1268990 2201
1269000 2201
1269010 2200
1269020 2203
1269030 2205
1269040 2206
1269050 2202
1269060 2198
1269070 2195
1269080 2193
1269090 2191
1269100 2189
1269110 2188
1269120 2187
1269130 2186
1269140 2185
1269150 2184
1269160 2184
1269170 2185
1269180 2186
1269190 2187
1269200 2188
1269210 2190
1269220 2192
1269230 2194
1269240 2195
1269250 2196
1269260 2196
1269270 2196
1269280 2196
1269290 2196
1269300 2197
1269310 2199
1269320 2200
1269330 2202
1269340 2203
1269350 2204
1269360 2205
1269370 2204
1269380 2203
1269390 2202
1269400 2202
1269410 2204
1269420 2207
1269430 2210
1269440 2213
1269450 2216
1269460 2220
1269470 2222
1269480 2224
1269490 2227
1269500 2229
1269510 2231
1269520 2232
1269530 2233
1269540 2234
1269550 2235
1269560 2237
1269570 2239
1269580 2241
1269590 2243
1269600 2244
1269610 2245
1269620 2246
1269630 2247
1269640 2249
1269650 2251
1269660 2253
1269670 2257
1269680 2260
1269690 2264
1269700 2268
1269710 2271
1269720 2274
1269730 2277
1269740 2280
1269750 2283
1269760 2286
1269770 2289
1269780 2291
1269790 2294
1269800 2297
1269810 2299
1269820 2301
1269830 2303
1269840 2304
1269850 2307
1269860 2309
1269870 2311
1269880 2313
1269890 2315
