1266890 2469
1266900 2465
1266910 2460
1266920 2453
1266930 2447
1266940 2440
1266950 2434
1266960 2428
1266970 2422
1266980 2417
1266990 2412
1267000 2406
1267010 2400
1267020 2395
1267030 2389
1267040 2384
1267050 2379
1267060 2374
1267070 2369
1267080 2364
1267090 2359
1267100 2354
1267110 2349
1267120 2344
1267130 2339
1267140 2334
1267150 2329
1267160 2323
1267170 2318
1267180 2314
1267190 2309
1267200 2305
1267210 2301
1267220 2296
1267230 2291
1267240 2288
1267250 2283
1267260 2278
1267270 2272
1267280 2267
1267290 2263
1267300 2258
1267310 2254
1267320 2249
1267330 2246
1267340 2243
1267350 2241
1267360 2238
1267370 2232
1267380 2222
1267390 2207
1267400 2201
1267410 2192
1267420 2179
1267430 2174
1267440 2169
1267450 2163
1267460 2158
1267470 2153
1267480 2148
1267490 2144
1267500 2139
1267510 2134
1267520 2130
1267530 2125
1267540 2120
1267550 2116
1267560 2111
1267570 2106
1267580 2101
1267590 2096
1267600 2091
1267610 2086
1267620 2082
1267630 2077
1267640 2073
1267650 2068
1267660 2064
1267670 2060
1267680 2055
1267690 2051
1267700 2047
1267710 2043
1267720 2039
1267730 2035
1267740 2031
1267750 2027
1267760 2023
1267770 2019
1267780 2015
1267790 2012
1267800 2008
1267810 2004
1267820 2000
1267830 1997
1267840 1993
1267850 1990
1267860 1986
1267870 1983
1267880 1979
1267890 1976
1267900 1972
1267910 1968
1267920 1965
1267930 1962
1267940 1959
1267950 1955
1267960 1952
1267970 1949
1267980 1946
1267990 1943
1268000 1940
1268010 1937
1268020 1934
1268030 1932
1268040 1929
1268050 1926
1268060 1923
1268070 1921
1268080 1918
1268090 1916
1268100 1913
1268110 1911
1268120 1909
1268130 1907
1268140 1906
1268150 1904
1268160 1902
1268170 1901
1268180 1899
1268190 1898
1268200 1897
1268210 1895
1268220 1894
1268230 1893
1268240 1892
1268250 1891
1268260 1890
1268270 1890
1268280 1889
1268290 1888
1268300 1887
1268310 1886
1268320 1888
1268330 1890
1268340 1891
1268350 1892
1268360 1893
1268370 1893
1268380 1895
1268390 1896
1268400 1897
1268410 1898
1268420 1899
1268430 1899
1268440 1900
1268450 1900
1268460 1900
1268470 1900
1268480 1900
1268490 1900
1268500 1900
1268510 1899
1268520 1899
1268530 1900
1268540 1900
1268550 1899
1268560 1899
1268570 1898
1268580 1898
1268590 1898
1268600 1897
1268610 1897
1268620 1897
1268630 1897
1268640 1897
1268650 1897
1268660 1897
1268670 1898
1268680 1899
1268690 1899
1268700 1899
1268710 1899
1268720 1900
1268730 1901
1268740 1902
1268750 1903
1268760 1903
1268770 1903
1268780 1904
1268790 1904
1268800 1905
1268810 1906
1268820 1906
1268830 1907
1268840 1909
1268850 1911
1268860 1913
1268870 1916
1268880 1919
1268890 1923
1268900 1926
1268910 1930
1268920 1934
1268930 1937
1268940 1936
1268950 1935
1268960 1933
1268970 1931
1268980 1929
1268990 1927
1269000 1926
1269010 1925
1269020 1924
1269030 1922
1269040 1919
1269050 1915
1269060 1911
1269070 1909
1269080 1910
1269090 1912
1269100 1913
1269110 1913
1269120 1912
1269130 1910
1269140 1912
1269150 1913
1269160 1913
1269170 1912
1269180 1912
1269190 1911
1269200 1911
1269210 1910
1269220 1910
1269230 1909
1269240 1906
1269250 1902
1269260 1896
1269270 1897
1269280 1900
1269290 1899
1269300 1900
1269310 1902
1269320 1906
1269330 1911
1269340 1916
1269350 1920
1269360 1923
1269370 1925
1269380 1927
1269390 1928
1269400 1928
1269410 1928
1269420 1930
1269430 1931
1269440 1932
1269450 1933
1269460 1935
1269470 1936
1269480 1937
1269490 1938
1269500 1939
1269510 1940
1269520 1941
1269530 1942
1269540 1943
1269550 1945
1269560 1947
1269570 1950
1269580 1953
1269590 1956
1269600 1959
1269610 1962
1269620 1966
1269630 1969
1269640 1972
1269650 1974
1269660 1975
1269670 1976
1269680 1978
1269690 1980
1269700 1983
1269710 1986
1269720 1990
1269730 1993
1269740 1997
1269750 2002
1269760 2006
1269770 2010
1269780 2015
1269790 2019
1269800 2024
1269810 2028
1269820 2033
1269830 2037
1269840 2041
1269850 2044
1269860 2047
1269870 2049
1269880 2051
1269890 2053
1269900 2054
1269910 2054
1269920 2054
1269930 2054
1269940 2054
1269950 2055
1269960 2055
1269970 2056
1269980 2057
1269990 2057
1270000 2057
1270010 2057
1270020 2057
1270030 2058
1270040 2059
1270050 2061
1270060 2063
1270070 2064
1270080 2066
1270090 2066
1270100 2066
1270110 2063
1270120 2061
1270130 2058
1270140 2056
1270150 2054
1270160 2052
1270170 2051
1270180 2049
1270190 2048
1270200 2048
1270210 2047
1270220 2046
1270230 2045
1270240 2044
1270250 2043
1270260 2043
1270270 2042
1270280 2043
1270290 2043
1270300 2043
1270310 2042
1270320 2040
1270330 2038
1270340 2036
1270350 2034
1270360 2033
1270370 2031
1270380 2030
1270390 2029
1270400 2028
1270410 2028
1270420 2027
1270430 2023
1270440 2019
1270450 2014
1270460 2010
1270470 2006
1270480 2002
1270490 1999
1270500 1996
1270510 1994
1270520 1991
1270530 1988
1270540 1986
1270550 1984
1270560 1981
1270570 1980
1270580 1979
1270590 1979
1270600 1978
1270610 1977
1270620 1977
1270630 1976
1270640 1975
1270650 1972
1270660 1972
1270670 1973
1270680 1976
1270690 1978
1270700 1980
1270710 1983
1270720 1987
1270730 1991
1270740 1993
1270750 1996
1270760 1997
1270770 1997
1270780 1996
1270790 1997
1270800 1998
1270810 1999
1270820 2000
1270830 1999
1270840 1993
1270850 1988
1270860 1982
1270870 1977
1270880 1973
1270890 1969
1270900 1965
1270910 1962
1270920 1959
1270930 1956
1270940 1954
1270950 1951
1270960 1949
1270970 1947
1270980 1945
1270990 1944
1271000 1943
1271010 1942
1271020 1941
1271030 1941
1271040 1942
1271050 1944
1271060 1946
1271070 1948
1271080 1950
1271090 1953
1271100 1954
1271110 1954
1271120 1953
1271130 1951
1271140 1947
1271150 1944
1271160 1940
1271170 1937
1271180 1934
1271190 1931
1271200 1927
1271210 1924
1271220 1920
1271230 1917
1271240 1914
1271250 1912
1271260 1909
1271270 1907
1271280 1906
1271290 1906
1271300 1906
1271310 1905
1271320 1903
1271330 1902
1271340 1902
1271350 1901
1271360 1901
1271370 1902
1271380 1905
1271390 1908
1271400 1911
1271410 1912
1271420 1914
1271430 1915
1271440 1917
1271450 1919
1271460 1920
1271470 1922
1271480 1924
1271490 1926
1271500 1929
1271510 1932
1271520 1935
1271530 1938
1271540 1941
1271550 1944
1271560 1947
1271570 1951
1271580 1955
1271590 1959
1271600 1963
1271610 1967
1271620 1970
1271630 1973
1271640 1977
1271650 1980
1271660 1983
1271670 1986
1271680 1989
1271690 1994
1271700 1999
1271710 2004
1271720 2009
1271730 2014
1271740 2019
1271750 2023
1271760 2027
1271770 2031
1271780 2034
1271790 2037
1271800 2039
1271810 2041
1271820 2043
1271830 2045
1271840 2048
1271850 2051
1271860 2053
1271870 2056
1271880 2059
1271890 2062
1271900 2064
1271910 2066
1271920 2068
1271930 2069
1271940 2071
1271950 2073
1271960 2076
1271970 2080
1271980 2084
1271990 2088
1272000 2092
1272010 2096
1272020 2099
1272030 2102
1272040 2105
1272050 2108
1272060 2110
1272070 2113
1272080 2116
1272090 2119
1272100 2123
1272110 2128
1272120 2132
1272130 2136
1272140 2140
1272150 2145
1272160 2149
1272170 2154
1272180 2159
1272190 2164
1272200 2169
1272210 2173
1272220 2176
1272230 2178
1272240 2178
1272250 2178
1272260 2177
1272270 2176
1272280 2176
1272290 2175
1272300 2175
1272310 2174
1272320 2175
1272330 2173
1272340 2171
1272350 2171
1272360 2172
1272370 2171
1272380 2170
1272390 2170
1272400 2169
1272410 2169
1272420 2169
1272430 2168
1272440 2169
1272450 2171
1272460 2173
1272470 2176
1272480 2179
1272490 2178
1272500 2177
1272510 2177
1272520 2176
1272530 2176
1272540 2177
1272550 2178
1272560 2180
1272570 2181
1272580 2182
1272590 2183
1272600 2185
1272610 2185
1272620 2185
1272630 2185
1272640 2185
1272650 2185
1272660 2185
1272670 2185
1272680 2184
1272690 2184
1272700 2186
1272710 2187
1272720 2188
1272730 2189
1272740 2189
1272750 2188
1272760 2189
1272770 2190
1272780 2192
1272790 2193
1272800 2195
1272810 2197
1272820 2200
1272830 2203
1272840 2206
1272850 2210
1272860 2214
1272870 2219
1272880 2223
1272890 2226
1272900 2224
1272910 2223
1272920 2221
1272930 2220
1272940 2218
1272950 2215
1272960 2214
1272970 2213
1272980 2213
1272990 2213
1273000 2213
1273010 2213
1273020 2212
1273030 2210
1273040 2208
1273050 2207
1273060 2207
1273070 2206
1273080 2206
1273090 2206
1273100 2207
1273110 2207
1273120 2207
1273130 2206
1273140 2205
1273150 2205
1273160 2204
1273170 2204
1273180 2203
1273190 2202
1273200 2200
1273210 2200
1273220 2199
1273230 2199
1273240 2200
1273250 2201
1273260 2202
1273270 2204
1273280 2205
1273290 2207
1273300 2208
1273310 2209
1273320 2211
1273330 2214
1273340 2215
1273350 2215
1273360 2214
1273370 2212
1273380 2210
1273390 2208
1273400 2206
1273410 2204
1273420 2203
1273430 2202
1273440 2203
1273450 2205
1273460 2207
1273470 2210
1273480 2212
