1266900 2392
1266910 2393
1266920 2395
1266930 2411
1266940 2411
1266950 2402
1266960 2395
1266970 2389
1266980 2385
1266990 2381
1267000 2377
1267010 2372
1267020 2366
1267030 2361
1267040 2355
1267050 2348
1267060 2343
1267070 2338
1267080 2334
1267090 2331
1267100 2327
1267110 2323
1267120 2320
1267130 2316
1267140 2312
1267150 2308
1267160 2304
1267170 2300
1267180 2296
1267190 2292
1267200 2287
1267210 2283
1267220 2279
1267230 2274
1267240 2270
1267250 2266
1267260 2262
1267270 2257
1267280 2252
1267290 2246
1267300 2240
1267310 2236
1267320 2231
1267330 2226
1267340 2221
1267350 2216
1267360 2211
1267370 2206
1267380 2202
1267390 2198
1267400 2194
1267410 2189
1267420 2185
1267430 2182
1267440 2178
1267450 2175
1267460 2172
1267470 2170
1267480 2168
1267490 2166
1267500 2161
1267510 2157
1267520 2154
1267530 2149
1267540 2135
1267550 2118
1267560 2105
1267570 2096
1267580 2089
1267590 2083
1267600 2077
1267610 2070
1267620 2065
1267630 2060
1267640 2055
1267650 2050
1267660 2046
1267670 2042
1267680 2038
1267690 2033
1267700 2029
1267710 2026
1267720 2022
1267730 2019
1267740 2015
1267750 2012
1267760 2009
1267770 2006
1267780 2003
1267790 2001
1267800 1998
1267810 1996
1267820 1994
1267830 1993
1267840 1991
1267850 1989
1267860 1988
1267870 1986
1267880 1984
1267890 1981
1267900 1978
1267910 1974
1267920 1971
1267930 1968
1267940 1964
1267950 1960
1267960 1956
1267970 1952
1267980 1949
1267990 1946
1268000 1944
1268010 1942
1268020 1940
1268030 1938
1268040 1936
1268050 1934
1268060 1933
1268070 1931
1268080 1929
1268090 1929
1268100 1929
1268110 1929
1268120 1929
1268130 1929
1268140 1928
1268150 1926
1268160 1925
1268170 1923
1268180 1922
1268190 1921
1268200 1920
1268210 1919
1268220 1917
1268230 1915
1268240 1913
1268250 1911
1268260 1909
1268270 1907
1268280 1904
1268290 1902
1268300 1900
1268310 1898
1268320 1897
1268330 1896
1268340 1895
1268350 1897
1268360 1898
1268370 1899
1268380 1901
1268390 1902
1268400 1904
1268410 1905
1268420 1905
1268430 1906
1268440 1907
1268450 1908
1268460 1908
1268470 1909
1268480 1909
1268490 1910
1268500 1910
1268510 1910
1268520 1910
1268530 1909
1268540 1909
1268550 1909
1268560 1909
1268570 1909
1268580 1909
1268590 1909
1268600 1909
1268610 1910
1268620 1912
1268630 1914
1268640 1915
1268650 1915
1268660 1916
1268670 1918
1268680 1919
1268690 1921
1268700 1922
1268710 1923
1268720 1924
1268730 1922
1268740 1922
1268750 1923
1268760 1925
1268770 1926
1268780 1929
1268790 1932
1268800 1934
1268810 1936
1268820 1939
1268830 1940
1268840 1941
1268850 1943
1268860 1948
1268870 1954
1268880 1960
1268890 1963
1268900 1966
1268910 1969
1268920 1971
1268930 1971
1268940 1970
1268950 1969
1268960 1968
1268970 1966
1268980 1964
1268990 1962
1269000 1961
1269010 1962
1269020 1961
1269030 1961
1269040 1961
1269050 1960
1269060 1960
1269070 1959
1269080 1960
1269090 1960
1269100 1960
1269110 1959
1269120 1958
1269130 1958
1269140 1957
1269150 1956
1269160 1956
1269170 1955
1269180 1954
1269190 1953
1269200 1953
1269210 1952
1269220 1951
1269230 1949
1269240 1947
1269250 1946
1269260 1945
1269270 1949
1269280 1952
1269290 1956
1269300 1958
1269310 1960
1269320 1962
1269330 1963
1269340 1965
1269350 1966
1269360 1966
1269370 1967
1269380 1968
1269390 1969
1269400 1969
1269410 1969
1269420 1968
1269430 1969
1269440 1969
1269450 1970
1269460 1970
1269470 1970
1269480 1968
1269490 1967
1269500 1967
1269510 1968
1269520 1970
1269530 1971
1269540 1972
1269550 1973
1269560 1975
1269570 1978
1269580 1980
1269590 1982
1269600 1984
1269610 1986
1269620 1988
1269630 1990
1269640 1993
1269650 1997
1269660 2001
1269670 2005
1269680 2007
1269690 2009
1269700 2010
1269710 2012
1269720 2014
1269730 2016
1269740 2019
1269750 2022
1269760 2025
1269770 2028
1269780 2031
1269790 2034
1269800 2037
1269810 2037
1269820 2037
1269830 2036
1269840 2037
1269850 2039
1269860 2042
1269870 2046
1269880 2050
1269890 2054
1269900 2057
1269910 2061
1269920 2064
1269930 2068
1269940 2071
1269950 2074
1269960 2078
1269970 2082
1269980 2087
1269990 2091
1270000 2094
1270010 2098
1270020 2102
1270030 2105
1270040 2109
1270050 2112
1270060 2112
1270070 2112
1270080 2112
1270090 2109
1270100 2105
1270110 2100
1270120 2095
1270130 2090
1270140 2086
1270150 2082
1270160 2078
1270170 2075
1270180 2072
1270190 2069
1270200 2067
1270210 2066
1270220 2063
1270230 2060
1270240 2056
1270250 2052
1270260 2049
1270270 2045
1270280 2041
1270290 2038
1270300 2034
1270310 2031
1270320 2027
1270330 2024
1270340 2021
1270350 2019
1270360 2017
1270370 2017
1270380 2016
1270390 2016
1270400 2015
1270410 2015
1270420 2014
1270430 2013
1270440 2013
1270450 2012
1270460 2012
1270470 2010
1270480 2009
1270490 2008
1270500 2007
1270510 2007
1270520 2006
1270530 2004
1270540 2002
1270550 1999
1270560 1998
1270570 1997
1270580 1996
1270590 1996
1270600 1995
1270610 1994
1270620 1993
1270630 1994
1270640 1994
1270650 1995
1270660 1995
1270670 1995
1270680 1996
1270690 1997
1270700 1999
1270710 2000
1270720 2001
1270730 2002
1270740 2003
1270750 2003
1270760 2003
1270770 2002
1270780 2001
1270790 1999
1270800 1998
1270810 1997
1270820 1996
1270830 1996
1270840 1995
1270850 1996
1270860 1997
1270870 1999
1270880 2001
1270890 2003
1270900 2004
1270910 2004
1270920 2004
1270930 2002
1270940 1998
1270950 1993
1270960 1989
1270970 1985
1270980 1982
1270990 1979
1271000 1976
1271010 1974
1271020 1974
1271030 1977
1271040 1979
1271050 1981
1271060 1982
1271070 1982
1271080 1981
1271090 1980
1271100 1977
1271110 1974
1271120 1971
1271130 1969
1271140 1967
1271150 1965
1271160 1964
1271170 1963
1271180 1961
1271190 1960
1271200 1960
1271210 1959
1271220 1958
1271230 1958
1271240 1957
1271250 1956
1271260 1956
1271270 1955
1271280 1954
1271290 1953
1271300 1953
1271310 1954
1271320 1954
1271330 1954
1271340 1954
1271350 1955
1271360 1957
1271370 1960
1271380 1962
1271390 1965
1271400 1966
1271410 1968
1271420 1971
1271430 1972
1271440 1972
1271450 1969
1271460 1971
1271470 1977
1271480 1982
1271490 1986
1271500 1989
1271510 1991
1271520 1994
1271530 1997
1271540 1999
1271550 2001
1271560 2003
1271570 2005
1271580 2008
1271590 2011
1271600 2014
1271610 2016
1271620 2018
1271630 2020
1271640 2020
1271650 2022
1271660 2024
1271670 2024
1271680 2026
1271690 2028
1271700 2030
1271710 2034
1271720 2038
1271730 2042
1271740 2045
1271750 2048
1271760 2049
1271770 2049
1271780 2049
1271790 2050
1271800 2052
1271810 2054
1271820 2056
1271830 2058
1271840 2060
1271850 2062
1271860 2065
1271870 2069
1271880 2072
1271890 2077
1271900 2080
1271910 2083
1271920 2087
1271930 2091
1271940 2096
1271950 2100
1271960 2105
1271970 2110
1271980 2115
1271990 2119
1272000 2122
1272010 2124
1272020 2125
1272030 2126
1272040 2127
1272050 2129
1272060 2131
1272070 2133
1272080 2135
1272090 2137
1272100 2138
1272110 2140
1272120 2142
1272130 2144
1272140 2147
1272150 2151
1272160 2156
1272170 2160
1272180 2162
1272190 2165
1272200 2167
1272210 2169
1272220 2173
1272230 2177
1272240 2181
1272250 2186
1272260 2190
1272270 2195
1272280 2200
1272290 2204
1272300 2209
1272310 2214
1272320 2220
1272330 2225
1272340 2229
1272350 2233
1272360 2237
1272370 2241
1272380 2245
1272390 2249
1272400 2252
1272410 2255
1272420 2257
1272430 2257
1272440 2256
1272450 2255
1272460 2254
1272470 2253
1272480 2251
1272490 2250
1272500 2251
1272510 2252
1272520 2254
1272530 2257
1272540 2260
1272550 2262
1272560 2262
1272570 2262
1272580 2262
1272590 2262
1272600 2262
1272610 2262
1272620 2262
1272630 2263
1272640 2264
1272650 2265
1272660 2266
1272670 2266
1272680 2265
1272690 2266
1272700 2266
1272710 2267
1272720 2267
1272730 2267
1272740 2267
1272750 2267
1272760 2267
1272770 2268
