1266900 2443
1266910 2444
1266920 2446
1266930 2441
1266940 2435
1266950 2428
1266960 2422
1266970 2416
1266980 2410
1266990 2405
1267000 2401
1267010 2397
1267020 2393
1267030 2390
1267040 2387
1267050 2383
1267060 2379
1267070 2375
1267080 2371
1267090 2366
1267100 2360
1267110 2355
1267120 2350
1267130 2344
1267140 2339
1267150 2332
1267160 2326
1267170 2321
1267180 2316
1267190 2311
1267200 2306
1267210 2300
1267220 2294
1267230 2287
1267240 2281
1267250 2275
1267260 2269
1267270 2263
1267280 2258
1267290 2253
1267300 2249
1267310 2244
1267320 2240
1267330 2235
1267340 2230
1267350 2226
1267360 2220
1267370 2215
1267380 2209
1267390 2204
1267400 2199
1267410 2193
1267420 2188
1267430 2182
1267440 2177
1267450 2172
1267460 2167
1267470 2162
1267480 2157
1267490 2152
1267500 2147
1267510 2141
1267520 2136
1267530 2131
1267540 2121
1267550 2107
1267560 2099
1267570 2093
1267580 2088
1267590 2083
1267600 2078
1267610 2073
1267620 2068
1267630 2063
1267640 2059
1267650 2055
1267660 2051
1267670 2047
1267680 2044
1267690 2041
1267700 2037
1267710 2034
1267720 2031
1267730 2028
1267740 2024
1267750 2021
1267760 2017
1267770 2014
1267780 2010
1267790 2007
1267800 2004
1267810 2000
1267820 1997
1267830 1994
1267840 1991
1267850 1988
1267860 1984
1267870 1981
1267880 1978
1267890 1975
1267900 1972
1267910 1969
1267920 1966
1267930 1963
1267940 1960
1267950 1958
1267960 1955
1267970 1952
1267980 1949
1267990 1946
1268000 1943
1268010 1940
1268020 1937
1268030 1935
1268040 1932
1268050 1930
1268060 1928
1268070 1927
1268080 1925
1268090 1922
1268100 1920
1268110 1918
1268120 1916
1268130 1914
1268140 1912
1268150 1910
1268160 1909
1268170 1907
1268180 1906
1268190 1905
1268200 1903
1268210 1901
1268220 1900
1268230 1899
1268240 1898
1268250 1897
1268260 1896
1268270 1895
1268280 1894
1268290 1893
1268300 1892
1268310 1892
1268320 1891
1268330 1892
1268340 1893
1268350 1895
1268360 1896
1268370 1898
1268380 1899
1268390 1901
1268400 1902
1268410 1904
1268420 1906
1268430 1908
1268440 1909
1268450 1910
1268460 1911
1268470 1911
1268480 1912
1268490 1912
1268500 1912
1268510 1911
1268520 1910
1268530 1909
1268540 1908
1268550 1907
1268560 1907
1268570 1908
1268580 1909
1268590 1909
1268600 1910
1268610 1910
1268620 1910
1268630 1911
1268640 1912
1268650 1912
1268660 1912
1268670 1911
1268680 1911
1268690 1910
1268700 1909
1268710 1909
1268720 1910
1268730 1911
1268740 1911
1268750 1910
1268760 1910
1268770 1910
1268780 1910
1268790 1910
1268800 1911
1268810 1913
1268820 1915
1268830 1918
1268840 1921
1268850 1924
1268860 1927
1268870 1930
1268880 1933
1268890 1936
1268900 1940
1268910 1943
1268920 1946
1268930 1948
1268940 1951
1268950 1951
1268960 1951
1268970 1949
1268980 1948
1268990 1945
1269000 1942
1269010 1938
1269020 1939
1269030 1942
1269040 1941
1269050 1942
1269060 1943
1269070 1944
1269080 1943
1269090 1942
1269100 1941
1269110 1940
1269120 1940
1269130 1939
1269140 1938
1269150 1937
1269160 1935
1269170 1934
1269180 1934
1269190 1933
1269200 1932
1269210 1931
1269220 1930
1269230 1929
1269240 1929
1269250 1928
1269260 1927
1269270 1926
1269280 1925
1269290 1925
1269300 1926
1269310 1926
1269320 1928
1269330 1929
1269340 1930
1269350 1930
1269360 1930
1269370 1932
1269380 1934
1269390 1935
1269400 1938
1269410 1941
1269420 1942
1269430 1942
1269440 1943
1269450 1944
1269460 1944
1269470 1945
1269480 1946
1269490 1947
1269500 1949
1269510 1952
1269520 1953
1269530 1955
1269540 1957
1269550 1958
1269560 1960
1269570 1962
1269580 1964
1269590 1966
1269600 1967
1269610 1970
1269620 1972
1269630 1974
1269640 1976
1269650 1978
1269660 1980
1269670 1982
1269680 1983
1269690 1984
1269700 1986
1269710 1988
1269720 1990
1269730 1992
1269740 1995
1269750 1998
1269760 2001
1269770 2005
1269780 2009
1269790 2013
1269800 2017
1269810 2020
1269820 2024
1269830 2029
1269840 2033
1269850 2036
1269860 2039
1269870 2042
1269880 2046
1269890 2049
1269900 2053
1269910 2057
1269920 2061
1269930 2064
1269940 2068
1269950 2071
1269960 2075
1269970 2080
1269980 2084
1269990 2088
1270000 2093
1270010 2097
1270020 2099
1270030 2101
1270040 2102
1270050 2102
1270060 2102
1270070 2101
1270080 2099
1270090 2096
1270100 2092
1270110 2088
1270120 2084
1270130 2080
1270140 2076
1270150 2072
1270160 2069
1270170 2067
1270180 2064
1270190 2061
1270200 2057
1270210 2054
1270220 2050
1270230 2047
1270240 2044
1270250 2042
1270260 2040
1270270 2038
1270280 2036
1270290 2034
1270300 2033
1270310 2031
1270320 2029
1270330 2026
1270340 2025
1270350 2025
1270360 2026
1270370 2027
1270380 2028
1270390 2029
1270400 2029
1270410 2027
1270420 2025
1270430 2021
1270440 2018
1270450 2016
1270460 2014
1270470 2011
1270480 2008
1270490 2005
1270500 2002
1270510 1999
1270520 1996
1270530 1993
1270540 1991
1270550 1990
1270560 1988
1270570 1986
1270580 1985
1270590 1983
1270600 1980
1270610 1979
1270620 1981
1270630 1982
1270640 1983
1270650 1984
1270660 1985
1270670 1986
1270680 1987
1270690 1988
1270700 1990
1270710 1992
1270720 1995
1270730 1997
1270740 1999
1270750 2000
1270760 2001
1270770 2001
1270780 2001
1270790 2001
1270800 2001
1270810 2000
1270820 1998
1270830 1996
1270840 1993
1270850 1991
1270860 1988
1270870 1985
1270880 1981
1270890 1979
1270900 1977
1270910 1975
1270920 1974
1270930 1973
1270940 1972
1270950 1971
1270960 1969
1270970 1968
1270980 1968
1270990 1967
1271000 1965
1271010 1960
1271020 1956
1271030 1958
1271040 1961
1271050 1964
1271060 1965
1271070 1966
1271080 1967
1271090 1967
1271100 1966
1271110 1966
1271120 1965
1271130 1965
1271140 1965
1271150 1965
1271160 1964
1271170 1963
1271180 1962
1271190 1960
1271200 1957
1271210 1955
1271220 1953
1271230 1950
1271240 1948
1271250 1948
1271260 1946
1271270 1943
1271280 1940
1271290 1935
1271300 1934
1271310 1938
1271320 1940
1271330 1941
1271340 1940
1271350 1939
1271360 1936
1271370 1933
1271380 1930
1271390 1928
1271400 1926
1271410 1927
1271420 1930
1271430 1933
1271440 1937
1271450 1940
1271460 1943
1271470 1947
1271480 1951
1271490 1954
1271500 1955
1271510 1957
1271520 1960
1271530 1965
1271540 1969
1271550 1973
1271560 1976
1271570 1978
1271580 1981
1271590 1984
1271600 1987
1271610 1990
1271620 1993
1271630 1995
1271640 1998
1271650 2002
1271660 2005
1271670 2008
1271680 2011
1271690 2016
1271700 2020
1271710 2023
1271720 2027
1271730 2030
1271740 2033
1271750 2035
1271760 2036
1271770 2037
1271780 2039
1271790 2042
1271800 2044
1271810 2046
1271820 2048
1271830 2050
1271840 2053
1271850 2056
1271860 2060
1271870 2064
1271880 2067
1271890 2070
1271900 2073
1271910 2075
1271920 2077
1271930 2078
1271940 2079
1271950 2080
1271960 2082
1271970 2084
1271980 2087
1271990 2091
1272000 2095
1272010 2100
1272020 2104
1272030 2107
1272040 2109
1272050 2112
1272060 2115
1272070 2118
1272080 2122
1272090 2125
1272100 2129
1272110 2132
1272120 2135
1272130 2139
1272140 2143
1272150 2147
1272160 2150
1272170 2152
1272180 2156
1272190 2159
1272200 2163
1272210 2167
1272220 2171
1272230 2174
1272240 2178
1272250 2182
1272260 2186
1272270 2189
1272280 2192
1272290 2195
1272300 2198
1272310 2201
1272320 2204
1272330 2209
1272340 2212
1272350 2215
1272360 2213
1272370 2212
1272380 2210
1272390 2209
1272400 2208
1272410 2208
1272420 2209
1272430 2209
1272440 2211
1272450 2214
1272460 2216
1272470 2217
1272480 2217
1272490 2218
1272500 2219
1272510 2220
1272520 2221
1272530 2222
1272540 2223
1272550 2224
1272560 2227
1272570 2230
1272580 2232
1272590 2235
1272600 2237
1272610 2238
1272620 2235
1272630 2232
1272640 2229
1272650 2227
1272660 2225
1272670 2224
1272680 2224
1272690 2224
1272700 2226
1272710 2228
1272720 2230
1272730 2232
1272740 2235
1272750 2236
1272760 2237
1272770 2238
1272780 2239
1272790 2240
1272800 2242
1272810 2243
1272820 2245
1272830 2247
1272840 2250
1272850 2251
1272860 2251
1272870 2252
1272880 2252
1272890 2254
1272900 2256
1272910 2257
1272920 2258
1272930 2260
1272940 2261
1272950 2262
