1266900 2376
1266910 2373
1266920 2370
1266930 2367
1266940 2364
1266950 2361
1266960 2358
1266970 2357
1266980 2356
1266990 2355
1267000 2350
1267010 2345
1267020 2340
1267030 2335
1267040 2327
1267050 2319
1267060 2313
1267070 2308
1267080 2303
1267090 2300
1267100 2295
1267110 2291
1267120 2287
1267130 2283
1267140 2279
1267150 2276
1267160 2272
1267170 2267
1267180 2262
1267190 2258
1267200 2254
1267210 2250
1267220 2246
1267230 2244
1267240 2243
1267250 2241
1267260 2238
1267270 2235
1267280 2230
1267290 2226
1267300 2222
1267310 2218
1267320 2216
1267330 2213
1267340 2211
1267350 2207
1267360 2202
1267370 2197
1267380 2192
1267390 2187
1267400 2182
1267410 2177
1267420 2174
1267430 2171
1267440 2168
1267450 2166
1267460 2162
1267470 2158
1267480 2155
1267490 2150
1267500 2145
1267510 2140
1267520 2135
1267530 2130
1267540 2126
1267550 2121
1267560 2117
1267570 2112
1267580 2107
1267590 2103
1267600 2097
1267610 2093
1267620 2088
1267630 2084
1267640 2079
1267650 2075
1267660 2071
1267670 2067
1267680 2064
1267690 2060
1267700 2056
1267710 2052
1267720 2048
1267730 2044
1267740 2040
1267750 2037
1267760 2033
1267770 2029
1267780 2026
1267790 2024
1267800 2022
1267810 2021
1267820 2020
1267830 2019
1267840 2018
1267850 2016
1267860 2014
1267870 2012
1267880 2008
1267890 2005
1267900 2001
1267910 1997
1267920 1993
1267930 1989
1267940 1986
1267950 1983
1267960 1980
1267970 1977
1267980 1974
1267990 1972
1268000 1971
1268010 1970
1268020 1971
1268030 1971
1268040 1971
1268050 1971
1268060 1971
1268070 1970
1268080 1969
1268090 1969
1268100 1969
1268110 1968
1268120 1966
1268130 1964
1268140 1961
1268150 1959
1268160 1956
1268170 1954
1268180 1952
1268190 1952
1268200 1951
1268210 1950
1268220 1949
1268230 1948
1268240 1947
1268250 1946
1268260 1945
1268270 1943
1268280 1942
1268290 1941
1268300 1940
1268310 1939
1268320 1938
1268330 1937
1268340 1936
1268350 1935
1268360 1936
1268370 1936
1268380 1936
1268390 1937
1268400 1937
1268410 1937
1268420 1936
1268430 1935
1268440 1935
1268450 1934
1268460 1934
1268470 1934
1268480 1934
1268490 1934
1268500 1934
1268510 1935
1268520 1936
1268530 1938
1268540 1940
1268550 1942
1268560 1945
1268570 1950
1268580 1956
1268590 1958
1268600 1959
1268610 1960
1268620 1960
1268630 1961
1268640 1961
1268650 1963
1268660 1965
1268670 1967
1268680 1968
1268690 1971
1268700 1975
1268710 1979
1268720 1983
1268730 1987
1268740 1991
1268750 1994
1268760 1997
1268770 1997
1268780 1996
1268790 1994
1268800 1991
1268810 1988
1268820 1985
1268830 1983
1268840 1982
1268850 1981
1268860 1980
1268870 1979
1268880 1978
1268890 1978
1268900 1979
1268910 1981
1268920 1983
1268930 1984
1268940 1984
1268950 1984
1268960 1983
1268970 1982
1268980 1982
1268990 1982
1269000 1982
1269010 1982
1269020 1982
1269030 1982
1269040 1982
1269050 1982
1269060 1982
1269070 1983
1269080 1983
1269090 1983
1269100 1982
1269110 1980
1269120 1984
1269130 1986
1269140 1988
1269150 1990
1269160 1993
1269170 1997
1269180 2004
1269190 2005
1269200 2003
1269210 2002
1269220 2003
1269230 2005
1269240 2008
1269250 2010
1269260 2011
1269270 2012
1269280 2014
1269290 2015
1269300 2017
1269310 2018
1269320 2019
1269330 2019
1269340 2019
1269350 2020
1269360 2020
1269370 2019
1269380 2019
1269390 2020
1269400 2021
1269410 2021
1269420 2022
1269430 2023
1269440 2023
1269450 2023
1269460 2024
1269470 2024
1269480 2025
1269490 2026
1269500 2027
1269510 2029
1269520 2031
1269530 2033
1269540 2034
1269550 2035
1269560 2035
1269570 2038
1269580 2041
1269590 2046
1269600 2050
1269610 2054
1269620 2057
1269630 2060
1269640 2062
1269650 2064
1269660 2066
1269670 2068
1269680 2069
1269690 2070
1269700 2070
1269710 2070
1269720 2070
1269730 2070
1269740 2070
1269750 2071
1269760 2071
1269770 2072
1269780 2072
1269790 2072
1269800 2072
1269810 2073
1269820 2073
1269830 2073
1269840 2073
1269850 2075
1269860 2076
1269870 2078
1269880 2079
1269890 2081
1269900 2082
1269910 2082
1269920 2082
1269930 2081
1269940 2083
1269950 2086
1269960 2090
1269970 2095
1269980 2099
1269990 2102
1270000 2104
1270010 2105
1270020 2107
1270030 2108
1270040 2108
1270050 2107
1270060 2105
1270070 2103
1270080 2101
1270090 2102
1270100 2102
1270110 2102
1270120 2101
1270130 2099
1270140 2097
1270150 2095
1270160 2094
1270170 2093
1270180 2092
1270190 2094
1270200 2096
1270210 2098
1270220 2097
1270230 2095
1270240 2091
1270250 2085
1270260 2080
1270270 2075
1270280 2069
1270290 2064
1270300 2060
1270310 2056
1270320 2051
1270330 2047
1270340 2043
1270350 2040
1270360 2039
1270370 2038
1270380 2039
1270390 2038
1270400 2036
1270410 2034
1270420 2034
1270430 2034
1270440 2035
1270450 2036
1270460 2037
1270470 2038
1270480 2037
1270490 2036
1270500 2035
1270510 2034
1270520 2033
1270530 2032
1270540 2031
1270550 2029
1270560 2028
1270570 2027
1270580 2027
1270590 2027
1270600 2027
1270610 2025
1270620 2024
1270630 2028
1270640 2029
1270650 2030
1270660 2033
1270670 2034
1270680 2035
1270690 2036
1270700 2035
1270710 2035
1270720 2034
1270730 2032
1270740 2031
1270750 2030
1270760 2027
1270770 2024
1270780 2021
1270790 2016
1270800 2013
1270810 2010
1270820 2008
1270830 2007
1270840 2007
1270850 2008
1270860 2010
1270870 2010
1270880 2010
1270890 2010
1270900 2011
1270910 2014
1270920 2013
1270930 2012
1270940 2011
1270950 2008
1270960 2006
1270970 2005
1270980 2005
1270990 2004
1271000 2003
1271010 2003
1271020 2007
1271030 2010
1271040 2014
1271050 2016
1271060 2018
1271070 2018
1271080 2017
1271090 2017
1271100 2017
1271110 2018
1271120 2019
1271130 2021
1271140 2023
1271150 2025
1271160 2027
1271170 2029
1271180 2031
1271190 2032
1271200 2033
1271210 2035
1271220 2036
1271230 2037
1271240 2039
1271250 2041
1271260 2043
1271270 2047
1271280 2048
1271290 2048
1271300 2048
1271310 2048
1271320 2048
1271330 2047
1271340 2046
1271350 2046
1271360 2046
1271370 2045
1271380 2044
1271390 2043
1271400 2042
1271410 2040
1271420 2037
1271430 2033
1271440 2031
1271450 2030
1271460 2030
1271470 2031
1271480 2032
1271490 2034
1271500 2036
1271510 2038
1271520 2039
1271530 2041
1271540 2042
1271550 2045
1271560 2047
1271570 2048
1271580 2049
1271590 2052
1271600 2054
1271610 2056
1271620 2059
1271630 2062
1271640 2066
1271650 2069
1271660 2071
1271670 2073
1271680 2076
1271690 2078
1271700 2080
1271710 2081
1271720 2081
1271730 2082
1271740 2083
1271750 2086
1271760 2089
1271770 2092
1271780 2096
1271790 2100
1271800 2105
1271810 2110
1271820 2114
1271830 2117
1271840 2120
1271850 2122
1271860 2122
1271870 2123
1271880 2123
1271890 2124
1271900 2126
1271910 2128
1271920 2131
1271930 2133
1271940 2136
1271950 2140
1271960 2144
1271970 2147
1271980 2151
1271990 2154
1272000 2157
1272010 2161
1272020 2164
1272030 2169
1272040 2173
1272050 2177
1272060 2181
1272070 2185
1272080 2189
1272090 2193
1272100 2197
1272110 2200
1272120 2202
1272130 2202
1272140 2203
1272150 2204
1272160 2205
1272170 2206
1272180 2208
1272190 2209
1272200 2211
1272210 2212
1272220 2214
1272230 2217
1272240 2219
1272250 2221
1272260 2224
1272270 2227
1272280 2230
1272290 2234
1272300 2237
1272310 2240
1272320 2243
1272330 2247
1272340 2249
1272350 2252
1272360 2255
1272370 2258
1272380 2261
1272390 2264
1272400 2267
1272410 2269
1272420 2271
