1265260 2879
1265270 2877
1265280 2875
1265290 2873
1265300 2871
1265310 2867
1265320 2863
1265330 2860
1265340 2857
1265350 2855
1265360 2853
1265370 2850
1265380 2846
1265390 2840
1265400 2835
1265410 2816
1265420 2785
1265430 2778
1265440 2772
1265450 2767
1265460 2763
1265470 2759
1265480 2755
1265490 2751
1265500 2747
1265510 2743
1265520 2740
1265530 2736
1265540 2732
1265550 2728
1265560 2721
1265570 2710
1265580 2696
1265590 2692
1265600 2686
1265610 2676
1265620 2670
1265630 2664
1265640 2660
1265650 2656
1265660 2653
1265670 2650
1265680 2648
1265690 2645
1265700 2641
1265710 2637
1265720 2633
1265730 2629
1265740 2625
1265750 2622
1265760 2618
1265770 2615
1265780 2612
1265790 2610
1265800 2609
1265810 2606
1265820 2603
1265830 2601
1265840 2599
1265850 2598
1265860 2596
1265870 2593
1265880 2591
1265890 2588
1265900 2585
1265910 2582
1265920 2580
1265930 2577
1265940 2576
1265950 2574
1265960 2572
1265970 2569
1265980 2567
1265990 2564
1266000 2561
1266010 2557
1266020 2553
1266030 2549
1266040 2545
1266050 2541
1266060 2538
1266070 2534
1266080 2529
1266090 2524
1266100 2517
1266110 2511
1266120 2505
1266130 2498
1266140 2492
1266150 2485
1266160 2478
1266170 2472
1266180 2467
1266190 2463
1266200 2459
1266210 2455
1266220 2452
1266230 2448
1266240 2444
1266250 2440
1266260 2436
1266270 2433
1266280 2429
1266290 2426
1266300 2422
1266310 2419
1266320 2416
1266330 2413
1266340 2411
1266350 2410
1266360 2410
1266370 2413
1266380 2414
1266390 2414
1266400 2415
1266410 2416
1266420 2420
1266430 2425
1266440 2431
1266450 2436
1266460 2441
1266470 2444
1266480 2446
1266490 2444
1266500 2426
1266510 2417
1266520 2411
1266530 2405
1266540 2397
1266550 2390
1266560 2383
1266570 2375
1266580 2367
1266590 2357
1266600 2345
1266610 2333
1266620 2319
1266630 2302
1266640 2294
1266650 2291
1266660 2288
1266670 2285
1266680 2282
1266690 2278
1266700 2274
1266710 2269
1266720 2265
1266730 2261
1266740 2256
1266750 2252
1266760 2247
1266770 2242
1266780 2237
1266790 2231
1266800 2226
1266810 2222
1266820 2216
1266830 2211
1266840 2206
1266850 2201
1266860 2196
1266870 2190
1266880 2185
1266890 2180
1266900 2177
1266910 2173
1266920 2168
1266930 2163
1266940 2157
1266950 2151
1266960 2145
1266970 2140
1266980 2135
1266990 2130
1267000 2125
1267010 2121
1267020 2116
1267030 2110
1267040 2106
1267050 2099
1267060 2093
1267070 2089
1267080 2084
1267090 2079
1267100 2075
1267110 2070
1267120 2065
1267130 2060
1267140 2056
1267150 2052
1267160 2048
1267170 2044
1267180 2040
1267190 2036
1267200 2033
1267210 2029
1267220 2025
1267230 2021
1267240 2016
1267250 2011
1267260 2007
1267270 2002
1267280 1998
1267290 1993
1267300 1989
1267310 1984
1267320 1980
1267330 1976
1267340 1972
1267350 1968
1267360 1964
1267370 1961
1267380 1956
1267390 1951
1267400 1947
1267410 1943
1267420 1938
1267430 1934
1267440 1929
1267450 1925
1267460 1921
1267470 1917
1267480 1914
1267490 1910
1267500 1907
1267510 1904
1267520 1901
1267530 1898
1267540 1895
1267550 1892
1267560 1889
1267570 1886
1267580 1883
1267590 1880
1267600 1877
1267610 1875
1267620 1872
1267630 1868
1267640 1865
1267650 1863
1267660 1860
1267670 1857
1267680 1854
1267690 1851
1267700 1848
1267710 1846
1267720 1843
1267730 1839
1267740 1835
1267750 1831
1267760 1828
1267770 1825
1267780 1822
1267790 1819
1267800 1816
1267810 1813
1267820 1810
1267830 1806
1267840 1803
1267850 1799
1267860 1796
1267870 1793
1267880 1789
1267890 1786
1267900 1783
1267910 1780
1267920 1777
1267930 1775
1267940 1771
1267950 1767
1267960 1763
1267970 1760
1267980 1758
1267990 1756
1268000 1754
1268010 1751
1268020 1749
1268030 1747
1268040 1745
1268050 1742
1268060 1739
1268070 1737
1268080 1735
1268090 1733
1268100 1731
1268110 1728
1268120 1726
1268130 1723
1268140 1721
1268150 1719
1268160 1717
1268170 1715
1268180 1713
1268190 1711
1268200 1709
1268210 1708
1268220 1706
1268230 1704
1268240 1702
1268250 1700
1268260 1698
1268270 1696
1268280 1695
1268290 1693
1268300 1691
1268310 1690
1268320 1688
1268330 1687
1268340 1685
1268350 1684
1268360 1683
1268370 1681
1268380 1679
1268390 1678
1268400 1677
1268410 1675
1268420 1674
1268430 1672
1268440 1670
1268450 1669
1268460 1667
1268470 1666
1268480 1664
1268490 1663
1268500 1661
1268510 1660
1268520 1658
1268530 1657
1268540 1656
1268550 1654
1268560 1652
1268570 1651
1268580 1650
1268590 1649
1268600 1649
1268610 1647
1268620 1647
1268630 1646
1268640 1644
1268650 1643
1268660 1642
1268670 1641
1268680 1641
1268690 1640
1268700 1639
1268710 1638
1268720 1638
1268730 1637
1268740 1636
1268750 1636
1268760 1635
1268770 1634
1268780 1633
1268790 1633
1268800 1632
1268810 1631
1268820 1631
1268830 1631
1268840 1632
1268850 1632
1268860 1633
1268870 1633
1268880 1634
1268890 1634
1268900 1634
1268910 1633
1268920 1634
1268930 1634
1268940 1634
1268950 1634
1268960 1634
1268970 1633
1268980 1633
1268990 1633
1269000 1633
1269010 1634
1269020 1635
1269030 1638
1269040 1640
1269050 1642
1269060 1644
1269070 1645
1269080 1647
1269090 1649
1269100 1652
1269110 1655
1269120 1657
1269130 1659
1269140 1661
1269150 1664
1269160 1667
1269170 1670
1269180 1675
1269190 1680
1269200 1684
1269210 1688
1269220 1691
1269230 1694
1269240 1697
1269250 1700
1269260 1702
1269270 1704
1269280 1705
1269290 1706
1269300 1707
1269310 1708
1269320 1709
1269330 1709
1269340 1710
1269350 1711
1269360 1711
1269370 1710
1269380 1711
1269390 1712
1269400 1713
1269410 1714
1269420 1714
1269430 1715
1269440 1717
1269450 1718
1269460 1718
1269470 1717
1269480 1717
1269490 1716
1269500 1715
1269510 1713
1269520 1712
1269530 1711
1269540 1711
1269550 1712
1269560 1712
1269570 1713
1269580 1713
1269590 1714
1269600 1715
1269610 1715
1269620 1716
1269630 1717
1269640 1717
1269650 1718
1269660 1718
1269670 1718
1269680 1718
1269690 1718
1269700 1719
1269710 1720
1269720 1720
1269730 1721
1269740 1721
1269750 1721
1269760 1722
1269770 1722
1269780 1723
1269790 1724
1269800 1724
1269810 1724
1269820 1725
1269830 1726
1269840 1726
1269850 1726
1269860 1727
1269870 1728
1269880 1731
1269890 1734
1269900 1738
1269910 1741
1269920 1743
1269930 1743
1269940 1743
1269950 1745
1269960 1746
1269970 1748
1269980 1748
1269990 1749
1270000 1749
1270010 1749
1270020 1748
1270030 1747
1270040 1746
1270050 1746
1270060 1746
1270070 1746
1270080 1746
1270090 1747
1270100 1749
1270110 1751
1270120 1753
1270130 1755
1270140 1756
1270150 1757
1270160 1758
1270170 1757
1270180 1757
1270190 1757
1270200 1757
1270210 1756
1270220 1756
1270230 1756
1270240 1756
1270250 1756
1270260 1756
1270270 1756
1270280 1756
1270290 1755
1270300 1754
1270310 1753
1270320 1752
1270330 1752
1270340 1752
1270350 1752
1270360 1752
1270370 1752
1270380 1752
1270390 1752
1270400 1752
1270410 1752
1270420 1753
1270430 1754
1270440 1756
1270450 1760
1270460 1762
1270470 1764
1270480 1764
1270490 1764
1270500 1765
1270510 1765
1270520 1765
1270530 1766
1270540 1767
1270550 1767
1270560 1767
1270570 1767
1270580 1769
1270590 1770
1270600 1770
1270610 1772
1270620 1773
1270630 1775
1270640 1777
1270650 1778
1270660 1780
1270670 1781
1270680 1781
1270690 1781
1270700 1780
1270710 1779
1270720 1779
1270730 1778
1270740 1779
1270750 1779
1270760 1779
1270770 1781
1270780 1782
1270790 1784
1270800 1786
1270810 1789
1270820 1791
1270830 1793
1270840 1796
1270850 1798
1270860 1801
1270870 1803
1270880 1806
1270890 1809
1270900 1812
1270910 1815
1270920 1819
1270930 1822
1270940 1825
1270950 1828
1270960 1832
1270970 1837
1270980 1841
1270990 1845
1271000 1848
1271010 1852
1271020 1856
1271030 1860
1271040 1864
1271050 1868
1271060 1874
1271070 1881
1271080 1887
1271090 1895
1271100 1904
1271110 1914
1271120 1918
1271130 1920
1271140 1918
1271150 1923
1271160 1928
1271170 1933
1271180 1938
1271190 1944
1271200 1951
1271210 1957
1271220 1963
1271230 1970
1271240 1978
1271250 1987
1271260 1994
1271270 1991
1271280 1993
1271290 1998
1271300 2003
1271310 2010
1271320 2018
1271330 2027
1271340 2033
1271350 2041
1271360 2048
1271370 2054
1271380 2058
1271390 2061
1271400 2063
1271410 2064
1271420 2066
1271430 2067
1271440 2068
1271450 2070
1271460 2071
1271470 2072
1271480 2073
1271490 2075
1271500 2076
1271510 2078
1271520 2079
1271530 2081
1271540 2083
1271550 2084
1271560 2086
1271570 2088
1271580 2090
1271590 2093
1271600 2095
1271610 2097
1271620 2101
1271630 2105
1271640 2109
1271650 2112
1271660 2116
1271670 2119
1271680 2122
1271690 2125
1271700 2129
1271710 2132
1271720 2135
1271730 2137
1271740 2139
1271750 2141
1271760 2143
1271770 2146
1271780 2150
1271790 2153
1271800 2157
1271810 2159
1271820 2162
1271830 2166
1271840 2169
1271850 2171
1271860 2171
1271870 2168
1271880 2166
1271890 2162
1271900 2159
1271910 2156
1271920 2152
1271930 2148
1271940 2146
1271950 2144
1271960 2142
1271970 2139
1271980 2136
1271990 2132
1272000 2128
1272010 2123
1272020 2118
1272030 2114
1272040 2110
1272050 2107
1272060 2105
1272070 2101
1272080 2098
1272090 2095
1272100 2090
1272110 2084
1272120 2079
1272130 2073
1272140 2067
1272150 2061
1272160 2054
1272170 2048
1272180 2042
1272190 2035
1272200 2028
1272210 2021
1272220 2016
1272230 2011
1272240 2005
1272250 2000
1272260 1995
1272270 1990
1272280 1985
1272290 1980
1272300 1976
1272310 1972
1272320 1967
1272330 1962
1272340 1956
1272350 1952
1272360 1948
1272370 1945
1272380 1943
1272390 1941
1272400 1939
1272410 1937
1272420 1935
1272430 1933
1272440 1931
1272450 1930
1272460 1928
1272470 1926
1272480 1925
1272490 1924
1272500 1922
1272510 1920
1272520 1917
1272530 1913
1272540 1910
1272550 1906
1272560 1903
1272570 1900
1272580 1896
1272590 1892
1272600 1889
1272610 1885
1272620 1881
1272630 1879
1272640 1876
1272650 1874
1272660 1873
1272670 1870
1272680 1867
1272690 1865
1272700 1863
1272710 1862
1272720 1861
1272730 1860
1272740 1858
1272750 1855
1272760 1852
1272770 1848
1272780 1844
1272790 1841
1272800 1838
1272810 1835
1272820 1832
1272830 1829
1272840 1827
1272850 1825
1272860 1823
1272870 1821
1272880 1818
1272890 1815
1272900 1813
1272910 1812
1272920 1815
1272930 1819
1272940 1823
1272950 1826
1272960 1829
1272970 1832
1272980 1835
1272990 1838
1273000 1842
1273010 1845
1273020 1848
1273030 1850
1273040 1853
1273050 1855
1273060 1858
1273070 1861
1273080 1864
1273090 1866
1273100 1869
1273110 1872
1273120 1874
1273130 1877
1273140 1879
1273150 1881
1273160 1884
1273170 1886
1273180 1888
1273190 1890
1273200 1891
1273210 1892
1273220 1893
1273230 1896
1273240 1899
1273250 1901
1273260 1904
1273270 1907
1273280 1910
1273290 1914
1273300 1918
1273310 1921
1273320 1924
1273330 1928
1273340 1931
1273350 1936
1273360 1940
1273370 1944
1273380 1947
1273390 1951
1273400 1954
1273410 1957
1273420 1960
1273430 1962
1273440 1963
1273450 1964
1273460 1965
1273470 1966
1273480 1967
1273490 1968
1273500 1970
1273510 1972
1273520 1975
1273530 1978
1273540 1981
1273550 1984
1273560 1987
1273570 1991
1273580 1994
1273590 1998
1273600 2002
1273610 2006
1273620 2009
1273630 2012
1273640 2015
1273650 2017
1273660 2020
1273670 2022
1273680 2024
1273690 2027
1273700 2030
1273710 2033
1273720 2036
1273730 2039
1273740 2043
1273750 2046
1273760 2051
1273770 2055
1273780 2059
1273790 2063
1273800 2066
1273810 2069
1273820 2071
1273830 2074
1273840 2076
1273850 2079
1273860 2082
1273870 2086
1273880 2089
1273890 2092
1273900 2095
1273910 2098
1273920 2101
1273930 2103
1273940 2105
1273950 2106
1273960 2108
1273970 2110
1273980 2111
1273990 2111
1274000 2112
1274010 2113
1274020 2117
1274030 2120
1274040 2122
1274050 2125
1274060 2127
1274070 2129
1274080 2130
1274090 2132
1274100 2133
1274110 2133
