1265500 2804
1265510 2802
1265520 2800
1265530 2798
1265540 2797
1265550 2796
1265560 2796
1265570 2796
1265580 2796
1265590 2797
1265600 2797
1265610 2796
1265620 2794
1265630 2792
1265640 2789
1265650 2785
1265660 2782
1265670 2779
1265680 2776
1265690 2773
1265700 2769
1265710 2763
1265720 2761
1265730 2758
1265740 2754
1265750 2751
1265760 2746
1265770 2740
1265780 2734
1265790 2727
1265800 2719
1265810 2710
1265820 2692
1265830 2675
1265840 2663
1265850 2651
1265860 2643
1265870 2638
1265880 2633
1265890 2627
1265900 2620
1265910 2615
1265920 2610
1265930 2605
1265940 2600
1265950 2596
1265960 2592
1265970 2588
1265980 2581
1265990 2573
1266000 2566
1266010 2561
1266020 2556
1266030 2549
1266040 2544
1266050 2538
1266060 2533
1266070 2528
1266080 2523
1266090 2518
1266100 2513
1266110 2508
1266120 2503
1266130 2497
1266140 2493
1266150 2489
1266160 2484
1266170 2480
1266180 2475
1266190 2471
1266200 2467
1266210 2464
1266220 2460
1266230 2457
1266240 2454
1266250 2450
1266260 2446
1266270 2443
1266280 2439
1266290 2435
1266300 2431
1266310 2427
1266320 2423
1266330 2420
1266340 2417
1266350 2413
1266360 2409
1266370 2405
1266380 2401
1266390 2397
1266400 2393
1266410 2389
1266420 2385
1266430 2381
1266440 2377
1266450 2373
1266460 2369
1266470 2365
1266480 2361
1266490 2357
1266500 2352
1266510 2348
1266520 2344
1266530 2340
1266540 2336
1266550 2332
1266560 2329
1266570 2325
1266580 2322
1266590 2319
1266600 2316
1266610 2313
1266620 2310
1266630 2307
1266640 2303
1266650 2300
1266660 2296
1266670 2291
1266680 2286
1266690 2282
1266700 2281
1266710 2279
1266720 2276
1266730 2274
1266740 2275
1266750 2279
1266760 2281
1266770 2281
1266780 2281
1266790 2285
1266800 2279
1266810 2265
1266820 2243
1266830 2234
1266840 2228
1266850 2224
1266860 2218
1266870 2213
1266880 2207
1266890 2203
1266900 2198
1266910 2192
1266920 2187
1266930 2181
1266940 2177
1266950 2173
1266960 2168
1266970 2163
1266980 2159
1266990 2153
1267000 2148
1267010 2142
1267020 2136
1267030 2130
1267040 2124
1267050 2119
1267060 2114
1267070 2110
1267080 2107
1267090 2104
1267100 2100
1267110 2097
1267120 2093
1267130 2090
1267140 2087
1267150 2084
1267160 2081
1267170 2078
1267180 2074
1267190 2071
1267200 2068
1267210 2063
1267220 2057
1267230 2051
1267240 2046
1267250 2040
1267260 2034
1267270 2029
1267280 2025
1267290 2021
1267300 2017
1267310 2013
1267320 2009
1267330 2008
1267340 2006
1267350 2005
1267360 2005
1267370 2004
1267380 2002
1267390 1998
1267400 1995
1267410 1992
1267420 1987
1267430 1984
1267440 1981
1267450 1977
1267460 1973
1267470 1969
1267480 1965
1267490 1961
1267500 1958
1267510 1954
1267520 1950
1267530 1946
1267540 1942
1267550 1939
1267560 1936
1267570 1932
1267580 1928
1267590 1924
1267600 1921
1267610 1917
1267620 1913
1267630 1909
1267640 1905
1267650 1901
1267660 1896
1267670 1892
1267680 1888
1267690 1883
1267700 1878
1267710 1874
1267720 1870
1267730 1865
1267740 1860
1267750 1856
1267760 1852
1267770 1847
1267780 1844
1267790 1841
1267800 1838
1267810 1835
1267820 1832
1267830 1829
1267840 1826
1267850 1824
1267860 1821
1267870 1817
1267880 1814
1267890 1810
1267900 1807
1267910 1804
1267920 1801
1267930 1798
1267940 1794
1267950 1791
1267960 1788
1267970 1785
1267980 1782
1267990 1779
1268000 1777
1268010 1774
1268020 1771
1268030 1769
1268040 1766
1268050 1763
1268060 1760
1268070 1757
1268080 1754
1268090 1752
1268100 1749
1268110 1746
1268120 1743
1268130 1740
1268140 1737
1268150 1734
1268160 1732
1268170 1729
1268180 1727
1268190 1724
1268200 1722
1268210 1719
1268220 1717
1268230 1714
1268240 1711
1268250 1709
1268260 1707
1268270 1705
1268280 1703
1268290 1701
1268300 1700
1268310 1698
1268320 1696
1268330 1694
1268340 1692
1268350 1690
1268360 1689
1268370 1688
1268380 1687
1268390 1686
1268400 1684
1268410 1684
1268420 1684
1268430 1682
1268440 1681
1268450 1680
1268460 1679
1268470 1677
1268480 1676
1268490 1676
1268500 1675
1268510 1674
1268520 1673
1268530 1672
1268540 1671
1268550 1670
1268560 1669
1268570 1668
1268580 1667
1268590 1666
1268600 1665
1268610 1664
1268620 1663
1268630 1663
1268640 1662
1268650 1662
1268660 1661
1268670 1661
1268680 1660
1268690 1659
1268700 1658
1268710 1657
1268720 1657
1268730 1656
1268740 1655
1268750 1653
1268760 1653
1268770 1653
1268780 1655
1268790 1657
1268800 1658
1268810 1656
1268820 1654
1268830 1653
1268840 1654
1268850 1656
1268860 1657
1268870 1659
1268880 1660
1268890 1662
1268900 1664
1268910 1665
1268920 1668
1268930 1671
1268940 1674
1268950 1677
1268960 1680
1268970 1682
1268980 1684
1268990 1685
1269000 1686
1269010 1689
1269020 1692
1269030 1697
1269040 1701
1269050 1704
1269060 1708
1269070 1712
1269080 1715
1269090 1718
1269100 1722
1269110 1725
1269120 1728
1269130 1731
1269140 1733
1269150 1734
1269160 1733
1269170 1732
1269180 1731
1269190 1731
1269200 1734
1269210 1737
1269220 1738
1269230 1739
1269240 1739
1269250 1741
1269260 1743
1269270 1745
1269280 1748
1269290 1749
1269300 1750
1269310 1750
1269320 1753
1269330 1756
1269340 1758
1269350 1760
1269360 1762
1269370 1763
1269380 1763
1269390 1764
1269400 1764
1269410 1765
1269420 1766
1269430 1766
1269440 1766
1269450 1764
1269460 1763
1269470 1762
1269480 1760
1269490 1759
1269500 1758
1269510 1758
1269520 1757
1269530 1756
1269540 1755
1269550 1754
1269560 1753
1269570 1751
1269580 1750
1269590 1749
1269600 1748
1269610 1748
1269620 1748
1269630 1749
1269640 1748
1269650 1747
1269660 1747
1269670 1747
1269680 1746
1269690 1745
1269700 1744
1269710 1743
1269720 1742
1269730 1742
1269740 1741
1269750 1741
1269760 1740
1269770 1740
1269780 1739
1269790 1740
1269800 1739
1269810 1739
1269820 1739
1269830 1739
1269840 1739
1269850 1740
1269860 1741
1269870 1741
1269880 1742
1269890 1741
1269900 1741
1269910 1741
1269920 1742
1269930 1743
1269940 1745
1269950 1746
1269960 1748
1269970 1748
1269980 1748
1269990 1748
1270000 1747
1270010 1746
1270020 1745
1270030 1744
1270040 1743
1270050 1743
1270060 1743
1270070 1743
1270080 1743
1270090 1743
1270100 1743
1270110 1743
1270120 1743
1270130 1743
1270140 1744
1270150 1744
1270160 1744
1270170 1744
1270180 1744
1270190 1744
1270200 1744
1270210 1744
1270220 1745
1270230 1745
1270240 1745
1270250 1745
1270260 1746
1270270 1746
1270280 1746
1270290 1746
1270300 1747
1270310 1747
1270320 1747
1270330 1747
1270340 1747
1270350 1747
1270360 1747
1270370 1747
1270380 1747
1270390 1747
1270400 1747
1270410 1747
1270420 1747
1270430 1747
1270440 1747
1270450 1747
1270460 1750
1270470 1753
1270480 1756
1270490 1756
1270500 1756
1270510 1756
1270520 1756
1270530 1757
1270540 1758
1270550 1758
1270560 1759
1270570 1758
1270580 1759
1270590 1759
1270600 1759
1270610 1759
1270620 1760
1270630 1760
1270640 1760
1270650 1761
1270660 1762
1270670 1763
1270680 1764
1270690 1765
1270700 1766
1270710 1767
1270720 1767
1270730 1767
1270740 1768
1270750 1769
1270760 1771
1270770 1771
1270780 1772
1270790 1772
1270800 1772
1270810 1773
1270820 1773
1270830 1774
1270840 1775
1270850 1777
1270860 1778
1270870 1780
1270880 1782
1270890 1783
1270900 1786
1270910 1790
1270920 1793
1270930 1797
1270940 1800
1270950 1803
1270960 1805
1270970 1808
1270980 1811
1270990 1815
1271000 1818
1271010 1822
1271020 1826
1271030 1830
1271040 1834
1271050 1838
1271060 1842
1271070 1846
1271080 1850
1271090 1854
1271100 1858
1271110 1861
1271120 1864
1271130 1868
1271140 1872
1271150 1877
1271160 1882
1271170 1887
1271180 1891
1271190 1896
1271200 1901
1271210 1906
1271220 1912
1271230 1918
1271240 1924
1271250 1928
1271260 1932
1271270 1937
1271280 1942
1271290 1947
1271300 1951
1271310 1956
1271320 1960
1271330 1963
1271340 1968
1271350 1974
1271360 1981
1271370 1985
1271380 1988
1271390 1990
1271400 1995
1271410 2002
1271420 2009
1271430 2018
1271440 2023
1271450 2027
1271460 2030
1271470 2036
1271480 2043
1271490 2050
1271500 2056
1271510 2062
1271520 2068
1271530 2073
1271540 2075
1271550 2077
1271560 2083
1271570 2087
1271580 2092
1271590 2098
1271600 2101
1271610 2104
1271620 2109
1271630 2120
1271640 2130
1271650 2136
1271660 2140
1271670 2144
1271680 2147
1271690 2151
1271700 2155
1271710 2159
1271720 2163
1271730 2167
1271740 2171
1271750 2174
1271760 2178
1271770 2180
1271780 2183
1271790 2186
1271800 2188
1271810 2191
1271820 2193
1271830 2194
1271840 2193
1271850 2193
1271860 2192
1271870 2191
1271880 2190
1271890 2187
1271900 2184
1271910 2181
1271920 2177
1271930 2173
1271940 2168
1271950 2162
1271960 2156
1271970 2149
1271980 2143
1271990 2136
1272000 2129
1272010 2122
1272020 2115
1272030 2108
1272040 2103
1272050 2098
1272060 2094
1272070 2090
1272080 2086
1272090 2082
1272100 2078
1272110 2075
1272120 2073
1272130 2070
1272140 2066
1272150 2062
1272160 2057
1272170 2053
1272180 2049
1272190 2046
1272200 2042
1272210 2038
1272220 2033
1272230 2029
1272240 2024
1272250 2019
1272260 2015
1272270 2010
1272280 2006
1272290 2002
1272300 1997
1272310 1992
1272320 1987
1272330 1982
1272340 1977
1272350 1971
1272360 1968
1272370 1965
1272380 1962
1272390 1961
1272400 1959
1272410 1956
1272420 1955
1272430 1956
1272440 1958
1272450 1958
1272460 1958
1272470 1958
1272480 1957
1272490 1944
1272500 1924
1272510 1920
1272520 1917
1272530 1913
1272540 1911
1272550 1910
1272560 1909
1272570 1909
1272580 1907
1272590 1906
1272600 1905
1272610 1903
1272620 1902
1272630 1901
1272640 1900
1272650 1899
1272660 1898
1272670 1897
1272680 1896
1272690 1895
1272700 1894
1272710 1892
1272720 1891
1272730 1890
1272740 1888
1272750 1886
1272760 1883
1272770 1881
1272780 1879
1272790 1876
1272800 1874
1272810 1871
1272820 1869
1272830 1866
1272840 1863
1272850 1861
1272860 1859
1272870 1856
1272880 1854
1272890 1852
1272900 1850
1272910 1849
1272920 1848
1272930 1846
1272940 1844
1272950 1843
1272960 1843
1272970 1844
1272980 1846
1272990 1848
1273000 1850
1273010 1854
1273020 1856
1273030 1859
1273040 1862
1273050 1865
1273060 1869
1273070 1871
1273080 1874
1273090 1877
1273100 1879
1273110 1882
1273120 1885
1273130 1888
1273140 1890
1273150 1893
1273160 1895
1273170 1897
1273180 1899
1273190 1901
1273200 1903
1273210 1904
1273220 1906
1273230 1908
1273240 1911
1273250 1914
1273260 1918
1273270 1920
1273280 1922
1273290 1923
1273300 1926
1273310 1927
1273320 1929
1273330 1931
1273340 1933
1273350 1936
1273360 1941
1273370 1943
1273380 1945
1273390 1944
1273400 1947
1273410 1951
1273420 1955
1273430 1959
1273440 1962
1273450 1966
1273460 1968
1273470 1970
1273480 1971
1273490 1973
1273500 1976
1273510 1978
1273520 1981
1273530 1985
1273540 1988
1273550 1991
1273560 1995
1273570 2000
1273580 2005
1273590 2010
1273600 2016
1273610 2022
1273620 2025
1273630 2029
1273640 2031
1273650 2035
1273660 2038
1273670 2040
1273680 2043
1273690 2047
1273700 2052
1273710 2056
1273720 2059
1273730 2062
1273740 2064
1273750 2067
1273760 2070
1273770 2074
1273780 2077
1273790 2080
1273800 2084
1273810 2087
1273820 2090
1273830 2092
1273840 2097
1273850 2100
1273860 2102
1273870 2104
1273880 2105
1273890 2106
1273900 2108
1273910 2110
1273920 2113
1273930 2115
1273940 2119
1273950 2122
1273960 2124
1273970 2127
1273980 2130
1273990 2133
1274000 2133
1274010 2134
