1261790 2803
1261800 2802
1261810 2800
1261820 2797
1261830 2792
1261840 2786
1261850 2782
1261860 2777
1261870 2773
1261880 2769
1261890 2764
1261900 2758
1261910 2750
1261920 2741
1261930 2730
1261940 2724
1261950 2718
1261960 2711
1261970 2704
1261980 2700
1261990 2696
1262000 2691
1262010 2689
1262020 2688
1262030 2685
1262040 2678
1262050 2672
1262060 2666
1262070 2663
1262080 2659
1262090 2655
1262100 2651
1262110 2648
1262120 2647
1262130 2649
1262140 2650
1262150 2650
1262160 2648
1262170 2647
1262180 2646
1262190 2646
1262200 2646
1262210 2646
1262220 2646
1262230 2646
1262240 2647
1262250 2649
1262260 2650
1262270 2651
1262280 2652
1262290 2652
1262300 2652
1262310 2651
1262320 2653
1262330 2655
1262340 2657
1262350 2659
1262360 2664
1262370 2670
1262380 2677
1262390 2683
1262400 2689
1262410 2697
1262420 2708
1262430 2722
1262440 2738
1262450 2752
1262460 2762
1262470 2766
1262480 2772
1262490 2780
1262500 2790
1262510 2799
1262520 2808
1262530 2814
1265150 2834
1265160 2832
1265170 2830
1265180 2828
1265190 2825
1265200 2824
1265210 2822
1265220 2821
1265230 2820
1265240 2819
1265250 2818
1265260 2818
1265270 2818
1265280 2819
1265290 2821
1265300 2822
1265310 2822
1265320 2822
1265330 2822
1265340 2820
1265350 2817
1265360 2813
1265370 2809
1265380 2806
1265390 2803
1265400 2800
1265410 2797
1265420 2796
1265430 2795
1265440 2793
1265450 2792
1265460 2791
1265470 2790
1265480 2789
1265490 2788
1265500 2788
1265510 2787
1265520 2786
1265530 2784
1265540 2782
1265550 2781
1265560 2780
1265570 2780
1265580 2778
1265590 2775
1265600 2775
1265610 2771
1265620 2768
1265630 2767
1265640 2762
1265650 2760
1265660 2762
1265670 2757
1265680 2750
1265690 2743
1265700 2740
1265710 2737
1265720 2735
1265730 2734
1265740 2732
1265750 2730
1265760 2728
1265770 2726
1265780 2725
1265790 2724
1265800 2723
1265810 2721
1265820 2719
1265830 2717
1265840 2716
1265850 2714
1265860 2689
1265870 2666
1265880 2645
1265890 2637
1265900 2629
1265910 2622
1265920 2617
1265930 2612
1265940 2608
1265950 2607
1265960 2605
1265970 2602
1265980 2599
1265990 2598
1266000 2599
1266010 2601
1266020 2600
1266030 2599
1266040 2596
1266050 2591
1266060 2587
1266070 2584
1266080 2579
1266090 2574
1266100 2570
1266110 2567
1266120 2565
1266130 2566
1266140 2573
1266150 2576
1266160 2578
1266170 2579
1266180 2584
1266190 2588
1266200 2591
1266210 2590
1266220 2585
1266230 2577
1266240 2571
1266250 2570
1266260 2577
1266270 2584
1266280 2592
1266290 2600
1266300 2604
1266310 2610
1266320 2616
1266330 2614
1266340 2615
1266350 2617
1266360 2619
1266370 2622
1266380 2626
1266390 2633
1266400 2634
1266410 2619
1266420 2582
1266430 2567
1266440 2556
1266450 2547
1266460 2519
1266470 2496
1266480 2479
1266490 2469
1266500 2460
1266510 2451
1266520 2437
1266530 2427
1266540 2421
1266550 2417
1266560 2413
1266570 2408
1266580 2404
1266590 2399
1266600 2394
1266610 2389
1266620 2383
1266630 2378
1266640 2373
1266650 2369
1266660 2365
1266670 2361
1266680 2357
1266690 2352
1266700 2348
1266710 2343
1266720 2338
1266730 2333
1266740 2328
1266750 2323
1266760 2318
1266770 2313
1266780 2307
1266790 2302
1266800 2297
1266810 2291
1266820 2286
1266830 2282
1266840 2275
1266850 2266
1266860 2254
1266870 2251
1266880 2247
1266890 2242
1266900 2236
1266910 2230
1266920 2225
1266930 2219
1266940 2211
1266950 2203
1266960 2194
1266970 2186
1266980 2181
1266990 2184
1267000 2181
1267010 2178
1267020 2179
1267030 2176
1267040 2172
1267050 2165
1267060 2159
1267070 2153
1267080 2148
1267090 2143
1267100 2138
1267110 2133
1267120 2127
1267130 2118
1267140 2110
1267150 2109
1267160 2109
1267170 2107
1267180 2104
1267190 2102
1267200 2099
1267210 2097
1267220 2094
1267230 2091
1267240 2088
1267250 2085
1267260 2082
1267270 2080
1267280 2077
1267290 2074
1267300 2071
1267310 2068
1267320 2065
1267330 2062
1267340 2058
1267350 2055
1267360 2052
1267370 2048
1267380 2046
1267390 2043
1267400 2039
1267410 2036
1267420 2033
1267430 2030
1267440 2028
1267450 2025
1267460 2021
1267470 2019
1267480 2016
1267490 2014
1267500 2011
1267510 2008
1267520 2005
1267530 2002
1267540 1999
1267550 1996
1267560 1993
1267570 1990
1267580 1988
1267590 1986
1267600 1985
1267610 1983
1267620 1982
1267630 1979
1267640 1976
1267650 1973
1267660 1969
1267670 1964
1267680 1960
1267690 1957
1267700 1953
1267710 1949
1267720 1945
1267730 1941
1267740 1937
1267750 1931
1267760 1927
1267770 1922
1267780 1919
1267790 1917
1267800 1915
1267810 1914
1267820 1913
1267830 1911
1267840 1909
1267850 1908
1267860 1908
1267870 1907
1267880 1904
1267890 1900
1267900 1896
1267910 1891
1267920 1887
1267930 1882
1267940 1877
1267950 1872
1267960 1866
1267970 1859
1267980 1853
1267990 1847
1268000 1841
1268010 1835
1268020 1831
1268030 1827
1268040 1823
1268050 1820
1268060 1817
1268070 1814
1268080 1811
1268090 1808
1268100 1804
1268110 1800
1268120 1797
1268130 1792
1268140 1788
1268150 1784
1268160 1780
1268170 1775
1268180 1770
1268190 1764
1268200 1759
1268210 1755
1268220 1750
1268230 1746
1268240 1740
1268250 1733
1268260 1724
1268270 1716
1268280 1707
1268290 1694
1268300 1687
1268310 1682
1268320 1680
1268330 1678
1268340 1676
1268350 1674
1268360 1671
1268370 1668
1268380 1665
1268390 1663
1268400 1661
1268410 1660
1268420 1659
1268430 1657
1268440 1656
1268450 1655
1268460 1654
1268470 1653
1268480 1651
1268490 1650
1268500 1649
1268510 1647
1268520 1646
1268530 1645
1268540 1644
1268550 1643
1268560 1643
1268570 1641
1268580 1641
1268590 1640
1268600 1639
1268610 1638
1268620 1637
1268630 1635
1268640 1634
1268650 1633
1268660 1632
1268670 1631
1268680 1630
1268690 1629
1268700 1628
1268710 1627
1268720 1626
1268730 1625
1268740 1624
1268750 1623
1268760 1622
1268770 1622
1268780 1621
1268790 1620
1268800 1619
1268810 1618
1268820 1618
1268830 1616
1268840 1615
1268850 1615
1268860 1615
1268870 1614
1268880 1613
1268890 1611
1268900 1610
1268910 1610
1268920 1609
1268930 1608
1268940 1607
1268950 1607
1268960 1606
1268970 1606
1268980 1605
1268990 1605
1269000 1605
1269010 1604
1269020 1604
1269030 1604
1269040 1604
1269050 1603
1269060 1604
1269070 1606
1269080 1607
1269090 1608
1269100 1609
1269110 1608
1269120 1607
1269130 1606
1269140 1606
1269150 1606
1269160 1605
1269170 1604
1269180 1603
1269190 1602
1269200 1601
1269210 1601
1269220 1601
1269230 1602
1269240 1602
1269250 1602
1269260 1602
1269270 1602
1269280 1603
1269290 1604
1269300 1606
1269310 1609
1269320 1610
1269330 1611
1269340 1613
1269350 1616
1269360 1620
1269370 1623
1269380 1627
1269390 1632
1269400 1636
1269410 1641
1269420 1645
1269430 1650
1269440 1653
1269450 1657
1269460 1660
1269470 1662
1269480 1664
1269490 1664
1269500 1665
1269510 1667
1269520 1668
1269530 1669
1269540 1669
1269550 1670
1269560 1670
1269570 1670
1269580 1670
1269590 1671
1269600 1671
1269610 1672
1269620 1673
1269630 1674
1269640 1675
1269650 1677
1269660 1678
1269670 1680
1269680 1681
1269690 1682
1269700 1683
1269710 1684
1269720 1685
1269730 1686
1269740 1688
1269750 1690
1269760 1691
1269770 1692
1269780 1694
1269790 1696
1269800 1696
1269810 1697
1269820 1697
1269830 1698
1269840 1698
1269850 1699
1269860 1700
1269870 1700
1269880 1699
1269890 1699
1269900 1699
1269910 1699
1269920 1700
1269930 1700
1269940 1700
1269950 1701
1269960 1703
1269970 1704
1269980 1706
1269990 1707
1270000 1707
1270010 1708
1270020 1708
1270030 1710
1270040 1712
1270050 1713
1270060 1715
1270070 1716
1270080 1718
1270090 1721
1270100 1723
1270110 1725
1270120 1727
1270130 1729
1270140 1731
1270150 1732
1270160 1734
1270170 1735
1270180 1737
1270190 1738
1270200 1739
1270210 1739
1270220 1740
1270230 1740
1270240 1741
1270250 1741
1270260 1742
1270270 1742
1270280 1742
1270290 1742
1270300 1743
1270310 1743
1270320 1744
1270330 1745
1270340 1747
1270350 1748
1270360 1749
1270370 1750
1270380 1752
1270390 1754
1270400 1757
1270410 1759
1270420 1761
1270430 1762
1270440 1765
1270450 1767
1270460 1770
1270470 1773
1270480 1777
1270490 1780
1270500 1782
1270510 1785
1270520 1789
1270530 1793
1270540 1797
1270550 1801
1270560 1804
1270570 1808
1270580 1813
1270590 1818
1270600 1824
1270610 1829
1270620 1833
1270630 1837
1270640 1841
1270650 1844
1270660 1848
1270670 1852
1270680 1857
1270690 1861
1270700 1866
1270710 1870
1270720 1874
1270730 1878
1270740 1881
1270750 1884
1270760 1887
1270770 1889
1270780 1893
1270790 1898
1270800 1901
1270810 1904
1270820 1906
1270830 1908
1270840 1911
1270850 1916
1270860 1922
1270870 1928
1270880 1932
1270890 1937
1270900 1940
1270910 1943
1270920 1947
1270930 1951
1270940 1954
1270950 1957
1270960 1960
1270970 1963
1270980 1966
1270990 1968
1271000 1971
1271010 1973
1271020 1975
1271030 1976
1271040 1977
1271050 1978
1271060 1979
1271070 1979
1271080 1981
1271090 1982
1271100 1983
1271110 1985
1271120 1986
1271130 1987
1271140 1988
1271150 1988
1271160 1990
1271170 1990
1271180 1990
1271190 1992
1271200 1993
1271210 1994
1271220 1996
1271230 1997
1271240 1999
1271250 2001
1271260 2003
1271270 2006
1271280 2008
1271290 2009
1271300 2011
1271310 2012
1271320 2013
1271330 2015
1271340 2018
1271350 2021
1271360 2024
1271370 2027
1271380 2029
1271390 2032
1271400 2034
1271410 2038
1271420 2042
1271430 2045
1271440 2049
1271450 2054
1271460 2059
1271470 2064
1271480 2068
1271490 2072
1271500 2076
1271510 2079
1271520 2083
1271530 2086
1271540 2089
1271550 2093
1271560 2097
1271570 2102
1271580 2107
1271590 2110
1271600 2112
1271610 2114
1271620 2116
1271630 2118
1271640 2120
1271650 2121
1271660 2123
1271670 2126
1271680 2130
1271690 2132
1271700 2136
1271710 2140
1271720 2143
1271730 2145
1271740 2147
1271750 2148
1271760 2148
1271770 2147
1271780 2145
1271790 2145
1271800 2143
1271810 2142
1271820 2140
1271830 2139
1271840 2137
1271850 2136
1271860 2133
1271870 2130
1271880 2126
1271890 2124
1271900 2123
1271910 2121
1271920 2119
1271930 2116
1271940 2114
1271950 2110
1271960 2108
1271970 2106
1271980 2105
1271990 2103
1272000 2101
1272010 2098
1272020 2097
1272030 2094
1272040 2092
1272050 2089
1272060 2087
1272070 2084
1272080 2082
1272090 2079
1272100 2077
1272110 2074
1272120 2071
1272130 2069
1272140 2066
1272150 2063
1272160 2059
1272170 2055
1272180 2052
1272190 2049
1272200 2045
1272210 2042
1272220 2039
1272230 2035
1272240 2030
1272250 2025
1272260 2019
1272270 2013
1272280 2008
1272290 2002
1272300 1997
1272310 1991
1272320 1985
1272330 1979
1272340 1972
1272350 1965
1272360 1960
1272370 1954
1272380 1949
1272390 1944
1272400 1940
1272410 1935
1272420 1929
1272430 1924
1272440 1919
1272450 1914
1272460 1909
1272470 1904
1272480 1899
1272490 1894
1272500 1889
1272510 1886
1272520 1882
1272530 1879
1272540 1875
1272550 1871
1272560 1868
1272570 1864
1272580 1860
1272590 1857
1272600 1854
1272610 1851
1272620 1847
1272630 1844
1272640 1841
1272650 1837
1272660 1833
1272670 1830
1272680 1827
1272690 1824
1272700 1821
1272710 1818
1272720 1815
1272730 1811
1272740 1807
1272750 1804
1272760 1800
1272770 1796
1272780 1792
1272790 1788
1272800 1784
1272810 1780
1272820 1775
1272830 1771
1272840 1770
1272850 1770
1272860 1773
1272870 1776
1272880 1779
1272890 1781
1272900 1785
1272910 1788
1272920 1792
1272930 1797
1272940 1801
1272950 1805
1272960 1808
1272970 1811
1272980 1814
1272990 1817
1273000 1821
1273010 1824
1273020 1827
1273030 1831
1273040 1834
1273050 1837
1273060 1840
1273070 1843
1273080 1846
1273090 1847
1273100 1849
1273110 1852
1273120 1855
1273130 1858
1273140 1860
1273150 1862
1273160 1865
1273170 1867
1273180 1869
1273190 1871
1273200 1874
1273210 1877
1273220 1879
1273230 1880
1273240 1882
1273250 1884
1273260 1886
1273270 1888
1273280 1890
1273290 1892
1273300 1894
1273310 1897
1273320 1898
1273330 1900
1273340 1904
1273350 1908
1273360 1911
1273370 1913
1273380 1916
1273390 1919
1273400 1922
1273410 1925
1273420 1927
1273430 1928
1273440 1930
1273450 1932
1273460 1935
1273470 1938
1273480 1941
1273490 1944
1273500 1946
1273510 1948
1273520 1950
1273530 1952
1273540 1954
1273550 1957
1273560 1960
1273570 1963
1273580 1967
1273590 1971
1273600 1974
1273610 1976
1273620 1979
1273630 1982
1273640 1985
1273650 1988
1273660 1991
1273670 1994
1273680 1998
1273690 2000
1273700 2003
1273710 2007
1273720 2010
1273730 2013
1273740 2016
1273750 2018
1273760 2021
1273770 2024
1273780 2027
1273790 2031
1273800 2035
1273810 2039
1273820 2043
1273830 2047
1273840 2051
1273850 2054
1273860 2058
1273870 2062
1273880 2064
1273890 2066
1273900 2068
1273910 2071
1273920 2075
1273930 2080
1273940 2084
1273950 2088
1273960 2092
1273970 2096
1273980 2100
1273990 2103
1274000 2107
1274010 2111
1274020 2115
1274030 2118
1274040 2122
1274050 2125
1274060 2128
1274070 2132
1274080 2135
1274090 2137
1274100 2140
1274110 2142
1274120 2145
1274130 2148
1274140 2152
1274150 2155
1274160 2159
1274170 2162
1274180 2166
1274190 2171
1274200 2174
1274210 2178
1274220 2181
1274230 2185
1274240 2188
1274250 2190
1274260 2194
1274270 2198
1274280 2200
1274290 2202
1274300 2204
1274310 2205
1274320 2206
1274330 2208
1274340 2209
1274350 2209
1274360 2211
1274370 2213
1274380 2217
