1261740 2773
1261750 2782
1261760 2791
1261770 2800
1261780 2787
1261790 2779
1261800 2774
1261810 2769
1261820 2764
1261830 2759
1261840 2752
1261850 2746
1261860 2739
1261870 2732
1261880 2727
1261890 2721
1261900 2716
1261910 2708
1261920 2700
1261930 2694
1261940 2680
1261950 2669
1261960 2660
1261970 2658
1261980 2652
1261990 2643
1262000 2635
1262010 2622
1262020 2609
1262030 2604
1262040 2601
1262050 2599
1262060 2596
1262070 2590
1262080 2585
1262090 2582
1262100 2580
1262110 2577
1262120 2570
1262130 2572
1262140 2574
1262150 2575
1262160 2574
1262170 2573
1262180 2571
1262190 2569
1262200 2568
1262210 2570
1262220 2573
1262230 2575
1262240 2577
1262250 2579
1262260 2580
1262270 2580
1262280 2577
1262290 2575
1262300 2572
1262310 2566
1262320 2567
1262330 2571
1262340 2578
1262350 2590
1262360 2600
1262370 2608
1262380 2610
1262390 2612
1262400 2614
1262410 2616
1262420 2621
1262430 2625
1262440 2630
1262450 2635
1262460 2646
1262470 2674
1262480 2685
1262490 2691
1262500 2697
1262510 2704
1262520 2710
1262530 2715
1262540 2721
1262550 2727
1262560 2734
1262570 2742
1262580 2746
1265020 2783
1265030 2780
1265040 2780
1265050 2780
1265060 2780
1265070 2780
1265080 2780
1265090 2782
1265100 2782
1265110 2782
1265120 2781
1265130 2780
1265140 2778
1265150 2776
1265160 2777
1265170 2776
1265180 2776
1265190 2781
1265200 2785
1265210 2789
1265220 2790
1265230 2791
1265240 2791
1265250 2791
1265260 2789
1265270 2787
1265280 2785
1265290 2783
1265300 2782
1265310 2780
1265320 2780
1265330 2780
1265340 2782
1265350 2784
1265360 2786
1265370 2788
1265380 2793
1265390 2797
1265400 2801
1265410 2804
1265420 2806
1265430 2809
1265440 2815
1265450 2821
1265460 2828
1265470 2831
1265480 2833
1265490 2834
1265500 2835
1265510 2835
1265520 2835
1265530 2834
1265540 2833
1265550 2833
1265560 2833
1265570 2831
1265580 2828
1265590 2824
1265600 2820
1265610 2815
1265620 2809
1265630 2804
1265640 2802
1265650 2800
1265660 2798
1265670 2796
1265680 2795
1265690 2792
1265700 2790
1265710 2786
1265720 2783
1265730 2780
1265740 2776
1265750 2771
1265760 2757
1265770 2747
1265780 2740
1265790 2734
1265800 2729
1265810 2724
1265820 2719
1265830 2715
1265840 2710
1265850 2706
1265860 2702
1265870 2699
1265880 2695
1265890 2688
1265900 2681
1265910 2676
1265920 2669
1265930 2662
1265940 2656
1265950 2652
1265960 2649
1265970 2645
1265980 2642
1265990 2639
1266000 2636
1266010 2634
1266020 2632
1266030 2630
1266040 2631
1266050 2633
1266060 2634
1266070 2637
1266080 2639
1266090 2642
1266100 2646
1266110 2650
1266120 2653
1266130 2655
1266140 2657
1266150 2661
1266160 2667
1266170 2675
1266180 2678
1266190 2677
1266200 2680
1266210 2679
1266220 2676
1266230 2678
1266240 2678
1266250 2677
1266260 2677
1266270 2678
1266280 2678
1266290 2677
1266300 2678
1266310 2679
1266320 2680
1266330 2683
1266340 2686
1266350 2688
1266360 2691
1266370 2693
1266380 2694
1266390 2694
1266400 2695
1266410 2695
1266420 2695
1266430 2695
1266440 2694
1266450 2692
1266460 2682
1266470 2668
1266480 2647
1266490 2650
1266500 2647
1266510 2627
1266520 2619
1266530 2600
1266540 2567
1266550 2547
1266560 2524
1266570 2499
1266580 2480
1266590 2463
1266600 2446
1266610 2426
1266620 2414
1266630 2408
1266640 2404
1266650 2398
1266660 2392
1266670 2386
1266680 2381
1266690 2377
1266700 2372
1266710 2367
1266720 2362
1266730 2357
1266740 2352
1266750 2347
1266760 2342
1266770 2335
1266780 2325
1266790 2314
1266800 2304
1266810 2299
1266820 2295
1266830 2288
1266840 2280
1266850 2274
1266860 2269
1266870 2264
1266880 2260
1266890 2256
1266900 2251
1266910 2246
1266920 2242
1266930 2238
1266940 2234
1266950 2229
1266960 2225
1266970 2221
1266980 2217
1266990 2213
1267000 2209
1267010 2205
1267020 2201
1267030 2197
1267040 2193
1267050 2188
1267060 2186
1267070 2183
1267080 2180
1267090 2176
1267100 2173
1267110 2170
1267120 2166
1267130 2162
1267140 2158
1267150 2154
1267160 2151
1267170 2147
1267180 2144
1267190 2140
1267200 2136
1267210 2133
1267220 2129
1267230 2126
1267240 2122
1267250 2119
1267260 2115
1267270 2112
1267280 2108
1267290 2104
1267300 2099
1267310 2095
1267320 2091
1267330 2088
1267340 2084
1267350 2080
1267360 2076
1267370 2073
1267380 2069
1267390 2066
1267400 2062
1267410 2059
1267420 2055
1267430 2051
1267440 2048
1267450 2045
1267460 2042
1267470 2039
1267480 2035
1267490 2032
1267500 2029
1267510 2025
1267520 2022
1267530 2019
1267540 2015
1267550 2012
1267560 2009
1267570 2006
1267580 2003
1267590 1999
1267600 1995
1267610 1991
1267620 1988
1267630 1984
1267640 1980
1267650 1977
1267660 1973
1267670 1969
1267680 1965
1267690 1962
1267700 1958
1267710 1954
1267720 1950
1267730 1947
1267740 1944
1267750 1940
1267760 1937
1267770 1934
1267780 1930
1267790 1927
1267800 1923
1267810 1919
1267820 1915
1267830 1911
1267840 1908
1267850 1904
1267860 1901
1267870 1898
1267880 1895
1267890 1892
1267900 1889
1267910 1885
1267920 1883
1267930 1880
1267940 1878
1267950 1874
1267960 1871
1267970 1868
1267980 1865
1267990 1862
1268000 1858
1268010 1852
1268020 1846
1268030 1842
1268040 1838
1268050 1833
1268060 1828
1268070 1824
1268080 1821
1268090 1816
1268100 1813
1268110 1810
1268120 1807
1268130 1803
1268140 1800
1268150 1796
1268160 1792
1268170 1787
1268180 1783
1268190 1779
1268200 1775
1268210 1771
1268220 1767
1268230 1763
1268240 1759
1268250 1755
1268260 1751
1268270 1747
1268280 1744
1268290 1740
1268300 1735
1268310 1731
1268320 1727
1268330 1724
1268340 1721
1268350 1717
1268360 1714
1268370 1711
1268380 1708
1268390 1705
1268400 1702
1268410 1699
1268420 1696
1268430 1693
1268440 1689
1268450 1684
1268460 1679
1268470 1674
1268480 1669
1268490 1666
1268500 1664
1268510 1662
1268520 1660
1268530 1659
1268540 1658
1268550 1656
1268560 1654
1268570 1652
1268580 1650
1268590 1648
1268600 1646
1268610 1643
1268620 1641
1268630 1638
1268640 1636
1268650 1633
1268660 1632
1268670 1630
1268680 1629
1268690 1628
1268700 1628
1268710 1628
1268720 1628
1268730 1630
1268740 1632
1268750 1635
1268760 1636
1268770 1638
1268780 1640
1268790 1641
1268800 1643
1268810 1643
1268820 1644
1268830 1645
1268840 1644
1268850 1643
1268860 1640
1268870 1635
1268880 1630
1268890 1625
1268900 1621
1268910 1617
1268920 1613
1268930 1609
1268940 1605
1268950 1601
1268960 1600
1268970 1599
1268980 1599
1268990 1598
1269000 1597
1269010 1597
1269020 1596
1269030 1596
1269040 1596
1269050 1596
1269060 1596
1269070 1596
1269080 1596
1269090 1596
1269100 1595
1269110 1595
1269120 1595
1269130 1595
1269140 1594
1269150 1594
1269160 1594
1269170 1594
1269180 1594
1269190 1593
1269200 1593
1269210 1593
1269220 1593
1269230 1593
1269240 1594
1269250 1594
1269260 1594
1269270 1595
1269280 1596
1269290 1597
1269300 1596
1269310 1594
1269320 1593
1269330 1591
1269340 1591
1269350 1591
1269360 1594
1269370 1598
1269380 1603
1269390 1608
1269400 1613
1269410 1618
1269420 1622
1269430 1626
1269440 1629
1269450 1632
1269460 1633
1269470 1635
1269480 1636
1269490 1639
1269500 1641
1269510 1642
1269520 1643
1269530 1644
1269540 1645
1269550 1645
1269560 1645
1269570 1646
1269580 1648
1269590 1649
1269600 1651
1269610 1653
1269620 1655
1269630 1657
1269640 1659
1269650 1660
1269660 1662
1269670 1664
1269680 1666
1269690 1667
1269700 1667
1269710 1668
1269720 1668
1269730 1669
1269740 1669
1269750 1670
1269760 1670
1269770 1670
1269780 1670
1269790 1671
1269800 1673
1269810 1674
1269820 1675
1269830 1677
1269840 1678
1269850 1679
1269860 1680
1269870 1681
1269880 1682
1269890 1683
1269900 1683
1269910 1684
1269920 1685
1269930 1684
1269940 1684
1269950 1685
1269960 1686
1269970 1687
1269980 1689
1269990 1690
1270000 1692
1270010 1694
1270020 1698
1270030 1701
1270040 1703
1270050 1704
1270060 1705
1270070 1706
1270080 1707
1270090 1709
1270100 1710
1270110 1711
1270120 1711
1270130 1711
1270140 1711
1270150 1712
1270160 1713
1270170 1715
1270180 1715
1270190 1716
1270200 1717
1270210 1718
1270220 1719
1270230 1720
1270240 1722
1270250 1723
1270260 1726
1270270 1728
1270280 1731
1270290 1734
1270300 1737
1270310 1741
1270320 1744
1270330 1748
1270340 1752
1270350 1757
1270360 1762
1270370 1766
1270380 1771
1270390 1777
1270400 1783
1270410 1787
1270420 1791
1270430 1795
1270440 1800
1270450 1805
1270460 1810
1270470 1814
1270480 1817
1270490 1819
1270500 1822
1270510 1825
1270520 1827
1270530 1829
1270540 1831
1270550 1833
1270560 1836
1270570 1839
1270580 1842
1270590 1845
1270600 1849
1270610 1853
1270620 1857
1270630 1863
1270640 1868
1270650 1873
1270660 1876
1270670 1880
1270680 1883
1270690 1885
1270700 1888
1270710 1891
1270720 1895
1270730 1899
1270740 1903
1270750 1907
1270760 1910
1270770 1913
1270780 1916
1270790 1919
1270800 1922
1270810 1925
1270820 1929
1270830 1932
1270840 1936
1270850 1939
1270860 1941
1270870 1942
1270880 1944
1270890 1947
1270900 1949
1270910 1952
1270920 1956
1270930 1960
1270940 1962
1270950 1965
1270960 1969
1270970 1973
1270980 1976
1270990 1979
1271000 1981
1271010 1984
1271020 1987
1271030 1993
1271040 1998
1271050 2003
1271060 2009
1271070 2014
1271080 2020
1271090 2024
1271100 2028
1271110 2031
1271120 2035
1271130 2038
1271140 2041
1271150 2043
1271160 2045
1271170 2047
1271180 2048
1271190 2050
1271200 2051
1271210 2051
1271220 2052
1271230 2054
1271240 2055
1271250 2056
1271260 2058
1271270 2059
1271280 2060
1271290 2062
1271300 2062
1271310 2062
1271320 2065
1271330 2067
1271340 2070
1271350 2073
1271360 2075
1271370 2077
1271380 2080
1271390 2082
1271400 2085
1271410 2088
1271420 2091
1271430 2094
1271440 2098
1271450 2100
1271460 2103
1271470 2105
1271480 2108
1271490 2110
1271500 2113
1271510 2115
1271520 2117
1271530 2120
1271540 2122
1271550 2124
1271560 2126
1271570 2128
1271580 2130
1271590 2130
1271600 2129
1271610 2128
1271620 2127
1271630 2125
1271640 2124
1271650 2125
1271660 2125
1271670 2126
1271680 2127
1271690 2128
1271700 2128
1271710 2127
1271720 2124
1271730 2124
1271740 2122
1271750 2119
1271760 2116
1271770 2113
1271780 2111
1271790 2108
1271800 2104
1271810 2101
1271820 2098
1271830 2096
1271840 2093
1271850 2089
1271860 2085
1271870 2083
1271880 2081
1271890 2079
1271900 2078
1271910 2078
1271920 2076
1271930 2074
1271940 2072
1271950 2069
1271960 2067
1271970 2065
1271980 2063
1271990 2062
1272000 2061
1272010 2060
1272020 2058
1272030 2056
1272040 2055
1272050 2054
1272060 2052
1272070 2048
1272080 2043
1272090 2040
1272100 2040
1272110 2038
1272120 2036
1272130 2034
1272140 2032
1272150 2030
1272160 2028
1272170 2025
1272180 2023
1272190 2020
1272200 2017
1272210 2013
1272220 2009
1272230 2003
1272240 2000
1272250 1997
1272260 1993
1272270 1990
1272280 1988
1272290 1985
1272300 1982
1272310 1979
1272320 1976
1272330 1971
1272340 1967
1272350 1962
1272360 1958
1272370 1954
1272380 1951
1272390 1946
1272400 1941
1272410 1935
1272420 1929
1272430 1924
1272440 1919
1272450 1916
1272460 1913
1272470 1910
1272480 1906
1272490 1902
1272500 1898
1272510 1894
1272520 1890
1272530 1885
1272540 1880
1272550 1876
1272560 1871
1272570 1867
1272580 1862
1272590 1857
1272600 1851
1272610 1845
1272620 1840
1272630 1835
1272640 1831
1272650 1827
1272660 1823
1272670 1819
1272680 1816
1272690 1812
1272700 1808
1272710 1805
1272720 1801
1272730 1797
1272740 1793
1272750 1789
1272760 1785
1272770 1781
1272780 1777
1272790 1774
1272800 1769
1272810 1766
1272820 1763
1272830 1758
1272840 1758
1272850 1760
1272860 1766
1272870 1771
1272880 1776
1272890 1781
1272900 1785
1272910 1788
1272920 1790
1272930 1791
1272940 1793
1272950 1795
1272960 1797
1272970 1798
1272980 1799
1272990 1801
1273000 1803
1273010 1805
1273020 1807
1273030 1808
1273040 1808
1273050 1810
1273060 1813
1273070 1816
1273080 1819
1273090 1823
1273100 1826
1273110 1829
1273120 1833
1273130 1836
1273140 1840
1273150 1842
1273160 1846
1273170 1849
1273180 1851
1273190 1854
1273200 1856
1273210 1858
1273220 1860
1273230 1863
1273240 1866
1273250 1868
1273260 1871
1273270 1874
1273280 1877
1273290 1879
1273300 1881
1273310 1884
1273320 1887
1273330 1890
1273340 1893
1273350 1896
1273360 1899
1273370 1902
1273380 1905
1273390 1908
1273400 1912
1273410 1915
1273420 1919
1273430 1923
1273440 1926
1273450 1929
1273460 1931
1273470 1933
1273480 1935
1273490 1937
1273500 1940
1273510 1944
1273520 1948
1273530 1953
1273540 1956
1273550 1959
1273560 1961
1273570 1963
1273580 1965
1273590 1968
1273600 1971
1273610 1974
1273620 1976
1273630 1978
1273640 1980
1273650 1982
1273660 1984
1273670 1987
1273680 1989
1273690 1992
1273700 1995
1273710 1997
1273720 2000
1273730 2003
1273740 2006
1273750 2008
1273760 2011
1273770 2013
1273780 2015
1273790 2018
1273800 2022
1273810 2026
1273820 2030
1273830 2035
1273840 2039
1273850 2044
1273860 2049
1273870 2054
1273880 2058
1273890 2062
1273900 2066
1273910 2069
1273920 2072
1273930 2075
1273940 2078
1273950 2082
1273960 2085
1273970 2089
1273980 2093
1273990 2097
1274000 2100
1274010 2103
1274020 2106
1274030 2108
1274040 2111
1274050 2113
1274060 2115
1274070 2118
1274080 2122
1274090 2126
1274100 2130
1274110 2133
1274120 2137
1274130 2140
1274140 2143
1274150 2147
1274160 2151
1274170 2156
1274180 2161
1274190 2165
1274200 2168
1274210 2171
1274220 2174
1274230 2177
1274240 2180
1274250 2184
1274260 2186
1274270 2187
1274280 2187
1274290 2191
1274300 2195
1274310 2199
1274320 2202
1274330 2205
1274340 2208
1274350 2210
1274360 2211
1274370 2212
1274380 2216
1274390 2219
1274400 2222
1274410 2224
1274420 2224
1274430 2225
1274440 2226
1274450 2227
1274460 2228
1274470 2228
