1261110 2747
1261120 2744
1261130 2739
1261140 2732
1261150 2728
1261160 2728
1261170 2733
1261180 2745
1261190 2751
1261200 2749
1261210 2745
1261220 2741
1261230 2736
1261240 2739
1261250 2746
1261260 2754
1261270 2751
1261280 2752
1261290 2756
1261300 2759
1261310 2755
1261320 2752
1261330 2754
1261340 2752
1261350 2750
1261360 2749
1261370 2740
1261380 2738
1261390 2751
1261400 2749
1261410 2749
1261420 2754
1261430 2758
1261440 2762
1261450 2766
1261460 2768
1261470 2774
1261480 2780
1261490 2780
1261500 2779
1261510 2776
1261520 2772
1261530 2774
1261540 2778
1261550 2779
1261560 2779
1261570 2778
1261580 2776
1261590 2775
1261600 2772
1261610 2769
1261620 2769
1261630 2765
1261640 2759
1261650 2755
1261660 2757
1261670 2764
1261680 2768
1261690 2770
1261700 2769
1261710 2765
1261720 2762
1261730 2760
1261740 2757
1261750 2754
1261760 2750
1261770 2745
1261780 2740
1261790 2733
1261800 2726
1261810 2718
1261820 2711
1261830 2705
1261840 2695
1261850 2679
1261860 2660
1261870 2633
1261880 2619
1261890 2612
1261900 2607
1261910 2601
1261920 2595
1261930 2592
1261940 2587
1261950 2581
1261960 2577
1261970 2570
1261980 2561
1261990 2551
1262000 2545
1262010 2540
1262020 2536
1262030 2529
1262040 2523
1262050 2518
1262060 2513
1262070 2509
1262080 2507
1262090 2504
1262100 2502
1262110 2500
1262120 2497
1262130 2497
1262140 2499
1262150 2503
1262160 2504
1262170 2504
1262180 2503
1262190 2503
1262200 2501
1262210 2499
1262220 2496
1262230 2494
1262240 2491
1262250 2490
1262260 2491
1262270 2492
1262280 2492
1262290 2492
1262300 2491
1262310 2492
1262320 2492
1262330 2494
1262340 2495
1262350 2498
1262360 2501
1262370 2504
1262380 2507
1262390 2510
1262400 2515
1262410 2525
1262420 2536
1262430 2548
1262440 2557
1262450 2568
1262460 2580
1262470 2590
1262480 2598
1262490 2606
1262500 2613
1262510 2621
1262520 2630
1262530 2642
1262540 2653
1262550 2664
1262560 2671
1262570 2679
1262580 2687
1262590 2694
1262600 2701
1262610 2709
1262620 2719
1262630 2728
1262640 2739
1262650 2750
1262660 2758
1262670 2763
1264700 2839
1264710 2852
1264720 2849
1264730 2839
1264740 2830
1264750 2821
1264760 2812
1264770 2806
1264780 2801
1264790 2797
1264840 2784
1264850 2783
1264860 2781
1264870 2776
1264880 2771
1264890 2767
1264900 2765
1264910 2744
1264920 2719
1264930 2701
1264940 2704
1264950 2711
1264960 2715
1264970 2716
1264980 2716
1264990 2715
1265000 2715
1265010 2715
1265020 2718
1265030 2719
1265040 2718
1265050 2716
1265060 2714
1265070 2713
1265080 2711
1265090 2709
1265100 2708
1265110 2704
1265120 2690
1265130 2677
1265140 2672
1265150 2692
1265160 2706
1265170 2716
1265180 2720
1265190 2724
1265200 2727
1265210 2728
1265220 2725
1265230 2721
1265240 2717
1265250 2711
1265260 2705
1265270 2698
1265280 2684
1265290 2690
1265300 2707
1265310 2715
1265320 2722
1265330 2727
1265340 2733
1265350 2739
1265360 2744
1265370 2750
1265380 2749
1265390 2754
1265400 2769
1265410 2779
1265420 2787
1265430 2793
1265440 2797
1265450 2795
1265460 2788
1265470 2790
1265480 2795
1265490 2803
1265500 2816
1265510 2825
1265520 2832
1265530 2832
1265540 2823
1265550 2809
1265560 2789
1265570 2789
1265580 2791
1265590 2787
1265600 2798
1265610 2809
1265620 2820
1265630 2819
1265640 2818
1265650 2816
1265660 2813
1265670 2810
1265680 2806
1265690 2804
1265700 2802
1265710 2800
1265720 2798
1265730 2796
1265740 2795
1265750 2794
1265760 2794
1265770 2793
1265780 2792
1265790 2790
1265800 2783
1265810 2770
1265820 2765
1265830 2764
1265840 2768
1265850 2768
1265860 2763
1265870 2757
1265880 2751
1265890 2744
1265900 2736
1265910 2732
1265920 2727
1265930 2725
1265940 2730
1265950 2727
1265960 2723
1265970 2719
1265980 2714
1265990 2711
1266000 2708
1266010 2705
1266020 2703
1266030 2700
1266040 2699
1266050 2699
1266060 2700
1266070 2703
1266080 2706
1266090 2709
1266100 2712
1266110 2715
1266120 2719
1266130 2724
1266140 2728
1266150 2732
1266160 2737
1266170 2742
1266180 2747
1266190 2751
1266200 2754
1266210 2756
1266220 2758
1266230 2757
1266240 2756
1266250 2757
1266260 2757
1266270 2756
1266280 2756
1266290 2754
1266300 2752
1266310 2751
1266320 2749
1266330 2747
1266340 2746
1266350 2744
1266360 2742
1266370 2740
1266380 2738
1266390 2736
1266400 2733
1266410 2731
1266420 2728
1266430 2726
1266440 2723
1266450 2721
1266460 2718
1266470 2715
1266480 2712
1266490 2709
1266500 2705
1266510 2700
1266520 2696
1266530 2691
1266540 2685
1266550 2675
1266560 2662
1266570 2641
1266580 2626
1266590 2614
1266600 2607
1266610 2596
1266620 2560
1266630 2500
1266640 2507
1266650 2507
1266660 2499
1266670 2481
1266680 2451
1266690 2416
1266700 2392
1266710 2380
1266720 2372
1266730 2367
1266740 2360
1266750 2351
1266760 2344
1266770 2337
1266780 2333
1266790 2334
1266800 2330
1266810 2326
1266820 2320
1266830 2314
1266840 2310
1266850 2307
1266860 2304
1266870 2301
1266880 2297
1266890 2293
1266900 2289
1266910 2284
1266920 2279
1266930 2275
1266940 2271
1266950 2267
1266960 2264
1266970 2260
1266980 2256
1266990 2253
1267000 2249
1267010 2245
1267020 2241
1267030 2237
1267040 2234
1267050 2230
1267060 2226
1267070 2222
1267080 2218
1267090 2214
1267100 2209
1267110 2206
1267120 2202
1267130 2198
1267140 2195
1267150 2191
1267160 2188
1267170 2185
1267180 2182
1267190 2179
1267200 2175
1267210 2172
1267220 2168
1267230 2165
1267240 2161
1267250 2157
1267260 2153
1267270 2150
1267280 2146
1267290 2142
1267300 2138
1267310 2134
1267320 2129
1267330 2125
1267340 2121
1267350 2117
1267360 2114
1267370 2111
1267380 2108
1267390 2104
1267400 2100
1267410 2097
1267420 2094
1267430 2091
1267440 2088
1267450 2086
1267460 2083
1267470 2080
1267480 2077
1267490 2074
1267500 2070
1267510 2066
1267520 2062
1267530 2059
1267540 2055
1267550 2051
1267560 2047
1267570 2043
1267580 2039
1267590 2035
1267600 2031
1267610 2027
1267620 2023
1267630 2019
1267640 2014
1267650 2010
1267660 2005
1267670 2001
1267680 1997
1267690 1993
1267700 1988
1267710 1983
1267720 1979
1267730 1975
1267740 1970
1267750 1966
1267760 1961
1267770 1957
1267780 1953
1267790 1949
1267800 1945
1267810 1941
1267820 1937
1267830 1934
1267840 1930
1267850 1926
1267860 1922
1267870 1917
1267880 1912
1267890 1908
1267900 1904
1267910 1899
1267920 1894
1267930 1890
1267940 1885
1267950 1880
1267960 1875
1267970 1871
1267980 1866
1267990 1862
1268000 1858
1268010 1854
1268020 1849
1268030 1845
1268040 1841
1268050 1837
1268060 1833
1268070 1830
1268080 1826
1268090 1822
1268100 1818
1268110 1814
1268120 1810
1268130 1806
1268140 1803
1268150 1799
1268160 1796
1268170 1792
1268180 1789
1268190 1786
1268200 1782
1268210 1778
1268220 1775
1268230 1772
1268240 1769
1268250 1766
1268260 1762
1268270 1759
1268280 1755
1268290 1752
1268300 1749
1268310 1745
1268320 1742
1268330 1740
1268340 1736
1268350 1733
1268360 1730
1268370 1728
1268380 1725
1268390 1723
1268400 1721
1268410 1718
1268420 1715
1268430 1712
1268440 1710
1268450 1708
1268460 1706
1268470 1704
1268480 1702
1268490 1700
1268500 1698
1268510 1696
1268520 1694
1268530 1692
1268540 1691
1268550 1689
1268560 1686
1268570 1683
1268580 1680
1268590 1679
1268600 1680
1268610 1681
1268620 1682
1268630 1678
1268640 1671
1268650 1662
1268660 1649
1268670 1641
1268680 1636
1268690 1631
1268700 1626
1268710 1621
1268720 1615
1268730 1613
1268740 1613
1268750 1612
1268760 1612
1268770 1612
1268780 1612
1268790 1613
1268800 1615
1268810 1617
1268820 1620
1268830 1623
1268840 1625
1268850 1629
1268860 1633
1268870 1637
1268880 1642
1268890 1646
1268900 1648
1268910 1648
1268920 1644
1268930 1639
1268940 1635
1268950 1631
1268960 1627
1268970 1623
1268980 1618
1268990 1613
1269000 1609
1269010 1606
1269020 1602
1269030 1599
1269040 1596
1269050 1593
1269060 1592
1269070 1592
1269080 1592
1269090 1592
1269100 1592
1269110 1592
1269120 1592
1269130 1592
1269140 1591
1269150 1591
1269160 1591
1269170 1591
1269180 1591
1269190 1591
1269200 1590
1269210 1590
1269220 1590
1269230 1590
1269240 1590
1269250 1589
1269260 1589
1269270 1589
1269280 1589
1269290 1589
1269300 1589
1269310 1589
1269320 1589
1269330 1589
1269340 1589
1269350 1589
1269360 1589
1269370 1589
1269380 1592
1269390 1593
1269400 1593
1269410 1593
1269420 1594
1269430 1594
1269440 1594
1269450 1594
1269460 1594
1269470 1595
1269480 1597
1269490 1598
1269500 1600
1269510 1601
1269520 1603
1269530 1606
1269540 1608
1269550 1611
1269560 1613
1269570 1615
1269580 1618
1269590 1621
1269600 1624
1269610 1626
1269620 1628
1269630 1631
1269640 1633
1269650 1635
1269660 1637
1269670 1640
1269680 1642
1269690 1644
1269700 1645
1269710 1647
1269720 1649
1269730 1651
1269740 1652
1269750 1654
1269760 1656
1269770 1657
1269780 1659
1269790 1660
1269800 1661
1269810 1661
1269820 1661
1269830 1662
1269840 1664
1269850 1665
1269860 1667
1269870 1669
1269880 1671
1269890 1673
1269900 1674
1269910 1675
1269920 1677
1269930 1678
1269940 1679
1269950 1679
1269960 1680
1269970 1681
1269980 1682
1269990 1683
1270000 1684
1270010 1685
1270020 1687
1270030 1688
1270040 1687
1270050 1688
1270060 1689
1270070 1690
1270080 1691
1270090 1693
1270100 1695
1270110 1697
1270120 1698
1270130 1700
1270140 1702
1270150 1703
1270160 1706
1270170 1708
1270180 1712
1270190 1716
1270200 1721
1270210 1726
1270220 1730
1270230 1733
1270240 1736
1270250 1739
1270260 1743
1270270 1747
1270280 1751
1270290 1755
1270300 1759
1270310 1763
1270320 1766
1270330 1770
1270340 1774
1270350 1778
1270360 1782
1270370 1785
1270380 1789
1270390 1793
1270400 1797
1270410 1802
1270420 1807
1270430 1810
1270440 1814
1270450 1817
1270460 1821
1270470 1825
1270480 1829
1270490 1833
1270500 1836
1270510 1840
1270520 1844
1270530 1847
1270540 1849
1270550 1850
1270560 1851
1270570 1852
1270580 1853
1270590 1855
1270600 1858
1270610 1860
1270620 1862
1270630 1865
1270640 1867
1270650 1869
1270660 1872
1270670 1874
1270680 1876
1270690 1879
1270700 1883
1270710 1887
1270720 1891
1270730 1896
1270740 1901
1270750 1905
1270760 1909
1270770 1913
1270780 1916
1270790 1918
1270800 1920
1270810 1924
1270820 1928
1270830 1932
1270840 1936
1270850 1940
1270860 1944
1270870 1946
1270880 1948
1270890 1950
1270900 1952
1270910 1954
1270920 1958
1270930 1961
1270940 1965
1270950 1969
1270960 1972
1270970 1976
1270980 1979
1270990 1983
1271000 1986
1271010 1989
1271020 1992
1271030 1995
1271040 1997
1271050 2000
1271060 2004
1271070 2008
1271080 2012
1271090 2016
1271100 2019
1271110 2023
1271120 2026
1271130 2030
1271140 2034
1271150 2037
1271160 2041
1271170 2045
1271180 2048
1271190 2051
1271200 2053
1271210 2055
1271220 2056
1271230 2057
1271240 2059
1271250 2062
1271260 2065
1271270 2068
1271280 2071
1271290 2074
1271300 2077
1271310 2080
1271320 2083
1271330 2086
1271340 2088
1271350 2090
1271360 2093
1271370 2096
1271380 2098
1271390 2100
1271400 2103
1271410 2104
1271420 2107
1271430 2109
1271440 2111
1271450 2114
1271460 2116
1271470 2118
1271480 2119
1271490 2121
1271500 2124
1271510 2124
1271520 2124
1271530 2122
1271540 2121
1271550 2120
1271560 2119
1271570 2119
1271580 2119
1271590 2117
1271600 2115
1271610 2114
1271620 2112
1271630 2110
1271640 2107
1271650 2105
1271660 2103
1271670 2100
1271680 2096
1271690 2091
1271700 2088
1271710 2084
1271720 2081
1271730 2078
1271740 2075
1271750 2073
1271760 2071
1271770 2069
1271780 2067
1271790 2063
1271800 2060
1271810 2057
1271820 2055
1271830 2052
1271840 2049
1271850 2046
1271860 2044
1271870 2042
1271880 2041
1271890 2040
1271900 2039
1271910 2038
1271920 2036
1271930 2035
1271940 2034
1271950 2031
1271960 2029
1271970 2027
1271980 2024
1271990 2021
1272000 2018
1272010 2015
1272020 2013
1272030 2012
1272040 2010
1272050 2007
1272060 2004
1272070 2001
1272080 1999
1272090 1998
1272100 1997
1272110 1996
1272120 1996
1272130 1996
1272140 1996
1272150 1996
1272160 1995
1272170 1995
1272180 1995
1272190 1995
1272200 1995
1272210 1993
1272220 1989
1272230 1983
1272240 1977
1272250 1974
1272260 1973
1272270 1970
1272280 1967
1272290 1963
1272300 1960
1272310 1957
1272320 1953
1272330 1950
1272340 1947
1272350 1943
1272360 1941
1272370 1938
1272380 1936
1272390 1933
1272400 1929
1272410 1925
1272420 1921
1272430 1917
1272440 1911
1272450 1907
1272460 1902
1272470 1897
1272480 1895
1272490 1893
1272500 1890
1272510 1886
1272520 1883
1272530 1880
1272540 1875
1272550 1870
1272560 1866
1272570 1861
1272580 1856
1272590 1851
1272600 1848
1272610 1842
1272620 1837
1272630 1831
1272640 1825
1272650 1820
1272660 1816
1272670 1813
1272680 1809
1272690 1806
1272700 1801
1272710 1795
1272720 1789
1272730 1784
1272740 1779
1272750 1774
1272760 1770
1272770 1766
1272780 1763
1272790 1759
1272800 1754
1272810 1749
1272820 1745
1272830 1740
1272840 1739
1272850 1743
1272860 1749
1272870 1754
1272880 1758
1272890 1760
1272900 1763
1272910 1766
1272920 1768
1272930 1770
1272940 1773
1272950 1776
1272960 1777
1272970 1780
1272980 1782
1272990 1785
1273000 1786
1273010 1788
1273020 1789
1273030 1792
1273040 1796
1273050 1800
1273060 1804
1273070 1808
1273080 1811
1273090 1814
1273100 1817
1273110 1819
1273120 1821
1273130 1824
1273140 1826
1273150 1826
1273160 1827
1273170 1829
1273180 1832
1273190 1834
1273200 1837
1273210 1839
1273220 1841
1273230 1844
1273240 1846
1273250 1848
1273260 1850
1273270 1852
1273280 1855
1273290 1857
1273300 1859
1273310 1862
1273320 1865
1273330 1869
1273340 1872
1273350 1876
1273360 1879
1273370 1882
1273380 1885
1273390 1888
1273400 1892
1273410 1896
1273420 1900
1273430 1904
1273440 1907
1273450 1911
1273460 1915
1273470 1919
1273480 1922
1273490 1925
1273500 1928
1273510 1931
1273520 1935
1273530 1940
1273540 1945
1273550 1950
1273560 1954
1273570 1958
1273580 1963
1273590 1966
1273600 1968
1273610 1970
1273620 1972
1273630 1974
1273640 1976
1273650 1978
1273660 1980
1273670 1982
1273680 1984
1273690 1986
1273700 1988
1273710 1991
1273720 1994
1273730 1997
1273740 2000
1273750 2002
1273760 2005
1273770 2009
1273780 2013
1273790 2016
1273800 2020
1273810 2024
1273820 2028
1273830 2032
1273840 2037
1273850 2041
1273860 2045
1273870 2049
1273880 2052
1273890 2055
1273900 2058
1273910 2061
1273920 2064
1273930 2066
1273940 2068
1273950 2070
1273960 2073
1273970 2076
1273980 2080
1273990 2084
1274000 2087
1274010 2091
1274020 2095
1274030 2099
1274040 2103
1274050 2108
1274060 2112
1274070 2115
1274080 2117
1274090 2120
1274100 2123
1274110 2126
1274120 2130
1274130 2134
1274140 2138
1274150 2141
1274160 2144
1274170 2147
1274180 2149
1274190 2153
1274200 2157
1274210 2161
1274220 2165
1274230 2169
1274240 2172
1274250 2173
1274260 2175
1274270 2177
1274280 2180
1274290 2182
1274300 2184
1274310 2185
1274320 2185
1274330 2187
1274340 2188
1274350 2191
1274360 2194
1274370 2197
1274380 2200
1274390 2203
1274400 2205
1274410 2208
1274420 2210
1274430 2213
1274440 2215
1274450 2217
1274460 2219
1274470 2220
1274480 2222
1274490 2222
1274500 2222
1274510 2222
1274520 2223
1274530 2225
1274540 2226
1274550 2227
