1260000 2425
1260010 2422
1260020 2419
1260030 2418
1260040 2418
1260050 2417
1260060 2418
1260070 2419
1260080 2420
1260090 2421
1260100 2421
1260110 2420
1260120 2419
1260130 2418
1260140 2417
1260150 2416
1260160 2416
1260170 2415
1260180 2415
1260190 2414
1260200 2413
1260210 2413
1260220 2414
1260230 2415
1260240 2415
1260250 2415
1260260 2415
1260270 2417
1260280 2419
1260290 2422
1260300 2424
1260310 2427
1260320 2429
1260330 2431
1260340 2434
1260350 2438
1260360 2442
1260370 2447
1260380 2452
1260390 2456
1260400 2461
1260410 2468
1260420 2478
1260430 2488
1260440 2495
1260450 2505
1260460 2513
1260470 2515
1260480 2516
1260490 2517
1260500 2516
1260510 2516
1260520 2516
1260530 2513
1260540 2506
1260550 2497
1260560 2489
1260570 2483
1260580 2476
1260590 2467
1260600 2460
1260610 2453
1260620 2446
1260630 2441
1260640 2434
1260650 2428
1260660 2421
1260670 2416
1260680 2410
1260690 2404
1260700 2395
1260710 2386
1260720 2376
1260730 2369
1260740 2363
1260750 2359
1260760 2355
1260770 2350
1260780 2346
1260790 2341
1260800 2337
1260810 2332
1260820 2328
1260830 2324
1260840 2320
1260850 2315
1260860 2311
1260870 2307
1260880 2303
1260890 2300
1260900 2298
1260910 2295
1260920 2294
1260930 2293
1260940 2291
1260950 2288
1260960 2284
1260970 2280
1260980 2279
1260990 2277
1261000 2276
1261010 2274
1261020 2273
1261030 2271
1261040 2269
1261050 2267
1261060 2265
1261070 2262
1261080 2259
1261090 2257
1261100 2255
1261110 2253
1261120 2249
1261130 2245
1261140 2239
1261150 2234
1261160 2230
1261170 2227
1261180 2225
1261190 2225
1261200 2225
1261210 2223
1261220 2221
1261230 2217
1261240 2212
1261250 2208
1261260 2203
1261270 2199
1261280 2195
1261290 2193
1261300 2191
1261310 2188
1261320 2183
1261330 2178
1261340 2174
1261350 2170
1261360 2166
1261370 2163
1261380 2161
1261390 2159
1261400 2156
1261410 2152
1261420 2148
1261430 2144
1261440 2139
1261450 2132
1261460 2126
1261470 2120
1261480 2116
1261490 2111
1261500 2107
1261510 2103
1261520 2098
1261530 2094
1261540 2090
1261550 2083
1261560 2076
1261570 2070
1261580 2065
1261590 2061
1261600 2058
1261610 2055
1261620 2053
1261630 2050
1261640 2046
1261650 2042
1261660 2038
1261670 2034
1261680 2031
1261690 2027
1261700 2023
1261710 2020
1261720 2018
1261730 2016
1261740 2015
1261750 2014
1261760 2013
1261770 2011
1261780 2010
1261790 2009
1261800 2010
1261810 2011
1261820 2012
1261830 2011
1261840 2011
1261850 2010
1261860 2009
1261870 2009
1261880 2008
1261890 2008
1261900 2007
1261910 2006
1261920 2005
1261930 2004
1261940 2004
1261950 2003
1261960 2003
1261970 2002
1261980 2002
1261990 2002
1262000 2003
1262010 2004
1262020 2004
1262030 2004
1262040 2003
1262050 2002
1262060 2001
1262070 2001
1262080 2000
1262090 2000
1262100 1999
1262110 1999
1262120 1999
1262130 1998
1262140 1999
1262150 1999
1262160 1999
1262170 1998
1262180 1999
1262190 1999
1262200 1998
1262210 1998
1262220 1999
1262230 1999
1262240 1999
1262250 1999
1262260 2000
1262270 2000
1262280 1999
1262290 1998
1262300 1997
1262310 1997
1262320 1997
1262330 1998
1262340 1999
1262350 1999
1262360 1998
1262370 1997
1262380 1996
1262390 1995
1262400 1995
1262410 1996
1262420 1996
1262430 1996
1262440 1997
1262450 1998
1262460 1999
1262470 2001
1262480 2002
1262490 2005
1262500 2008
1262510 2011
1262520 2013
1262530 2014
1262540 2015
1262550 2016
1262560 2016
1262570 2016
1262580 2018
1262590 2021
1262600 2024
1262610 2025
1262620 2028
1262630 2031
1262640 2033
1262650 2035
1262660 2037
1262670 2039
1262680 2040
1262690 2042
1262700 2044
1262710 2046
1262720 2049
1262730 2052
1262740 2055
1262750 2057
1262760 2060
1262770 2062
1262780 2063
1262790 2063
1262800 2064
1262810 2065
1262820 2067
1262830 2074
1262840 2098
1262850 2137
1262860 2174
1262870 2188
1262880 2202
1262890 2218
1262900 2239
1262910 2245
1262920 2247
1262930 2246
1262940 2244
1262950 2240
1262960 2234
1262970 2250
1262980 2260
1262990 2264
1263000 2264
1263010 2262
1263020 2260
1263030 2255
1263040 2246
1263050 2234
1263060 2220
1263070 2210
1263080 2202
1263090 2195
1263100 2192
1263110 2192
1263120 2193
1263130 2196
1263140 2199
1263150 2202
1263160 2204
1263170 2205
1263180 2206
1263190 2208
1263200 2209
1263210 2210
1263220 2211
1263230 2211
1263240 2212
1263250 2213
1263260 2214
1263270 2215
1263280 2215
1263290 2217
1263300 2218
1263310 2220
1263320 2225
1263330 2228
1263340 2230
1263350 2231
1263360 2231
1263370 2229
1263380 2227
1263390 2225
1263400 2222
1263410 2220
1263420 2220
1263430 2220
1263440 2219
1263450 2216
1263460 2214
1263470 2213
1263480 2214
1263490 2215
1263500 2215
1263510 2214
1263520 2213
1263530 2212
1263540 2211
1263550 2211
1263560 2210
1263570 2210
1263580 2210
1263590 2210
1263600 2212
1263610 2214
1263620 2216
1263630 2218
1263640 2219
1263650 2221
1263660 2222
1263670 2223
1263680 2225
1263690 2227
1263700 2228
1263710 2229
1263720 2230
1263730 2231
1263740 2231
1263750 2232
1263760 2232
1263770 2233
1263780 2235
1263790 2236
1263800 2237
1263810 2237
1263820 2238
1263830 2240
1263840 2243
1263850 2247
1263860 2252
1263870 2256
1263880 2261
1263890 2266
1263900 2271
1263910 2275
1263920 2280
1263930 2285
1263940 2289
1263950 2293
1263960 2308
1263970 2337
1263980 2364
1263990 2384
1264000 2397
1264010 2404
1264020 2421
1264030 2446
1264040 2473
1264050 2498
1264060 2519
1264070 2530
1264080 2545
1264090 2568
1264100 2609
1264110 2637
1264120 2655
1264130 2661
1264140 2663
1264150 2654
1264160 2630
1264170 2624
1264180 2619
1264190 2612
1264200 2597
1264210 2581
1264220 2565
1264230 2548
1264240 2531
1264250 2515
1264260 2504
1264270 2492
1264280 2480
1264290 2470
1264300 2453
1264310 2437
1264320 2431
1264330 2425
1264340 2421
1264350 2417
1264360 2414
1264370 2410
1264380 2407
1264390 2404
1264400 2400
1264410 2396
1264420 2391
1264430 2387
1264440 2381
1264450 2369
1264460 2360
1264470 2343
1264480 2299
1264490 2281
1264500 2271
1264510 2267
1264520 2262
1264530 2257
1264540 2253
1264550 2250
1264560 2246
1264570 2242
1264580 2238
1264590 2234
1264600 2229
1264610 2225
1264620 2220
1264630 2215
1264640 2211
1264650 2207
1264660 2203
1264670 2199
1264680 2195
1264690 2191
1264700 2188
1264710 2184
1264720 2181
1264730 2177
1264740 2173
1264750 2170
1264760 2166
1264770 2162
1264780 2158
1264790 2154
1264800 2150
1264810 2147
1264820 2143
1264830 2139
1264840 2135
1264850 2132
1264860 2128
1264870 2124
1264880 2120
1264890 2116
1264900 2112
1264910 2108
1264920 2105
1264930 2101
1264940 2097
1264950 2094
1264960 2091
1264970 2087
1264980 2084
1264990 2081
1265000 2078
1265010 2074
1265020 2071
1265030 2067
1265040 2064
1265050 2061
1265060 2057
1265070 2054
1265080 2051
1265090 2048
1265100 2044
1265110 2041
1265120 2036
1265130 2032
1265140 2028
1265150 2023
1265160 2019
1265170 2014
1265180 2009
1265190 2005
1265200 2000
1265210 1997
1265220 1992
1265230 1987
1265240 1984
1265250 1980
1265260 1977
1265270 1974
1265280 1970
1265290 1967
1265300 1964
1265310 1961
1265320 1958
1265330 1956
1265340 1953
1265350 1950
1265360 1948
1265370 1945
1265380 1942
1265390 1940
1265400 1937
1265410 1935
1265420 1932
1265430 1930
1265440 1928
1265450 1925
1265460 1923
1265470 1921
1265480 1919
1265490 1916
1265500 1914
1265510 1912
1265520 1910
1265530 1908
1265540 1906
1265550 1905
1265560 1903
1265570 1902
1265580 1900
1265590 1899
1265600 1897
1265610 1896
1265620 1894
1265630 1892
1265640 1890
1265650 1889
1265660 1888
1265670 1888
1265680 1887
1265690 1887
1265700 1886
1265710 1884
1265720 1883
1265730 1882
1265740 1880
1265750 1879
1265760 1877
1265770 1875
1265780 1874
1265790 1872
1265800 1869
1265810 1868
1265820 1866
1265830 1864
1265840 1863
1265850 1861
1265860 1859
1265870 1858
1265880 1857
1265890 1856
1265900 1854
1265910 1853
1265920 1852
1265930 1851
1265940 1851
1265950 1851
1265960 1851
1265970 1850
1265980 1849
1265990 1849
1266000 1848
1266010 1847
1266020 1845
1266030 1844
1266040 1842
1266050 1840
1266060 1839
1266070 1838
1266080 1837
1266090 1838
1266100 1839
1266110 1841
1266120 1843
1266130 1844
1266140 1845
1266150 1846
1266160 1847
1266170 1848
1266180 1849
1266190 1849
1266200 1849
1266210 1848
1266220 1856
1266230 1861
1266240 1865
1266250 1872
1266260 1878
1266270 1885
1266280 1894
1266290 1891
1266300 1886
1266310 1885
1266320 1888
1266330 1891
1266340 1893
1266350 1896
1266360 1899
1266370 1902
1266380 1905
1266390 1909
1266400 1914
1266410 1918
1266420 1921
1266430 1925
1266440 1928
1266450 1931
1266460 1934
1266470 1937
1266480 1940
1266490 1944
1266500 1947
1266510 1951
1266520 1954
1266530 1958
1266540 1961
1266550 1963
1266560 1965
1266570 1968
1266580 1971
1266590 1974
1266600 1974
1266610 1974
1266620 1975
1266630 1988
1266640 1997
1266650 2004
1266660 2019
1266670 2033
1266680 2047
1266690 2058
1266700 2075
1266710 2084
1266720 2070
1266730 2060
1266740 2050
1266750 2037
1266760 2025
1266770 2023
1266780 2035
1266790 2056
1266800 2075
1266810 2093
1266820 2098
1266830 2096
1266840 2090
1266850 2085
1266860 2078
1266870 2075
1266880 2091
1266890 2101
1266900 2103
1266910 2094
1266920 2086
1266930 2081
1266940 2081
1266950 2084
1266960 2090
1266970 2100
1266980 2112
1266990 2123
1267000 2132
1267010 2143
1267020 2158
1267030 2174
1267040 2183
1267050 2186
1267060 2185
1267070 2181
1267080 2178
1267090 2175
1267100 2173
1267110 2170
1267120 2165
1267130 2159
1267140 2157
1267150 2154
1267160 2149
1267170 2151
1267180 2155
1267190 2159
1267200 2158
1267210 2159
1267220 2161
1267230 2157
1267240 2156
1267250 2156
1267260 2164
1267270 2171
1267280 2176
1267290 2179
1267300 2180
1267310 2182
1267320 2185
1267330 2187
1267340 2189
1267350 2190
1267360 2191
1267370 2194
1267380 2196
1267390 2201
1267400 2208
1267410 2216
1267420 2224
1267430 2234
1267440 2244
1267450 2252
1267460 2260
1267470 2267
1267480 2273
1267490 2279
1267500 2286
1267510 2293
1267520 2298
1267530 2302
1267540 2307
1267550 2311
1267560 2314
1267570 2314
1267580 2308
1267590 2301
1267600 2294
1267610 2286
1267620 2279
1267630 2273
1267640 2266
1267650 2260
1267660 2255
1267670 2250
1267680 2247
1267690 2243
1267700 2229
1267710 2216
1267720 2208
1267730 2216
1267740 2215
1267750 2210
1267760 2204
1267770 2197
1267780 2189
1267790 2181
1267800 2172
1267810 2165
1267820 2158
1267830 2151
1267840 2146
1267850 2141
1267860 2136
1267870 2131
1267880 2126
1267890 2120
1267900 2114
1267910 2108
1267920 2103
1267930 2097
1267940 2092
1267950 2086
1267960 2081
1267970 2077
1267980 2075
1267990 2071
1268000 2068
1268010 2065
1268020 2062
1268030 2057
1268040 2053
1268050 2047
1268060 2044
1268070 2041
1268080 2038
1268090 2034
1268100 2030
1268110 2026
1268120 2021
1268130 2016
1268140 2012
1268150 2007
1268160 2002
1268170 1997
1268180 1993
1268190 1988
1268200 1983
1268210 1979
1268220 1974
1268230 1970
1268240 1966
1268250 1961
1268260 1957
1268270 1953
1268280 1948
1268290 1944
1268300 1940
1268310 1935
1268320 1931
1268330 1926
1268340 1921
1268350 1917
1268360 1913
1268370 1909
1268380 1904
1268390 1900
1268400 1895
1268410 1891
1268420 1886
1268430 1882
1268440 1878
1268450 1873
1268460 1869
1268470 1864
1268480 1860
1268490 1855
1268500 1851
1268510 1847
1268520 1842
1268530 1838
1268540 1833
1268550 1828
1268560 1823
1268570 1819
1268580 1814
1268590 1808
1268600 1803
1268610 1798
1268620 1793
1268630 1788
1268640 1783
1268650 1778
1268660 1773
1268670 1769
1268680 1764
1268690 1759
1268700 1754
1268710 1750
1268720 1745
1268730 1740
1268740 1734
1268750 1729
1268760 1724
1268770 1719
1268780 1715
1268790 1709
1268800 1703
1268810 1697
1268820 1692
1268830 1688
1268840 1685
1268850 1681
1268860 1678
1268870 1674
1268880 1672
1268890 1669
1268900 1667
1268910 1663
1268920 1660
1268930 1657
1268940 1654
1268950 1650
1268960 1646
1268970 1642
1268980 1639
1268990 1636
1269000 1633
1269010 1630
1269020 1626
1269030 1623
1269040 1620
1269050 1617
1269060 1614
1269070 1612
1269080 1609
1269090 1605
1269100 1602
1269110 1599
1269120 1596
1269130 1595
1269140 1593
1269150 1590
1269160 1588
1269170 1586
1269180 1585
1269190 1584
1269200 1582
1269210 1580
1269220 1577
1269230 1575
1269240 1574
1269250 1571
1269260 1570
1269270 1568
1269280 1567
1269290 1566
1269300 1566
1269310 1564
1269320 1563
1269330 1562
1269340 1561
1269350 1560
1269360 1560
1269370 1559
1269380 1559
1269390 1560
1269400 1560
1269410 1560
1269420 1560
1269430 1560
1269440 1560
1269450 1559
1269460 1559
1269470 1559
1269480 1558
1269490 1557
1269500 1557
1269510 1558
1269520 1560
1269530 1562
1269540 1565
1269550 1568
1269560 1570
1269570 1572
1269580 1573
1269590 1574
1269600 1574
1269610 1575
1269620 1574
1269630 1573
1269640 1573
1269650 1572
1269660 1571
1269670 1571
1269680 1570
1269690 1570
1269700 1569
1269710 1569
1269720 1571
1269730 1571
1269740 1572
1269750 1572
1269760 1573
1269770 1574
1269780 1574
1269790 1576
1269800 1577
1269810 1578
1269820 1579
1269830 1580
1269840 1581
1269850 1583
1269860 1584
1269870 1586
1269880 1588
1269890 1589
1269900 1591
1269910 1591
1269920 1592
1269930 1592
1269940 1592
1269950 1593
1269960 1595
1269970 1597
1269980 1599
1269990 1601
1270000 1604
1270010 1606
1270020 1610
1270030 1616
1270040 1622
1270050 1629
1270060 1635
1270070 1640
1270080 1644
1270090 1647
1270100 1649
1270110 1652
1270120 1655
1270130 1658
1270140 1661
1270150 1665
1270160 1668
1270170 1672
1270180 1675
1270190 1680
1270200 1683
1270210 1686
1270220 1689
1270230 1692
1270240 1694
1270250 1694
1270260 1694
1270270 1695
1270280 1695
1270290 1697
1270300 1698
1270310 1700
1270320 1703
1270330 1706
1270340 1709
1270350 1712
1270360 1715
1270370 1719
1270380 1722
1270390 1726
1270400 1728
1270410 1731
1270420 1733
1270430 1735
1270440 1739
1270450 1742
1270460 1744
1270470 1745
1270480 1747
1270490 1749
1270500 1751
1270510 1752
1270520 1754
1270530 1756
1270540 1759
1270550 1762
1270560 1765
1270570 1768
1270580 1771
1270590 1774
1270600 1776
1270610 1779
1270620 1782
1270630 1785
1270640 1789
1270650 1793
1270660 1797
1270670 1800
1270680 1804
1270690 1807
1270700 1810
1270710 1814
1270720 1817
1270730 1820
1270740 1823
1270750 1825
1270760 1828
1270770 1831
1270780 1833
1270790 1835
1270800 1837
1270810 1840
1270820 1844
1270830 1846
1270840 1849
1270850 1852
1270860 1854
1270870 1857
1270880 1860
1270890 1864
1270900 1867
1270910 1870
1270920 1874
1270930 1878
1270940 1882
1270950 1885
1270960 1888
1270970 1891
1270980 1894
1270990 1898
1271000 1902
1271010 1905
1271020 1909
1271030 1912
1271040 1916
1271050 1919
1271060 1924
1271070 1928
1271080 1932
1271090 1934
1271100 1937
1271110 1941
1271120 1945
1271130 1949
1271140 1952
1271150 1955
1271160 1958
1271170 1961
1271180 1964
1271190 1967
1271200 1970
1271210 1973
1271220 1977
1271230 1980
1271240 1983
1271250 1987
1271260 1990
1271270 1994
1271280 1998
1271290 2002
1271300 2005
1271310 2009
1271320 2013
1271330 2016
1271340 2020
1271350 2025
1271360 2029
1271370 2033
1271380 2037
1271390 2041
1271400 2044
1271410 2048
1271420 2052
1271430 2055
1271440 2058
1271450 2060
1271460 2063
1271470 2065
1271480 2067
1271490 2070
1271500 2071
1271510 2072
1271520 2071
1271530 2071
1271540 2071
1271550 2072
1271560 2073
1271570 2072
1271580 2070
1271590 2066
1271600 2061
1271610 2057
1271620 2056
1271630 2056
1271640 2055
1271650 2054
1271660 2050
1271670 2046
1271680 2042
1271690 2040
1271700 2038
1271710 2037
1271720 2036
1271730 2035
1271740 2035
1271750 2035
1271760 2035
1271770 2036
1271780 2034
1271790 2032
1271800 2030
1271810 2027
1271820 2023
1271830 2020
1271840 2016
1271850 2012
1271860 2008
1271870 2005
1271880 2002
1271890 1998
1271900 1995
1271910 1991
1271920 1988
1271930 1984
1271940 1982
1271950 1979
1271960 1977
1271970 1974
1271980 1972
1271990 1971
1272000 1971
1272010 1971
1272020 1972
1272030 1970
1272040 1967
1272050 1964
1272060 1960
1272070 1957
1272080 1955
1272090 1952
1272100 1949
1272110 1947
1272120 1944
1272130 1942
1272140 1941
1272150 1939
1272160 1938
1272170 1936
1272180 1934
1272190 1932
1272200 1931
1272210 1929
1272220 1928
1272230 1929
1272240 1930
1272250 1928
1272260 1926
1272270 1923
1272280 1919
1272290 1916
1272300 1912
1272310 1907
1272320 1903
1272330 1901
1272340 1898
1272350 1895
1272360 1891
1272370 1885
1272380 1880
1272390 1876
1272400 1873
1272410 1870
1272420 1866
1272430 1861
1272440 1856
1272450 1852
1272460 1848
1272470 1843
1272480 1838
1272490 1833
1272500 1829
1272510 1826
1272520 1824
1272530 1822
1272540 1816
1272550 1811
1272560 1806
1272570 1802
1272580 1799
1272590 1796
1272600 1788
1272610 1780
1272620 1773
1272630 1770
1272640 1768
1272650 1767
1272660 1764
1272670 1758
1272680 1752
1272690 1747
1272700 1742
1272710 1734
1272720 1726
1272730 1719
1272740 1714
1272750 1709
1272760 1703
1272770 1697
1272780 1692
1272790 1687
1272800 1682
1272810 1677
1272820 1674
1272830 1671
1272840 1667
1272850 1663
1272860 1659
1272870 1656
1272880 1652
1272890 1649
1272900 1646
1272910 1643
1272920 1640
1272930 1637
1272940 1634
1272950 1632
1272960 1630
1272970 1628
1272980 1626
1272990 1624
1273000 1622
1273010 1621
1273020 1620
1273030 1620
1273040 1620
1273050 1619
1273060 1619
1273070 1619
1273080 1619
1273090 1619
1273100 1620
1273110 1620
1273120 1621
1273130 1623
1273140 1624
1273150 1626
1273160 1628
1273170 1630
1273180 1633
1273190 1636
1273200 1640
1273210 1645
1273220 1649
1273230 1655
1273240 1661
1273250 1667
1273260 1671
1273270 1677
1273280 1682
1273290 1687
1273300 1691
1273310 1695
1273320 1699
1273330 1703
1273340 1707
1273350 1713
1273360 1718
1273370 1723
1273380 1728
1273390 1733
1273400 1738
1273410 1743
1273420 1748
1273430 1752
1273440 1756
1273450 1759
1273460 1763
1273470 1766
1273480 1770
1273490 1773
1273500 1777
1273510 1781
1273520 1784
1273530 1788
1273540 1791
1273550 1795
1273560 1798
1273570 1801
1273580 1804
1273590 1807
1273600 1809
1273610 1811
1273620 1813
1273630 1815
1273640 1819
1273650 1824
1273660 1829
1273670 1834
1273680 1840
1273690 1845
1273700 1851
1273710 1854
1273720 1857
1273730 1860
1273740 1864
1273750 1868
1273760 1872
1273770 1875
1273780 1878
1273790 1881
1273800 1884
1273810 1887
1273820 1889
1273830 1892
1273840 1893
1273850 1893
1273860 1891
1273870 1890
1273880 1889
1273890 1887
1273900 1885
1273910 1884
1273920 1882
1273930 1880
1273940 1879
1273950 1877
1273960 1877
1273970 1877
1273980 1877
1273990 1876
1274000 1876
1274010 1876
1274020 1878
1274030 1881
1274040 1884
1274050 1888
1274060 1890
1274070 1890
1274080 1892
1274090 1893
1274100 1895
1274110 1896
1274120 1898
1274130 1902
1274140 1905
1274150 1909
1274160 1912
1274170 1914
1274180 1916
1274190 1917
1274200 1919
1274210 1920
1274220 1923
1274230 1926
1274240 1929
1274250 1933
1274260 1938
1274270 1943
1274280 1949
1274290 1954
1274300 1958
1274310 1962
1274320 1965
1274330 1968
1274340 1971
1274350 1973
1274360 1974
1274370 1974
1274380 1974
1274390 1975
1274400 1978
1274410 1980
1274420 1983
1274430 1988
1274440 1993
1274450 1998
1274460 2002
1274470 2005
1274480 2008
1274490 2011
1274500 2012
1274510 2013
1274520 2016
1274530 2020
1274540 2023
1274550 2027
1274560 2031
1274570 2034
1274580 2038
1274590 2042
1274600 2046
1274610 2049
1274620 2052
1274630 2055
1274640 2057
1274650 2058
1274660 2060
1274670 2060
1274680 2061
1274690 2061
1274700 2062
1274710 2062
1274720 2062
1274730 2062
1274740 2063
1274750 2064
1274760 2065
1274770 2066
1274780 2067
1274790 2068
1274800 2069
1274810 2071
1274820 2073
1274830 2075
1274840 2076
1274850 2078
1274860 2080
1274870 2081
1274880 2084
1274890 2086
1274900 2088
1274910 2088
1274920 2088
1274930 2088
1274940 2088
1274950 2089
1274960 2090
1274970 2091
1274980 2090
1274990 2087
1275000 2081
1275010 2074
1275020 2067
1275030 2060
1275040 2054
1275050 2049
1275060 2046
1275070 2042
1275080 2039
1275090 2037
1275100 2034
1275110 2032
1275120 2029
1275130 2026
1275140 2022
1275150 2019
1275160 2016
1275170 2014
1275180 2011
1275190 2008
1275200 2005
1275210 2003
1275220 1999
1275230 1996
1275240 1993
1275250 1989
1275260 1987
1275270 1984
1275280 1983
1275290 1981
1275300 1978
1275310 1976
1275320 1972
1275330 1969
1275340 1964
1275350 1960
1275360 1956
1275370 1953
1275380 1949
1275390 1946
1275400 1942
1275410 1937
1275420 1933
1275430 1930
1275440 1928
1275450 1925
1275460 1921
1275470 1917
1275480 1914
1275490 1912
1275500 1910
1275510 1909
1275520 1908
1275530 1908
1275540 1907
1275550 1907
1275560 1906
1275570 1905
1275580 1904
1275590 1902
1275600 1900
1275610 1898
1275620 1896
1275630 1894
1275640 1894
1275650 1894
1275660 1894
1275670 1894
1275680 1893
1275690 1891
1275700 1891
1275710 1890
1275720 1889
1275730 1889
1275740 1891
1275750 1892
1275760 1892
1275770 1892
1275780 1892
1275790 1892
1275800 1893
1275810 1893
1275820 1893
1275830 1893
1275840 1894
1275850 1895
1275860 1895
1275870 1896
1275880 1897
1275890 1898
1275900 1899
1275910 1900
1275920 1900
1275930 1901
1275940 1901
1275950 1902
1275960 1904
1275970 1906
1275980 1909
1275990 1912
1276000 1915
1276010 1917
1276020 1919
1276030 1920
1276040 1921
1276050 1923
1276060 1925
1276070 1927
1276080 1929
1276090 1930
1276100 1932
1276110 1933
1276120 1935
1276130 1936
1276140 1937
1276150 1937
1276160 1941
1276170 1943
1276180 1944
1276190 1946
1276200 1948
1276210 1950
1276220 1950
1276230 1952
1276240 1955
1276250 1959
1276260 1961
1276270 1963
1276280 1964
1276290 1968
1276300 1972
1276310 1975
1276320 1979
1276330 1982
1276340 1986
1276350 1989
1276360 1992
1276370 1996
1276380 1998
1276390 2001
1276400 2004
1276410 2007
1276420 2010
1276430 2013
1276440 2016
1276450 2020
1276460 2023
1276470 2026
1276480 2030
1276490 2033
1276500 2036
1276510 2039
1276520 2042
1276530 2044
1276540 2046
1276550 2048
1276560 2050
1276570 2053
1276580 2057
1276590 2061
1276600 2065
1276610 2070
1276620 2075
1276630 2079
1276640 2084
1276650 2088
1276660 2092
1276670 2096
1276680 2099
1276690 2102
1276700 2105
1276710 2107
1276720 2108
