1260000 2479
1260010 2480
1260020 2480
1260030 2482
1260040 2480
1260050 2476
1260060 2470
1260070 2464
1260080 2460
1260090 2457
1260100 2454
1260110 2452
1260120 2451
1260130 2452
1260140 2451
1260150 2450
1260160 2448
1260170 2447
1260180 2445
1260190 2442
1260200 2442
1260210 2443
1260220 2445
1260230 2446
1260240 2447
1260250 2447
1260260 2447
1260270 2447
1260280 2448
1260290 2448
1260300 2449
1260310 2451
1260320 2451
1260330 2452
1260340 2453
1260350 2458
1260360 2462
1260370 2467
1260380 2472
1260390 2477
1260400 2482
1260410 2487
1260420 2492
1260430 2498
1260440 2504
1260450 2511
1260460 2518
1260470 2521
1260480 2513
1260490 2505
1260500 2497
1260510 2490
1260520 2485
1260530 2481
1260540 2476
1260550 2470
1260560 2464
1260570 2458
1260580 2451
1260590 2444
1260600 2436
1260610 2428
1260620 2420
1260630 2412
1260640 2404
1260650 2397
1260660 2391
1260670 2386
1260680 2381
1260690 2376
1260700 2370
1260710 2365
1260720 2360
1260730 2356
1260740 2351
1260750 2347
1260760 2343
1260770 2338
1260780 2334
1260790 2329
1260800 2325
1260810 2322
1260820 2319
1260830 2316
1260840 2314
1260850 2312
1260860 2311
1260870 2310
1260880 2310
1260890 2308
1260900 2305
1260910 2302
1260920 2299
1260930 2296
1260940 2292
1260950 2290
1260960 2287
1260970 2285
1260980 2283
1260990 2280
1261000 2278
1261010 2276
1261020 2276
1261030 2275
1261040 2274
1261050 2270
1261060 2267
1261070 2265
1261080 2264
1261090 2262
1261100 2260
1261110 2253
1261120 2246
1261130 2239
1261140 2234
1261150 2230
1261160 2227
1261170 2224
1261180 2223
1261190 2221
1261200 2219
1261210 2219
1261220 2218
1261230 2216
1261240 2214
1261250 2211
1261260 2209
1261270 2206
1261280 2202
1261290 2198
1261300 2195
1261310 2192
1261320 2188
1261330 2183
1261340 2180
1261350 2177
1261360 2175
1261370 2173
1261380 2171
1261390 2168
1261400 2166
1261410 2163
1261420 2161
1261430 2158
1261440 2155
1261450 2152
1261460 2148
1261470 2144
1261480 2141
1261490 2136
1261500 2131
1261510 2125
1261520 2117
1261530 2109
1261540 2101
1261550 2094
1261560 2089
1261570 2084
1261580 2080
1261590 2075
1261600 2069
1261610 2064
1261620 2061
1261630 2059
1261640 2057
1261650 2056
1261660 2055
1261670 2054
1261680 2053
1261690 2052
1261700 2051
1261710 2050
1261720 2049
1261730 2048
1261740 2047
1261750 2046
1261760 2045
1261770 2043
1261780 2043
1261790 2043
1261800 2042
1261810 2041
1261820 2040
1261830 2040
1261840 2039
1261850 2039
1261860 2038
1261870 2038
1261880 2038
1261890 2039
1261900 2038
1261910 2038
1261920 2038
1261930 2038
1261940 2039
1261950 2040
1261960 2040
1261970 2040
1261980 2039
1261990 2039
1262000 2038
1262010 2038
1262020 2038
1262030 2038
1262040 2038
1262050 2038
1262060 2037
1262070 2037
1262080 2037
1262090 2036
1262100 2036
1262110 2036
1262120 2036
1262130 2036
1262140 2036
1262150 2036
1262160 2036
1262170 2036
1262180 2037
1262190 2037
1262200 2037
1262210 2037
1262220 2037
1262230 2037
1262240 2038
1262250 2039
1262260 2040
1262270 2041
1262280 2042
1262290 2042
1262300 2043
1262310 2044
1262320 2045
1262330 2046
1262340 2046
1262350 2045
1262360 2045
1262370 2044
1262380 2045
1262390 2046
1262400 2046
1262410 2046
1262420 2045
1262430 2041
1262440 2041
1262450 2041
1262460 2040
1262470 2045
1262480 2049
1262490 2053
1262500 2055
1262510 2057
1262520 2057
1262530 2055
1262540 2055
1262550 2056
1262560 2060
1262570 2060
1262580 2060
1262590 2061
1262600 2062
1262610 2064
1262620 2067
1262630 2069
1262640 2071
1262650 2074
1262660 2077
1262670 2080
1262680 2084
1262690 2088
1262700 2092
1262710 2096
1262720 2100
1262730 2104
1262740 2108
1262750 2112
1262760 2116
1262770 2121
1262780 2126
1262790 2183
1262800 2242
1262810 2260
1262820 2270
1262830 2278
1262840 2288
1262850 2291
1262860 2296
1262870 2304
1262880 2313
1262890 2323
1262900 2334
1262910 2343
1262920 2352
1262930 2361
1262940 2377
1262950 2387
1262960 2393
1262970 2392
1262980 2388
1262990 2383
1263000 2379
1263010 2377
1263020 2375
1263030 2371
1263040 2368
1263050 2362
1263060 2351
1263070 2338
1263080 2328
1263090 2321
1263100 2314
1263110 2307
1263120 2299
1263130 2289
1263140 2284
1263150 2282
1263160 2278
1263170 2273
1263180 2270
1263190 2273
1263200 2275
1263210 2278
1263220 2279
1263230 2280
1263240 2281
1263250 2282
1263260 2282
1263270 2283
1263280 2284
1263290 2284
1263300 2283
1263310 2283
1263320 2282
1263330 2281
1263340 2280
1263350 2279
1263360 2277
1263370 2276
1263380 2274
1263390 2272
1263400 2270
1263410 2268
1263420 2266
1263430 2264
1263440 2263
1263450 2261
1263460 2258
1263470 2256
1263480 2254
1263490 2252
1263500 2250
1263510 2248
1263520 2246
1263530 2244
1263540 2242
1263550 2241
1263560 2239
1263570 2237
1263580 2236
1263590 2236
1263600 2235
1263610 2236
1263620 2236
1263630 2236
1263640 2236
1263650 2237
1263660 2239
1263670 2242
1263680 2245
1263690 2248
1263700 2250
1263710 2251
1263720 2253
1263730 2254
1263740 2255
1263750 2257
1263760 2258
1263770 2259
1263780 2260
1263790 2262
1263800 2262
1263810 2263
1263820 2264
1263830 2265
1263840 2266
1263850 2267
1263860 2270
1263870 2272
1263880 2273
1263890 2275
1263900 2276
1263910 2277
1263920 2280
1263930 2283
1263940 2287
1263950 2292
1263960 2296
1263970 2299
1263980 2303
1263990 2307
1264000 2320
1264010 2357
1264020 2431
1264030 2487
1264040 2490
1264050 2482
1264060 2482
1264070 2495
1264080 2500
1264090 2506
1264100 2515
1264110 2541
1264120 2586
1264130 2642
1264140 2672
1264150 2687
1264160 2683
1264170 2629
1264180 2608
1264190 2598
1264200 2581
1264210 2572
1264220 2567
1264230 2563
1264240 2558
1264250 2553
1264260 2547
1264270 2537
1264280 2525
1264290 2513
1264300 2501
1264310 2492
1264320 2484
1264330 2473
1264340 2457
1264350 2440
1264360 2422
1264370 2409
1264380 2398
1264390 2384
1264400 2377
1264410 2371
1264420 2366
1264430 2360
1264440 2353
1264450 2347
1264460 2340
1264470 2333
1264480 2326
1264490 2314
1264500 2304
1264510 2295
1264520 2292
1264530 2289
1264540 2286
1264550 2282
1264560 2278
1264570 2274
1264580 2270
1264590 2265
1264600 2261
1264610 2257
1264620 2253
1264630 2249
1264640 2245
1264650 2240
1264660 2236
1264670 2231
1264680 2227
1264690 2223
1264700 2219
1264710 2215
1264720 2210
1264730 2206
1264740 2202
1264750 2198
1264760 2194
1264770 2189
1264780 2185
1264790 2181
1264800 2178
1264810 2174
1264820 2170
1264830 2167
1264840 2163
1264850 2159
1264860 2156
1264870 2153
1264880 2149
1264890 2146
1264900 2143
1264910 2139
1264920 2136
1264930 2133
1264940 2130
1264950 2128
1264960 2125
1264970 2123
1264980 2120
1264990 2118
1265000 2115
1265010 2113
1265020 2110
1265030 2108
1265040 2106
1265050 2104
1265060 2102
1265070 2099
1265080 2096
1265090 2093
1265100 2090
1265110 2087
1265120 2085
1265130 2082
1265140 2079
1265150 2076
1265160 2073
1265170 2071
1265180 2068
1265190 2066
1265200 2063
1265210 2060
1265220 2055
1265230 2048
1265240 2035
1265250 2021
1265260 2008
1265270 1999
1265280 1992
1265290 1986
1265300 1980
1265310 1973
1265320 1967
1265330 1963
1265340 1961
1265350 1959
1265360 1956
1265370 1954
1265380 1951
1265390 1949
1265400 1947
1265410 1944
1265420 1941
1265430 1938
1265440 1936
1265450 1933
1265460 1931
1265470 1929
1265480 1926
1265490 1925
1265500 1924
1265510 1925
1265520 1927
1265530 1929
1265540 1929
1265550 1930
1265560 1930
1265570 1930
1265580 1930
1265590 1930
1265600 1930
1265610 1929
1265620 1928
1265630 1928
1265640 1927
1265650 1926
1265660 1925
1265670 1924
1265680 1923
1265690 1921
1265700 1920
1265710 1918
1265720 1917
1265730 1915
1265740 1913
1265750 1912
1265760 1911
1265770 1910
1265780 1909
1265790 1909
1265800 1909
1265810 1908
1265820 1908
1265830 1907
1265840 1907
1265850 1907
1265860 1907
1265870 1906
1265880 1904
1265890 1904
1265900 1904
1265910 1903
1265920 1902
1265930 1902
1265940 1900
1265950 1899
1265960 1899
1265970 1899
1265980 1900
1265990 1901
1266000 1901
1266010 1901
1266020 1900
1266030 1900
1266040 1899
1266050 1898
1266060 1895
1266070 1894
1266080 1907
1266090 1936
1266100 1966
1266110 1985
1266120 1990
1266130 1992
1266140 1992
1266150 1989
1266160 1987
1266170 1991
1266180 1999
1266190 2017
1266200 2032
1266210 2045
1266220 2050
1266230 2059
1266240 2070
1266250 2082
1266260 2092
1266270 2103
1266280 2113
1266290 2114
1266300 2112
1266310 2106
1266320 2100
1266330 2096
1266340 2092
1266350 2089
1266360 2084
1266370 2078
1266380 2071
1266390 2062
1266400 2050
1266410 2036
1266420 2021
1266430 2009
1266440 2003
1266450 2024
1266460 2045
1266470 2059
1266480 2065
1266490 2069
1266500 2071
1266510 2062
1266520 2048
1266530 2030
1266540 2029
1266550 2028
1266560 2027
1266570 2026
1266580 2025
1266590 2027
1266600 2036
1266610 2050
1266620 2067
1266630 2087
1266640 2115
1266650 2140
1266660 2155
1266670 2160
1266680 2164
1266690 2170
1266700 2171
1266710 2172
1266720 2174
1266730 2179
1266740 2189
1266750 2203
1266760 2208
1266770 2218
1266780 2237
1266790 2284
1266800 2310
1266810 2322
1266820 2321
1266830 2321
1266840 2333
1266850 2369
1266860 2357
1266870 2341
1266880 2329
1266890 2334
1266900 2349
1266910 2372
1266920 2360
1266930 2346
1266940 2331
1266950 2327
1266960 2318
1266970 2307
1266980 2296
1266990 2294
1267000 2294
1267010 2285
1267020 2280
1267030 2273
1267040 2263
1267050 2250
1267060 2240
1267070 2232
1267080 2228
1267090 2226
1267100 2226
1267110 2231
1267120 2238
1267130 2247
1267140 2259
1267150 2260
1267160 2253
1267170 2253
1267180 2251
1267190 2248
1267200 2243
1267210 2239
1267220 2238
1267230 2242
1267240 2245
1267250 2246
1267260 2244
1267270 2246
1267280 2250
1267290 2256
1267300 2262
1267310 2268
1267320 2275
1267330 2281
1267340 2287
1267350 2293
1267360 2301
1267370 2308
1267380 2313
1267390 2316
1267400 2319
1267410 2321
1267420 2317
1267430 2307
1267440 2296
1267450 2289
1267460 2293
1267470 2298
1267480 2304
1267490 2310
1267500 2319
1267510 2328
1267520 2335
1267530 2342
1267540 2347
1267550 2345
1267560 2339
1267570 2329
1267580 2323
1267590 2318
1267600 2312
1267610 2307
1267620 2301
1267630 2296
1267640 2290
1267650 2284
1267660 2277
1267670 2271
1267680 2264
1267690 2258
1267700 2252
1267710 2246
1267720 2240
1267730 2234
1267740 2227
1267750 2221
1267760 2214
1267770 2208
1267780 2202
1267790 2197
1267800 2194
1267810 2187
1267820 2179
1267830 2167
1267840 2157
1267850 2147
1267860 2139
1267870 2132
1267880 2125
1267890 2118
1267900 2112
1267910 2105
1267920 2099
1267930 2093
1267940 2087
1267950 2081
1267960 2077
1267970 2079
1267980 2080
1267990 2064
1268000 2057
1268010 2052
1268020 2046
1268030 2041
1268040 2036
1268050 2031
1268060 2026
1268070 2021
1268080 2017
1268090 2012
1268100 2009
1268110 2007
1268120 2002
1268130 1997
1268140 1992
1268150 1986
1268160 1981
1268170 1975
1268180 1969
1268190 1963
1268200 1957
1268210 1952
1268220 1947
1268230 1942
1268240 1937
1268250 1933
1268260 1928
1268270 1925
1268280 1921
1268290 1917
1268300 1913
1268310 1909
1268320 1905
1268330 1901
1268340 1897
1268350 1893
1268360 1888
1268370 1884
1268380 1880
1268390 1875
1268400 1871
1268410 1867
1268420 1863
1268430 1858
1268440 1855
1268450 1851
1268460 1847
1268470 1843
1268480 1839
1268490 1836
1268500 1832
1268510 1828
1268520 1824
1268530 1820
1268540 1816
1268550 1812
1268560 1807
1268570 1803
1268580 1798
1268590 1794
1268600 1791
1268610 1787
1268620 1783
1268630 1779
1268640 1776
1268650 1772
1268660 1770
1268670 1768
1268680 1766
1268690 1764
1268700 1762
1268710 1760
1268720 1757
1268730 1753
1268740 1749
1268750 1745
1268760 1741
1268770 1737
1268780 1734
1268790 1730
1268800 1726
1268810 1722
1268820 1718
1268830 1715
1268840 1711
1268850 1706
1268860 1702
1268870 1698
1268880 1695
1268890 1691
1268900 1687
1268910 1683
1268920 1679
1268930 1675
1268940 1671
1268950 1667
1268960 1664
1268970 1660
1268980 1656
1268990 1652
1269000 1649
1269010 1646
1269020 1642
1269030 1639
1269040 1636
1269050 1633
1269060 1632
1269070 1632
1269080 1631
1269090 1628
1269100 1624
1269110 1621
1269120 1619
1269130 1616
1269140 1614
1269150 1612
1269160 1610
1269170 1609
1269180 1608
1269190 1606
1269200 1606
1269210 1606
1269220 1607
1269230 1607
1269240 1607
1269250 1607
1269260 1608
1269270 1609
1269280 1609
1269290 1608
1269300 1606
1269310 1605
1269320 1604
1269330 1603
1269340 1603
1269350 1603
1269360 1602
1269370 1603
1269380 1603
1269390 1604
1269400 1605
1269410 1606
1269420 1608
1269430 1609
1269440 1610
1269450 1611
1269460 1612
1269470 1613
1269480 1612
1269490 1611
1269500 1611
1269510 1610
1269520 1609
1269530 1608
1269540 1607
1269550 1606
1269560 1606
1269570 1604
1269580 1602
1269590 1600
1269600 1598
1269610 1596
1269620 1595
1269630 1594
1269640 1593
1269650 1592
1269660 1592
1269670 1592
1269680 1593
1269690 1593
1269700 1594
1269710 1595
1269720 1599
1269730 1601
1269740 1604
1269750 1605
1269760 1606
1269770 1606
1269780 1605
1269790 1606
1269800 1608
1269810 1610
1269820 1612
1269830 1613
1269840 1615
1269850 1616
1269860 1616
1269870 1617
1269880 1618
1269890 1618
1269900 1619
1269910 1619
1269920 1619
1269930 1619
1269940 1619
1269950 1618
1269960 1618
1269970 1617
1269980 1617
1269990 1617
1270000 1617
1270010 1618
1270020 1618
1270030 1619
1270040 1620
1270050 1622
1270060 1624
1270070 1627
1270080 1631
1270090 1635
1270100 1640
1270110 1643
1270120 1648
1270130 1653
1270140 1656
1270150 1659
1270160 1663
1270170 1667
1270180 1670
1270190 1674
1270200 1677
1270210 1681
1270220 1684
1270230 1687
1270240 1690
1270250 1694
1270260 1698
1270270 1700
1270280 1703
1270290 1706
1270300 1708
1270310 1711
1270320 1714
1270330 1717
1270340 1721
1270350 1724
1270360 1727
1270370 1730
1270380 1733
1270390 1737
1270400 1740
1270410 1743
1270420 1747
1270430 1751
1270440 1754
1270450 1756
1270460 1758
1270470 1760
1270480 1762
1270490 1766
1270500 1770
1270510 1774
1270520 1777
1270530 1780
1270540 1783
1270550 1786
1270560 1789
1270570 1791
1270580 1794
1270590 1797
1270600 1800
1270610 1803
1270620 1806
1270630 1810
1270640 1813
1270650 1816
1270660 1819
1270670 1822
1270680 1826
1270690 1829
1270700 1832
1270710 1835
1270720 1838
1270730 1841
1270740 1843
1270750 1845
1270760 1846
1270770 1847
1270780 1847
1270790 1846
1270800 1846
1270810 1845
1270820 1845
1270830 1846
1270840 1848
1270850 1850
1270860 1853
1270870 1857
1270880 1860
1270890 1862
1270900 1865
1270910 1868
1270920 1871
1270930 1875
1270940 1879
1270950 1883
1270960 1888
1270970 1892
1270980 1897
1270990 1901
1271000 1905
1271010 1908
1271020 1911
1271030 1913
1271040 1915
1271050 1917
1271060 1920
1271070 1924
1271080 1928
1271090 1932
1271100 1935
1271110 1938
1271120 1940
1271130 1943
1271140 1945
1271150 1948
1271160 1951
1271170 1954
1271180 1958
1271190 1960
1271200 1963
1271210 1965
1271220 1969
1271230 1973
1271240 1979
1271250 1982
1271260 1986
1271270 1990
1271280 1993
1271290 1995
1271300 1997
1271310 1999
1271320 2003
1271330 2007
1271340 2010
1271350 2013
1271360 2017
1271370 2020
1271380 2023
1271390 2026
1271400 2029
1271410 2032
1271420 2035
1271430 2038
1271440 2041
1271450 2044
1271460 2047
1271470 2050
1271480 2053
1271490 2056
1271500 2060
1271510 2063
1271520 2066
1271530 2070
1271540 2074
1271550 2078
1271560 2080
1271570 2082
1271580 2084
1271590 2085
1271600 2083
1271610 2082
1271620 2083
1271630 2082
1271640 2080
1271650 2080
1271660 2079
1271670 2078
1271680 2077
1271690 2075
1271700 2073
1271710 2070
1271720 2067
1271730 2064
1271740 2060
1271750 2055
1271760 2051
1271770 2046
1271780 2043
1271790 2040
1271800 2037
1271810 2033
1271820 2029
1271830 2025
1271840 2023
1271850 2021
1271860 2019
1271870 2017
1271880 2015
1271890 2013
1271900 2011
1271910 2008
1271920 2004
1271930 2000
1271940 1997
1271950 1994
1271960 1992
1271970 1990
1271980 1988
1271990 1987
1272000 1986
1272010 1984
1272020 1982
1272030 1981
1272040 1979
1272050 1977
1272060 1975
1272070 1973
1272080 1971
1272090 1969
1272100 1966
1272110 1964
1272120 1962
1272130 1959
1272140 1957
1272150 1955
1272160 1952
1272170 1951
1272180 1949
1272190 1948
1272200 1946
1272210 1945
1272220 1943
1272230 1941
1272240 1940
1272250 1938
1272260 1934
1272270 1931
1272280 1928
1272290 1925
1272300 1922
1272310 1918
1272320 1914
1272330 1912
1272340 1909
1272350 1907
1272360 1905
1272370 1902
1272380 1901
1272390 1898
1272400 1896
1272410 1894
1272420 1892
1272430 1889
1272440 1887
1272450 1884
1272460 1881
1272470 1879
1272480 1875
1272490 1872
1272500 1869
1272510 1865
1272520 1861
1272530 1858
1272540 1855
1272550 1852
1272560 1848
1272570 1843
1272580 1837
1272590 1831
1272600 1824
1272610 1819
1272620 1813
1272630 1808
1272640 1802
1272650 1796
1272660 1790
1272670 1785
1272680 1779
1272690 1773
1272700 1767
1272710 1760
1272720 1754
1272730 1748
1272740 1740
1272750 1732
1272760 1726
1272770 1720
1272780 1714
1272790 1708
1272800 1702
1272810 1697
1272820 1692
1272830 1687
1272840 1681
1272850 1676
1272860 1672
1272870 1667
1272880 1663
1272890 1659
1272900 1655
1272910 1651
1272920 1647
1272930 1642
1272940 1638
1272950 1635
1272960 1631
1272970 1628
1272980 1625
1272990 1623
1273000 1623
1273010 1623
1273020 1623
1273030 1623
1273040 1624
1273050 1624
1273060 1625
1273070 1627
1273080 1629
1273090 1631
1273100 1632
1273110 1634
1273120 1636
1273130 1639
1273140 1641
1273150 1643
1273160 1646
1273170 1649
1273180 1652
1273190 1655
1273200 1657
1273210 1658
1273220 1658
1273230 1660
1273240 1664
1273250 1668
1273260 1672
1273270 1676
1273280 1680
1273290 1684
1273300 1688
1273310 1693
1273320 1697
1273330 1702
1273340 1707
1273350 1713
1273360 1717
1273370 1721
1273380 1725
1273390 1729
1273400 1734
1273410 1738
1273420 1743
1273430 1748
1273440 1752
1273450 1756
1273460 1759
1273470 1763
1273480 1766
1273490 1770
1273500 1773
1273510 1777
1273520 1780
1273530 1784
1273540 1787
1273550 1791
1273560 1795
1273570 1799
1273580 1803
1273590 1807
1273600 1811
1273610 1814
1273620 1818
1273630 1822
1273640 1826
1273650 1830
1273660 1834
1273670 1838
1273680 1842
1273690 1847
1273700 1851
1273710 1855
1273720 1859
1273730 1862
1273740 1864
1273750 1867
1273760 1870
1273770 1873
1273780 1876
1273790 1879
1273800 1881
1273810 1884
1273820 1888
1273830 1890
1273840 1894
1273850 1897
1273860 1901
1273870 1905
1273880 1908
1273890 1912
1273900 1916
1273910 1919
1273920 1922
1273930 1924
1273940 1926
1273950 1927
1273960 1928
1273970 1928
1273980 1928
1273990 1927
1274000 1927
1274010 1928
1274020 1931
1274030 1933
1274040 1933
1274050 1934
1274060 1934
1274070 1935
1274080 1936
1274090 1936
1274100 1937
1274110 1938
1274120 1939
1274130 1940
1274140 1942
1274150 1944
1274160 1947
1274170 1950
1274180 1953
1274190 1956
1274200 1959
1274210 1961
1274220 1964
1274230 1966
1274240 1968
1274250 1970
1274260 1973
1274270 1975
1274280 1978
1274290 1981
1274300 1984
1274310 1988
1274320 1992
1274330 1997
1274340 2001
1274350 2002
1274360 2000
1274370 2001
1274380 2004
1274390 2006
1274400 2006
1274410 2005
1274420 2005
1274430 2006
1274440 2006
1274450 2006
1274460 2010
1274470 2014
1274480 2018
1274490 2022
1274500 2026
1274510 2031
1274520 2036
1274530 2040
1274540 2043
1274550 2045
1274560 2046
1274570 2049
1274580 2052
1274590 2055
1274600 2056
1274610 2058
1274620 2060
1274630 2062
1274640 2063
1274650 2064
1274660 2066
1274670 2067
1274680 2068
1274690 2070
1274700 2071
1274710 2074
1274720 2076
1274730 2077
1274740 2079
1274750 2081
1274760 2083
1274770 2086
1274780 2088
1274790 2089
1274800 2091
1274810 2092
1274820 2095
1274830 2097
1274840 2099
1274850 2100
1274860 2101
1274870 2102
1274880 2103
1274890 2103
1274900 2105
1274910 2105
1274920 2106
1274930 2106
1274940 2106
1274950 2106
1274960 2105
1274970 2101
1274980 2096
1274990 2090
1275000 2086
1275010 2081
1275020 2076
1275030 2072
1275040 2067
1275050 2062
1275060 2058
1275070 2053
1275080 2048
1275090 2045
1275100 2040
1275110 2036
1275120 2032
1275130 2027
1275140 2021
1275150 2016
1275160 2010
1275170 2006
1275180 2003
1275190 2002
1275200 2000
1275210 2000
1275220 1999
1275230 1996
1275240 1993
1275250 1990
1275260 1988
1275270 1986
1275280 1984
1275290 1981
1275300 1978
1275310 1975
1275320 1972
1275330 1970
1275340 1968
1275350 1967
1275360 1965
1275370 1963
1275380 1961
1275390 1958
1275400 1956
1275410 1953
1275420 1950
1275430 1948
1275440 1945
1275450 1943
1275460 1942
1275470 1942
1275480 1943
1275490 1944
1275500 1944
1275510 1944
1275520 1944
1275530 1943
1275540 1943
1275550 1942
1275560 1942
1275570 1941
1275580 1940
1275590 1939
1275600 1939
1275610 1938
1275620 1938
1275630 1937
1275640 1936
1275650 1936
1275660 1935
1275670 1936
1275680 1937
1275690 1937
1275700 1939
1275710 1939
1275720 1940
1275730 1940
1275740 1940
1275750 1939
1275760 1938
1275770 1938
1275780 1937
1275790 1937
1275800 1937
1275810 1937
1275820 1937
1275830 1937
1275840 1937
1275850 1937
1275860 1938
1275870 1940
1275880 1941
1275890 1942
1275900 1943
1275910 1943
1275920 1944
1275930 1945
1275940 1947
1275950 1948
1275960 1949
1275970 1950
1275980 1952
1275990 1953
1276000 1955
1276010 1958
1276020 1961
1276030 1963
1276040 1966
1276050 1967
1276060 1968
1276070 1969
1276080 1972
1276090 1975
1276100 1976
1276110 1977
1276120 1978
1276130 1980
1276140 1981
1276150 1982
1276160 1984
1276170 1986
1276180 1988
1276190 1989
1276200 1990
1276210 1992
1276220 1993
1276230 1995
1276240 1998
1276250 2000
1276260 2001
1276270 2003
1276280 2004
1276290 2005
1276300 2008
1276310 2011
1276320 2015
1276330 2017
1276340 2019
1276350 2022
1276360 2024
1276370 2026
1276380 2028
1276390 2029
1276400 2032
1276410 2035
1276420 2040
1276430 2045
1276440 2050
1276450 2054
1276460 2057
1276470 2061
1276480 2064
1276490 2068
1276500 2071
1276510 2074
1276520 2077
1276530 2080
1276540 2082
1276550 2084
1276560 2086
1276570 2088
1276580 2091
1276590 2093
1276600 2096
1276610 2100
1276620 2104
1276630 2108
1276640 2113
1276650 2116
1276660 2118
1276670 2121
1276680 2122
1276690 2123
1276700 2124
1276710 2125
1276720 2126
1276730 2128
1276740 2130
1276750 2133
1276760 2136
1276770 2138
1276780 2139
