1260000 2503
1260010 2507
1260020 2511
1260030 2515
1260040 2519
1260050 2529
1260060 2536
1260070 2537
1260080 2535
1260090 2533
1260100 2530
1260110 2530
1260120 2529
1260130 2529
1260140 2527
1260150 2525
1260160 2523
1260170 2520
1260180 2520
1260190 2521
1260200 2521
1260210 2522
1260220 2521
1260230 2519
1260240 2518
1260250 2517
1260260 2517
1260270 2518
1260280 2517
1260290 2516
1260300 2517
1260310 2519
1260320 2523
1260330 2527
1260340 2533
1260350 2541
1260360 2541
1260370 2538
1260380 2532
1260390 2526
1260400 2520
1260410 2513
1260420 2507
1260430 2500
1260440 2494
1260450 2488
1260460 2482
1260470 2476
1260480 2469
1260490 2464
1260500 2459
1260510 2455
1260520 2451
1260530 2447
1260540 2442
1260550 2438
1260560 2434
1260570 2429
1260580 2424
1260590 2420
1260600 2416
1260610 2412
1260620 2407
1260630 2401
1260640 2395
1260650 2389
1260660 2383
1260670 2377
1260680 2373
1260690 2369
1260700 2364
1260710 2360
1260720 2356
1260730 2353
1260740 2350
1260750 2347
1260760 2345
1260770 2342
1260780 2340
1260790 2337
1260800 2334
1260810 2332
1260820 2330
1260830 2328
1260840 2326
1260850 2324
1260860 2322
1260870 2320
1260880 2319
1260890 2318
1260900 2316
1260910 2315
1260920 2313
1260930 2311
1260940 2309
1260950 2306
1260960 2303
1260970 2301
1260980 2299
1260990 2296
1261000 2294
1261010 2292
1261020 2290
1261030 2288
1261040 2287
1261050 2285
1261060 2282
1261070 2279
1261080 2277
1261090 2275
1261100 2273
1261110 2271
1261120 2270
1261130 2269
1261140 2267
1261150 2266
1261160 2265
1261170 2264
1261180 2263
1261190 2263
1261200 2263
1261210 2263
1261220 2263
1261230 2263
1261240 2263
1261250 2262
1261260 2261
1261270 2260
1261280 2258
1261290 2254
1261300 2250
1261310 2245
1261320 2240
1261330 2236
1261340 2231
1261350 2226
1261360 2222
1261370 2218
1261380 2215
1261390 2212
1261400 2210
1261410 2208
1261420 2205
1261430 2202
1261440 2199
1261450 2196
1261460 2193
1261470 2190
1261480 2187
1261490 2184
1261500 2181
1261510 2178
1261520 2175
1261530 2172
1261540 2169
1261550 2167
1261560 2164
1261570 2161
1261580 2159
1261590 2156
1261600 2153
1261610 2150
1261620 2146
1261630 2143
1261640 2140
1261650 2137
1261660 2135
1261670 2132
1261680 2129
1261690 2125
1261700 2122
1261710 2119
1261720 2117
1261730 2115
1261740 2114
1261750 2114
1261760 2114
1261770 2114
1261780 2114
1261790 2114
1261800 2113
1261810 2113
1261820 2113
1261830 2113
1261840 2112
1261850 2111
1261860 2111
1261870 2111
1261880 2111
1261890 2111
1261900 2111
1261910 2111
1261920 2111
1261930 2112
1261940 2113
1261950 2113
1261960 2114
1261970 2115
1261980 2116
1261990 2117
1262000 2118
1262010 2119
1262020 2119
1262030 2120
1262040 2120
1262050 2121
1262060 2121
1262070 2122
1262080 2122
1262090 2122
1262100 2123
1262110 2123
1262120 2123
1262130 2123
1262140 2123
1262150 2124
1262160 2124
1262170 2124
1262180 2124
1262190 2125
1262200 2125
1262210 2125
1262220 2124
1262230 2124
1262240 2124
1262250 2124
1262260 2123
1262270 2122
1262280 2122
1262290 2121
1262300 2120
1262310 2120
1262320 2119
1262330 2119
1262340 2119
1262350 2118
1262360 2117
1262370 2116
1262380 2116
1262390 2116
1262400 2116
1262410 2117
1262420 2117
1262430 2117
1262440 2117
1262450 2118
1262460 2120
1262470 2121
1262480 2121
1262490 2122
1262500 2124
1262510 2126
1262520 2128
1262530 2131
1262540 2133
1262550 2136
1262560 2139
1262570 2142
1262580 2145
1262590 2148
1262600 2150
1262610 2150
1262620 2168
1262630 2246
1262640 2274
1262650 2287
1262660 2298
1262670 2303
1262680 2308
1262690 2314
1262700 2320
1262710 2333
1262720 2355
1262730 2368
1262740 2387
1262750 2410
1262760 2416
1262770 2415
1262780 2412
1262790 2426
1262800 2437
1262810 2446
1262820 2454
1262830 2462
1262840 2468
1262850 2473
1262860 2481
1262870 2492
1262880 2509
1262890 2522
1262900 2528
1262910 2526
1262920 2545
1262930 2566
1262940 2589
1262950 2586
1262960 2582
1262970 2578
1262980 2575
1262990 2571
1263000 2566
1263010 2561
1263020 2552
1263030 2543
1263040 2533
1263050 2520
1263060 2510
1263070 2508
1263080 2506
1263090 2505
1263100 2503
1263110 2500
1263120 2495
1263130 2491
1263140 2490
1263150 2490
1263160 2488
1263170 2482
1263180 2477
1263190 2472
1263200 2464
1263210 2467
1263220 2468
1263230 2455
1263240 2457
1263250 2462
1263260 2465
1263270 2486
1263280 2509
1263290 2530
1263300 2543
1263310 2529
1263320 2479
1263330 2465
1263340 2452
1263350 2439
1263360 2416
1263370 2404
1263380 2400
1263390 2396
1263400 2392
1263410 2387
1263420 2383
1263430 2380
1263440 2376
1263450 2373
1263460 2362
1263470 2352
1263480 2348
1263490 2344
1263500 2341
1263510 2339
1263520 2337
1263530 2335
1263540 2333
1263550 2331
1263560 2329
1263570 2328
1263580 2327
1263590 2329
1263600 2330
1263610 2330
1263620 2330
1263630 2330
1263640 2330
1263650 2331
1263660 2332
1263670 2332
1263680 2333
1263690 2333
1263700 2332
1263710 2332
1263720 2332
1263730 2332
1263740 2332
1263750 2333
1263760 2333
1263770 2334
1263780 2334
1263790 2335
1263800 2335
1263810 2336
1263820 2336
1263830 2337
1263840 2339
1263850 2341
1263860 2342
1263870 2344
1263880 2346
1263890 2347
1263900 2350
1263910 2352
1263920 2354
1263930 2357
1263940 2359
1263950 2361
1263960 2363
1263970 2364
1263980 2366
1263990 2368
1264000 2370
1264010 2372
1264020 2371
1264030 2370
1264040 2375
1264050 2398
1264060 2421
1264070 2450
1264080 2489
1264090 2518
1264100 2541
1264110 2557
1264120 2569
1264130 2583
1264140 2601
1264150 2607
1264160 2614
1264170 2620
1264180 2626
1264190 2642
1264200 2662
1264210 2671
1264220 2679
1264230 2686
1264240 2692
1264250 2696
1264260 2701
1264270 2709
1264280 2714
1264290 2719
1264300 2728
1264310 2715
1264320 2672
1264330 2594
1264340 2568
1264350 2530
1264360 2486
1264370 2481
1264380 2474
1264390 2466
1264400 2456
1264410 2447
1264420 2440
1264430 2431
1264440 2423
1264450 2416
1264460 2409
1264470 2398
1264480 2387
1264490 2378
1264500 2371
1264510 2364
1264520 2356
1264530 2351
1264540 2346
1264550 2341
1264560 2336
1264570 2331
1264580 2326
1264590 2321
1264600 2317
1264610 2313
1264620 2310
1264630 2306
1264640 2302
1264650 2298
1264660 2294
1264670 2291
1264680 2287
1264690 2284
1264700 2282
1264710 2283
1264720 2283
1264730 2283
1264740 2282
1264750 2286
1264760 2290
1264770 2293
1264780 2288
1264790 2283
1264800 2279
1264810 2272
1264820 2264
1264830 2257
1264840 2249
1264850 2243
1264860 2234
1264870 2216
1264880 2207
1264890 2201
1264900 2199
1264910 2199
1264920 2199
1264930 2197
1264940 2195
1264950 2192
1264960 2190
1264970 2187
1264980 2185
1264990 2183
1265000 2180
1265010 2178
1265020 2176
1265030 2174
1265040 2172
1265050 2170
1265060 2168
1265070 2167
1265080 2165
1265090 2162
1265100 2159
1265110 2157
1265120 2155
1265130 2153
1265140 2151
1265150 2148
1265160 2145
1265170 2143
1265180 2141
1265190 2138
1265200 2136
1265210 2133
1265220 2131
1265230 2129
1265240 2127
1265250 2125
1265260 2123
1265270 2121
1265280 2120
1265290 2119
1265300 2118
1265310 2116
1265320 2117
1265330 2117
1265340 2118
1265350 2118
1265360 2117
1265370 2117
1265380 2117
1265390 2115
1265400 2113
1265410 2111
1265420 2109
1265430 2106
1265440 2097
1265450 2090
1265460 2080
1265470 2059
1265480 2052
1265490 2043
1265500 2028
1265510 2022
1265520 2019
1265530 2017
1265540 2016
1265550 2017
1265560 2019
1265570 2020
1265580 2020
1265590 2020
1265600 2019
1265610 2018
1265620 2017
1265630 2019
1265640 2018
1265650 2017
1265660 2017
1265670 2018
1265680 2018
1265690 2019
1265700 2020
1265710 2020
1265720 2021
1265730 2022
1265740 2023
1265750 2026
1265760 2027
1265770 2028
1265780 2029
1265790 2029
1265800 2028
1265810 2027
1265820 2024
1265830 2038
1265840 2058
1265850 2080
1265860 2074
1265870 2074
1265880 2100
1265890 2128
1265900 2152
1265910 2168
1265920 2153
1265930 2147
1265940 2151
1265950 2189
1265960 2198
1265970 2188
1265980 2202
1265990 2233
1266000 2278
1266010 2347
1266020 2393
1266030 2426
1266040 2448
1266050 2456
1266060 2458
1266070 2454
1266080 2448
1266090 2442
1266100 2439
1266110 2436
1266120 2431
1266130 2421
1266140 2425
1266150 2428
1266160 2430
1266170 2428
1266180 2424
1266190 2421
1266200 2417
1266210 2413
1266220 2409
1266230 2399
1266240 2393
1266250 2386
1266260 2378
1266270 2372
1266280 2366
1266290 2360
1266300 2346
1266310 2335
1266320 2329
1266330 2324
1266340 2317
1266350 2310
1266360 2304
1266370 2297
1266380 2291
1266390 2284
1266400 2278
1266410 2274
1266420 2276
1266430 2288
1266440 2307
1266450 2329
1266460 2340
1266470 2349
1266480 2361
1266490 2367
1266500 2371
1266510 2376
1266520 2377
1266530 2381
1266540 2387
1266550 2394
1266560 2400
1266570 2406
1266580 2413
1266590 2422
1266600 2433
1266610 2446
1266620 2459
1266630 2472
1266640 2484
1266650 2494
1266660 2499
1266670 2494
1266680 2491
1266690 2488
1266700 2483
1266710 2488
1266720 2491
1266730 2492
1266740 2498
1266750 2501
1266760 2502
1266770 2499
1266780 2497
1266790 2494
1266800 2491
1266810 2489
1266820 2487
1266830 2484
1266840 2482
1266850 2480
1266860 2477
1266870 2476
1266880 2475
1266890 2474
1266900 2473
1266910 2472
1266920 2472
1266930 2471
1266940 2471
1266950 2472
1266960 2469
1266970 2466
1266980 2462
1266990 2462
1267000 2462
1267010 2462
1267020 2461
1267030 2457
1267040 2454
1267050 2451
1267060 2450
1267070 2451
1267080 2453
1267090 2456
1267100 2457
1267110 2458
1267120 2458
1267130 2460
1267140 2464
1267150 2464
1267160 2464
1267170 2463
1267180 2464
1267190 2465
1267200 2465
1267210 2465
1267220 2466
1267230 2468
1267240 2470
1267250 2470
1267260 2471
1267270 2473
1267280 2475
1267290 2476
1267300 2477
1267310 2475
1267320 2475
1267330 2477
1267340 2478
1267350 2479
1267360 2481
1267370 2482
1267380 2482
1267390 2481
1267400 2478
1267410 2475
1267420 2471
1267430 2465
1267440 2458
1267450 2452
1267460 2447
1267470 2440
1267480 2433
1267490 2424
1267500 2426
1267510 2425
1267520 2419
1267530 2412
1267540 2403
1267550 2393
1267560 2383
1267570 2373
1267580 2365
1267590 2358
1267600 2353
1267610 2348
1267620 2344
1267630 2337
1267640 2331
1267650 2327
1267660 2322
1267670 2316
1267680 2310
1267690 2304
1267700 2299
1267710 2296
1267720 2289
1267730 2282
1267740 2276
1267750 2270
1267760 2262
1267770 2255
1267780 2249
1267790 2242
1267800 2234
1267810 2225
1267820 2217
1267830 2210
1267840 2201
1267850 2193
1267860 2187
1267870 2180
1267880 2174
1267890 2169
1267900 2162
1267910 2156
1267920 2149
1267930 2141
1267940 2135
1267950 2129
1267960 2122
1267970 2118
1267980 2115
1267990 2114
1268000 2108
1268010 2103
1268020 2098
1268030 2092
1268040 2087
1268050 2081
1268060 2075
1268070 2070
1268080 2064
1268090 2057
1268100 2050
1268110 2044
1268120 2039
1268130 2032
1268140 2024
1268150 2016
1268160 2009
1268170 2004
1268180 1998
1268190 1993
1268200 1988
1268210 1983
1268220 1974
1268230 1968
1268240 1962
1268250 1956
1268260 1952
1268270 1949
1268280 1946
1268290 1942
1268300 1938
1268310 1933
1268320 1929
1268330 1925
1268340 1921
1268350 1917
1268360 1913
1268370 1909
1268380 1905
1268390 1901
1268400 1898
1268410 1894
1268420 1890
1268430 1886
1268440 1883
1268450 1879
1268460 1876
1268470 1873
1268480 1870
1268490 1867
1268500 1863
1268510 1859
1268520 1856
1268530 1852
1268540 1849
1268550 1845
1268560 1841
1268570 1838
1268580 1834
1268590 1830
1268600 1826
1268610 1822
1268620 1818
1268630 1814
1268640 1809
1268650 1805
1268660 1800
1268670 1794
1268680 1789
1268690 1784
1268700 1780
1268710 1775
1268720 1770
1268730 1767
1268740 1763
1268750 1760
1268760 1756
1268770 1753
1268780 1750
1268790 1746
1268800 1744
1268810 1741
1268820 1737
1268830 1734
1268840 1731
1268850 1728
1268860 1726
1268870 1723
1268880 1721
1268890 1717
1268900 1714
1268910 1710
1268920 1705
1268930 1701
1268940 1697
1268950 1692
1268960 1688
1268970 1683
1268980 1679
1268990 1674
1269000 1669
1269010 1665
1269020 1661
1269030 1657
1269040 1653
1269050 1649
1269060 1645
1269070 1642
1269080 1638
1269090 1634
1269100 1631
1269110 1627
1269120 1624
1269130 1622
1269140 1621
1269150 1620
1269160 1618
1269170 1616
1269180 1615
1269190 1613
1269200 1611
1269210 1610
1269220 1609
1269230 1608
1269240 1607
1269250 1607
1269260 1607
1269270 1606
1269280 1606
1269290 1605
1269300 1605
1269310 1605
1269320 1606
1269330 1607
1269340 1607
1269350 1607
1269360 1606
1269370 1604
1269380 1603
1269390 1601
1269400 1600
1269410 1600
1269420 1599
1269430 1597
1269440 1596
1269450 1595
1269460 1593
1269470 1591
1269480 1590
1269490 1589
1269500 1588
1269510 1588
1269520 1588
1269530 1588
1269540 1588
1269550 1588
1269560 1588
1269570 1588
1269580 1588
1269590 1588
1269600 1588
1269610 1588
1269620 1588
1269630 1588
1269640 1588
1269650 1588
1269660 1588
1269670 1588
1269680 1591
1269690 1593
1269700 1595
1269710 1596
1269720 1597
1269730 1599
1269740 1600
1269750 1601
1269760 1602
1269770 1604
1269780 1605
1269790 1606
1269800 1607
1269810 1607
1269820 1607
1269830 1607
1269840 1606
1269850 1606
1269860 1606
1269870 1605
1269880 1605
1269890 1605
1269900 1605
1269910 1606
1269920 1606
1269930 1607
1269940 1607
1269950 1608
1269960 1608
1269970 1608
1269980 1608
1269990 1608
1270000 1608
1270010 1608
1270020 1610
1270030 1613
1270040 1617
1270050 1620
1270060 1624
1270070 1629
1270080 1634
1270090 1639
1270100 1644
1270110 1648
1270120 1651
1270130 1654
1270140 1657
1270150 1659
1270160 1661
1270170 1663
1270180 1665
1270190 1667
1270200 1669
1270210 1671
1270220 1673
1270230 1676
1270240 1681
1270250 1686
1270260 1691
1270270 1697
1270280 1703
1270290 1707
1270300 1711
1270310 1715
1270320 1718
1270330 1721
1270340 1724
1270350 1727
1270360 1730
1270370 1735
1270380 1740
1270390 1746
1270400 1751
1270410 1755
1270420 1759
1270430 1763
1270440 1766
1270450 1770
1270460 1773
1270470 1776
1270480 1778
1270490 1780
1270500 1782
1270510 1783
1270520 1785
1270530 1786
1270540 1788
1270550 1790
1270560 1792
1270570 1794
1270580 1796
1270590 1798
1270600 1801
1270610 1803
1270620 1804
1270630 1806
1270640 1808
1270650 1810
1270660 1811
1270670 1812
1270680 1813
1270690 1815
1270700 1818
1270710 1821
1270720 1825
1270730 1828
1270740 1831
1270750 1835
1270760 1838
1270770 1841
1270780 1843
1270790 1846
1270800 1849
1270810 1852
1270820 1855
1270830 1859
1270840 1862
1270850 1866
1270860 1870
1270870 1874
1270880 1878
1270890 1882
1270900 1885
1270910 1888
1270920 1891
1270930 1894
1270940 1897
1270950 1900
1270960 1904
1270970 1907
1270980 1911
1270990 1915
1271000 1919
1271010 1923
1271020 1926
1271030 1930
1271040 1933
1271050 1936
1271060 1940
1271070 1943
1271080 1947
1271090 1951
1271100 1954
1271110 1958
1271120 1961
1271130 1964
1271140 1968
1271150 1972
1271160 1976
1271170 1980
1271180 1985
1271190 1989
1271200 1993
1271210 1997
1271220 2002
1271230 2007
1271240 2012
1271250 2017
1271260 2021
1271270 2024
1271280 2028
1271290 2032
1271300 2036
1271310 2042
1271320 2046
1271330 2050
1271340 2054
1271350 2058
1271360 2061
1271370 2065
1271380 2068
1271390 2071
1271400 2075
1271410 2077
1271420 2081
1271430 2085
1271440 2089
1271450 2092
1271460 2096
1271470 2099
1271480 2101
1271490 2104
1271500 2106
1271510 2108
1271520 2109
1271530 2110
1271540 2111
1271550 2113
1271560 2115
1271570 2117
1271580 2118
1271590 2119
1271600 2120
1271610 2121
1271620 2122
1271630 2123
1271640 2125
1271650 2127
1271660 2128
1271670 2126
1271680 2124
1271690 2121
1271700 2117
1271710 2114
1271720 2111
1271730 2112
1271740 2113
1271750 2114
1271760 2111
1271770 2107
1271780 2102
1271790 2096
1271800 2090
1271810 2085
1271820 2080
1271830 2076
1271840 2071
1271850 2065
1271860 2061
1271870 2057
1271880 2054
1271890 2053
1271900 2051
1271910 2049
1271920 2045
1271930 2042
1271940 2039
1271950 2035
1271960 2032
1271970 2029
1271980 2027
1271990 2024
1272000 2022
1272010 2019
1272020 2017
1272030 2014
1272040 2011
1272050 2008
1272060 2004
1272070 2001
1272080 1998
1272090 1996
1272100 1993
1272110 1991
1272120 1989
1272130 1986
1272140 1982
1272150 1979
1272160 1976
1272170 1972
1272180 1968
1272190 1964
1272200 1959
1272210 1956
1272220 1952
1272230 1949
1272240 1945
1272250 1941
1272260 1938
1272270 1934
1272280 1930
1272290 1926
1272300 1922
1272310 1918
1272320 1914
1272330 1910
1272340 1906
1272350 1902
1272360 1898
1272370 1893
1272380 1889
1272390 1886
1272400 1882
1272410 1878
1272420 1875
1272430 1870
1272440 1865
1272450 1860
1272460 1856
1272470 1852
1272480 1848
1272490 1843
1272500 1839
1272510 1834
1272520 1829
1272530 1824
1272540 1819
1272550 1814
1272560 1810
1272570 1805
1272580 1800
1272590 1794
1272600 1789
1272610 1784
1272620 1780
1272630 1775
1272640 1770
1272650 1766
1272660 1762
1272670 1758
1272680 1754
1272690 1750
1272700 1746
1272710 1741
1272720 1736
1272730 1732
1272740 1728
1272750 1724
1272760 1720
1272770 1717
1272780 1713
1272790 1709
1272800 1705
1272810 1701
1272820 1696
1272830 1692
1272840 1688
1272850 1684
1272860 1681
1272870 1677
1272880 1673
1272890 1670
1272900 1667
1272910 1665
1272920 1662
1272930 1660
1272940 1658
1272950 1656
1272960 1654
1272970 1653
1272980 1651
1272990 1650
1273000 1648
1273010 1647
1273020 1645
1273030 1644
1273040 1644
1273050 1645
1273060 1646
1273070 1647
1273080 1648
1273090 1650
1273100 1652
1273110 1655
1273120 1658
1273130 1662
1273140 1665
1273150 1669
1273160 1673
1273170 1676
1273180 1680
1273190 1684
1273200 1687
1273210 1691
1273220 1694
1273230 1698
1273240 1702
1273250 1706
1273260 1710
1273270 1714
1273280 1718
1273290 1723
1273300 1727
1273310 1732
1273320 1737
1273330 1742
1273340 1745
1273350 1749
1273360 1753
1273370 1758
1273380 1762
1273390 1766
1273400 1769
1273410 1773
1273420 1777
1273430 1780
1273440 1784
1273450 1788
1273460 1792
1273470 1796
1273480 1801
1273490 1806
1273500 1811
1273510 1816
1273520 1821
1273530 1827
1273540 1832
1273550 1836
1273560 1840
1273570 1842
1273580 1844
1273590 1846
1273600 1849
1273610 1852
1273620 1854
1273630 1856
1273640 1858
1273650 1860
1273660 1862
1273670 1864
1273680 1866
1273690 1869
1273700 1874
1273710 1878
1273720 1883
1273730 1888
1273740 1891
1273750 1893
1273760 1896
1273770 1899
1273780 1900
1273790 1902
1273800 1902
1273810 1901
1273820 1900
1273830 1902
1273840 1907
1273850 1910
1273860 1912
1273870 1914
1273880 1916
1273890 1918
1273900 1920
1273910 1922
1273920 1925
1273930 1926
1273940 1929
1273950 1931
1273960 1933
1273970 1936
1273980 1940
1273990 1943
1274000 1947
1274010 1951
1274020 1955
1274030 1958
1274040 1962
1274050 1965
1274060 1968
1274070 1972
1274080 1975
1274090 1978
1274100 1980
1274110 1983
1274120 1985
1274130 1988
1274140 1990
1274150 1992
1274160 1995
1274170 1998
1274180 2000
1274190 2003
1274200 2005
1274210 2007
1274220 2009
1274230 2012
1274240 2014
1274250 2017
1274260 2020
1274270 2024
1274280 2028
1274290 2031
1274300 2035
1274310 2039
1274320 2043
1274330 2047
1274340 2051
1274350 2055
1274360 2058
1274370 2061
1274380 2063
1274390 2065
1274400 2068
1274410 2072
1274420 2075
1274430 2078
1274440 2080
1274450 2082
1274460 2084
1274470 2086
1274480 2088
1274490 2090
1274500 2091
1274510 2093
1274520 2095
1274530 2097
1274540 2099
1274550 2102
1274560 2105
1274570 2107
1274580 2110
1274590 2113
1274600 2116
1274610 2119
1274620 2122
1274630 2125
1274640 2128
1274650 2131
1274660 2134
1274670 2136
1274680 2138
1274690 2141
1274700 2143
1274710 2146
1274720 2148
1274730 2148
1274740 2149
1274750 2150
1274760 2150
1274770 2151
1274780 2151
1274790 2151
1274800 2151
1274810 2151
1274820 2151
1274830 2152
1274840 2153
1274850 2154
1274860 2155
1274870 2157
1274880 2158
1274890 2159
1274900 2159
1274910 2160
1274920 2161
1274930 2163
1274940 2164
1274950 2166
1274960 2168
1274970 2170
1274980 2171
1274990 2171
1275000 2170
1275010 2168
1275020 2168
1275030 2167
1275040 2167
1275050 2166
1275060 2163
1275070 2161
1275080 2157
1275090 2153
1275100 2148
1275110 2144
1275120 2139
1275130 2136
1275140 2134
1275150 2132
1275160 2129
1275170 2128
1275180 2128
1275190 2129
1275200 2127
1275210 2126
1275220 2127
1275230 2129
1275240 2131
1275250 2130
1275260 2127
1275270 2123
1275280 2117
1275290 2110
1275300 2105
1275310 2100
1275320 2095
1275330 2090
1275340 2086
1275350 2084
1275360 2081
1275370 2077
1275380 2074
1275390 2071
1275400 2068
1275410 2065
1275420 2062
1275430 2060
1275440 2058
1275450 2055
1275460 2054
1275470 2054
1275480 2054
1275490 2053
1275500 2052
1275510 2051
1275520 2049
1275530 2049
1275540 2049
1275550 2049
1275560 2050
1275570 2050
1275580 2049
1275590 2049
1275600 2049
1275610 2049
1275620 2049
1275630 2049
1275640 2049
1275650 2049
1275660 2048
1275670 2047
1275680 2047
1275690 2047
1275700 2048
1275710 2049
1275720 2050
1275730 2052
1275740 2053
1275750 2055
1275760 2057
1275770 2058
1275780 2060
1275790 2060
1275800 2061
1275810 2062
1275820 2063
1275830 2064
1275840 2065
1275850 2065
1275860 2067
1275870 2069
1275880 2071
1275890 2073
1275900 2075
1275910 2076
1275920 2077
1275930 2077
1275940 2078
1275950 2079
1275960 2082
1275970 2084
1275980 2087
1275990 2090
1276000 2092
1276010 2095
1276020 2098
1276030 2101
1276040 2105
1276050 2109
1276060 2112
1276070 2114
1276080 2115
1276090 2114
1276100 2112
1276110 2110
1276120 2109
1276130 2107
1276140 2106
1276150 2106
1276160 2106
1276170 2106
1276180 2106
1276190 2105
1276200 2104
1276210 2104
1276220 2103
1276230 2103
1276240 2103
1276250 2102
1276260 2102
1276270 2103
1276280 2106
1276290 2109
1276300 2112
1276310 2115
1276320 2117
1276330 2117
1276340 2117
1276350 2116
1276360 2116
1276370 2116
1276380 2116
