1260000 2377
1260010 2372
1260020 2367
1260030 2363
1260040 2359
1260050 2355
1260060 2351
1260070 2348
1260080 2345
1260090 2342
1260100 2340
1260110 2339
1260120 2337
1260130 2336
1260140 2333
1260150 2332
1260160 2331
1260170 2331
1260180 2330
1260190 2328
1260200 2327
1260210 2326
1260220 2325
1260230 2324
1260240 2321
1260250 2320
1260260 2319
1260270 2319
1260280 2319
1260290 2319
1260300 2319
1260310 2319
1260320 2317
1260330 2317
1260340 2315
1260350 2314
1260360 2313
1260370 2313
1260380 2314
1260390 2316
1260400 2320
1260410 2323
1260420 2325
1260430 2327
1260440 2330
1260450 2334
1260460 2338
1260470 2343
1260480 2347
1260490 2351
1260500 2355
1260510 2359
1260520 2363
1260530 2368
1260540 2372
1260550 2376
1260560 2386
1260570 2396
1260580 2404
1260590 2414
1260600 2423
1260610 2432
1260620 2436
1260630 2441
1260640 2447
1260650 2450
1260660 2452
1260670 2454
1260680 2459
1260690 2463
1260700 2464
1260710 2459
1260720 2454
1260730 2449
1260740 2443
1260750 2438
1260760 2433
1260770 2429
1260780 2422
1260790 2413
1260800 2400
1260810 2389
1260820 2381
1260830 2376
1260840 2371
1260850 2365
1260860 2358
1260870 2349
1260880 2340
1260890 2330
1260900 2323
1260910 2314
1260920 2305
1260930 2300
1260940 2294
1260950 2289
1260960 2284
1260970 2279
1260980 2274
1260990 2269
1261000 2265
1261010 2260
1261020 2256
1261030 2251
1261040 2247
1261050 2243
1261060 2240
1261070 2237
1261080 2234
1261090 2230
1261100 2227
1261110 2224
1261120 2221
1261130 2219
1261140 2218
1261150 2217
1261160 2217
1261170 2217
1261180 2218
1261190 2218
1261200 2218
1261210 2217
1261220 2216
1261230 2215
1261240 2213
1261250 2212
1261260 2211
1261270 2210
1261280 2207
1261290 2205
1261300 2203
1261310 2201
1261320 2199
1261330 2197
1261340 2193
1261350 2189
1261360 2184
1261370 2178
1261380 2173
1261390 2168
1261400 2164
1261410 2161
1261420 2157
1261430 2154
1261440 2150
1261450 2146
1261460 2142
1261470 2137
1261480 2132
1261490 2128
1261500 2125
1261510 2121
1261520 2117
1261530 2113
1261540 2110
1261550 2106
1261560 2102
1261570 2098
1261580 2094
1261590 2090
1261600 2085
1261610 2080
1261620 2074
1261630 2069
1261640 2064
1261650 2059
1261660 2054
1261670 2050
1261680 2046
1261690 2039
1261700 2032
1261710 2026
1261720 2023
1261730 2020
1261740 2017
1261750 2014
1261760 2011
1261770 2009
1261780 2007
1261790 2005
1261800 2004
1261810 2003
1261820 2002
1261830 2001
1261840 1999
1261850 1996
1261860 1994
1261870 1992
1261880 1988
1261890 1981
1261900 1974
1261910 1968
1261920 1963
1261930 1959
1261940 1956
1261950 1955
1261960 1953
1261970 1951
1261980 1948
1261990 1945
1262000 1941
1262010 1936
1262020 1931
1262030 1926
1262040 1921
1262050 1916
1262060 1910
1262070 1905
1262080 1901
1262090 1897
1262100 1897
1262110 1896
1262120 1896
1262130 1895
1262140 1894
1262150 1894
1262160 1893
1262170 1892
1262180 1890
1262190 1888
1262200 1886
1262210 1885
1262220 1884
1262230 1884
1262240 1883
1262250 1882
1262260 1882
1262270 1881
1262280 1881
1262290 1880
1262300 1879
1262310 1877
1262320 1878
1262330 1877
1262340 1877
1262350 1878
1262360 1878
1262370 1878
1262380 1878
1262390 1878
1262400 1878
1262410 1877
1262420 1877
1262430 1876
1262440 1876
1262450 1877
1262460 1878
1262470 1879
1262480 1881
1262490 1883
1262500 1884
1262510 1885
1262520 1887
1262530 1889
1262540 1892
1262550 1894
1262560 1898
1262570 1902
1262580 1906
1262590 1909
1262600 1913
1262610 1920
1262620 1927
1262630 1935
1262640 1940
1262650 1946
1262660 1951
1262670 1955
1262680 1957
1262690 1960
1262700 1962
1262710 1964
1262720 1967
1262730 1970
1262740 1972
1262750 1975
1262760 1978
1262770 1983
1262780 1988
1262790 1993
1262800 1998
1262810 2002
1262820 2005
1262830 2008
1262840 2011
1262850 2015
1262860 2019
1262870 2023
1262880 2028
1262890 2033
1262900 2038
1262910 2043
1262920 2045
1262930 2047
1262940 2049
1262950 2049
1262960 2050
1262970 2050
1262980 2047
1262990 2051
1263000 2052
1263010 2050
1263020 2049
1263030 2048
1263040 2048
1263050 2051
1263060 2055
1263070 2060
1263080 2064
1263090 2068
1263100 2071
1263110 2070
1263120 2069
1263130 2069
1263140 2068
1263150 2068
1263160 2068
1263170 2071
1263180 2075
1263190 2079
1263200 2082
1263210 2084
1263220 2085
1263230 2086
1263240 2089
1263250 2091
1263260 2093
1263270 2095
1263280 2097
1263290 2099
1263300 2102
1263310 2105
1263320 2107
1263330 2111
1263340 2115
1263350 2118
1263360 2119
1263370 2120
1263380 2121
1263390 2121
1263400 2121
1263410 2121
1263420 2123
1263430 2127
1263440 2133
1263450 2137
1263460 2141
1263470 2146
1263480 2150
1263490 2154
1263500 2158
1263510 2162
1263520 2167
1263530 2171
1263540 2176
1263550 2180
1263560 2185
1263570 2190
1263580 2194
1263590 2199
1263600 2204
1263610 2208
1263620 2213
1263630 2217
1263640 2222
1263650 2226
1263660 2231
1263670 2235
1263680 2240
1263690 2244
1263700 2249
1263710 2253
1263720 2257
1263730 2262
1263740 2267
1263750 2271
1263760 2276
1263770 2281
1263780 2286
1263790 2291
1263800 2295
1263810 2300
1263820 2304
1263830 2308
1263840 2312
1263850 2316
1263860 2320
1263870 2324
1263880 2327
1263890 2331
1263900 2335
1263910 2339
1263920 2343
1263930 2347
1263940 2351
1263950 2355
1263960 2359
1263970 2363
1263980 2367
1263990 2371
1264000 2376
1264010 2380
1264020 2384
1264030 2387
1264040 2391
1264050 2397
1264060 2407
1264070 2416
1264080 2424
1264090 2433
1264100 2442
1264110 2450
1264120 2463
1264130 2474
1264140 2484
1264150 2492
1264160 2500
1264170 2507
1264180 2513
1264190 2518
1264200 2520
1264210 2516
1264220 2512
1264230 2508
1264240 2507
1264250 2508
1264260 2505
1264270 2499
1264280 2491
1264290 2484
1264300 2478
1264310 2473
1264320 2468
1264330 2463
1264340 2457
1264350 2452
1264360 2447
1264370 2442
1264380 2437
1264390 2433
1264400 2429
1264410 2425
1264420 2422
1264430 2419
1264440 2415
1264450 2412
1264460 2408
1264470 2401
1264480 2395
1264490 2388
1264500 2383
1264510 2377
1264520 2371
1264530 2364
1264540 2359
1264550 2354
1264560 2347
1264570 2341
1264580 2336
1264590 2331
1264600 2327
1264610 2323
1264620 2319
1264630 2315
1264640 2311
1264650 2307
1264660 2303
1264670 2298
1264680 2294
1264690 2287
1264700 2281
1264710 2276
1264720 2274
1264730 2274
1264740 2275
1264750 2275
1264760 2272
1264770 2267
1264780 2263
1264790 2258
1264800 2254
1264810 2248
1264820 2244
1264830 2240
1264840 2238
1264850 2235
1264860 2232
1264870 2228
1264880 2226
1264890 2221
1264900 2215
1264910 2210
1264920 2205
1264930 2200
1264940 2196
1264950 2192
1264960 2187
1264970 2182
1264980 2177
1264990 2172
1265000 2167
1265010 2162
1265020 2156
1265030 2151
1265040 2146
1265050 2142
1265060 2139
1265070 2136
1265080 2132
1265090 2129
1265100 2126
1265110 2122
1265120 2119
1265130 2116
1265140 2113
1265150 2110
1265160 2106
1265170 2103
1265180 2099
1265190 2096
1265200 2093
1265210 2091
1265220 2087
1265230 2083
1265240 2080
1265250 2077
1265260 2073
1265270 2069
1265280 2065
1265290 2062
1265300 2060
1265310 2057
1265320 2055
1265330 2052
1265340 2049
1265350 2045
1265360 2042
1265370 2039
1265380 2037
1265390 2034
1265400 2031
1265410 2028
1265420 2025
1265430 2021
1265440 2018
1265450 2014
1265460 2011
1265470 2007
1265480 2004
1265490 2000
1265500 1997
1265510 1993
1265520 1989
1265530 1986
1265540 1983
1265550 1979
1265560 1975
1265570 1971
1265580 1968
1265590 1964
1265600 1960
1265610 1956
1265620 1952
1265630 1948
1265640 1944
1265650 1940
1265660 1936
1265670 1932
1265680 1928
1265690 1924
1265700 1920
1265710 1917
1265720 1913
1265730 1909
1265740 1905
1265750 1901
1265760 1897
1265770 1894
1265780 1890
1265790 1886
1265800 1883
1265810 1879
1265820 1875
1265830 1872
1265840 1868
1265850 1865
1265860 1861
1265870 1858
1265880 1855
1265890 1852
1265900 1849
1265910 1846
1265920 1842
1265930 1838
1265940 1834
1265950 1830
1265960 1826
1265970 1823
1265980 1819
1265990 1815
1266000 1812
1266010 1808
1266020 1804
1266030 1801
1266040 1797
1266050 1794
1266060 1791
1266070 1788
1266080 1785
1266090 1782
1266100 1780
1266110 1777
1266120 1775
1266130 1772
1266140 1770
1266150 1767
1266160 1765
1266170 1763
1266180 1761
1266190 1759
1266200 1758
1266210 1757
1266220 1756
1266230 1756
1266240 1757
1266250 1757
1266260 1758
1266270 1759
1266280 1760
1266290 1761
1266300 1763
1266310 1764
1266320 1765
1266330 1765
1266340 1764
1266350 1764
1266360 1763
1266370 1764
1266380 1765
1266390 1765
1266400 1766
1266410 1768
1266420 1768
1266430 1769
1266440 1770
1266450 1772
1266460 1773
1266470 1774
1266480 1775
1266490 1776
1266500 1777
1266510 1777
1266520 1777
1266530 1777
1266540 1777
1266550 1777
1266560 1778
1266570 1778
1266580 1779
1266590 1780
1266600 1781
1266610 1784
1266620 1786
1266630 1787
1266640 1789
1266650 1790
1266660 1792
1266670 1795
1266680 1797
1266690 1801
1266700 1805
1266710 1808
1266720 1812
1266730 1815
1266740 1817
1266750 1820
1266760 1823
1266770 1826
1266780 1828
1266790 1831
1266800 1835
1266810 1838
1266820 1842
1266830 1846
1266840 1849
1266850 1852
1266860 1855
1266870 1858
1266880 1861
1266890 1864
1266900 1867
1266910 1869
1266920 1871
1266930 1873
1266940 1875
1266950 1877
1266960 1877
1266970 1874
1266980 1873
1266990 1876
1267000 1878
1267010 1878
1267020 1878
1267030 1879
1267040 1880
1267050 1882
1267060 1880
1267070 1879
1267080 1880
1267090 1882
1267100 1885
1267110 1892
1267120 1915
1267130 1926
1267140 1925
1267150 1908
1267160 1904
1267170 1908
1267180 1913
1267190 1913
1267200 1912
1267210 1917
1267220 1916
1267230 1916
1267240 1919
1267250 1927
1267260 1938
1267270 1953
1267280 1947
1267290 1950
1267300 1963
1267310 1975
1267320 1974
1267330 1964
1267340 1964
1267350 1966
1267360 1968
1267370 1963
1267380 1966
1267390 1970
1267400 1970
1267410 1970
1267420 1968
1267430 1963
1267440 1962
1267450 1961
1267460 1961
1267470 1963
1267480 1969
1267490 1979
1267500 1988
1267510 1999
1267520 2011
1267530 2026
1267540 2036
1267550 2043
1267560 2050
1267570 2049
1267580 2043
1267590 2028
1267600 2013
1267610 1997
1267620 1983
1267630 1986
1267640 1986
1267650 1980
1267660 1982
1267670 1986
1267680 1991
1267690 1998
1267700 2009
1267710 2024
1267720 2028
1267730 2026
1267740 2021
1267750 2015
1267760 2007
1267770 1999
1267780 1990
1267790 1983
1267800 1974
1267810 1966
1267820 1953
1267830 1944
1267840 1940
1267850 1940
1267860 1943
1267870 1950
1267880 1959
1267890 1964
1267900 1965
1267910 1958
1267920 1953
1267930 1950
1267940 1950
1267950 1947
1267960 1943
1267970 1939
1267980 1935
1267990 1930
1268000 1925
1268010 1919
1268020 1912
1268030 1903
1268040 1897
1268050 1890
1268060 1879
1268070 1868
1268080 1860
1268090 1856
1268100 1858
1268110 1860
1268120 1861
1268130 1867
1268140 1870
1268150 1871
1268160 1869
1268170 1867
1268180 1865
1268190 1859
1268200 1849
1268210 1839
1268220 1831
1268230 1825
1268240 1820
1268250 1815
1268260 1811
1268270 1807
1268280 1802
1268290 1798
1268300 1793
1268310 1789
1268320 1784
1268330 1780
1268340 1775
1268350 1768
1268360 1764
1268370 1763
1268380 1765
1268390 1767
1268400 1767
1268410 1763
1268420 1760
1268430 1756
1268440 1752
1268450 1749
1268460 1745
1268470 1741
1268480 1738
1268490 1734
1268500 1730
1268510 1727
1268520 1723
1268530 1720
1268540 1716
1268550 1712
1268560 1709
1268570 1705
1268580 1701
1268590 1697
1268600 1693
1268610 1690
1268620 1687
1268630 1683
1268640 1679
1268650 1676
1268660 1672
1268670 1668
1268680 1665
1268690 1661
1268700 1658
1268710 1654
1268720 1651
1268730 1647
1268740 1643
1268750 1639
1268760 1636
1268770 1632
1268780 1628
1268790 1624
1268800 1621
1268810 1617
1268820 1613
1268830 1610
1268840 1606
1268850 1602
1268860 1599
1268870 1595
1268880 1592
1268890 1588
1268900 1585
1268910 1581
1268920 1577
1268930 1573
1268940 1570
1268950 1567
1268960 1563
1268970 1560
1268980 1557
1268990 1553
1269000 1550
1269010 1546
1269020 1542
1269030 1539
1269040 1535
1269050 1532
1269060 1528
1269070 1525
1269080 1521
1269090 1518
1269100 1514
1269110 1511
1269120 1507
1269130 1503
1269140 1500
1269150 1497
1269160 1494
1269170 1492
1269180 1491
1269190 1490
1269200 1490
1269210 1489
1269220 1488
1269230 1488
1269240 1488
1269250 1487
1269260 1487
1269270 1486
1269280 1486
1269290 1486
1269300 1485
1269310 1484
1269320 1484
1269330 1481
1269340 1480
1269350 1480
1269360 1481
1269370 1482
1269380 1484
1269390 1485
1269400 1486
1269410 1486
1269420 1486
1269430 1487
1269440 1487
1269450 1488
1269460 1489
1269470 1490
1269480 1491
1269490 1491
1269500 1491
1269510 1491
1269520 1491
1269530 1492
1269540 1494
1269550 1497
1269560 1500
1269570 1503
1269580 1505
1269590 1507
1269600 1510
1269610 1513
1269620 1516
1269630 1519
1269640 1522
1269650 1525
1269660 1527
1269670 1530
1269680 1532
1269690 1535
1269700 1537
1269710 1538
1269720 1540
1269730 1542
1269740 1546
1269750 1549
1269760 1552
1269770 1556
1269780 1560
1269790 1564
1269800 1567
1269810 1570
1269820 1573
1269830 1577
1269840 1580
1269850 1583
1269860 1587
1269870 1591
1269880 1595
1269890 1599
1269900 1603
1269910 1606
1269920 1611
1269930 1614
1269940 1618
1269950 1621
1269960 1625
1269970 1629
1269980 1633
1269990 1636
1270000 1639
1270010 1642
1270020 1646
1270030 1650
1270040 1654
1270050 1657
1270060 1660
1270070 1664
1270080 1668
1270090 1671
1270100 1676
1270110 1681
1270120 1685
1270130 1688
1270140 1692
1270150 1696
1270160 1700
1270170 1704
1270180 1707
1270190 1710
1270200 1713
1270210 1715
1270220 1718
1270230 1720
1270240 1723
1270250 1727
1270260 1730
1270270 1733
1270280 1735
1270290 1737
1270300 1739
1270310 1741
1270320 1743
1270330 1745
1270340 1747
1270350 1749
1270360 1751
1270370 1753
1270380 1757
1270390 1761
1270400 1765
1270410 1770
1270420 1774
1270430 1778
1270440 1782
1270450 1785
1270460 1789
1270470 1790
1270480 1791
1270490 1792
1270500 1793
1270510 1795
1270520 1797
1270530 1800
1270540 1803
1270550 1806
1270560 1808
1270570 1811
1270580 1813
1270590 1815
1270600 1817
1270610 1819
1270620 1820
1270630 1822
1270640 1824
1270650 1827
1270660 1829
1270670 1832
1270680 1836
1270690 1839
1270700 1843
1270710 1846
1270720 1849
1270730 1851
1270740 1853
1270750 1855
1270760 1858
1270770 1860
1270780 1863
1270790 1865
1270800 1868
1270810 1870
1270820 1872
1270830 1875
1270840 1878
1270850 1880
1270860 1883
1270870 1885
1270880 1889
1270890 1893
1270900 1898
1270910 1902
1270920 1906
1270930 1910
1270940 1914
1270950 1918
1270960 1922
1270970 1925
1270980 1928
1270990 1931
1271000 1934
1271010 1938
1271020 1941
1271030 1945
1271040 1949
1271050 1952
1271060 1956
1271070 1960
1271080 1963
1271090 1965
1271100 1963
1271110 1962
1271120 1962
1271130 1963
1271140 1965
1271150 1967
1271160 1969
1271170 1971
1271180 1973
1271190 1975
1271200 1975
1271210 1976
1271220 1977
1271230 1979
1271240 1981
1271250 1983
1271260 1985
1271270 1987
1271280 1988
1271290 1990
1271300 1991
1271310 1993
1271320 1993
1271330 1992
1271340 1990
1271350 1990
1271360 1989
1271370 1989
1271380 1988
1271390 1987
1271400 1988
1271410 1988
1271420 1987
1271430 1987
1271440 1989
1271450 1990
1271460 1991
1271470 1993
1271480 1992
1271490 1991
1271500 1990
1271510 1988
1271520 1987
1271530 1986
1271540 1985
1271550 1985
1271560 1984
1271570 1982
1271580 1980
1271590 1978
1271600 1977
1271610 1976
1271620 1974
1271630 1971
1271640 1969
1271650 1968
1271660 1966
1271670 1965
1271680 1964
1271690 1963
1271700 1961
1271710 1959
1271720 1959
1271730 1958
1271740 1957
1271750 1957
1271760 1955
1271770 1954
1271780 1952
1271790 1950
1271800 1948
1271810 1945
1271820 1941
1271830 1938
1271840 1936
1271850 1933
1271860 1932
1271870 1930
1271880 1929
1271890 1928
1271900 1927
1271910 1927
1271920 1926
1271930 1925
1271940 1924
1271950 1922
1271960 1920
1271970 1919
1271980 1918
1271990 1919
1272000 1918
1272010 1915
1272020 1913
1272030 1910
1272040 1907
1272050 1903
1272060 1899
1272070 1895
1272080 1891
1272090 1886
1272100 1881
1272110 1876
1272120 1872
1272130 1868
1272140 1867
1272150 1866
1272160 1865
1272170 1863
1272180 1860
1272190 1857
1272200 1853
1272210 1848
1272220 1843
1272230 1838
1272240 1834
1272250 1829
1272260 1823
1272270 1820
1272280 1818
1272290 1816
1272300 1814
1272310 1812
1272320 1810
1272330 1808
1272340 1806
1272350 1804
1272360 1803
1272370 1801
1272380 1799
1272390 1795
1272400 1792
1272410 1789
1272420 1785
1272430 1782
1272440 1779
1272450 1775
1272460 1772
1272470 1769
1272480 1765
1272490 1762
1272500 1759
1272510 1755
1272520 1753
1272530 1751
1272540 1750
1272550 1749
1272560 1748
1272570 1746
1272580 1744
1272590 1740
1272600 1737
1272610 1733
1272620 1730
1272630 1726
1272640 1722
1272650 1719
1272660 1715
1272670 1712
1272680 1710
1272690 1708
1272700 1705
1272710 1700
1272720 1696
1272730 1691
1272740 1687
1272750 1682
1272760 1677
1272770 1672
1272780 1669
1272790 1668
1272800 1666
1272810 1664
1272820 1662
1272830 1661
1272840 1658
1272850 1656
1272860 1654
1272870 1651
1272880 1648
1272890 1645
1272900 1642
1272910 1638
1272920 1635
1272930 1631
1272940 1627
1272950 1622
1272960 1618
1272970 1615
1272980 1612
1272990 1611
1273000 1611
1273010 1613
1273020 1613
1273030 1614
1273040 1615
1273050 1616
1273060 1617
1273070 1617
1273080 1618
1273090 1620
1273100 1622
1273110 1622
1273120 1623
1273130 1624
1273140 1625
1273150 1626
1273160 1627
1273170 1627
1273180 1628
1273190 1629
1273200 1630
1273210 1632
1273220 1636
1273230 1642
1273240 1648
1273250 1654
1273260 1659
1273270 1663
1273280 1667
1273290 1671
1273300 1676
1273310 1680
1273320 1685
1273330 1689
1273340 1694
1273350 1698
1273360 1703
1273370 1706
1273380 1711
1273390 1716
1273400 1722
1273410 1727
1273420 1733
1273430 1738
1273440 1743
1273450 1748
1273460 1753
1273470 1758
1273480 1763
1273490 1767
1273500 1772
1273510 1777
1273520 1782
1273530 1786
1273540 1790
1273550 1793
1273560 1796
1273570 1800
1273580 1804
1273590 1808
1273600 1812
1273610 1817
1273620 1821
1273630 1825
1273640 1829
1273650 1834
1273660 1839
1273670 1844
1273680 1848
1273690 1852
1273700 1854
1273710 1855
1273720 1856
1273730 1858
1273740 1859
1273750 1862
1273760 1866
1273770 1870
1273780 1874
1273790 1879
1273800 1883
1273810 1886
1273820 1889
1273830 1892
1273840 1893
1273850 1895
1273860 1897
1273870 1899
1273880 1901
1273890 1902
1273900 1903
1273910 1904
1273920 1905
1273930 1907
1273940 1910
1273950 1913
1273960 1917
1273970 1921
1273980 1926
1273990 1932
1274000 1938
1274010 1943
1274020 1947
1274030 1951
1274040 1957
1274050 1962
1274060 1968
1274070 1973
1274080 1978
1274090 1982
1274100 1986
1274110 1990
1274120 1993
1274130 1998
1274140 2002
1274150 2007
1274160 2012
1274170 2015
1274180 2017
1274190 2017
1274200 2018
1274210 2019
1274220 2019
1274230 2021
1274240 2023
1274250 2025
1274260 2026
1274270 2027
1274280 2029
1274290 2031
1274300 2034
1274310 2039
1274320 2044
1274330 2048
1274340 2051
1274350 2054
1274360 2058
1274370 2061
1274380 2064
1274390 2067
1274400 2070
1274410 2072
1274420 2074
1274430 2076
1274440 2076
1274450 2077
1274460 2078
1274470 2079
1274480 2080
1274490 2082
1274500 2085
1274510 2089
1274520 2092
1274530 2095
1274540 2100
1274550 2106
1274560 2113
1274570 2118
1274580 2123
1274590 2128
1274600 2130
1274610 2131
1274620 2132
1274630 2132
1274640 2132
1274650 2132
1274660 2132
1274670 2129
1274680 2127
1274690 2126
1274700 2127
1274710 2127
1274720 2128
1274730 2125
1274740 2122
1274750 2117
1274760 2114
1274770 2112
1274780 2110
1274790 2110
1274800 2111
1274810 2111
1274820 2112
1274830 2112
1274840 2111
1274850 2110
1274860 2107
1274870 2104
1274880 2101
1274890 2099
1274900 2096
1274910 2094
1274920 2091
1274930 2086
1274940 2081
1274950 2077
1274960 2073
1274970 2069
1274980 2065
1274990 2062
1275000 2058
1275010 2056
1275020 2054
1275030 2051
1275040 2047
1275050 2043
1275060 2039
1275070 2035
1275080 2032
1275090 2029
1275100 2027
1275110 2024
1275120 2021
1275130 2018
1275140 2015
1275150 2012
1275160 2009
1275170 2006
1275180 2003
1275190 2000
1275200 1997
1275210 1994
1275220 1991
1275230 1989
1275240 1985
1275250 1982
1275260 1979
1275270 1977
1275280 1974
1275290 1972
1275300 1970
1275310 1968
1275320 1966
1275330 1963
1275340 1960
1275350 1957
1275360 1954
1275370 1951
1275380 1948
1275390 1946
1275400 1942
1275410 1938
1275420 1936
1275430 1932
1275440 1929
1275450 1924
1275460 1921
1275470 1917
1275480 1912
1275490 1908
1275500 1904
1275510 1900
1275520 1897
1275530 1893
1275540 1890
1275550 1887
1275560 1884
1275570 1882
1275580 1880
1275590 1877
1275600 1874
1275610 1871
1275620 1868
1275630 1866
1275640 1862
1275650 1859
1275660 1855
1275670 1851
1275680 1847
1275690 1844
1275700 1841
1275710 1838
1275720 1836
1275730 1833
1275740 1831
1275750 1829
1275760 1826
1275770 1824
1275780 1822
1275790 1819
1275800 1815
1275810 1812
1275820 1808
1275830 1805
1275840 1802
1275850 1800
1275860 1797
1275870 1794
1275880 1792
1275890 1789
1275900 1787
1275910 1784
1275920 1781
1275930 1781
1275940 1781
1275950 1781
1275960 1781
1275970 1783
1275980 1787
1275990 1791
1276000 1796
1276010 1800
1276020 1804
1276030 1807
1276040 1809
1276050 1810
1276060 1812
1276070 1814
1276080 1817
1276090 1820
1276100 1823
1276110 1825
1276120 1828
1276130 1831
1276140 1834
1276150 1838
1276160 1840
1276170 1842
1276180 1845
1276190 1849
1276200 1855
1276210 1861
1276220 1866
1276230 1870
1276240 1875
1276250 1880
1276260 1884
1276270 1887
1276280 1890
1276290 1894
1276300 1896
1276310 1900
1276320 1904
1276330 1908
1276340 1913
1276350 1917
1276360 1922
1276370 1925
1276380 1928
1276390 1931
1276400 1935
1276410 1939
1276420 1943
1276430 1946
1276440 1949
1276450 1952
1276460 1954
1276470 1957
1276480 1959
1276490 1960
1276500 1963
1276510 1966
1276520 1968
1276530 1969
1276540 1970
1276550 1972
1276560 1974
1276570 1975
1276580 1976
1276590 1977
1276600 1978
1276610 1979
1276620 1979
1276630 1979
1276640 1980
1276650 1981
1276660 1983
1276670 1985
1276680 1989
1276690 1993
1276700 1997
1276710 2000
1276720 2004
1276730 2009
1276740 2015
1276750 2020
1276760 2023
