1260000 2148
1260010 2149
1260020 2151
1260030 2151
1260040 2153
1260050 2155
1260060 2159
1260070 2161
1260080 2162
1260090 2163
1260100 2165
1260110 2170
1260120 2178
1260130 2183
1260140 2186
1260150 2186
1260160 2186
1260170 2185
1260180 2186
1260190 2186
1260200 2186
1260210 2185
1260220 2185
1260230 2186
1260240 2188
1260250 2190
1260260 2191
1260270 2192
1260280 2192
1260290 2191
1260300 2191
1260310 2190
1260320 2188
1260330 2185
1260340 2185
1260350 2184
1260360 2184
1260370 2185
1260380 2186
1260390 2187
1260400 2189
1260410 2191
1260420 2193
1260430 2194
1260440 2195
1260450 2196
1260460 2196
1260470 2195
1260480 2194
1260490 2191
1260500 2188
1260510 2185
1260520 2183
1260530 2180
1260540 2178
1260550 2176
1260560 2175
1260570 2173
1260580 2172
1260590 2171
1260600 2168
1260610 2166
1260620 2163
1260630 2161
1260640 2160
1260650 2160
1260660 2161
1260670 2163
1260680 2164
1260690 2167
1260700 2171
1260710 2174
1260720 2178
1260730 2182
1260740 2186
1260750 2189
1260760 2193
1260770 2198
1260780 2202
1260790 2207
1260800 2213
1260810 2219
1260820 2230
1260830 2240
1260840 2248
1260850 2256
1260860 2264
1260870 2272
1260880 2280
1260890 2290
1260900 2303
1260910 2311
1260920 2315
1260930 2317
1260940 2315
1260950 2314
1260960 2313
1260970 2313
1260980 2312
1260990 2311
1261000 2310
1261010 2309
1261020 2308
1261030 2309
1261040 2310
1261050 2313
1261060 2317
1261070 2322
1261080 2327
1261090 2333
1261100 2340
1261110 2340
1261120 2336
1261130 2333
1261140 2326
1261150 2317
1261160 2311
1261170 2305
1261180 2300
1261190 2297
1261200 2293
1261210 2289
1261220 2285
1261230 2282
1261240 2278
1261250 2273
1261260 2268
1261270 2263
1261280 2258
1261290 2255
1261300 2251
1261310 2248
1261320 2244
1261330 2240
1261340 2236
1261350 2232
1261360 2228
1261370 2224
1261380 2220
1261390 2216
1261400 2213
1261410 2209
1261420 2205
1261430 2201
1261440 2198
1261450 2195
1261460 2192
1261470 2190
1261480 2187
1261490 2185
1261500 2181
1261510 2179
1261520 2176
1261530 2172
1261540 2166
1261550 2161
1261560 2156
1261570 2150
1261580 2145
1261590 2140
1261600 2135
1261610 2129
1261620 2123
1261630 2117
1261640 2111
1261650 2106
1261660 2102
1261670 2095
1261680 2089
1261690 2084
1261700 2079
1261710 2075
1261720 2071
1261730 2068
1261740 2065
1261750 2061
1261760 2057
1261770 2053
1261780 2049
1261790 2044
1261800 2040
1261810 2035
1261820 2031
1261830 2028
1261840 2025
1261850 2023
1261860 2021
1261870 2019
1261880 2017
1261890 2015
1261900 2012
1261910 2009
1261920 2007
1261930 2005
1261940 2002
1261950 1999
1261960 1996
1261970 1993
1261980 1989
1261990 1985
1262000 1981
1262010 1977
1262020 1973
1262030 1968
1262040 1964
1262050 1960
1262060 1957
1262070 1955
1262080 1952
1262090 1947
1262100 1941
1262110 1937
1262120 1933
1262130 1929
1262140 1926
1262150 1923
1262160 1920
1262170 1915
1262180 1912
1262190 1909
1262200 1904
1262210 1900
1262220 1895
1262230 1891
1262240 1888
1262250 1885
1262260 1881
1262270 1876
1262280 1871
1262290 1866
1262300 1860
1262310 1854
1262320 1849
1262330 1843
1262340 1837
1262350 1832
1262360 1826
1262370 1820
1262380 1814
1262390 1809
1262400 1805
1262410 1800
1262420 1795
1262430 1792
1262440 1789
1262450 1786
1262460 1784
1262470 1780
1262480 1776
1262490 1773
1262500 1771
1262510 1767
1262520 1765
1262530 1764
1262540 1763
1262550 1764
1262560 1765
1262570 1766
1262580 1769
1262590 1772
1262600 1773
1262610 1772
1262620 1774
1262630 1776
1262640 1777
1262650 1777
1262660 1776
1262670 1774
1262680 1773
1262690 1774
1262700 1775
1262710 1779
1262720 1782
1262730 1786
1262740 1790
1262750 1792
1262760 1793
1262770 1794
1262780 1796
1262790 1798
1262800 1801
1262810 1801
1262820 1801
1262830 1801
1262840 1802
1262850 1803
1262860 1805
1262870 1809
1262880 1812
1262890 1817
1262900 1821
1262910 1824
1262920 1827
1262930 1828
1262940 1829
1262950 1831
1262960 1832
1262970 1833
1262980 1833
1262990 1835
1263000 1837
1263010 1840
1263020 1845
1263030 1850
1263040 1855
1263050 1860
1263060 1866
1263070 1871
1263080 1877
1263090 1882
1263100 1887
1263110 1891
1263120 1895
1263130 1899
1263140 1903
1263150 1907
1263160 1911
1263170 1916
1263180 1921
1263190 1933
1263200 1948
1263210 1965
1263220 1969
1263230 1967
1263240 1962
1263250 1959
1263260 1957
1263270 1958
1263280 1956
1263290 1956
1263300 1959
1263310 1963
1263320 1968
1263330 1974
1263340 1983
1263350 1989
1263360 1994
1263370 1999
1263380 2003
1263390 2007
1263400 2011
1263410 2014
1263420 2018
1263430 2021
1263440 2024
1263450 2027
1263460 2030
1263470 2033
1263480 2037
1263490 2040
1263500 2043
1263510 2047
1263520 2051
1263530 2052
1263540 2054
1263550 2055
1263560 2057
1263570 2060
1263580 2063
1263590 2066
1263600 2069
1263610 2072
1263620 2075
1263630 2078
1263640 2081
1263650 2083
1263660 2086
1263670 2090
1263680 2094
1263690 2097
1263700 2100
1263710 2101
1263720 2103
1263730 2105
1263740 2107
1263750 2110
1263760 2113
1263770 2117
1263780 2130
1263790 2138
1263800 2143
1263810 2147
1263820 2151
1263830 2155
1263840 2159
1263850 2160
1263860 2162
1263870 2166
1263880 2171
1263890 2177
1263900 2184
1263910 2192
1263920 2199
1263930 2207
1263940 2212
1263950 2216
1263960 2219
1263970 2223
1263980 2227
1263990 2230
1264000 2234
1264010 2242
1264020 2249
1264030 2255
1264040 2263
1264050 2270
1264060 2275
1264070 2281
1264080 2287
1264090 2292
1264100 2295
1264110 2297
1264120 2299
1264130 2303
1264140 2306
1264150 2310
1264160 2316
1264170 2321
1264180 2324
1264190 2326
1264200 2328
1264210 2332
1264220 2338
1264230 2345
1264240 2359
1264250 2389
1264260 2405
1264270 2415
1264280 2418
1264290 2423
1264300 2429
1264310 2436
1264320 2444
1264330 2449
1264340 2453
1264350 2450
1264360 2447
1264370 2445
1264380 2458
1264390 2470
1264400 2480
1264410 2482
1264420 2476
1264430 2469
1264440 2466
1264450 2470
1264460 2478
1264470 2487
1264480 2495
1264490 2502
1264500 2507
1264510 2513
1264520 2520
1264530 2530
1264540 2538
1264550 2545
1264560 2549
1264570 2547
1264580 2542
1264590 2537
1264600 2533
1264610 2532
1264620 2532
1264630 2530
1264640 2526
1264650 2520
1264660 2514
1264670 2511
1264680 2509
1264690 2507
1264700 2507
1264710 2506
1264720 2506
1264730 2505
1264740 2502
1264750 2498
1264760 2493
1264770 2488
1264780 2484
1264790 2480
1264800 2476
1264810 2472
1264820 2467
1264830 2463
1264840 2458
1264850 2455
1264860 2451
1264870 2447
1264880 2442
1264890 2437
1264900 2432
1264910 2426
1264920 2420
1264930 2414
1264940 2409
1264950 2403
1264960 2398
1264970 2394
1264980 2389
1264990 2385
1265000 2380
1265010 2375
1265020 2370
1265030 2365
1265040 2361
1265050 2356
1265060 2351
1265070 2346
1265080 2341
1265090 2336
1265100 2332
1265110 2327
1265120 2322
1265130 2317
1265140 2313
1265150 2308
1265160 2304
1265170 2301
1265180 2297
1265190 2293
1265200 2290
1265210 2286
1265220 2282
1265230 2277
1265240 2271
1265250 2264
1265260 2258
1265270 2251
1265280 2244
1265290 2238
1265300 2233
1265310 2228
1265320 2222
1265330 2218
1265340 2213
1265350 2209
1265360 2204
1265370 2200
1265380 2197
1265390 2193
1265400 2189
1265410 2185
1265420 2181
1265430 2176
1265440 2172
1265450 2167
1265460 2163
1265470 2159
1265480 2155
1265490 2150
1265500 2145
1265510 2141
1265520 2135
1265530 2129
1265540 2121
1265550 2114
1265560 2109
1265570 2103
1265580 2098
1265590 2092
1265600 2085
1265610 2080
1265620 2075
1265630 2070
1265640 2066
1265650 2060
1265660 2054
1265670 2048
1265680 2042
1265690 2036
1265700 2030
1265710 2023
1265720 2017
1265730 2011
1265740 2006
1265750 2002
1265760 1997
1265770 1993
1265780 1988
1265790 1983
1265800 1979
1265810 1975
1265820 1970
1265830 1966
1265840 1962
1265850 1958
1265860 1954
1265870 1950
1265880 1946
1265890 1942
1265900 1938
1265910 1934
1265920 1930
1265930 1926
1265940 1922
1265950 1918
1265960 1915
1265970 1911
1265980 1907
1265990 1904
1266000 1900
1266010 1897
1266020 1894
1266030 1890
1266040 1887
1266050 1883
1266060 1880
1266070 1876
1266080 1873
1266090 1869
1266100 1865
1266110 1862
1266120 1858
1266130 1854
1266140 1851
1266150 1848
1266160 1844
1266170 1841
1266180 1837
1266190 1833
1266200 1830
1266210 1827
1266220 1823
1266230 1820
1266240 1817
1266250 1814
1266260 1811
1266270 1808
1266280 1805
1266290 1802
1266300 1799
1266310 1797
1266320 1794
1266330 1790
1266340 1788
1266350 1785
1266360 1782
1266370 1780
1266380 1777
1266390 1775
1266400 1773
1266410 1770
1266420 1767
1266430 1764
1266440 1762
1266450 1759
1266460 1756
1266470 1753
1266480 1751
1266490 1748
1266500 1745
1266510 1742
1266520 1740
1266530 1738
1266540 1735
1266550 1732
1266560 1729
1266570 1725
1266580 1721
1266590 1718
1266600 1716
1266610 1714
1266620 1713
1266630 1712
1266640 1711
1266650 1709
1266660 1706
1266670 1702
1266680 1699
1266690 1695
1266700 1692
1266710 1691
1266720 1689
1266730 1687
1266740 1685
1266750 1682
1266760 1679
1266770 1676
1266780 1673
1266790 1669
1266800 1664
1266810 1658
1266820 1653
1266830 1649
1266840 1648
1266850 1650
1266860 1653
1266870 1655
1266880 1654
1266890 1652
1266900 1649
1266910 1646
1266920 1643
1266930 1641
1266940 1637
1266950 1634
1266960 1631
1266970 1627
1266980 1624
1266990 1621
1267000 1620
1267010 1619
1267020 1617
1267030 1613
1267040 1610
1267050 1608
1267060 1605
1267070 1604
1267080 1604
1267090 1603
1267100 1602
1267110 1602
1267120 1601
1267130 1600
1267140 1596
1267150 1591
1267160 1587
1267170 1584
1267180 1582
1267190 1579
1267200 1578
1267210 1577
1267220 1577
1267230 1579
1267240 1581
1267250 1583
1267260 1584
1267270 1585
1267280 1585
1267290 1583
1267300 1582
1267310 1581
1267320 1580
1267330 1579
1267340 1580
1267350 1579
1267360 1578
1267370 1577
1267380 1576
1267390 1576
1267400 1576
1267410 1577
1267420 1576
1267430 1574
1267440 1572
1267450 1570
1267460 1569
1267470 1567
1267480 1567
1267490 1567
1267500 1566
1267510 1565
1267520 1565
1267530 1566
1267540 1565
1267550 1566
1267560 1567
1267570 1568
1267580 1570
1267590 1572
1267600 1572
1267610 1571
1267620 1569
1267630 1567
1267640 1566
1267650 1564
1267660 1562
1267670 1559
1267680 1557
1267690 1556
1267700 1554
1267710 1552
1267720 1549
1267730 1547
1267740 1545
1267750 1543
1267760 1541
1267770 1539
1267780 1538
1267790 1536
1267800 1534
1267810 1532
1267820 1530
1267830 1528
1267840 1526
1267850 1524
1267860 1522
1267870 1520
1267880 1519
1267890 1518
1267900 1518
1267910 1518
1267920 1517
1267930 1516
1267940 1515
1267950 1514
1267960 1512
1267970 1510
1267980 1509
1267990 1508
1268000 1507
1268010 1506
1268020 1505
1268030 1504
1268040 1504
1268050 1503
1268060 1502
1268070 1501
1268080 1500
1268090 1499
1268100 1498
1268110 1498
1268120 1498
1268130 1497
1268140 1497
1268150 1496
1268160 1495
1268170 1495
1268180 1494
1268190 1494
1268200 1493
1268210 1493
1268220 1492
1268230 1492
1268240 1491
1268250 1491
1268260 1490
1268270 1490
1268280 1489
1268290 1489
1268300 1488
1268310 1488
1268320 1487
1268330 1487
1268340 1486
1268350 1486
1268360 1485
1268370 1484
1268380 1484
1268390 1483
1268400 1483
1268410 1482
1268420 1482
1268430 1481
1268440 1481
1268450 1480
1268460 1480
1268470 1479
1268480 1478
1268490 1478
1268500 1477
1268510 1477
1268520 1476
1268530 1476
1268540 1475
1268550 1474
1268560 1473
1268570 1473
1268580 1472
1268590 1472
1268600 1471
1268610 1471
1268620 1470
1268630 1470
1268640 1470
1268650 1469
1268660 1468
1268670 1468
1268680 1467
1268690 1467
1268700 1466
1268710 1465
1268720 1465
1268730 1464
1268740 1464
1268750 1464
1268760 1463
1268770 1462
1268780 1462
1268790 1461
1268800 1461
1268810 1460
1268820 1460
1268830 1459
1268840 1459
1268850 1459
1268860 1458
1268870 1458
1268880 1457
1268890 1457
1268900 1456
1268910 1456
1268920 1456
1268930 1455
1268940 1454
1268950 1454
1268960 1453
1268970 1452
1268980 1452
1268990 1451
1269000 1451
1269010 1450
1269020 1450
1269030 1449
1269040 1449
1269050 1449
1269060 1448
1269070 1447
1269080 1447
1269090 1446
1269100 1446
1269110 1445
1269120 1445
1269130 1445
1269140 1445
1269150 1445
1269160 1444
1269170 1443
1269180 1441
1269190 1439
1269200 1437
1269210 1438
1269220 1438
1269230 1439
1269240 1440
1269250 1440
1269260 1439
1269270 1439
1269280 1438
1269290 1438
1269300 1438
1269310 1438
1269320 1438
1269330 1438
1269340 1438
1269350 1438
1269360 1437
1269370 1436
1269380 1434
1269390 1432
1269400 1431
1269410 1429
1269420 1429
1269430 1428
1269440 1428
1269450 1428
1269460 1428
1269470 1427
1269480 1427
1269490 1427
1269500 1426
1269510 1425
1269520 1425
1269530 1424
1269540 1424
1269550 1422
1269560 1422
1269570 1422
1269580 1422
1269590 1422
1269600 1422
1269610 1422
1269620 1422
1269630 1422
1269640 1422
1269650 1423
1269660 1425
1269670 1428
1269680 1433
1269690 1437
1269700 1441
1269710 1446
1269720 1450
1269730 1455
1269740 1459
1269750 1460
1269760 1462
1269770 1466
1269780 1471
1269790 1475
1269800 1478
1269810 1481
1269820 1485
1269830 1490
1269840 1495
1269850 1501
1269860 1506
1269870 1509
1269880 1512
1269890 1515
1269900 1517
1269910 1522
1269920 1526
1269930 1530
1269940 1533
1269950 1535
1269960 1537
1269970 1541
1269980 1544
1269990 1548
1270000 1551
1270010 1554
1270020 1556
1270030 1559
1270040 1560
1270050 1561
1270060 1563
1270070 1566
1270080 1569
1270090 1571
1270100 1572
1270110 1574
1270120 1575
1270130 1576
1270140 1577
1270150 1578
1270160 1579
1270170 1580
1270180 1582
1270190 1584
1270200 1588
1270210 1592
1270220 1597
1270230 1601
1270240 1605
1270250 1608
1270260 1612
1270270 1616
1270280 1617
1270290 1620
1270300 1622
1270310 1624
1270320 1627
1270330 1630
1270340 1633
1270350 1635
1270360 1638
1270370 1639
1270380 1640
1270390 1641
1270400 1643
1270410 1646
1270420 1649
1270430 1652
1270440 1653
1270450 1655
1270460 1656
1270470 1657
1270480 1658
1270490 1660
1270500 1661
1270510 1662
1270520 1663
1270530 1664
1270540 1666
1270550 1668
1270560 1670
1270570 1672
1270580 1674
1270590 1675
1270600 1677
1270610 1679
1270620 1681
1270630 1683
1270640 1685
1270650 1686
1270660 1687
1270670 1689
1270680 1690
1270690 1690
1270700 1690
1270710 1690
1270720 1691
1270730 1692
1270740 1694
1270750 1696
1270760 1697
1270770 1698
1270780 1700
1270790 1701
1270800 1703
1270810 1704
1270820 1705
1270830 1707
1270840 1708
1270850 1709
1270860 1710
1270870 1711
1270880 1713
1270890 1714
1270900 1716
1270910 1717
1270920 1720
1270930 1722
1270940 1725
1270950 1726
1270960 1728
1270970 1730
1270980 1732
1270990 1734
1271000 1734
1271010 1735
1271020 1737
1271030 1739
1271040 1740
1271050 1741
1271060 1742
1271070 1743
1271080 1744
1271090 1746
1271100 1748
1271110 1750
1271120 1752
1271130 1754
1271140 1756
1271150 1756
1271160 1755
1271170 1756
1271180 1757
1271190 1759
1271200 1760
1271210 1762
1271220 1764
1271230 1765
1271240 1766
1271250 1766
1271260 1768
1271270 1769
1271280 1770
1271290 1772
1271300 1774
1271310 1775
1271320 1776
1271330 1777
1271340 1777
1271350 1776
1271360 1776
1271370 1775
1271380 1775
1271390 1774
1271400 1774
1271410 1775
1271420 1776
1271430 1776
1271440 1776
1271450 1777
1271460 1778
1271470 1779
1271480 1780
1271490 1781
1271500 1781
1271510 1782
1271520 1782
1271530 1782
1271540 1782
1271550 1781
1271560 1781
1271570 1782
1271580 1782
1271590 1782
1271600 1782
1271610 1780
1271620 1779
1271630 1778
1271640 1779
1271650 1782
1271660 1786
1271670 1788
1271680 1789
1271690 1790
1271700 1793
1271710 1798
1271720 1803
1271730 1808
1271740 1809
1271750 1810
1271760 1808
1271770 1805
1271780 1803
1271790 1800
1271800 1797
1271810 1795
1271820 1792
1271830 1790
1271840 1787
1271850 1784
1271860 1781
1271870 1779
1271880 1776
1271890 1773
1271900 1771
1271910 1768
1271920 1765
1271930 1762
1271940 1759
1271950 1757
1271960 1753
1271970 1750
1271980 1747
1271990 1744
1272000 1741
1272010 1738
1272020 1735
1272030 1732
1272040 1730
1272050 1726
1272060 1723
1272070 1720
1272080 1718
1272090 1714
1272100 1711
1272110 1708
1272120 1704
1272130 1700
1272140 1696
1272150 1694
1272160 1693
1272170 1691
1272180 1688
1272190 1685
1272200 1682
1272210 1679
1272220 1677
1272230 1674
1272240 1670
1272250 1668
1272260 1667
1272270 1667
1272280 1666
1272290 1666
1272300 1665
1272310 1663
1272320 1662
1272330 1661
1272340 1660
1272350 1658
1272360 1656
1272370 1654
1272380 1652
1272390 1652
1272400 1651
1272410 1649
1272420 1647
1272430 1643
1272440 1639
1272450 1636
1272460 1633
1272470 1630
1272480 1626
1272490 1622
1272500 1617
1272510 1613
1272520 1608
1272530 1602
1272540 1597
1272550 1592
1272560 1588
1272570 1585
1272580 1583
1272590 1580
1272600 1577
1272610 1574
1272620 1569
1272630 1566
1272640 1563
1272650 1561
1272660 1557
1272670 1554
1272680 1551
1272690 1552
1272700 1556
1272710 1562
1272720 1566
1272730 1569
1272740 1570
1272750 1571
1272760 1573
1272770 1575
1272780 1579
1272790 1582
1272800 1584
1272810 1586
1272820 1588
1272830 1592
1272840 1595
1272850 1599
1272860 1602
1272870 1607
1272880 1612
1272890 1618
1272900 1624
1272910 1628
1272920 1631
1272930 1634
1272940 1637
1272950 1640
1272960 1643
1272970 1647
1272980 1650
1272990 1653
1273000 1656
1273010 1659
1273020 1661
1273030 1664
1273040 1667
1273050 1670
1273060 1674
1273070 1678
1273080 1682
1273090 1686
1273100 1690
1273110 1693
1273120 1696
1273130 1699
1273140 1702
1273150 1703
1273160 1706
1273170 1708
1273180 1711
1273190 1714
1273200 1718
1273210 1721
1273220 1725
1273230 1728
1273240 1732
1273250 1737
1273260 1742
1273270 1746
1273280 1750
1273290 1753
1273300 1757
1273310 1759
1273320 1763
1273330 1766
1273340 1769
1273350 1772
1273360 1775
1273370 1779
1273380 1783
1273390 1787
1273400 1791
1273410 1797
1273420 1802
1273430 1806
1273440 1810
1273450 1813
1273460 1817
1273470 1822
1273480 1827
1273490 1832
1273500 1837
1273510 1842
1273520 1846
1273530 1851
1273540 1855
1273550 1859
1273560 1863
1273570 1866
1273580 1870
1273590 1874
1273600 1878
1273610 1882
1273620 1886
1273630 1891
1273640 1895
1273650 1899
1273660 1902
1273670 1906
1273680 1911
1273690 1918
1273700 1926
1273710 1935
1273720 1943
1273730 1950
1273740 1957
1273750 1963
1273760 1967
1273770 1970
1273780 1973
1273790 1976
1273800 1980
1273810 1984
1273820 1988
1273830 1991
1273840 1993
1273850 1996
1273860 1999
1273870 2003
1273880 2008
1273890 2011
1273900 2014
1273910 2017
1273920 2021
1273930 2024
1273940 2027
1273950 2030
1273960 2033
1273970 2036
1273980 2041
1273990 2045
1274000 2050
1274010 2055
1274020 2060
1274030 2064
1274040 2068
1274050 2072
1274060 2076
1274070 2080
1274080 2085
1274090 2090
1274100 2092
1274110 2094
1274120 2096
1274130 2098
1274140 2100
1274150 2102
1274160 2104
1274170 2105
1274180 2107
1274190 2110
1274200 2113
1274210 2117
1274220 2123
1274230 2127
1274240 2131
1274250 2135
1274260 2140
1274270 2144
1274280 2149
1274290 2152
1274300 2155
1274310 2158
1274320 2161
1274330 2162
1274340 2163
1274350 2162
1274360 2162
1274370 2163
1274380 2165
1274390 2168
1274400 2170
1274410 2173
1274420 2174
1274430 2176
1274440 2177
1274450 2175
1274460 2175
1274470 2175
1274480 2170
1274490 2167
1274500 2164
1274510 2162
1274520 2159
1274530 2156
1274540 2151
1274550 2148
1274560 2145
1274570 2144
1274580 2142
1274590 2138
1274600 2134
1274610 2132
1274620 2131
1274630 2130
1274640 2128
1274650 2126
1274660 2123
1274670 2121
1274680 2118
1274690 2115
1274700 2113
1274710 2112
1274720 2112
1274730 2111
1274740 2112
1274750 2113
1274760 2113
1274770 2110
1274780 2107
1274790 2104
1274800 2103
1274810 2102
1274820 2098
1274830 2096
1274840 2093
1274850 2090
1274860 2087
1274870 2084
1274880 2082
1274890 2080
1274900 2077
1274910 2074
1274920 2072
1274930 2069
1274940 2066
1274950 2062
1274960 2058
1274970 2055
1274980 2051
1274990 2048
1275000 2046
1275010 2044
1275020 2040
1275030 2036
1275040 2033
1275050 2029
1275060 2026
1275070 2024
1275080 2022
1275090 2020
1275100 2018
1275110 2015
1275120 2011
1275130 2006
1275140 2001
1275150 1995
1275160 1990
1275170 1984
1275180 1979
1275190 1974
1275200 1970
1275210 1967
1275220 1964
1275230 1961
1275240 1959
1275250 1956
1275260 1953
1275270 1949
1275280 1945
1275290 1940
1275300 1935
1275310 1930
1275320 1926
1275330 1923
1275340 1919
1275350 1916
1275360 1912
1275370 1909
1275380 1906
1275390 1903
1275400 1900
1275410 1898
1275420 1895
1275430 1892
1275440 1890
1275450 1886
1275460 1883
1275470 1880
1275480 1877
1275490 1873
1275500 1870
1275510 1867
1275520 1863
1275530 1859
1275540 1854
1275550 1850
1275560 1846
1275570 1843
1275580 1840
1275590 1836
1275600 1833
1275610 1829
1275620 1826
1275630 1822
1275640 1819
1275650 1816
1275660 1813
1275670 1809
1275680 1806
1275690 1803
1275700 1800
1275710 1797
1275720 1793
1275730 1789
1275740 1785
1275750 1781
1275760 1777
1275770 1773
1275780 1769
1275790 1765
1275800 1760
1275810 1756
1275820 1753
1275830 1750
1275840 1747
1275850 1744
1275860 1741
1275870 1738
1275880 1736
1275890 1734
1275900 1732
1275910 1730
1275920 1728
1275930 1727
1275940 1724
1275950 1722
1275960 1719
1275970 1717
1275980 1715
1275990 1712
1276000 1710
1276010 1707
1276020 1704
1276030 1699
1276040 1695
1276050 1691
1276060 1686
1276070 1684
1276080 1683
1276090 1688
1276100 1692
1276110 1695
1276120 1697
1276130 1700
1276140 1704
1276150 1707
1276160 1711
1276170 1714
1276180 1715
1276190 1720
1276200 1725
1276210 1729
1276220 1733
1276230 1737
1276240 1739
1276250 1742
1276260 1745
1276270 1748
1276280 1751
1276290 1753
1276300 1755
1276310 1757
1276320 1759
1276330 1761
1276340 1763
1276350 1765
1276360 1769
1276370 1773
1276380 1777
1276390 1782
1276400 1787
1276410 1792
1276420 1796
1276430 1799
1276440 1802
1276450 1804
1276460 1807
1276470 1809
1276480 1812
1276490 1816
1276500 1820
1276510 1825
1276520 1828
1276530 1831
1276540 1834
1276550 1836
1276560 1841
1276570 1845
1276580 1850
1276590 1856
1276600 1861
1276610 1865
1276620 1870
1276630 1875
1276640 1880
1276650 1885
1276660 1890
1276670 1895
1276680 1899
1276690 1903
1276700 1906
1276710 1910
1276720 1913
1276730 1915
1276740 1917
1276750 1921
1276760 1923
1276770 1925
1276780 1927
1276790 1930
1276800 1934
1276810 1936
1276820 1938
1276830 1939
1276840 1940
1276850 1940
1276860 1942
1276870 1946
1276880 1951
1276890 1956
1276900 1960
1276910 1966
1276920 1970
1276930 1974
1276940 1977
1276950 1980
1276960 1983
1276970 1988
1276980 1993
1276990 1997
1277000 2001
1277010 2006
1277020 2011
1277030 2016
1277040 2017
1277050 2018
1277060 2019
1277070 2019
1277080 2022
1277090 2025
1277100 2029
1277110 2031
1277120 2033
1277130 2036
1277140 2039
1277150 2042
1277160 2045
1277170 2047
1277180 2048
1277190 2051
1277200 2051
1277210 2053
1277220 2055
1277230 2058
1277240 2060
1277250 2064
1277260 2065
1277270 2066
1277280 2065
1277290 2064
1277300 2064
1277310 2063
1277320 2065
1277330 2067
1277340 2068
