1260000 1878
1260010 1881
1260020 1884
1260030 1887
1260040 1890
1260050 1891
1260060 1893
1260070 1894
1260080 1896
1260090 1898
1260100 1900
1260110 1903
1260120 1906
1260130 1908
1260140 1911
1260150 1914
1260160 1916
1260170 1920
1260180 1923
1260190 1926
1260200 1929
1260210 1933
1260220 1936
1260230 1939
1260240 1943
1260250 1946
1260260 1951
1260270 1956
1260280 1962
1260290 1973
1260300 1981
1260310 1990
1260320 1998
1260330 2007
1260340 2013
1260350 2016
1260360 2019
1260370 2022
1260380 2026
1260390 2029
1260400 2034
1260410 2038
1260420 2042
1260430 2046
1260440 2050
1260450 2053
1260460 2057
1260470 2060
1260480 2063
1260490 2067
1260500 2069
1260510 2070
1260520 2074
1260530 2078
1260540 2081
1260550 2085
1260560 2089
1260570 2093
1260580 2097
1260590 2102
1260600 2106
1260610 2111
1260620 2115
1260630 2120
1260640 2125
1260650 2131
1260660 2137
1260670 2143
1260680 2150
1260690 2158
1260700 2165
1260710 2170
1260720 2174
1260730 2178
1260740 2181
1260750 2184
1260760 2188
1260770 2192
1260780 2196
1260790 2200
1260800 2209
1260810 2217
1260820 2224
1260830 2233
1260840 2242
1260850 2249
1260860 2253
1260870 2258
1260880 2264
1260890 2269
1260900 2275
1260910 2279
1260920 2284
1260930 2289
1260940 2296
1260950 2302
1260960 2312
1260970 2321
1260980 2330
1260990 2337
1261000 2345
1261010 2352
1261020 2360
1261030 2374
1261040 2390
1261050 2400
1261060 2411
1261070 2422
1261080 2436
1261090 2445
1261100 2450
1261110 2450
1261120 2445
1261130 2440
1261140 2434
1261150 2427
1261160 2420
1261170 2412
1261180 2396
1261190 2385
1261200 2380
1261210 2374
1261220 2368
1261230 2362
1261240 2349
1261250 2340
1261260 2333
1261270 2327
1261280 2320
1261290 2313
1261300 2304
1261310 2297
1261320 2291
1261330 2286
1261340 2282
1261350 2277
1261360 2273
1261370 2268
1261380 2263
1261390 2258
1261400 2254
1261410 2249
1261420 2244
1261430 2240
1261440 2235
1261450 2231
1261460 2227
1261470 2223
1261480 2219
1261490 2216
1261500 2213
1261510 2210
1261520 2207
1261530 2202
1261540 2199
1261550 2200
1261560 2197
1261570 2193
1261580 2188
1261590 2186
1261600 2184
1261610 2180
1261620 2177
1261630 2175
1261640 2173
1261650 2171
1261660 2169
1261670 2167
1261680 2163
1261690 2158
1261700 2153
1261710 2146
1261720 2142
1261730 2138
1261740 2135
1261750 2132
1261760 2129
1261770 2127
1261780 2124
1261790 2120
1261800 2117
1261810 2113
1261820 2109
1261830 2105
1261840 2103
1261850 2100
1261860 2098
1261870 2097
1261880 2094
1261890 2091
1261900 2089
1261910 2086
1261920 2082
1261930 2078
1261940 2074
1261950 2070
1261960 2065
1261970 2061
1261980 2056
1261990 2053
1262000 2048
1262010 2042
1262020 2037
1262030 2031
1262040 2026
1262050 2022
1262060 2016
1262070 2010
1262080 2005
1262090 2001
1262100 1997
1262110 1993
1262120 1989
1262130 1984
1262140 1980
1262150 1975
1262160 1970
1262170 1965
1262180 1960
1262190 1955
1262200 1951
1262210 1947
1262220 1944
1262230 1941
1262240 1937
1262250 1933
1262260 1929
1262270 1925
1262280 1922
1262290 1918
1262300 1915
1262310 1911
1262320 1908
1262330 1904
1262340 1899
1262350 1895
1262360 1891
1262370 1887
1262380 1883
1262390 1878
1262400 1873
1262410 1868
1262420 1863
1262430 1858
1262440 1852
1262450 1847
1262460 1842
1262470 1837
1262480 1833
1262490 1829
1262500 1824
1262510 1820
1262520 1817
1262530 1814
1262540 1809
1262550 1804
1262560 1798
1262570 1792
1262580 1787
1262590 1783
1262600 1778
1262610 1773
1262620 1768
1262630 1764
1262640 1760
1262650 1756
1262660 1754
1262670 1751
1262680 1749
1262690 1745
1262700 1742
1262710 1740
1262720 1735
1262730 1731
1262740 1727
1262750 1723
1262760 1721
1262770 1718
1262780 1715
1262790 1713
1262800 1713
1262810 1713
1262820 1714
1262830 1716
1262840 1719
1262850 1722
1262860 1725
1262870 1728
1262880 1729
1262890 1731
1262900 1733
1262910 1735
1262920 1737
1262930 1739
1262940 1741
1262950 1744
1262960 1746
1262970 1749
1262980 1751
1262990 1754
1263000 1756
1263010 1758
1263020 1761
1263030 1763
1263040 1766
1263050 1769
1263060 1771
1263070 1775
1263080 1778
1263090 1780
1263100 1783
1263110 1785
1263120 1787
1263130 1789
1263140 1791
1263150 1793
1263160 1796
1263170 1798
1263180 1801
1263190 1803
1263200 1806
1263210 1808
1263220 1811
1263230 1814
1263240 1816
1263250 1819
1263260 1821
1263270 1823
1263280 1825
1263290 1827
1263300 1829
1263310 1831
1263320 1834
1263330 1836
1263340 1839
1263350 1841
1263360 1844
1263370 1847
1263380 1850
1263390 1851
1263400 1853
1263410 1855
1263420 1857
1263430 1858
1263440 1859
1263450 1861
1263460 1862
1263470 1863
1263480 1865
1263490 1867
1263500 1870
1263510 1874
1263520 1878
1263530 1883
1263540 1887
1263550 1893
1263560 1900
1263570 1907
1263580 1915
1263590 1925
1263600 1938
1263610 1951
1263620 1960
1263630 1965
1263640 1969
1263650 1973
1263660 1977
1263670 1985
1263680 1992
1263690 1999
1263700 2005
1263710 2011
1263720 2018
1263730 2024
1263740 2030
1263750 2036
1263760 2041
1263770 2046
1263780 2052
1263790 2058
1263800 2062
1263810 2065
1263820 2067
1263830 2069
1263840 2071
1263850 2073
1263860 2075
1263870 2076
1263880 2075
1263890 2076
1263900 2080
1263910 2086
1263920 2087
1263930 2090
1263940 2093
1263950 2096
1263960 2105
1263970 2110
1263980 2105
1263990 2106
1264000 2113
1264010 2124
1264020 2132
1264030 2140
1264040 2147
1264050 2151
1264060 2159
1264070 2169
1264080 2178
1264090 2185
1264100 2190
1264110 2195
1264120 2200
1264130 2204
1264140 2209
1264150 2212
1264160 2215
1264170 2219
1264180 2222
1264190 2227
1264200 2233
1264210 2239
1264220 2246
1264230 2252
1264240 2258
1264250 2264
1264260 2269
1264270 2274
1264280 2278
1264290 2282
1264300 2287
1264310 2291
1264320 2296
1264330 2300
1264340 2304
1264350 2308
1264360 2312
1264370 2317
1264380 2321
1264390 2326
1264400 2332
1264410 2337
1264420 2343
1264430 2349
1264440 2354
1264450 2359
1264460 2364
1264470 2373
1264480 2385
1264490 2406
1264500 2434
1264510 2462
1264520 2475
1264530 2482
1264540 2488
1264550 2500
1264560 2502
1264570 2503
1264580 2505
1264590 2502
1264600 2497
1264610 2492
1264620 2487
1264630 2482
1264640 2478
1264650 2471
1264660 2465
1264670 2458
1264680 2450
1264690 2442
1264700 2435
1264710 2429
1264720 2424
1264730 2418
1264740 2413
1264750 2408
1264760 2404
1264770 2401
1264780 2397
1264790 2393
1264800 2389
1264810 2385
1264820 2382
1264830 2378
1264840 2374
1264850 2370
1264860 2367
1264870 2363
1264880 2359
1264890 2355
1264900 2351
1264910 2347
1264920 2343
1264930 2340
1264940 2336
1264950 2332
1264960 2329
1264970 2327
1264980 2325
1264990 2323
1265000 2322
1265010 2320
1265020 2318
1265030 2315
1265040 2312
1265050 2309
1265060 2308
1265070 2306
1265080 2305
1265090 2304
1265100 2304
1265110 2303
1265120 2301
1265130 2301
1265140 2301
1265150 2301
1265160 2300
1265170 2299
1265180 2300
1265190 2300
1265200 2300
1265210 2299
1265220 2299
1265230 2299
1265240 2298
1265250 2294
1265260 2293
1265270 2293
1265280 2293
1265290 2292
1265300 2292
1265310 2293
1265320 2293
1265330 2292
1265340 2289
1265350 2286
1265360 2284
1265370 2284
1265380 2284
1265390 2284
1265400 2283
1265410 2283
1265420 2281
1265430 2279
1265440 2277
1265450 2276
1265460 2275
1265470 2274
1265480 2274
1265490 2274
1265500 2273
1265510 2272
1265520 2271
1265530 2270
1265540 2269
1265550 2267
1265560 2266
1265570 2265
1265580 2262
1265590 2259
1265600 2254
1265610 2249
1265620 2242
1265630 2236
1265640 2230
1265650 2221
1265660 2216
1265670 2211
1265680 2207
1265690 2204
1265700 2202
1265710 2199
1265720 2196
1265730 2194
1265740 2193
1265750 2192
1265760 2191
1265770 2190
1265780 2188
1265790 2185
1265800 2183
1265810 2180
1265820 2178
1265830 2175
1265840 2172
1265850 2170
1265860 2168
1265870 2165
1265880 2162
1265890 2160
1265900 2157
1265910 2155
1265920 2153
1265930 2151
1265940 2148
1265950 2146
1265960 2143
1265970 2141
1265980 2138
1265990 2135
1266000 2132
1266010 2130
1266020 2128
1266030 2125
1266040 2123
1266050 2120
1266060 2118
1266070 2116
1266080 2114
1266090 2112
1266100 2111
1266110 2112
1266120 2113
1266130 2111
1266140 2108
1266150 2105
1266160 2105
1266170 2104
1266180 2101
1266190 2099
1266200 2097
1266210 2096
1266220 2096
1266230 2094
1266240 2091
1266250 2088
1266260 2085
1266270 2082
1266280 2079
1266290 2077
1266300 2074
1266310 2072
1266320 2068
1266330 2063
1266340 2057
1266350 2048
1266360 2040
1266370 2032
1266380 2025
1266390 2018
1266400 2006
1266410 1989
1266420 1992
1266430 2000
1266440 2010
1266450 2013
1266460 2015
1266470 2016
1266480 2014
1266490 2013
1266500 2011
1266510 2009
1266520 2007
1266530 2004
1266540 2002
1266550 1997
1266560 1992
1266570 1986
1266580 1980
1266590 1973
1266600 1968
1266610 1965
1266620 1964
1266630 1965
1266640 1963
1266650 1959
1266660 1955
1266670 1948
1266680 1941
1266690 1934
1266700 1929
1266710 1922
1266720 1915
1266730 1907
1266740 1890
1266750 1868
1266760 1849
1266770 1824
1266780 1803
1266790 1804
1266800 1809
1266810 1820
1266820 1839
1266830 1875
1266840 1911
1266850 1940
1266860 1976
1266870 2001
1266880 2013
1266890 2014
1266900 2013
1266910 2010
1266920 2003
1266930 1995
1266940 1991
1266950 2003
1266960 2011
1266970 2015
1266980 2009
1266990 2007
1267000 2009
1267010 2014
1267020 2015
1267030 2013
1267040 2010
1267050 2005
1267060 1990
1267070 1962
1267080 1947
1267090 1935
1267100 1925
1267110 1909
1267120 1895
1267130 1884
1267140 1878
1267150 1870
1267160 1862
1267170 1854
1267180 1845
1267190 1837
1267200 1830
1267210 1822
1267220 1814
1267230 1807
1267240 1798
1267250 1791
1267260 1786
1267270 1789
1267280 1791
1267290 1791
1267300 1797
1267310 1811
1267320 1832
1267330 1847
1267340 1862
1267350 1876
1267360 1887
1267370 1897
1267380 1905
1267390 1907
1267400 1896
1267410 1883
1267420 1873
1267430 1868
1267440 1860
1267450 1846
1267460 1838
1267470 1830
1267480 1823
1267490 1818
1267500 1804
1267510 1786
1267520 1804
1267530 1820
1267540 1834
1267550 1841
1267560 1841
1267570 1839
1267580 1833
1267590 1827
1267600 1820
1267610 1811
1267620 1802
1267630 1795
1267640 1795
1267650 1793
1267660 1791
1267670 1787
1267680 1777
1267690 1765
1267700 1753
1267710 1743
1267720 1733
1267730 1723
1267740 1717
1267750 1723
1267760 1735
1267770 1750
1267780 1753
1267790 1752
1267800 1748
1267810 1745
1267820 1740
1267830 1734
1267840 1724
1267850 1713
1267860 1703
1267870 1695
1267880 1686
1267890 1676
1267900 1667
1267910 1657
1267920 1647
1267930 1641
1267940 1640
1267950 1642
1267960 1644
1267970 1661
1267980 1684
1267990 1698
1268000 1701
1268010 1700
1268020 1699
1268030 1698
1268040 1697
1268050 1695
1268060 1693
1268070 1691
1268080 1688
1268090 1685
1268100 1683
1268110 1681
1268120 1678
1268130 1676
1268140 1674
1268150 1673
1268160 1672
1268170 1671
1268180 1670
1268190 1669
1268200 1667
1268210 1664
1268220 1661
1268230 1658
1268240 1656
1268250 1654
1268260 1646
1268270 1631
1268280 1615
1268290 1611
1268300 1619
1268310 1639
1268320 1647
1268330 1645
1268340 1640
1268350 1638
1268360 1640
1268370 1644
1268380 1646
1268390 1647
1268400 1647
1268410 1644
1268420 1641
1268430 1640
1268440 1639
1268450 1638
1268460 1636
1268470 1634
1268480 1631
1268490 1629
1268500 1626
1268510 1623
1268520 1620
1268530 1617
1268540 1614
1268550 1611
1268560 1609
1268570 1605
1268580 1602
1268590 1599
1268600 1595
1268610 1590
1268620 1586
1268630 1583
1268640 1578
1268650 1570
1268660 1566
1268670 1560
1268680 1552
1268690 1545
1268700 1539
1268710 1534
1268720 1531
1268730 1529
1268740 1527
1268750 1525
1268760 1525
1268770 1526
1268780 1526
1268790 1524
1268800 1522
1268810 1519
1268820 1517
1268830 1514
1268840 1512
1268850 1509
1268860 1506
1268870 1503
1268880 1499
1268890 1496
1268900 1494
1268910 1493
1268920 1492
1268930 1491
1268940 1491
1268950 1490
1268960 1489
1268970 1488
1268980 1485
1268990 1482
1269000 1478
1269010 1475
1269020 1472
1269030 1470
1269040 1469
1269050 1467
1269060 1464
1269070 1462
1269080 1460
1269090 1458
1269100 1456
1269110 1455
1269120 1454
1269130 1452
1269140 1451
1269150 1449
1269160 1448
1269170 1446
1269180 1445
1269190 1444
1269200 1443
1269210 1442
1269220 1441
1269230 1438
1269240 1436
1269250 1434
1269260 1432
1269270 1431
1269280 1431
1269290 1431
1269300 1430
1269310 1430
1269320 1429
1269330 1429
1269340 1428
1269350 1428
1269360 1427
1269370 1427
1269380 1426
1269390 1426
1269400 1425
1269410 1425
1269420 1424
1269430 1424
1269440 1423
1269450 1423
1269460 1422
1269470 1422
1269480 1422
1269490 1422
1269500 1421
1269510 1421
1269520 1421
1269530 1420
1269540 1420
1269550 1420
1269560 1420
1269570 1419
1269580 1419
1269590 1419
1269600 1419
1269610 1419
1269620 1418
1269630 1418
1269640 1417
1269650 1418
1269660 1418
1269670 1417
1269680 1417
1269690 1416
1269700 1416
1269710 1416
1269720 1415
1269730 1415
1269740 1414
1269750 1414
1269760 1414
1269770 1413
1269780 1413
1269790 1413
1269800 1413
1269810 1413
1269820 1412
1269830 1412
1269840 1412
1269850 1411
1269860 1411
1269870 1410
1269880 1411
1269890 1410
1269900 1410
1269910 1410
1269920 1410
1269930 1410
1269940 1410
1269950 1410
1269960 1410
1269970 1410
1269980 1410
1269990 1411
1270000 1412
1270010 1413
1270020 1413
1270030 1412
1270040 1410
1270050 1411
1270060 1412
1270070 1414
1270080 1416
1270090 1418
1270100 1421
1270110 1424
1270120 1428
1270130 1432
1270140 1435
1270150 1438
1270160 1440
1270170 1441
1270180 1442
1270190 1443
1270200 1443
1270210 1444
1270220 1446
1270230 1449
1270240 1452
1270250 1455
1270260 1458
1270270 1460
1270280 1462
1270290 1464
1270300 1465
1270310 1467
1270320 1468
1270330 1470
1270340 1471
1270350 1472
1270360 1473
1270370 1474
1270380 1476
1270390 1476
1270400 1477
1270410 1477
1270420 1477
1270430 1477
1270440 1479
1270450 1480
1270460 1483
1270470 1486
1270480 1488
1270490 1490
1270500 1491
1270510 1493
1270520 1495
1270530 1497
1270540 1499
1270550 1501
1270560 1502
1270570 1503
1270580 1506
1270590 1507
1270600 1508
1270610 1508
1270620 1509
1270630 1511
1270640 1514
1270650 1517
1270660 1520
1270670 1521
1270680 1524
1270690 1528
1270700 1531
1270710 1534
1270720 1536
1270730 1538
1270740 1539
1270750 1542
1270760 1544
1270770 1546
1270780 1546
1270790 1547
1270800 1548
1270810 1548
1270820 1548
1270830 1547
1270840 1547
1270850 1547
1270860 1547
1270870 1546
1270880 1545
1270890 1544
1270900 1544
1270910 1544
1270920 1544
1270930 1545
1270940 1546
1270950 1548
1270960 1549
1270970 1550
1270980 1552
1270990 1554
1271000 1557
1271010 1560
1271020 1562
1271030 1564
1271040 1566
1271050 1569
1271060 1572
1271070 1574
1271080 1577
1271090 1579
1271100 1581
1271110 1582
1271120 1583
1271130 1585
1271140 1586
1271150 1588
1271160 1589
1271170 1590
1271180 1592
1271190 1593
1271200 1595
1271210 1597
1271220 1599
1271230 1601
1271240 1603
1271250 1606
1271260 1608
1271270 1609
1271280 1610
1271290 1609
1271300 1608
1271310 1606
1271320 1605
1271330 1605
1271340 1604
1271350 1605
1271360 1606
1271370 1608
1271380 1609
1271390 1611
1271400 1612
1271410 1614
1271420 1616
1271430 1617
1271440 1617
1271450 1617
1271460 1620
1271470 1621
1271480 1623
1271490 1623
1271500 1625
1271510 1626
1271520 1627
1271530 1630
1271540 1634
1271550 1638
1271560 1642
1271570 1645
1271580 1647
1271590 1649
1271600 1650
1271610 1650
1271620 1650
1271630 1649
1271640 1648
1271650 1647
1271660 1646
1271670 1645
1271680 1644
1271690 1643
1271700 1643
1271710 1642
1271720 1642
1271730 1643
1271740 1643
1271750 1643
1271760 1643
1271770 1641
1271780 1640
1271790 1639
1271800 1638
1271810 1637
1271820 1635
1271830 1634
1271840 1633
1271850 1631
1271860 1629
1271870 1627
1271880 1625
1271890 1624
1271900 1622
1271910 1620
1271920 1618
1271930 1615
1271940 1613
1271950 1611
1271960 1609
1271970 1607
1271980 1604
1271990 1603
1272000 1600
1272010 1597
1272020 1595
1272030 1592
1272040 1589
1272050 1586
1272060 1584
1272070 1582
1272080 1580
1272090 1577
1272100 1573
1272110 1569
1272120 1566
1272130 1565
1272140 1565
1272150 1565
1272160 1565
1272170 1564
1272180 1563
1272190 1564
1272200 1562
1272210 1560
1272220 1557
1272230 1555
1272240 1553
1272250 1551
1272260 1548
1272270 1546
1272280 1545
1272290 1543
1272300 1540
1272310 1535
1272320 1532
1272330 1530
1272340 1527
1272350 1525
1272360 1523
1272370 1522
1272380 1521
1272390 1520
1272400 1519
1272410 1517
1272420 1513
1272430 1508
1272440 1504
1272450 1499
1272460 1496
1272470 1492
1272480 1493
1272490 1495
1272500 1498
1272510 1503
1272520 1507
1272530 1512
1272540 1516
1272550 1520
1272560 1523
1272570 1527
1272580 1531
1272590 1535
1272600 1539
1272610 1543
1272620 1547
1272630 1551
1272640 1555
1272650 1559
1272660 1564
1272670 1568
1272680 1572
1272690 1577
1272700 1580
1272710 1583
1272720 1587
1272730 1591
1272740 1595
1272750 1599
1272760 1602
1272770 1606
1272780 1611
1272790 1615
1272800 1620
1272810 1624
1272820 1629
1272830 1633
1272840 1636
1272850 1640
1272860 1644
1272870 1648
1272880 1652
1272890 1656
1272900 1660
1272910 1664
1272920 1668
1272930 1672
1272940 1677
1272950 1680
1272960 1684
1272970 1689
1272980 1694
1272990 1698
1273000 1703
1273010 1707
1273020 1711
1273030 1716
1273040 1721
1273050 1726
1273060 1730
1273070 1732
1273080 1733
1273090 1734
1273100 1735
1273110 1737
1273120 1740
1273130 1744
1273140 1747
1273150 1751
1273160 1756
1273170 1764
1273180 1772
1273190 1780
1273200 1789
1273210 1796
1273220 1803
1273230 1808
1273240 1813
1273250 1817
1273260 1821
1273270 1824
1273280 1827
1273290 1830
1273300 1833
1273310 1836
1273320 1840
1273330 1842
1273340 1844
1273350 1846
1273360 1848
1273370 1851
1273380 1854
1273390 1858
1273400 1861
1273410 1865
1273420 1868
1273430 1871
1273440 1874
1273450 1876
1273460 1878
1273470 1881
1273480 1885
1273490 1888
1273500 1892
1273510 1896
1273520 1900
1273530 1904
1273540 1908
1273550 1911
1273560 1915
1273570 1918
1273580 1923
1273590 1927
1273600 1931
1273610 1935
1273620 1938
1273630 1941
1273640 1945
1273650 1948
1273660 1952
1273670 1956
1273680 1960
1273690 1963
1273700 1967
1273710 1969
1273720 1972
1273730 1973
1273740 1976
1273750 1978
1273760 1982
1273770 1985
1273780 1988
1273790 1991
1273800 1995
1273810 1998
1273820 2001
1273830 2005
1273840 2009
1273850 2013
1273860 2018
1273870 2021
1273880 2023
1273890 2021
1273900 2019
1273910 2016
1273920 2013
1273930 2011
1273940 2009
1273950 2007
1273960 2005
1273970 2003
1273980 2002
1273990 2000
1274000 1998
1274010 1997
1274020 1996
1274030 1995
1274040 1993
1274050 1991
1274060 1990
1274070 1989
1274080 1989
1274090 1989
1274100 1988
1274110 1987
1274120 1987
1274130 1988
1274140 1988
1274150 1989
1274160 1991
1274170 1992
1274180 1992
1274190 1993
1274200 1995
1274210 1995
1274220 1997
1274230 2000
1274240 2002
1274250 2007
1274260 2011
1274270 2014
1274280 2014
1274290 2014
1274300 2015
1274310 2015
1274320 2014
1274330 2014
1274340 2012
1274350 2010
1274360 2009
1274370 2009
1274380 2009
1274390 2010
1274400 2012
1274410 2014
1274420 2016
1274430 2016
1274440 2015
1274450 2015
1274460 2014
1274470 2014
1274480 2013
1274490 2013
1274500 2012
1274510 2012
1274520 2012
1274530 2010
1274540 2009
1274550 2009
1274560 2012
1274570 2014
1274580 2017
1274590 2019
1274600 2022
1274610 2026
1274620 2030
1274630 2032
1274640 2033
1274650 2033
1274660 2035
1274670 2039
1274680 2043
1274690 2048
1274700 2052
1274710 2057
1274720 2060
1274730 2061
1274740 2059
1274750 2056
1274760 2053
1274770 2051
1274780 2046
1274790 2042
1274800 2038
1274810 2035
1274820 2033
1274830 2031
1274840 2029
1274850 2028
1274860 2026
1274870 2024
1274880 2023
1274890 2021
1274900 2021
1274910 2020
1274920 2018
1274930 2017
1274940 2013
1274950 2009
1274960 2004
1274970 1998
1274980 1992
1274990 1987
1275000 1983
1275010 1980
1275020 1976
1275030 1973
1275040 1968
1275050 1964
1275060 1958
1275070 1954
1275080 1949
1275090 1945
1275100 1941
1275110 1937
1275120 1933
1275130 1931
1275140 1929
1275150 1927
1275160 1924
1275170 1921
1275180 1918
1275190 1914
1275200 1910
1275210 1907
1275220 1903
1275230 1901
1275240 1898
1275250 1895
1275260 1892
1275270 1889
1275280 1887
1275290 1884
1275300 1882
1275310 1879
1275320 1876
1275330 1872
1275340 1869
1275350 1866
1275360 1863
1275370 1861
1275380 1860
1275390 1858
1275400 1857
1275410 1855
1275420 1853
1275430 1851
1275440 1848
1275450 1845
1275460 1842
1275470 1839
1275480 1837
1275490 1834
1275500 1832
1275510 1829
1275520 1828
1275530 1826
1275540 1824
1275550 1821
1275560 1818
1275570 1815
1275580 1811
1275590 1807
1275600 1803
1275610 1799
1275620 1796
1275630 1793
1275640 1790
1275650 1787
1275660 1784
1275670 1781
1275680 1778
1275690 1775
1275700 1771
1275710 1767
1275720 1763
1275730 1760
1275740 1757
1275750 1754
1275760 1752
1275770 1750
1275780 1748
1275790 1747
1275800 1744
1275810 1742
1275820 1738
1275830 1733
1275840 1729
1275850 1726
1275860 1722
1275870 1719
1275880 1715
1275890 1711
1275900 1708
1275910 1705
1275920 1703
1275930 1701
1275940 1698
1275950 1696
1275960 1693
1275970 1689
1275980 1686
1275990 1684
1276000 1682
1276010 1679
1276020 1677
1276030 1674
1276040 1671
1276050 1668
1276060 1666
1276070 1663
1276080 1660
1276090 1656
1276100 1654
1276110 1650
1276120 1647
1276130 1647
1276140 1648
1276150 1650
1276160 1652
1276170 1655
1276180 1658
1276190 1662
1276200 1665
1276210 1667
1276220 1670
1276230 1672
1276240 1675
1276250 1678
1276260 1680
1276270 1683
1276280 1686
1276290 1691
1276300 1695
1276310 1699
1276320 1703
1276330 1707
1276340 1711
1276350 1714
1276360 1717
1276370 1720
1276380 1724
1276390 1728
1276400 1732
1276410 1737
1276420 1740
1276430 1744
1276440 1748
1276450 1753
1276460 1757
1276470 1760
1276480 1764
1276490 1767
1276500 1769
1276510 1773
1276520 1776
1276530 1778
1276540 1779
1276550 1782
1276560 1785
1276570 1788
1276580 1791
1276590 1794
1276600 1797
1276610 1801
1276620 1803
1276630 1805
1276640 1804
1276650 1805
1276660 1807
1276670 1810
1276680 1813
1276690 1815
1276700 1817
1276710 1820
1276720 1822
1276730 1826
1276740 1831
1276750 1835
1276760 1839
1276770 1844
1276780 1849
1276790 1855
1276800 1861
1276810 1865
1276820 1868
1276830 1872
1276840 1876
1276850 1882
1276860 1885
1276870 1888
1276880 1891
1276890 1896
1276900 1898
1276910 1899
1276920 1899
1276930 1898
1276940 1898
1276950 1899
1276960 1901
1276970 1902
1276980 1902
1276990 1903
1277000 1905
1277010 1908
1277020 1911
1277030 1914
1277040 1918
1277050 1923
1277060 1929
1277070 1935
1277080 1938
1277090 1941
1277100 1943
1277110 1944
1277120 1943
1277130 1943
1277140 1943
1277150 1943
1277160 1944
1277170 1944
1277180 1945
1277190 1946
1277200 1946
1277210 1947
1277220 1949
1277230 1951
1277240 1952
1277250 1954
1277260 1957
1277270 1961
1277280 1966
1277290 1972
1277300 1976
1277310 1981
1277320 1985
1277330 1989
1277340 1994
1277350 1998
1277360 2003
1277370 2007
1277380 2011
1277390 2015
1277400 2018
1277410 2021
1277420 2024
1277430 2027
1277440 2030
1277450 2033
1277460 2038
1277470 2041
1277480 2044
1277490 2046
1277500 2049
1277510 2052
1277520 2056
1277530 2058
1277540 2060
1277550 2061
1277560 2065
1277570 2070
1277580 2075
1277590 2077
1277600 2079
1277610 2080
1277620 2080
1277630 2081
1279640 1753
1279650 1753
1279660 1751
1279670 1749
1279680 1747
1279690 1745
1279700 1743
1279710 1741
1279720 1740
1279730 1739
1279740 1737
1279750 1735
1279760 1733
1279770 1729
1279780 1725
1279790 1722
1279800 1718
1279810 1715
1279820 1713
1279830 1710
1279840 1708
1279850 1706
1279860 1706
1279870 1706
1279880 1707
1279890 1706
1279900 1706
1279910 1707
1279920 1708
1279930 1709
1279940 1710
1279950 1711
1279960 1713
1279970 1715
1279980 1717
1279990 1719
