1260000 1750
1260010 1759
1260020 1765
1260030 1771
1260040 1776
1260050 1782
1260060 1787
1260070 1792
1260080 1798
1260090 1803
1260100 1808
1260110 1812
1260120 1816
1260130 1822
1260140 1825
1260150 1829
1260160 1834
1260170 1838
1260180 1844
1260190 1851
1260200 1857
1260210 1862
1260220 1867
1260230 1871
1260240 1876
1260250 1880
1260260 1882
1260270 1884
1260280 1887
1260290 1892
1260300 1895
1260310 1896
1260320 1895
1260330 1895
1260340 1895
1260350 1895
1260360 1894
1260370 1894
1260380 1894
1260390 1895
1260400 1897
1260410 1900
1260420 1902
1260430 1904
1260440 1907
1260450 1909
1260460 1911
1260470 1914
1260480 1916
1260490 1918
1260500 1920
1260510 1922
1260520 1925
1260530 1925
1260540 1926
1260550 1929
1260560 1931
1260570 1932
1260580 1933
1260590 1934
1260600 1935
1260610 1935
1260620 1935
1260630 1935
1260640 1935
1260650 1935
1260660 1935
1260670 1934
1260680 1934
1260690 1933
1260700 1932
1260710 1933
1260720 1933
1260730 1933
1260740 1935
1260750 1937
1260760 1939
1260770 1942
1260780 1946
1260790 1951
1260800 1958
1260810 1980
1260820 2005
1260830 2028
1260840 2039
1260850 2046
1260860 2050
1260870 2049
1260880 2047
1260890 2043
1260900 2040
1260910 2037
1260920 2035
1260930 2032
1260940 2032
1260950 2033
1260960 2031
1260970 2029
1260980 2027
1260990 2026
1261000 2025
1261010 2023
1261020 2023
1261030 2021
1261040 2020
1261050 2018
1261060 2020
1261070 2021
1261080 2021
1261090 2021
1261100 2022
1261110 2024
1261120 2022
1261130 2020
1261140 2018
1261150 2017
1261160 2015
1261170 2014
1261180 2011
1261190 2012
1261200 2013
1261210 2014
1261220 2011
1261230 2010
1261240 2015
1261250 2012
1261260 2008
1261270 2004
1261280 2001
1261290 1999
1261300 1998
1261310 1999
1261320 2000
1261330 2002
1261340 2002
1261350 2002
1261360 2003
1261370 2002
1261380 2001
1261390 1999
1261400 1999
1261410 1999
1261420 2001
1261430 2004
1261440 2007
1261450 2010
1261460 2013
1261470 2016
1261480 2020
1261490 2022
1261500 2026
1261510 2030
1261520 2035
1261530 2041
1261540 2053
1261550 2068
1261560 2080
1261570 2090
1261580 2100
1261590 2114
1261600 2125
1261610 2134
1261620 2146
1261630 2158
1261640 2164
1261650 2157
1261660 2150
1261670 2142
1261680 2133
1261690 2125
1261700 2119
1261710 2114
1261720 2105
1261730 2099
1261740 2094
1261750 2087
1261760 2077
1261770 2066
1261780 2060
1261790 2054
1261800 2048
1261810 2044
1261820 2039
1261830 2034
1261840 2028
1261850 2024
1261860 2019
1261870 2015
1261880 2012
1261890 2008
1261900 2005
1261910 2003
1261920 2001
1261930 1999
1261940 1997
1261950 1995
1261960 1992
1261970 1991
1261980 1990
1261990 1987
1262000 1985
1262010 1981
1262020 1978
1262030 1973
1262040 1969
1262050 1966
1262060 1962
1262070 1959
1262080 1956
1262090 1953
1262100 1951
1262110 1949
1262120 1947
1262130 1946
1262140 1944
1262150 1942
1262160 1941
1262170 1939
1262180 1938
1262190 1938
1262200 1936
1262210 1933
1262220 1930
1262230 1927
1262240 1923
1262250 1916
1262260 1912
1262270 1908
1262280 1904
1262290 1898
1262300 1892
1262310 1888
1262320 1885
1262330 1883
1262340 1881
1262350 1878
1262360 1874
1262370 1870
1262380 1865
1262390 1858
1262400 1851
1262410 1846
1262420 1840
1262430 1834
1262440 1828
1262450 1823
1262460 1818
1262470 1813
1262480 1808
1262490 1803
1262500 1798
1262510 1793
1262520 1788
1262530 1784
1262540 1779
1262550 1774
1262560 1770
1262570 1765
1262580 1760
1262590 1756
1262600 1751
1262610 1746
1262620 1741
1262630 1736
1262640 1732
1262650 1728
1262660 1724
1262670 1719
1262680 1714
1262690 1709
1262700 1703
1262710 1698
1262720 1692
1262730 1686
1262740 1681
1262750 1676
1262760 1671
1262770 1666
1262780 1662
1262790 1659
1262800 1655
1262810 1651
1262820 1650
1262830 1647
1262840 1644
1262850 1641
1262860 1635
1262870 1631
1262880 1630
1262890 1629
1262900 1628
1262910 1628
1262920 1630
1262930 1632
1262940 1633
1262950 1634
1262960 1636
1262970 1637
1262980 1639
1262990 1641
1263000 1642
1263010 1644
1263020 1646
1263030 1648
1263040 1650
1263050 1652
1263060 1654
1263070 1656
1263080 1658
1263090 1660
1263100 1662
1263110 1664
1263120 1666
1263130 1669
1263140 1670
1263150 1672
1263160 1674
1263170 1676
1263180 1678
1263190 1681
1263200 1683
1263210 1685
1263220 1687
1263230 1689
1263240 1692
1263250 1695
1263260 1697
1263270 1699
1263280 1702
1263290 1705
1263300 1708
1263310 1710
1263320 1713
1263330 1715
1263340 1718
1263350 1720
1263360 1723
1263370 1725
1263380 1727
1263390 1730
1263400 1734
1263410 1739
1263420 1746
1263430 1761
1263440 1776
1263450 1785
1263460 1795
1263470 1806
1263480 1817
1263490 1826
1263500 1832
1263510 1838
1263520 1843
1263530 1849
1263540 1856
1263550 1863
1263560 1873
1263570 1885
1263580 1893
1263590 1900
1263600 1907
1263610 1910
1263620 1914
1263630 1918
1263640 1922
1263650 1926
1263660 1930
1263670 1935
1263680 1940
1263690 1945
1263700 1951
1263710 1955
1263720 1960
1263730 1965
1263740 1970
1263750 1974
1263760 1979
1263770 1983
1263780 1989
1263790 1996
1263800 2006
1263810 2012
1263820 2017
1263830 2025
1263840 2027
1263850 2028
1263860 2031
1263870 2038
1263880 2046
1263890 2053
1263900 2059
1263910 2064
1263920 2071
1263930 2078
1263940 2084
1263950 2089
1263960 2096
1263970 2102
1263980 2109
1263990 2117
1264000 2124
1264010 2130
1264020 2135
1264030 2140
1264040 2146
1264050 2152
1264060 2158
1264070 2164
1264080 2169
1264090 2175
1264100 2181
1264110 2186
1264120 2194
1264130 2201
1264140 2207
1264150 2215
1264160 2222
1264170 2229
1264180 2234
1264190 2239
1264200 2243
1264210 2247
1264220 2248
1264230 2246
1264240 2244
1264250 2247
1264260 2251
1264270 2256
1264280 2260
1264290 2266
1264300 2275
1264310 2282
1264320 2293
1264330 2312
1264340 2319
1264350 2327
1264360 2338
1264370 2350
1264380 2361
1264390 2372
1264400 2382
1264410 2391
1264420 2399
1264430 2406
1264440 2411
1264450 2416
1264460 2421
1264470 2427
1264480 2434
1264490 2443
1264500 2460
1264510 2473
1264520 2478
1264530 2482
1264540 2488
1264550 2494
1264560 2503
1264570 2511
1264580 2520
1264590 2531
1264600 2544
1264610 2556
1264620 2559
1264630 2564
1264640 2570
1264650 2573
1264660 2576
1264670 2581
1264680 2586
1264690 2590
1264700 2594
1264710 2600
1264720 2605
1264730 2610
1264740 2615
1264750 2619
1264760 2623
1264770 2627
1264780 2638
1264790 2642
1264800 2643
1264810 2639
1264820 2634
1264830 2628
1264840 2621
1264850 2615
1264860 2609
1264870 2603
1264880 2597
1264890 2591
1264900 2584
1264910 2575
1264920 2567
1264930 2561
1264940 2555
1264950 2550
1264960 2546
1264970 2542
1264980 2538
1264990 2534
1265000 2531
1265010 2529
1265020 2528
1265030 2531
1265040 2530
1265050 2529
1265060 2527
1265070 2528
1265080 2529
1265090 2529
1265100 2529
1265110 2529
1265120 2527
1265130 2526
1265140 2526
1265150 2529
1265160 2530
1265170 2531
1265180 2533
1265190 2534
1265200 2536
1265210 2538
1265220 2542
1265230 2547
1265240 2551
1265250 2556
1265260 2564
1265270 2574
1265280 2580
1265290 2586
1265300 2591
1265310 2596
1265320 2600
1265330 2603
1265340 2604
1265350 2604
1265360 2606
1265370 2609
1265380 2612
1265390 2611
1265400 2605
1265410 2602
1265420 2599
1265430 2597
1265440 2598
1265450 2595
1265460 2591
1265470 2590
1265480 2587
1265490 2584
1265500 2582
1265510 2579
1265520 2576
1265530 2574
1265540 2572
1265550 2571
1265560 2570
1265570 2567
1265580 2564
1265590 2561
1265600 2558
1265610 2555
1265620 2551
1265630 2548
1265640 2545
1265650 2542
1265660 2538
1265670 2535
1265680 2531
1265690 2527
1265700 2523
1265710 2519
1265720 2515
1265730 2511
1265740 2506
1265750 2500
1265760 2495
1265770 2491
1265780 2486
1265790 2480
1265800 2475
1265810 2470
1265820 2467
1265830 2463
1265840 2458
1265850 2454
1265860 2449
1265870 2444
1265880 2441
1265890 2437
1265900 2433
1265910 2429
1265920 2425
1265930 2422
1265940 2419
1265950 2416
1265960 2414
1265970 2411
1265980 2409
1265990 2406
1266000 2403
1266010 2401
1266020 2399
1266030 2397
1266040 2396
1266050 2394
1266060 2393
1266070 2392
1266080 2392
1266090 2391
1266100 2389
1266110 2386
1266120 2384
1266130 2383
1266140 2382
1266150 2381
1266160 2380
1266170 2380
1266180 2380
1266190 2379
1266200 2379
1266210 2378
1266220 2377
1266230 2375
1266240 2372
1266250 2367
1266260 2365
1266270 2364
1266280 2364
1266290 2363
1266300 2361
1266310 2360
1266320 2360
1266330 2360
1266340 2360
1266350 2360
1266360 2360
1266370 2359
1266380 2357
1266390 2356
1266400 2354
1266410 2352
1266420 2350
1266430 2348
1266440 2346
1266450 2346
1266460 2345
1266470 2343
1266480 2343
1266490 2342
1266500 2341
1266510 2340
1266520 2337
1266530 2335
1266540 2333
1266550 2331
1266560 2329
1266570 2328
1266580 2327
1266590 2325
1266600 2323
1266610 2322
1266620 2320
1266630 2319
1266640 2317
1266650 2315
1266660 2312
1266670 2309
1266680 2307
1266690 2306
1266700 2304
1266710 2303
1266720 2302
1266730 2301
1266740 2301
1266750 2301
1266760 2299
1266770 2296
1266780 2292
1266790 2288
1266800 2276
1266810 2267
1266820 2261
1266830 2257
1266840 2253
1266850 2249
1266860 2245
1266870 2242
1266880 2238
1266890 2235
1266900 2232
1266910 2230
1266920 2227
1266930 2224
1266940 2221
1266950 2218
1266960 2215
1266970 2213
1266980 2211
1266990 2209
1267000 2207
1267010 2206
1267020 2205
1267030 2203
1267040 2202
1267050 2201
1267060 2200
1267070 2198
1267080 2196
1267090 2195
1267100 2193
1267110 2191
1267120 2190
1267130 2188
1267140 2186
1267150 2182
1267160 2177
1267170 2174
1267180 2170
1267190 2167
1267200 2164
1267210 2162
1267220 2160
1267230 2158
1267240 2157
1267250 2156
1267260 2156
1267270 2156
1267280 2156
1267290 2156
1267300 2154
1267310 2152
1267320 2149
1267330 2146
1267340 2143
1267350 2140
1267360 2138
1267370 2136
1267380 2133
1267390 2131
1267400 2130
1267410 2128
1267420 2126
1267430 2124
1267440 2123
1267450 2121
1267460 2118
1267470 2116
1267480 2113
1267490 2111
1267500 2108
1267510 2104
1267520 2101
1267530 2098
1267540 2094
1267550 2092
1267560 2090
1267570 2088
1267580 2087
1267590 2085
1267600 2084
1267610 2083
1267620 2081
1267630 2079
1267640 2077
1267650 2073
1267660 2070
1267670 2068
1267680 2065
1267690 2064
1267700 2064
1267710 2067
1267720 2069
1267730 2070
1267740 2068
1267750 2066
1267760 2064
1267770 2062
1267780 2060
1267790 2057
1267800 2053
1267810 2049
1267820 2045
1267830 2040
1267840 2037
1267850 2034
1267860 2031
1267870 2029
1267880 2027
1267890 2026
1267900 2028
1267910 2027
1267920 2026
1267930 2026
1267940 2024
1267950 2022
1267960 2020
1267970 2017
1267980 2014
1267990 2012
1268000 2012
1268010 2011
1268020 2010
1268030 2009
1268040 2007
1268050 2005
1268060 2000
1268070 1996
1268080 1992
1268090 1989
1268100 1985
1268110 1982
1268120 1981
1268130 1980
1268140 1980
1268150 1979
1268160 1978
1268170 1977
1268180 1977
1268190 1974
1268200 1971
1268210 1968
1268220 1965
1268230 1963
1268240 1962
1268250 1962
1268260 1963
1268270 1965
1268280 1966
1268290 1966
1268300 1965
1268310 1963
1268320 1960
1268330 1955
1268340 1951
1268350 1946
1268360 1941
1268370 1936
1268380 1931
1268390 1926
1268400 1921
1268410 1918
1268420 1916
1268430 1915
1268440 1914
1268450 1912
1268460 1911
1268470 1909
1268480 1906
1268490 1903
1268500 1901
1268510 1899
1268520 1898
1268530 1896
1268540 1893
1268550 1889
1268560 1885
1268570 1880
1268580 1874
1268590 1869
1268600 1863
1268610 1857
1268620 1851
1268630 1845
1268640 1840
1268650 1834
1268660 1828
1268670 1822
1268680 1817
1268690 1810
1268700 1805
1268710 1801
1268720 1795
1268730 1790
1268740 1786
1268750 1781
1268760 1777
1268770 1773
1268780 1769
1268790 1765
1268800 1761
1268810 1757
1268820 1753
1268830 1750
1268840 1747
1268850 1744
1268860 1742
1268870 1741
1268880 1742
1268890 1742
1268900 1741
1268910 1739
1268920 1737
1268930 1734
1268940 1732
1268950 1728
1268960 1724
1268970 1718
1268980 1713
1268990 1708
1269000 1703
1269010 1698
1269020 1693
1269030 1689
1269040 1685
1269050 1681
1269060 1677
1269070 1674
1269080 1672
1269090 1670
1269100 1667
1269110 1664
1269120 1660
1269130 1658
1269140 1654
1269150 1651
1269160 1648
1269170 1646
1269180 1644
1269190 1639
1269200 1636
1269210 1632
1269220 1628
1269230 1622
1269240 1617
1269250 1612
1269260 1609
1269270 1607
1269280 1606
1269290 1603
1269300 1601
1269310 1599
1269320 1598
1269330 1598
1269340 1598
1269350 1598
1269360 1598
1269370 1597
1269380 1596
1269390 1595
1269400 1593
1269410 1591
1269420 1589
1269430 1588
1269440 1590
1269450 1591
1269460 1591
1269470 1590
1269480 1590
1269490 1588
1269500 1587
1269510 1585
1269520 1584
1269530 1583
1269540 1582
1269550 1582
1269560 1582
1269570 1581
1269580 1579
1269590 1577
1269600 1574
1269610 1571
1269620 1568
1269630 1565
1269640 1562
1269650 1559
1269660 1555
1269670 1552
1269680 1549
1269690 1546
1269700 1543
1269710 1539
1269720 1536
1269730 1532
1269740 1527
1269750 1520
1269760 1511
1269770 1504
1269780 1497
1269790 1490
1269800 1484
1269810 1479
1269820 1477
1269830 1479
1269840 1482
1269850 1486
1269860 1487
1269870 1489
1269880 1491
1269890 1494
1269900 1498
1269910 1500
1269920 1500
1269930 1498
1269940 1495
1269950 1492
1269960 1489
1269970 1486
1269980 1482
1269990 1479
1270000 1477
1270010 1475
1270020 1474
1270030 1473
1270040 1471
1270050 1471
1270060 1470
1270070 1468
1270080 1466
1270090 1465
1270100 1463
1270110 1460
1270120 1457
1270130 1455
1270140 1452
1270150 1449
1270160 1446
1270170 1442
1270180 1438
1270190 1435
1270200 1432
1270210 1431
1270220 1429
1270230 1426
1270240 1424
1270250 1424
1270260 1425
1270270 1423
1270280 1422
1270290 1421
1270300 1421
1270310 1420
1270320 1420
1270330 1420
1270340 1421
1270350 1421
1270360 1421
1270370 1420
1270380 1420
1270390 1419
1270400 1419
1270410 1419
1270420 1419
1270430 1419
1270440 1418
1270450 1418
1270460 1418
1270470 1417
1270480 1416
1270490 1416
1270500 1415
1270510 1414
1270520 1413
1270530 1412
1270540 1411
1270550 1411
1270560 1410
1270570 1410
1270580 1410
1270590 1409
1270600 1408
1270610 1407
1270620 1407
1270630 1407
1270640 1406
1270650 1404
1270660 1404
1270670 1403
1270680 1403
1270690 1402
1270700 1402
1270710 1401
1270720 1400
1270730 1400
1270740 1399
1270750 1398
1270760 1397
1270770 1396
1270780 1395
1270790 1394
1270800 1394
1270810 1393
1270820 1392
1270830 1392
1270840 1392
1270850 1391
1270860 1391
1270870 1391
1270880 1390
1270890 1390
1270900 1389
1270910 1389
1270920 1389
1270930 1389
1270940 1389
1270950 1388
1270960 1388
1270970 1387
1270980 1387
1270990 1386
1271000 1386
1271010 1386
1271020 1385
1271030 1385
1271040 1385
1271050 1384
1271060 1384
1271070 1384
1271080 1384
1271090 1384
1271100 1384
1271110 1384
1271120 1384
1271130 1384
1271140 1384
1271150 1384
1271160 1384
1271170 1383
1271180 1384
1271190 1384
1271200 1383
1271210 1383
1271220 1383
1271230 1382
1271240 1383
1271250 1383
1271260 1384
1271270 1385
1271280 1383
1271290 1381
1271300 1379
1271310 1379
1271320 1378
1271330 1378
1271340 1377
1271350 1377
1271360 1377
1271370 1376
1271380 1376
1271390 1376
1271400 1376
1271410 1376
1271420 1376
1271430 1376
1271440 1375
1271450 1375
1271460 1375
1271470 1374
1271480 1374
1271490 1375
1271500 1375
1271510 1375
1271520 1376
1271530 1376
1271540 1378
1271550 1379
1271560 1376
1271570 1375
1271580 1374
1271590 1374
1271600 1374
1271610 1374
1271620 1376
1271630 1376
1271640 1375
1271650 1374
1271660 1373
1271670 1372
1271680 1372
1271690 1371
1271700 1370
1271710 1370
1271720 1371
1271730 1372
1271740 1373
1271750 1373
1271760 1374
1271770 1374
1271780 1374
1271790 1374
1271800 1373
1271810 1373
1271820 1372
1271830 1372
1271840 1372
1271850 1372
1271860 1372
1271870 1372
1271880 1372
1271890 1373
1271900 1373
1271910 1373
1271920 1373
1271930 1373
1271940 1373
1271950 1373
1271960 1373
1271970 1373
1271980 1373
1271990 1372
1272000 1372
1272010 1372
1272020 1372
1272030 1371
1272040 1371
1272050 1371
1272060 1372
1272070 1373
1272080 1374
1272090 1375
1272100 1376
1272110 1377
1272120 1377
1272130 1378
1272140 1379
1272150 1380
1272160 1381
1272170 1382
1272180 1382
1272190 1383
1272200 1384
1272210 1385
1272220 1386
1272230 1388
1272240 1389
1272250 1391
1272260 1392
1272270 1393
1272280 1394
1272290 1395
1272300 1396
1272310 1397
1272320 1397
1272330 1398
1272340 1399
1272350 1400
1272360 1401
1272370 1403
1272380 1405
1272390 1407
1272400 1409
1272410 1410
1272420 1412
1272430 1414
1272440 1416
1272450 1418
1272460 1420
1272470 1422
1272480 1425
1272490 1427
1272500 1429
1272510 1432
1272520 1434
1272530 1436
1272540 1438
1272550 1441
1272560 1444
1272570 1446
1272580 1448
1272590 1451
1272600 1453
1272610 1456
1272620 1460
1272630 1464
1272640 1469
1272650 1473
1272660 1476
1272670 1478
1272680 1480
1272690 1483
1272700 1483
1272710 1486
1272720 1490
1272730 1495
1272740 1499
1272750 1502
1272760 1505
1272770 1508
1272780 1511
1272790 1514
1272800 1517
1272810 1520
1272820 1522
1272830 1525
1272840 1527
1272850 1529
1272860 1532
1272870 1534
1272880 1536
1272890 1538
1272900 1539
1272910 1541
1272920 1542
1272930 1544
1272940 1546
1272950 1547
1272960 1548
1272970 1549
1272980 1550
1272990 1553
1273000 1557
1273010 1561
1273020 1565
1273030 1567
1273040 1569
1273050 1570
1273060 1570
1273070 1570
1273080 1571
1273090 1572
1273100 1574
1273110 1577
1273120 1579
1273130 1581
1273140 1583
1273150 1585
1273160 1586
1273170 1587
1273180 1588
1273190 1589
1273200 1590
1273210 1590
1273220 1590
1273230 1591
1273240 1594
1273250 1596
1273260 1597
1273270 1598
1273280 1598
1273290 1598
1273300 1598
1273310 1599
1273320 1600
1273330 1602
1273340 1604
1273350 1605
1273360 1606
1273370 1608
1273380 1611
1273390 1613
1273400 1614
1273410 1616
1273420 1617
1273430 1619
1273440 1622
1273450 1627
1273460 1629
1273470 1632
1273480 1635
1273490 1639
1273500 1644
1273510 1648
1273520 1650
1273530 1652
1273540 1652
1273550 1654
1273560 1655
1273570 1656
1273580 1657
1273590 1658
1273600 1658
1273610 1658
1273620 1658
1273630 1658
1273640 1656
1273650 1656
1273660 1658
1273670 1662
1273680 1666
1273690 1671
1273700 1677
1273710 1683
1273720 1688
1273730 1692
1273740 1696
1273750 1699
1273760 1703
1273770 1706
1273780 1709
1273790 1712
1273800 1715
1273810 1717
1273820 1720
1273830 1722
1273840 1725
1273850 1728
1273860 1731
1273870 1735
1273880 1737
1273890 1739
1273900 1743
1273910 1747
1273920 1751
1273930 1752
1273940 1753
1273950 1754
1273960 1756
1273970 1757
1273980 1758
1273990 1759
1274000 1760
1274010 1762
1274020 1765
1274030 1768
1274040 1771
1274050 1774
1274060 1777
1274070 1780
1274080 1783
1274090 1785
1274100 1785
1274110 1783
1274120 1780
1274130 1777
1274140 1774
1274150 1771
1274160 1768
1274170 1765
1274180 1763
1274190 1761
1274200 1759
1274210 1758
1274220 1757
1274230 1755
1274240 1754
1274250 1753
1274260 1753
1274270 1753
1274280 1753
1274290 1754
1274300 1756
1274310 1757
1274320 1759
1274330 1761
1274340 1763
1274350 1765
1274360 1767
1274370 1769
1274380 1771
1274390 1773
1274400 1775
1274410 1778
1274420 1781
1274430 1786
1274440 1790
1274450 1794
1274460 1798
1274470 1802
1274480 1806
1274490 1809
1274500 1812
1274510 1815
1274520 1817
1274530 1819
1274540 1821
1274550 1823
1274560 1825
1274570 1829
1274580 1833
1274590 1837
1274600 1841
1274610 1844
1274620 1848
1274630 1851
1274640 1853
1274650 1855
1274660 1858
1274670 1860
1274680 1862
1274690 1864
1274700 1865
1274710 1868
1274720 1872
1274730 1876
1274740 1879
1274750 1880
1274760 1879
1274770 1877
1274780 1879
1274790 1880
1274800 1881
1274810 1884
1274820 1886
1274830 1887
1274840 1886
1274850 1884
1274860 1882
1274870 1881
1274880 1880
1274890 1878
1274900 1875
1274910 1872
1274920 1869
1274930 1868
1274940 1867
1274950 1865
1274960 1863
1274970 1860
1274980 1858
1274990 1857
1275000 1855
1275010 1854
1275020 1852
1275030 1852
1275040 1850
1275050 1848
1275060 1846
1275070 1845
1275080 1844
1275090 1843
1275100 1843
1275110 1843
1275120 1842
1275130 1839
1275140 1837
1275150 1836
1275160 1834
1275170 1831
1275180 1828
1275190 1823
1275200 1819
1275210 1815
1275220 1812
1275230 1809
1275240 1806
1275250 1804
1275260 1802
1275270 1801
1275280 1799
1275290 1796
1275300 1792
1275310 1789
1275320 1785
1275330 1781
1275340 1778
1275350 1774
1275360 1771
1275370 1768
1275380 1765
1275390 1763
1275400 1762
1275410 1759
1275420 1757
1275430 1754
1275440 1751
1275450 1747
1275460 1742
1275470 1737
1275480 1732
1275490 1727
1275500 1722
1275510 1718
1275520 1714
1275530 1710
1275540 1707
1275550 1705
1275560 1702
1275570 1700
1275580 1698
1275590 1696
1275600 1695
1275610 1692
1275620 1689
1275630 1686
1275640 1682
1275650 1679
1275660 1674
1275670 1671
1275680 1668
1275690 1664
1275700 1661
1275710 1657
1275720 1653
1275730 1649
1275740 1645
1275750 1641
1275760 1639
1275770 1635
1275780 1632
1275790 1629
1275800 1625
1275810 1622
1275820 1619
1275830 1616
1275840 1612
1275850 1609
1275860 1606
1275870 1603
1275880 1600
1275890 1596
1275900 1591
1275910 1587
1275920 1582
1275930 1578
1275940 1574
1275950 1570
1275960 1566
1275970 1562
1275980 1559
1275990 1555
1276000 1552
1276010 1549
1276020 1545
1276030 1541
1276040 1536
1276050 1531
1276060 1527
1276070 1522
1276080 1521
1276090 1522
1276100 1525
1276110 1527
1276120 1529
1276130 1533
1276140 1535
1276150 1536
1276160 1538
1276170 1540
1276180 1540
1276190 1541
1276200 1541
1276210 1542
1276220 1543
1276230 1544
1276240 1546
1276250 1548
1276260 1550
1276270 1553
1276280 1556
1276290 1560
1276300 1563
1276310 1565
1276320 1566
1276330 1570
1276340 1574
1276350 1579
1276360 1583
1276370 1587
1276380 1591
1276390 1595
1276400 1599
1276410 1604
1276420 1608
1276430 1613
1276440 1618
1276450 1623
1276460 1628
1276470 1633
1276480 1636
1276490 1639
1276500 1641
1276510 1642
1276520 1644
1276530 1645
1276540 1645
1276550 1646
1276560 1648
1276570 1650
1276580 1653
1276590 1657
1276600 1661
1276610 1665
1276620 1669
1276630 1673
1276640 1677
1276650 1680
1276660 1684
1276670 1687
1276680 1690
1276690 1693
1276700 1696
1276710 1699
1276720 1702
1276730 1705
1276740 1708
1276750 1712
1276760 1715
1276770 1718
1276780 1721
1276790 1724
1276800 1727
1276810 1729
1276820 1730
1276830 1732
1276840 1735
1276850 1739
1276860 1744
1276870 1748
1276880 1752
1276890 1756
1276900 1761
1276910 1766
1276920 1769
1276930 1773
1276940 1776
1276950 1780
1276960 1784
1276970 1788
1276980 1792
1276990 1795
1277000 1799
1277010 1803
1277020 1807
1277030 1811
1277040 1814
1277050 1818
1277060 1822
1277070 1825
1277080 1829
1277090 1833
1277100 1838
1277110 1842
1277120 1845
1277130 1847
1277140 1849
1277150 1851
1277160 1852
1277170 1854
1277180 1854
1277190 1855
1277200 1856
1277210 1858
1277220 1860
1277230 1863
1277240 1868
1277250 1874
1277260 1879
1277270 1883
1277280 1886
1277290 1888
1277300 1892
1277310 1896
1277320 1900
1277330 1902
1277340 1905
1277350 1909
1277360 1913
1277370 1917
1277380 1922
1277390 1927
1277400 1932
1277410 1937
1277420 1941
1277430 1946
1277440 1951
1277450 1956
1277460 1960
1277470 1963
1277480 1965
1277490 1968
1277500 1972
1277510 1975
1277520 1975
1277530 1975
1277540 1974
1277550 1973
1277560 1971
1277570 1969
1277580 1967
1277590 1967
1277600 1968
1277610 1971
1277620 1972
1277630 1973
1277640 1973
1277650 1971
1277660 1969
1277670 1967
1277680 1964
1277690 1961
1277700 1956
1277710 1952
1277720 1950
1277730 1949
1277740 1948
1277750 1946
1277760 1944
1277770 1943
1277780 1941
1277790 1939
1277800 1938
1277810 1938
1277820 1937
1277830 1935
1277840 1934
1277850 1934
1277860 1933
1277870 1933
1277880 1932
1277890 1932
1277900 1932
1277910 1932
1277920 1932
1277930 1932
1277940 1933
1277950 1933
1277960 1932
1277970 1932
1277980 1931
1277990 1930
1278000 1929
1278010 1927
1278020 1926
1278030 1924
1278040 1922
1278050 1920
1278060 1917
1278070 1916
1278080 1915
1278090 1913
1278100 1911
1278110 1910
1278120 1909
1278130 1909
1278140 1907
1278150 1906
1278160 1905
1278170 1904
1278180 1903
1278190 1903
1278200 1903
1278210 1902
1278220 1903
1278230 1904
1278240 1906
1278250 1906
1278260 1907
1278270 1907
1278280 1906
1278290 1905
1278300 1905
1278310 1904
1278320 1904
1278330 1904
1278340 1903
1278350 1902
1278360 1900
1278370 1898
1278380 1897
1278390 1896
1278400 1894
1278410 1892
1278420 1891
1278430 1889
1278440 1887
1278450 1885
1278460 1883
1278470 1882
1278480 1881
1278490 1879
1278500 1878
1278510 1876
1278520 1875
1278530 1874
1278540 1873
1278550 1872
1278560 1871
1278570 1869
1278580 1867
1278590 1865
1278600 1864
1278610 1862
1278620 1861
1278630 1860
1278640 1859
1278650 1858
1278660 1857
1278670 1857
1278680 1857
1278690 1856
1278700 1855
1278710 1854
1278720 1853
1278730 1851
1278740 1849
1278750 1846
1278760 1844
1278770 1842
1278780 1841
1278790 1841
1278800 1841
1278810 1841
1278820 1840
1278830 1839
1278840 1837
1278850 1835
1278860 1833
1278870 1832
1278880 1830
1278890 1828
1278900 1827
1278910 1826
1278920 1826
1278930 1826
1278940 1826
1278950 1825
1278960 1824
1278970 1823
1278980 1822
1278990 1821
1279000 1821
1279010 1819
1279020 1817
1279030 1815
1279040 1813
1279050 1811
1279060 1809
1279070 1808
1279080 1807
1279090 1806
1279100 1804
1279110 1801
1279120 1799
1279130 1797
1279140 1795
1279150 1793
1279160 1791
1279170 1788
1279180 1786
1279190 1784
1279200 1781
1279210 1779
1279220 1777
1279230 1774
1279240 1772
1279250 1770
1279260 1768
1279270 1766
1279280 1764
1279290 1761
1279300 1758
1279310 1754
1279320 1751
1279330 1749
1279340 1746
1279350 1743
1279360 1738
1279370 1734
1279380 1734
1279390 1735
1279400 1734
1279410 1732
1279420 1729
1279430 1727
1279440 1725
1279450 1722
1279460 1720
1279470 1717
1279480 1715
1279490 1711
1279500 1707
1279510 1704
1279520 1700
1279530 1698
1279540 1696
1279550 1693
1279560 1690
1279570 1687
1279580 1684
1279590 1682
1279600 1681
1279610 1683
1279620 1686
1279630 1689
1279640 1692
1279650 1693
1279660 1695
1279670 1697
1279680 1698
1279690 1699
1279700 1701
1279710 1702
1279720 1704
1279730 1706
1279740 1707
1279750 1709
1279760 1711
1279770 1714
1279780 1717
1279790 1720
1279800 1723
1279810 1725
1279820 1727
1279830 1729
1279840 1731
1279850 1733
1279860 1734
1279870 1736
1279880 1737
1279890 1738
1279900 1739
1279910 1740
1279920 1741
1279930 1742
1279940 1742
1279950 1743
1279960 1741
1279970 1738
1279980 1736
1279990 1734
