1260000 1613
1260010 1619
1260020 1625
1260030 1629
1260040 1631
1260050 1633
1260060 1634
1260070 1636
1260080 1638
1260090 1640
1260100 1643
1260110 1645
1260120 1648
1260130 1650
1260140 1652
1260150 1653
1260160 1655
1260170 1657
1260180 1660
1260190 1662
1260200 1664
1260210 1666
1260220 1668
1260230 1670
1260240 1672
1260250 1675
1260260 1677
1260270 1680
1260280 1682
1260290 1684
1260300 1686
1260310 1687
1260320 1691
1260330 1695
1260340 1699
1260350 1701
1260360 1704
1260370 1706
1260380 1709
1260390 1711
1260400 1712
1260410 1714
1260420 1713
1260430 1713
1260440 1713
1260450 1714
1260460 1716
1260470 1717
1260480 1718
1260490 1719
1260500 1720
1260510 1724
1260520 1727
1260530 1730
1260540 1733
1260550 1736
1260560 1739
1260570 1742
1260580 1744
1260590 1747
1260600 1749
1260610 1751
1260620 1752
1260630 1754
1260640 1756
1260650 1758
1260660 1760
1260670 1762
1260680 1764
1260690 1766
1260700 1765
1260710 1765
1260720 1765
1260730 1766
1260740 1767
1260750 1768
1260760 1769
1260770 1770
1260780 1772
1260790 1779
1260800 1787
1260810 1796
1260820 1799
1260830 1799
1260840 1798
1260850 1798
1260860 1800
1260870 1801
1260880 1801
1260890 1801
1260900 1802
1260910 1805
1260920 1810
1260930 1813
1260940 1814
1260950 1814
1260960 1815
1260970 1815
1260980 1818
1260990 1820
1261000 1822
1261010 1822
1261020 1822
1261030 1824
1261040 1825
1261050 1828
1261060 1831
1261070 1834
1261080 1837
1261090 1839
1261100 1839
1261110 1837
1261120 1836
1261130 1834
1261140 1834
1261150 1834
1261160 1835
1261170 1837
1261180 1841
1261190 1846
1261200 1848
1261210 1849
1261220 1849
1261230 1846
1261240 1843
1261250 1840
1261260 1839
1261270 1836
1261280 1834
1261290 1833
1261300 1835
1261310 1836
1261320 1836
1261330 1839
1261340 1841
1261350 1844
1261360 1848
1261370 1852
1261380 1857
1261390 1865
1261400 1879
1261410 1895
1261420 1906
1261430 1917
1261440 1928
1261450 1939
1261460 1951
1261470 1963
1261480 1974
1261490 1983
1261500 1991
1261510 1999
1261520 2005
1261530 2011
1261540 2016
1261550 2022
1261560 2028
1261570 2035
1261580 2041
1261590 2049
1261600 2056
1261610 2062
1261620 2067
1261630 2071
1261640 2071
1261650 2069
1261660 2066
1261670 2066
1261680 2063
1261690 2061
1261700 2057
1261710 2051
1261720 2045
1261730 2038
1261740 2030
1261750 2023
1261760 2016
1261770 2014
1261780 2011
1261790 2007
1261800 2000
1261810 1995
1261820 1991
1261830 1985
1261840 1977
1261850 1969
1261860 1965
1261870 1962
1261880 1960
1261890 1959
1261900 1950
1261910 1943
1261920 1945
1261930 1954
1261940 1963
1261950 1970
1261960 1971
1261970 1969
1261980 1963
1261990 1957
1262000 1951
1262010 1943
1262020 1936
1262030 1929
1262040 1922
1262050 1915
1262060 1907
1262070 1900
1262080 1895
1262090 1889
1262100 1883
1262110 1878
1262120 1873
1262130 1868
1262140 1862
1262150 1858
1262160 1853
1262170 1847
1262180 1843
1262190 1838
1262200 1834
1262210 1828
1262220 1822
1262230 1814
1262240 1808
1262250 1802
1262260 1796
1262270 1789
1262280 1782
1262290 1776
1262300 1771
1262310 1766
1262320 1762
1262330 1758
1262340 1755
1262350 1752
1262360 1750
1262370 1748
1262380 1747
1262390 1747
1262400 1745
1262410 1744
1262420 1742
1262430 1739
1262440 1735
1262450 1731
1262460 1727
1262470 1722
1262480 1717
1262490 1712
1262500 1708
1262510 1704
1262520 1700
1262530 1696
1262540 1693
1262550 1689
1262560 1685
1262570 1681
1262580 1678
1262590 1674
1262600 1670
1262610 1666
1262620 1662
1262630 1658
1262640 1653
1262650 1650
1262660 1646
1262670 1642
1262680 1638
1262690 1633
1262700 1629
1262710 1626
1262720 1624
1262730 1621
1262740 1617
1262750 1610
1262760 1605
1262770 1601
1262780 1598
1262790 1596
1262800 1593
1262810 1595
1262820 1600
1262830 1605
1262840 1609
1262850 1613
1262860 1616
1262870 1618
1262880 1621
1262890 1623
1262900 1625
1262910 1627
1262920 1630
1262930 1633
1262940 1635
1262950 1638
1262960 1640
1262970 1643
1262980 1646
1262990 1648
1263000 1652
1263010 1655
1263020 1658
1263030 1661
1263040 1664
1263050 1667
1263060 1669
1263070 1673
1263080 1676
1263090 1679
1263100 1682
1263110 1685
1263120 1688
1263130 1692
1263140 1696
1263150 1699
1263160 1703
1263170 1706
1263180 1710
1263190 1713
1263200 1717
1263210 1720
1263220 1723
1263230 1726
1263240 1730
1263250 1733
1263260 1736
1263270 1739
1263280 1742
1263290 1745
1263300 1748
1263310 1750
1263320 1753
1263330 1755
1263340 1758
1263350 1761
1263360 1765
1263370 1768
1263380 1771
1263390 1774
1263400 1777
1263410 1781
1263420 1785
1263430 1789
1263440 1796
1263450 1802
1263460 1808
1263470 1814
1263480 1823
1263490 1833
1263500 1842
1263510 1846
1263520 1850
1263530 1854
1263540 1858
1263550 1863
1263560 1871
1263570 1878
1263580 1885
1263590 1893
1263600 1899
1263610 1905
1263620 1912
1263630 1916
1263640 1920
1263650 1926
1263660 1931
1263670 1937
1263680 1942
1263690 1948
1263700 1958
1263710 1968
1263720 1975
1263730 1977
1263740 1981
1263750 1990
1263760 1998
1263770 2004
1263780 2005
1263790 2009
1263800 2015
1263810 2024
1263820 2032
1263830 2040
1263840 2047
1263850 2056
1263860 2064
1263870 2070
1263880 2075
1263890 2078
1263900 2081
1263910 2083
1263920 2092
1263930 2101
1263940 2109
1263950 2116
1263960 2123
1263970 2130
1263980 2135
1263990 2142
1264000 2152
1264010 2165
1264020 2176
1264030 2184
1264040 2191
1264050 2200
1264060 2211
1264070 2218
1264080 2225
1264090 2230
1264100 2235
1264110 2257
1264120 2277
1264130 2278
1264140 2288
1264150 2298
1264160 2305
1264170 2316
1264180 2325
1264190 2329
1264200 2357
1264210 2368
1264220 2361
1264230 2360
1264240 2359
1264250 2358
1264260 2358
1264270 2359
1264280 2363
1264290 2369
1264300 2387
1264310 2406
1264320 2418
1264330 2425
1264340 2432
1264350 2439
1264360 2449
1264370 2462
1264380 2478
1264390 2481
1264400 2485
1264410 2490
1264420 2490
1264430 2501
1264440 2521
1264450 2529
1264460 2534
1264470 2538
1264480 2544
1264490 2545
1264500 2544
1264510 2544
1264520 2542
1264530 2539
1264540 2535
1264550 2532
1264560 2531
1264570 2532
1264580 2550
1264590 2564
1264600 2571
1264610 2576
1264620 2579
1264630 2580
1264640 2577
1264650 2573
1264660 2570
1264670 2565
1264680 2560
1264690 2557
1264700 2556
1264710 2552
1264720 2547
1264730 2542
1264740 2536
1264750 2528
1264760 2515
1264770 2504
1264780 2490
1264790 2473
1264800 2466
1264810 2459
1264820 2451
1264830 2446
1264840 2441
1264850 2436
1264860 2432
1264870 2427
1264880 2422
1264890 2414
1264900 2388
1264910 2359
1264920 2344
1264930 2337
1264940 2334
1264950 2330
1264960 2328
1264970 2325
1264980 2322
1264990 2318
1265000 2314
1265010 2310
1265020 2307
1265030 2305
1265040 2303
1265050 2302
1265060 2300
1265070 2299
1265080 2296
1265090 2295
1265100 2293
1265110 2291
1265120 2291
1265130 2293
1265140 2300
1265150 2305
1265160 2309
1265170 2312
1265180 2314
1265190 2318
1265200 2325
1265210 2326
1265220 2328
1265230 2333
1265240 2331
1265250 2330
1265260 2330
1265270 2333
1265280 2335
1265290 2338
1265300 2343
1265310 2347
1265320 2356
1265330 2382
1265340 2398
1265350 2411
1265360 2424
1265370 2431
1265380 2438
1265390 2445
1265400 2446
1265410 2450
1265420 2461
1265430 2469
1265440 2477
1265450 2485
1265460 2493
1265470 2501
1265480 2509
1265490 2517
1265500 2525
1265510 2531
1265520 2537
1265530 2544
1265540 2552
1265550 2561
1265560 2569
1265570 2575
1265580 2578
1265590 2581
1265600 2584
1265610 2588
1265620 2594
1265630 2602
1265640 2610
1265650 2612
1265660 2612
1265670 2610
1265680 2608
1265690 2606
1265700 2604
1265710 2601
1265720 2598
1265730 2596
1265740 2593
1265750 2590
1265760 2587
1265770 2584
1265780 2580
1265790 2576
1265800 2573
1265810 2569
1265820 2564
1265830 2559
1265840 2553
1265850 2544
1265860 2532
1265870 2528
1265880 2525
1265890 2522
1265900 2519
1265910 2517
1265920 2514
1265930 2510
1265940 2506
1265950 2502
1265960 2498
1265970 2494
1265980 2490
1265990 2485
1266000 2481
1266010 2478
1266020 2476
1266030 2475
1266040 2474
1266050 2472
1266060 2472
1266070 2471
1266080 2469
1266090 2467
1266100 2465
1266110 2463
1266120 2461
1266130 2459
1266140 2457
1266150 2455
1266160 2452
1266170 2450
1266180 2447
1266190 2444
1266200 2441
1266210 2438
1266220 2434
1266230 2431
1266240 2427
1266250 2424
1266260 2419
1266270 2415
1266280 2411
1266290 2407
1266300 2402
1266310 2398
1266320 2393
1266330 2389
1266340 2385
1266350 2381
1266360 2377
1266370 2374
1266380 2369
1266390 2366
1266400 2362
1266410 2359
1266420 2356
1266430 2352
1266440 2349
1266450 2344
1266460 2340
1266470 2338
1266480 2335
1266490 2332
1266500 2330
1266510 2327
1266520 2324
1266530 2321
1266540 2319
1266550 2318
1266560 2317
1266570 2317
1266580 2316
1266590 2314
1266600 2312
1266610 2308
1266620 2304
1266630 2301
1266640 2298
1266650 2296
1266660 2294
1266670 2293
1266680 2291
1266690 2289
1266700 2287
1266710 2285
1266720 2283
1266730 2280
1266740 2277
1266750 2275
1266760 2271
1266770 2268
1266780 2266
1266790 2264
1266800 2262
1266810 2260
1266820 2258
1266830 2256
1266840 2255
1266850 2254
1266860 2253
1266870 2251
1266880 2250
1266890 2249
1266900 2248
1266910 2248
1266920 2247
1266930 2245
1266940 2244
1266950 2242
1266960 2239
1266970 2237
1266980 2234
1266990 2232
1267000 2229
1267010 2227
1267020 2224
1267030 2222
1267040 2220
1267050 2219
1267060 2218
1267070 2216
1267080 2214
1267090 2210
1267100 2207
1267110 2204
1267120 2202
1267130 2200
1267140 2198
1267150 2196
1267160 2194
1267170 2193
1267180 2191
1267190 2187
1267200 2182
1267210 2178
1267220 2174
1267230 2172
1267240 2171
1267250 2169
1267260 2167
1267270 2165
1267280 2162
1267290 2162
1267300 2161
1267310 2161
1267320 2162
1267330 2163
1267340 2163
1267350 2162
1267360 2161
1267370 2159
1267380 2157
1267390 2155
1267400 2154
1267410 2151
1267420 2149
1267430 2146
1267440 2145
1267450 2144
1267460 2143
1267470 2142
1267480 2142
1267490 2141
1267500 2141
1267510 2139
1267520 2138
1267530 2136
1267540 2133
1267550 2130
1267560 2127
1267570 2125
1267580 2123
1267590 2120
1267600 2117
1267610 2115
1267620 2112
1267630 2108
1267640 2105
1267650 2101
1267660 2099
1267670 2096
1267680 2094
1267690 2092
1267700 2088
1267710 2085
1267720 2082
1267730 2081
1267740 2079
1267750 2078
1267760 2077
1267770 2077
1267780 2077
1267790 2078
1267800 2079
1267810 2080
1267820 2080
1267830 2081
1267840 2081
1267850 2082
1267860 2081
1267870 2080
1267880 2079
1267890 2077
1267900 2075
1267910 2073
1267920 2071
1267930 2068
1267940 2063
1267950 2058
1267960 2053
1267970 2049
1267980 2046
1267990 2043
1268000 2040
1268010 2038
1268020 2035
1268030 2033
1268040 2031
1268050 2029
1268060 2027
1268070 2024
1268080 2022
1268090 2021
1268100 2020
1268110 2021
1268120 2022
1268130 2022
1268140 2021
1268150 2020
1268160 2019
1268170 2016
1268180 2015
1268190 2014
1268200 2016
1268210 2017
1268220 2017
1268230 2017
1268240 2015
1268250 2013
1268260 2010
1268270 2007
1268280 2004
1268290 2002
1268300 1999
1268310 1997
1268320 1994
1268330 1990
1268340 1987
1268350 1983
1268360 1979
1268370 1975
1268380 1972
1268390 1969
1268400 1966
1268410 1964
1268420 1961
1268430 1956
1268440 1953
1268450 1951
1268460 1948
1268470 1945
1268480 1940
1268490 1937
1268500 1935
1268510 1932
1268520 1929
1268530 1926
1268540 1924
1268550 1921
1268560 1919
1268570 1917
1268580 1915
1268590 1913
1268600 1911
1268610 1909
1268620 1907
1268630 1904
1268640 1900
1268650 1895
1268660 1890
1268670 1887
1268680 1880
1268690 1876
1268700 1872
1268710 1869
1268720 1865
1268730 1862
1268740 1858
1268750 1854
1268760 1850
1268770 1846
1268780 1844
1268790 1843
1268800 1841
1268810 1839
1268820 1838
1268830 1837
1268840 1836
1268850 1836
1268860 1835
1268870 1834
1268880 1833
1268890 1832
1268900 1828
1268910 1823
1268920 1819
1268930 1814
1268940 1809
1268950 1804
1268960 1800
1268970 1797
1268980 1795
1268990 1793
1269000 1790
1269010 1787
1269020 1784
1269030 1781
1269040 1777
1269050 1774
1269060 1771
1269070 1768
1269080 1765
1269090 1762
1269100 1759
1269110 1756
1269120 1753
1269130 1750
1269140 1747
1269150 1744
1269160 1741
1269170 1737
1269180 1734
1269190 1731
1269200 1728
1269210 1725
1269220 1722
1269230 1720
1269240 1719
1269250 1718
1269260 1717
1269270 1716
1269280 1715
1269290 1714
1269300 1712
1269310 1710
1269320 1708
1269330 1706
1269340 1704
1269350 1702
1269360 1700
1269370 1699
1269380 1697
1269390 1696
1269400 1694
1269410 1693
1269420 1693
1269430 1692
1269440 1691
1269450 1690
1269460 1689
1269470 1687
1269480 1686
1269490 1684
1269500 1682
1269510 1680
1269520 1678
1269530 1676
1269540 1674
1269550 1671
1269560 1668
1269570 1665
1269580 1662
1269590 1659
1269600 1656
1269610 1653
1269620 1651
1269630 1648
1269640 1646
1269650 1644
1269660 1642
1269670 1640
1269680 1638
1269690 1637
1269700 1635
1269710 1634
1269720 1632
1269730 1630
1269740 1628
1269750 1625
1269760 1624
1269770 1625
1269780 1628
1269790 1632
1269800 1635
1269810 1637
1269820 1637
1269830 1637
1269840 1636
1269850 1635
1269860 1634
1269870 1633
1269880 1632
1269890 1630
1269900 1628
1269910 1626
1269920 1625
1269930 1623
1269940 1622
1269950 1620
1269960 1617
1269970 1614
1269980 1610
1269990 1607
1270000 1602
1270010 1598
1270020 1593
1270030 1588
1270040 1584
1270050 1579
1270060 1575
1270070 1571
1270080 1567
1270090 1562
1270100 1559
1270110 1557
1270120 1557
1270130 1560
1270140 1563
1270150 1566
1270160 1569
1270170 1571
1270180 1572
1270190 1574
1270200 1574
1270210 1572
1270220 1571
1270230 1568
1270240 1565
1270250 1560
1270260 1557
1270270 1555
1270280 1553
1270290 1552
1270300 1551
1270310 1549
1270320 1547
1270330 1544
1270340 1542
1270350 1539
1270360 1538
1270370 1537
1270380 1539
1270390 1541
1270400 1544
1270410 1546
1270420 1547
1270430 1548
1270440 1548
1270450 1548
1270460 1547
1270470 1546
1270480 1543
1270490 1540
1270500 1536
1270510 1531
1270520 1526
1270530 1523
1270540 1518
1270550 1514
1270560 1510
1270570 1507
1270580 1510
1270590 1514
1270600 1518
1270610 1518
1270620 1516
1270630 1515
1270640 1515
1270650 1516
1270660 1517
1270670 1518
1270680 1519
1270690 1519
1270700 1519
1270710 1519
1270720 1518
1270730 1517
1270740 1516
1270750 1515
1270760 1515
1270770 1515
1270780 1514
1270790 1513
1270800 1511
1270810 1509
1270820 1507
1270830 1505
1270840 1503
1270850 1503
1270860 1502
1270870 1502
1270880 1503
1270890 1502
1270900 1501
1270910 1500
1270920 1499
1270930 1497
1270940 1496
1270950 1495
1270960 1494
1270970 1493
1270980 1491
1270990 1491
1271000 1490
1271010 1490
1271020 1487
1271030 1484
1271040 1482
1271050 1483
1271060 1484
1271070 1485
1271080 1484
1271090 1482
1271100 1482
1271110 1481
1271120 1481
1271130 1481
1271140 1480
1271150 1478
1271160 1476
1271170 1474
1271180 1472
1271190 1470
1271200 1466
1271210 1463
1271220 1461
1271230 1458
1271240 1455
1271250 1451
1271260 1448
1271270 1444
1271280 1441
1271290 1438
1271300 1438
1271310 1439
1271320 1440
1271330 1441
1271340 1441
1271350 1441
1271360 1441
1271370 1440
1271380 1439
1271390 1437
1271400 1435
1271410 1434
1271420 1432
1271430 1431
1271440 1430
1271450 1430
1271460 1430
1271470 1429
1271480 1428
1271490 1427
1271500 1427
1271510 1426
1271520 1425
1271530 1424
1271540 1424
1271550 1423
1271560 1422
1271570 1422
1271580 1421
1271590 1420
1271600 1419
1271610 1418
1271620 1417
1271630 1416
1271640 1415
1271650 1414
1271660 1413
1271670 1412
1271680 1411
1271690 1410
1271700 1409
1271710 1409
1271720 1408
1271730 1408
1271740 1406
1271750 1405
1271760 1404
1271770 1404
1271780 1403
1271790 1403
1271800 1402
1271810 1401
1271820 1400
1271830 1398
1271840 1397
1271850 1396
1271860 1395
1271870 1394
1271880 1393
1271890 1391
1271900 1390
1271910 1388
1271920 1386
1271930 1383
1271940 1381
1271950 1378
1271960 1376
1271970 1374
1271980 1372
1271990 1372
1272000 1372
1272010 1373
1272020 1373
1272030 1373
1272040 1373
1272050 1373
1272060 1373
1272070 1373
1272080 1373
1272090 1373
1272100 1373
1272110 1372
1272120 1372
1272130 1371
1272140 1370
1272150 1369
1272160 1368
1272170 1366
1272180 1366
1272190 1366
1272200 1366
1272210 1366
1272220 1366
1272230 1366
1272240 1366
1272250 1366
1272260 1366
1272270 1365
1272280 1365
1272290 1365
1272300 1365
1272310 1365
1272320 1365
1272330 1365
1272340 1366
1272350 1366
1272360 1366
1272370 1366
1272380 1366
1272390 1366
1272400 1365
1272410 1365
1272420 1365
1272430 1365
1272440 1364
1272450 1364
1272460 1363
1272470 1362
1272480 1362
1272490 1361
1272500 1361
1272510 1362
1272520 1361
1272530 1361
1272540 1360
1272550 1360
1272560 1360
1272570 1360
1272580 1360
1272590 1360
1272600 1360
1272610 1360
1272620 1360
1272630 1360
1272640 1360
1272650 1360
1272660 1360
1272670 1360
1272680 1361
1272690 1362
1272700 1362
1272710 1364
1272720 1365
1272730 1366
1272740 1367
1272750 1368
1272760 1370
1272770 1373
1272780 1376
1272790 1379
1272800 1382
1272810 1384
1272820 1386
1272830 1388
1272840 1391
1272850 1393
1272860 1395
1272870 1397
1272880 1399
1272890 1400
1272900 1402
1272910 1404
1272920 1405
1272930 1407
1272940 1409
1272950 1411
1272960 1411
1272970 1408
1272980 1406
1272990 1405
1273000 1406
1273010 1409
1273020 1413
1273030 1419
1273040 1424
1273050 1428
1273060 1430
1273070 1432
1273080 1434
1273090 1436
1273100 1438
1273110 1440
1273120 1441
1273130 1443
1273140 1445
1273150 1446
1273160 1448
1273170 1449
1273180 1451
1273190 1453
1273200 1455
1273210 1457
1273220 1459
1273230 1460
1273240 1461
1273250 1462
1273260 1463
1273270 1464
1273280 1465
1273290 1466
1273300 1468
1273310 1469
1273320 1471
1273330 1472
1273340 1473
1273350 1474
1273360 1476
1273370 1478
1273380 1479
1273390 1480
1273400 1482
1273410 1483
1273420 1484
1273430 1486
1273440 1486
1273450 1487
1273460 1487
1273470 1487
1273480 1487
1273490 1487
1273500 1486
1273510 1486
1273520 1486
1273530 1485
1273540 1484
1273550 1483
1273560 1483
1273570 1483
1273580 1484
1273590 1484
1273600 1480
1273610 1477
1273620 1473
1273630 1470
1273640 1467
1273650 1466
1273660 1470
1273670 1475
1273680 1481
1273690 1485
1273700 1488
1273710 1491
1273720 1495
1273730 1497
1273740 1499
1273750 1502
1273760 1503
1273770 1505
1273780 1507
1273790 1509
1273800 1512
1273810 1515
1273820 1517
1273830 1519
1273840 1523
1273850 1526
1273860 1528
1273870 1530
1273880 1532
1273890 1535
1273900 1538
1273910 1543
1273920 1548
1273930 1553
1273940 1558
1273950 1562
1273960 1565
1273970 1568
1273980 1570
1273990 1572
1274000 1575
1274010 1576
1274020 1577
1274030 1579
1274040 1581
1274050 1581
1274060 1580
1274070 1581
1274080 1581
1274090 1581
1274100 1580
1274110 1579
1274120 1578
1274130 1576
1274140 1574
1274150 1572
1274160 1572
1274170 1578
1274180 1584
1274190 1589
1274200 1593
1274210 1597
1274220 1601
1274230 1603
1274240 1606
1274250 1609
1274260 1612
1274270 1615
1274280 1617
1274290 1620
1274300 1622
1274310 1625
1274320 1628
1274330 1632
1274340 1635
1274350 1639
1274360 1643
1274370 1646
1274380 1650
1274390 1652
1274400 1653
1274410 1653
1274420 1650
1274430 1648
1274440 1646
1274450 1646
1274460 1648
1274470 1650
1274480 1651
1274490 1653
1274500 1654
1274510 1655
1274520 1657
1274530 1658
1274540 1659
1274550 1659
1274560 1659
1274570 1658
1274580 1660
1274590 1663
1274600 1666
1274610 1668
1274620 1669
1274630 1669
1274640 1670
1274650 1672
1274660 1673
1274670 1674
1274680 1676
1274690 1679
1274700 1683
1274710 1686
1274720 1690
1274730 1693
1274740 1696
1274750 1700
1274760 1702
1274770 1707
1274780 1711
1274790 1713
1274800 1712
1274810 1712
1274820 1712
1274830 1711
1274840 1710
1274850 1709
1274860 1708
1274870 1707
1274880 1706
1274890 1706
1274900 1706
1274910 1706
1274920 1706
1274930 1706
1274940 1706
1274950 1707
1274960 1707
1274970 1707
1274980 1706
1274990 1705
1275000 1705
1275010 1704
1275020 1702
1275030 1700
1275040 1698
1275050 1697
1275060 1697
1275070 1698
1275080 1699
1275090 1700
1275100 1702
1275110 1703
1275120 1704
1275130 1706
1275140 1707
1275150 1708
1275160 1709
1275170 1709
1275180 1709
1275190 1708
1275200 1707
1275210 1707
1275220 1706
1275230 1704
1275240 1702
1275250 1701
1275260 1699
1275270 1697
1275280 1696
1275290 1695
1275300 1693
1275310 1691
1275320 1689
1275330 1687
1275340 1685
1275350 1684
1275360 1684
1275370 1683
1275380 1683
1275390 1682
1275400 1681
1275410 1680
1275420 1677
1275430 1675
1275440 1673
1275450 1670
1275460 1666
1275470 1662
1275480 1658
1275490 1654
1275500 1650
1275510 1646
1275520 1643
1275530 1639
1275540 1634
1275550 1631
1275560 1629
1275570 1626
1275580 1623
1275590 1620
1275600 1616
1275610 1613
1275620 1609
1275630 1605
1275640 1601
1275650 1598
1275660 1595
1275670 1591
1275680 1588
1275690 1584
1275700 1580
1275710 1576
1275720 1573
1275730 1570
1275740 1566
1275750 1562
1275760 1558
1275770 1555
1275780 1553
1275790 1550
1275800 1548
1275810 1546
1275820 1545
1275830 1543
1275840 1540
1275850 1538
1275860 1535
1275870 1531
1275880 1527
1275890 1523
1275900 1518
1275910 1513
1275920 1510
1275930 1506
1275940 1505
1275950 1504
1275960 1503
1275970 1503
1275980 1502
1275990 1500
1276000 1495
1276010 1490
1276020 1484
1276030 1480
1276040 1475
1276050 1471
1276060 1468
1276070 1465
1276080 1465
1276090 1468
1276100 1472
1276110 1477
1276120 1478
1276130 1478
1276140 1479
1276150 1479
1276160 1481
1276170 1484
1276180 1490
1276190 1494
1276200 1498
1276210 1501
1276220 1504
1276230 1506
1276240 1509
1276250 1510
1276260 1512
1276270 1514
1276280 1516
1276290 1518
1276300 1520
1276310 1523
1276320 1525
1276330 1527
1276340 1529
1276350 1533
1276360 1536
1276370 1540
1276380 1544
1276390 1548
1276400 1552
1276410 1556
1276420 1559
1276430 1562
1276440 1564
1276450 1566
1276460 1569
1276470 1571
1276480 1573
1276490 1575
1276500 1578
1276510 1581
1276520 1585
1276530 1589
1276540 1592
1276550 1595
1276560 1598
1276570 1600
1276580 1603
1276590 1607
1276600 1611
1276610 1616
1276620 1619
1276630 1624
1276640 1628
1276650 1631
1276660 1635
1276670 1639
1276680 1644
1276690 1647
1276700 1651
1276710 1654
1276720 1658
1276730 1662
1276740 1666
1276750 1667
1276760 1668
1276770 1670
1276780 1671
1276790 1673
1276800 1675
1276810 1676
1276820 1679
1276830 1683
1276840 1686
1276850 1690
1276860 1693
1276870 1696
1276880 1699
1276890 1703
1276900 1706
1276910 1708
1276920 1711
1276930 1715
1276940 1718
1276950 1721
1276960 1724
1276970 1726
1276980 1728
1276990 1731
1277000 1734
1277010 1738
1277020 1741
1277030 1745
1277040 1748
1277050 1752
1277060 1754
1277070 1757
1277080 1759
1277090 1761
1277100 1763
1277110 1765
1277120 1767
1277130 1769
1277140 1771
1277150 1772
1277160 1774
1277170 1777
1277180 1781
1277190 1784
1277200 1788
1277210 1792
1277220 1797
1277230 1802
1277240 1807
1277250 1813
1277260 1819
1277270 1824
1277280 1829
1277290 1834
1277300 1838
1277310 1842
1277320 1846
1277330 1849
1277340 1853
1277350 1855
1277360 1856
1277370 1857
1277380 1859
1277390 1859
1277400 1859
1277410 1859
1277420 1859
1277430 1858
1277440 1857
1277450 1857
1277460 1857
1277470 1856
1277480 1856
1277490 1856
1277500 1856
1277510 1856
1277520 1855
1277530 1854
1277540 1854
1277550 1854
1277560 1854
1277570 1853
1277580 1852
1277590 1851
1277600 1850
1277610 1850
1277620 1851
1277630 1851
1277640 1851
1277650 1851
1277660 1850
1277670 1849
1277680 1848
1277690 1846
1277700 1845
1277710 1844
1277720 1843
1277730 1841
1277740 1839
1277750 1837
1277760 1834
1277770 1833
1277780 1831
1277790 1830
1277800 1829
1277810 1828
1277820 1827
1277830 1827
1277840 1827
1277850 1827
1277860 1826
1277870 1824
1277880 1822
1277890 1821
1277900 1819
1277910 1817
1277920 1816
1277930 1815
1277940 1813
1277950 1811
1277960 1810
1277970 1810
1277980 1810
1277990 1809
1278000 1808
1278010 1807
1278020 1806
1278030 1805
1278040 1804
1278050 1803
1278060 1803
1278070 1802
1278080 1800
1278090 1799
1278100 1797
1278110 1795
1278120 1793
1278130 1792
1278140 1790
1278150 1789
1278160 1788
1278170 1786
1278180 1784
1278190 1782
1278200 1780
1278210 1778
1278220 1776
1278230 1775
1278240 1773
1278250 1772
1278260 1772
1278270 1772
1278280 1771
1278290 1769
1278300 1765
1278310 1761
1278320 1758
1278330 1762
1278340 1764
1278350 1763
1278360 1762
1278370 1761
1278380 1760
1278390 1759
1278400 1760
1278410 1761
1278420 1761
1278430 1761
1278440 1762
1278450 1763
1278460 1764
1278470 1765
1278480 1767
1278490 1768
1278500 1769
1278510 1771
1278520 1772
1278530 1773
1278540 1774
1278550 1774
1278560 1773
1278570 1773
1278580 1771
1278590 1770
1278600 1769
1278610 1768
1278620 1767
1278630 1767
1278640 1766
1278650 1766
1278660 1766
1278670 1765
1278680 1764
1278690 1763
1278700 1762
1278710 1761
1278720 1760
1278730 1759
1278740 1758
1278750 1757
1278760 1755
1278770 1753
1278780 1751
1278790 1749
1278800 1748
1278810 1746
1278820 1744
1278830 1742
1278840 1739
1278850 1737
1278860 1735
1278870 1733
1278880 1731
1278890 1730
1278900 1728
1278910 1726
1278920 1725
1278930 1724
1278940 1722
1278950 1721
1278960 1721
1278970 1721
1278980 1719
1278990 1718
1279000 1719
1279010 1721
1279020 1721
1279030 1720
1279040 1718
1279050 1716
1279060 1714
1279070 1712
1279080 1710
1279090 1709
1279100 1708
1279110 1706
1279120 1704
1279130 1701
1279140 1699
1279150 1697
1279160 1694
1279170 1691
1279180 1688
1279190 1685
1279200 1683
1279210 1680
1279220 1679
1279230 1678
1279240 1677
1279250 1675
1279260 1673
1279270 1671
1279280 1670
1279290 1667
1279300 1664
1279310 1661
1279320 1658
1279330 1655
1279340 1656
1279350 1657
1279360 1658
1279370 1658
1279380 1659
1279390 1659
1279400 1660
1279410 1659
1279420 1659
1279430 1660
1279440 1661
1279450 1662
1279460 1663
1279470 1663
1279480 1663
1279490 1663
1279500 1662
1279510 1661
1279520 1659
1279530 1659
1279540 1658
1279550 1658
1279560 1656
1279570 1655
1279580 1655
1279590 1656
1279600 1657
1279610 1658
1279620 1658
1279630 1660
1279640 1662
1279650 1663
1279660 1663
1279670 1662
1279680 1660
1279690 1659
1279700 1658
1279710 1658
1279720 1657
1279730 1657
1279740 1657
1279750 1657
1279760 1658
1279770 1659
1279780 1659
1279790 1660
1279800 1660
1279810 1661
1279820 1662
1279830 1664
1279840 1666
1279850 1666
1279860 1666
1279870 1664
1279880 1663
1279890 1663
1279900 1663
1279910 1664
1279920 1664
1279930 1665
1279940 1665
1279950 1665
1279960 1666
1279970 1667
1279980 1668
1279990 1669
