1260000 1442
1260010 1438
1260020 1437
1260030 1438
1260040 1438
1260050 1436
1260060 1434
1260070 1431
1260080 1428
1260090 1424
1260100 1421
1260110 1418
1260120 1415
1260130 1411
1260140 1408
1260150 1406
1260160 1403
1260170 1401
1260180 1399
1260190 1396
1260200 1394
1260210 1391
1260220 1388
1260230 1387
1260240 1385
1260250 1384
1260260 1383
1260270 1380
1260280 1378
1260290 1374
1260300 1372
1260310 1369
1260320 1367
1260330 1366
1260340 1363
1260350 1361
1260360 1358
1260370 1356
1260380 1353
1260390 1351
1260400 1349
1260410 1345
1260420 1339
1260430 1334
1260440 1331
1260450 1329
1260460 1327
1260470 1324
1260480 1322
1260490 1319
1260500 1316
1260510 1313
1260520 1312
1260530 1311
1260540 1310
1260550 1309
1260560 1309
1260570 1308
1260580 1307
1260590 1306
1260600 1305
1260610 1305
1260620 1305
1260630 1305
1260640 1305
1260650 1306
1260660 1306
1260670 1306
1260680 1306
1260690 1306
1260700 1306
1260710 1305
1260720 1305
1260730 1305
1260740 1304
1260750 1304
1260760 1303
1260770 1303
1260780 1303
1260790 1304
1260800 1305
1260810 1306
1260820 1309
1260830 1311
1260840 1313
1260850 1315
1260860 1317
1260870 1318
1260880 1319
1260890 1320
1260900 1321
1260910 1322
1260920 1322
1260930 1322
1260940 1323
1260950 1323
1260960 1324
1260970 1325
1260980 1326
1260990 1326
1261000 1326
1261010 1326
1261020 1327
1261030 1329
1261040 1331
1261050 1333
1261060 1335
1261070 1336
1261080 1338
1261090 1339
1261100 1339
1261110 1342
1261120 1344
1261130 1345
1261140 1346
1261150 1347
1261160 1348
1261170 1349
1261180 1350
1261190 1352
1261200 1352
1261210 1353
1261220 1355
1261230 1355
1261240 1355
1261250 1355
1261260 1356
1261270 1356
1261280 1356
1261290 1357
1261300 1357
1261310 1358
1261320 1358
1261330 1359
1261340 1359
1261350 1360
1261360 1360
1261370 1360
1261380 1360
1261390 1361
1261400 1362
1261410 1362
1261420 1363
1261430 1364
1261440 1365
1261450 1366
1261460 1367
1261470 1368
1261480 1370
1261490 1372
1261500 1374
1261510 1376
1261520 1377
1261530 1379
1261540 1381
1261550 1381
1261560 1382
1261570 1383
1261580 1384
1261590 1385
1261600 1387
1261610 1390
1261620 1392
1261630 1395
1261640 1397
1261650 1400
1261660 1403
1261670 1406
1261680 1409
1261690 1413
1261700 1417
1261710 1420
1261720 1424
1261730 1428
1261740 1431
1261750 1434
1261760 1436
1261770 1438
1261780 1440
1261790 1442
1261800 1445
1261810 1446
1261820 1448
1261830 1447
1261840 1444
1261850 1442
1261860 1440
1261870 1438
1261880 1437
1261890 1435
1261900 1433
1261910 1430
1261920 1428
1261930 1426
1261940 1425
1261950 1424
1261960 1423
1261970 1422
1261980 1419
1261990 1414
1262000 1413
1262010 1415
1262020 1417
1262030 1420
1262040 1422
1262050 1423
1262060 1423
1262070 1424
1262080 1424
1262090 1425
1262100 1427
1262110 1430
1262120 1430
1262130 1431
1262140 1431
1262150 1433
1262160 1434
1262170 1436
1262180 1437
1262190 1439
1262200 1440
1262210 1443
1262220 1445
1262230 1447
1262240 1451
1262250 1454
1262260 1458
1262270 1462
1262280 1466
1262290 1471
1262300 1476
1262310 1478
1262320 1479
1262330 1480
1262340 1480
1262350 1481
1262360 1482
1262370 1484
1262380 1485
1262390 1487
1262400 1490
1262410 1492
1262420 1494
1262430 1497
1262440 1500
1262450 1503
1262460 1505
1262470 1508
1262480 1511
1262490 1515
1262500 1519
1262510 1522
1262520 1526
1262530 1529
1262540 1532
1262550 1535
1262560 1538
1262570 1541
1262580 1546
1262590 1549
1262600 1554
1262610 1558
1262620 1563
1262630 1566
1262640 1570
1262650 1574
1262660 1578
1262670 1582
1262680 1587
1262690 1592
1262700 1597
1262710 1602
1262720 1606
1262730 1611
1262740 1615
1262750 1619
1262760 1623
1262770 1627
1262780 1631
1262790 1634
1262800 1637
1262810 1640
1262820 1643
1262830 1647
1262840 1650
1262850 1653
1262860 1655
1262870 1659
1262880 1664
1262890 1670
1262900 1678
1262910 1685
1262920 1692
1262930 1699
1262940 1707
1262950 1714
1262960 1720
1262970 1729
1262980 1738
1262990 1746
1263000 1753
1263010 1762
1263020 1771
1263030 1782
1263040 1793
1263050 1803
1263060 1811
1263070 1818
1263080 1824
1263090 1828
1263100 1835
1263110 1843
1263120 1853
1263130 1861
1263140 1870
1263150 1882
1263160 1886
1263170 1887
1263180 1883
1263190 1881
1263200 1884
1263210 1892
1263220 1902
1263230 1913
1263240 1925
1263250 1930
1263260 1935
1263270 1939
1263280 1945
1263290 1951
1263300 1961
1263310 1980
1263320 1988
1263330 1992
1263340 1996
1263350 1998
1263360 2003
1263370 2012
1263380 2018
1263390 2023
1263400 2028
1263410 2033
1263420 2037
1263430 2040
1263440 2044
1263450 2051
1263460 2059
1263470 2067
1263480 2071
1263490 2073
1263500 2077
1263510 2079
1263520 2082
1263530 2084
1263540 2086
1263550 2087
1263560 2087
1263570 2090
1263580 2094
1263590 2098
1263600 2106
1263610 2112
1263620 2117
1263630 2122
1263640 2127
1263650 2131
1263660 2138
1263670 2143
1263680 2148
1263690 2152
1263700 2157
1263710 2161
1263720 2165
1263730 2170
1263740 2176
1263750 2181
1263760 2187
1263770 2192
1263780 2196
1263790 2200
1263800 2205
1263810 2210
1263820 2217
1263830 2223
1263840 2230
1263850 2236
1263860 2241
1263870 2247
1263880 2253
1263890 2258
1263900 2263
1263910 2266
1263920 2272
1263930 2278
1263940 2286
1263950 2293
1263960 2299
1263970 2305
1263980 2308
1263990 2310
1264000 2312
1264010 2315
1264020 2318
1264030 2324
1264040 2337
1264050 2351
1264060 2364
1264070 2374
1264080 2384
1264090 2392
1264100 2400
1264110 2406
1264120 2411
1264130 2414
1264140 2419
1264150 2426
1264160 2432
1264170 2440
1264180 2449
1264190 2460
1264200 2464
1264210 2468
1264220 2472
1264230 2473
1264240 2477
1264250 2483
1264260 2489
1264270 2494
1264280 2498
1264290 2501
1264300 2503
1264310 2504
1264320 2506
1264330 2507
1264340 2508
1264350 2509
1264360 2511
1264370 2512
1264380 2513
1264390 2515
1264400 2517
1264410 2518
1264420 2517
1264430 2515
1264440 2514
1264450 2512
1264460 2511
1264470 2509
1264480 2508
1264490 2507
1264500 2506
1264510 2505
1264520 2504
1264530 2503
1264540 2500
1264550 2498
1264560 2495
1264570 2492
1264580 2491
1264590 2489
1264600 2486
1264610 2485
1264620 2484
1264630 2483
1264640 2482
1264650 2480
1264660 2479
1264670 2477
1264680 2476
1264690 2475
1264700 2474
1264710 2471
1264720 2467
1264730 2463
1264740 2459
1264750 2454
1264760 2448
1264770 2443
1264780 2437
1264790 2432
1264800 2428
1264810 2424
1264820 2420
1264830 2412
1264840 2403
1264850 2395
1264860 2388
1264870 2382
1264880 2377
1264890 2371
1264900 2364
1264910 2357
1264920 2354
1264930 2358
1264940 2361
1264950 2356
1264960 2348
1264970 2339
1264980 2328
1264990 2322
1265000 2317
1265010 2313
1265020 2303
1265030 2296
1265040 2291
1265050 2287
1265060 2280
1265070 2273
1265080 2271
1265090 2266
1265100 2261
1265110 2255
1265120 2251
1265130 2246
1265140 2242
1265150 2238
1265160 2234
1265170 2231
1265180 2228
1265190 2225
1265200 2222
1265210 2218
1265220 2214
1265230 2209
1265240 2205
1265250 2201
1265260 2196
1265270 2191
1265280 2186
1265290 2181
1265300 2176
1265310 2168
1265320 2158
1265330 2143
1265340 2133
1265350 2125
1265360 2118
1265370 2113
1265380 2109
1265390 2106
1265400 2103
1265410 2101
1265420 2098
1265430 2095
1265440 2093
1265450 2091
1265460 2090
1265470 2089
1265480 2087
1265490 2086
1265500 2085
1265510 2084
1265520 2083
1265530 2082
1265540 2080
1265550 2079
1265560 2079
1265570 2078
1265580 2078
1265590 2077
1265600 2077
1265610 2075
1265620 2076
1265630 2076
1265640 2074
1265650 2071
1265660 2068
1265670 2066
1265680 2063
1265690 2062
1265700 2060
1265710 2059
1265720 2057
1265730 2056
1265740 2054
1265750 2052
1265760 2049
1265770 2047
1265780 2046
1265790 2045
1265800 2043
1265810 2042
1265820 2041
1265830 2039
1265840 2037
1265850 2037
1265860 2036
1265870 2035
1265880 2033
1265890 2031
1265900 2029
1265910 2027
1265920 2026
1265930 2025
1265940 2023
1265950 2021
1265960 2018
1265970 2016
1265980 2015
1265990 2014
1266000 2012
1266010 2011
1266020 2010
1266030 2010
1266040 2012
1266050 2015
1266060 2016
1266070 2017
1266080 2018
1266090 2020
1266100 2022
1266110 2026
1266120 2030
1266130 2036
1266140 2043
1266150 2053
1266160 2078
1266170 2102
1266180 2103
1266190 2109
1266200 2116
1266210 2125
1266220 2129
1266230 2130
1266240 2128
1266250 2125
1266260 2123
1266270 2123
1266280 2123
1266290 2123
1266300 2124
1266310 2122
1266320 2120
1266330 2118
1266340 2118
1266350 2117
1266360 2116
1266370 2115
1266380 2113
1266390 2111
1266400 2111
1266410 2112
1266420 2113
1266430 2113
1266440 2113
1266450 2114
1266460 2114
1266470 2114
1266480 2114
1266490 2113
1266500 2112
1266510 2112
1266520 2113
1266530 2114
1266540 2116
1266550 2119
1266560 2122
1266570 2127
1266580 2131
1266590 2136
1266600 2140
1266610 2143
1266620 2145
1266630 2148
1266640 2150
1266650 2153
1266660 2155
1266670 2158
1266680 2161
1266690 2165
1266700 2168
1266710 2171
1266720 2175
1266730 2179
1266740 2183
1266750 2187
1266760 2191
1266770 2195
1266780 2199
1266790 2202
1266800 2206
1266810 2210
1266820 2215
1266830 2219
1266840 2224
1266850 2245
1266860 2259
1266870 2263
1266880 2264
1266890 2266
1266900 2273
1266910 2349
1266920 2385
1266930 2393
1266940 2410
1266950 2421
1266960 2427
1266970 2426
1266980 2426
1266990 2426
1267000 2427
1267010 2428
1267020 2428
1267030 2427
1267040 2426
1267050 2426
1267060 2426
1267070 2432
1267080 2440
1267090 2450
1267100 2455
1267110 2460
1267120 2465
1267130 2472
1267140 2472
1267150 2468
1267160 2462
1267170 2457
1267180 2452
1267190 2447
1267200 2443
1267210 2439
1267220 2436
1267230 2431
1267240 2426
1267250 2421
1267260 2416
1267270 2412
1267280 2408
1267290 2404
1267300 2400
1267310 2395
1267320 2392
1267330 2389
1267340 2386
1267350 2382
1267360 2378
1267370 2374
1267380 2370
1267390 2366
1267400 2361
1267410 2357
1267420 2353
1267430 2349
1267440 2345
1267450 2340
1267460 2337
1267470 2334
1267480 2332
1267490 2329
1267500 2326
1267510 2324
1267520 2323
1267530 2322
1267540 2322
1267550 2321
1267560 2319
1267570 2317
1267580 2315
1267590 2311
1267600 2306
1267610 2303
1267620 2301
1267630 2300
1267640 2300
1267650 2300
1267660 2300
1267670 2299
1267680 2298
1267690 2297
1267700 2296
1267710 2294
1267720 2293
1267730 2291
1267740 2288
1267750 2286
1267760 2284
1267770 2282
1267780 2281
1267790 2279
1267800 2278
1267810 2276
1267820 2274
1267830 2274
1267840 2273
1267850 2273
1267860 2271
1267870 2268
1267880 2266
1267890 2265
1267900 2264
1267910 2262
1267920 2261
1267930 2260
1267940 2261
1267950 2259
1267960 2257
1267970 2254
1267980 2252
1267990 2251
1268000 2251
1268010 2249
1268020 2247
1268030 2244
1268040 2241
1268050 2238
1268060 2236
1268070 2233
1268080 2230
1268090 2228
1268100 2226
1268110 2223
1268120 2220
1268130 2218
1268140 2216
1268150 2214
1268160 2212
1268170 2210
1268180 2209
1268190 2207
1268200 2205
1268210 2204
1268220 2203
1268230 2201
1268240 2200
1268250 2198
1268260 2197
1268270 2195
1268280 2193
1268290 2192
1268300 2190
1268310 2188
1268320 2187
1268330 2187
1268340 2186
1268350 2184
1268360 2181
1268370 2179
1268380 2176
1268390 2175
1268400 2174
1268410 2173
1268420 2172
1268430 2170
1268440 2168
1268450 2167
1268460 2165
1268470 2163
1268480 2161
1268490 2159
1268500 2156
1268510 2153
1268520 2150
1268530 2146
1268540 2144
1268550 2141
1268560 2138
1268570 2135
1268580 2132
1268590 2129
1268600 2125
1268610 2121
1268620 2117
1268630 2112
1268640 2109
1268650 2107
1268660 2106
1268670 2104
1268680 2103
1268690 2101
1268700 2099
1268710 2096
1268720 2093
1268730 2090
1268740 2088
1268750 2085
1268760 2082
1268770 2080
1268780 2077
1268790 2075
1268800 2072
1268810 2067
1268820 2062
1268830 2058
1268840 2054
1268850 2049
1268860 2045
1268870 2043
1268880 2040
1268890 2037
1268900 2033
1268910 2029
1268920 2024
1268930 2022
1268940 2020
1268950 2018
1268960 2016
1268970 2013
1268980 2010
1268990 2007
1269000 2005
1269010 2003
1269020 2001
1269030 2001
1269040 2000
1269050 2000
1269060 1998
1269070 1996
1269080 1992
1269090 1991
1269100 1990
1269110 1989
1269120 1986
1269130 1983
1269140 1980
1269150 1979
1269160 1978
1269170 1977
1269180 1976
1269190 1975
1269200 1974
1269210 1973
1269220 1972
1269230 1971
1269240 1970
1269250 1969
1269260 1968
1269270 1966
1269280 1964
1269290 1962
1269300 1960
1269310 1958
1269320 1955
1269330 1953
1269340 1951
1269350 1948
1269360 1946
1269370 1944
1269380 1941
1269390 1939
1269400 1936
1269410 1934
1269420 1931
1269430 1927
1269440 1923
1269450 1921
1269460 1923
1269470 1922
1269480 1921
1269490 1920
1269500 1923
1269510 1927
1269520 1929
1269530 1928
1269540 1927
1269550 1926
1269560 1925
1269570 1925
1269580 1924
1269590 1924
1269600 1923
1269610 1922
1269620 1920
1269630 1919
1269640 1917
1269650 1916
1269660 1914
1269670 1913
1269680 1912
1269690 1910
1269700 1908
1269710 1906
1269720 1904
1269730 1903
1269740 1902
1269750 1901
1269760 1901
1269770 1900
1269780 1900
1269790 1899
1269800 1898
1269810 1897
1269820 1896
1269830 1895
1269840 1894
1269850 1892
1269860 1892
1269870 1891
1269880 1890
1269890 1888
1269900 1885
1269910 1885
1269920 1885
1269930 1886
1269940 1886
1269950 1886
1269960 1885
1269970 1884
1269980 1884
1269990 1884
1270000 1884
1270010 1883
1270020 1883
1270030 1882
1270040 1881
1270050 1880
1270060 1879
1270070 1879
1270080 1878
1270090 1878
1270100 1877
1270110 1876
1270120 1875
1270130 1875
1270140 1876
1270150 1876
1270160 1876
1270170 1876
1270180 1876
1270190 1876
1270200 1875
1270210 1875
1270220 1874
1270230 1873
1270240 1873
1270250 1871
1270260 1870
1270270 1868
1270280 1867
1270290 1865
1270300 1864
1270310 1863
1270320 1862
1270330 1860
1270340 1859
1270350 1858
1270360 1857
1270370 1856
1270380 1854
1270390 1853
1270400 1852
1270410 1849
1270420 1846
1270430 1843
1270440 1840
1270450 1839
1270460 1839
1270470 1838
1270480 1837
1270490 1835
1270500 1833
1270510 1831
1270520 1829
1270530 1826
1270540 1823
1270550 1821
1270560 1820
1270570 1820
1270580 1819
1270590 1819
1270600 1817
1270610 1815
1270620 1813
1270630 1812
1270640 1811
1270650 1810
1270660 1809
1270670 1808
1270680 1807
1270690 1805
1270700 1803
1270710 1801
1270720 1799
1270730 1798
1270740 1797
1270750 1797
1270760 1795
1270770 1794
1270780 1792
1270790 1790
1270800 1788
1270810 1786
1270820 1784
1270830 1782
1270840 1779
1270850 1776
1270860 1776
1270870 1778
1270880 1781
1270890 1783
1270900 1785
1270910 1786
1270920 1788
1270930 1789
1270940 1789
1270950 1789
1270960 1789
1270970 1789
1270980 1788
1270990 1787
1271000 1786
1271010 1784
1271020 1783
1271030 1781
1271040 1780
1271050 1779
1271060 1777
1271070 1775
1271080 1773
1271090 1771
1271100 1769
1271110 1766
1271120 1764
1271130 1762
1271140 1759
1271150 1757
1271160 1755
1271170 1752
1271180 1750
1271190 1747
1271200 1745
1271210 1743
1271220 1742
1271230 1740
1271240 1739
1271250 1737
1271260 1736
1271270 1735
1271280 1733
1271290 1731
1271300 1730
1271310 1728
1271320 1727
1271330 1726
1271340 1724
1271350 1723
1271360 1722
1271370 1721
1271380 1720
1271390 1719
1271400 1717
1271410 1716
1271420 1715
1271430 1713
1271440 1712
1271450 1711
1271460 1709
1271470 1708
1271480 1706
1271490 1706
1271500 1705
1271510 1704
1271520 1703
1271530 1701
1271540 1700
1271550 1699
1271560 1697
1271570 1696
1271580 1694
1271590 1693
1271600 1692
1271610 1690
1271620 1689
1271630 1687
1271640 1686
1271650 1685
1271660 1685
1271670 1684
1271680 1684
1271690 1684
1271700 1686
1271710 1686
1271720 1686
1271730 1685
1271740 1684
1271750 1683
1271760 1682
1271770 1681
1271780 1680
1271790 1679
1271800 1678
1271810 1677
1271820 1677
1271830 1676
1271840 1675
1271850 1674
1271860 1673
1271870 1672
1271880 1671
1271890 1670
1271900 1669
1271910 1668
1271920 1667
1271930 1666
1271940 1665
1271950 1665
1271960 1664
1271970 1663
1271980 1662
1271990 1660
1272000 1659
1272010 1659
1272020 1659
1272030 1657
1272040 1656
1272050 1655
1272060 1653
1272070 1652
1272080 1651
1272090 1649
1272100 1647
1272110 1646
1272120 1645
1272130 1643
1272140 1641
1272150 1639
1272160 1637
1272170 1634
1272180 1632
1272190 1630
1272200 1627
1272210 1628
1272220 1628
1272230 1627
1272240 1625
1272250 1624
1272260 1623
1272270 1622
1272280 1621
1272290 1619
1272300 1617
1272310 1614
1272320 1611
1272330 1607
1272340 1603
1272350 1600
1272360 1597
1272370 1595
1272380 1593
1272390 1591
1272400 1590
1272410 1589
1272420 1587
1272430 1585
1272440 1584
1272450 1584
1272460 1583
1272470 1582
1272480 1582
1272490 1583
1272500 1582
1272510 1581
1272520 1578
1272530 1575
1272540 1571
1272550 1571
1272560 1572
1272570 1572
1272580 1572
1272590 1571
1272600 1569
1272610 1567
1272620 1565
1272630 1563
1272640 1561
1272650 1559
1272660 1556
1272670 1554
1272680 1551
1272690 1548
1272700 1543
1272710 1539
1272720 1535
1272730 1532
1272740 1529
1272750 1527
1272760 1525
1272770 1523
1272780 1520
1272790 1518
1272800 1516
1272810 1516
1272820 1515
1272830 1514
1272840 1510
1272850 1510
1272860 1513
1272870 1517
1272880 1520
1272890 1522
1272900 1525
1272910 1526
1272920 1526
1272930 1524
1272940 1523
1272950 1521
1272960 1519
1272970 1517
1272980 1515
1272990 1515
1273000 1514
1273010 1513
1273020 1512
1273030 1511
1273040 1510
1273050 1509
1273060 1507
1273070 1505
1273080 1504
1273090 1503
1273100 1502
1273110 1501
1273120 1500
1273130 1499
1273140 1498
1273150 1497
1273160 1495
1273170 1494
1273180 1491
1273190 1489
1273200 1488
1273210 1487
1273220 1484
1273230 1482
1273240 1479
1273250 1478
1273260 1476
1273270 1475
1273280 1475
1273290 1474
1273300 1474
1273310 1473
1273320 1472
1273330 1472
1273340 1471
1273350 1470
1273360 1470
1273370 1469
1273380 1468
1273390 1467
1273400 1466
1273410 1466
1273420 1466
1273430 1465
1273440 1464
1273450 1463
1273460 1464
1273470 1463
1273480 1464
1273490 1464
1273500 1465
1273510 1465
1273520 1465
1273530 1465
1273540 1465
1273550 1464
1273560 1463
1273570 1462
1273580 1462
1273590 1461
1273600 1461
1273610 1461
1273620 1460
1273630 1460
1273640 1459
1273650 1459
1273660 1459
1273670 1458
1273680 1457
1273690 1457
1273700 1457
1273710 1456
1273720 1455
1273730 1456
1273740 1458
1273750 1460
1273760 1461
1273770 1462
1273780 1461
1273790 1460
1273800 1460
1273810 1460
1273820 1460
1273830 1459
1273840 1459
1273850 1458
1273860 1457
1273870 1454
1273880 1451
1273890 1449
1273900 1446
1273910 1445
1273920 1442
1273930 1439
1273940 1437
1273950 1434
1273960 1431
1273970 1426
1273980 1426
1273990 1427
1274000 1428
1274010 1428
1274020 1428
1274030 1428
1274040 1428
1274050 1428
1274060 1428
1274070 1427
1274080 1426
1274090 1425
1274100 1424
1274110 1423
1274120 1422
1274130 1421
1274140 1419
1274150 1418
1274160 1417
1274170 1415
1274180 1414
1274190 1412
1274200 1410
1274210 1408
1274220 1406
1274230 1404
1274240 1403
1274250 1401
1274260 1400
1274270 1398
1274280 1395
1274290 1393
1274300 1392
1274310 1391
1274320 1389
1274330 1388
1274340 1386
1274350 1384
1274360 1382
1274370 1380
1274380 1378
1274390 1378
1274400 1379
1274410 1380
1274420 1381
1274430 1381
1274440 1381
1274450 1380
1274460 1380
1274470 1379
1274480 1379
1274490 1379
1274500 1379
1274510 1379
1274520 1380
1274530 1380
1274540 1381
1274550 1381
1274560 1381
1274570 1381
1274580 1380
1274590 1380
1274600 1379
1274610 1378
1274620 1377
1274630 1376
1274640 1374
1274650 1373
1274660 1371
1274670 1370
1274680 1368
1274690 1366
1274700 1364
1274710 1362
1274720 1359
1274730 1357
1274740 1355
1274750 1352
1274760 1350
1274770 1348
1274780 1346
1274790 1344
1274800 1342
1274810 1340
1274820 1338
1274830 1337
1274840 1335
1274850 1333
1274860 1331
1274870 1329
1274880 1327
1274890 1325
1274900 1321
1274910 1318
1274920 1314
1274930 1310
1274940 1307
1274950 1303
1274960 1302
1274970 1303
1274980 1303
1274990 1302
1275000 1302
1275010 1301
1275020 1300
1275030 1299
1275040 1297
1275050 1296
1275060 1294
1275070 1293
1275080 1290
1275090 1288
1275100 1287
1275110 1284
1275120 1281
1275130 1279
1275140 1278
1275150 1277
1275160 1277
1275170 1275
1275180 1275
1275190 1274
1275200 1274
1275210 1273
1275220 1272
1275230 1272
1275240 1271
1275250 1271
1275260 1271
1275270 1270
1275280 1270
1275290 1269
1275300 1269
1275310 1269
1275320 1269
1275330 1267
1275340 1267
1275350 1268
1275360 1268
1275370 1269
1275380 1269
1275390 1269
1275400 1268
1275410 1268
1275420 1268
1275430 1267
1275440 1266
1275450 1266
1275460 1265
1275470 1265
1275480 1265
1275490 1264
1275500 1264
1275510 1264
1275520 1264
1275530 1263
1275540 1263
1275550 1262
1275560 1262
1275570 1261
1275580 1261
1275590 1262
1275600 1263
1275610 1264
1275620 1264
1275630 1265
1275640 1267
1275650 1270
1275660 1272
1275670 1273
1275680 1274
1275690 1276
1275700 1279
1275710 1281
1275720 1283
1275730 1283
1275740 1280
1275750 1279
1275760 1280
1275770 1283
1275780 1283
1275790 1283
1275800 1283
1275810 1282
1275820 1281
1275830 1281
1275840 1280
1275850 1279
1275860 1279
1275870 1278
1275880 1278
1275890 1277
1275900 1278
1275910 1278
1275920 1277
1275930 1276
1275940 1276
1275950 1278
1275960 1278
1275970 1280
1275980 1281
1275990 1284
1276000 1287
1276010 1292
1276020 1296
1276030 1300
1276040 1304
1276050 1309
1276060 1313
1276070 1316
1276080 1319
1276090 1322
1276100 1325
1276110 1328
1276120 1332
1276130 1335
1276140 1339
1276150 1342
1276160 1345
1276170 1348
1276180 1350
1276190 1354
1276200 1356
1276210 1355
1276220 1354
1276230 1354
1276240 1355
1276250 1357
1276260 1360
1276270 1362
1276280 1363
1276290 1365
1276300 1366
1276310 1368
1276320 1369
1276330 1370
1276340 1372
1276350 1373
1276360 1375
1276370 1378
1276380 1381
1276390 1383
1276400 1386
1276410 1389
1276420 1392
1276430 1396
1276440 1401
1276450 1405
1276460 1408
1276470 1410
1276480 1413
1276490 1414
1276500 1416
1276510 1419
1276520 1421
1276530 1424
1276540 1426
1276550 1428
1276560 1430
1276570 1432
1276580 1434
1276590 1437
1276600 1440
1276610 1443
1276620 1446
1276630 1449
1276640 1452
1276650 1455
1276660 1457
1276670 1459
1276680 1461
1276690 1463
1276700 1465
1276710 1467
1276720 1468
1276730 1470
1276740 1471
1276750 1472
1276760 1474
1276770 1476
1276780 1478
1276790 1480
1276800 1481
1276810 1483
1276820 1484
1276830 1486
1276840 1488
1276850 1489
1276860 1491
1276870 1493
1276880 1496
1276890 1497
1276900 1498
1276910 1500
1276920 1501
1276930 1502
1276940 1503
1276950 1504
1276960 1505
1276970 1505
1276980 1505
1276990 1506
1277000 1506
1277010 1507
1277020 1508
1277030 1508
1277040 1508
1277050 1507
1277060 1506
1277070 1505
1277080 1503
1277090 1500
1277100 1500
1277110 1502
1277120 1507
1277130 1512
1277140 1516
1277150 1519
1277160 1521
1277170 1522
1277180 1522
1277190 1523
1277200 1525
1277210 1527
1277220 1529
1277230 1530
1277240 1531
1277250 1532
1277260 1533
1277270 1535
1277280 1536
1277290 1535
1277300 1535
1277310 1536
1277320 1540
1277330 1543
1277340 1547
1277350 1550
1277360 1552
1277370 1553
1277380 1554
1277390 1554
1277400 1555
1277410 1555
1277420 1555
1277430 1556
1277440 1557
1277450 1558
1277460 1559
1277470 1560
1277480 1562
1277490 1563
1277500 1565
1277510 1566
1277520 1568
1277530 1569
1277540 1571
1277550 1571
1277560 1572
1277570 1571
1277580 1571
1277590 1570
1277600 1569
1277610 1568
1277620 1567
1277630 1565
1277640 1563
1277650 1561
1277660 1560
1277670 1561
1277680 1562
1277690 1565
1277700 1565
1277710 1564
1277720 1563
1277730 1561
1277740 1559
1277750 1557
1277760 1553
1277770 1550
1277780 1547
1277790 1545
1277800 1541
1277810 1538
1277820 1534
1277830 1531
1277840 1528
1277850 1525
1277860 1522
1277870 1520
1277880 1519
1277890 1518
1277900 1517
1277910 1517
1277920 1516
1277930 1515
1277940 1513
1277950 1512
1277960 1511
1277970 1510
1277980 1508
1277990 1507
1278000 1507
1278010 1507
1278020 1505
1278030 1503
1278040 1500
1278050 1495
1278060 1491
1278070 1486
1278080 1481
1278090 1477
1278100 1474
1278110 1477
1278120 1481
1278130 1488
1278140 1491
1278150 1493
1278160 1495
1278170 1494
1278180 1494
1278190 1493
1278200 1492
1278210 1491
1278220 1489
1278230 1487
1278240 1485
1278250 1482
1278260 1478
1278270 1474
1278280 1472
1278290 1471
1278300 1471
1278310 1471
1278320 1472
1278330 1473
1278340 1472
1278350 1471
1278360 1467
1278370 1462
1278380 1458
1278390 1453
1278400 1452
1278410 1455
1278420 1461
1278430 1464
1278440 1466
1278450 1467
1278460 1468
1278470 1469
1278480 1469
1278490 1470
1278500 1471
1278510 1472
1278520 1473
1278530 1474
1278540 1475
1278550 1476
1278560 1477
1278570 1478
1278580 1479
1278590 1480
1278600 1481
1278610 1480
1278620 1479
1278630 1478
1278640 1477
1278650 1478
1278660 1478
1278670 1479
1278680 1479
1278690 1480
1278700 1482
1278710 1483
1278720 1484
1278730 1485
1278740 1486
1278750 1487
1278760 1487
1278770 1488
1278780 1488
1278790 1488
1278800 1487
1278810 1487
1278820 1486
1278830 1486
1278840 1486
1278850 1488
1278860 1488
1278870 1489
1278880 1490
1278890 1491
1278900 1491
1278910 1492
1278920 1492
1278930 1492
1278940 1492
1278950 1492
1278960 1492
1278970 1493
1278980 1496
1278990 1498
1279000 1499
1279010 1500
1279020 1499
1279030 1497
1279040 1493
1279050 1490
1279060 1487
1279070 1485
1279080 1485
1279090 1486
1279100 1487
1279110 1483
1279120 1481
1279130 1479
1279140 1478
1279150 1477
1279160 1477
1279170 1476
1279180 1477
1279190 1478
1279200 1479
1279210 1479
1279220 1478
1279230 1476
1279240 1473
1279250 1469
1279260 1459
1279270 1431
1279280 1422
1279290 1422
1279300 1425
1279310 1428
1279320 1431
1279330 1431
1279340 1432
1279350 1432
1279360 1431
1279370 1429
1279380 1426
1279390 1423
1279400 1424
1279410 1424
1279420 1423
1279430 1420
1279440 1413
1279450 1400
1279460 1377
1279470 1366
1279480 1362
1279490 1356
1279500 1352
1279510 1349
1279520 1346
1279530 1344
1279540 1342
1279550 1340
1279560 1339
1279570 1338
1279580 1337
1279590 1337
1279600 1338
1279610 1338
1279620 1339
1279630 1338
1279640 1337
1279650 1335
1279660 1332
1279670 1330
1279680 1328
1279690 1327
1279700 1326
1279710 1325
1279720 1324
1279730 1324
1279740 1325
1279750 1324
1279760 1324
1279770 1323
1279780 1321
1279790 1320
1279800 1319
1279810 1318
1279820 1317
1279830 1315
1279840 1314
1279850 1312
1279860 1310
1279870 1308
1279880 1305
1279890 1303
1279900 1301
1279910 1300
1279920 1299
1279930 1297
1279940 1295
1279950 1293
1279960 1291
1279970 1289
1279980 1287
1279990 1284
