1260000 1528
1260010 1526
1260020 1524
1260030 1521
1260040 1519
1260050 1518
1260060 1518
1260070 1517
1260080 1516
1260090 1514
1260100 1513
1260110 1511
1260120 1510
1260130 1507
1260140 1505
1260150 1502
1260160 1499
1260170 1497
1260180 1494
1260190 1492
1260200 1490
1260210 1487
1260220 1486
1260230 1485
1260240 1484
1260250 1483
1260260 1481
1260270 1479
1260280 1475
1260290 1471
1260300 1468
1260310 1466
1260320 1463
1260330 1459
1260340 1456
1260350 1454
1260360 1453
1260370 1452
1260380 1450
1260390 1447
1260400 1445
1260410 1442
1260420 1440
1260430 1436
1260440 1432
1260450 1428
1260460 1425
1260470 1420
1260480 1415
1260490 1410
1260500 1405
1260510 1400
1260520 1396
1260530 1394
1260540 1391
1260550 1388
1260560 1386
1260570 1382
1260580 1379
1260590 1377
1260600 1375
1260610 1373
1260620 1371
1260630 1369
1260640 1367
1260650 1365
1260660 1363
1260670 1361
1260680 1359
1260690 1357
1260700 1355
1260710 1352
1260720 1350
1260730 1348
1260740 1346
1260750 1343
1260760 1341
1260770 1338
1260780 1336
1260790 1333
1260800 1331
1260810 1329
1260820 1326
1260830 1324
1260840 1321
1260850 1318
1260860 1316
1260870 1313
1260880 1310
1260890 1308
1260900 1306
1260910 1304
1260920 1301
1260930 1298
1260940 1295
1260950 1294
1260960 1293
1260970 1293
1260980 1292
1260990 1292
1261000 1292
1261010 1291
1261020 1290
1261030 1289
1261040 1290
1261050 1290
1261060 1291
1261070 1290
1261080 1289
1261090 1289
1261100 1288
1261110 1288
1261120 1287
1261130 1288
1261140 1288
1261150 1288
1261160 1288
1261170 1288
1261180 1287
1261190 1287
1261200 1287
1261210 1287
1261220 1287
1261230 1286
1261240 1286
1261250 1286
1261260 1286
1261270 1286
1261280 1286
1261290 1286
1261300 1286
1261310 1286
1261320 1286
1261330 1286
1261340 1286
1261350 1286
1261360 1286
1261370 1285
1261380 1284
1261390 1284
1261400 1284
1261410 1284
1261420 1284
1261430 1283
1261440 1283
1261450 1284
1261460 1286
1261470 1290
1261480 1294
1261490 1297
1261500 1300
1261510 1301
1261520 1302
1261530 1302
1261540 1303
1261550 1303
1261560 1303
1261570 1302
1261580 1302
1261590 1302
1261600 1302
1261610 1303
1261620 1304
1261630 1305
1261640 1308
1261650 1310
1261660 1313
1261670 1315
1261680 1318
1261690 1320
1261700 1319
1261710 1319
1261720 1319
1261730 1318
1261740 1319
1261750 1323
1261760 1326
1261770 1330
1261780 1334
1261790 1335
1261800 1333
1261810 1331
1261820 1336
1261830 1344
1261840 1352
1261850 1355
1261860 1358
1261870 1362
1261880 1366
1261890 1370
1261900 1373
1261910 1376
1261920 1379
1261930 1383
1261940 1387
1261950 1391
1261960 1396
1261970 1400
1261980 1405
1261990 1409
1262000 1413
1262010 1417
1262020 1420
1262030 1424
1262040 1429
1262050 1432
1262060 1436
1262070 1440
1262080 1445
1262090 1449
1262100 1453
1262110 1456
1262120 1460
1262130 1463
1262140 1467
1262150 1470
1262160 1473
1262170 1476
1262180 1478
1262190 1480
1262200 1482
1262210 1485
1262220 1487
1262230 1490
1262240 1493
1262250 1496
1262260 1499
1262270 1503
1262280 1506
1262290 1510
1262300 1515
1262310 1519
1262320 1524
1262330 1528
1262340 1532
1262350 1536
1262360 1540
1262370 1544
1262380 1547
1262390 1551
1262400 1555
1262410 1558
1262420 1562
1262430 1566
1262440 1570
1262450 1574
1262460 1579
1262470 1583
1262480 1587
1262490 1591
1262500 1595
1262510 1599
1262520 1603
1262530 1606
1262540 1610
1262550 1613
1262560 1616
1262570 1619
1262580 1624
1262590 1629
1262600 1634
1262610 1640
1262620 1645
1262630 1650
1262640 1655
1262650 1664
1262660 1675
1262670 1685
1262680 1695
1262690 1704
1262700 1714
1262710 1721
1262720 1727
1262730 1734
1262740 1741
1262750 1747
1262760 1753
1262770 1759
1262780 1770
1262790 1782
1262800 1790
1262810 1798
1262820 1804
1262830 1808
1262840 1811
1262850 1814
1262860 1818
1262870 1822
1262880 1827
1262890 1831
1262900 1836
1262910 1841
1262920 1847
1262930 1852
1262940 1857
1262950 1862
1262960 1866
1262970 1871
1262980 1875
1262990 1881
1263000 1886
1263010 1890
1263020 1894
1263030 1897
1263040 1901
1263050 1905
1263060 1910
1263070 1915
1263080 1921
1263090 1927
1263100 1931
1263110 1933
1263120 1937
1263130 1941
1263140 1946
1263150 1951
1263160 1956
1263170 1960
1263180 1965
1263190 1970
1263200 1975
1263210 1980
1263220 1986
1263230 1992
1263240 1998
1263250 2004
1263260 2009
1263270 2013
1263280 2018
1263290 2023
1263300 2029
1263310 2034
1263320 2038
1263330 2042
1263340 2048
1263350 2053
1263360 2059
1263370 2064
1263380 2068
1263390 2071
1263400 2074
1263410 2078
1263420 2082
1263430 2086
1263440 2090
1263450 2094
1263460 2098
1263470 2102
1263480 2107
1263490 2111
1263500 2116
1263510 2121
1263520 2125
1263530 2129
1263540 2133
1263550 2138
1263560 2142
1263570 2147
1263580 2152
1263590 2158
1263600 2162
1263610 2164
1263620 2166
1263630 2170
1263640 2173
1263650 2174
1263660 2174
1263670 2175
1263680 2177
1263690 2180
1263700 2184
1263710 2188
1263720 2192
1263730 2195
1263740 2199
1263750 2198
1263760 2198
1263770 2200
1263780 2204
1263790 2207
1263800 2210
1263810 2213
1263820 2219
1263830 2225
1263840 2226
1263850 2230
1263860 2235
1263870 2238
1263880 2242
1263890 2246
1263900 2249
1263910 2252
1263920 2256
1263930 2262
1263940 2270
1263950 2277
1263960 2283
1263970 2288
1263980 2291
1263990 2290
1264000 2290
1264010 2290
1264020 2293
1264030 2298
1264040 2303
1264050 2307
1264060 2312
1264070 2315
1264080 2315
1264090 2313
1264100 2329
1264110 2346
1264120 2357
1264130 2375
1264140 2389
1264150 2397
1264160 2402
1264170 2408
1264180 2413
1264190 2420
1264200 2429
1264210 2439
1264220 2444
1264230 2445
1264240 2444
1264250 2441
1264260 2438
1264270 2434
1264280 2430
1264290 2426
1264300 2421
1264310 2417
1264320 2414
1264330 2412
1264340 2408
1264350 2405
1264360 2402
1264370 2400
1264380 2400
1264390 2399
1264400 2400
1264410 2401
1264420 2402
1264430 2402
1264440 2401
1264450 2395
1264460 2387
1264470 2383
1264480 2371
1264490 2357
1264500 2345
1264510 2339
1264520 2336
1264530 2334
1264540 2334
1264550 2334
1264560 2334
1264570 2334
1264580 2333
1264590 2332
1264600 2332
1264610 2332
1264620 2332
1264630 2332
1264640 2331
1264650 2331
1264660 2331
1264670 2333
1264680 2334
1264690 2337
1264700 2340
1264710 2347
1264720 2360
1264730 2368
1264740 2374
1264750 2378
1264760 2381
1264770 2379
1264780 2372
1264790 2368
1264800 2365
1264810 2362
1264820 2360
1264830 2358
1264840 2355
1264850 2351
1264860 2348
1264870 2344
1264880 2341
1264890 2340
1264900 2338
1264910 2336
1264920 2334
1264930 2331
1264940 2328
1264950 2324
1264960 2320
1264970 2315
1264980 2310
1264990 2305
1265000 2299
1265010 2293
1265020 2287
1265030 2281
1265040 2274
1265050 2268
1265060 2262
1265070 2256
1265080 2250
1265090 2244
1265100 2238
1265110 2232
1265120 2226
1265130 2220
1265140 2213
1265150 2207
1265160 2202
1265170 2197
1265180 2192
1265190 2188
1265200 2183
1265210 2178
1265220 2172
1265230 2167
1265240 2163
1265250 2159
1265260 2154
1265270 2149
1265280 2143
1265290 2138
1265300 2133
1265310 2127
1265320 2122
1265330 2117
1265340 2112
1265350 2107
1265360 2099
1265370 2092
1265380 2086
1265390 2080
1265400 2075
1265410 2070
1265420 2067
1265430 2063
1265440 2060
1265450 2057
1265460 2053
1265470 2049
1265480 2045
1265490 2041
1265500 2037
1265510 2033
1265520 2029
1265530 2024
1265540 2020
1265550 2016
1265560 2012
1265570 2008
1265580 2005
1265590 2001
1265600 1997
1265610 1994
1265620 1990
1265630 1987
1265640 1983
1265650 1979
1265660 1975
1265670 1970
1265680 1967
1265690 1965
1265700 1962
1265710 1960
1265720 1958
1265730 1956
1265740 1954
1265750 1953
1265760 1952
1265770 1952
1265780 1953
1265790 1955
1265800 1957
1265810 1960
1265820 1964
1265830 1967
1265840 1970
1265850 1974
1265860 1976
1265870 1978
1265880 1978
1265890 1977
1265900 1976
1265910 1974
1265920 1972
1265930 1972
1265940 1971
1265950 1969
1265960 1968
1265970 1968
1265980 1970
1265990 1971
1266000 1973
1266010 1974
1266020 1974
1266030 1975
1266040 1976
1266050 1975
1266060 1972
1266070 1969
1266080 1963
1266090 1958
1266100 1952
1266110 1942
1266120 1936
1266130 1931
1266140 1923
1266150 1922
1266160 1924
1266170 1931
1266180 1936
1266190 1942
1266200 1954
1266210 1983
1266220 2003
1266230 2011
1266240 2008
1266250 2005
1266260 2001
1266270 1993
1266280 1989
1266290 1988
1266300 1989
1266310 1990
1266320 1990
1266330 1991
1266340 1992
1266350 1993
1266360 1993
1266370 1993
1266380 1994
1266390 1999
1266400 1999
1266410 1998
1266420 1999
1266430 2003
1266440 2007
1266450 2010
1266460 2013
1266470 2017
1266480 2021
1266490 2025
1266500 2029
1266510 2033
1266520 2037
1266530 2041
1266540 2045
1266550 2048
1266560 2051
1266570 2060
1266580 2078
1266590 2088
1266600 2095
1266610 2100
1266620 2106
1266630 2111
1266640 2114
1266650 2118
1266660 2122
1266670 2126
1266680 2130
1266690 2134
1266700 2138
1266710 2141
1266720 2145
1266730 2149
1266740 2153
1266750 2157
1266760 2161
1266770 2164
1266780 2167
1266790 2170
1266800 2172
1266810 2175
1266820 2179
1266830 2186
1266840 2200
1266850 2213
1266860 2226
1266870 2233
1266880 2240
1266890 2247
1266900 2253
1266910 2260
1266920 2267
1266930 2275
1266940 2282
1266950 2288
1266960 2296
1266970 2303
1266980 2310
1266990 2316
1267000 2324
1267010 2331
1267020 2338
1267030 2347
1267040 2353
1267050 2358
1267060 2363
1267070 2368
1267080 2373
1267090 2376
1267100 2380
1267110 2384
1267120 2389
1267130 2394
1267140 2399
1267150 2404
1267160 2411
1267170 2419
1267180 2429
1267190 2437
1267200 2442
1267210 2444
1267220 2448
1267230 2453
1267240 2456
1267250 2456
1267260 2456
1267270 2455
1267280 2455
1267290 2455
1267300 2455
1267310 2454
1267320 2453
1267330 2452
1267340 2449
1267350 2446
1267360 2443
1267370 2439
1267380 2435
1267390 2432
1267400 2430
1267410 2427
1267420 2424
1267430 2421
1267440 2419
1267450 2416
1267460 2414
1267470 2412
1267480 2410
1267490 2408
1267500 2405
1267510 2403
1267520 2400
1267530 2397
1267540 2395
1267550 2393
1267560 2390
1267570 2388
1267580 2385
1267590 2382
1267600 2380
1267610 2378
1267620 2376
1267630 2374
1267640 2372
1267650 2370
1267660 2368
1267670 2366
1267680 2364
1267690 2361
1267700 2358
1267710 2353
1267720 2348
1267730 2345
1267740 2344
1267750 2343
1267760 2342
1267770 2340
1267780 2339
1267790 2337
1267800 2335
1267810 2333
1267820 2333
1267830 2332
1267840 2330
1267850 2328
1267860 2326
1267870 2325
1267880 2325
1267890 2324
1267900 2324
1267910 2323
1267920 2322
1267930 2321
1267940 2319
1267950 2317
1267960 2316
1267970 2315
1267980 2314
1267990 2313
1268000 2314
1268010 2314
1268020 2314
1268030 2313
1268040 2313
1268050 2312
1268060 2312
1268070 2313
1268080 2313
1268090 2312
1268100 2313
1268110 2314
1268120 2314
1268130 2314
1268140 2312
1268150 2309
1268160 2307
1268170 2305
1268180 2303
1268190 2302
1268200 2302
1268210 2301
1268220 2299
1268230 2295
1268240 2290
1268250 2286
1268260 2280
1268270 2275
1268280 2269
1268290 2264
1268300 2260
1268310 2256
1268320 2252
1268330 2248
1268340 2244
1268350 2241
1268360 2237
1268370 2233
1268380 2229
1268390 2225
1268400 2221
1268410 2216
1268420 2213
1268430 2209
1268440 2206
1268450 2203
1268460 2201
1268470 2199
1268480 2196
1268490 2193
1268500 2189
1268510 2186
1268520 2184
1268530 2181
1268540 2179
1268550 2177
1268560 2175
1268570 2173
1268580 2170
1268590 2166
1268600 2162
1268610 2159
1268620 2155
1268630 2152
1268640 2148
1268650 2145
1268660 2142
1268670 2140
1268680 2138
1268690 2136
1268700 2134
1268710 2132
1268720 2130
1268730 2128
1268740 2126
1268750 2124
1268760 2121
1268770 2118
1268780 2115
1268790 2112
1268800 2109
1268810 2105
1268820 2102
1268830 2098
1268840 2096
1268850 2094
1268860 2091
1268870 2089
1268880 2086
1268890 2083
1268900 2081
1268910 2079
1268920 2078
1268930 2076
1268940 2074
1268950 2073
1268960 2073
1268970 2073
1268980 2072
1268990 2071
1269000 2070
1269010 2068
1269020 2067
1269030 2066
1269040 2065
1269050 2064
1269060 2063
1269070 2062
1269080 2061
1269090 2059
1269100 2058
1269110 2056
1269120 2055
1269130 2054
1269140 2053
1269150 2052
1269160 2052
1269170 2050
1269180 2048
1269190 2046
1269200 2044
1269210 2040
1269220 2036
1269230 2033
1269240 2029
1269250 2027
1269260 2025
1269270 2024
1269280 2022
1269290 2020
1269300 2018
1269310 2016
1269320 2014
1269330 2013
1269340 2012
1269350 2011
1269360 2009
1269370 2008
1269380 2007
1269390 2003
1269400 2002
1269410 2002
1269420 2003
1269430 2003
1269440 2003
1269450 2004
1269460 2003
1269470 2003
1269480 2003
1269490 2002
1269500 2002
1269510 2001
1269520 1999
1269530 1998
1269540 1997
1269550 1997
1269560 1996
1269570 1995
1269580 1994
1269590 1993
1269600 1992
1269610 1990
1269620 1988
1269630 1984
1269640 1982
1269650 1982
1269660 1981
1269670 1980
1269680 1979
1269690 1978
1269700 1977
1269710 1977
1269720 1976
1269730 1975
1269740 1975
1269750 1973
1269760 1971
1269770 1968
1269780 1965
1269790 1963
1269800 1964
1269810 1965
1269820 1965
1269830 1966
1269840 1966
1269850 1966
1269860 1963
1269870 1962
1269880 1960
1269890 1959
1269900 1959
1269910 1958
1269920 1958
1269930 1958
1269940 1959
1269950 1958
1269960 1959
1269970 1958
1269980 1958
1269990 1958
1270000 1957
1270010 1956
1270020 1954
1270030 1953
1270040 1952
1270050 1950
1270060 1949
1270070 1948
1270080 1947
1270090 1946
1270100 1946
1270110 1945
1270120 1945
1270130 1945
1270140 1945
1270150 1945
1270160 1944
1270170 1943
1270180 1941
1270190 1940
1270200 1938
1270210 1936
1270220 1934
1270230 1932
1270240 1930
1270250 1929
1270260 1927
1270270 1926
1270280 1924
1270290 1922
1270300 1920
1270310 1917
1270320 1915
1270330 1912
1270340 1910
1270350 1907
1270360 1905
1270370 1903
1270380 1901
1270390 1900
1270400 1899
1270410 1898
1270420 1898
1270430 1897
1270440 1897
1270450 1896
1270460 1896
1270470 1895
1270480 1895
1270490 1893
1270500 1892
1270510 1892
1270520 1891
1270530 1890
1270540 1888
1270550 1887
1270560 1883
1270570 1881
1270580 1878
1270590 1876
1270600 1874
1270610 1873
1270620 1871
1270630 1870
1270640 1870
1270650 1870
1270660 1869
1270670 1867
1270680 1864
1270690 1862
1270700 1860
1270710 1859
1270720 1858
1270730 1857
1270740 1856
1270750 1856
1270760 1855
1270770 1854
1270780 1852
1270790 1849
1270800 1846
1270810 1843
1270820 1844
1270830 1846
1270840 1847
1270850 1847
1270860 1847
1270870 1845
1270880 1843
1270890 1842
1270900 1840
1270910 1838
1270920 1836
1270930 1835
1270940 1833
1270950 1832
1270960 1830
1270970 1829
1270980 1828
1270990 1827
1271000 1827
1271010 1827
1271020 1826
1271030 1824
1271040 1823
1271050 1820
1271060 1818
1271070 1816
1271080 1813
1271090 1812
1271100 1810
1271110 1809
1271120 1808
1271130 1807
1271140 1807
1271150 1806
1271160 1805
1271170 1804
1271180 1804
1271190 1803
1271200 1802
1271210 1802
1271220 1801
1271230 1799
1271240 1798
1271250 1797
1271260 1797
1271270 1796
1271280 1795
1271290 1794
1271300 1793
1271310 1793
1271320 1792
1271330 1792
1271340 1791
1271350 1790
1271360 1789
1271370 1789
1271380 1788
1271390 1787
1271400 1785
1271410 1782
1271420 1780
1271430 1779
1271440 1778
1271450 1777
1271460 1776
1271470 1774
1271480 1773
1271490 1772
1271500 1771
1271510 1770
1271520 1769
1271530 1768
1271540 1766
1271550 1765
1271560 1764
1271570 1763
1271580 1761
1271590 1760
1271600 1758
1271610 1757
1271620 1756
1271630 1755
1271640 1753
1271650 1751
1271660 1751
1271670 1750
1271680 1749
1271690 1748
1271700 1747
1271710 1746
1271720 1745
1271730 1745
1271740 1745
1271750 1744
1271760 1743
1271770 1743
1271780 1742
1271790 1741
1271800 1740
1271810 1739
1271820 1739
1271830 1738
1271840 1737
1271850 1736
1271860 1734
1271870 1733
1271880 1732
1271890 1731
1271900 1730
1271910 1729
1271920 1728
1271930 1727
1271940 1725
1271950 1724
1271960 1723
1271970 1722
1271980 1720
1271990 1719
1272000 1717
1272010 1716
1272020 1715
1272030 1714
1272040 1713
1272050 1713
1272060 1712
1272070 1712
1272080 1712
1272090 1711
1272100 1710
1272110 1710
1272120 1710
1272130 1709
1272140 1709
1272150 1709
1272160 1708
1272170 1707
1272180 1705
1272190 1704
1272200 1701
1272210 1699
1272220 1698
1272230 1697
1272240 1695
1272250 1694
1272260 1693
1272270 1691
1272280 1689
1272290 1687
1272300 1686
1272310 1684
1272320 1682
1272330 1680
1272340 1678
1272350 1677
1272360 1675
1272370 1674
1272380 1673
1272390 1671
1272400 1669
1272410 1666
1272420 1664
1272430 1662
1272440 1659
1272450 1654
1272460 1651
1272470 1648
1272480 1646
1272490 1644
1272500 1643
1272510 1643
1272520 1642
1272530 1641
1272540 1641
1272550 1640
1272560 1640
1272570 1639
1272580 1639
1272590 1640
1272600 1640
1272610 1639
1272620 1638
1272630 1637
1272640 1636
1272650 1635
1272660 1634
1272670 1632
1272680 1631
1272690 1628
1272700 1626
1272710 1623
1272720 1620
1272730 1617
1272740 1615
1272750 1612
1272760 1609
1272770 1605
1272780 1602
1272790 1600
1272800 1595
1272810 1594
1272820 1597
1272830 1602
1272840 1607
1272850 1613
1272860 1616
1272870 1618
1272880 1618
1272890 1618
1272900 1616
1272910 1613
1272920 1609
1272930 1606
1272940 1604
1272950 1602
1272960 1601
1272970 1600
1272980 1600
1272990 1599
1273000 1598
1273010 1598
1273020 1598
1273030 1598
1273040 1598
1273050 1598
1273060 1597
1273070 1597
1273080 1597
1273090 1597
1273100 1597
1273110 1597
1273120 1597
1273130 1597
1273140 1596
1273150 1596
1273160 1596
1273170 1595
1273180 1593
1273190 1592
1273200 1591
1273210 1591
1273220 1591
1273230 1591
1273240 1590
1273250 1589
1273260 1588
1273270 1586
1273280 1586
1273290 1586
1273300 1585
1273310 1583
1273320 1580
1273330 1578
1273340 1576
1273350 1574
1273360 1572
1273370 1572
1273380 1572
1273390 1570
1273400 1568
1273410 1568
1273420 1570
1273430 1571
1273440 1571
1273450 1570
1273460 1569
1273470 1568
1273480 1566
1273490 1563
1273500 1561
1273510 1559
1273520 1559
1273530 1558
1273540 1558
1273550 1558
1273560 1557
1273570 1556
1273580 1555
1273590 1554
1273600 1553
1273610 1552
1273620 1551
1273630 1551
1273640 1550
1273650 1549
1273660 1548
1273670 1547
1273680 1547
1273690 1546
1273700 1545
1273710 1544
1273720 1543
1273730 1541
1273740 1540
1273750 1538
1273760 1536
1273770 1533
1273780 1531
1273790 1529
1273800 1527
1273810 1526
1273820 1524
1273830 1522
1273840 1518
1273850 1519
1273860 1523
1273870 1523
1273880 1522
1273890 1520
1273900 1520
1273910 1519
1273920 1517
1273930 1514
1273940 1511
1273950 1509
1273960 1507
1273970 1506
1273980 1506
1273990 1506
1274000 1506
1274010 1506
1274020 1505
1274030 1504
1274040 1503
1274050 1502
1274060 1500
1274070 1499
1274080 1497
1274090 1495
1274100 1493
1274110 1491
1274120 1489
1274130 1489
1274140 1488
1274150 1488
1274160 1485
1274170 1482
1274180 1480
1274190 1478
1274200 1476
1274210 1473
1274220 1470
1274230 1467
1274240 1464
1274250 1461
1274260 1458
1274270 1456
1274280 1456
1274290 1456
1274300 1457
1274310 1458
1274320 1457
1274330 1456
1274340 1455
1274350 1453
1274360 1452
1274370 1450
1274380 1449
1274390 1447
1274400 1445
1274410 1444
1274420 1443
1274430 1442
1274440 1441
1274450 1441
1274460 1440
1274470 1439
1274480 1439
1274490 1438
1274500 1438
1274510 1437
1274520 1436
1274530 1436
1274540 1435
1274550 1435
1274560 1434
1274570 1433
1274580 1432
1274590 1431
1274600 1429
1274610 1428
1274620 1426
1274630 1425
1274640 1424
1274650 1424
1274660 1422
1274670 1421
1274680 1420
1274690 1419
1274700 1417
1274710 1415
1274720 1412
1274730 1411
1274740 1410
1274750 1407
1274760 1404
1274770 1401
1274780 1399
1274790 1397
1274800 1395
1274810 1393
1274820 1390
1274830 1387
1274840 1384
1274850 1382
1274860 1380
1274870 1377
1274880 1375
1274890 1373
1274900 1371
1274910 1370
1274920 1369
1274930 1368
1274940 1367
1274950 1365
1274960 1364
1274970 1363
1274980 1362
1274990 1361
1275000 1360
1275010 1358
1275020 1357
1275030 1355
1275040 1354
1275050 1354
1275060 1353
1275070 1352
1275080 1350
1275090 1348
1275100 1346
1275110 1344
1275120 1342
1275130 1340
1275140 1338
1275150 1337
1275160 1336
1275170 1335
1275180 1334
1275190 1333
1275200 1332
1275210 1331
1275220 1329
1275230 1328
1275240 1326
1275250 1325
1275260 1324
1275270 1323
1275280 1321
1275290 1321
1275300 1321
1275310 1321
1275320 1322
1275330 1321
1275340 1321
1275350 1321
1275360 1321
1275370 1321
1275380 1322
1275390 1323
1275400 1324
1275410 1323
1275420 1323
1275430 1321
1275440 1320
1275450 1319
1275460 1318
1275470 1318
1275480 1318
1275490 1318
1275500 1318
1275510 1318
1275520 1318
1275530 1318
1275540 1318
1275550 1318
1275560 1317
1275570 1317
1275580 1316
1275590 1316
1275600 1315
1275610 1313
1275620 1312
1275630 1311
1275640 1310
1275650 1309
1275660 1308
1275670 1307
1275680 1306
1275690 1305
1275700 1303
1275710 1302
1275720 1300
1275730 1298
1275740 1297
1275750 1295
1275760 1294
1275770 1292
1275780 1290
1275790 1289
1275800 1288
1275810 1287
1275820 1286
1275830 1285
1275840 1283
1275850 1281
1275860 1278
1275870 1275
1275880 1273
1275890 1271
1275900 1269
1275910 1267
1275920 1264
1275930 1261
1275940 1258
1275950 1255
1275960 1252
1275970 1249
1275980 1247
1275990 1247
1276000 1247
1276010 1247
1276020 1247
1276030 1246
1276040 1247
1276050 1247
1276060 1247
1276070 1248
1276080 1248
1276090 1249
1276100 1249
1276110 1249
1276120 1249
1276130 1249
1276140 1250
1276150 1250
1276160 1251
1276170 1252
1276180 1254
1276190 1255
1276200 1258
1276210 1261
1276220 1264
1276230 1268
1276240 1271
1276250 1275
1276260 1279
1276270 1281
1276280 1283
1276290 1285
1276300 1286
1276310 1286
1276320 1286
1276330 1287
1276340 1288
1276350 1291
1276360 1295
1276370 1298
1276380 1301
1276390 1303
1276400 1305
1276410 1307
1276420 1309
1276430 1311
1276440 1314
1276450 1318
1276460 1320
1276470 1321
1276480 1323
1276490 1324
1276500 1325
1276510 1328
1276520 1332
1276530 1335
1276540 1338
1276550 1340
1276560 1343
1276570 1347
1276580 1351
1276590 1354
1276600 1357
1276610 1360
1276620 1362
1276630 1362
1276640 1361
1276650 1361
1276660 1363
1276670 1366
1276680 1370
1276690 1373
1276700 1374
1276710 1376
1276720 1377
1276730 1377
1276740 1378
1276750 1379
1276760 1379
1276770 1380
1276780 1382
1276790 1383
1276800 1384
1276810 1385
1276820 1385
1276830 1386
1276840 1386
1276850 1386
1276860 1385
1276870 1389
1276880 1393
1276890 1397
1276900 1402
1276910 1406
1276920 1408
1276930 1410
1276940 1411
1276950 1411
1276960 1414
1276970 1415
1276980 1416
1276990 1417
1277000 1418
1277010 1419
1277020 1419
1277030 1421
1277040 1423
1277050 1426
1277060 1427
1277070 1429
1277080 1432
1277090 1435
1277100 1438
1277110 1440
1277120 1441
1277130 1442
1277140 1443
1277150 1445
1277160 1446
1277170 1448
1277180 1449
1277190 1451
1277200 1452
1277210 1453
1277220 1455
1277230 1456
1277240 1457
1277250 1457
1277260 1457
1277270 1456
1277280 1455
1277290 1454
1277300 1455
1277310 1455
1277320 1455
1277330 1455
1277340 1456
1277350 1456
1277360 1458
1277370 1459
1277380 1459
1277390 1460
1277400 1461
1277410 1461
1277420 1461
1277430 1462
1277440 1462
1277450 1462
1277460 1462
1277470 1462
1277480 1463
1277490 1463
1277500 1464
1277510 1464
1277520 1464
1277530 1464
1277540 1463
1277550 1463
1277560 1464
1277570 1466
1277580 1468
1277590 1470
1277600 1472
1277610 1474
1277620 1475
1277630 1477
1277640 1478
1277650 1481
1277660 1484
1277670 1487
1277680 1487
1277690 1488
1277700 1488
1277710 1490
1277720 1490
1277730 1490
1277740 1489
1277750 1488
1277760 1487
1277770 1487
1277780 1485
1277790 1484
1277800 1482
1277810 1480
1277820 1478
1277830 1476
1277840 1474
1277850 1470
1277860 1467
1277870 1465
1277880 1463
1277890 1460
1277900 1457
1277910 1455
1277920 1453
1277930 1452
1277940 1449
1277950 1447
1277960 1444
1277970 1441
1277980 1441
1277990 1441
1278000 1438
1278010 1435
1278020 1431
1278030 1429
1278040 1429
1278050 1431
1278060 1433
1278070 1432
1278080 1429
1278090 1425
1278100 1422
1278110 1419
1278120 1419
1278130 1417
1278140 1415
1278150 1414
1278160 1411
1278170 1406
1278180 1401
1278190 1404
1278200 1408
1278210 1413
1278220 1414
1278230 1414
1278240 1415
1278250 1415
1278260 1415
1278270 1414
1278280 1413
1278290 1411
1278300 1410
1278310 1410
1278320 1411
1278330 1411
1278340 1410
1278350 1410
1278360 1408
1278370 1405
1278380 1406
1278390 1407
1278400 1410
1278410 1413
1278420 1415
1278430 1417
1278440 1418
1278450 1419
1278460 1421
1278470 1423
1278480 1425
1278490 1427
1278500 1429
1278510 1430
1278520 1431
1278530 1432
1278540 1434
1278550 1435
1278560 1436
1278570 1437
1278580 1438
1278590 1439
1278600 1440
1278610 1442
1278620 1443
1278630 1443
1278640 1444
1278650 1444
1278660 1445
1278670 1444
1278680 1444
1278690 1443
1278700 1443
1278710 1442
1278720 1442
1278730 1443
1278740 1443
1278750 1444
1278760 1444
1278770 1445
1278780 1445
1278790 1447
1278800 1448
1278810 1449
1278820 1449
1278830 1448
1278840 1445
1278850 1444
1278860 1437
1278870 1428
1278880 1422
1278890 1417
1278900 1412
1278910 1408
1278920 1404
1278930 1400
1278940 1397
1278950 1395
1278960 1392
1278970 1389
1278980 1386
1278990 1383
1279000 1379
1279010 1376
1279020 1372
1279030 1368
1279040 1364
1279050 1360
1279060 1356
1279070 1352
1279080 1349
1279090 1346
1279100 1343
1279110 1340
1279120 1336
1279130 1332
1279140 1329
1279150 1328
1279160 1328
1279170 1325
1279180 1321
1279190 1318
1279200 1313
1279210 1306
1279220 1298
1279230 1294
1279240 1289
1279250 1285
1279260 1280
1279270 1275
1279280 1271
1279290 1267
1279300 1264
1279310 1262
1279320 1261
1279330 1259
1279340 1258
1279350 1256
1279360 1254
1279370 1253
1279380 1252
1279390 1250
1279400 1247
1279410 1245
1279420 1243
1279430 1241
1279440 1239
1279450 1237
1279460 1235
1279470 1232
1279480 1230
1279490 1228
1279500 1227
1279510 1226
1279520 1226
1279530 1225
1279540 1224
1279550 1224
1279560 1224
1279570 1223
1279580 1223
1279590 1223
1279600 1223
1279610 1223
1279620 1223
1279630 1223
1279640 1223
1279650 1222
1279660 1222
1279670 1223
1279680 1223
1279690 1224
1279700 1223
1279710 1223
1279720 1223
1279730 1223
1279740 1223
1279750 1224
1279760 1224
1279770 1224
1279780 1226
1279790 1227
1279800 1229
1279810 1230
1279820 1231
1279830 1232
1279840 1233
1279850 1234
1279860 1234
1279870 1235
1279880 1235
1279890 1236
1279900 1237
1279910 1237
1279920 1238
1279930 1238
1279940 1238
1279950 1238
1279960 1238
1279970 1238
1279980 1238
1279990 1238
