1260000 2381
1260010 2376
1260020 2371
1260030 2366
1260040 2360
1260050 2351
1260060 2343
1260070 2336
1260080 2334
1260090 2331
1260100 2327
1260110 2319
1260120 2313
1260130 2309
1260140 2304
1260150 2303
1260160 2303
1260170 2301
1260180 2300
1260190 2300
1260200 2302
1260210 2301
1260220 2298
1260230 2291
1260240 2285
1260250 2278
1260260 2272
1260270 2265
1260280 2260
1260290 2255
1260300 2250
1260310 2244
1260320 2239
1260330 2234
1260340 2228
1260350 2223
1260360 2217
1260370 2211
1260380 2205
1260390 2199
1260400 2194
1260410 2186
1260420 2176
1260430 2168
1260440 2161
1260450 2155
1260460 2149
1260470 2143
1260480 2137
1260490 2133
1260500 2128
1260510 2123
1260520 2117
1260530 2112
1260540 2105
1260550 2100
1260560 2094
1260570 2089
1260580 2083
1260590 2077
1260600 2072
1260610 2066
1260620 2060
1260630 2055
1260640 2049
1260650 2042
1260660 2035
1260670 2030
1260680 2025
1260690 2020
1260700 2016
1260710 2010
1260720 2003
1260730 1996
1260740 1990
1260750 1984
1260760 1979
1260770 1972
1260780 1967
1260790 1963
1260800 1959
1260810 1954
1260820 1949
1260830 1943
1260840 1939
1260850 1933
1260860 1927
1260870 1922
1260880 1916
1260890 1910
1260900 1901
1260910 1893
1260920 1887
1260930 1884
1260940 1879
1260950 1874
1260960 1868
1260970 1863
1260980 1859
1260990 1854
1261000 1850
1261010 1846
1261020 1841
1261030 1839
1261040 1837
1261050 1836
1261060 1834
1261070 1831
1261080 1828
1261090 1825
1261100 1823
1261110 1820
1261120 1817
1261130 1815
1261140 1814
1261150 1812
1261160 1811
1261170 1809
1261180 1807
1261190 1804
1261200 1799
1261210 1795
1261220 1790
1261230 1785
1261240 1780
1261250 1776
1261260 1772
1261270 1768
1261280 1764
1261290 1760
1261300 1756
1261310 1753
1261320 1749
1261330 1745
1261340 1742
1261350 1737
1261360 1733
1261370 1729
1261380 1725
1261390 1721
1261400 1717
1261410 1713
1261420 1709
1261430 1706
1261440 1702
1261450 1699
1261460 1695
1261470 1691
1261480 1687
1261490 1684
1261500 1679
1261510 1674
1261520 1669
1261530 1664
1261540 1660
1261550 1656
1261560 1652
1261570 1649
1261580 1645
1261590 1641
1261600 1637
1261610 1632
1261620 1627
1261630 1622
1261640 1617
1261650 1612
1261660 1607
1261670 1602
1261680 1597
1261690 1591
1261700 1586
1261710 1581
1261720 1575
1261730 1570
1261740 1566
1261750 1561
1261760 1556
1261770 1552
1261780 1547
1261790 1543
1261800 1539
1261810 1535
1261820 1531
1261830 1528
1261840 1524
1261850 1520
1261860 1516
1261870 1513
1261880 1509
1261890 1505
1261900 1500
1261910 1495
1261920 1490
1261930 1486
1261940 1481
1261950 1476
1261960 1471
1261970 1468
1261980 1465
1261990 1462
1262000 1458
1262010 1455
1262020 1452
1262030 1449
1262040 1447
1262050 1445
1262060 1443
1262070 1441
1262080 1439
1262090 1436
1262100 1434
1262110 1431
1262120 1429
1262130 1425
1262140 1423
1262150 1421
1262160 1418
1262170 1415
1262180 1413
1262190 1411
1262200 1409
1262210 1408
1262220 1408
1262230 1408
1262240 1409
1262250 1410
1262260 1411
1262270 1411
1262280 1412
1262290 1412
1262300 1411
1262310 1409
1262320 1405
1262330 1401
1262340 1397
1262350 1393
1262360 1388
1262370 1384
1262380 1379
1262390 1374
1262400 1370
1262410 1365
1262420 1360
1262430 1355
1262440 1350
1262450 1346
1262460 1343
1262470 1341
1262480 1339
1262490 1337
1262500 1335
1262510 1333
1262520 1331
1262530 1328
1262540 1325
1262550 1323
1262560 1322
1262570 1323
1262580 1322
1262590 1321
1262600 1322
1262610 1322
1262620 1321
1262630 1320
1262640 1320
1262650 1320
1262660 1319
1262670 1318
1262680 1317
1262690 1315
1262700 1314
1262710 1312
1262720 1311
1262730 1310
1262740 1307
1262750 1304
1262760 1303
1262770 1302
1262780 1301
1262790 1300
1262800 1298
1262810 1297
1262820 1296
1262830 1294
1262840 1293
1262850 1292
1262860 1291
1262870 1291
1262880 1290
1262890 1288
1262900 1287
1262910 1287
1262920 1285
1262930 1283
1262940 1281
1262950 1280
1262960 1278
1262970 1277
1262980 1275
1262990 1274
1263000 1272
1263010 1271
1263020 1269
1263030 1267
1263040 1266
1263050 1265
1263060 1264
1263070 1263
1263080 1262
1263090 1261
1263100 1260
1263110 1259
1263120 1258
1263130 1257
1263140 1256
1263150 1255
1263160 1254
1263170 1253
1263180 1252
1263190 1251
1263200 1253
1263210 1253
1263220 1252
1263230 1248
1263240 1246
1263250 1245
1263260 1244
1263270 1244
1263280 1243
1263290 1243
1263300 1242
1263310 1242
1263320 1242
1263330 1242
1263340 1242
1263350 1241
1263360 1241
1263370 1241
1263380 1241
1263390 1241
1263400 1240
1263410 1240
1263420 1241
1263430 1241
1263440 1241
1263450 1240
1263460 1240
1263470 1240
1263480 1240
1263490 1240
1263500 1240
1263510 1240
1263520 1240
1263530 1240
1263540 1240
1263550 1240
1263560 1240
1263570 1240
1263580 1240
1263590 1240
1263600 1240
1263610 1240
1263620 1240
1263630 1240
1263640 1240
1263650 1240
1263660 1240
1263670 1240
1263680 1240
1263690 1240
1263700 1240
1263710 1240
1263720 1241
1263730 1242
1263740 1243
1263750 1244
1263760 1245
1263770 1245
1263780 1246
1263790 1247
1263800 1249
1263810 1251
1263820 1252
1263830 1255
1263840 1257
1263850 1259
1263860 1260
1263870 1261
1263880 1263
1263890 1265
1263900 1268
1263910 1270
1263920 1272
1263930 1273
1263940 1274
1263950 1276
1263960 1275
1263970 1275
1263980 1276
1263990 1278
1264000 1281
1264010 1283
1264020 1286
1264030 1288
1264040 1290
1264050 1293
1264060 1295
1264070 1296
1264080 1297
1264090 1298
1264100 1299
1264110 1299
1264120 1298
1264130 1298
1264140 1299
1264150 1300
1264160 1301
1264170 1302
1264180 1303
1264190 1304
1264200 1306
1264210 1309
1264220 1312
1264230 1314
1264240 1317
1264250 1319
1264260 1321
1264270 1324
1264280 1326
1264290 1329
1264300 1332
1264310 1334
1264320 1336
1264330 1337
1264340 1337
1264350 1338
1264360 1340
1264370 1341
1264380 1344
1264390 1346
1264400 1348
1264410 1350
1264420 1352
1264430 1354
1264440 1355
1264450 1356
1264460 1358
1264470 1358
1264480 1357
1264490 1355
1264500 1355
1264510 1355
1264520 1355
1264530 1356
1264540 1357
1264550 1358
1264560 1359
1264570 1359
1264580 1358
1264590 1361
1264600 1363
1264610 1365
1264620 1366
1264630 1367
1264640 1368
1264650 1369
1264660 1371
1264670 1373
1264680 1376
1264690 1378
1264700 1380
1264710 1382
1264720 1384
1264730 1387
1264740 1389
1264750 1391
1264760 1393
1264770 1395
1264780 1397
1264790 1399
1264800 1401
1264810 1401
1264820 1402
1264830 1402
1264840 1403
1264850 1405
1264860 1407
1264870 1411
1264880 1414
1264890 1418
1264900 1421
1264910 1426
1264920 1430
1264930 1434
1264940 1437
1264950 1441
1264960 1445
1264970 1448
1264980 1451
1264990 1453
1265000 1456
1265010 1460
1265020 1462
1265030 1463
1265040 1463
1265050 1464
1265060 1465
1265070 1466
1265080 1467
1265090 1469
1265100 1471
1265110 1472
1265120 1473
1265130 1473
1265140 1475
1265150 1483
1265160 1489
1265170 1493
1265180 1493
1265190 1497
1265200 1498
1265210 1494
1265220 1499
1265230 1504
1265240 1505
1265250 1507
1265260 1508
1265270 1510
1265280 1511
1265290 1512
1265300 1513
1265310 1526
1265320 1538
1265330 1547
1265340 1547
1265350 1551
1265360 1554
1265370 1554
1265380 1558
1265390 1562
1265400 1565
1265410 1565
1265420 1563
1265430 1560
1265440 1556
1265450 1564
1265460 1586
1265470 1584
1265480 1573
1265490 1556
1265500 1558
1265510 1556
1265520 1553
1265530 1555
1265540 1558
1265550 1559
1265560 1553
1265570 1548
1265580 1542
1265590 1536
1265600 1530
1265610 1526
1265620 1521
1265630 1515
1265640 1510
1265650 1505
1265660 1501
1265670 1495
1265680 1488
1265690 1487
1265700 1486
1265710 1485
1265720 1482
1265730 1479
1265740 1476
1265750 1474
1265760 1474
1265770 1474
1265780 1474
1265790 1474
1265800 1475
1265810 1475
1265820 1475
1265830 1473
1265840 1471
1265850 1467
1265860 1463
1265870 1458
1265880 1454
1265890 1449
1265900 1445
1265910 1443
1265920 1442
1265930 1441
1265940 1440
1265950 1440
1265960 1439
1265970 1437
1265980 1435
1265990 1433
1266000 1432
1266010 1429
1266020 1425
1266030 1421
1266040 1417
1266050 1414
1266060 1410
1266070 1406
1266080 1402
1266090 1400
1266100 1397
1266110 1394
1266120 1391
1266130 1387
1266140 1384
1266150 1383
1266160 1386
1266170 1391
1266180 1397
1266190 1403
1266200 1408
1266210 1414
1266220 1418
1266230 1424
1266240 1428
1266250 1432
1266260 1435
1266270 1439
1266280 1441
1266290 1445
1266300 1449
1266310 1453
1266320 1464
1266330 1473
1266340 1481
1266350 1492
1266360 1517
1266370 1546
1266380 1552
1266390 1559
1266400 1566
1266410 1572
1266420 1577
1266430 1582
1266440 1587
1266450 1591
1266460 1596
1266470 1601
1266480 1606
1266490 1611
1266500 1615
1266510 1619
1266520 1623
1266530 1627
1266540 1633
1266550 1638
1266560 1643
1266570 1650
1266580 1658
1266590 1666
1266600 1671
1266610 1677
1266620 1683
1266630 1693
1266640 1705
1266650 1721
1266660 1743
1266670 1773
1266680 1796
1266690 1807
1266700 1827
1266710 1837
1266720 1836
1266730 1850
1266740 1865
1266750 1883
1266760 1920
1266770 1929
1266780 1921
1266790 1914
1266800 1909
1266810 1903
1266820 1894
1266830 1915
1266840 1939
1266850 1951
1266860 1963
1266870 1972
1266880 1977
1266890 1995
1266900 2010
1266910 2020
1266920 2025
1266930 2032
1266940 2040
1266950 2044
1266960 2051
1266970 2058
1266980 2066
1266990 2074
1267000 2083
1267010 2098
1267020 2106
1267030 2112
1267040 2119
1267050 2123
1267060 2127
1267070 2130
1267080 2133
1267090 2134
1267100 2135
1267110 2134
1267120 2134
1267130 2133
1267140 2132
1267150 2132
1267160 2131
1267170 2130
1267180 2129
1267190 2128
1267200 2127
1267210 2125
1267220 2122
1267230 2120
1267240 2117
1267250 2114
1267260 2112
1267270 2109
1267280 2106
1267290 2102
1267300 2099
1267310 2094
1267320 2090
1267330 2086
1267340 2080
1267350 2071
1267360 2056
1267370 2045
1267380 2038
1267390 2034
1267400 2029
1267410 2024
1267420 2019
1267430 2015
1267440 2010
1267450 2006
1267460 2003
1267470 1999
1267480 1997
1267490 1994
1267500 1991
1267510 1989
1267520 1987
1267530 1984
1267540 1982
1267550 1980
1267560 1979
1267570 1978
1267580 1977
1267590 1977
1267600 1976
1267610 1975
1267620 1975
1267630 1974
1267640 1973
1267650 1972
1267660 1971
1267670 1971
1267680 1970
1267690 1970
1267700 1970
1267710 1970
1267720 1970
1267730 1971
1267740 1972
1267750 1974
1267760 1976
1267770 1978
1267780 1979
1267790 1980
1267800 1980
1267810 1982
1267820 1984
1267830 1985
1267840 1986
1267850 1986
1267860 1987
1267870 1987
1267880 1987
1267890 1989
1267900 1989
1267910 1989
1267920 1988
1267930 1989
1267940 1990
1267950 1991
1267960 1992
1267970 1992
1267980 1992
1267990 1992
1268000 1993
1268010 1995
1268020 1997
1268030 1999
1268040 2001
1268050 2004
1268060 2006
1268070 2007
1268080 2009
1268090 2010
1268100 2012
1268110 2014
1268120 2015
1268130 2017
1268140 2020
1268150 2022
1268160 2024
1268170 2026
1268180 2028
1268190 2031
1268200 2033
1268210 2033
1268220 2035
1268230 2038
1268240 2042
1268250 2046
1268260 2050
1268270 2055
1268280 2059
1268290 2064
1268300 2069
1268310 2073
1268320 2075
1268330 2072
1268340 2071
1268350 2071
1268360 2071
1268370 2067
1268380 2064
1268390 2063
1268400 2066
1268410 2068
1268420 2069
1268430 2066
1268440 2063
1268450 2059
1268460 2057
1268470 2055
1268480 2054
1268490 2052
1268500 2050
1268510 2047
1268520 2046
1268530 2044
1268540 2041
1268550 2037
1268560 2034
1268570 2031
1268580 2027
1268590 2026
1268600 2024
1268610 2021
1268620 2015
1268630 2010
1268640 2005
1268650 2001
1268660 1997
1268670 1993
1268680 1990
1268690 1987
1268700 1984
1268710 1981
1268720 1979
1268730 1977
1268740 1975
1268750 1973
1268760 1970
1268770 1967
1268780 1964
1268790 1961
1268800 1958
1268810 1954
1268820 1950
1268830 1946
1268840 1944
1268850 1942
1268860 1940
1268870 1937
1268880 1935
1268890 1933
1268900 1931
1268910 1931
1268920 1931
1268930 1930
1268940 1926
1268950 1922
1268960 1920
1268970 1917
1268980 1914
1268990 1911
1269000 1906
1269010 1902
1269020 1898
1269030 1894
1269040 1891
1269050 1888
1269060 1885
1269070 1883
1269080 1880
1269090 1876
1269100 1873
1269110 1870
1269120 1866
1269130 1863
1269140 1860
1269150 1858
1269160 1855
1269170 1853
1269180 1850
1269190 1849
1269200 1847
1269210 1844
1269220 1841
1269230 1839
1269240 1837
1269250 1835
1269260 1832
1269270 1830
1269280 1827
1269290 1829
1269300 1832
1269310 1837
1269320 1841
1269330 1843
1269340 1844
1269350 1846
1269360 1846
1269370 1847
1269380 1849
1269390 1851
1269400 1853
1269410 1854
1269420 1856
1269430 1857
1269440 1859
1269450 1861
1269460 1863
1269470 1865
1269480 1867
1269490 1870
1269500 1873
1269510 1876
1269520 1879
1269530 1882
1269540 1885
1269550 1888
1269560 1891
1269570 1894
1269580 1897
1269590 1901
1269600 1905
1269610 1908
1269620 1911
1269630 1915
1269640 1920
1269650 1925
1269660 1930
1269670 1933
1269680 1937
1269690 1941
1269700 1944
1269710 1946
1269720 1949
1269730 1952
1269740 1954
1269750 1956
1269760 1957
1269770 1957
1269780 1959
1269790 1959
1269800 1959
1269810 1962
1269820 1965
1269830 1969
1269840 1970
1269850 1972
1269860 1974
1269870 1976
1269880 1977
1269890 1980
1269900 1983
1269910 1987
1269920 1990
1269930 1993
1269940 1996
1269950 1997
1269960 1999
1269970 2003
1269980 2006
1269990 2008
1270000 2009
1270010 2013
1270020 2017
1270030 2019
1270040 2022
1270050 2025
1270060 2028
1270070 2030
1270080 2032
1270090 2035
1270100 2036
1270110 2038
1270120 2039
1270130 2039
1270140 2040
1270150 2042
1270160 2047
1270170 2050
1270180 2052
1270190 2054
1270200 2057
1270210 2061
1270220 2064
1270230 2067
1270240 2069
1270250 2072
1270260 2074
1270270 2076
1270280 2078
1270290 2081
1270300 2083
1270310 2086
1270320 2088
1270330 2091
1270340 2094
1270350 2096
1270360 2099
1270370 2101
1270380 2103
1270390 2105
1270400 2107
1270410 2108
1270420 2111
1270430 2115
1270440 2119
1270450 2123
1270460 2126
1270470 2128
1270480 2131
1270490 2133
1270500 2136
1270510 2138
1270520 2141
1270530 2144
1270540 2147
1270550 2148
1270560 2150
1270570 2152
1270580 2156
1270590 2159
1270600 2162
1270610 2165
1270620 2168
1270630 2172
1270640 2175
1270650 2178
1270660 2180
1270670 2183
1270680 2187
1270690 2190
1270700 2194
1270710 2197
1270720 2199
1270730 2202
1270740 2205
1270750 2208
1270760 2211
1270770 2214
1270780 2217
1270790 2222
1270800 2227
1270810 2231
1270820 2235
1270830 2237
1270840 2237
1270850 2235
1270860 2233
1270870 2231
1270880 2229
1270890 2227
1270900 2224
1270910 2221
1270920 2220
1270930 2219
1270940 2217
1270950 2216
1270960 2214
1270970 2213
1270980 2212
1270990 2212
1271000 2213
1271010 2215
1271020 2216
1271030 2217
1271040 2216
1271050 2216
1271060 2215
1271070 2215
1271080 2215
1271090 2214
1271100 2214
1271110 2213
1271120 2212
1271130 2209
1271140 2209
1271150 2208
1271160 2207
1271170 2208
1271180 2209
1271190 2210
1271200 2213
1271210 2214
1271220 2215
1271230 2217
1271240 2217
1271250 2216
1271260 2214
1271270 2215
1271280 2216
1271290 2218
1271300 2219
1271310 2219
1271320 2219
1271330 2218
1271340 2218
1271350 2217
1271360 2215
1271370 2214
1271380 2214
1271390 2213
1271400 2213
1271410 2212
1271420 2211
1271430 2210
1271440 2209
1271450 2207
1271460 2203
1271470 2200
1271480 2197
1271490 2195
1271500 2192
1271510 2189
1271520 2187
1271530 2185
1271540 2182
1271550 2180
1271560 2177
1271570 2175
1271580 2174
1271590 2172
1271600 2170
1271610 2169
1271620 2167
1271630 2165
1271640 2163
1271650 2162
1271660 2160
1271670 2158
1271680 2156
1271690 2154
1271700 2151
1271710 2150
1271720 2148
1271730 2147
1271740 2144
1271750 2142
1271760 2140
1271770 2139
1271780 2137
1271790 2135
1271800 2134
1271810 2133
1271820 2132
1271830 2130
1271840 2130
1271850 2129
1271860 2129
1271870 2128
1271880 2127
1271890 2125
1271900 2124
1271910 2123
1271920 2123
1271930 2120
1271940 2118
1271950 2116
1271960 2114
1271970 2113
1271980 2112
1271990 2109
1272000 2107
1272010 2104
1272020 2101
1272030 2099
1272040 2097
1272050 2094
1272060 2093
1272070 2091
1272080 2089
1272090 2087
1272100 2084
1272110 2082
1272120 2079
1272130 2076
1272140 2073
1272150 2072
1272160 2070
1272170 2068
1272180 2066
1272190 2064
1272200 2063
1272210 2061
1272220 2059
1272230 2056
1272240 2055
1272250 2054
1272260 2053
1272270 2051
1272280 2048
1272290 2046
1272300 2045
1272310 2045
1272320 2044
1272330 2043
1272340 2040
1272350 2038
1272360 2035
1272370 2035
1272380 2035
1272390 2036
1272400 2037
1272410 2038
1272420 2039
1272430 2039
1272440 2038
1272450 2036
1272460 2035
1272470 2034
1272480 2034
1272490 2033
1272500 2033
1272510 2032
1272520 2032
1272530 2031
1272540 2031
1272550 2030
1272560 2030
1272570 2029
1272580 2028
1272590 2028
1272600 2028
1272610 2028
1272620 2027
1272630 2025
1272640 2023
1272650 2021
1272660 2020
1272670 2019
1272680 2017
1272690 2016
1272700 2015
1272710 2013
1272720 2012
1272730 2011
1272740 2007
1272750 2005
1272760 2002
1272770 2000
1272780 1999
1272790 1999
1272800 1998
1272810 1996
1272820 1994
1272830 1992
1272840 1990
1272850 1990
1272860 1989
1272870 1988
1272880 1986
1272890 1984
1272900 1983
1272910 1983
1272920 1982
1272930 1980
1272940 1979
1272950 1977
1272960 1976
1272970 1975
1272980 1973
1272990 1972
1273000 1969
1273010 1967
1273020 1964
1273030 1962
1273040 1959
1273050 1957
1273060 1955
1273070 1954
1273080 1954
1273090 1953
1273100 1951
1273110 1950
1273120 1950
1273130 1946
1273140 1943
1273150 1941
1273160 1941
1273170 1940
1273180 1937
1273190 1934
1273200 1932
1273210 1931
1273220 1929
1273230 1928
1273240 1927
1273250 1926
1273260 1925
1273270 1925
1273280 1925
1273290 1924
1273300 1924
1273310 1923
1273320 1921
1273330 1920
1273340 1920
1273350 1919
1273360 1919
1273370 1918
1273380 1918
1273390 1917
1273400 1917
1273410 1916
1273420 1915
1273430 1913
1273440 1912
1273450 1910
1273460 1908
1273470 1907
1273480 1906
1273490 1904
1273500 1903
1273510 1902
1273520 1901
1273530 1900
1273540 1899
1273550 1899
1273560 1898
1273570 1898
1273580 1897
1273590 1896
1273600 1896
1273610 1895
1273620 1895
1273630 1894
1273640 1894
1273650 1893
1273660 1893
1273670 1892
1273680 1892
1273690 1891
1273700 1891
1273710 1891
1273720 1891
1273730 1891
1273740 1891
1273750 1891
1273760 1892
1273770 1893
1273780 1893
1273790 1893
1273800 1893
1273810 1892
1273820 1891
1273830 1890
1273840 1890
1273850 1890
1273860 1890
1273870 1890
1273880 1890
1273890 1890
1273900 1890
1273910 1889
1273920 1889
1273930 1889
1273940 1888
1273950 1889
1273960 1889
1273970 1889
1273980 1889
1273990 1889
1274000 1887
1274010 1887
1274020 1886
1274030 1887
1274040 1886
1274050 1886
1274060 1885
1274070 1885
1274080 1885
1274090 1886
1274100 1886
1274110 1886
1274120 1885
1274130 1886
1274140 1884
1274150 1882
1274160 1880
1274170 1878
1274180 1876
1274190 1874
1274200 1872
1274210 1870
1274220 1869
1274230 1866
1274240 1864
1274250 1863
1274260 1861
1274270 1859
1274280 1856
1274290 1853
1274300 1850
1274310 1848
1274320 1845
1274330 1843
1274340 1843
1274350 1842
1274360 1841
1274370 1839
1274380 1838
1274390 1837
1274400 1836
1274410 1836
1274420 1835
1274430 1834
1274440 1834
1274450 1833
1274460 1833
1274470 1832
1274480 1832
1274490 1831
1274500 1830
1274510 1829
1274520 1827
1274530 1826
1274540 1825
1274550 1822
1274560 1819
1274570 1819
1274580 1818
1274590 1817
1274600 1816
1274610 1814
1274620 1813
1274630 1811
1274640 1810
1274650 1809
1274660 1808
1274670 1807
1274680 1805
1274690 1804
1274700 1802
1274710 1801
1274720 1801
1274730 1800
1274740 1799
1274750 1798
1274760 1798
1274770 1797
1274780 1796
1274790 1795
1274800 1794
1274810 1793
1274820 1791
1274830 1790
1274840 1789
1274850 1789
1274860 1789
1274870 1789
1274880 1789
1274890 1788
1274900 1787
1274910 1786
1274920 1785
1274930 1783
1274940 1781
1274950 1779
1274960 1777
1274970 1775
1274980 1775
1274990 1775
1275000 1775
1275010 1775
1275020 1774
1275030 1772
1275040 1771
1275050 1770
1275060 1769
1275070 1768
1275080 1767
1275090 1766
1275100 1765
1275110 1765
1275120 1764
1275130 1764
1275140 1764
1275150 1764
1275160 1763
1275170 1763
1275180 1763
1275190 1762
1275200 1761
1275210 1760
1275220 1759
1275230 1759
1275240 1758
1275250 1758
1275260 1758
1275270 1757
1275280 1756
1275290 1755
1275300 1754
1275310 1752
1275320 1751
1275330 1749
1275340 1746
1275350 1744
1275360 1742
1275370 1741
1275380 1739
1275390 1737
1275400 1736
1275410 1734
1275420 1731
1275430 1730
1275440 1729
1275450 1728
1275460 1725
1275470 1722
1275480 1719
1275490 1716
1275500 1713
1275510 1710
1275520 1707
1275530 1705
1275540 1702
1275550 1699
1275560 1696
1275570 1694
1275580 1692
1275590 1690
1275600 1688
1275610 1686
1275620 1684
1275630 1682
1275640 1679
1275650 1675
1275660 1672
1275670 1670
1275680 1669
1275690 1667
1275700 1664
1275710 1661
1275720 1658
1275730 1655
1275740 1653
1275750 1651
1275760 1648
1275770 1646
1275780 1644
1275790 1642
1275800 1641
1275810 1639
1275820 1637
1275830 1635
1275840 1632
1275850 1630
1275860 1628
1275870 1626
1275880 1623
1275890 1620
1275900 1615
1275910 1611
1275920 1607
1275930 1605
1275940 1603
1275950 1602
1275960 1601
1275970 1600
1275980 1598
1275990 1597
1276000 1594
1276010 1592
1276020 1590
1276030 1588
1276040 1586
1276050 1585
1276060 1583
1276070 1582
1276080 1581
1276090 1578
1276100 1576
1276110 1573
1276120 1571
1276130 1569
1276140 1567
1276150 1566
1276160 1565
1276170 1564
1276180 1563
1276190 1563
1276200 1562
1276210 1561
1276220 1560
1276230 1558
1276240 1557
1276250 1556
1276260 1555
1276270 1554
1276280 1552
1276290 1550
1276300 1548
1276310 1546
1276320 1545
1276330 1544
1276340 1542
1276350 1540
1276360 1538
1276370 1536
1276380 1533
1276390 1531
1276400 1529
1276410 1526
1276420 1525
1276430 1523
1276440 1521
1276450 1519
1276460 1517
1276470 1515
1276480 1513
1276490 1511
1276500 1509
1276510 1507
1276520 1506
1276530 1505
1276540 1503
1276550 1501
1276560 1499
1276570 1497
1276580 1496
1276590 1494
1276600 1492
1276610 1490
1276620 1489
1276630 1488
1276640 1486
1276650 1485
1276660 1484
1276670 1482
1276680 1479
1276690 1476
1276700 1473
1276710 1470
1276720 1467
1276730 1464
1276740 1462
1276750 1458
1276760 1455
1276770 1450
1276780 1446
1276790 1441
1276800 1437
1276810 1432
1276820 1429
1276830 1425
1276840 1421
1276850 1417
1276860 1414
1276870 1412
1276880 1409
1276890 1407
1276900 1405
1276910 1402
1276920 1401
1276930 1400
1276940 1399
1276950 1399
1276960 1397
1276970 1394
1276980 1391
1276990 1387
1277000 1383
1277010 1380
1277020 1378
1277030 1376
1277040 1374
1277050 1372
1277060 1371
1277070 1369
1277080 1368
1277090 1366
1277100 1365
1277110 1363
1277120 1362
1277130 1360
1277140 1357
1277150 1355
1277160 1352
1277170 1349
1277180 1346
1277190 1344
1277200 1342
1277210 1339
1277220 1335
1277230 1331
1277240 1327
1277250 1324
1277260 1321
1277270 1319
1277280 1316
1277290 1314
1277300 1312
1277310 1310
1277320 1307
1277330 1305
1277340 1303
1277350 1305
1277360 1309
1277370 1314
1277380 1317
1277390 1318
1277400 1320
1277410 1320
1277420 1320
1277430 1321
1277440 1321
1277450 1321
1277460 1319
1277470 1315
1277480 1310
1277490 1306
1277500 1305
1277510 1306
1277520 1307
1277530 1308
1277540 1307
1277550 1307
1277560 1307
1277570 1307
1277580 1307
1277590 1306
1277600 1306
1277610 1306
1277620 1304
1277630 1303
1277640 1303
1277650 1302
1277660 1300
1277670 1300
1277680 1299
1277690 1298
1277700 1297
1277710 1296
1277720 1295
1277730 1294
1277740 1294
1277750 1294
1277760 1294
1277770 1293
1277780 1292
1277790 1292
1277800 1292
1277810 1292
1277820 1291
1277830 1289
1277840 1287
1277850 1284
1277860 1282
1277870 1279
1277880 1277
1277890 1275
1277900 1274
1277910 1273
1277920 1273
1277930 1271
1277940 1269
1277950 1266
1277960 1263
1277970 1260
1277980 1257
1277990 1255
1278000 1253
1278010 1251
1278020 1249
1278030 1247
1278040 1244
1278050 1241
1278060 1238
1278070 1234
1278080 1230
1278090 1224
1278100 1217
1278110 1209
1278120 1201
1278130 1194
1278140 1188
1278150 1182
1278160 1177
1278170 1172
1278180 1167
1278190 1162
1278200 1158
1278210 1156
1278220 1155
1278230 1156
1278240 1156
1278250 1156
1278260 1157
1278270 1157
1278280 1158
1278290 1160
1278300 1162
1278310 1164
1278320 1165
1278330 1167
1278340 1168
1278350 1169
1278360 1171
1278370 1172
1278380 1174
1278390 1175
1278400 1177
1278410 1178
1278420 1181
1278430 1183
1278440 1187
1278450 1192
1278460 1197
1278470 1201
1278480 1206
1278490 1210
1278500 1214
1278510 1215
1278520 1218
1278530 1219
1278540 1220
1278550 1223
1278560 1227
1278570 1231
1278580 1236
1278590 1240
1278600 1244
1278610 1247
1278620 1248
1278630 1250
1278640 1252
1278650 1252
1278660 1253
1278670 1256
1278680 1259
1278690 1262
1278700 1266
1278710 1270
1278720 1275
1278730 1280
1278740 1283
1278750 1286
1278760 1289
1278770 1293
1278780 1297
1278790 1301
1278800 1305
1278810 1308
1278820 1312
1278830 1315
1278840 1319
1278850 1324
1278860 1329
1278870 1333
1278880 1336
1278890 1339
1278900 1342
1278910 1344
1278920 1347
1278930 1350
1278940 1354
1278950 1357
1278960 1360
1278970 1363
1278980 1365
1278990 1368
1279000 1371
1279010 1373
1279020 1376
1279030 1379
1279040 1382
1279050 1385
1279060 1388
1279070 1391
1279080 1395
1279090 1399
1279100 1403
1279110 1407
1279120 1410
1279130 1414
1279140 1417
1279150 1421
1279160 1425
1279170 1428
1279180 1430
1279190 1432
1279200 1434
1279210 1437
1279220 1439
1279230 1441
1279240 1443
1279250 1446
1279260 1450
1279270 1452
1279280 1455
1279290 1457
1279300 1460
1279310 1462
1279320 1465
1279330 1468
1279340 1470
1279350 1473
1279360 1476
1279370 1477
1279380 1479
1279390 1479
1279400 1482
1279410 1484
1279420 1486
1279430 1488
1279440 1490
1279450 1492
1279460 1493
1279470 1495
1279480 1496
1279490 1497
1279500 1499
1279510 1501
1279520 1504
1279530 1506
1279540 1508
1279550 1511
1279560 1515
1279570 1520
1279580 1523
1279590 1527
1279600 1530
1279610 1533
1279620 1537
1279630 1540
1279640 1543
1279650 1546
1279660 1550
1279670 1553
1279680 1557
1279690 1560
1279700 1563
1279710 1566
1279720 1568
1279730 1571
1279740 1573
1279750 1576
1279760 1578
1279770 1580
1279780 1582
1279790 1585
1279800 1588
1279810 1591
1279820 1594
1279830 1598
1279840 1601
1279850 1604
1279860 1608
1279870 1612
1279880 1616
1279890 1619
1279900 1622
1279910 1626
1279920 1631
1279930 1635
1279940 1639
1279950 1643
1279960 1646
1279970 1650
1279980 1653
1279990 1657
