1260000 2475
1260010 2474
1260020 2472
1260030 2469
1260040 2466
1260050 2462
1260060 2459
1260070 2456
1260080 2451
1260090 2444
1260100 2435
1260110 2423
1260120 2424
1260130 2442
1260140 2441
1260150 2430
1260160 2410
1260170 2400
1260180 2392
1260190 2384
1260200 2374
1260210 2364
1260220 2356
1260230 2353
1260240 2346
1260250 2335
1260260 2317
1260270 2304
1260280 2295
1260290 2293
1260300 2288
1260310 2281
1260320 2273
1260330 2286
1260340 2292
1260350 2287
1260360 2282
1260370 2280
1260380 2278
1260390 2279
1260400 2278
1260410 2277
1260420 2271
1260430 2266
1260440 2256
1260450 2230
1260460 2216
1260470 2207
1260480 2199
1260490 2192
1260500 2185
1260510 2179
1260520 2173
1260530 2168
1260540 2162
1260550 2157
1260560 2151
1260570 2146
1260580 2141
1260590 2136
1260600 2131
1260610 2127
1260620 2122
1260630 2117
1260640 2107
1260650 2099
1260660 2093
1260670 2087
1260680 2080
1260690 2073
1260700 2065
1260710 2056
1260720 2049
1260730 2043
1260740 2035
1260750 2028
1260760 2022
1260770 2015
1260780 2009
1260790 2005
1260800 2003
1260810 2000
1260820 1998
1260830 1995
1260840 1991
1260850 1988
1260860 1984
1260870 1981
1260880 1977
1260890 1974
1260900 1971
1260910 1968
1260920 1965
1260930 1963
1260940 1961
1260950 1958
1260960 1955
1260970 1951
1260980 1948
1260990 1945
1261000 1942
1261010 1938
1261020 1935
1261030 1932
1261040 1929
1261050 1926
1261060 1923
1261070 1920
1261080 1914
1261090 1910
1261100 1906
1261110 1903
1261120 1899
1261130 1896
1261140 1894
1261150 1892
1261160 1890
1261170 1887
1261180 1882
1261190 1877
1261200 1872
1261210 1868
1261220 1865
1261230 1863
1261240 1862
1261250 1860
1261260 1858
1261270 1854
1261280 1850
1261290 1845
1261300 1841
1261310 1836
1261320 1832
1261330 1827
1261340 1822
1261350 1815
1261360 1806
1261370 1798
1261380 1790
1261390 1783
1261400 1779
1261410 1776
1261420 1771
1261430 1767
1261440 1763
1261450 1760
1261460 1756
1261470 1752
1261480 1749
1261490 1745
1261500 1739
1261510 1733
1261520 1729
1261530 1728
1261540 1727
1261550 1726
1261560 1722
1261570 1718
1261580 1714
1261590 1713
1261600 1711
1261610 1707
1261620 1702
1261630 1695
1261640 1688
1261650 1680
1261660 1672
1261670 1663
1261680 1656
1261690 1649
1261700 1642
1261710 1635
1261720 1627
1261730 1619
1261740 1616
1261750 1620
1261760 1627
1261770 1638
1261780 1640
1261790 1640
1261800 1636
1261810 1632
1261820 1627
1261830 1621
1261840 1616
1261850 1610
1261860 1604
1261870 1593
1261880 1583
1261890 1575
1261900 1574
1261910 1571
1261920 1567
1261930 1563
1261940 1557
1261950 1551
1261960 1546
1261970 1540
1261980 1535
1261990 1531
1262000 1529
1262010 1527
1262020 1524
1262030 1522
1262040 1520
1262050 1519
1262060 1518
1262070 1517
1262080 1516
1262090 1514
1262100 1510
1262110 1506
1262120 1502
1262130 1498
1262140 1494
1262150 1489
1262160 1485
1262170 1481
1262180 1478
1262190 1474
1262200 1471
1262210 1467
1262220 1463
1262230 1459
1262240 1455
1262250 1452
1262260 1449
1262270 1446
1262280 1443
1262290 1441
1262300 1439
1262310 1437
1262320 1434
1262330 1430
1262340 1431
1262350 1433
1262360 1435
1262370 1434
1262380 1433
1262390 1432
1262400 1431
1262410 1428
1262420 1424
1262430 1420
1262440 1415
1262450 1411
1262460 1408
1262470 1405
1262480 1402
1262490 1399
1262500 1395
1262510 1392
1262520 1389
1262530 1388
1262540 1387
1262550 1385
1262560 1384
1262570 1382
1262580 1380
1262590 1379
1262600 1378
1262610 1377
1262620 1376
1262630 1376
1262640 1375
1262650 1374
1262660 1372
1262670 1370
1262680 1368
1262690 1367
1262700 1365
1262710 1363
1262720 1362
1262730 1361
1262740 1359
1262750 1356
1262760 1353
1262770 1351
1262780 1349
1262790 1347
1262800 1345
1262810 1343
1262820 1340
1262830 1337
1262840 1334
1262850 1332
1262860 1329
1262870 1326
1262880 1324
1262890 1321
1262900 1319
1262910 1316
1262920 1314
1262930 1311
1262940 1308
1262950 1305
1262960 1303
1262970 1300
1262980 1298
1262990 1296
1263000 1293
1263010 1291
1263020 1289
1263030 1287
1263040 1285
1263050 1283
1263060 1282
1263070 1280
1263080 1279
1263090 1278
1263100 1276
1263110 1275
1263120 1274
1263130 1272
1263140 1271
1263150 1270
1263160 1269
1263170 1267
1263180 1266
1263190 1266
1263200 1266
1263210 1265
1263220 1265
1263230 1264
1263240 1264
1263250 1264
1263260 1264
1263270 1264
1263280 1264
1263290 1263
1263300 1262
1263310 1262
1263320 1262
1263330 1261
1263340 1260
1263350 1259
1263360 1258
1263370 1258
1263380 1258
1263390 1258
1263400 1258
1263410 1259
1263420 1259
1263430 1257
1263440 1254
1263450 1256
1263460 1257
1263470 1254
1263480 1253
1263490 1252
1263500 1251
1263510 1251
1263520 1250
1263530 1250
1263540 1250
1263550 1249
1263560 1249
1263570 1249
1263580 1248
1263590 1247
1263600 1248
1263610 1247
1263620 1246
1263630 1246
1263640 1245
1263650 1244
1263660 1244
1263670 1243
1263680 1243
1263690 1242
1263700 1242
1263710 1241
1263720 1241
1263730 1240
1263740 1240
1263750 1240
1263760 1240
1263770 1239
1263780 1239
1263790 1239
1263800 1238
1263810 1238
1263820 1238
1263830 1238
1263840 1237
1263850 1237
1263860 1237
1263870 1237
1263880 1237
1263890 1237
1263900 1237
1263910 1236
1263920 1236
1263930 1236
1263940 1236
1263950 1236
1263960 1237
1263970 1239
1263980 1241
1263990 1241
1264000 1241
1264010 1240
1264020 1238
1264030 1236
1264040 1235
1264050 1235
1264060 1235
1264070 1235
1264080 1237
1264090 1238
1264100 1238
1264110 1239
1264120 1239
1264130 1240
1264140 1242
1264150 1243
1264160 1243
1264170 1243
1264180 1244
1264190 1247
1264200 1249
1264210 1251
1264220 1252
1264230 1253
1264240 1254
1264250 1255
1264260 1255
1264270 1256
1264280 1256
1264290 1256
1264300 1257
1264310 1257
1264320 1257
1264330 1258
1264340 1260
1264350 1261
1264360 1264
1264370 1266
1264380 1267
1264390 1267
1264400 1268
1264410 1269
1264420 1270
1264430 1270
1264440 1270
1264450 1269
1264460 1269
1264470 1269
1264480 1269
1264490 1268
1264500 1268
1264510 1268
1264520 1268
1264530 1268
1264540 1269
1264550 1270
1264560 1272
1264570 1273
1264580 1276
1264590 1278
1264600 1280
1264610 1283
1264620 1286
1264630 1289
1264640 1293
1264650 1296
1264660 1297
1264670 1297
1264680 1297
1264690 1297
1264700 1298
1264710 1299
1264720 1300
1264730 1301
1264740 1303
1264750 1305
1264760 1307
1264770 1310
1264780 1313
1264790 1315
1264800 1319
1264810 1322
1264820 1324
1264830 1326
1264840 1328
1264850 1330
1264860 1332
1264870 1335
1264880 1337
1264890 1339
1264900 1342
1264910 1344
1264920 1346
1264930 1349
1264940 1351
1264950 1353
1264960 1356
1264970 1358
1264980 1360
1264990 1360
1265000 1361
1265010 1363
1265020 1364
1265030 1365
1265040 1367
1265050 1369
1265060 1371
1265070 1373
1265080 1375
1265090 1377
1265100 1380
1265110 1383
1265120 1385
1265130 1386
1265140 1385
1265150 1388
1265160 1390
1265170 1393
1265180 1393
1265190 1393
1265200 1393
1265210 1394
1265220 1395
1265230 1396
1265240 1397
1265250 1398
1265260 1398
1265270 1399
1265280 1399
1265290 1398
1265300 1397
1265310 1396
1265320 1395
1265330 1394
1265340 1393
1265350 1393
1265360 1393
1265370 1393
1265380 1392
1265390 1392
1265400 1392
1265410 1393
1265420 1395
1265430 1397
1265440 1400
1265450 1401
1265460 1403
1265470 1405
1265480 1407
1265490 1407
1265500 1408
1265510 1407
1265520 1407
1265530 1406
1265540 1405
1265550 1404
1265560 1406
1265570 1408
1265580 1409
1265590 1410
1265600 1411
1265610 1411
1265620 1412
1265630 1413
1265640 1413
1265650 1411
1265660 1408
1265670 1405
1265680 1402
1265690 1398
1265700 1394
1265710 1391
1265720 1389
1265730 1387
1265740 1386
1265750 1384
1265760 1382
1265770 1383
1265780 1382
1265790 1382
1265800 1381
1265810 1380
1265820 1380
1265830 1381
1265840 1381
1265850 1382
1265860 1384
1265870 1386
1265880 1386
1265890 1386
1265900 1385
1265910 1383
1265920 1381
1265930 1378
1265940 1376
1265950 1375
1265960 1372
1265970 1371
1265980 1368
1265990 1365
1266000 1360
1266010 1355
1266020 1350
1266030 1345
1266040 1341
1266050 1339
1266060 1344
1266070 1351
1266080 1359
1266090 1365
1266100 1370
1266110 1375
1266120 1382
1266130 1387
1266140 1392
1266150 1397
1266160 1401
1266170 1405
1266180 1410
1266190 1415
1266200 1420
1266210 1426
1266220 1431
1266230 1436
1266240 1441
1266250 1446
1266260 1451
1266270 1459
1266280 1477
1266290 1497
1266300 1517
1266310 1532
1266320 1539
1266330 1544
1266340 1551
1266350 1565
1266360 1580
1266370 1596
1266380 1607
1266390 1617
1266400 1626
1266410 1634
1266420 1641
1266430 1649
1266440 1652
1266450 1654
1266460 1657
1266470 1663
1266480 1668
1266490 1671
1266500 1676
1266510 1684
1266520 1691
1266530 1697
1266540 1701
1266550 1709
1266560 1723
1266570 1735
1266580 1739
1266590 1733
1266600 1727
1266610 1720
1266620 1711
1266630 1719
1266640 1731
1266650 1746
1266660 1741
1266670 1736
1266680 1731
1266690 1721
1266700 1716
1266710 1718
1266720 1739
1266730 1756
1266740 1771
1266750 1787
1266760 1800
1266770 1811
1266780 1818
1266790 1835
1266800 1856
1266810 1882
1266820 1912
1266830 1928
1266840 1929
1266850 1926
1266860 1924
1266870 1923
1266880 1920
1266890 1916
1266900 1911
1266910 1914
1266920 1920
1266930 1927
1266940 1928
1266950 1927
1266960 1925
1266970 1922
1266980 1922
1266990 1921
1267000 1920
1267010 1919
1267020 1919
1267030 1919
1267040 1915
1267050 1913
1267060 1912
1267070 1913
1267080 1914
1267090 1914
1267100 1913
1267110 1914
1267120 1914
1267130 1914
1267140 1917
1267150 1922
1267160 1924
1267170 1931
1267180 1940
1267190 1947
1267200 1954
1267210 1961
1267220 1969
1267230 1976
1267240 2001
1267250 2050
1267260 2053
1267270 2054
1267280 2054
1267290 2056
1267300 2057
1267310 2057
1267320 2056
1267330 2055
1267340 2055
1267350 2054
1267360 2051
1267370 2048
1267380 2044
1267390 2039
1267400 2034
1267410 2029
1267420 2025
1267430 2022
1267440 2019
1267450 2016
1267460 2012
1267470 2009
1267480 2004
1267490 1999
1267500 1992
1267510 1987
1267520 1982
1267530 1977
1267540 1973
1267550 1969
1267560 1966
1267570 1962
1267580 1960
1267590 1958
1267600 1958
1267610 1958
1267620 1958
1267630 1957
1267640 1956
1267650 1955
1267660 1953
1267670 1951
1267680 1948
1267690 1946
1267700 1944
1267710 1942
1267720 1940
1267730 1938
1267740 1937
1267750 1936
1267760 1935
1267770 1931
1267780 1929
1267790 1934
1267800 1938
1267810 1942
1267820 1946
1267830 1949
1267840 1951
1267850 1954
1267860 1956
1267870 1958
1267880 1959
1267890 1960
1267900 1961
1267910 1962
1267920 1964
1267930 1965
1267940 1966
1267950 1967
1267960 1969
1267970 1970
1267980 1972
1267990 1974
1268000 1976
1268010 1977
1268020 1980
1268030 1983
1268040 1985
1268050 1988
1268060 1992
1268070 1995
1268080 1998
1268090 2000
1268100 2003
1268110 2005
1268120 2008
1268130 2010
1268140 2014
1268150 2018
1268160 2022
1268170 2026
1268180 2031
1268190 2036
1268200 2040
1268210 2045
1268220 2051
1268230 2058
1268240 2065
1268250 2074
1268260 2085
1268270 2092
1268280 2099
1268290 2106
1268300 2112
1268310 2117
1268320 2123
1268330 2130
1268340 2130
1268350 2125
1268360 2120
1268370 2114
1268380 2109
1268390 2104
1268400 2099
1268410 2094
1268420 2090
1268430 2085
1268440 2080
1268450 2075
1268460 2072
1268470 2067
1268480 2062
1268490 2057
1268500 2053
1268510 2050
1268520 2047
1268530 2045
1268540 2042
1268550 2039
1268560 2035
1268570 2029
1268580 2024
1268590 2019
1268600 2014
1268610 2009
1268620 2005
1268630 2001
1268640 1996
1268650 1991
1268660 1987
1268670 1982
1268680 1978
1268690 1975
1268700 1973
1268710 1971
1268720 1970
1268730 1968
1268740 1966
1268750 1963
1268760 1961
1268770 1962
1268780 1961
1268790 1960
1268800 1957
1268810 1956
1268820 1955
1268830 1954
1268840 1952
1268850 1951
1268860 1949
1268870 1948
1268880 1946
1268890 1944
1268900 1941
1268910 1939
1268920 1936
1268930 1932
1268940 1929
1268950 1925
1268960 1923
1268970 1921
1268980 1918
1268990 1914
1269000 1911
1269010 1907
1269020 1903
1269030 1899
1269040 1895
1269050 1890
1269060 1886
1269070 1881
1269080 1877
1269090 1875
1269100 1872
1269110 1868
1269120 1863
1269130 1859
1269140 1855
1269150 1853
1269160 1850
1269170 1846
1269180 1844
1269190 1840
1269200 1837
1269210 1835
1269220 1832
1269230 1829
1269240 1825
1269250 1821
1269260 1817
1269270 1814
1269280 1812
1269290 1812
1269300 1813
1269310 1816
1269320 1819
1269330 1823
1269340 1825
1269350 1827
1269360 1830
1269370 1832
1269380 1834
1269390 1837
1269400 1839
1269410 1841
1269420 1844
1269430 1847
1269440 1850
1269450 1853
1269460 1856
1269470 1858
1269480 1861
1269490 1863
1269500 1866
1269510 1868
1269520 1870
1269530 1874
1269540 1877
1269550 1880
1269560 1882
1269570 1884
1269580 1885
1269590 1887
1269600 1889
1269610 1891
1269620 1894
1269630 1897
1269640 1902
1269650 1906
1269660 1910
1269670 1913
1269680 1915
1269690 1918
1269700 1921
1269710 1923
1269720 1924
1269730 1925
1269740 1926
1269750 1928
1269760 1930
1269770 1933
1269780 1935
1269790 1939
1269800 1943
1269810 1947
1269820 1950
1269830 1953
1269840 1956
1269850 1959
1269860 1962
1269870 1965
1269880 1966
1269890 1968
1269900 1970
1269910 1972
1269920 1974
1269930 1977
1269940 1980
1269950 1982
1269960 1985
1269970 1987
1269980 1989
1269990 1991
1270000 1993
1270010 1996
1270020 1999
1270030 2001
1270040 2003
1270050 2005
1270060 2007
1270070 2009
1270080 2012
1270090 2015
1270100 2017
1270110 2018
1270120 2020
1270130 2022
1270140 2023
1270150 2023
1270160 2024
1270170 2025
1270180 2027
1270190 2028
1270200 2030
1270210 2032
1270220 2032
1270230 2033
1270240 2034
1270250 2036
1270260 2038
1270270 2041
1270280 2043
1270290 2046
1270300 2048
1270310 2050
1270320 2053
1270330 2055
1270340 2057
1270350 2060
1270360 2063
1270370 2067
1270380 2070
1270390 2073
1270400 2074
1270410 2076
1270420 2078
1270430 2081
1270440 2082
1270450 2084
1270460 2086
1270470 2086
1270480 2088
1270490 2091
1270500 2093
1270510 2094
1270520 2096
1270530 2097
1270540 2100
1270550 2102
1270560 2104
1270570 2107
1270580 2110
1270590 2113
1270600 2116
1270610 2121
1270620 2127
1270630 2132
1270640 2138
1270650 2143
1270660 2149
1270670 2153
1270680 2155
1270690 2157
1270700 2159
1270710 2161
1270720 2164
1270730 2166
1270740 2169
1270750 2172
1270760 2176
1270770 2180
1270780 2184
1270790 2186
1270800 2186
1270810 2183
1270820 2180
1270830 2178
1270840 2175
1270850 2172
1270860 2168
1270870 2165
1270880 2162
1270890 2159
1270900 2157
1270910 2154
1270920 2152
1270930 2150
1270940 2148
1270950 2146
1270960 2144
1270970 2143
1270980 2144
1270990 2144
1271000 2143
1271010 2142
1271020 2142
1271030 2140
1271040 2139
1271050 2138
1271060 2137
1271070 2137
1271080 2136
1271090 2136
1271100 2133
1271110 2131
1271120 2130
1271130 2130
1271140 2130
1271150 2130
1271160 2129
1271170 2128
1271180 2127
1271190 2126
1271200 2125
1271210 2125
1271220 2124
1271230 2124
1271240 2123
1271250 2122
1271260 2121
1271270 2121
1271280 2121
1271290 2121
1271300 2121
1271310 2120
1271320 2118
1271330 2118
1271340 2119
1271350 2120
1271360 2120
1271370 2120
1271380 2120
1271390 2120
1271400 2119
1271410 2119
1271420 2118
1271430 2116
1271440 2115
1271450 2113
1271460 2113
1271470 2112
1271480 2111
1271490 2111
1271500 2110
1271510 2110
1271520 2110
1271530 2109
1271540 2109
1271550 2109
1271560 2108
1271570 2108
1271580 2107
1271590 2107
1271600 2107
1271610 2106
1271620 2105
1271630 2105
1271640 2105
1271650 2104
1271660 2104
1271670 2105
1271680 2106
1271690 2108
1271700 2108
1271710 2109
1271720 2110
1271730 2111
1271740 2111
1271750 2111
1271760 2111
1271770 2111
1271780 2112
1271790 2113
1271800 2114
1271810 2115
1271820 2115
1271830 2117
1271840 2118
1271850 2119
1271860 2120
1271870 2122
1271880 2124
1271890 2126
1271900 2127
1271910 2128
1271920 2128
1271930 2129
1271940 2131
1271950 2132
1271960 2134
1271970 2135
1271980 2135
1271990 2134
1272000 2133
1272010 2133
1272020 2132
1272030 2130
1272040 2129
1272050 2126
1272060 2123
1272070 2118
1272080 2115
1272090 2112
1272100 2110
1272110 2107
1272120 2106
1272130 2105
1272140 2104
1272150 2103
1272160 2102
1272170 2100
1272180 2099
1272190 2098
1272200 2096
1272210 2095
1272220 2094
1272230 2092
1272240 2090
1272250 2088
1272260 2086
1272270 2083
1272280 2081
1272290 2079
1272300 2075
1272310 2073
1272320 2074
1272330 2074
1272340 2074
1272350 2074
1272360 2072
1272370 2071
1272380 2070
1272390 2070
1272400 2069
1272410 2068
1272420 2066
1272430 2065
1272440 2065
1272450 2064
1272460 2063
1272470 2062
1272480 2061
1272490 2061
1272500 2061
1272510 2061
1272520 2060
1272530 2059
1272540 2057
1272550 2056
1272560 2054
1272570 2053
1272580 2051
1272590 2051
1272600 2050
1272610 2050
1272620 2049
1272630 2048
1272640 2047
1272650 2047
1272660 2047
1272670 2048
1272680 2048
1272690 2048
1272700 2047
1272710 2047
1272720 2045
1272730 2044
1272740 2043
1272750 2042
1272760 2041
1272770 2041
1272780 2039
1272790 2037
1272800 2036
1272810 2034
1272820 2032
1272830 2030
1272840 2027
1272850 2024
1272860 2021
1272870 2019
1272880 2016
1272890 2013
1272900 2011
1272910 2010
1272920 2008
1272930 2006
1272940 2004
1272950 2004
1272960 2004
1272970 2004
1272980 2004
1272990 2004
1273000 2005
1273010 2005
1273020 2005
1273030 2005
1273040 2004
1273050 2004
1273060 2003
1273070 2002
1273080 2000
1273090 1999
1273100 1997
1273110 1996
1273120 1994
1273130 1993
1273140 1992
1273150 1991
1273160 1989
1273170 1986
1273180 1985
1273190 1983
1273200 1982
1273210 1981
1273220 1979
1273230 1978
1273240 1977
1273250 1974
1273260 1972
1273270 1969
1273280 1967
1273290 1965
1273300 1963
1273310 1961
1273320 1959
1273330 1957
1273340 1956
1273350 1954
1273360 1954
1273370 1953
1273380 1953
1273390 1953
1273400 1953
1273410 1953
1273420 1954
1273430 1956
1273440 1957
1273450 1957
1273460 1955
1273470 1953
1273480 1950
1273490 1945
1273500 1943
1273510 1942
1273520 1942
1273530 1939
1273540 1936
1273550 1934
1273560 1931
1273570 1929
1273580 1927
1273590 1925
1273600 1923
1273610 1922
1273620 1921
1273630 1919
1273640 1918
1273650 1918
1273660 1916
1273670 1914
1273680 1912
1273690 1910
1273700 1909
1273710 1908
1273720 1908
1273730 1907
1273740 1907
1273750 1906
1273760 1904
1273770 1902
1273780 1900
1273790 1898
1273800 1896
1273810 1896
1273820 1895
1273830 1893
1273840 1892
1273850 1890
1273860 1889
1273870 1889
1273880 1888
1273890 1888
1273900 1887
1273910 1887
1273920 1886
1273930 1885
1273940 1884
1273950 1883
1273960 1881
1273970 1879
1273980 1878
1273990 1877
1274000 1875
1274010 1873
1274020 1872
1274030 1871
1274040 1869
1274050 1868
1274060 1866
1274070 1864
1274080 1862
1274090 1861
1274100 1859
1274110 1857
1274120 1855
1274130 1854
1274140 1852
1274150 1848
1274160 1845
1274170 1842
1274180 1840
1274190 1839
1274200 1838
1274210 1836
1274220 1834
1274230 1831
1274240 1829
1274250 1828
1274260 1827
1274270 1826
1274280 1825
1274290 1823
1274300 1821
1274310 1820
1274320 1820
1274330 1818
1274340 1814
1274350 1811
1274360 1807
1274370 1805
1274380 1804
1274390 1802
1274400 1800
1274410 1798
1274420 1797
1274430 1797
1274440 1796
1274450 1795
1274460 1793
1274470 1793
1274480 1791
1274490 1789
1274500 1787
1274510 1785
1274520 1784
1274530 1784
1274540 1784
1274550 1784
1274560 1784
1274570 1782
1274580 1780
1274590 1778
1274600 1776
1274610 1774
1274620 1772
1274630 1770
1274640 1768
1274650 1767
1274660 1766
1274670 1765
1274680 1763
1274690 1762
1274700 1761
1274710 1759
1274720 1757
1274730 1756
1274740 1754
1274750 1753
1274760 1752
1274770 1751
1274780 1750
1274790 1750
1274800 1750
1274810 1750
1274820 1750
1274830 1749
1274840 1749
1274850 1747
1274860 1746
1274870 1745
1274880 1745
1274890 1745
1274900 1744
1274910 1743
1274920 1742
1274930 1741
1274940 1741
1274950 1740
1274960 1738
1274970 1736
1274980 1732
1274990 1728
1275000 1726
1275010 1722
1275020 1720
1275030 1718
1275040 1718
1275050 1717
1275060 1716
1275070 1714
1275080 1712
1275090 1710
1275100 1707
1275110 1704
1275120 1701
1275130 1699
1275140 1697
1275150 1697
1275160 1698
1275170 1695
1275180 1694
1275190 1693
1275200 1692
1275210 1691
1275220 1691
1275230 1692
1275240 1692
1275250 1692
1275260 1689
1275270 1689
1275280 1689
1275290 1688
1275300 1688
1275310 1688
1275320 1688
1275330 1688
1275340 1687
1275350 1686
1275360 1686
1275370 1686
1275380 1686
1275390 1685
1275400 1685
1275410 1686
1275420 1687
1275430 1689
1275440 1691
1275450 1692
1275460 1693
1275470 1693
1275480 1694
1275490 1695
1275500 1696
1275510 1696
1275520 1695
1275530 1694
1275540 1693
1275550 1691
1275560 1689
1275570 1685
1275580 1682
1275590 1679
1275600 1677
1275610 1675
1275620 1674
1275630 1672
1275640 1671
1275650 1669
1275660 1667
1275670 1665
1275680 1662
1275690 1659
1275700 1655
1275710 1653
1275720 1650
1275730 1646
1275740 1644
1275750 1642
1275760 1640
1275770 1638
1275780 1635
1275790 1633
1275800 1631
1275810 1630
1275820 1628
1275830 1627
1275840 1626
1275850 1624
1275860 1623
1275870 1621
1275880 1619
1275890 1614
1275900 1611
1275910 1607
1275920 1605
1275930 1602
1275940 1600
1275950 1598
1275960 1596
1275970 1594
1275980 1591
1275990 1588
1276000 1585
1276010 1582
1276020 1579
1276030 1576
1276040 1573
1276050 1570
1276060 1567
1276070 1565
1276080 1562
1276090 1560
1276100 1559
1276110 1558
1276120 1557
1276130 1555
1276140 1554
1276150 1553
1276160 1553
1276170 1553
1276180 1554
1276190 1555
1276200 1555
1276210 1552
1276220 1548
1276230 1544
1276240 1540
1276250 1536
1276260 1534
1276270 1531
1276280 1528
1276290 1526
1276300 1523
1276310 1519
1276320 1515
1276330 1511
1276340 1509
1276350 1507
1276360 1505
1276370 1502
1276380 1500
1276390 1497
1276400 1493
1276410 1489
1276420 1487
1276430 1482
1276440 1478
1276450 1475
1276460 1473
1276470 1472
1276480 1470
1276490 1469
1276500 1468
1276510 1466
1276520 1465
1276530 1466
1276540 1467
1276550 1469
1276560 1471
1276570 1473
1276580 1474
1276590 1474
1276600 1473
1276610 1471
1276620 1468
1276630 1466
1276640 1463
1276650 1461
1276660 1458
1276670 1455
1276680 1452
1276690 1448
1276700 1445
1276710 1442
1276720 1439
1276730 1437
1276740 1436
1276750 1434
1276760 1432
1276770 1429
1276780 1426
1276790 1423
1276800 1421
1276810 1419
1276820 1416
1276830 1414
1276840 1411
1276850 1409
1276860 1406
1276870 1404
1276880 1402
1276890 1401
1276900 1401
1276910 1401
1276920 1401
1276930 1402
1276940 1402
1276950 1403
1276960 1404
1276970 1403
1276980 1401
1276990 1400
1277000 1398
1277010 1396
1277020 1394
1277030 1392
1277040 1390
1277050 1388
1277060 1387
1277070 1386
1277080 1385
1277090 1384
1277100 1382
1277110 1380
1277120 1379
1277130 1377
1277140 1376
1277150 1374
1277160 1372
1277170 1371
1277180 1368
1277190 1366
1277200 1364
1277210 1362
1277220 1361
1277230 1359
1277240 1356
1277250 1350
1277260 1344
1277270 1337
1277280 1333
1277290 1330
1277300 1327
1277310 1327
1277320 1328
1277330 1330
1277340 1333
1277350 1335
1277360 1337
1277370 1341
1277380 1343
1277390 1344
1277400 1345
1277410 1347
1277420 1347
1277430 1348
1277440 1347
1277450 1347
1277460 1346
1277470 1346
1277480 1345
1277490 1344
1277500 1344
1277510 1343
1277520 1342
1277530 1341
1277540 1340
1277550 1339
1277560 1338
1277570 1338
1277580 1337
1277590 1336
1277600 1335
1277610 1334
1277620 1333
1277630 1332
1277640 1331
1277650 1330
1277660 1329
1277670 1328
1277680 1327
1277690 1326
1277700 1325
1277710 1324
1277720 1323
1277730 1322
1277740 1322
1277750 1321
1277760 1320
1277770 1320
1277780 1319
1277790 1319
1277800 1318
1277810 1317
1277820 1316
1277830 1315
1277840 1314
1277850 1313
1277860 1313
1277870 1313
1277880 1313
1277890 1311
1277900 1307
1277910 1302
1277920 1299
1277930 1298
1277940 1298
1277950 1298
1277960 1299
1277970 1298
1277980 1298
1277990 1299
1278000 1302
1278010 1301
1278020 1298
1278030 1295
1278040 1291
1278050 1287
1278060 1283
1278070 1277
1278080 1271
1278090 1267
1278100 1262
1278110 1253
1278120 1241
1278130 1236
1278140 1230
1278150 1225
1278160 1220
1278170 1215
1278180 1210
1278190 1206
1278200 1202
1278210 1198
1278220 1196
1278230 1190
1278240 1185
1278250 1181
1278260 1177
1278270 1172
1278280 1167
1278290 1162
1278300 1159
1278310 1156
1278320 1150
1278330 1147
1278340 1147
1278350 1150
1278360 1152
1278370 1153
1278380 1162
1278390 1169
1278400 1176
1278410 1181
1278420 1187
1278430 1192
1278440 1199
1278450 1208
1278460 1216
1278470 1222
1278480 1227
1278490 1232
1278500 1237
1278510 1242
1278520 1248
1278530 1254
1278540 1260
1278550 1266
1278560 1272
1278570 1276
1278580 1277
1278590 1276
1278600 1276
1278610 1276
1278620 1277
1278630 1278
1278640 1280
1278650 1283
1278660 1285
1278670 1283
1278680 1281
1278690 1282
1278700 1284
1278710 1285
1278720 1284
1278730 1283
1278740 1283
1278750 1284
1278760 1284
1278770 1284
1278780 1285
1278790 1287
1278800 1289
1278810 1291
1278820 1293
1278830 1292
1278840 1291
1278850 1291
1278860 1291
1278870 1292
1278880 1294
1278890 1297
1278900 1300
1278910 1303
1278920 1305
1278930 1307
1278940 1309
1278950 1307
1278960 1307
1278970 1308
1278980 1311
1278990 1314
1279000 1316
1279010 1319
1279020 1321
1279030 1324
1279040 1327
1279050 1330
1279060 1333
1279070 1337
1279080 1341
1279090 1344
1279100 1348
1279110 1353
1279120 1358
1279130 1363
1279140 1366
1279150 1370
1279160 1375
1279170 1377
1279180 1380
1279190 1384
1279200 1387
1279210 1390
1279220 1393
1279230 1394
1279240 1395
1279250 1397
1279260 1400
1279270 1402
1279280 1405
1279290 1407
1279300 1411
1279310 1414
1279320 1417
1279330 1418
1279340 1420
1279350 1422
1279360 1426
1279370 1430
1279380 1433
1279390 1435
1279400 1438
1279410 1441
1279420 1444
1279430 1446
1279440 1449
1279450 1451
1279460 1453
1279470 1456
1279480 1459
1279490 1463
1279500 1468
1279510 1472
1279520 1473
1279530 1474
1279540 1476
1279550 1478
1279560 1482
1279570 1487
1279580 1493
1279590 1498
1279600 1502
1279610 1504
1279620 1505
1279630 1507
1279640 1510
1279650 1515
1279660 1519
1279670 1523
1279680 1527
1279690 1530
1279700 1533
1279710 1537
1279720 1541
1279730 1544
1279740 1546
1279750 1549
1279760 1551
1279770 1554
1279780 1556
1279790 1559
1279800 1561
1279810 1564
1279820 1567
1279830 1570
1279840 1574
1279850 1578
1279860 1583
1279870 1587
1279880 1591
1279890 1596
1279900 1599
1279910 1603
1279920 1607
1279930 1611
1279940 1615
1279950 1618
1279960 1622
1279970 1626
1279980 1630
1279990 1633
