1260000 2323.4
1260010 2323.4
1260020 2322.2
1260030 2324.2
1260040 2324.2
1260050 2326.6
1260060 2330.1
1260070 2330.1
1260080 2333.7
1260090 2336.7
1260100 2336.7
1260110 2340.4
1260120 2344.3
1260130 2348.9
1260140 2348.9
1260150 2353.9
1260160 2360.0
1260170 2360.0
1260180 2365.9
1260190 2370.6
1260200 2370.6
1260210 2374.3
1260220 2378.6
1260230 2378.6
1260240 2384.7
1260250 2392.8
1260260 2392.8
1260270 2401.2
1260280 2411.3
1260290 2411.3
1260300 2421.2
1260310 2431.7
1260320 2431.7
1260330 2440.0
1260340 2440.0
1260350 2438.4
1260360 2438.4
1260370 2437.8
1260380 2434.5
1260390 2434.5
1260400 2437.7
1260410 2445.1
1260420 2445.1
1260430 2446.5
1260440 2445.2
1260450 2445.2
1260460 2448.2
1260470 2455.2
1260480 2455.2
1260490 2457.5
1260500 2451.5
1260510 2451.5
1260520 2443.8
1260530 2440.5
1260540 2440.5
1260550 2433.2
1260560 2429.6
1260570 2421.3
1260580 2421.3
1260590 2404.0
1260600 2397.3
1260610 2397.3
1260620 2393.4
1260630 2384.1
1260640 2384.1
1260650 2375.6
1260660 2369.6
1260670 2369.6
1260680 2369.6
1260690 2369.5
1260700 2369.5
1260710 2368.4
1260720 2367.5
1260730 2367.5
1260740 2366.1
1260750 2373.7
1260760 2373.7
1260770 2379.1
1260780 2381.4
1260790 2382.8
1260800 2382.8
1260810 2381.4
1260820 2380.7
1260830 2380.7
1260840 2375.0
1260850 2366.0
1260860 2366.0
1260870 2357.1
1260880 2348.0
1260890 2348.0
1260900 2339.8
1260910 2333.9
1260920 2333.9
1260930 2326.5
1260940 2317.7
1260950 2317.7
1260960 2310.4
1260970 2304.2
1260980 2296.1
1260990 2296.1
1261000 2286.2
1261010 2277.2
1261020 2277.2
1261030 2270.0
1261040 2260.8
1261050 2260.8
1261060 2251.8
1261070 2245.0
1261080 2245.0
1261090 2238.4
1261100 2231.6
1261110 2231.6
1261120 2225.0
1261130 2218.2
1261140 2218.2
1261150 2211.8
1261160 2205.5
1261170 2205.5
1261180 2199.3
1261190 2193.2
1261200 2187.0
1261210 2187.0
1261220 2181.0
1261230 2175.0
1261240 2175.0
1261250 2169.0
1261260 2162.9
1261270 2162.9
1261280 2157.1
1261290 2151.4
1261300 2151.4
1261310 2145.7
1261320 2140.2
1261330 2140.2
1261340 2134.9
1261350 2129.7
1261360 2129.7
1261370 2124.8
1261380 2120.2
1261390 2120.2
1261400 2115.9
1261410 2112.1
1261420 2107.3
1261430 2107.3
1261440 2100.3
1261450 2092.9
1261460 2092.9
1261470 2088.5
1261480 2080.6
1261490 2080.6
1261500 2073.6
1261510 2067.7
1261520 2067.7
1261530 2060.7
1261540 2051.9
1261550 2051.9
1261560 2042.1
1261570 2033.8
1261580 2033.8
1261590 2026.3
1261600 2018.7
1261610 2018.7
1261620 2009.2
1261630 2002.6
1261640 1996.2
1261650 1996.2
1261660 1990.3
1261670 1981.1
1261680 1981.1
1261690 1975.4
1261700 1972.1
1261710 1972.1
1261720 1965.3
1261730 1977.6
1261740 1977.6
1261750 1985.2
1261760 1980.4
1261770 1980.4
1261780 1970.3
1261790 1960.6
1261800 1960.6
1261810 1949.0
1261820 1940.1
1261830 1940.1
1261840 1930.1
1261850 1915.5
1261860 1898.2
1261870 1898.2
1261880 1871.8
1261890 1873.0
1261900 1873.0
1261910 1894.0
1261920 1888.5
1261930 1888.5
1261940 1869.7
1261950 1856.6
1261960 1856.6
1261970 1844.8
1261980 1833.1
1261990 1833.1
1262000 1823.7
1262010 1818.0
1262020 1818.0
1262030 1815.6
1262040 1810.9
1262050 1810.9
1262060 1824.9
1262070 1833.1
1262080 1820.9
1262090 1820.9
1262100 1809.6
1262110 1805.9
1262120 1805.9
1262130 1820.2
1262140 1834.3
1262150 1834.3
1262160 1833.8
1262170 1826.4
1262180 1826.4
1262190 1818.6
1262200 1807.4
1262210 1807.4
1262220 1796.5
1262230 1785.2
1262240 1785.2
1262250 1773.5
1262260 1760.4
1262270 1751.2
1262280 1751.2
1262290 1747.1
1262300 1741.9
1262310 1741.9
1262320 1736.4
1262330 1730.8
1262340 1730.8
1262350 1724.6
1262360 1719.6
1262370 1719.6
1262380 1714.9
1262390 1709.4
1262400 1709.4
1262410 1703.5
1262420 1697.4
1262430 1697.4
1262440 1691.1
1262450 1685.0
1262460 1685.0
1262470 1678.9
1262480 1672.0
1262490 1665.1
1262500 1665.1
1262510 1658.2
1262520 1650.4
1262530 1650.4
1262540 1642.7
1262550 1635.7
1262560 1635.7
1262570 1629.8
1262580 1624.1
1262590 1624.1
1262600 1619.0
1262610 1609.0
1262620 1609.0
1262630 1604.0
1262640 1599.0
1262650 1599.0
1262660 1592.7
1262670 1586.3
1262680 1586.3
1262690 1579.2
1262700 1573.1
1262710 1569.4
1262720 1569.4
1262730 1564.7
1262740 1560.4
1262750 1560.4
1262760 1556.6
1262770 1554.1
1262780 1554.1
1262790 1552.4
1262800 1550.1
1262810 1550.1
1262820 1547.3
1262830 1543.7
1262840 1543.7
1262850 1540.1
1262860 1536.4
1262870 1536.4
1262880 1532.0
1262890 1528.2
1262900 1528.2
1262910 1524.8
1262920 1520.8
1262930 1516.2
1262940 1516.2
1262950 1510.9
1262960 1505.9
1262970 1505.9
1262980 1500.8
1262990 1495.5
1263000 1495.5
1263010 1490.5
1263020 1485.6
1263030 1485.6
1263040 1480.1
1263050 1474.4
1263060 1474.4
1263070 1468.5
1263080 1462.4
1263090 1462.4
1263100 1456.6
1263110 1450.9
1263120 1450.9
1263130 1446.1
1263140 1446.1
1263150 1446.5
1263160 1446.5
1263170 1445.9
1263180 1441.4
1263190 1441.4
1263200 1438.5
1263210 1436.0
1263220 1436.0
1263230 1433.9
1263240 1431.9
1263250 1431.9
1263260 1430.6
1263270 1431.9
1263280 1431.9
1263290 1436.5
1263300 1438.6
1263310 1438.6
1263320 1435.6
1263330 1431.0
1263340 1431.0
1263350 1425.2
1263360 1418.2
1263370 1411.0
1263380 1411.0
1263390 1403.3
1263400 1396.1
1263410 1396.1
1263420 1388.5
1263430 1382.9
1263440 1382.9
1263450 1381.1
1263460 1381.2
1263470 1381.2
1263480 1381.0
1263490 1377.1
1263500 1377.1
1263510 1371.1
1263520 1369.1
1263530 1369.1
1263540 1364.6
1263550 1363.6
1263560 1363.6
1263570 1366.0
1263580 1364.4
1263590 1361.7
1263600 1361.7
1263610 1358.6
1263620 1355.5
1263630 1355.5
1263640 1352.8
1263650 1351.5
1263660 1351.5
1263670 1350.5
1263680 1346.9
1263690 1346.9
1263700 1343.1
1263710 1340.6
1263720 1340.6
1263730 1337.9
1263740 1334.8
1263750 1333.9
1263760 1330.4
1263770 1326.6
1263780 1322.8
1263790 1322.8
1263800 1318.8
1263810 1315.9
1263820 1315.9
1263830 1312.8
1263840 1309.8
1263850 1309.8
1263860 1307.0
1263870 1304.0
1263880 1304.0
1263890 1300.8
1263900 1297.5
1263910 1297.5
1263920 1295.0
1263930 1291.8
1263940 1291.8
1263950 1288.9
1263960 1286.2
1263970 1286.2
1263980 1283.7
1263990 1281.3
1264000 1279.0
1264010 1279.0
1264020 1276.6
1264030 1274.6
1264040 1274.6
1264050 1272.1
1264060 1270.0
1264070 1270.0
1264080 1268.1
1264090 1266.3
1264100 1266.3
1264110 1264.5
1264120 1262.4
1264130 1262.4
1264140 1260.5
1264150 1258.9
1264160 1258.9
1264170 1257.3
1264180 1255.4
1264190 1255.4
1264200 1253.8
1264210 1252.4
1264220 1251.1
1264230 1251.1
1264240 1249.8
1264250 1248.8
1264260 1248.8
1264270 1247.8
1264280 1246.7
1264290 1246.7
1264300 1245.6
1264310 1244.6
1264320 1244.6
1264330 1243.3
1264340 1241.9
1264350 1241.9
1264360 1240.4
1264370 1239.1
1264380 1239.1
1264390 1238.0
1264400 1237.0
1264410 1237.0
1264420 1236.0
1264430 1235.0
1264440 1233.9
1264450 1233.9
1264460 1232.8
1264470 1232.0
1264480 1232.0
1264490 1231.3
1264500 1230.6
1264510 1230.6
1264520 1230.1
1264530 1229.7
1264540 1229.7
1264550 1229.5
1264560 1229.4
1264570 1229.4
1264580 1229.3
1264590 1229.3
1264600 1229.3
1264610 1229.3
1264620 1229.4
1264630 1229.4
1264640 1229.5
1264650 1229.4
1264660 1229.3
1264670 1229.3
1264680 1229.2
1264690 1229.3
1264700 1229.3
1264710 1229.6
1264720 1229.8
1264730 1229.8
1264740 1229.6
1264750 1229.4
1264760 1229.4
1264770 1229.4
1264780 1229.7
1264790 1229.7
1264800 1230.2
1264810 1230.8
1264820 1230.8
1264830 1231.5
1264840 1232.3
1264850 1232.3
1264860 1232.8
1264870 1233.3
1264880 1233.8
1264890 1233.8
1264900 1233.3
1264910 1233.8
1264920 1233.8
1264930 1234.3
1264940 1234.7
1264950 1234.7
1264960 1235.0
1264970 1235.1
1264980 1235.1
1264990 1235.1
1265000 1235.1
1265010 1235.1
1265020 1235.2
1265030 1235.0
1265040 1235.0
1265050 1235.0
1265060 1235.1
1265070 1235.1
1265080 1235.1
1265090 1234.9
1265100 1235.5
1265110 1235.5
1265120 1235.4
1265130 1235.0
1265140 1235.0
1265150 1234.7
1265160 1234.8
1265170 1234.8
1265180 1235.0
1265190 1235.2
1265200 1235.2
1265210 1235.1
1265220 1234.5
1265230 1234.5
1265240 1233.6
1265250 1233.7
1265260 1233.7
1265270 1234.4
1265280 1234.5
1265290 1234.2
1265300 1234.2
1265310 1233.9
1265320 1233.9
1265330 1233.9
1265340 1233.8
1265350 1233.4
1265360 1233.4
1265370 1233.3
1265380 1233.3
1265390 1233.3
1265400 1233.1
1265410 1232.7
1265420 1232.7
1265430 1232.5
1265440 1232.4
1265450 1232.4
1265460 1232.4
1265470 1231.9
1265480 1231.0
1265490 1230.4
1265500 1229.9
1265510 1229.0
1265520 1229.0
1265530 1228.1
1265540 1227.8
1265550 1227.8
1265560 1227.0
1265570 1226.9
1265580 1226.9
1265590 1226.6
1265600 1225.7
1265610 1225.7
1265620 1225.0
1265630 1224.0
1265640 1224.0
1265650 1223.0
1265660 1222.3
1265670 1222.3
1265680 1221.9
1265690 1221.9
1265700 1221.9
1265710 1222.2
1265720 1222.8
1265730 1223.8
1265740 1223.8
1265750 1225.0
1265760 1224.5
1265770 1224.5
1265780 1223.6
1265790 1225.7
1265800 1225.7
1265810 1227.5
1265820 1228.2
1265830 1228.2
1265840 1228.7
1265850 1229.1
1265860 1229.1
1265870 1228.9
1265880 1227.8
1265890 1227.8
1265900 1223.9
1265910 1221.6
1265920 1221.6
1265930 1221.4
1265940 1221.2
1265950 1220.9
1265960 1220.9
1265970 1220.7
1265980 1220.5
1265990 1220.5
1266000 1220.4
1266010 1220.3
1266020 1220.3
1266030 1220.3
1266040 1220.2
1266050 1220.2
1266060 1220.7
1266070 1223.3
1266080 1223.3
1266090 1227.1
1266100 1228.7
1266110 1228.7
1266120 1230.2
1266130 1232.7
1266140 1232.7
1266150 1234.2
1266160 1235.6
1266170 1237.6
1266180 1237.6
1266190 1239.7
1266200 1242.2
1266210 1242.2
1266220 1243.9
1266230 1244.8
1266240 1244.8
1266250 1246.3
1266260 1248.4
1266270 1248.4
1266280 1251.2
1266290 1254.6
1266300 1254.6
1266310 1258.4
1266320 1262.1
1266330 1262.1
1266340 1265.1
1266350 1266.7
1266360 1266.7
1266370 1267.3
1266380 1269.6
1266390 1274.0
1266400 1274.0
1266410 1279.3
1266420 1283.9
1266430 1283.9
1266440 1288.1
1266450 1291.6
1266460 1291.6
1266470 1294.0
1266480 1296.1
1266490 1296.1
1266500 1297.9
1266510 1301.2
1266520 1301.2
1266530 1304.0
1266540 1306.4
1266550 1306.4
1266560 1307.6
1266570 1308.8
1266580 1310.9
1266590 1310.9
1266600 1310.8
1266610 1309.6
1266620 1309.6
1266630 1310.5
1266640 1316.8
1266650 1316.8
1266660 1315.4
1266670 1313.5
1266680 1313.5
1266690 1313.0
1266700 1313.4
1266710 1313.4
1266720 1315.3
1266730 1317.9
1266740 1317.9
1266750 1321.0
1266760 1324.5
1266770 1324.5
1266780 1328.0
1266790 1331.3
1266800 1333.8
1266810 1333.8
1266820 1335.9
1266830 1339.5
1266840 1339.5
1266850 1344.3
1266860 1348.1
1266870 1348.1
1266880 1352.4
1266890 1357.2
1266900 1357.2
1266910 1363.3
1266920 1370.7
1266930 1370.7
1266940 1378.3
1266950 1386.8
1266960 1386.8
1266970 1394.5
1266980 1401.8
1266990 1401.8
1267000 1407.0
1267010 1410.3
1267020 1413.1
1267030 1413.1
1267040 1415.2
1267050 1417.7
1267060 1417.7
1267070 1420.3
1267080 1426.2
1267090 1426.2
1267100 1432.1
1267110 1440.7
1267120 1440.7
1267130 1440.9
1267140 1445.7
1267150 1445.7
1267160 1450.8
1267170 1448.2
1267180 1448.2
1267190 1446.8
1267200 1446.5
1267210 1446.5
1267220 1455.9
1267230 1456.9
1267240 1456.0
1267250 1456.0
1267260 1457.2
1267270 1461.8
1267280 1461.8
1267290 1466.1
1267300 1473.2
1267310 1473.2
1267320 1472.9
1267330 1472.0
1267340 1472.0
1267350 1475.1
1267360 1479.7
1267370 1479.7
1267380 1480.5
1267390 1484.6
1267400 1484.6
1267410 1481.8
1267420 1473.6
1267430 1473.6
1267440 1468.8
1267450 1464.8
1267460 1464.9
1267470 1464.9
1267480 1477.7
1267490 1476.1
1267500 1476.1
1267510 1482.8
1267520 1507.5
1267530 1507.5
1267540 1520.9
1267550 1532.3
1267560 1532.3
1267570 1540.3
1267580 1552.4
1267590 1552.4
1267600 1557.5
1267610 1560.9
1267620 1560.9
1267630 1563.2
1267640 1563.9
1267650 1563.9
1267660 1564.9
1267670 1567.7
1267680 1570.5
1267690 1570.5
1267700 1574.8
1267710 1580.7
1267720 1580.7
1267730 1584.7
1267740 1594.3
1267750 1594.3
1267760 1612.6
1267770 1642.3
1267780 1642.3
1267790 1674.6
1267800 1708.2
1267810 1726.3
1267820 1739.1
1267830 1748.2
1267840 1748.2
1267850 1757.4
1267860 1761.9
1267870 1761.9
1267880 1768.8
1267890 1775.8
1267900 1777.1
1267910 1777.1
1267920 1758.9
1267930 1757.5
1267940 1757.5
1267950 1767.8
1267960 1776.4
1267970 1776.4
1267980 1786.7
1267990 1799.0
1268000 1799.0
1268010 1809.7
1268020 1820.2
1268030 1820.2
1268040 1839.5
1268050 1845.1
1268060 1845.1
1268070 1851.6
1268080 1866.8
1268090 1882.2
1268100 1882.2
1268110 1890.8
1268120 1888.8
1268130 1888.8
1268140 1882.1
1268150 1877.2
1268160 1877.2
1268170 1874.0
1268180 1865.3
1268190 1865.3
1268200 1857.4
1268210 1856.8
1268220 1856.8
1268230 1861.8
1268240 1869.7
1268250 1869.7
1268260 1875.1
1268270 1874.6
1268280 1874.6
1268290 1879.2
1268300 1885.8
1268310 1893.6
1268320 1893.6
1268330 1896.4
1268340 1905.1
1268350 1905.1
1268360 1913.5
1268370 1920.2
1268380 1920.2
1268390 1927.7
1268400 1930.1
1268410 1930.1
1268420 1922.3
1268430 1911.6
1268440 1911.6
1268450 1906.0
1268460 1903.9
1268470 1903.9
1268480 1902.2
1268490 1899.6
1268500 1899.6
1268510 1897.3
1268520 1896.2
1268530 1894.8
1268540 1894.8
1268550 1893.0
1268560 1890.5
1268570 1890.5
1268580 1885.7
1268590 1881.1
1268600 1881.1
1268610 1876.0
1268620 1871.3
1268630 1871.3
1268640 1867.4
1268650 1863.3
1268660 1863.3
1268670 1859.6
1268680 1857.2
1268690 1857.2
1268700 1854.8
1268710 1852.0
1268720 1852.0
1268730 1849.7
1268740 1846.4
1268750 1843.1
1268760 1843.1
1268770 1839.7
1268780 1835.2
1268790 1835.2
1268800 1828.3
1268810 1820.0
1268820 1820.0
1268830 1811.6
1268840 1805.6
1268850 1805.6
1268860 1802.0
1268870 1800.0
1268880 1800.0
1268890 1797.9
1268900 1794.5
1268910 1794.5
1268920 1790.1
1268930 1786.0
1268940 1786.0
1268950 1782.2
1268960 1776.4
1268970 1769.1
1268980 1771.4
1268990 1765.3
1269000 1759.8
1269010 1759.8
1269020 1754.5
1269030 1748.3
1269040 1748.3
1269050 1741.3
1269060 1733.4
1269070 1733.4
1269080 1726.4
1269090 1719.7
1269100 1719.7
1269110 1712.9
1269120 1708.3
1269130 1708.3
1269140 1703.7
1269150 1698.9
1269160 1698.9
1269170 1694.4
1269180 1690.4
1269190 1687.1
1269200 1687.1
1269210 1684.3
1269220 1686.7
1269230 1686.7
1269240 1691.3
1269250 1695.7
1269260 1695.7
1269270 1699.3
1269280 1702.8
1269290 1702.8
1269300 1706.7
1269310 1710.5
1269320 1710.5
1269330 1713.7
1269340 1715.7
1269350 1715.7
1269360 1717.1
1269370 1719.0
1269380 1722.9
1269390 1722.9
1269400 1728.1
1269410 1731.5
1269420 1731.5
1269430 1733.9
1269440 1735.8
1269450 1735.8
1269460 1737.6
1269470 1739.9
1269480 1739.9
1269490 1741.3
1269500 1741.4
1269510 1741.4
1269520 1740.8
1269530 1741.5
1269540 1741.5
1269550 1744.3
1269560 1747.0
1269570 1751.1
1269580 1753.9
1269590 1753.7
1269600 1752.8
1269610 1752.8
1269620 1754.5
1269630 1757.4
1269640 1757.4
1269650 1760.1
1269660 1762.7
1269670 1762.7
1269680 1765.2
1269690 1768.7
1269700 1768.7
1269710 1774.5
1269720 1782.1
1269730 1782.1
1269740 1788.1
1269750 1794.4
1269760 1794.4
1269770 1799.7
1269780 1804.7
1269790 1804.7
1269800 1810.1
1269810 1814.3
1269820 1818.8
1269830 1818.8
1269840 1821.0
1269850 1823.8
1269860 1823.8
1269870 1827.8
1269880 1830.7
1269890 1830.7
1269900 1833.2
1269910 1835.7
1269920 1835.7
1269930 1837.3
1269940 1838.4
1269950 1838.4
1269960 1838.4
1269970 1839.2
1269980 1839.2
1269990 1840.3
1270000 1841.6
1270010 1841.6
1270020 1843.5
1270030 1844.3
1270040 1845.1
1270050 1845.1
1270060 1846.9
1270070 1851.3
1270080 1851.3
1270090 1855.6
1270100 1859.0
1270110 1859.0
1270120 1863.5
1270130 1866.0
1270140 1866.0
1270150 1869.2
1270160 1874.0
1270170 1874.0
1270180 1878.9
1270190 1885.0
1270200 1885.0
1270210 1890.9
1270220 1897.4
1270230 1897.4
1270240 1902.0
1270250 1905.8
1270260 1909.8
1270270 1909.8
1270280 1914.7
1270290 1921.5
1270300 1921.5
1270310 1928.2
1270320 1935.8
1270330 1935.8
1270340 1940.7
1270350 1944.2
1270360 1944.2
1270370 1947.9
1270380 1947.9
1270390 1947.9
1270400 1950.3
1270410 1957.4
1270420 1957.4
1270430 1964.7
1270440 1973.0
1270450 1973.0
1270460 1976.9
1270470 1976.6
1270480 1975.1
1270490 1975.1
1270500 1973.7
1270510 1973.3
1270520 1973.3
1270530 1973.1
1270540 1972.6
1270550 1972.6
1270560 1972.8
1270570 1974.1
1270580 1974.1
1270590 1974.9
1270600 1975.2
1270610 1975.2
1270620 1975.5
1270630 1976.7
1270640 1976.7
1270650 1977.1
1270660 1977.1
1270670 1977.1
1270680 1976.7
1270690 1976.7
1270700 1977.5
1270710 1977.5
1270720 1979.1
1270730 1979.5
1270740 1979.5
1270750 1981.6
1270760 1981.2
1270770 1981.2
1270780 1980.5
1270790 1978.9
1270800 1978.9
1270810 1976.7
1270820 1974.1
1270830 1974.1
1270840 1971.5
1270850 1968.6
1270860 1968.6
1270870 1965.8
1270880 1964.3
1270890 1964.1
1270900 1964.1
1270910 1963.0
1270920 1961.3
1270930 1961.3
1270940 1961.4
1270950 1963.7
1270960 1963.7
1270970 1966.4
1270980 1969.2
1270990 1969.2
1271000 1972.4
1271010 1975.7
1271020 1975.7
1271030 1979.2
1271040 1982.9
1271050 1982.9
1271060 1986.6
1271070 1989.5
1271080 1989.5
1271090 1992.0
1271100 1994.0
1271110 1995.7
1271120 1995.7
1271130 1997.3
1271140 1998.5
1271150 1998.5
1271160 2000.0
1271170 2001.7
1271180 2001.7
1271190 2003.1
1271200 2004.6
1271210 2004.6
1271220 2006.1
1271230 2007.7
1271240 2007.7
1271250 2009.5
1271260 2012.5
1271270 2012.5
1271280 2015.7
1271290 2019.1
1271300 2019.1
1271310 2022.5
1271320 2026.5
1271330 2029.5
1271340 2025.3
1271350 2028.6
1271360 2032.0
1271370 2032.0
1271380 2035.1
1271390 2038.6
1271400 2038.6
1271410 2043.6
1271420 2048.7
1271430 2048.7
1271440 2053.4
1271450 2057.2
1271460 2057.2
1271470 2061.4
1271480 2065.6
1271490 2065.6
1271500 2069.0
1271510 2072.3
1271520 2072.3
1271530 2075.9
1271540 2079.2
1271550 2082.2
1271560 2082.2
1271570 2085.2
1271580 2088.8
1271590 2088.8
1271600 2092.1
1271610 2095.4
1271620 2095.4
1271630 2098.5
1271640 2101.5
1271650 2101.5
1271660 2105.0
1271670 2109.5
1271680 2109.5
1271690 2114.6
1271700 2119.7
1271710 2119.7
1271720 2124.4
1271730 2128.8
1271740 2128.8
1271750 2133.0
1271760 2137.2
1271770 2142.1
1271780 2142.1
1271790 2147.2
1271800 2152.1
1271810 2152.1
1271820 2157.4
1271830 2164.2
1271840 2164.2
1271850 2169.5
1271860 2173.4
1271870 2173.4
1271880 2177.9
1271890 2181.9
1271900 2181.9
1271910 2185.4
1271920 2188.8
1271930 2188.8
1271940 2191.6
1271950 2196.0
1271960 2196.0
1271970 2200.6
1271980 2204.9
1271990 2208.4
1272000 2208.4
1272010 2211.5
1272020 2214.4
1272030 2214.4
1272040 2217.0
1272050 2222.4
1272060 2222.4
1272070 2227.3
1272080 2231.8
1272090 2231.8
1272100 2235.9
1272110 2238.9
1272120 2238.9
1272130 2240.8
1272140 2242.4
1272150 2242.4
1272160 2245.1
1272170 2248.1
1272180 2251.7
1272190 2251.7
1272200 2255.9
1272210 2259.2
1272220 2259.2
1272230 2261.6
1272240 2263.5
1272250 2263.5
1272260 2264.7
1272270 2266.4
1272280 2266.4
1272290 2270.9
1272300 2272.2
1272310 2272.2
1272320 2274.0
1272330 2276.2
1272340 2276.2
1272350 2276.8
1272360 2278.7
1272370 2278.7
1272380 2279.5
1272390 2277.0
1272400 2273.9
1272410 2273.9
1272420 2270.6
1272430 2267.4
1272440 2267.4
1272450 2264.4
1272460 2261.4
1272470 2261.4
1272480 2258.0
1272490 2257.2
1272500 2257.2
1272510 2256.5
1272520 2254.1
1272530 2254.1
1272540 2251.5
1272550 2248.9
1272560 2248.9
1272570 2246.8
1272580 2245.1
1272590 2245.1
1272600 2242.9
1272610 2241.0
1272620 2239.9
1272630 2239.9
1272640 2237.4
1272650 2234.5
1272660 2234.5
1272670 2232.7
1272680 2231.5
1272690 2231.5
1272700 2230.4
1272710 2228.7
1272720 2228.7
1272730 2226.9
1272740 2225.3
1272750 2225.3
1272760 2223.6
1272770 2222.3
1272780 2222.3
1272790 2221.0
1272800 2219.5
1272810 2219.5
1272820 2218.3
1272830 2217.2
1272840 2215.4
1272850 2215.4
1272860 2213.3
1272870 2212.2
1272880 2212.2
1272890 2211.0
1272900 2208.7
1272910 2208.7
1272920 2207.0
1272930 2205.0
1272940 2205.0
1272950 2201.3
1272960 2197.9
1272970 2197.9
1272980 2195.3
1272990 2194.0
1273000 2194.0
1273010 2192.8
1273020 2191.6
1273030 2191.6
1273040 2189.5
1273050 2187.4
1273060 2185.0
1273070 2185.0
1273080 2182.4
1273090 2180.3
1273100 2180.3
1273110 2177.9
1273120 2173.7
1273130 2172.9
1273140 2167.0
1273150 2162.5
1273160 2162.5
1273170 2159.3
1273180 2156.2
1273190 2156.2
1273200 2152.8
1273210 2149.9
1273220 2149.9
1273230 2146.7
1273240 2142.7
1273250 2142.7
1273260 2138.4
1273270 2133.8
1273280 2129.9
1273290 2129.9
1273300 2126.2
1273310 2122.3
1273320 2122.3
1273330 2118.3
1273340 2114.7
1273350 2114.7
1273360 2111.6
1273370 2109.1
1273380 2109.1
1273390 2105.7
1273400 2101.6
1273410 2101.6
1273420 2098.4
1273430 2095.3
1273440 2095.3
1273450 2092.6
1273460 2092.3
1273470 2090.3
1273480 2090.3
1273490 2087.0
1273500 2084.7
1273510 2084.7
1273520 2083.7
1273530 2081.1
1273540 2081.1
1273550 2077.8
1273560 2074.4
1273570 2074.4
1273580 2071.8
1273590 2068.7
1273600 2068.7
1273610 2066.4
1273620 2064.2
1273630 2064.2
1273640 2062.1
1273650 2061.5
1273660 2061.5
1273670 2062.3
1273680 2063.2
1273690 2063.6
1273700 2063.6
1273710 2064.4
1273720 2065.5
1273730 2062.2
1273740 2062.6
1273750 2062.1
1273760 2062.1
1273770 2060.3
1273780 2058.3
1273790 2058.3
1273800 2055.3
1273810 2052.3
1273820 2052.3
1273830 2049.5
1273840 2047.4
1273850 2047.4
1273860 2045.3
1273870 2042.5
1273880 2042.5
1273890 2038.8
1273900 2033.2
1273910 2028.2
1273920 2028.2
1273930 2027.3
1273940 2026.2
1273950 2026.2
1273960 2024.6
1273970 2022.2
1273980 2022.2
1273990 2019.5
1274000 2017.4
1274010 2017.4
1274020 2015.2
1274030 2012.1
1274040 2012.1
1274050 2008.8
1274060 2007.1
1274070 2007.1
1274080 2006.2
1274090 2005.4
1274100 2005.4
1274110 2003.7
1274120 2002.4
1274130 2001.4
1274140 2001.4
1274150 2000.7
1274160 2000.1
1274170 2000.1
1274180 1998.2
1274190 1996.9
1274200 1996.9
1274210 1996.1
1274220 1994.8
1274230 1994.8
1274240 1992.8
1274250 1991.0
1274260 1991.0
1274270 1988.6
1274280 1986.2
1274290 1986.2
1274300 1983.4
1274310 1979.0
1274320 1979.0
1274330 1974.3
1274340 1969.8
1274350 1964.5
1274360 1964.5
1274370 1960.5
1274380 1958.9
1274390 1958.9
1274400 1957.2
1274410 1954.5
1274420 1954.5
1274430 1951.3
1274440 1949.8
1274450 1949.8
1274460 1948.0
1274470 1946.6
1274480 1946.6
1274490 1944.7
1274500 1942.2
1274510 1942.2
1274520 1938.7
1274530 1935.3
1274540 1935.3
1274550 1932.0
1274560 1928.3
1274570 1924.8
1274580 1924.8
1274590 1919.4
1274600 1915.3
1274610 1915.3
1274620 1913.8
1274630 1912.7
1274640 1912.7
1274650 1911.0
1274660 1909.0
1274670 1909.0
1274680 1907.4
1274690 1904.9
1274700 1904.9
1274710 1901.6
1274720 1898.5
1274730 1898.5
1274740 1894.7
1274750 1891.2
1274760 1891.2
1274770 1888.3
1274780 1886.7
1274790 1885.0
1274800 1885.0
1274810 1883.1
1274820 1880.2
1274830 1880.2
1274840 1876.8
1274850 1873.0
1274860 1873.0
1274870 1869.3
1274880 1866.6
1274890 1866.6
1274900 1863.8
1274910 1860.8
1274920 1860.8
1274930 1857.2
1274940 1850.9
1274950 1850.9
1274960 1844.7
1274970 1840.6
1274980 1838.7
1274990 1838.7
1275000 1838.0
1275010 1838.0
1275020 1838.0
1275030 1837.5
1275040 1836.4
1275050 1836.4
1275060 1834.3
1275070 1832.9
1275080 1832.9
1275090 1831.2
1275100 1830.5
1275110 1830.5
1275120 1831.0
1275130 1831.2
1275140 1831.2
1275150 1830.7
1275160 1829.7
1275170 1829.7
1275180 1828.4
1275190 1826.1
1275200 1823.1
1275210 1823.1
1275220 1819.6
1275230 1815.3
1275240 1815.3
1275250 1813.3
1275260 1814.0
1275270 1814.0
1275280 1813.5
1275290 1812.9
1275300 1812.9
1275310 1812.6
1275320 1812.2
1275330 1812.2
1275340 1811.6
1275350 1809.7
1275360 1809.7
1275370 1806.9
1275380 1804.5
1275390 1804.5
1275400 1803.0
1275410 1801.3
1275420 1802.2
1275430 1802.2
1275440 1801.9
1275450 1800.7
1275460 1800.7
1275470 1795.5
1275480 1788.3
1275490 1788.3
1275500 1782.7
1275510 1779.6
1275520 1779.6
1275530 1777.9
1275540 1776.8
1275550 1774.9
1275560 1774.3
1275570 1771.9
1275580 1771.9
1275590 1767.8
1275600 1764.1
1275610 1764.1
1275620 1760.8
1275630 1757.2
1275640 1753.9
1275650 1753.9
1275660 1750.6
1275670 1747.0
1275680 1747.0
1275690 1743.2
1275700 1739.9
1275710 1739.9
1275720 1736.7
1275730 1734.0
1275740 1734.0
1275750 1731.6
1275760 1727.7
1275770 1727.7
1275780 1722.7
1275790 1718.0
1275800 1718.0
1275810 1714.3
1275820 1710.0
1275830 1710.0
1275840 1705.4
1275850 1701.5
1275860 1698.0
1275870 1698.0
1275880 1695.5
1275890 1693.6
1275900 1693.6
1275910 1690.9
1275920 1687.2
1275930 1687.2
1275940 1684.9
1275950 1683.5
1275960 1683.5
1275970 1683.1
1275980 1682.0
1275990 1682.0
1276000 1678.7
1276010 1673.6
1276020 1673.6
1276030 1669.1
1276040 1663.4
1276050 1663.4
1276060 1657.3
1276070 1651.9
1276080 1647.4
1276090 1647.4
1276100 1642.9
1276110 1637.5
1276120 1637.5
1276130 1631.4
1276140 1628.3
1276150 1625.8
1276160 1622.4
1276170 1618.8
1276180 1618.8
1276190 1615.9
1276200 1615.3
1276210 1615.3
1276220 1615.4
1276230 1615.2
1276240 1615.2
1276250 1613.0
1276260 1610.1
1276270 1607.9
1276280 1607.9
1276290 1604.8
1276300 1600.7
1276310 1600.7
1276320 1593.7
1276330 1588.0
1276340 1588.0
1276350 1583.5
1276360 1581.4
1276370 1581.4
1276380 1578.9
1276390 1575.4
1276400 1575.4
1276410 1571.1
1276420 1567.7
1276430 1567.7
1276440 1566.0
1276450 1562.5
1276460 1562.5
1276470 1559.5
1276480 1558.8
1276490 1558.6
1276500 1558.6
1276510 1555.6
1276520 1551.3
1276530 1551.3
1276540 1547.5
1276550 1544.9
1276560 1544.9
1276570 1543.3
1276580 1542.3
1276590 1542.3
1276600 1541.6
1276610 1540.2
1276620 1540.2
1276630 1538.4
1276640 1536.4
1276650 1536.4
1276660 1534.7
1276670 1533.3
1276680 1533.3
1276690 1532.3
1276700 1531.6
1276710 1530.6
1276720 1530.6
1276730 1529.4
1276740 1527.2
1276750 1527.2
1276760 1526.2
1276770 1523.5
1276780 1523.5
1276790 1520.8
1276800 1519.6
1276810 1519.6
1276820 1517.4
1276830 1513.6
1276840 1513.6
1276850 1509.3
1276860 1505.8
1276870 1505.8
1276880 1502.9
1276890 1500.0
1276900 1500.0
1276910 1495.8
1276920 1491.3
1276930 1486.5
1276940 1486.5
1276950 1480.8
1276960 1475.3
1276970 1475.3
1276980 1470.8
1276990 1466.1
1277000 1466.1
1277010 1460.6
1277020 1454.3
1277030 1454.3
1277040 1447.2
1277050 1441.1
1277060 1441.1
1277070 1437.4
1277080 1435.9
1277090 1435.9
1277100 1434.5
1277110 1431.9
1277120 1431.9
1277130 1429.3
1277140 1426.5
1277150 1422.9
1277160 1422.9
1277170 1419.6
1277180 1417.6
1277190 1417.6
1277200 1415.3
1277210 1412.5
1277220 1412.5
1277230 1409.3
1277240 1405.3
1277250 1405.3
1277260 1402.3
1277270 1399.7
1277280 1399.7
1277290 1397.6
1277300 1396.5
1277310 1396.5
1277320 1395.1
1277330 1393.6
1277340 1393.6
1277350 1392.1
1277360 1390.1
1277370 1386.8
1277380 1386.8
1277390 1384.1
1277400 1382.4
1277410 1382.4
1277420 1381.3
1277430 1380.5
1277440 1380.5
1277450 1379.8
1277460 1379.4
1277470 1379.4
1277480 1379.0
1277490 1378.4
1277500 1378.4
1277510 1377.5
1277520 1376.1
1277530 1376.1
1277540 1374.8
1277550 1373.2
1277560 1370.7
1277570 1370.7
1277580 1367.5
1277590 1364.5
1277600 1364.5
1277610 1362.2
1277620 1360.1
1277630 1360.1
1277640 1358.6
1277650 1358.1
1277660 1358.1
1277670 1357.4
1277680 1356.7
1277690 1356.7
1277700 1356.0
1277710 1355.4
1277720 1355.4
1277730 1354.7
1277740 1354.2
1277750 1354.2
1277760 1353.8
1277770 1353.5
1277780 1353.3
1277790 1353.3
1277800 1353.2
1277810 1353.1
1277820 1353.1
1277830 1352.7
1277840 1352.5
1277850 1352.5
1277860 1352.2
1277870 1351.5
1277880 1351.5
1277890 1350.5
1277900 1349.3
1277910 1349.3
1277920 1348.0
1277930 1346.5
1277940 1346.5
1277950 1344.9
1277960 1343.6
1277970 1343.6
1277980 1342.7
1277990 1342.0
1278000 1342.3
1278010 1342.3
1278020 1342.9
1278030 1345.1
1278040 1345.1
1278050 1346.9
1278060 1346.3
1278070 1346.3
1278080 1345.5
1278090 1342.3
1278100 1342.3
1278110 1337.4
1278120 1332.3
1278130 1332.3
1278140 1325.4
1278150 1320.7
1278160 1320.7
1278170 1320.9
1278180 1321.2
1278190 1321.2
1278200 1317.3
1278210 1307.8
1278220 1297.9
1278230 1297.9
1278240 1286.2
1278250 1275.1
1278260 1275.1
1278270 1265.8
1278280 1258.5
1278290 1258.5
1278300 1252.2
1278310 1245.4
1278320 1245.4
1278330 1238.3
1278340 1231.6
1278350 1231.6
1278360 1223.9
1278370 1211.4
1278380 1211.4
1278390 1195.9
1278400 1183.8
1278410 1183.8
1278420 1174.0
1278430 1166.6
1278440 1158.8
1278450 1158.8
1278460 1150.8
1278470 1142.6
1278480 1142.6
1278490 1135.5
1278500 1133.5
1278510 1133.5
1278520 1132.2
1278530 1130.0
1278540 1130.0
1278550 1130.3
1278560 1131.5
1278570 1131.5
1278580 1136.2
1278590 1139.1
1278600 1141.3
1278610 1144.4
1278620 1147.7
1278630 1147.7
1278640 1151.3
1278650 1154.6
1278660 1158.2
1278670 1158.2
1278680 1162.2
1278690 1167.4
1278700 1167.4
1278710 1172.9
1278720 1178.6
1278730 1178.6
1278740 1185.0
1278750 1191.9
1278760 1191.9
1278770 1199.1
1278780 1207.8
1278790 1207.8
1278800 1217.6
1278810 1225.8
1278820 1225.8
1278830 1231.6
1278840 1235.4
1278850 1244.8
1278860 1244.8
1278870 1252.6
1278880 1260.4
1278890 1260.4
1278900 1268.1
1278910 1274.8
1278920 1274.8
1278930 1281.3
1278940 1287.5
1278950 1287.5
1278960 1292.6
1278970 1297.3
1278980 1297.3
1278990 1302.3
1279000 1308.9
1279010 1308.9
1279020 1315.8
1279030 1322.4
1279040 1322.4
1279050 1328.5
1279060 1334.5
1279070 1341.9
1279080 1341.9
1279090 1349.3
1279100 1355.7
1279110 1355.7
1279120 1362.4
1279130 1369.3
1279140 1369.3
1279150 1376.1
1279160 1382.9
1279170 1382.9
1279180 1387.9
1279190 1392.3
1279200 1392.3
1279210 1396.2
1279220 1398.4
1279230 1398.4
1279240 1402.4
1279250 1406.9
1279260 1406.9
1279270 1411.7
1279280 1416.9
1279290 1422.3
1279300 1422.3
1279310 1427.7
1279320 1433.6
1279330 1433.6
1279340 1439.3
1279350 1444.7
1279360 1444.7
1279370 1450.3
1279380 1456.2
1279390 1456.2
1279400 1463.3
1279410 1469.8
1279420 1469.8
1279430 1476.0
1279440 1482.4
1279450 1482.4
1279460 1488.7
1279470 1495.1
1279480 1495.1
1279490 1501.7
1279500 1507.9
1279510 1513.9
1279520 1513.9
1279530 1520.5
1279540 1528.5
1279550 1528.5
1279560 1536.0
1279570 1540.8
1279580 1540.8
1279590 1545.5
1279600 1551.1
1279610 1551.1
1279620 1557.0
1279630 1563.1
1279640 1563.1
1279650 1568.4
1279660 1574.5
1279670 1574.5
1279680 1580.4
1279690 1584.9
1279700 1584.9
1279710 1589.6
1279720 1595.2
1279730 1600.6
1279740 1600.6
1279750 1606.1
1279760 1612.0
1279770 1612.0
1279780 1617.0
1279790 1622.1
1279800 1622.1
1279810 1628.2
1279820 1634.2
1279830 1634.2
1279840 1637.7
1279850 1643.4
1279860 1643.4
1279870 1649.0
1279880 1653.9
1279890 1653.9
1279900 1658.6
1279910 1662.5
1279920 1666.6
1279930 1666.6
1279940 1671.1
1279950 1676.6
1279960 1676.6
1279970 1682.0
1279980 1687.5
1279990 1687.5
1260000 2321
1260010 2320
1260020 2320
1260030 2321
1260040 2323
1260050 2325
1260060 2327
1260070 2330
1260080 2333
1260090 2335
1260100 2337
1260110 2339
1260120 2342
1260130 2346
1260140 2349
1260150 2353
1260160 2357
1260170 2362
1260180 2365
1260190 2369
1260200 2372
1260210 2374
1260220 2377
1260230 2381
1260240 2385
1260250 2392
1260260 2399
1260270 2402
1260280 2411
1260290 2421
1260300 2425
1260310 2432
1260320 2439
1260330 2440
1260340 2436
1260350 2432
1260360 2432
1260370 2430
1260380 2428
1260390 2427
1260400 2429
1260410 2434
1260420 2441
1260430 2440
1260440 2440
1260450 2440
1260460 2445
1260470 2450
1260480 2456
1260490 2459
1260500 2457
1260510 2452
1260520 2446
1260530 2443
1260540 2439
1260550 2429
1260560 2431
1260570 2430
1260580 2415
1260590 2406
1260600 2400
1260610 2399
1260620 2393
1260630 2387
1260640 2380
1260650 2376
1260660 2372
1260670 2369
1260680 2371
1260690 2371
1260700 2370
1260710 2372
1260720 2370
1260730 2367
1260740 2369
1260750 2373
1260760 2377
1260770 2380
1260780 2382
1260790 2383
1260800 2381
1260810 2381
1260820 2380
1260830 2380
1260840 2374
1260850 2368
1260860 2362
1260870 2355
1260880 2349
1260890 2343
1260900 2337
1260910 2332
1260920 2327
1260930 2321
1260940 2315
1260950 2310
1260960 2305
1260970 2302
1260980 2297
1260990 2291
1261000 2285
1261010 2278
1261020 2273
1261030 2268
1261040 2262
1261050 2256
1261060 2251
1261070 2247
1261080 2242
1261090 2238
1261100 2233
1261110 2229
1261120 2224
1261130 2219
1261140 2215
1261150 2210
1261160 2206
1261170 2202
1261180 2198
1261190 2193
1261200 2189
1261210 2185
1261220 2181
1261230 2177
1261240 2173
1261250 2169
1261260 2164
1261270 2160
1261280 2156
1261290 2152
1261300 2149
1261310 2145
1261320 2141
1261330 2137
1261340 2133
1261350 2130
1261360 2126
1261370 2123
1261380 2120
1261390 2117
1261400 2115
1261410 2112
1261420 2109
1261430 2105
1261440 2100
1261450 2095
1261460 2091
1261470 2086
1261480 2081
1261490 2076
1261500 2072
1261510 2067
1261520 2062
1261530 2057
1261540 2051
1261550 2044
1261560 2039
1261570 2034
1261580 2029
1261590 2024
1261600 2017
1261610 2011
1261620 2006
1261630 2002
1261640 1998
1261650 1993
1261660 1989
1261670 1984
1261680 1980
1261690 1978
1261700 1975
1261710 1973
1261720 1972
1261730 1980
1261740 1993
1261750 1991
1261760 1984
1261770 1976
1261780 1968
1261790 1961
1261800 1955
1261810 1948
1261820 1942
1261830 1936
1261840 1930
1261850 1917
1261860 1902
1261870 1885
1261880 1873
1261890 1872
1261900 1886
1261910 1893
1261920 1891
1261930 1880
1261940 1869
1261950 1859
1261960 1851
1261970 1843
1261980 1835
1261990 1828
1262000 1822
1262010 1817
1262020 1814
1262030 1813
1262040 1822
1262050 1831
1262060 1833
1262070 1830
1262080 1825
1262090 1817
1262100 1814
1262110 1816
1262120 1822
1262130 1836
1262140 1842
1262150 1841
1262160 1835
1262170 1830
1262180 1825
1262190 1819
1262200 1811
1262210 1801
1262220 1794
1262230 1787
1262240 1780
1262250 1772
1262260 1763
1262270 1756
1262280 1752
1262290 1749
1262300 1746
1262310 1742
1262320 1737
1262330 1733
1262340 1730
1262350 1725
1262360 1721
1262370 1718
1262380 1715
1262390 1711
1262400 1707
1262410 1702
1262420 1698
1262430 1694
1262440 1689
1262450 1685
1262460 1681
1262470 1677
1262480 1672
1262490 1667
1262500 1663
1262510 1658
1262520 1653
1262530 1648
1262540 1642
1262550 1637
1262560 1632
1262570 1628
1262580 1623
1262590 1620
1262600 1618
1262610 1614
1262620 1610
1262630 1606
1262640 1601
1262650 1597
1262660 1593
1262670 1588
1262680 1584
1262690 1579
1262700 1576
1262710 1573
1262720 1570
1262730 1567
1262740 1564
1262750 1561
1262760 1559
1262770 1558
1262780 1557
1262790 1556
1262800 1554
1262810 1552
1262820 1550
1262830 1548
1262840 1545
1262850 1542
1262860 1539
1262870 1536
1262880 1533
1262890 1530
1262900 1527
1262910 1525
1262920 1522
1262930 1519
1262940 1515
1262950 1511
1262960 1508
1262970 1504
1262980 1501
1262990 1497
1263000 1493
1263010 1490
1263020 1486
1263030 1483
1263040 1479
1263050 1475
1263060 1471
1263070 1467
1263080 1462
1263090 1458
1263100 1455
1263110 1451
1263120 1447
1263130 1444
1263140 1445
1263150 1445
1263160 1445
1263170 1445
1263180 1444
1263190 1442
1263200 1440
1263210 1439
1263220 1437
1263230 1436
1263240 1434
1263250 1433
1263260 1432
1263270 1434
1263280 1436
1263290 1440
1263300 1441
1263310 1440
1263320 1437
1263330 1433
1263340 1428
1263350 1424
1263360 1418
1263370 1413
1263380 1409
1263390 1403
1263400 1398
1263410 1393
1263420 1388
1263430 1384
1263440 1382
1263450 1382
1263460 1382
1263470 1381
1263480 1381
1263490 1378
1263500 1373
1263510 1370
1263520 1369
1263530 1367
1263540 1363
1263550 1364
1263560 1365
1263570 1366
1263580 1365
1263590 1362
1263600 1360
1263610 1358
1263620 1356
1263630 1354
1263640 1352
1263650 1351
1263660 1351
1263670 1350
1263680 1347
1263690 1344
1263700 1342
1263710 1340
1263720 1338
1263730 1336
1263740 1334
1263750 1332
1263760 1330
1263770 1327
1263780 1324
1263790 1321
1263800 1319
1263810 1318
1263820 1316
1263830 1313
1263840 1312
1263850 1310
1263860 1307
1263870 1305
1263880 1303
1263890 1300
1263900 1298
1263910 1295
1263920 1293
1263930 1291
1263940 1289
1263950 1287
1263960 1285
1263970 1284
1263980 1282
1263990 1281
1264000 1279
1264010 1278
1264020 1276
1264030 1275
1264040 1273
1264050 1272
1264060 1270
1264070 1269
1264080 1267
1264090 1266
1264100 1265
1264110 1264
1264120 1262
1264130 1261
1264140 1260
1264150 1259
1264160 1257
1264170 1256
1264180 1255
1264190 1254
1264200 1253
1264210 1252
1264220 1251
1264230 1250
1264240 1249
1264250 1249
1264260 1248
1264270 1247
1264280 1247
1264290 1246
1264300 1245
1264310 1244
1264320 1244
1264330 1243
1264340 1242
1264350 1240
1264360 1239
1264370 1239
1264380 1238
1264390 1237
1264400 1237
1264410 1236
1264420 1235
1264430 1235
1264440 1234
1264450 1233
1264460 1232
1264470 1232
1264480 1231
1264490 1231
1264500 1230
1264510 1230
1264520 1230
1264530 1229
1264540 1229
1264550 1229
1264560 1229
1264570 1229
1264580 1229
1264590 1229
1264600 1229
1264610 1229
1264620 1229
1264630 1229
1264640 1229
1264650 1229
1264660 1229
1264670 1229
1264680 1229
1264690 1229
1264700 1229
1264710 1229
1264720 1229
1264730 1229
1264740 1229
1264750 1229
1264760 1229
1264770 1229
1264780 1229
1264790 1230
1264800 1230
1264810 1230
1264820 1231
1264830 1231
1264840 1232
1264850 1232
1264860 1232
1264870 1233
1264880 1233
1264890 1233
1264900 1234
1264910 1234
1264920 1234
1264930 1235
1264940 1235
1264950 1235
1264960 1235
1264970 1235
1264980 1235
1264990 1235
1265000 1235
1265010 1235
1265020 1235
1265030 1235
1265040 1235
1265050 1236
1265060 1235
1265070 1235
1265080 1235
1265090 1235
1265100 1235
1265110 1235
1265120 1235
1265130 1235
1265140 1235
1265150 1235
1265160 1235
1265170 1235
1265180 1235
1265190 1235
1265200 1235
1265210 1235
1265220 1234
1265230 1234
1265240 1233
1265250 1233
1265260 1234
1265270 1234
1265280 1234
1265290 1234
1265300 1234
1265310 1234
1265320 1234
1265330 1234
1265340 1233
1265350 1233
1265360 1233
1265370 1233
1265380 1233
1265390 1233
1265400 1233
1265410 1232
1265420 1232
1265430 1232
1265440 1232
1265450 1232
1265460 1232
1265470 1231
1265480 1231
1265490 1231
1265500 1230
1265510 1230
1265520 1229
1265530 1229
1265540 1229
1265550 1229
1265560 1228
1265570 1228
1265580 1228
1265590 1227
1265600 1227
1265610 1226
1265620 1225
1265630 1225
1265640 1225
1265650 1224
1265660 1223
1265670 1222
1265680 1221
1265690 1221
1265700 1221
1265710 1221
1265720 1221
1265730 1222
1265740 1223
1265750 1225
1265760 1224
1265770 1223
1265780 1223
1265790 1224
1265800 1226
1265810 1227
1265820 1228
1265830 1228
1265840 1228
1265850 1228
1265860 1229
1265870 1228
1265880 1228
1265890 1225
1265900 1222
1265910 1221
1265920 1221
1265930 1221
1265940 1221
1265950 1221
1265960 1220
1265970 1220
1265980 1220
1265990 1220
1266000 1220
1266010 1220
1266020 1220
1266030 1220
1266040 1220
1266050 1220
1266060 1220
1266070 1221
1266080 1223
1266090 1226
1266100 1227
1266110 1229
1266120 1230
1266130 1231
1266140 1232
1266150 1233
1266160 1234
1266170 1235
1266180 1236
1266190 1238
1266200 1240
1266210 1241
1266220 1242
1266230 1243
1266240 1243
1266250 1245
1266260 1247
1266270 1248
1266280 1250
1266290 1253
1266300 1255
1266310 1258
1266320 1260
1266330 1262
1266340 1264
1266350 1265
1266360 1266
1266370 1267
1266380 1269
1266390 1272
1266400 1276
1266410 1279
1266420 1282
1266430 1285
1266440 1287
1266450 1290
1266460 1292
1266470 1293
1266480 1295
1266490 1296
1266500 1298
1266510 1300
1266520 1302
1266530 1304
1266540 1306
1266550 1307
1266560 1308
1266570 1309
1266580 1310
1266590 1311
1266600 1311
1266610 1311
1266620 1310
1266630 1311
1266640 1312
1266650 1312
1266660 1311
1266670 1310
1266680 1309
1266690 1309
1266700 1309
1266710 1310
1266720 1312
1266730 1313
1266740 1316
1266750 1318
1266760 1320
1266770 1323
1266780 1325
1266790 1328
1266800 1329
1266810 1331
1266820 1332
1266830 1335
1266840 1338
1266850 1341
1266860 1344
1266870 1346
1266880 1350
1266890 1353
1266900 1357
1266910 1362
1266920 1367
1266930 1372
1266940 1377
1266950 1383
1266960 1388
1266970 1393
1266980 1398
1266990 1402
1267000 1406
1267010 1409
1267020 1411
1267030 1412
1267040 1414
1267050 1416
1267060 1418
1267070 1420
1267080 1425
1267090 1429
1267100 1431
1267110 1438
1267120 1441
1267130 1440
1267140 1445
1267150 1449
1267160 1452
1267170 1450
1267180 1448
1267190 1448
1267200 1448
1267210 1449
1267220 1449
1267230 1451
1267240 1451
1267250 1451
1267260 1453
1267270 1455
1267280 1457
1267290 1460
1267300 1466
1267310 1469
1267320 1466
1267330 1466
1267340 1468
1267350 1471
1267360 1472
1267370 1474
1267380 1475
1267390 1481
1267400 1482
1267410 1478
1267420 1472
1267430 1468
1267440 1464
1267450 1461
1267460 1462
1267470 1465
1267480 1475
1267490 1473
1267500 1474
1267510 1484
1267520 1500
1267530 1513
1267540 1521
1267550 1528
1267560 1534
1267570 1539
1267580 1548
1267590 1554
1267600 1557
1267610 1559
1267620 1561
1267630 1563
1267640 1563
1267650 1564
1267660 1565
1267670 1567
1267680 1569
1267690 1571
1267700 1574
1267710 1578
1267720 1582
1267730 1585
1267740 1591
1267750 1599
1267760 1610
1267770 1635
1267780 1661
1267790 1687
1267800 1703
1267810 1718
1267820 1731
1267830 1739
1267840 1742
1267850 1739
1267860 1720
1267870 1716
1267880 1717
1267890 1715
1267900 1732
1267910 1746
1267920 1746
1267930 1753
1267940 1761
1267950 1771
1267960 1776
1267970 1783
1267980 1792
1267990 1799
1268000 1806
1268010 1814
1268020 1816
1268030 1827
1268040 1843
1268050 1848
1268060 1851
1268070 1854
1268080 1864
1268090 1875
1268100 1885
1268110 1890
1268120 1888
1268130 1885
1268140 1880
1268150 1876
1268160 1874
1268170 1874
1268180 1867
1268190 1861
1268200 1856
1268210 1855
1268220 1857
1268230 1862
1268240 1868
1268250 1872
1268260 1875
1268270 1874
1268280 1877
1268290 1881
1268300 1886
1268310 1890
1268320 1894
1268330 1896
1268340 1902
1268350 1908
1268360 1914
1268370 1918
1268380 1922
1268390 1926
1268400 1927
1268410 1925
1268420 1919
1268430 1912
1268440 1906
1268450 1902
1268460 1900
1268470 1899
1268480 1898
1268490 1897
1268500 1896
1268510 1895
1268520 1895
1268530 1894
1268540 1893
1268550 1891
1268560 1890
1268570 1887
1268580 1884
1268590 1881
1268600 1877
1268610 1874
1268620 1871
1268630 1868
1268640 1865
1268650 1863
1268660 1860
1268670 1858
1268680 1856
1268690 1855
1268700 1853
1268710 1851
1268720 1850
1268730 1848
1268740 1846
1268750 1844
1268760 1841
1268770 1839
1268780 1836
1268790 1832
1268800 1828
1268810 1822
1268820 1816
1268830 1810
1268840 1807
1268850 1804
1268860 1801
1268870 1800
1268880 1799
1268890 1797
1268900 1795
1268910 1792
1268920 1789
1268930 1787
1268940 1784
1268950 1781
1268960 1777
1268970 1772
1268980 1767
1268990 1762
1269000 1758
1269010 1754
1269020 1751
1269030 1747
1269040 1742
1269050 1737
1269060 1733
1269070 1728
1269080 1724
1269090 1719
1269100 1713
1269110 1708
1269120 1705
1269130 1703
1269140 1700
1269150 1697
1269160 1694
1269170 1691
1269180 1688
1269190 1686
1269200 1685
1269210 1683
1269220 1685
1269230 1687
1269240 1691
1269250 1694
1269260 1697
1269270 1699
1269280 1701
1269290 1704
1269300 1707
1269310 1709
1269320 1711
1269330 1713
1269340 1715
1269350 1716
1269360 1717
1269370 1719
1269380 1721
1269390 1724
1269400 1728
1269410 1730
1269420 1732
1269430 1733
1269440 1735
1269450 1736
1269460 1737
1269470 1739
1269480 1740
1269490 1741
1269500 1741
1269510 1741
1269520 1741
1269530 1741
1269540 1743
1269550 1745
1269560 1747
1269570 1749
1269580 1750
1269590 1750
1269600 1750
1269610 1751
1269620 1753
1269630 1755
1269640 1757
1269650 1759
1269660 1761
1269670 1763
1269680 1765
1269690 1767
1269700 1770
1269710 1774
1269720 1779
1269730 1783
1269740 1788
1269750 1792
1269760 1796
1269770 1799
1269780 1803
1269790 1807
1269800 1810
1269810 1813
1269820 1816
1269830 1819
1269840 1820
1269850 1822
1269860 1824
1269870 1827
1269880 1829
1269890 1831
1269900 1832
1269910 1834
1269920 1836
1269930 1837
1269940 1838
1269950 1838
1269960 1838
1269970 1838
1269980 1839
1269990 1840
1270000 1841
1270010 1842
1270020 1843
1270030 1843
1270040 1844
1270050 1845
1270060 1846
1270070 1850
1270080 1853
1270090 1855
1270100 1857
1270110 1860
1270120 1863
1270130 1865
1270140 1867
1270150 1869
1270160 1872
1270170 1876
1270180 1879
1270190 1884
1270200 1888
1270210 1892
1270220 1896
1270230 1899
1270240 1903
1270250 1905
1270260 1908
1270270 1911
1270280 1915
1270290 1919
1270300 1924
1270310 1928
1270320 1934
1270330 1938
1270340 1941
1270350 1942
1270360 1945
1270370 1947
1270380 1946
1270390 1948
1270400 1951
1270410 1956
1270420 1962
1270430 1967
1270440 1973
1270450 1975
1270460 1976
1270470 1975
1270480 1974
1270490 1973
1270500 1972
1270510 1972
1270520 1972
1270530 1972
1270540 1972
1270550 1972
1270560 1972
1270570 1973
1270580 1974
1270590 1974
1270600 1975
1270610 1975
1270620 1975
1270630 1976
1270640 1977
1270650 1977
1270660 1977
1270670 1976
1270680 1976
1270690 1976
1270700 1977
1270710 1978
1270720 1979
1270730 1979
1270740 1979
1270750 1979
1270760 1979
1270770 1979
1270780 1978
1270790 1977
1270800 1976
1270810 1974
1270820 1973
1270830 1971
1270840 1969
1270850 1967
1270860 1965
1270870 1964
1270880 1963
1270890 1962
1270900 1962
1270910 1961
1270920 1960
1270930 1960
1270940 1961
1270950 1963
1270960 1965
1270970 1967
1270980 1969
1270990 1971
1271000 1973
1271010 1975
1271020 1977
1271030 1980
1271040 1982
1271050 1985
1271060 1987
1271070 1989
1271080 1991
1271090 1993
1271100 1994
1271110 1995
1271120 1996
1271130 1997
1271140 1997
1271150 1998
1271160 2000
1271170 2001
1271180 2002
1271190 2003
1271200 2004
1271210 2005
1271220 2006
1271230 2007
1271240 2008
1271250 2009
1271260 2011
1271270 2013
1271280 2016
1271290 2018
1271300 2020
1271310 2022
1271320 2025
1271330 2028
1271340 2030
1271350 2031
1271360 2032
1271370 2034
1271380 2036
1271390 2038
1271400 2040
1271410 2041
1271420 2044
1271430 2047
1271440 2050
1271450 2053
1271460 2056
1271470 2060
1271480 2063
1271490 2066
1271500 2069
1271510 2071
1271520 2073
1271530 2075
1271540 2078
1271550 2080
1271560 2082
1271570 2084
1271580 2086
1271590 2089
1271600 2091
1271610 2093
1271620 2096
1271630 2098
1271640 2100
1271650 2102
1271660 2105
1271670 2108
1271680 2111
1271690 2115
1271700 2118
1271710 2121
1271720 2125
1271730 2128
1271740 2131
1271750 2133
1271760 2136
1271770 2140
1271780 2143
1271790 2146
1271800 2150
1271810 2153
1271820 2157
1271830 2162
1271840 2166
1271850 2169
1271860 2172
1271870 2175
1271880 2178
1271890 2181
1271900 2183
1271910 2185
1271920 2188
1271930 2190
1271940 2193
1271950 2196
1271960 2199
1271970 2202
1271980 2205
1271990 2207
1272000 2210
1272010 2212
1272020 2214
1272030 2216
1272040 2217
1272050 2222
1272060 2225
1272070 2229
1272080 2232
1272090 2235
1272100 2237
1272110 2239
1272120 2241
1272130 2242
1272140 2243
1272150 2244
1272160 2246
1272170 2248
1272180 2250
1272190 2253
1272200 2256
1272210 2258
1272220 2260
1272230 2261
1272240 2263
1272250 2264
1272260 2264
1272270 2265
1272280 2268
1272290 2271
1272300 2272
1272310 2273
1272320 2274
1272330 2276
1272340 2276
1272350 2276
1272360 2278
1272370 2279
1272380 2278
1272390 2277
1272400 2275
1272410 2273
1272420 2270
1272430 2268
1272440 2266
1272450 2264
1272460 2262
1272470 2259
1272480 2257
1272490 2257
1272500 2257
1272510 2256
1272520 2254
1272530 2252
1272540 2250
1272550 2248
1272560 2247
1272570 2245
1272580 2244
1272590 2242
1272600 2241
1272610 2240
1272620 2239
1272630 2238
1272640 2236
1272650 2234
1272660 2232
1272670 2231
1272680 2231
1272690 2230
1272700 2229
1272710 2228
1272720 2227
1272730 2225
1272740 2225
1272750 2224
1272760 2223
1272770 2222
1272780 2221
1272790 2220
1272800 2219
1272810 2218
1272820 2217
1272830 2216
1272840 2215
1272850 2214
1272860 2212
1272870 2212
1272880 2211
1272890 2210
1272900 2209
1272910 2207
1272920 2206
1272930 2205
1272940 2203
1272950 2200
1272960 2198
1272970 2196
1272980 2195
1272990 2194
1273000 2193
1273010 2192
1273020 2191
1273030 2190
1273040 2189
1273050 2187
1273060 2186
1273070 2184
1273080 2182
1273090 2181
1273100 2179
1273110 2177
1273120 2174
1273130 2171
1273140 2167
1273150 2163
1273160 2161
1273170 2159
1273180 2157
1273190 2154
1273200 2152
1273210 2150
1273220 2148
1273230 2145
1273240 2143
1273250 2140
1273260 2137
1273270 2134
1273280 2131
1273290 2128
1273300 2126
1273310 2123
1273320 2120
1273330 2118
1273340 2115
1273350 2113
1273360 2111
1273370 2109
1273380 2107
1273390 2104
1273400 2102
1273410 2100
1273420 2099
1273430 2097
1273440 2094
1273450 2093
1273460 2093
1273470 2092
1273480 2090
1273490 2087
1273500 2085
1273510 2084
1273520 2084
1273530 2082
1273540 2080
1273550 2078
1273560 2075
1273570 2073
1273580 2071
1273590 2069
1273600 2067
1273610 2066
1273620 2064
1273630 2062
1273640 2061
1273650 2061
1273660 2061
1273670 2062
1273680 2062
1273690 2062
1273700 2063
1273710 2063
1273720 2064
1273730 2064
1273740 2065
1273750 2064
1273760 2063
1273770 2062
1273780 2060
1273790 2059
1273800 2057
1273810 2054
1273820 2052
1273830 2050
1273840 2048
1273850 2046
1273860 2045
1273870 2043
1273880 2041
1273890 2038
1273900 2034
1273910 2030
1273920 2028
1273930 2027
1273940 2027
1273950 2026
1273960 2024
1273970 2022
1273980 2021
1273990 2019
1274000 2017
1274010 2016
1274020 2014
1274030 2012
1274040 2010
1274050 2008
1274060 2007
1274070 2006
1274080 2005
1274090 2005
1274100 2004
1274110 2003
1274120 2002
1274130 2001
1274140 2001
1274150 2000
1274160 2000
1274170 1999
1274180 1998
1274190 1997
1274200 1996
1274210 1995
1274220 1995
1274230 1993
1274240 1992
1274250 1991
1274260 1989
1274270 1988
1274280 1986
1274290 1985
1274300 1982
1274310 1979
1274320 1976
1274330 1973
1274340 1970
1274350 1966
1274360 1963
1274370 1960
1274380 1960
1274390 1959
1274400 1957
1274410 1956
1274420 1954
1274430 1952
1274440 1951
1274450 1950
1274460 1948
1274470 1947
1274480 1946
1274490 1945
1274500 1943
1274510 1940
1274520 1937
1274530 1935
1274540 1933
1274550 1931
1274560 1928
1274570 1926
1274580 1923
1274590 1920
1274600 1916
1274610 1914
1274620 1913
1274630 1913
1274640 1912
1274650 1910
1274660 1909
1274670 1908
1274680 1907
1274690 1905
1274700 1903
1274710 1901
1274720 1899
1274730 1896
1274740 1894
1274750 1891
1274760 1889
1274770 1888
1274780 1886
1274790 1885
1274800 1884
1274810 1882
1274820 1880
1274830 1878
1274840 1876
1274850 1873
1274860 1871
1274870 1868
1274880 1866
1274890 1865
1274900 1863
1274910 1860
1274920 1858
1274930 1855
1274940 1852
1274950 1848
1274960 1845
1274970 1843
1274980 1841
1274990 1840
1275000 1839
1275010 1839
1275020 1838
1275030 1838
1275040 1837
1275050 1836
1275060 1835
1275070 1834
1275080 1833
1275090 1832
1275100 1831
1275110 1831
1275120 1831
1275130 1831
1275140 1831
1275150 1831
1275160 1830
1275170 1830
1275180 1828
1275190 1827
1275200 1825
1275210 1823
1275220 1821
1275230 1818
1275240 1815
1275250 1814
1275260 1814
1275270 1814
1275280 1813
1275290 1813
1275300 1813
1275310 1812
1275320 1812
1275330 1812
1275340 1811
1275350 1810
1275360 1808
1275370 1806
1275380 1805
1275390 1803
1275400 1802
1275410 1801
1275420 1802
1275430 1802
1275440 1802
1275450 1802
1275460 1799
1275470 1795
1275480 1790
1275490 1785
1275500 1782
1275510 1779
1275520 1778
1275530 1776
1275540 1776
1275550 1775
1275560 1775
1275570 1774
1275580 1772
1275590 1770
1275600 1767
1275610 1765
1275620 1762
1275630 1759
1275640 1755
1275650 1753
1275660 1750
1275670 1748
1275680 1745
1275690 1743
1275700 1741
1275710 1739
1275720 1737
1275730 1735
1275740 1733
1275750 1731
1275760 1729
1275770 1726
1275780 1722
1275790 1719
1275800 1716
1275810 1714
1275820 1711
1275830 1707
1275840 1704
1275850 1702
1275860 1699
1275870 1697
1275880 1695
1275890 1694
1275900 1693
1275910 1691
1275920 1688
1275930 1686
1275940 1685
1275950 1684
1275960 1683
1275970 1683
1275980 1682
1275990 1680
1276000 1677
1276010 1674
1276020 1671
1276030 1667
1276040 1663
1276050 1659
1276060 1655
1276070 1652
1276080 1649
1276090 1646
1276100 1643
1276110 1639
1276120 1635
1276130 1631
1276140 1628
1276150 1626
1276160 1625
1276170 1622
1276180 1618
1276190 1616
1276200 1615
1276210 1615
1276220 1615
1276230 1615
1276240 1613
1276250 1612
1276260 1610
1276270 1610
1276280 1608
1276290 1606
1276300 1603
1276310 1599
1276320 1594
1276330 1590
1276340 1587
1276350 1584
1276360 1582
1276370 1581
1276380 1579
1276390 1576
1276400 1573
1276410 1570
1276420 1568
1276430 1566
1276440 1565
1276450 1562
1276460 1560
1276470 1559
1276480 1558
1276490 1559
1276500 1557
1276510 1555
1276520 1553
1276530 1549
1276540 1547
1276550 1545
1276560 1544
1276570 1543
1276580 1542
1276590 1542
1276600 1541
1276610 1540
1276620 1539
1276630 1538
1276640 1536
1276650 1535
1276660 1534
1276670 1533
1276680 1532
1276690 1532
1276700 1531
1276710 1531
1276720 1530
1276730 1529
1276740 1528
1276750 1526
1276760 1525
1276770 1523
1276780 1521
1276790 1520
1276800 1518
1276810 1517
1276820 1516
1276830 1513
1276840 1510
1276850 1508
1276860 1505
1276870 1504
1276880 1502
1276890 1500
1276900 1497
1276910 1495
1276920 1492
1276930 1488
1276940 1485
1276950 1481
1276960 1477
1276970 1474
1276980 1470
1276990 1467
1277000 1464
1277010 1460
1277020 1456
1277030 1451
1277040 1447
1277050 1442
1277060 1439
1277070 1437
1277080 1435
1277090 1435
1277100 1433
1277110 1431
1277120 1430
1277130 1428
1277140 1426
1277150 1424
1277160 1421
1277170 1419
1277180 1417
1277190 1416
1277200 1415
1277210 1413
1277220 1411
1277230 1408
1277240 1405
1277250 1403
1277260 1401
1277270 1400
1277280 1398
1277290 1397
1277300 1396
1277310 1395
1277320 1394
1277330 1393
1277340 1392
1277350 1391
1277360 1390
1277370 1388
1277380 1385
1277390 1384
1277400 1382
1277410 1382
1277420 1381
1277430 1380
1277440 1380
1277450 1379
1277460 1379
1277470 1378
1277480 1378
1277490 1378
1277500 1377
1277510 1376
1277520 1376
1277530 1375
1277540 1374
1277550 1373
1277560 1371
1277570 1369
1277580 1367
1277590 1365
1277600 1363
1277610 1362
1277620 1360
1277630 1359
1277640 1358
1277650 1358
1277660 1357
1277670 1357
1277680 1356
1277690 1356
1277700 1355
1277710 1355
1277720 1355
1277730 1354
1277740 1354
1277750 1353
1277760 1353
1277770 1353
1277780 1353
1277790 1353
1277800 1353
1277810 1353
1277820 1352
1277830 1352
1277840 1352
1277850 1352
1277860 1352
1277870 1351
1277880 1350
1277890 1350
1277900 1349
1277910 1348
1277920 1347
1277930 1346
1277940 1345
1277950 1344
1277960 1343
1277970 1342
1277980 1342
1277990 1342
1278000 1342
1278010 1342
1278020 1342
1278030 1343
1278040 1345
1278050 1346
1278060 1346
1278070 1346
1278080 1345
1278090 1344
1278100 1340
1278110 1337
1278120 1334
1278130 1329
1278140 1324
1278150 1320
1278160 1320
1278170 1321
1278180 1321
1278190 1321
1278200 1316
1278210 1310
1278220 1303
1278230 1294
1278240 1285
1278250 1277
1278260 1271
1278270 1265
1278280 1260
1278290 1256
1278300 1252
1278310 1247
1278320 1243
1278330 1238
1278340 1233
1278350 1228
1278360 1222
1278370 1214
1278380 1200
1278390 1192
1278400 1185
1278410 1177
1278420 1171
1278430 1166
1278440 1161
1278450 1156
1278460 1151
1278470 1146
1278480 1139
1278490 1135
1278500 1134
1278510 1133
1278520 1131
1278530 1129
1278540 1130
1278550 1130
1278560 1131
1278570 1134
1278580 1136
1278590 1139
1278600 1141
1278610 1143
1278620 1145
1278630 1148
1278640 1151
1278650 1153
1278660 1156
1278670 1159
1278680 1163
1278690 1166
1278700 1170
1278710 1175
1278720 1179
1278730 1183
1278740 1187
1278750 1192
1278760 1196
1278770 1201
1278780 1206
1278790 1213
1278800 1219
1278810 1225
1278820 1230
1278830 1231
1278840 1235
1278850 1242
1278860 1247
1278870 1252
1278880 1257
1278890 1263
1278900 1268
1278910 1273
1278920 1277
1278930 1282
1278940 1286
1278950 1290
1278960 1293
1278970 1296
1278980 1299
1278990 1303
1279000 1308
1279010 1312
1279020 1317
1279030 1321
1279040 1326
1279050 1330
1279060 1334
1279070 1338
1279080 1344
1279090 1349
1279100 1353
1279110 1358
1279120 1362
1279130 1367
1279140 1371
1279150 1376
1279160 1381
1279170 1385
1279180 1388
1279190 1391
1279200 1393
1279210 1396
1279220 1398
1279230 1401
1279240 1404
1279250 1407
1279260 1410
1279270 1413
1279280 1416
1279290 1420
1279300 1424
1279310 1427
1279320 1431
1279330 1435
1279340 1439
1279350 1443
1279360 1446
1279370 1450
1279380 1454
1279390 1459
1279400 1464
1279410 1469
1279420 1473
1279430 1477
1279440 1481
1279450 1486
1279460 1490
1279470 1495
1279480 1499
1279490 1503
1279500 1508
1279510 1511
1279520 1516
1279530 1521
1279540 1526
1279550 1532
1279560 1536
1279570 1539
1279580 1542
1279590 1545
1279600 1549
1279610 1553
1279620 1558
1279630 1562
1279640 1565
1279650 1568
1279660 1573
1279670 1577
1279680 1581
1279690 1584
1279700 1587
1279710 1590
1279720 1594
1279730 1598
1279740 1602
1279750 1605
1279760 1609
1279770 1613
1279780 1616
1279790 1620
1279800 1624
1279810 1628
1279820 1632
1279830 1636
1279840 1640
1279850 1644
1279860 1648
1279870 1651
1279880 1654
1279890 1657
1279900 1660
1279910 1663
1279920 1666
1279930 1669
1279940 1672
1279950 1676
1279960 1680
1279970 1683
1279980 1687
1279990 1690
