1260000 2365.6
1260010 2366.7
1260020 2367.5
1260030 2368.1
1260040 2368.1
1260050 2369.2
1260060 2371.6
1260070 2371.6
1260080 2373.2
1260090 2375.2
1260100 2375.2
1260110 2379.0
1260120 2382.8
1260130 2382.8
1260140 2387.0
1260150 2391.5
1260160 2391.5
1260170 2396.4
1260180 2401.9
1260190 2401.9
1260200 2407.9
1260210 2413.9
1260220 2413.9
1260230 2420.4
1260240 2428.1
1260250 2435.7
1260260 2435.7
1260270 2441.3
1260280 2446.8
1260290 2446.8
1260300 2451.5
1260310 2453.2
1260320 2453.2
1260330 2452.6
1260340 2451.1
1260350 2451.1
1260360 2453.6
1260370 2458.9
1260380 2458.9
1260390 2464.2
1260400 2467.9
1260410 2467.9
1260420 2472.2
1260430 2475.4
1260440 2475.4
1260450 2473.4
1260460 2466.3
1260470 2454.7
1260480 2454.7
1260490 2442.1
1260500 2429.0
1260510 2429.0
1260520 2418.3
1260530 2411.3
1260540 2411.3
1260550 2404.9
1260560 2397.7
1260570 2397.7
1260580 2386.5
1260590 2374.9
1260600 2374.9
1260610 2366.7
1260620 2359.0
1260630 2359.0
1260640 2351.4
1260650 2341.9
1260660 2331.8
1260670 2331.8
1260680 2323.4
1260690 2315.6
1260700 2315.6
1260710 2307.9
1260720 2299.7
1260730 2299.7
1260740 2291.9
1260750 2286.6
1260760 2286.6
1260770 2287.0
1260780 2286.6
1260790 2286.6
1260800 2287.4
1260810 2286.9
1260820 2286.9
1260830 2290.4
1260840 2296.4
1260850 2296.4
1260860 2301.0
1260870 2316.7
1260880 2322.5
1260890 2322.5
1260900 2315.9
1260910 2308.0
1260920 2308.0
1260930 2298.8
1260940 2291.7
1260950 2291.7
1260960 2290.9
1260970 2295.7
1260980 2295.7
1260990 2297.5
1261000 2296.4
1261010 2296.4
1261020 2291.4
1261030 2286.3
1261040 2286.3
1261050 2282.1
1261060 2278.2
1261070 2278.2
1261080 2272.6
1261090 2265.5
1261100 2258.9
1261110 2258.9
1261120 2253.1
1261130 2245.6
1261140 2245.6
1261150 2238.5
1261160 2231.0
1261170 2231.0
1261180 2224.0
1261190 2217.4
1261200 2217.4
1261210 2210.7
1261220 2204.1
1261230 2204.1
1261240 2198.1
1261250 2191.3
1261260 2191.3
1261270 2184.1
1261280 2174.8
1261290 2174.8
1261300 2165.8
1261310 2158.5
1261320 2152.7
1261330 2152.7
1261340 2146.1
1261350 2140.0
1261360 2140.0
1261370 2132.9
1261380 2125.5
1261390 2125.5
1261400 2118.7
1261410 2112.3
1261420 2112.3
1261430 2106.3
1261440 2100.6
1261450 2100.6
1261460 2095.4
1261470 2089.9
1261480 2089.9
1261490 2083.4
1261500 2078.0
1261510 2078.0
1261520 2073.6
1261530 2066.7
1261540 2060.3
1261550 2060.3
1261560 2054.2
1261570 2046.0
1261580 2034.9
1261590 2027.2
1261600 2025.6
1261610 2025.6
1261620 2020.1
1261630 2017.7
1261640 2017.7
1261650 2013.6
1261660 2007.5
1261670 2007.5
1261680 1996.5
1261690 1977.2
1261700 1977.2
1261710 1950.7
1261720 1935.1
1261730 1935.1
1261740 1922.0
1261750 1910.0
1261760 1899.4
1261770 1899.4
1261780 1889.8
1261790 1875.8
1261800 1875.8
1261810 1873.4
1261820 1866.0
1261830 1866.0
1261840 1864.3
1261850 1871.0
1261860 1871.0
1261870 1868.7
1261880 1851.5
1261890 1851.5
1261900 1836.3
1261910 1824.3
1261920 1824.3
1261930 1805.7
1261940 1793.8
1261950 1793.8
1261960 1790.1
1261970 1792.1
1261980 1783.6
1261990 1783.6
1262000 1777.0
1262010 1773.6
1262020 1773.6
1262030 1770.2
1262040 1766.6
1262050 1766.6
1262060 1761.7
1262070 1757.9
1262080 1757.9
1262090 1755.1
1262100 1755.4
1262110 1755.4
1262120 1751.7
1262130 1750.1
1262140 1750.1
1262150 1742.1
1262160 1748.1
1262170 1751.1
1262180 1751.1
1262190 1743.7
1262200 1738.3
1262210 1738.3
1262220 1732.2
1262230 1725.6
1262240 1725.6
1262250 1718.6
1262260 1711.6
1262270 1711.6
1262280 1705.5
1262290 1700.7
1262300 1700.7
1262310 1696.0
1262320 1690.8
1262330 1690.8
1262340 1687.0
1262350 1684.7
1262360 1684.7
1262370 1681.3
1262380 1677.4
1262390 1672.6
1262400 1672.6
1262410 1667.9
1262420 1663.5
1262430 1663.5
1262440 1659.2
1262450 1654.6
1262460 1654.6
1262470 1650.3
1262480 1646.3
1262490 1646.3
1262500 1641.9
1262510 1637.0
1262520 1637.0
1262530 1631.0
1262540 1624.2
1262550 1624.2
1262560 1617.5
1262570 1610.9
1262580 1610.9
1262590 1605.1
1262600 1599.5
1262610 1593.9
1262620 1593.9
1262630 1587.9
1262640 1582.3
1262650 1582.3
1262660 1576.7
1262670 1570.4
1262680 1570.4
1262690 1564.2
1262700 1558.0
1262710 1558.0
1262720 1550.5
1262730 1544.4
1262740 1544.4
1262750 1538.3
1262760 1532.5
1262770 1532.5
1262780 1526.9
1262790 1521.6
1262800 1521.6
1262810 1516.6
1262820 1511.9
1262830 1507.4
1262840 1507.4
1262850 1502.2
1262860 1496.8
1262870 1496.8
1262880 1491.5
1262890 1486.8
1262900 1486.8
1262910 1481.9
1262920 1477.2
1262930 1477.2
1262940 1473.5
1262950 1470.9
1262960 1470.9
1262970 1469.5
1262980 1467.7
1262990 1467.7
1263000 1464.5
1263010 1459.8
1263020 1459.8
1263030 1454.4
1263040 1448.6
1263050 1442.8
1263060 1442.8
1263070 1437.3
1263080 1433.0
1263090 1433.0
1263100 1428.8
1263110 1425.4
1263120 1425.4
1263130 1420.3
1263140 1419.8
1263150 1419.8
1263160 1423.8
1263170 1422.9
1263180 1422.9
1263190 1420.3
1263200 1418.2
1263210 1418.2
1263220 1415.8
1263230 1413.3
1263240 1413.3
1263250 1411.5
1263260 1411.6
1263270 1413.0
1263280 1413.0
1263290 1414.3
1263300 1407.1
1263310 1407.1
1263320 1402.2
1263330 1396.8
1263340 1396.8
1263350 1391.7
1263360 1386.8
1263370 1386.8
1263380 1382.2
1263390 1378.9
1263400 1378.9
1263410 1377.2
1263420 1375.7
1263430 1375.7
1263440 1372.2
1263450 1366.6
1263460 1359.9
1263470 1359.9
1263480 1354.1
1263490 1352.7
1263500 1352.7
1263510 1353.2
1263520 1353.5
1263530 1353.5
1263540 1349.2
1263550 1343.7
1263560 1343.7
1263570 1337.8
1263580 1337.7
1263590 1337.7
1263600 1338.6
1263610 1343.7
1263620 1343.7
1263630 1346.1
1263640 1343.1
1263650 1343.1
1263660 1340.0
1263670 1337.2
1263680 1335.4
1263690 1335.4
1263700 1334.1
1263710 1331.3
1263720 1331.3
1263730 1328.3
1263740 1325.8
1263750 1325.8
1263760 1323.3
1263770 1320.3
1263780 1320.3
1263790 1317.2
1263800 1313.7
1263810 1313.7
1263820 1310.0
1263830 1307.2
1263840 1307.2
1263850 1304.4
1263860 1300.9
1263870 1299.6
1263880 1296.6
1263890 1292.5
1263900 1289.9
1263910 1289.9
1263920 1289.1
1263930 1284.6
1263940 1284.6
1263950 1282.3
1263960 1280.2
1263970 1280.2
1263980 1278.3
1263990 1276.9
1264000 1276.9
1264010 1275.4
1264020 1273.4
1264030 1273.4
1264040 1271.4
1264050 1269.2
1264060 1269.2
1264070 1267.3
1264080 1265.7
1264090 1265.7
1264100 1264.3
1264110 1262.7
1264120 1260.9
1264130 1260.9
1264140 1259.4
1264150 1258.1
1264160 1258.1
1264170 1256.5
1264180 1255.0
1264190 1255.0
1264200 1253.5
1264210 1251.9
1264220 1251.9
1264230 1250.4
1264240 1249.0
1264250 1249.0
1264260 1247.6
1264270 1246.5
1264280 1246.5
1264290 1245.6
1264300 1244.6
1264310 1244.6
1264320 1243.4
1264330 1242.2
1264340 1241.0
1264350 1241.0
1264360 1239.6
1264370 1238.7
1264380 1238.7
1264390 1237.9
1264400 1237.2
1264410 1237.2
1264420 1235.4
1264430 1234.3
1264440 1234.1
1264450 1233.1
1264460 1232.2
1264470 1232.2
1264480 1231.4
1264490 1230.9
1264500 1230.9
1264510 1230.7
1264520 1230.6
1264530 1230.6
1264540 1230.4
1264550 1230.2
1264560 1230.0
1264570 1230.0
1264580 1230.0
1264590 1229.8
1264600 1229.8
1264610 1229.6
1264620 1229.5
1264630 1229.5
1264640 1229.5
1264650 1229.5
1264660 1229.5
1264670 1229.4
1264680 1229.4
1264690 1229.4
1264700 1229.3
1264710 1229.3
1264720 1229.3
1264730 1229.2
1264740 1229.2
1264750 1229.2
1264760 1229.2
1264770 1229.1
1264780 1229.0
1264790 1229.0
1264800 1229.0
1264810 1228.9
1264820 1228.9
1264830 1228.9
1264840 1228.9
1264850 1228.9
1264860 1228.8
1264870 1228.8
1264880 1228.8
1264890 1228.9
1264900 1228.9
1264910 1228.9
1264920 1228.9
1264930 1229.0
1264940 1229.0
1264950 1229.3
1264960 1229.3
1264970 1229.2
1264980 1229.2
1264990 1229.3
1265000 1229.3
1265010 1229.3
1265020 1229.0
1265030 1229.1
1265040 1229.1
1265050 1229.3
1265060 1229.5
1265070 1229.5
1265080 1229.7
1265090 1229.8
1265100 1229.8
1265110 1230.0
1265120 1229.9
1265130 1229.9
1265140 1229.4
1265150 1228.6
1265160 1228.6
1265170 1228.4
1265180 1228.5
1265190 1228.9
1265200 1228.9
1265210 1228.9
1265220 1228.4
1265230 1228.4
1265240 1228.2
1265250 1228.2
1265260 1228.2
1265270 1228.0
1265280 1227.9
1265290 1227.9
1265300 1227.2
1265310 1226.1
1265320 1226.1
1265330 1225.5
1265340 1225.4
1265350 1225.4
1265360 1225.4
1265370 1225.4
1265380 1225.4
1265390 1225.3
1265400 1225.6
1265410 1224.5
1265420 1224.5
1265430 1225.0
1265440 1225.0
1265450 1225.0
1265460 1224.8
1265470 1224.8
1265480 1224.8
1265490 1225.2
1265500 1226.2
1265510 1226.2
1265520 1227.3
1265530 1227.9
1265540 1227.9
1265550 1228.1
1265560 1228.4
1265570 1228.4
1265580 1228.8
1265590 1229.0
1265600 1229.9
1265610 1229.8
1265620 1229.7
1265630 1230.3
1265640 1230.3
1265650 1230.5
1265660 1230.4
1265670 1230.4
1265680 1230.9
1265690 1231.7
1265700 1231.7
1265710 1232.0
1265720 1232.1
1265730 1232.1
1265740 1232.3
1265750 1232.2
1265760 1232.2
1265770 1230.4
1265780 1228.9
1265790 1228.9
1265800 1228.8
1265810 1230.7
1265820 1230.7
1265830 1232.1
1265840 1232.9
1265850 1233.8
1265860 1233.8
1265870 1234.4
1265880 1234.4
1265890 1234.4
1265900 1234.4
1265910 1234.1
1265920 1234.1
1265930 1233.4
1265940 1232.9
1265950 1232.9
1265960 1232.8
1265970 1232.4
1265980 1232.4
1265990 1232.3
1266000 1232.2
1266010 1232.2
1266020 1232.1
1266030 1231.6
1266040 1231.6
1266050 1231.1
1266060 1232.5
1266070 1234.4
1266080 1234.4
1266090 1235.5
1266100 1235.4
1266110 1235.4
1266120 1236.7
1266130 1239.6
1266140 1239.6
1266150 1242.5
1266160 1245.3
1266170 1245.3
1266180 1250.5
1266190 1253.0
1266200 1253.0
1266210 1256.4
1266220 1259.4
1266230 1259.4
1266240 1262.8
1266250 1266.6
1266260 1268.6
1266270 1268.6
1266280 1270.1
1266290 1274.0
1266300 1274.0
1266310 1277.8
1266320 1281.4
1266330 1281.4
1266340 1284.7
1266350 1288.9
1266360 1288.9
1266370 1293.8
1266380 1296.5
1266390 1296.5
1266400 1298.7
1266410 1301.7
1266420 1301.7
1266430 1304.9
1266440 1308.8
1266450 1308.8
1266460 1312.8
1266470 1316.9
1266480 1321.1
1266490 1321.1
1266500 1325.5
1266510 1330.2
1266520 1330.2
1266530 1332.7
1266540 1336.4
1266550 1336.4
1266560 1339.8
1266570 1342.6
1266580 1342.6
1266590 1344.7
1266600 1346.2
1266610 1346.2
1266620 1347.5
1266630 1349.0
1266640 1349.0
1266650 1348.6
1266660 1347.6
1266670 1347.6
1266680 1348.4
1266690 1348.9
1266700 1349.5
1266710 1349.5
1266720 1350.9
1266730 1353.3
1266740 1353.3
1266750 1355.7
1266760 1364.6
1266770 1364.6
1266780 1367.2
1266790 1369.3
1266800 1369.3
1266810 1372.6
1266820 1379.1
1266830 1379.1
1266840 1386.4
1266850 1392.6
1266860 1392.6
1266870 1399.4
1266880 1407.7
1266890 1407.7
1266900 1414.4
1266910 1423.7
1266920 1433.3
1266930 1433.3
1266940 1444.8
1266950 1452.1
1266960 1452.1
1266970 1458.1
1266980 1463.3
1266990 1463.3
1267000 1468.0
1267010 1471.7
1267020 1471.7
1267030 1475.4
1267040 1475.9
1267050 1475.9
1267060 1472.5
1267070 1469.4
1267080 1469.4
1267090 1475.9
1267100 1485.9
1267110 1485.9
1267120 1491.9
1267130 1495.2
1267140 1498.9
1267150 1498.9
1267160 1503.7
1267170 1507.6
1267180 1507.6
1267190 1509.4
1267200 1509.3
1267210 1509.3
1267220 1509.8
1267230 1508.7
1267240 1508.7
1267250 1504.0
1267260 1503.1
1267270 1503.1
1267280 1507.7
1267290 1512.7
1267300 1512.7
1267310 1514.3
1267320 1517.6
1267330 1517.6
1267340 1530.5
1267350 1534.9
1267360 1539.2
1267370 1539.2
1267380 1546.3
1267390 1549.9
1267400 1549.9
1267410 1545.0
1267420 1533.9
1267430 1533.9
1267440 1517.9
1267450 1518.0
1267460 1518.0
1267470 1529.6
1267480 1542.2
1267490 1542.2
1267500 1555.3
1267510 1556.0
1267520 1556.0
1267530 1558.1
1267540 1576.5
1267550 1576.5
1267560 1583.5
1267570 1586.8
1267580 1587.9
1267590 1587.9
1267600 1589.6
1267610 1592.6
1267620 1592.6
1267630 1596.4
1267640 1600.3
1267650 1600.3
1267660 1604.5
1267670 1608.9
1267680 1608.9
1267690 1614.4
1267700 1619.7
1267710 1619.7
1267720 1624.1
1267730 1628.5
1267740 1628.5
1267750 1640.4
1267760 1693.8
1267770 1728.1
1267780 1728.1
1267790 1756.0
1267800 1770.2
1267810 1770.2
1267820 1779.9
1267830 1789.0
1267840 1789.0
1267850 1797.2
1267860 1805.0
1267870 1805.0
1267880 1812.8
1267890 1822.7
1267900 1822.7
1267910 1837.4
1267920 1856.5
1267930 1856.5
1267940 1869.3
1267950 1881.4
1267960 1881.4
1267970 1893.3
1267980 1904.6
1267990 1911.8
1268000 1911.8
1268010 1917.6
1268020 1921.9
1268030 1921.9
1268040 1926.5
1268050 1942.5
1268060 1942.5
1268070 1949.5
1268080 1941.6
1268090 1941.6
1268100 1942.3
1268110 1944.2
1268120 1944.2
1268130 1939.6
1268140 1934.1
1268150 1934.1
1268160 1929.4
1268170 1928.4
1268180 1928.4
1268190 1932.4
1268200 1937.0
1268210 1940.3
1268220 1940.3
1268230 1939.2
1268240 1944.1
1268250 1944.1
1268260 1948.5
1268270 1949.3
1268280 1949.3
1268290 1949.5
1268300 1953.6
1268310 1953.6
1268320 1960.2
1268330 1965.9
1268340 1965.9
1268350 1967.2
1268360 1963.6
1268370 1963.6
1268380 1958.3
1268390 1952.5
1268400 1952.5
1268410 1945.8
1268420 1940.3
1268430 1937.3
1268440 1937.3
1268450 1935.2
1268460 1931.4
1268470 1931.4
1268480 1926.3
1268490 1920.7
1268500 1920.7
1268510 1923.4
1268520 1921.1
1268530 1921.1
1268540 1918.1
1268550 1914.4
1268560 1914.4
1268570 1911.3
1268580 1908.9
1268590 1908.9
1268600 1905.7
1268610 1902.4
1268620 1902.4
1268630 1899.1
1268640 1896.2
1268650 1892.8
1268660 1892.8
1268670 1889.7
1268680 1886.8
1268690 1886.8
1268700 1884.0
1268710 1880.8
1268720 1880.8
1268730 1877.2
1268740 1873.5
1268750 1873.5
1268760 1869.1
1268770 1864.3
1268780 1864.3
1268790 1858.9
1268800 1853.8
1268810 1853.8
1268820 1849.0
1268830 1844.7
1268840 1844.7
1268850 1839.9
1268860 1836.2
1268870 1831.4
1268880 1831.4
1268890 1826.5
1268900 1821.7
1268910 1821.7
1268920 1816.6
1268930 1811.5
1268940 1811.5
1268950 1806.1
1268960 1800.4
1268970 1800.4
1268980 1793.6
1268990 1786.9
1269000 1786.9
1269010 1780.7
1269020 1774.2
1269030 1774.2
1269040 1767.5
1269050 1761.1
1269060 1754.5
1269070 1754.5
1269080 1747.0
1269090 1742.7
1269100 1749.2
1269110 1743.4
1269120 1738.4
1269130 1738.4
1269140 1733.6
1269150 1728.3
1269160 1728.3
1269170 1723.1
1269180 1717.9
1269190 1717.9
1269200 1713.1
1269210 1708.9
1269220 1708.9
1269230 1705.2
1269240 1701.6
1269250 1701.6
1269260 1698.4
1269270 1697.3
1269280 1702.4
1269290 1702.4
1269300 1708.6
1269310 1715.0
1269320 1715.0
1269330 1720.5
1269340 1725.2
1269350 1725.2
1269360 1728.4
1269370 1731.9
1269380 1731.9
1269390 1734.1
1269400 1735.6
1269410 1735.6
1269420 1737.7
1269430 1739.6
1269440 1739.6
1269450 1741.5
1269460 1744.5
1269470 1744.5
1269480 1748.1
1269490 1750.5
1269500 1753.3
1269510 1753.3
1269520 1756.6
1269530 1760.3
1269540 1760.3
1269550 1764.4
1269560 1768.4
1269570 1768.4
1269580 1770.6
1269590 1773.3
1269600 1773.3
1269610 1775.1
1269620 1776.6
1269630 1776.6
1269640 1778.8
1269650 1781.2
1269660 1781.2
1269670 1781.6
1269680 1782.8
1269690 1787.6
1269700 1790.3
1269710 1793.1
1269720 1795.2
1269730 1795.2
1269740 1798.1
1269750 1803.3
1269760 1803.3
1269770 1809.2
1269780 1815.4
1269790 1815.4
1269800 1819.4
1269810 1823.5
1269820 1823.5
1269830 1826.6
1269840 1830.7
1269850 1830.7
1269860 1833.6
1269870 1834.7
1269880 1834.7
1269890 1836.5
1269900 1841.9
1269910 1841.9
1269920 1844.8
1269930 1847.7
1269940 1848.5
1269950 1848.5
1269960 1848.6
1269970 1848.9
1269980 1848.9
1269990 1849.8
1270000 1849.7
1270010 1849.7
1270020 1849.4
1270030 1849.8
1270040 1849.8
1270050 1852.1
1270060 1853.2
1270070 1853.2
1270080 1855.4
1270090 1858.9
1270100 1858.9
1270110 1862.3
1270120 1866.3
1270130 1866.3
1270140 1870.4
1270150 1875.7
1270160 1881.9
1270170 1881.9
1270180 1887.1
1270190 1893.6
1270200 1893.6
1270210 1899.8
1270220 1905.7
1270230 1905.7
1270240 1908.8
1270250 1911.8
1270260 1911.8
1270270 1915.9
1270280 1919.4
1270290 1919.4
1270300 1924.6
1270310 1929.0
1270320 1929.0
1270330 1935.0
1270340 1942.4
1270350 1949.7
1270360 1949.7
1270370 1951.9
1270380 1952.6
1270390 1952.6
1270400 1954.8
1270410 1957.7
1270420 1957.7
1270430 1960.2
1270440 1960.5
1270450 1960.5
1270460 1962.0
1270470 1964.3
1270480 1964.3
1270490 1966.7
1270500 1971.2
1270510 1971.2
1270520 1974.9
1270530 1976.4
1270540 1976.4
1270550 1978.0
1270560 1981.1
1270570 1986.3
1270580 1986.3
1270590 1994.0
1270600 2000.0
1270610 2000.0
1270620 2002.5
1270630 2002.9
1270640 2002.9
1270650 2002.6
1270660 2001.6
1270670 2001.6
1270680 2000.7
1270690 1999.6
1270700 1999.6
1270710 1998.5
1270720 1997.0
1270730 1997.0
1270740 1995.5
1270750 1994.1
1270760 1994.1
1270770 1992.4
1270780 1990.4
1270790 1988.4
1270800 1988.4
1270810 1986.0
1270820 1983.6
1270830 1983.6
1270840 1981.2
1270850 1979.3
1270860 1979.3
1270870 1979.3
1270880 1977.7
1270890 1977.7
1270900 1976.2
1270910 1974.5
1270920 1974.5
1270930 1973.3
1270940 1972.1
1270950 1972.1
1270960 1970.6
1270970 1970.7
1270980 1970.7
1270990 1971.1
1271000 1972.0
1271010 1975.5
1271020 1975.5
1271030 1979.5
1271040 1981.9
1271050 1981.9
1271060 1984.3
1271070 1987.7
1271080 1987.7
1271090 1992.8
1271100 1996.1
1271110 1996.1
1271120 1999.4
1271130 2001.1
1271140 2001.1
1271150 2002.3
1271160 2004.0
1271170 2004.0
1271180 2006.0
1271190 2007.5
1271200 2007.5
1271210 2008.2
1271220 2008.7
1271230 2009.4
1271240 2009.4
1271250 2010.5
1271260 2012.4
1271270 2012.4
1271280 2015.1
1271290 2018.0
1271300 2018.0
1271310 2019.9
1271320 2022.0
1271330 2022.0
1271340 2024.4
1271350 2027.1
1271360 2027.1
1271370 2030.1
1271380 2034.4
1271390 2034.4
1271400 2039.5
1271410 2044.1
1271420 2044.1
1271430 2048.5
1271440 2053.4
1271450 2058.6
1271460 2057.3
1271470 2061.4
1271480 2064.6
1271490 2064.6
1271500 2067.7
1271510 2071.4
1271520 2071.4
1271530 2075.8
1271540 2079.9
1271550 2079.9
1271560 2083.7
1271570 2087.5
1271580 2087.5
1271590 2091.4
1271600 2095.8
1271610 2095.8
1271620 2100.4
1271630 2105.0
1271640 2105.0
1271650 2109.5
1271660 2113.9
1271670 2118.7
1271680 2118.7
1271690 2122.4
1271700 2126.7
1271710 2126.7
1271720 2132.6
1271730 2138.9
1271740 2138.9
1271750 2144.5
1271760 2149.9
1271770 2149.9
1271780 2154.7
1271790 2158.3
1271800 2158.3
1271810 2161.8
1271820 2165.7
1271830 2165.7
1271840 2168.4
1271850 2170.2
1271860 2173.6
1271870 2173.6
1271880 2177.1
1271890 2180.3
1271900 2180.3
1271910 2183.7
1271920 2187.2
1271930 2187.2
1271940 2190.1
1271950 2192.3
1271960 2192.3
1271970 2195.2
1271980 2197.7
1271990 2197.7
1272000 2200.6
1272010 2203.7
1272020 2203.7
1272030 2206.6
1272040 2208.9
1272050 2208.9
1272060 2211.3
1272070 2213.4
1272080 2216.4
1272090 2216.4
1272100 2219.3
1272110 2222.4
1272120 2222.4
1272130 2225.4
1272140 2228.7
1272150 2228.7
1272160 2232.5
1272170 2236.5
1272180 2236.5
1272190 2240.4
1272200 2244.0
1272210 2244.0
1272220 2247.1
1272230 2250.3
1272240 2250.3
1272250 2253.8
1272260 2257.2
1272270 2257.2
1272280 2258.9
1272290 2259.3
1272300 2259.3
1272310 2259.3
1272320 2259.7
1272330 2258.8
1272340 2258.8
1272350 2259.5
1272360 2261.7
1272370 2261.7
1272380 2261.9
1272390 2260.9
1272400 2260.9
1272410 2258.6
1272420 2256.9
1272430 2256.9
1272440 2255.5
1272450 2253.5
1272460 2253.5
1272470 2251.7
1272480 2249.4
1272490 2249.4
1272500 2247.7
1272510 2244.8
1272520 2243.1
1272530 2243.1
1272540 2241.8
1272550 2238.9
1272560 2238.9
1272570 2236.0
1272580 2233.1
1272590 2233.1
1272600 2230.8
1272610 2229.3
1272620 2229.3
1272630 2228.9
1272640 2228.7
1272650 2228.7
1272660 2229.4
1272670 2230.2
1272680 2230.2
1272690 2227.6
1272700 2223.1
1272710 2223.1
1272720 2221.4
1272730 2220.8
1272740 2220.6
1272750 2220.6
1272760 2219.7
1272770 2219.2
1272780 2219.2
1272790 2219.0
1272800 2218.3
1272810 2218.3
1272820 2218.0
1272830 2217.5
1272840 2217.5
1272850 2217.1
1272860 2216.5
1272870 2216.5
1272880 2215.1
1272890 2212.3
1272900 2212.3
1272910 2209.4
1272920 2207.7
1272930 2207.7
1272940 2206.8
1272950 2205.7
1272960 2202.8
1272970 2202.8
1272980 2198.6
1272990 2196.9
1273000 2196.9
1273010 2194.2
1273020 2191.3
1273030 2191.3
1273040 2188.5
1273050 2185.9
1273060 2185.9
1273070 2183.3
1273080 2180.0
1273090 2180.0
1273100 2176.1
1273110 2173.1
1273120 2173.1
1273130 2170.2
1273140 2166.6
1273150 2162.3
1273160 2162.3
1273170 2158.4
1273180 2154.8
1273190 2154.8
1273200 2150.6
1273210 2146.3
1273220 2146.3
1273230 2142.4
1273240 2138.6
1273250 2137.3
1273260 2132.1
1273270 2127.6
1273280 2127.6
1273290 2123.9
1273300 2120.1
1273310 2120.1
1273320 2116.3
1273330 2113.0
1273340 2113.0
1273350 2110.5
1273360 2108.6
1273370 2106.0
1273380 2106.0
1273390 2102.4
1273400 2098.1
1273410 2098.1
1273420 2093.9
1273430 2089.1
1273440 2089.1
1273450 2083.5
1273460 2078.4
1273470 2078.4
1273480 2076.8
1273490 2075.4
1273500 2075.4
1273510 2071.7
1273520 2067.5
1273530 2067.5
1273540 2063.4
1273550 2060.1
1273560 2060.1
1273570 2056.8
1273580 2052.5
1273590 2049.7
1273600 2049.7
1273610 2048.5
1273620 2047.6
1273630 2047.6
1273640 2045.4
1273650 2043.7
1273660 2043.7
1273670 2043.4
1273680 2043.1
1273690 2043.1
1273700 2043.0
1273710 2042.8
1273720 2042.8
1273730 2042.1
1273740 2041.0
1273750 2041.0
1273760 2038.9
1273770 2037.7
1273780 2037.7
1273790 2036.2
1273800 2035.1
1273810 2033.8
1273820 2033.8
1273830 2032.6
1273840 2031.8
1273850 2030.0
1273860 2028.9
1273870 2027.0
1273880 2027.0
1273890 2024.7
1273900 2022.2
1273910 2022.2
1273920 2019.9
1273930 2017.6
1273940 2017.6
1273950 2014.9
1273960 2011.7
1273970 2011.7
1273980 2008.9
1273990 2006.1
1274000 2006.1
1274010 2003.3
1274020 2000.3
1274030 1997.2
1274040 1997.2
1274050 1995.1
1274060 1994.2
1274070 1994.2
1274080 1994.2
1274090 1993.3
1274100 1993.3
1274110 1992.2
1274120 1992.3
1274130 1992.3
1274140 1992.9
1274150 1994.1
1274160 1994.1
1274170 1994.9
1274180 1995.7
1274190 1995.7
1274200 1995.1
1274210 1992.8
1274220 1992.8
1274230 1989.1
1274240 1985.1
1274250 1981.0
1274260 1981.0
1274270 1977.0
1274280 1973.8
1274290 1973.8
1274300 1970.3
1274310 1966.8
1274320 1966.8
1274330 1963.2
1274340 1959.4
1274350 1959.4
1274360 1957.1
1274370 1954.8
1274380 1954.8
1274390 1952.4
1274400 1949.0
1274410 1949.0
1274420 1946.3
1274430 1943.6
1274440 1940.7
1274450 1940.7
1274460 1938.0
1274470 1938.2
1274480 1938.2
1274490 1938.0
1274500 1937.0
1274510 1937.0
1274520 1934.2
1274530 1931.0
1274540 1931.0
1274550 1927.4
1274560 1922.9
1274570 1922.9
1274580 1918.5
1274590 1915.7
1274600 1915.7
1274610 1914.2
1274620 1912.0
1274630 1912.0
1274640 1908.6
1274650 1901.7
1274660 1895.3
1274670 1895.3
1274680 1890.4
1274690 1887.9
1274700 1887.9
1274710 1885.9
1274720 1884.2
1274730 1884.2
1274740 1882.3
1274750 1880.5
1274760 1880.5
1274770 1878.6
1274780 1876.2
1274790 1876.2
1274800 1874.2
1274810 1872.0
1274820 1872.0
1274830 1868.2
1274840 1865.0
1274850 1865.0
1274860 1862.8
1274870 1860.4
1274880 1858.1
1274890 1858.1
1274900 1855.3
1274910 1853.3
1274920 1853.3
1274930 1851.5
1274940 1848.8
1274950 1848.8
1274960 1843.2
1274970 1838.1
1274980 1838.1
1274990 1835.0
1275000 1834.8
1275010 1834.8
1275020 1832.9
1275030 1830.1
1275040 1830.1
1275050 1828.2
1275060 1826.4
1275070 1826.4
1275080 1825.5
1275090 1824.5
1275100 1823.6
1275110 1823.6
1275120 1822.6
1275130 1820.5
1275140 1820.5
1275150 1819.1
1275160 1818.0
1275170 1818.0
1275180 1815.6
1275190 1813.5
1275200 1813.5
1275210 1811.3
1275220 1808.1
1275230 1808.1
1275240 1804.8
1275250 1801.4
1275260 1801.4
1275270 1798.1
1275280 1796.3
1275290 1796.3
1275300 1796.6
1275310 1797.3
1275320 1795.5
1275330 1795.5
1275340 1794.9
1275350 1794.2
1275360 1794.2
1275370 1792.0
1275380 1789.7
1275390 1789.7
1275400 1787.5
1275410 1785.8
1275420 1785.8
1275430 1784.6
1275440 1783.4
1275450 1783.4
1275460 1781.4
1275470 1778.8
1275480 1778.8
1275490 1777.1
1275500 1776.7
1275510 1776.7
1275520 1775.8
1275530 1773.5
1275540 1769.7
1275550 1769.7
1275560 1767.0
1275570 1764.4
1275580 1764.4
1275590 1760.2
1275600 1756.5
1275610 1756.5
1275620 1753.7
1275630 1751.1
1275640 1751.1
1275650 1747.7
1275660 1742.9
1275670 1740.9
1275680 1734.4
1275690 1727.5
1275700 1727.5
1275710 1722.3
1275720 1718.4
1275730 1715.0
1275740 1715.0
1275750 1711.4
1275760 1708.7
1275770 1708.7
1275780 1705.1
1275790 1702.6
1275800 1702.6
1275810 1702.2
1275820 1700.1
1275830 1700.1
1275840 1695.5
1275850 1692.0
1275860 1692.0
1275870 1689.4
1275880 1687.2
1275890 1687.2
1275900 1684.6
1275910 1683.0
1275920 1683.0
1275930 1683.2
1275940 1680.7
1275950 1677.8
1275960 1677.8
1275970 1675.1
1275980 1671.5
1275990 1671.5
1276000 1667.3
1276010 1662.2
1276020 1662.2
1276030 1657.0
1276040 1654.0
1276050 1654.0
1276060 1652.0
1276070 1648.8
1276080 1648.8
1276090 1644.9
1276100 1641.5
1276110 1641.5
1276120 1638.7
1276130 1636.2
1276140 1636.2
1276150 1633.0
1276160 1628.6
1276170 1623.0
1276180 1623.0
1276190 1618.3
1276200 1614.6
1276210 1614.6
1276220 1611.1
1276230 1608.1
1276240 1608.1
1276250 1607.3
1276260 1605.1
1276270 1605.1
1276280 1600.3
1276290 1596.9
1276300 1596.9
1276310 1593.9
1276320 1591.3
1276330 1591.3
1276340 1588.1
1276350 1585.6
1276360 1585.6
1276370 1582.7
1276380 1579.1
1276390 1576.5
1276400 1576.5
1276410 1574.3
1276420 1571.9
1276430 1571.9
1276440 1569.1
1276450 1564.8
1276460 1564.8
1276470 1559.9
1276480 1558.7
1276490 1558.7
1276500 1558.3
1276510 1554.7
1276520 1554.7
1276530 1550.6
1276540 1545.9
1276550 1545.9
1276560 1542.6
1276570 1541.6
1276580 1541.6
1276590 1540.3
1276600 1538.4
1276610 1535.8
1276620 1535.8
1276630 1533.2
1276640 1531.0
1276650 1531.0
1276660 1529.1
1276670 1528.0
1276680 1528.0
1276690 1527.3
1276700 1526.7
1276710 1526.7
1276720 1526.7
1276730 1527.2
1276740 1527.2
1276750 1527.1
1276760 1526.0
1276770 1526.0
1276780 1524.3
1276790 1522.9
1276800 1522.9
1276810 1521.1
1276820 1517.8
1276830 1513.3
1276840 1513.3
1276850 1508.0
1276860 1502.9
1276870 1502.9
1276880 1498.2
1276890 1492.1
1276900 1492.1
1276910 1488.0
1276920 1484.0
1276930 1484.0
1276940 1480.0
1276950 1475.8
1276960 1475.8
1276970 1470.6
1276980 1465.2
1276990 1465.2
1277000 1458.4
1277010 1451.8
1277020 1447.2
1277030 1447.2
1277040 1443.6
1277050 1441.9
1277060 1441.9
1277070 1439.8
1277080 1436.7
1277090 1436.7
1277100 1432.8
1277110 1429.7
1277120 1429.7
1277130 1427.0
1277140 1423.8
1277150 1423.8
1277160 1421.2
1277170 1419.2
1277180 1419.2
1277190 1416.8
1277200 1413.0
1277210 1413.0
1277220 1409.2
1277230 1406.0
1277240 1404.1
1277250 1404.1
1277260 1401.9
1277270 1399.4
1277280 1399.4
1277290 1397.2
1277300 1395.4
1277310 1395.4
1277320 1393.8
1277330 1392.2
1277340 1392.2
1277350 1390.2
1277360 1387.8
1277370 1387.8
1277380 1385.0
1277390 1383.2
1277400 1383.2
1277410 1382.2
1277420 1381.5
1277430 1381.5
1277440 1381.1
1277450 1381.3
1277460 1381.7
1277470 1381.7
1277480 1381.4
1277490 1380.6
1277500 1380.7
1277510 1379.8
1277520 1378.6
1277530 1378.6
1277540 1376.4
1277550 1373.4
1277560 1373.4
1277570 1369.7
1277580 1366.1
1277590 1366.1
1277600 1363.0
1277610 1361.3
1277620 1361.3
1277630 1360.9
1277640 1362.2
1277650 1362.2
1277660 1364.5
1277670 1363.9
1277680 1361.0
1277690 1361.0
1277700 1358.8
1277710 1357.0
1277720 1357.0
1277730 1355.3
1277740 1354.8
1277750 1354.8
1277760 1354.4
1277770 1354.0
1277780 1354.0
1277790 1353.4
1277800 1352.6
1277810 1352.6
1277820 1351.5
1277830 1350.9
1277840 1350.9
1277850 1350.3
1277860 1349.5
1277870 1349.5
1277880 1348.4
1277890 1347.4
1277900 1346.3
1277910 1346.3
1277920 1345.3
1277930 1344.3
1277940 1344.3
1277950 1343.2
1277960 1342.3
1277970 1342.3
1277980 1341.3
1277990 1340.7
1278000 1340.7
1278010 1341.0
1278020 1342.3
1278030 1342.3
1278040 1344.4
1278050 1344.9
1278060 1344.9
1278070 1342.4
1278080 1339.6
1278090 1339.6
1278100 1338.8
1278110 1337.7
1278120 1332.0
1278130 1332.0
1278140 1322.4
1278150 1314.3
1278160 1314.3
1278170 1307.8
1278180 1296.7
1278190 1296.7
1278200 1285.3
1278210 1277.2
1278220 1277.2
1278230 1268.2
1278240 1260.0
1278250 1260.0
1278260 1251.0
1278270 1243.2
1278280 1243.2
1278290 1236.0
1278300 1228.7
1278310 1220.7
1278320 1220.7
1278330 1212.1
1278340 1203.1
1278350 1203.1
1278360 1195.3
1278370 1188.3
1278380 1188.3
1278390 1180.2
1278400 1172.4
1278410 1172.4
1278420 1162.2
1278430 1154.3
1278440 1154.3
1278450 1147.4
1278460 1140.3
1278470 1140.3
1278480 1134.9
1278490 1133.7
1278500 1133.7
1278510 1133.6
1278520 1132.5
1278530 1131.8
1278540 1131.8
1278550 1133.1
1278560 1136.1
1278570 1136.1
1278580 1143.2
1278590 1147.3
1278600 1147.3
1278610 1149.9
1278620 1152.9
1278630 1152.9
1278640 1156.6
1278650 1160.3
1278660 1160.3
1278670 1163.9
1278680 1167.4
1278690 1167.4
1278700 1171.1
1278710 1175.0
1278720 1177.4
1278730 1181.5
1278740 1185.3
1278750 1190.9
1278760 1190.9
1278770 1199.6
1278780 1209.5
1278790 1209.5
1278800 1218.3
1278810 1225.7
1278820 1225.7
1278830 1232.4
1278840 1234.3
1278850 1234.3
1278860 1235.7
1278870 1238.7
1278880 1238.7
1278890 1245.5
1278900 1252.9
1278910 1252.9
1278920 1259.8
1278930 1266.2
1278940 1266.2
1278950 1273.1
1278960 1280.5
1278970 1286.9
1278980 1286.9
1278990 1293.6
1279000 1301.8
1279010 1301.8
1279020 1309.6
1279030 1316.4
1279040 1316.4
1279050 1322.6
1279060 1328.4
1279070 1328.4
1279080 1334.7
1279090 1341.3
1279100 1341.3
1279110 1348.0
1279120 1354.7
1279130 1354.7
1279140 1362.0
1279150 1368.3
1279160 1368.3
1279170 1374.8
1279180 1380.9
1279190 1386.0
1279200 1386.0
1279210 1391.8
1279220 1397.4
1279230 1397.4
1279240 1402.8
1279250 1408.8
1279260 1408.8
1279270 1414.2
1279280 1419.3
1279290 1419.3
1279300 1424.2
1279310 1429.3
1279320 1429.3
1279330 1434.8
1279340 1441.0
1279350 1441.0
1279360 1446.9
1279370 1452.8
1279380 1458.9
1279390 1458.9
1279400 1465.1
1279410 1471.1
1279420 1471.1
1279430 1476.7
1279440 1481.6
1279450 1481.6
1279460 1486.1
1279470 1490.5
1279480 1490.5
1279490 1494.9
1279500 1499.6
1279510 1499.6
1279520 1503.5
1279530 1507.1
1279540 1507.1
1279550 1512.6
1279560 1519.2
1279570 1519.2
1279580 1524.6
1279590 1529.0
1279600 1533.2
1279610 1533.2
1279620 1537.8
1279630 1543.8
1279640 1543.8
1279650 1550.4
1279660 1557.0
1279670 1557.0
1279680 1563.7
1279690 1571.0
1279700 1571.0
1279710 1577.3
1279720 1582.8
1279730 1582.8
1279740 1588.5
1279750 1594.1
1279760 1594.1
1279770 1599.5
1279780 1604.1
1279790 1604.1
1279800 1608.6
1279810 1613.0
1279820 1617.6
1279830 1617.6
1279840 1623.1
1279850 1628.4
1279860 1628.4
1279870 1633.1
1279880 1638.2
1279890 1638.2
1279900 1644.1
1279910 1649.8
1279920 1649.8
1279930 1655.4
1279940 1661.1
1279950 1661.1
1279960 1666.5
1279970 1673.0
1279980 1673.0
1279990 1680.0
