1260000 2267.3
1260010 2272.2
1260020 2272.2
1260030 2272.6
1260040 2276.3
1260050 2276.3
1260060 2280.2
1260070 2286.1
1260080 2286.1
1260090 2291.8
1260100 2296.5
1260110 2296.5
1260120 2301.4
1260130 2306.8
1260140 2306.8
1260150 2312.5
1260160 2318.4
1260170 2318.4
1260180 2324.0
1260190 2330.0
1260200 2330.0
1260210 2336.2
1260220 2342.1
1260230 2352.9
1260240 2352.9
1260250 2358.4
1260260 2364.6
1260270 2364.6
1260280 2373.8
1260290 2378.2
1260300 2378.2
1260310 2381.6
1260320 2383.1
1260330 2383.1
1260340 2382.0
1260350 2380.8
1260360 2380.8
1260370 2378.5
1260380 2377.3
1260390 2377.3
1260400 2378.7
1260410 2382.4
1260420 2382.4
1260430 2386.9
1260440 2388.8
1260450 2389.5
1260460 2389.5
1260470 2397.9
1260480 2410.4
1260490 2410.4
1260500 2424.7
1260510 2427.1
1260520 2427.1
1260530 2419.5
1260540 2416.1
1260550 2416.1
1260560 2421.8
1260570 2432.2
1260580 2432.2
1260590 2441.1
1260600 2446.1
1260610 2446.1
1260620 2447.1
1260630 2448.0
1260640 2448.0
1260650 2451.4
1260660 2453.8
1260670 2455.3
1260680 2455.3
1260690 2453.1
1260700 2453.6
1260710 2453.6
1260720 2451.4
1260730 2451.1
1260740 2451.1
1260750 2451.6
1260760 2448.3
1260770 2448.3
1260780 2444.3
1260790 2435.3
1260800 2435.3
1260810 2415.5
1260820 2404.0
1260830 2404.0
1260840 2394.1
1260850 2385.6
1260860 2385.6
1260870 2377.3
1260880 2369.0
1260890 2360.3
1260900 2360.3
1260910 2352.7
1260920 2344.0
1260930 2344.0
1260940 2335.5
1260950 2329.4
1260960 2329.4
1260970 2321.5
1260980 2310.3
1260990 2310.3
1261000 2299.3
1261010 2287.1
1261020 2287.1
1261030 2274.1
1261040 2264.0
1261050 2264.0
1261060 2255.2
1261070 2247.6
1261080 2240.6
1261090 2240.6
1261100 2233.5
1261110 2226.6
1261120 2226.6
1261130 2219.8
1261140 2213.3
1261150 2213.3
1261160 2207.3
1261170 2201.6
1261180 2201.6
1261190 2195.9
1261200 2190.5
1261210 2190.5
1261220 2185.4
1261230 2180.6
1261240 2180.6
1261250 2176.3
1261260 2171.8
1261270 2171.8
1261280 2167.0
1261290 2161.8
1261300 2156.2
1261310 2156.2
1261320 2149.7
1261330 2143.2
1261340 2143.2
1261350 2137.5
1261360 2129.4
1261370 2129.4
1261380 2124.2
1261390 2119.4
1261400 2119.4
1261410 2114.8
1261420 2110.9
1261430 2110.9
1261440 2107.7
1261450 2102.5
1261460 2102.5
1261470 2095.1
1261480 2087.9
1261490 2087.9
1261500 2081.8
1261510 2079.6
1261520 2076.6
1261530 2076.6
1261540 2072.3
1261550 2067.4
1261560 2067.4
1261570 2062.3
1261580 2057.7
1261590 2057.7
1261600 2054.4
1261610 2052.5
1261620 2052.5
1261630 2048.4
1261640 2042.5
1261650 2042.5
1261660 2036.1
1261670 2028.8
1261680 2028.8
1261690 2020.6
1261700 2012.8
1261710 2012.8
1261720 2005.2
1261730 1997.2
1261740 1989.2
1261750 1989.2
1261760 1980.9
1261770 1972.8
1261780 1972.8
1261790 1963.7
1261800 1953.8
1261810 1953.8
1261820 1945.8
1261830 1938.9
1261840 1938.9
1261850 1931.7
1261860 1923.8
1261870 1923.8
1261880 1915.3
1261890 1907.6
1261900 1907.6
1261910 1899.7
1261920 1892.4
1261930 1892.6
1261940 1882.2
1261950 1873.1
1261960 1868.2
1261970 1868.2
1261980 1867.9
1261990 1877.2
1262000 1877.2
1262010 1898.4
1262020 1916.7
1262030 1916.7
1262040 1919.4
1262050 1906.7
1262060 1906.7
1262070 1897.1
1262080 1894.9
1262090 1894.9
1262100 1888.6
1262110 1880.3
1262120 1880.3
1262130 1872.1
1262140 1864.1
1262150 1864.1
1262160 1856.0
1262170 1847.5
1262180 1839.5
1262190 1839.5
1262200 1833.1
1262210 1826.7
1262220 1826.7
1262230 1824.0
1262240 1816.6
1262250 1816.6
1262260 1809.3
1262270 1806.6
1262280 1806.6
1262290 1798.8
1262300 1793.9
1262310 1793.9
1262320 1784.4
1262330 1773.0
1262340 1773.0
1262350 1760.0
1262360 1749.2
1262370 1749.2
1262380 1742.1
1262390 1741.4
1262400 1737.9
1262410 1737.9
1262420 1731.9
1262430 1725.2
1262440 1725.2
1262450 1718.0
1262460 1712.7
1262470 1712.7
1262480 1704.0
1262490 1694.5
1262500 1689.6
1262510 1682.0
1262520 1674.8
1262530 1674.8
1262540 1668.0
1262550 1661.1
1262560 1661.1
1262570 1654.3
1262580 1648.0
1262590 1641.3
1262600 1641.3
1262610 1635.1
1262620 1630.4
1262630 1630.4
1262640 1624.7
1262650 1618.9
1262660 1618.9
1262670 1615.1
1262680 1613.5
1262690 1613.5
1262700 1612.2
1262710 1610.7
1262720 1610.7
1262730 1611.1
1262740 1613.9
1262750 1613.9
1262760 1617.8
1262770 1616.7
1262780 1616.7
1262790 1621.0
1262800 1623.0
1262810 1618.5
1262820 1618.5
1262830 1611.8
1262840 1605.2
1262850 1605.2
1262860 1599.0
1262870 1593.1
1262880 1593.1
1262890 1586.4
1262900 1577.8
1262910 1577.8
1262920 1570.9
1262930 1566.9
1262940 1566.9
1262950 1562.4
1262960 1555.5
1262970 1555.5
1262980 1546.6
1262990 1537.2
1263000 1537.2
1263010 1526.7
1263020 1514.9
1263030 1503.6
1263040 1503.6
1263050 1491.8
1263060 1483.5
1263070 1480.3
1263080 1475.8
1263090 1471.0
1263100 1471.0
1263110 1468.6
1263120 1471.5
1263130 1471.5
1263140 1470.7
1263150 1467.8
1263160 1467.8
1263170 1465.3
1263180 1462.1
1263190 1462.1
1263200 1460.2
1263210 1459.4
1263220 1459.4
1263230 1461.1
1263240 1464.5
1263250 1463.6
1263260 1463.6
1263270 1457.8
1263280 1451.2
1263290 1451.2
1263300 1444.1
1263310 1437.5
1263320 1437.5
1263330 1430.9
1263340 1424.3
1263350 1424.3
1263360 1418.0
1263370 1414.8
1263380 1414.8
1263390 1413.4
1263400 1412.1
1263410 1412.1
1263420 1408.1
1263430 1402.3
1263440 1402.3
1263450 1396.6
1263460 1394.1
1263470 1392.2
1263480 1392.2
1263490 1389.3
1263500 1390.4
1263510 1390.4
1263520 1391.4
1263530 1390.4
1263540 1390.4
1263550 1388.2
1263560 1386.0
1263570 1386.0
1263580 1383.3
1263590 1379.4
1263600 1379.4
1263610 1375.7
1263620 1373.5
1263630 1373.5
1263640 1369.5
1263650 1367.4
1263660 1367.4
1263670 1364.4
1263680 1361.5
1263690 1358.4
1263700 1358.4
1263710 1354.7
1263720 1352.0
1263730 1352.0
1263740 1350.7
1263750 1350.5
1263760 1350.5
1263770 1349.4
1263780 1346.2
1263790 1346.2
1263800 1342.0
1263810 1337.3
1263820 1337.3
1263830 1332.6
1263840 1328.3
1263850 1328.3
1263860 1324.7
1263870 1320.6
1263880 1320.6
1263890 1316.4
1263900 1313.1
1263910 1309.2
1263920 1309.2
1263930 1306.0
1263940 1302.6
1263950 1302.6
1263960 1297.8
1263970 1295.1
1263980 1295.1
1263990 1294.0
1264000 1291.6
1264010 1291.6
1264020 1289.4
1264030 1286.5
1264040 1286.5
1264050 1283.9
1264060 1282.0
1264070 1282.0
1264080 1280.6
1264090 1278.9
1264100 1276.8
1264110 1276.8
1264120 1274.6
1264130 1272.3
1264140 1272.3
1264150 1269.0
1264160 1265.8
1264170 1265.8
1264180 1262.6
1264190 1259.7
1264200 1259.7
1264210 1255.1
1264220 1253.8
1264230 1253.8
1264240 1253.3
1264250 1252.7
1264260 1252.7
1264270 1252.0
1264280 1250.5
1264290 1250.5
1264300 1249.8
1264310 1248.9
1264320 1247.5
1264330 1247.5
1264340 1246.9
1264350 1246.1
1264360 1246.1
1264370 1244.9
1264380 1243.5
1264390 1243.5
1264400 1242.0
1264410 1240.4
1264420 1240.4
1264430 1239.1
1264440 1238.0
1264450 1238.0
1264460 1236.9
1264470 1235.8
1264480 1235.8
1264490 1235.4
1264500 1234.6
1264510 1234.6
1264520 1233.5
1264530 1231.6
1264540 1230.7
1264550 1230.7
1264560 1230.4
1264570 1230.1
1264580 1230.1
1264590 1229.9
1264600 1229.7
1264610 1229.7
1264620 1229.6
1264630 1229.6
1264640 1229.6
1264650 1229.6
1264660 1229.6
1264670 1229.6
1264680 1229.6
1264690 1229.7
1264700 1229.7
1264710 1229.8
1264720 1230.2
1264730 1230.2
1264740 1230.8
1264750 1231.7
1264760 1232.6
1264770 1232.6
1264780 1233.6
1264790 1234.2
1264800 1234.2
1264810 1235.1
1264820 1235.7
1264830 1235.7
1264840 1236.3
1264850 1237.4
1264860 1237.4
1264870 1238.8
1264880 1239.9
1264890 1239.9
1264900 1240.7
1264910 1241.3
1264920 1241.3
1264930 1241.9
1264940 1242.6
1264950 1242.6
1264960 1243.0
1264970 1243.3
1264980 1243.5
1264990 1243.5
1265000 1243.6
1265010 1243.5
1265020 1243.5
1265030 1243.3
1265040 1243.3
1265050 1243.3
1265060 1243.4
1265070 1243.6
1265080 1243.6
1265090 1243.9
1265100 1243.9
1265110 1243.9
1265120 1243.8
1265130 1243.2
1265140 1243.2
1265150 1243.1
1265160 1244.7
1265170 1244.7
1265180 1244.9
1265190 1244.6
1265200 1243.9
1265210 1243.9
1265220 1243.4
1265230 1243.1
1265240 1243.1
1265250 1242.7
1265260 1242.7
1265270 1242.7
1265280 1242.7
1265290 1242.3
1265300 1242.3
1265310 1242.1
1265320 1242.3
1265330 1242.3
1265340 1242.5
1265350 1242.5
1265360 1242.5
1265370 1241.1
1265380 1240.8
1265390 1240.8
1265400 1240.7
1265410 1240.8
1265420 1240.8
1265430 1240.8
1265440 1240.6
1265450 1240.2
1265460 1240.2
1265470 1239.5
1265480 1238.9
1265490 1238.9
1265500 1238.5
1265510 1238.1
1265520 1238.1
1265530 1237.7
1265540 1237.1
1265550 1237.1
1265560 1236.3
1265570 1235.7
1265580 1235.7
1265590 1234.8
1265600 1234.5
1265610 1233.6
1265620 1233.6
1265630 1232.8
1265640 1232.0
1265650 1232.0
1265660 1231.1
1265670 1230.4
1265680 1230.4
1265690 1229.4
1265700 1227.7
1265710 1227.7
1265720 1224.9
1265730 1223.3
1265740 1223.3
1265750 1222.9
1265760 1223.2
1265770 1223.2
1265780 1222.9
1265790 1220.9
1265800 1220.9
1265810 1220.0
1265820 1221.0
1265830 1222.7
1265840 1222.7
1265850 1222.9
1265860 1222.6
1265870 1222.6
1265880 1222.4
1265890 1222.2
1265900 1222.2
1265910 1222.0
1265920 1221.6
1265930 1221.6
1265940 1221.3
1265950 1221.2
1265960 1221.2
1265970 1221.0
1265980 1220.8
1265990 1220.8
1266000 1220.7
1266010 1220.5
1266020 1220.5
1266030 1220.4
1266040 1220.2
1266050 1220.1
1266060 1220.1
1266070 1220.0
1266080 1220.0
1266090 1220.0
1266100 1220.6
1266110 1220.6
1266120 1220.6
1266130 1220.0
1266140 1220.0
1266150 1220.0
1266160 1221.4
1266170 1224.2
1266180 1224.2
1266190 1225.1
1266200 1226.0
1266210 1226.0
1266220 1227.1
1266230 1228.7
1266240 1228.7
1266250 1230.7
1266260 1233.2
1266270 1235.6
1266280 1235.6
1266290 1238.6
1266300 1241.2
1266310 1241.2
1266320 1243.7
1266330 1244.5
1266340 1244.5
1266350 1245.7
1266360 1248.2
1266370 1248.2
1266380 1250.2
1266390 1252.1
1266400 1252.1
1266410 1254.2
1266420 1256.8
1266430 1256.8
1266440 1260.3
1266450 1262.5
1266460 1262.5
1266470 1264.0
1266480 1265.9
1266490 1268.3
1266500 1268.3
1266510 1270.4
1266520 1276.4
1266530 1276.4
1266540 1279.8
1266550 1281.0
1266560 1281.0
1266570 1281.3
1266580 1281.2
1266590 1281.2
1266600 1281.7
1266610 1281.2
1266620 1281.2
1266630 1279.0
1266640 1278.1
1266650 1278.1
1266660 1278.4
1266670 1278.5
1266680 1278.5
1266690 1278.6
1266700 1277.9
1266710 1277.4
1266720 1277.4
1266730 1279.7
1266740 1284.5
1266750 1284.5
1266760 1289.5
1266770 1294.5
1266780 1294.5
1266790 1299.4
1266800 1304.6
1266810 1304.6
1266820 1309.3
1266830 1314.0
1266840 1314.0
1266850 1319.1
1266860 1324.8
1266870 1324.8
1266880 1330.6
1266890 1336.3
1266900 1341.8
1266910 1341.8
1266920 1346.8
1266930 1351.4
1266940 1351.4
1266950 1355.9
1266960 1360.2
1266970 1360.2
1266980 1364.1
1266990 1367.7
1267000 1367.7
1267010 1370.4
1267020 1372.9
1267030 1372.9
1267040 1374.7
1267050 1377.3
1267060 1377.3
1267070 1377.2
1267080 1376.3
1267090 1376.3
1267100 1376.7
1267110 1385.4
1267120 1389.8
1267130 1389.8
1267140 1392.8
1267150 1394.1
1267160 1394.1
1267170 1396.5
1267180 1400.2
1267190 1400.2
1267200 1404.2
1267210 1406.8
1267220 1406.8
1267230 1409.0
1267240 1410.5
1267250 1410.5
1267260 1411.0
1267270 1411.2
1267280 1411.2
1267290 1411.8
1267300 1413.8
1267310 1413.8
1267320 1415.1
1267330 1417.6
1267340 1420.9
1267350 1420.9
1267360 1423.2
1267370 1422.2
1267380 1422.2
1267390 1420.5
1267400 1419.9
1267410 1419.9
1267420 1419.3
1267430 1417.3
1267440 1417.3
1267450 1410.8
1267460 1407.4
1267470 1407.4
1267480 1413.0
1267490 1431.7
1267500 1431.7
1267510 1444.8
1267520 1459.1
1267530 1459.1
1267540 1474.0
1267550 1486.2
1267560 1493.8
1267570 1493.8
1267580 1500.9
1267590 1506.1
1267600 1506.1
1267610 1507.6
1267620 1508.9
1267630 1508.9
1267640 1511.8
1267650 1517.9
1267660 1517.9
1267670 1523.7
1267680 1529.3
1267690 1534.6
1267700 1539.7
1267710 1546.5
1267720 1546.5
1267730 1554.4
1267740 1563.0
1267750 1563.0
1267760 1573.6
1267770 1588.6
1267780 1605.9
1267790 1605.9
1267800 1635.9
1267810 1651.4
1267820 1651.4
1267830 1641.8
1267840 1647.3
1267850 1647.3
1267860 1679.6
1267870 1690.9
1267880 1690.9
1267890 1701.2
1267900 1717.4
1267910 1717.4
1267920 1730.9
1267930 1746.7
1267940 1746.7
1267950 1753.6
1267960 1761.0
1267970 1761.0
1267980 1759.2
1267990 1770.3
1268000 1762.9
1268010 1762.9
1268020 1752.2
1268030 1731.5
1268040 1731.5
1268050 1735.4
1268060 1751.7
1268070 1751.7
1268080 1784.8
1268090 1807.9
1268100 1807.9
1268110 1808.8
1268120 1809.2
1268130 1809.2
1268140 1798.7
1268150 1789.0
1268160 1789.0
1268170 1812.6
1268180 1813.8
1268190 1813.8
1268200 1809.7
1268210 1802.7
1268220 1791.2
1268230 1791.2
1268240 1776.5
1268250 1760.4
1268260 1760.4
1268270 1757.2
1268280 1778.7
1268290 1778.7
1268300 1802.3
1268310 1828.7
1268320 1828.7
1268330 1869.5
1268340 1889.1
1268350 1889.1
1268360 1898.1
1268370 1901.6
1268380 1901.6
1268390 1898.9
1268400 1894.2
1268410 1891.1
1268420 1891.1
1268430 1886.1
1268440 1878.7
1268450 1878.7
1268460 1873.4
1268470 1874.3
1268480 1874.3
1268490 1874.7
1268500 1872.6
1268510 1872.6
1268520 1866.5
1268530 1861.9
1268540 1861.9
1268550 1858.0
1268560 1853.5
1268570 1853.5
1268580 1850.0
1268590 1849.2
1268600 1849.2
1268610 1847.9
1268620 1846.7
1268630 1845.7
1268640 1845.7
1268650 1845.0
1268660 1844.1
1268670 1844.1
1268680 1843.5
1268690 1841.9
1268700 1841.9
1268710 1840.7
1268720 1838.9
1268730 1838.9
1268740 1836.5
1268750 1831.5
1268760 1831.5
1268770 1829.9
1268780 1829.3
1268790 1829.3
1268800 1826.3
1268810 1820.5
1268820 1820.5
1268830 1813.1
1268840 1807.3
1268850 1805.7
1268860 1804.4
1268870 1802.1
1268880 1798.4
1268890 1798.4
1268900 1794.1
1268910 1788.9
1268920 1788.9
1268930 1783.9
1268940 1780.2
1268950 1780.2
1268960 1776.4
1268970 1771.1
1268980 1771.1
1268990 1764.7
1269000 1759.1
1269010 1759.1
1269020 1752.4
1269030 1745.0
1269040 1745.0
1269050 1738.1
1269060 1730.3
1269070 1723.4
1269080 1723.4
1269090 1716.7
1269100 1709.3
1269110 1709.3
1269120 1701.4
1269130 1694.3
1269140 1694.3
1269150 1687.4
1269160 1679.6
1269170 1679.6
1269180 1675.3
1269190 1677.6
1269200 1677.6
1269210 1682.7
1269220 1687.4
1269230 1687.4
1269240 1691.7
1269250 1695.5
1269260 1695.5
1269270 1699.4
1269280 1702.8
1269290 1706.6
1269300 1706.6
1269310 1709.7
1269320 1711.8
1269330 1711.8
1269340 1714.1
1269350 1716.1
1269360 1716.1
1269370 1717.7
1269380 1719.7
1269390 1719.7
1269400 1723.4
1269410 1724.0
1269420 1724.0
1269430 1723.3
1269440 1723.1
1269450 1726.7
1269460 1726.5
1269470 1727.4
1269480 1727.4
1269490 1728.1
1269500 1728.2
1269510 1728.2
1269520 1728.2
1269530 1728.8
1269540 1729.9
1269550 1729.9
1269560 1732.3
1269570 1736.0
1269580 1736.0
1269590 1738.1
1269600 1740.9
1269610 1740.9
1269620 1744.2
1269630 1745.7
1269640 1745.7
1269650 1747.3
1269660 1749.7
1269670 1749.7
1269680 1752.1
1269690 1755.4
1269700 1755.4
1269710 1760.0
1269720 1764.6
1269730 1768.4
1269740 1768.4
1269750 1772.7
1269760 1776.2
1269770 1776.2
1269780 1778.8
1269790 1781.8
1269800 1781.8
1269810 1784.7
1269820 1788.8
1269830 1788.8
1269840 1793.2
1269850 1797.4
1269860 1797.4
1269870 1801.8
1269880 1804.8
1269890 1804.8
1269900 1809.9
1269910 1816.2
1269920 1821.5
1269930 1821.5
1269940 1826.0
1269950 1831.1
1269960 1831.1
1269970 1835.0
1269980 1837.3
1269990 1837.3
1270000 1839.8
1270010 1842.6
1270020 1842.6
1270030 1845.6
1270040 1846.1
1270050 1846.1
1270060 1848.4
1270070 1850.8
1270080 1850.8
1270090 1854.5
1270100 1858.3
1270110 1858.3
1270120 1861.1
1270130 1865.2
1270140 1870.1
1270150 1870.1
1270160 1876.0
1270170 1882.7
1270180 1882.7
1270190 1889.6
1270200 1897.6
1270210 1897.6
1270220 1908.7
1270230 1917.0
1270240 1917.0
1270250 1920.4
1270260 1923.0
1270270 1923.0
1270280 1926.7
1270290 1930.6
1270300 1930.6
1270310 1933.4
1270320 1938.0
1270330 1938.0
1270340 1943.8
1270350 1950.6
1270360 1956.6
1270370 1956.6
1270380 1958.4
1270390 1956.4
1270400 1956.4
1270410 1953.9
1270420 1952.5
1270430 1952.5
1270440 1951.3
1270450 1950.2
1270460 1950.2
1270470 1949.1
1270480 1948.2
1270490 1948.2
1270500 1946.8
1270510 1945.2
1270520 1945.2
1270530 1943.7
1270540 1942.6
1270550 1942.6
1270560 1941.5
1270570 1941.7
1270580 1942.9
1270590 1942.9
1270600 1944.8
1270610 1946.5
1270620 1946.5
1270630 1953.0
1270640 1953.0
1270650 1953.0
1270660 1954.2
1270670 1956.7
1270680 1956.7
1270690 1959.1
1270700 1960.0
1270710 1960.0
1270720 1960.2
1270730 1960.1
1270740 1960.1
1270750 1959.8
1270760 1959.6
1270770 1959.6
1270780 1958.8
1270790 1957.1
1270800 1953.2
1270810 1953.2
1270820 1951.0
1270830 1948.3
1270840 1948.3
1270850 1948.3
1270860 1952.2
1270870 1952.2
1270880 1955.6
1270890 1959.9
1270900 1959.9
1270910 1963.0
1270920 1965.2
1270930 1965.2
1270940 1967.5
1270950 1969.7
1270960 1969.7
1270970 1972.3
1270980 1974.9
1270990 1974.9
1271000 1977.2
1271010 1979.8
1271020 1981.9
1271030 1981.9
1271040 1983.1
1271050 1983.2
1271060 1983.2
1271070 1983.3
1271080 1984.4
1271090 1984.4
1271100 1986.6
1271110 1989.9
1271120 1989.9
1271130 1993.6
1271140 1997.4
1271150 1997.4
1271160 2000.5
1271170 2002.8
1271180 2002.8
1271190 2005.3
1271200 2009.0
1271210 2013.7
1271220 2013.7
1271230 2017.0
1271240 2020.6
1271250 2020.6
1271260 2024.4
1271270 2028.2
1271280 2028.2
1271290 2031.7
1271300 2035.2
1271310 2035.2
1271320 2038.9
1271330 2042.3
1271340 2042.3
1271350 2046.3
1271360 2050.7
1271370 2050.7
1271380 2054.4
1271390 2058.0
1271400 2058.0
1271410 2061.0
1271420 2062.6
1271430 2063.8
1271440 2063.8
1271450 2067.4
1271460 2071.1
1271470 2071.1
1271480 2074.0
1271490 2076.1
1271500 2076.1
1271510 2078.1
1271520 2080.3
1271530 2080.3
1271540 2081.8
1271550 2083.3
1271560 2083.3
1271570 2084.4
1271580 2086.5
1271590 2086.5
1271600 2089.3
1271610 2091.9
1271620 2091.9
1271630 2094.8
1271640 2098.7
1271650 2103.4
1271660 2103.4
1271670 2107.8
1271680 2113.1
1271690 2113.1
1271700 2118.0
1271710 2122.2
1271720 2122.2
1271730 2126.3
1271740 2130.3
1271750 2130.3
1271760 2133.9
1271770 2137.5
1271780 2137.5
1271790 2141.1
1271800 2144.9
1271810 2144.9
1271820 2150.3
1271830 2155.5
1271840 2155.5
1271850 2160.4
1271860 2165.6
1271870 2170.5
1271880 2170.5
1271890 2175.5
1271900 2180.1
1271910 2180.1
1271920 2185.0
1271930 2190.2
1271940 2190.2
1271950 2195.7
1271960 2201.9
1271970 2201.9
1271980 2208.0
1271990 2213.6
1272000 2213.6
1272010 2218.7
1272020 2222.9
1272030 2222.9
1272040 2227.5
1272050 2232.7
1272060 2232.7
1272070 2237.1
1272080 2240.7
1272090 2243.6
1272100 2243.6
1272110 2245.2
1272120 2247.5
1272130 2247.5
1272140 2249.3
1272150 2249.9
1272160 2249.9
1272170 2249.4
1272180 2250.8
1272190 2250.8
1272200 2252.3
1272210 2251.5
1272220 2251.5
1272230 2249.9
1272240 2251.4
1272250 2251.4
1272260 2257.1
1272270 2260.1
1272280 2260.1
1272290 2262.2
1272300 2263.4
1272310 2263.7
1272320 2263.7
1272330 2261.9
1272340 2259.6
1272350 2259.6
1272360 2257.2
1272370 2254.0
1272380 2254.0
1272390 2251.9
1272400 2250.8
1272410 2250.8
1272420 2256.3
1272430 2256.1
1272440 2256.1
1272450 2254.3
1272460 2252.5
1272470 2252.5
1272480 2250.2
1272490 2249.6
1272500 2249.6
1272510 2247.6
1272520 2245.4
1272530 2243.6
1272540 2243.6
1272550 2241.6
1272560 2238.2
1272570 2238.2
1272580 2233.9
1272590 2229.2
1272600 2229.2
1272610 2224.8
1272620 2221.8
1272630 2221.8
1272640 2218.5
1272650 2216.1
1272660 2216.1
1272670 2214.6
1272680 2213.8
1272690 2213.8
1272700 2213.1
1272710 2211.5
1272720 2210.1
1272730 2210.1
1272740 2206.9
1272750 2204.7
1272760 2204.7
1272770 2205.6
1272780 2207.2
1272790 2207.2
1272800 2209.4
1272810 2210.9
1272820 2210.9
1272830 2209.5
1272840 2206.9
1272850 2206.9
1272860 2204.8
1272870 2204.2
1272880 2204.2
1272890 2205.8
1272900 2206.3
1272910 2206.3
1272920 2204.4
1272930 2202.5
1272940 2200.4
1272950 2200.4
1272960 2199.2
1272970 2196.9
1272980 2196.9
1272990 2195.2
1273000 2192.7
1273010 2192.5
1273020 2184.2
1273030 2178.3
1273040 2178.3
1273050 2177.0
1273060 2177.4
1273070 2177.4
1273080 2178.1
1273090 2177.2
1273100 2177.2
1273110 2175.1
1273120 2171.9
1273130 2171.9
1273140 2168.0
1273150 2163.1
1273160 2158.2
1273170 2158.2
1273180 2154.3
1273190 2151.7
1273200 2151.7
1273210 2149.8
1273220 2148.4
1273230 2148.4
1273240 2145.9
1273250 2142.6
1273260 2142.6
1273270 2138.0
1273280 2131.3
1273290 2131.3
1273300 2125.5
1273310 2124.1
1273320 2124.1
1273330 2122.4
1273340 2120.6
1273350 2120.6
1273360 2118.9
1273370 2117.3
1273380 2115.8
1273390 2115.8
1273400 2114.6
1273410 2114.0
1273420 2114.0
1273430 2112.4
1273440 2109.6
1273450 2109.6
1273460 2106.5
1273470 2104.3
1273480 2104.3
1273490 2102.9
1273500 2101.3
1273510 2101.3
1273520 2098.7
1273530 2096.2
1273540 2096.2
1273550 2094.5
1273560 2092.6
1273570 2092.6
1273580 2091.2
1273590 2090.8
1273600 2090.5
1273610 2087.2
1273620 2086.5
1273630 2086.0
1273640 2086.0
1273650 2085.7
1273660 2085.2
1273670 2085.2
1273680 2084.7
1273690 2083.9
1273700 2083.9
1273710 2082.5
1273720 2080.3
1273730 2080.3
1273740 2078.9
1273750 2078.2
1273760 2078.2
1273770 2076.8
1273780 2075.2
1273790 2075.2
1273800 2073.0
1273810 2070.5
1273820 2067.8
1273830 2067.8
1273840 2064.9
1273850 2061.9
1273860 2061.9
1273870 2058.7
1273880 2055.6
1273890 2055.6
1273900 2051.4
1273910 2048.8
1273920 2048.8
1273930 2045.9
1273940 2042.1
1273950 2042.1
1273960 2038.3
1273970 2035.2
1273980 2035.2
1273990 2033.0
1274000 2030.9
1274010 2028.9
1274020 2028.9
1274030 2027.2
1274040 2024.5
1274050 2024.5
1274060 2021.8
1274070 2018.5
1274080 2018.5
1274090 2014.9
1274100 2013.1
1274110 2013.1
1274120 2011.6
1274130 2011.2
1274140 2011.2
1274150 2010.1
1274160 2007.4
1274170 2007.4
1274180 2002.9
1274190 1997.6
1274200 1997.6
1274210 1993.5
1274220 1991.4
1274230 1988.4
1274240 1988.4
1274250 1985.5
1274260 1983.9
1274270 1983.9
1274280 1982.6
1274290 1981.9
1274300 1981.9
1274310 1980.8
1274320 1979.5
1274330 1979.5
1274340 1977.1
1274350 1974.1
1274360 1974.1
1274370 1971.2
1274380 1968.0
1274390 1968.0
1274400 1964.8
1274410 1962.8
1274420 1962.8
1274430 1961.2
1274440 1959.9
1274450 1958.3
1274460 1958.3
1274470 1956.4
1274480 1955.1
1274490 1955.1
1274500 1953.7
1274510 1951.1
1274520 1951.1
1274530 1946.6
1274540 1940.5
1274550 1940.5
1274560 1936.5
1274570 1932.0
1274580 1932.0
1274590 1927.8
1274600 1921.7
1274610 1921.7
1274620 1917.7
1274630 1914.7
1274640 1914.7
1274650 1911.5
1274660 1908.4
1274670 1905.6
1274680 1905.6
1274690 1903.1
1274700 1901.3
1274710 1901.3
1274720 1900.1
1274730 1898.9
1274740 1898.9
1274750 1897.9
1274760 1896.9
1274770 1896.9
1274780 1895.6
1274790 1893.9
1274800 1893.9
1274810 1891.6
1274820 1888.7
1274830 1888.7
1274840 1885.3
1274850 1880.9
1274860 1880.9
1274870 1877.7
1274880 1876.4
1274890 1875.8
1274900 1875.8
1274910 1875.0
1274920 1872.8
1274930 1872.8
1274940 1868.3
1274950 1863.9
1274960 1863.9
1274970 1861.3
1274980 1860.1
1274990 1860.1
1275000 1858.5
1275010 1856.7
1275020 1856.7
1275030 1856.1
1275040 1855.4
1275050 1855.4
1275060 1854.7
1275070 1853.6
1275080 1853.6
1275090 1853.0
1275100 1852.3
1275110 1850.3
1275120 1850.3
1275130 1848.7
1275140 1846.9
1275150 1846.9
1275160 1844.8
1275170 1840.2
1275180 1840.2
1275190 1837.5
1275200 1836.2
1275210 1836.2
1275220 1834.7
1275230 1833.1
1275240 1833.1
1275250 1830.8
1275260 1829.0
1275270 1829.0
1275280 1827.9
1275290 1826.0
1275300 1824.3
1275310 1824.3
1275320 1822.4
1275330 1821.0
1275340 1821.0
1275350 1821.4
1275360 1821.0
1275370 1821.0
1275380 1818.8
1275390 1816.2
1275400 1816.2
1275410 1813.6
1275420 1810.2
1275430 1809.2
1275440 1805.0
1275450 1801.6
1275460 1801.6
1275470 1798.3
1275480 1796.1
1275490 1796.1
1275500 1793.8
1275510 1793.2
1275520 1792.5
1275530 1792.5
1275540 1789.9
1275550 1787.3
1275560 1787.3
1275570 1784.9
1275580 1782.0
1275590 1782.0
1275600 1778.8
1275610 1775.0
1275620 1775.0
1275630 1771.0
1275640 1766.8
1275650 1766.8
1275660 1762.5
1275670 1758.6
1275680 1758.6
1275690 1754.7
1275700 1752.7
1275710 1752.7
1275720 1751.2
1275730 1748.6
1275740 1745.1
1275750 1745.1
1275760 1741.3
1275770 1738.7
1275780 1738.7
1275790 1734.8
1275800 1731.2
1275810 1731.2
1275820 1727.8
1275830 1723.5
1275840 1723.5
1275850 1718.4
1275860 1713.3
1275870 1713.3
1275880 1709.0
1275890 1705.4
1275900 1705.4
1275910 1703.6
1275920 1701.9
1275930 1701.9
1275940 1700.5
1275950 1699.1
1275960 1697.1
1275970 1697.1
1275980 1694.1
1275990 1692.3
1276000 1692.3
1276010 1691.1
1276020 1688.3
1276030 1683.8
1276040 1679.9
1276050 1672.3
1276060 1672.3
1276070 1666.7
1276080 1659.5
1276090 1659.5
1276100 1653.6
1276110 1649.3
1276120 1649.3
1276130 1646.9
1276140 1644.8
1276150 1644.8
1276160 1642.9
1276170 1641.0
1276180 1639.7
1276190 1639.7
1276200 1637.0
1276210 1631.4
1276220 1631.4
1276230 1625.7
1276240 1621.0
1276250 1621.0
1276260 1616.1
1276270 1611.0
1276280 1611.0
1276290 1606.1
1276300 1602.0
1276310 1602.0
1276320 1597.7
1276330 1593.5
1276340 1593.5
1276350 1589.2
1276360 1585.0
1276370 1585.0
1276380 1581.2
1276390 1577.4
1276400 1573.9
1276410 1573.9
1276420 1570.1
1276430 1566.5
1276440 1566.5
1276450 1563.6
1276460 1560.2
1276470 1560.2
1276480 1555.8
1276490 1552.5
1276500 1552.5
1276510 1550.1
1276520 1547.1
1276530 1547.1
1276540 1545.4
1276550 1542.6
1276560 1542.6
1276570 1541.8
1276580 1544.5
1276590 1544.5
1276600 1546.2
1276610 1545.5
1276620 1543.2
1276630 1543.2
1276640 1539.4
1276650 1537.2
1276660 1537.2
1276670 1535.8
1276680 1534.9
1276690 1534.9
1276700 1534.0
1276710 1532.2
1276720 1532.2
1276730 1529.5
1276740 1525.5
1276750 1525.5
1276760 1522.5
1276770 1518.9
1276780 1518.9
1276790 1514.5
1276800 1511.1
1276810 1508.2
1276820 1508.2
1276830 1505.9
1276840 1504.2
1276850 1504.2
1276860 1502.9
1276870 1501.5
1276880 1501.5
1276890 1498.9
1276900 1494.8
1276910 1494.8
1276920 1490.5
1276930 1488.5
1276940 1488.5
1276950 1483.6
1276960 1475.7
1276970 1475.7
1276980 1468.6
1276990 1462.2
1277000 1462.2
1277010 1456.3
1277020 1451.5
1277030 1446.0
1277040 1446.0
1277050 1441.1
1277060 1439.0
1277070 1439.0
1277080 1437.3
1277090 1433.9
1277100 1433.9
1277110 1430.9
1277120 1428.2
1277130 1428.2
1277140 1425.0
1277150 1421.1
1277160 1421.1
1277170 1418.1
1277180 1415.5
1277190 1415.5
1277200 1413.0
1277210 1410.9
1277220 1410.9
1277230 1408.8
1277240 1406.8
1277250 1403.8
1277260 1403.8
1277270 1402.3
1277280 1400.9
1277290 1400.9
1277300 1399.5
1277310 1398.0
1277320 1398.0
1277330 1396.6
1277340 1395.1
1277350 1395.1
1277360 1392.2
1277370 1389.9
1277380 1389.9
1277390 1388.6
1277400 1387.4
1277410 1387.4
1277420 1386.5
1277430 1385.9
1277440 1385.9
1277450 1385.1
1277460 1383.5
1277470 1381.0
1277480 1381.0
1277490 1378.5
1277500 1376.1
1277510 1376.1
1277520 1373.9
1277530 1371.4
1277540 1371.4
1277550 1367.8
1277560 1364.3
1277570 1364.3
1277580 1361.6
1277590 1359.9
1277600 1359.9
1277610 1358.6
1277620 1357.2
1277630 1357.2
1277640 1355.7
1277650 1354.7
1277660 1354.7
1277670 1354.2
1277680 1354.0
1277690 1353.8
1277700 1353.8
1277710 1353.7
1277720 1353.4
1277730 1353.4
1277740 1353.1
1277750 1352.7
1277760 1352.7
1277770 1352.5
1277780 1352.3
1277790 1352.3
1277800 1352.3
1277810 1352.3
1277820 1352.3
1277830 1352.4
1277840 1352.5
1277850 1352.5
1277860 1352.7
1277870 1353.0
1277880 1353.0
1277890 1353.2
1277900 1352.9
1277910 1351.8
1277920 1351.8
1277930 1350.1
1277940 1348.5
1277950 1348.5
1277960 1346.9
1277970 1345.7
1277980 1345.7
1277990 1345.0
1278000 1345.5
1278010 1345.5
1278020 1347.9
1278030 1350.2
1278040 1350.2
1278050 1350.4
1278060 1346.3
1278070 1346.3
1278080 1343.4
1278090 1341.6
1278100 1338.7
1278110 1338.7
1278120 1334.4
1278130 1326.6
1278140 1326.6
1278150 1323.1
1278160 1323.5
1278170 1323.5
1278180 1324.0
1278190 1325.0
1278200 1325.0
1278210 1323.6
1278220 1314.1
1278230 1314.1
1278240 1302.9
1278250 1291.0
1278260 1291.0
1278270 1279.9
1278280 1268.6
1278290 1268.6
1278300 1253.1
1278310 1240.0
1278320 1230.6
1278330 1230.6
1278340 1221.7
1278350 1212.4
1278360 1212.4
1278370 1201.3
1278380 1191.0
1278390 1191.0
1278400 1182.3
1278410 1174.1
1278420 1174.1
1278430 1166.9
1278440 1161.1
1278450 1161.1
1278460 1157.6
1278470 1155.1
1278480 1154.5
1278490 1151.4
1278500 1147.4
1278510 1147.4
1278520 1143.3
1278530 1138.0
1278540 1133.2
1278550 1133.2
1278560 1131.5
1278570 1130.6
1278580 1130.6
1278590 1128.9
1278600 1131.7
1278610 1131.7
1278620 1138.1
1278630 1144.9
1278640 1144.9
1278650 1151.2
1278660 1157.6
1278670 1157.6
1278680 1164.8
1278690 1172.2
1278700 1172.2
1278710 1179.7
1278720 1187.2
1278730 1187.2
1278740 1194.8
1278750 1202.5
1278760 1210.6
1278770 1210.6
1278780 1218.5
1278790 1226.7
1278800 1226.7
1278810 1230.5
1278820 1234.7
1278830 1234.7
1278840 1246.1
1278850 1254.0
1278860 1254.0
1278870 1260.5
1278880 1266.8
1278890 1266.8
1278900 1272.4
1278910 1279.3
1278920 1279.3
1278930 1285.9
1278940 1292.0
1278950 1292.0
1278960 1298.4
1278970 1305.0
1278980 1311.3
1278990 1311.3
1279000 1318.2
1279010 1325.4
1279020 1325.4
1279030 1332.0
1279040 1337.7
1279050 1337.7
1279060 1342.3
1279070 1346.8
1279080 1346.8
1279090 1351.9
1279100 1357.1
1279110 1357.1
1279120 1363.0
1279130 1369.6
1279140 1369.6
1279150 1376.5
1279160 1383.5
1279170 1383.5
1279180 1388.4
1279190 1392.9
1279200 1397.9
1279210 1397.9
1279220 1402.8
1279230 1406.8
1279240 1406.8
1279250 1409.6
1279260 1412.2
1279270 1412.2
1279280 1416.5
1279290 1423.2
1279300 1423.2
1279310 1430.3
1279320 1437.4
1279330 1437.4
1279340 1445.5
1279350 1454.9
1279360 1454.9
1279370 1463.3
1279380 1469.9
1279390 1477.0
1279400 1477.0
1279410 1483.5
1279420 1490.1
1279430 1490.1
1279440 1496.6
1279450 1503.0
1279460 1503.0
1279470 1509.3
1279480 1515.5
1279490 1515.5
1279500 1520.4
1279510 1525.1
1279520 1525.1
1279530 1530.2
1279540 1536.4
1279550 1536.4
1279560 1543.6
1279570 1552.8
1279580 1552.8
1279590 1561.2
1279600 1566.4
1279610 1570.9
1279620 1570.9
1279630 1576.1
1279640 1580.4
1279650 1580.4
1279660 1584.7
1279670 1589.6
1279680 1589.6
1279690 1595.3
1279700 1601.3
1279710 1602.3
1279720 1608.3
1279730 1613.3
1279740 1613.3
1279750 1617.7
1279760 1621.8
1279770 1621.8
1279780 1626.4
1279790 1631.1
1279800 1631.1
1279810 1636.8
1279820 1642.4
1279830 1647.7
1279840 1647.7
1279850 1653.2
1279860 1659.1
1279870 1659.1
1279880 1666.1
1279890 1672.1
1279900 1672.1
1279910 1676.9
1279920 1682.0
1279930 1682.0
1279940 1687.5
1279950 1692.9
1279960 1692.9
1279970 1698.2
1279980 1703.5
1279990 1703.5
