1260000 2365.6
1260010 2366.7
1260020 2367.5
1260030 2368.1
1260040 2368.1
1260050 2369.2
1260060 2371.6
1260070 2377.5
1260080 2379.6
1260090 2381.6
1260100 2381.6
1260110 2384.9
1260120 2388.5
1260130 2388.5
1260140 2392.6
1260150 2397.1
1260160 2397.1
1260170 2402.0
1260180 2407.4
1260190 2407.4
1260200 2413.3
1260210 2419.3
1260220 2419.3
1260230 2426.1
1260240 2433.1
1260250 2440.4
1260260 2440.4
1260270 2444.4
1260280 2447.6
1260290 2447.6
1260300 2451.0
1260310 2454.7
1260320 2454.7
1260330 2451.9
1260340 2448.0
1260350 2448.0
1260360 2449.6
1260370 2455.5
1260380 2455.5
1260390 2459.9
1260400 2464.9
1260410 2464.9
1260420 2471.1
1260430 2476.7
1260440 2476.7
1260450 2473.4
1260460 2466.3
1260470 2454.7
1260480 2454.7
1260490 2442.1
1260500 2429.0
1260510 2429.0
1260520 2418.3
1260530 2411.3
1260540 2411.3
1260550 2404.9
1260560 2397.7
1260570 2397.7
1260580 2386.5
1260590 2374.9
1260600 2374.9
1260610 2366.7
1260620 2359.0
1260630 2358.8
1260640 2349.4
1260650 2340.6
1260660 2340.6
1260670 2332.3
1260680 2324.8
1260690 2317.4
1260700 2317.4
1260710 2309.8
1260720 2301.6
1260730 2301.6
1260740 2291.9
1260750 2283.2
1260760 2283.2
1260770 2279.0
1260780 2278.4
1260790 2278.4
1260800 2276.9
1260810 2277.0
1260820 2277.0
1260830 2276.3
1260840 2284.8
1260850 2284.8
1260860 2299.6
1260870 2314.3
1260880 2314.3
1260890 2315.8
1260900 2311.4
1260910 2303.8
1260920 2303.8
1260930 2296.1
1260940 2287.5
1260950 2287.5
1260960 2280.4
1260970 2284.3
1260980 2284.3
1260990 2287.3
1261000 2291.3
1261010 2291.3
1261020 2291.4
1261030 2286.3
1261040 2286.3
1261050 2282.1
1261060 2278.2
1261070 2278.2
1261080 2272.6
1261090 2265.5
1261100 2265.5
1261110 2258.9
1261120 2253.1
1261130 2245.6
1261140 2245.6
1261150 2238.5
1261160 2231.0
1261170 2231.0
1261180 2224.0
1261190 2217.4
1261200 2224.1
1261210 2218.0
1261220 2210.9
1261230 2210.9
1261240 2203.6
1261250 2197.1
1261260 2197.1
1261270 2189.6
1261280 2180.4
1261290 2180.4
1261300 2171.7
1261310 2163.7
1261320 2156.4
1261330 2156.4
1261340 2148.7
1261350 2141.3
1261360 2141.3
1261370 2134.0
1261380 2126.2
1261390 2126.2
1261400 2118.5
1261410 2110.7
1261420 2110.7
1261430 2103.4
1261440 2095.7
1261450 2095.7
1261460 2087.0
1261470 2080.4
1261480 2080.4
1261490 2073.4
1261500 2067.0
1261510 2067.0
1261520 2061.5
1261530 2054.7
1261540 2048.1
1261550 2048.1
1261560 2042.1
1261570 2034.9
1261580 2034.9
1261590 2027.2
1261600 2025.6
1261610 2025.6
1261620 2020.1
1261630 2017.7
1261640 2017.7
1261650 2013.6
1261660 2007.5
1261670 2007.5
1261680 1996.5
1261690 1977.2
1261700 1977.2
1261710 1950.7
1261720 1935.1
1261730 1935.1
1261740 1922.0
1261750 1910.0
1261760 1899.4
1261770 1902.4
1261780 1894.6
1261790 1878.0
1261800 1878.0
1261810 1864.0
1261820 1847.5
1261830 1847.5
1261840 1841.9
1261850 1853.5
1261860 1853.5
1261870 1851.2
1261880 1841.8
1261890 1841.8
1261900 1835.5
1261910 1821.0
1261920 1821.0
1261930 1805.0
1261940 1794.5
1261950 1794.5
1261960 1786.5
1261970 1778.7
1261980 1774.3
1261990 1774.3
1262000 1771.4
1262010 1766.9
1262020 1766.9
1262030 1763.5
1262040 1760.9
1262050 1760.9
1262060 1755.4
1262070 1750.8
1262080 1750.8
1262090 1747.6
1262100 1747.5
1262110 1747.5
1262120 1745.1
1262130 1743.1
1262140 1743.1
1262150 1742.1
1262160 1748.1
1262170 1748.1
1262180 1751.1
1262190 1743.7
1262200 1738.3
1262210 1738.3
1262220 1732.2
1262230 1725.6
1262240 1725.6
1262250 1718.6
1262260 1711.6
1262270 1711.6
1262280 1705.5
1262290 1700.7
1262300 1700.7
1262310 1696.0
1262320 1690.8
1262330 1690.8
1262340 1682.5
1262350 1679.7
1262360 1679.7
1262370 1676.1
1262380 1671.9
1262390 1671.9
1262400 1668.0
1262410 1663.9
1262420 1659.1
1262430 1659.1
1262440 1654.2
1262450 1649.5
1262460 1649.5
1262470 1644.7
1262480 1640.6
1262490 1640.6
1262500 1636.5
1262510 1632.2
1262520 1632.2
1262530 1627.7
1262540 1622.0
1262550 1622.0
1262560 1614.9
1262570 1607.4
1262580 1607.4
1262590 1601.0
1262600 1595.0
1262610 1589.6
1262620 1589.6
1262630 1584.1
1262640 1578.7
1262650 1578.7
1262660 1573.1
1262670 1568.3
1262680 1568.3
1262690 1563.0
1262700 1556.9
1262710 1556.9
1262720 1550.5
1262730 1544.4
1262740 1544.4
1262750 1538.3
1262760 1532.5
1262770 1532.5
1262780 1526.9
1262790 1521.6
1262800 1521.6
1262810 1516.6
1262820 1511.9
1262830 1507.4
1262840 1507.4
1262850 1502.2
1262860 1496.8
1262870 1496.8
1262880 1491.5
1262890 1486.8
1262900 1486.8
1262910 1479.8
1262920 1474.5
1262930 1474.5
1262940 1470.0
1262950 1466.0
1262960 1466.0
1262970 1463.1
1262980 1461.4
1262990 1461.4
1263000 1459.2
1263010 1455.2
1263020 1455.2
1263030 1450.0
1263040 1444.5
1263050 1438.5
1263060 1438.5
1263070 1432.9
1263080 1428.3
1263090 1428.3
1263100 1424.7
1263110 1421.6
1263120 1421.6
1263130 1416.0
1263140 1416.1
1263150 1416.1
1263160 1420.6
1263170 1419.8
1263180 1419.8
1263190 1416.9
1263200 1414.5
1263210 1414.5
1263220 1412.3
1263230 1409.9
1263240 1409.9
1263250 1407.9
1263260 1408.1
1263270 1410.0
1263280 1410.0
1263290 1410.9
1263300 1407.1
1263310 1407.1
1263320 1402.2
1263330 1396.8
1263340 1396.8
1263350 1391.7
1263360 1386.8
1263370 1386.8
1263380 1382.2
1263390 1378.9
1263400 1378.9
1263410 1377.2
1263420 1375.7
1263430 1375.7
1263440 1372.2
1263450 1366.6
1263460 1366.6
1263470 1359.9
1263480 1352.5
1263490 1348.5
1263500 1348.5
1263510 1349.4
1263520 1349.5
1263530 1349.5
1263540 1345.2
1263550 1340.3
1263560 1340.3
1263570 1334.7
1263580 1334.2
1263590 1334.2
1263600 1334.6
1263610 1338.0
1263620 1338.0
1263630 1341.5
1263640 1340.3
1263650 1340.3
1263660 1336.9
1263670 1334.2
1263680 1334.2
1263690 1331.6
1263700 1330.9
1263710 1329.2
1263720 1329.2
1263730 1326.3
1263740 1323.1
1263750 1323.1
1263760 1320.7
1263770 1318.2
1263780 1318.2
1263790 1315.6
1263800 1312.4
1263810 1312.4
1263820 1309.1
1263830 1305.7
1263840 1305.7
1263850 1302.3
1263860 1299.6
1263870 1299.6
1263880 1296.6
1263890 1292.5
1263900 1292.5
1263910 1289.9
1263920 1289.1
1263930 1284.6
1263940 1284.6
1263950 1282.3
1263960 1280.2
1263970 1280.2
1263980 1278.3
1263990 1276.9
1264000 1276.9
1264010 1275.4
1264020 1273.4
1264030 1273.4
1264040 1271.4
1264050 1268.2
1264060 1268.2
1264070 1266.4
1264080 1264.9
1264090 1264.9
1264100 1263.4
1264110 1261.5
1264120 1259.9
1264130 1259.9
1264140 1258.5
1264150 1257.1
1264160 1257.1
1264170 1255.6
1264180 1254.2
1264190 1254.2
1264200 1252.8
1264210 1251.5
1264220 1251.5
1264230 1250.0
1264240 1248.4
1264250 1248.4
1264260 1246.9
1264270 1245.8
1264280 1245.8
1264290 1244.8
1264300 1243.9
1264310 1243.9
1264320 1242.9
1264330 1241.9
1264340 1240.7
1264350 1240.7
1264360 1239.5
1264370 1238.6
1264380 1238.6
1264390 1237.8
1264400 1236.8
1264410 1236.8
1264420 1235.1
1264430 1234.1
1264440 1234.1
1264450 1233.1
1264460 1232.2
1264470 1232.2
1264480 1231.4
1264490 1230.9
1264500 1230.9
1264510 1230.7
1264520 1230.6
1264530 1230.6
1264540 1230.4
1264550 1230.2
1264560 1230.0
1264570 1230.0
1264580 1230.0
1264590 1229.8
1264600 1229.8
1264610 1229.6
1264620 1229.5
1264630 1229.7
1264640 1229.6
1264650 1229.5
1264660 1229.5
1264670 1229.5
1264680 1229.5
1264690 1229.5
1264700 1229.4
1264710 1229.4
1264720 1229.4
1264730 1229.3
1264740 1229.2
1264750 1229.2
1264760 1229.2
1264770 1229.2
1264780 1229.1
1264790 1229.1
1264800 1229.0
1264810 1229.0
1264820 1229.0
1264830 1229.0
1264840 1229.0
1264850 1229.0
1264860 1229.0
1264870 1228.9
1264880 1228.9
1264890 1228.8
1264900 1228.7
1264910 1228.7
1264920 1228.7
1264930 1228.7
1264940 1228.7
1264950 1228.9
1264960 1228.9
1264970 1228.9
1264980 1228.8
1264990 1228.8
1265000 1228.8
1265010 1228.8
1265020 1229.0
1265030 1229.1
1265040 1229.1
1265050 1229.3
1265060 1229.5
1265070 1229.5
1265080 1229.7
1265090 1229.8
1265100 1229.8
1265110 1230.0
1265120 1229.9
1265130 1229.9
1265140 1229.4
1265150 1228.6
1265160 1228.6
1265170 1228.4
1265180 1228.5
1265190 1228.5
1265200 1228.1
1265210 1228.0
1265220 1227.8
1265230 1227.8
1265240 1227.6
1265250 1227.5
1265260 1227.5
1265270 1227.5
1265280 1227.2
1265290 1227.2
1265300 1226.1
1265310 1225.3
1265320 1225.3
1265330 1225.2
1265340 1225.3
1265350 1225.3
1265360 1225.4
1265370 1225.3
1265380 1225.3
1265390 1225.4
1265400 1225.3
1265410 1224.6
1265420 1224.6
1265430 1225.3
1265440 1224.9
1265450 1224.9
1265460 1224.8
1265470 1225.0
1265480 1225.0
1265490 1225.8
1265500 1226.8
1265510 1226.8
1265520 1227.9
1265530 1228.5
1265540 1228.5
1265550 1228.9
1265560 1229.3
1265570 1229.3
1265580 1229.6
1265590 1229.9
1265600 1229.9
1265610 1229.8
1265620 1229.7
1265630 1230.3
1265640 1230.3
1265650 1230.5
1265660 1230.4
1265670 1230.4
1265680 1230.9
1265690 1231.7
1265700 1231.7
1265710 1232.0
1265720 1232.1
1265730 1232.1
1265740 1232.3
1265750 1232.2
1265760 1232.2
1265770 1230.4
1265780 1230.2
1265790 1230.2
1265800 1229.2
1265810 1230.6
1265820 1230.6
1265830 1231.9
1265840 1233.3
1265850 1233.9
1265860 1233.9
1265870 1234.5
1265880 1235.0
1265890 1235.0
1265900 1235.1
1265910 1234.7
1265920 1234.7
1265930 1234.4
1265940 1233.9
1265950 1233.9
1265960 1233.7
1265970 1233.6
1265980 1233.6
1265990 1233.4
1266000 1232.9
1266010 1232.9
1266020 1232.5
1266030 1232.5
1266040 1232.5
1266050 1232.9
1266060 1235.2
1266070 1237.8
1266080 1237.8
1266090 1239.0
1266100 1239.1
1266110 1239.1
1266120 1239.9
1266130 1241.7
1266140 1241.7
1266150 1244.3
1266160 1247.3
1266170 1247.3
1266180 1250.5
1266190 1253.0
1266200 1253.0
1266210 1256.4
1266220 1259.4
1266230 1259.4
1266240 1262.8
1266250 1266.6
1266260 1266.6
1266270 1268.6
1266280 1270.1
1266290 1274.0
1266300 1274.0
1266310 1277.8
1266320 1281.4
1266330 1281.4
1266340 1284.7
1266350 1288.9
1266360 1292.4
1266370 1296.3
1266380 1300.1
1266390 1300.1
1266400 1303.2
1266410 1306.7
1266420 1306.7
1266430 1309.8
1266440 1313.5
1266450 1313.5
1266460 1317.0
1266470 1320.6
1266480 1320.6
1266490 1324.2
1266500 1328.5
1266510 1333.2
1266520 1333.2
1266530 1337.1
1266540 1340.0
1266550 1340.0
1266560 1343.8
1266570 1347.0
1266580 1347.0
1266590 1349.5
1266600 1351.6
1266610 1351.6
1266620 1353.4
1266630 1354.7
1266640 1354.7
1266650 1354.4
1266660 1353.7
1266670 1353.7
1266680 1354.8
1266690 1355.3
1266700 1355.3
1266710 1355.2
1266720 1356.6
1266730 1359.0
1266740 1359.0
1266750 1362.3
1266760 1364.6
1266770 1364.6
1266780 1367.2
1266790 1369.3
1266800 1369.3
1266810 1372.6
1266820 1379.1
1266830 1379.1
1266840 1386.4
1266850 1392.6
1266860 1392.6
1266870 1399.4
1266880 1407.7
1266890 1407.7
1266900 1414.4
1266910 1423.7
1266920 1433.3
1266930 1433.3
1266940 1451.5
1266950 1458.2
1266960 1458.2
1266970 1464.4
1266980 1470.1
1266990 1470.1
1267000 1475.2
1267010 1479.5
1267020 1479.5
1267030 1483.8
1267040 1485.4
1267050 1485.4
1267060 1482.1
1267070 1477.5
1267080 1477.5
1267090 1482.4
1267100 1491.6
1267110 1491.6
1267120 1498.1
1267130 1502.0
1267140 1505.2
1267150 1505.2
1267160 1510.4
1267170 1515.0
1267180 1515.0
1267190 1517.2
1267200 1518.0
1267210 1518.0
1267220 1519.4
1267230 1515.8
1267240 1515.8
1267250 1512.1
1267260 1510.2
1267270 1510.2
1267280 1514.1
1267290 1519.9
1267300 1519.9
1267310 1522.7
1267320 1525.0
1267330 1525.0
1267340 1530.5
1267350 1534.9
1267360 1539.2
1267370 1539.2
1267380 1546.3
1267390 1549.9
1267400 1549.9
1267410 1545.0
1267420 1533.9
1267430 1533.9
1267440 1517.9
1267450 1518.0
1267460 1518.0
1267470 1529.6
1267480 1542.2
1267490 1542.2
1267500 1555.3
1267510 1556.0
1267520 1556.0
1267530 1566.0
1267540 1584.9
1267550 1584.9
1267560 1588.6
1267570 1590.7
1267580 1592.5
1267590 1592.5
1267600 1594.5
1267610 1597.3
1267620 1597.3
1267630 1601.0
1267640 1605.3
1267650 1605.3
1267660 1609.8
1267670 1614.8
1267680 1614.8
1267690 1620.0
1267700 1625.7
1267710 1625.7
1267720 1631.1
1267730 1636.2
1267740 1636.2
1267750 1648.4
1267760 1693.5
1267770 1693.5
1267780 1736.9
1267790 1759.9
1267800 1769.1
1267810 1769.1
1267820 1782.9
1267830 1793.8
1267840 1793.8
1267850 1801.2
1267860 1809.0
1267870 1809.0
1267880 1817.0
1267890 1830.6
1267900 1830.6
1267910 1846.4
1267920 1856.5
1267930 1856.5
1267940 1869.3
1267950 1881.4
1267960 1881.4
1267970 1893.3
1267980 1904.6
1267990 1904.6
1268000 1911.8
1268010 1917.6
1268020 1921.9
1268030 1921.9
1268040 1926.5
1268050 1942.5
1268060 1942.5
1268070 1949.5
1268080 1941.6
1268090 1941.6
1268100 1942.3
1268110 1950.6
1268120 1950.6
1268130 1945.6
1268140 1941.7
1268150 1941.7
1268160 1939.9
1268170 1944.3
1268180 1944.3
1268190 1945.2
1268200 1947.5
1268210 1950.4
1268220 1950.4
1268230 1952.7
1268240 1956.7
1268250 1956.7
1268260 1956.2
1268270 1957.0
1268280 1957.0
1268290 1958.0
1268300 1963.0
1268310 1963.0
1268320 1971.2
1268330 1974.1
1268340 1974.1
1268350 1972.3
1268360 1967.9
1268370 1967.9
1268380 1962.6
1268390 1957.0
1268400 1957.0
1268410 1950.2
1268420 1944.0
1268430 1940.4
1268440 1940.4
1268450 1937.8
1268460 1934.9
1268470 1934.9
1268480 1930.8
1268490 1926.3
1268500 1926.3
1268510 1923.4
1268520 1921.1
1268530 1921.1
1268540 1918.1
1268550 1914.4
1268560 1914.4
1268570 1911.3
1268580 1908.9
1268590 1908.9
1268600 1905.7
1268610 1902.4
1268620 1902.4
1268630 1899.1
1268640 1896.2
1268650 1892.8
1268660 1892.8
1268670 1889.7
1268680 1886.8
1268690 1886.8
1268700 1886.9
1268710 1884.0
1268720 1884.0
1268730 1880.3
1268740 1876.4
1268750 1876.4
1268760 1872.5
1268770 1868.0
1268780 1868.0
1268790 1862.7
1268800 1858.3
1268810 1858.3
1268820 1853.7
1268830 1848.7
1268840 1848.7
1268850 1845.3
1268860 1842.5
1268870 1836.8
1268880 1836.8
1268890 1831.6
1268900 1827.3
1268910 1827.3
1268920 1822.8
1268930 1816.6
1268940 1816.6
1268950 1810.8
1268960 1805.1
1268970 1805.1
1268980 1798.4
1268990 1791.8
1269000 1791.8
1269010 1784.8
1269020 1778.1
1269030 1778.1
1269040 1771.6
1269050 1764.8
1269060 1764.8
1269070 1757.1
1269080 1751.9
1269090 1749.2
1269100 1749.2
1269110 1743.4
1269120 1738.4
1269130 1738.4
1269140 1733.6
1269150 1728.3
1269160 1728.3
1269170 1723.1
1269180 1717.9
1269190 1717.9
1269200 1713.1
1269210 1708.9
1269220 1708.9
1269230 1705.2
1269240 1701.6
1269250 1701.6
1269260 1698.4
1269270 1697.3
1269280 1697.3
1269290 1702.8
1269300 1709.2
1269310 1715.6
1269320 1715.6
1269330 1721.1
1269340 1725.5
1269350 1725.5
1269360 1728.8
1269370 1732.2
1269380 1732.2
1269390 1734.7
1269400 1736.8
1269410 1736.8
1269420 1739.7
1269430 1742.3
1269440 1742.3
1269450 1744.6
1269460 1747.9
1269470 1747.9
1269480 1751.5
1269490 1753.9
1269500 1757.3
1269510 1757.3
1269520 1760.8
1269530 1763.5
1269540 1763.5
1269550 1767.3
1269560 1770.7
1269570 1770.7
1269580 1773.3
1269590 1776.2
1269600 1776.2
1269610 1778.7
1269620 1780.8
1269630 1780.8
1269640 1782.8
1269650 1784.7
1269660 1784.7
1269670 1785.6
1269680 1787.6
1269690 1787.6
1269700 1790.3
1269710 1793.1
1269720 1795.2
1269730 1795.2
1269740 1798.1
1269750 1803.3
1269760 1803.3
1269770 1809.2
1269780 1815.4
1269790 1815.4
1269800 1819.4
1269810 1823.5
1269820 1823.5
1269830 1826.6
1269840 1830.7
1269850 1830.7
1269860 1833.6
1269870 1836.0
1269880 1836.0
1269890 1837.5
1269900 1841.9
1269910 1841.9
1269920 1845.8
1269930 1848.8
1269940 1849.6
1269950 1849.6
1269960 1849.9
1269970 1850.5
1269980 1850.5
1269990 1850.7
1270000 1850.5
1270010 1850.5
1270020 1850.5
1270030 1851.3
1270040 1851.3
1270050 1852.2
1270060 1853.8
1270070 1853.8
1270080 1856.4
1270090 1860.3
1270100 1860.3
1270110 1865.1
1270120 1870.6
1270130 1870.6
1270140 1875.3
1270150 1880.4
1270160 1886.4
1270170 1886.4
1270180 1891.6
1270190 1896.4
1270200 1896.4
1270210 1901.7
1270220 1906.6
1270230 1906.6
1270240 1910.0
1270250 1912.6
1270260 1912.6
1270270 1915.8
1270280 1919.4
1270290 1919.4
1270300 1924.6
1270310 1929.0
1270320 1929.0
1270330 1935.0
1270340 1942.4
1270350 1942.4
1270360 1949.7
1270370 1951.9
1270380 1952.6
1270390 1952.6
1270400 1954.8
1270410 1957.7
1270420 1957.7
1270430 1960.2
1270440 1960.5
1270450 1960.5
1270460 1962.0
1270470 1966.4
1270480 1966.4
1270490 1968.9
1270500 1972.3
1270510 1972.3
1270520 1975.9
1270530 1979.2
1270540 1979.2
1270550 1981.4
1270560 1982.9
1270570 1982.9
1270580 1984.8
1270590 1989.7
1270600 1996.8
1270610 1996.8
1270620 2003.5
1270630 2007.1
1270640 2007.1
1270650 2007.6
1270660 2006.7
1270670 2006.7
1270680 2005.7
1270690 2004.5
1270700 2004.5
1270710 2002.8
1270720 2001.0
1270730 2001.0
1270740 1999.4
1270750 1997.6
1270760 1997.6
1270770 1995.2
1270780 1992.6
1270790 1992.6
1270800 1990.4
1270810 1987.8
1270820 1985.0
1270830 1985.0
1270840 1982.5
1270850 1980.9
1270860 1980.9
1270870 1979.3
1270880 1977.7
1270890 1977.7
1270900 1976.2
1270910 1974.5
1270920 1974.5
1270930 1973.3
1270940 1972.1
1270950 1972.1
1270960 1970.6
1270970 1970.7
1270980 1970.7
1270990 1971.1
1271000 1972.0
1271010 1975.5
1271020 1975.5
1271030 1979.5
1271040 1981.9
1271050 1981.9
1271060 1984.8
1271070 1988.1
1271080 1988.1
1271090 1992.3
1271100 1995.7
1271110 1995.7
1271120 1999.0
1271130 2001.4
1271140 2001.4
1271150 2002.8
1271160 2003.8
1271170 2003.8
1271180 2005.0
1271190 2006.4
1271200 2006.4
1271210 2007.5
1271220 2008.6
1271230 2010.0
1271240 2010.0
1271250 2011.8
1271260 2014.1
1271270 2014.1
1271280 2016.4
1271290 2019.0
1271300 2019.0
1271310 2020.9
1271320 2022.4
1271330 2022.4
1271340 2024.6
1271350 2027.2
1271360 2027.2
1271370 2030.2
1271380 2033.9
1271390 2033.9
1271400 2039.1
1271410 2044.0
1271420 2044.0
1271430 2048.2
1271440 2052.7
1271450 2057.3
1271460 2057.3
1271470 2061.4
1271480 2064.6
1271490 2064.6
1271500 2067.7
1271510 2071.4
1271520 2071.4
1271530 2075.8
1271540 2079.9
1271550 2079.9
1271560 2083.7
1271570 2087.5
1271580 2087.5
1271590 2091.4
1271600 2095.8
1271610 2095.8
1271620 2100.4
1271630 2105.0
1271640 2105.0
1271650 2108.7
1271660 2112.8
1271670 2116.8
1271680 2116.8
1271690 2120.8
1271700 2126.5
1271710 2126.5
1271720 2133.0
1271730 2139.0
1271740 2139.0
1271750 2144.5
1271760 2149.3
1271770 2149.3
1271780 2153.4
1271790 2157.3
1271800 2157.3
1271810 2161.5
1271820 2165.9
1271830 2165.9
1271840 2168.0
1271850 2169.7
1271860 2169.7
1271870 2173.1
1271880 2176.7
1271890 2179.9
1271900 2179.9
1271910 2182.8
1271920 2186.1
1271930 2186.1
1271940 2188.6
1271950 2191.0
1271960 2191.0
1271970 2194.1
1271980 2197.0
1271990 2197.0
1272000 2199.9
1272010 2202.5
1272020 2202.5
1272030 2205.3
1272040 2208.6
1272050 2208.6
1272060 2211.3
1272070 2213.4
1272080 2213.4
1272090 2216.4
1272100 2219.3
1272110 2222.4
1272120 2222.4
1272130 2225.4
1272140 2228.7
1272150 2228.7
1272160 2232.5
1272170 2236.5
1272180 2236.5
1272190 2240.4
1272200 2244.0
1272210 2244.0
1272220 2247.1
1272230 2250.3
1272240 2250.3
1272250 2252.2
1272260 2255.3
1272270 2255.3
1272280 2257.2
1272290 2257.6
1272300 2257.3
1272310 2257.3
1272320 2256.3
1272330 2255.8
1272340 2255.8
1272350 2256.5
1272360 2257.7
1272370 2257.7
1272380 2258.7
1272390 2258.5
1272400 2258.5
1272410 2257.4
1272420 2255.2
1272430 2255.2
1272440 2251.9
1272450 2250.2
1272460 2250.2
1272470 2249.0
1272480 2247.7
1272490 2247.7
1272500 2246.8
1272510 2244.8
1272520 2241.4
1272530 2241.4
1272540 2240.2
1272550 2237.4
1272560 2237.4
1272570 2234.5
1272580 2231.6
1272590 2231.6
1272600 2229.6
1272610 2228.4
1272620 2228.4
1272630 2228.3
1272640 2228.4
1272650 2228.4
1272660 2229.4
1272670 2230.2
1272680 2230.2
1272690 2227.6
1272700 2223.1
1272710 2223.1
1272720 2221.4
1272730 2220.8
1272740 2220.6
1272750 2220.6
1272760 2219.7
1272770 2219.2
1272780 2219.2
1272790 2219.0
1272800 2218.3
1272810 2218.3
1272820 2218.0
1272830 2217.5
1272840 2217.5
1272850 2217.0
1272860 2216.5
1272870 2216.5
1272880 2215.0
1272890 2211.9
1272900 2211.9
1272910 2209.8
1272920 2208.0
1272930 2208.0
1272940 2206.7
1272950 2205.3
1272960 2202.9
1272970 2202.9
1272980 2198.6
1272990 2196.9
1273000 2196.9
1273010 2194.4
1273020 2191.1
1273030 2191.1
1273040 2187.5
1273050 2184.8
1273060 2184.8
1273070 2182.2
1273080 2178.9
1273090 2178.9
1273100 2175.1
1273110 2172.5
1273120 2172.5
1273130 2169.5
1273140 2165.9
1273150 2165.9
1273160 2161.5
1273170 2157.4
1273180 2153.8
1273190 2153.8
1273200 2149.5
1273210 2145.4
1273220 2145.4
1273230 2141.5
1273240 2137.3
1273250 2137.3
1273260 2132.1
1273270 2127.6
1273280 2127.6
1273290 2123.9
1273300 2120.1
1273310 2120.1
1273320 2116.3
1273330 2113.0
1273340 2113.0
1273350 2110.5
1273360 2108.6
1273370 2108.6
1273380 2106.0
1273390 2102.4
1273400 2098.1
1273410 2098.1
1273420 2093.9
1273430 2089.1
1273440 2089.1
1273450 2081.2
1273460 2076.2
1273470 2076.2
1273480 2075.1
1273490 2073.5
1273500 2073.5
1273510 2069.1
1273520 2064.8
1273530 2064.8
1273540 2060.8
1273550 2057.9
1273560 2057.9
1273570 2055.2
1273580 2051.9
1273590 2048.6
1273600 2048.6
1273610 2046.3
1273620 2044.6
1273630 2044.6
1273640 2043.0
1273650 2040.9
1273660 2040.9
1273670 2040.8
1273680 2040.3
1273690 2040.3
1273700 2039.8
1273710 2039.2
1273720 2039.2
1273730 2038.1
1273740 2036.7
1273750 2036.7
1273760 2035.2
1273770 2033.8
1273780 2033.8
1273790 2032.6
1273800 2032.2
1273810 2031.4
1273820 2031.4
1273830 2030.5
1273840 2030.0
1273850 2030.0
1273860 2028.9
1273870 2027.0
1273880 2027.0
1273890 2024.7
1273900 2022.2
1273910 2022.2
1273920 2019.9
1273930 2017.6
1273940 2017.6
1273950 2014.9
1273960 2011.7
1273970 2011.7
1273980 2008.9
1273990 2006.1
1274000 2006.1
1274010 2003.3
1274020 2000.3
1274030 1997.2
1274040 1997.2
1274050 1991.8
1274060 1991.9
1274070 1991.9
1274080 1991.5
1274090 1990.0
1274100 1990.0
1274110 1989.1
1274120 1989.4
1274130 1989.4
1274140 1990.6
1274150 1991.4
1274160 1991.4
1274170 1991.2
1274180 1991.7
1274190 1991.7
1274200 1991.1
1274210 1988.4
1274220 1988.4
1274230 1985.3
1274240 1981.5
1274250 1977.5
1274260 1977.5
1274270 1973.4
1274280 1970.4
1274290 1970.4
1274300 1967.7
1274310 1965.2
1274320 1965.2
1274330 1962.3
1274340 1958.9
1274350 1958.9
1274360 1957.0
1274370 1956.1
1274380 1956.1
1274390 1953.8
1274400 1950.0
1274410 1950.0
1274420 1946.2
1274430 1942.5
1274440 1942.5
1274450 1938.9
1274460 1938.0
1274470 1938.2
1274480 1938.2
1274490 1938.0
1274500 1937.0
1274510 1937.0
1274520 1934.2
1274530 1931.0
1274540 1931.0
1274550 1927.4
1274560 1922.9
1274570 1922.9
1274580 1918.5
1274590 1915.7
1274600 1915.7
1274610 1914.2
1274620 1912.0
1274630 1912.0
1274640 1908.6
1274650 1900.1
1274660 1900.1
1274670 1894.2
1274680 1889.8
1274690 1886.7
1274700 1886.7
1274710 1884.6
1274720 1882.0
1274730 1882.0
1274740 1880.1
1274750 1879.5
1274760 1879.5
1274770 1877.7
1274780 1875.2
1274790 1875.2
1274800 1873.6
1274810 1871.4
1274820 1871.4
1274830 1867.8
1274840 1864.8
1274850 1864.8
1274860 1862.6
1274870 1860.3
1274880 1857.6
1274890 1857.6
1274900 1855.6
1274910 1853.8
1274920 1853.8
1274930 1851.8
1274940 1847.9
1274950 1847.9
1274960 1841.2
1274970 1836.4
1274980 1836.4
1274990 1833.2
1275000 1832.6
1275010 1832.6
1275020 1831.2
1275030 1829.4
1275040 1829.4
1275050 1827.8
1275060 1826.4
1275070 1826.4
1275080 1825.5
1275090 1824.5
1275100 1823.6
1275110 1823.6
1275120 1822.6
1275130 1820.5
1275140 1820.5
1275150 1819.1
1275160 1818.0
1275170 1818.0
1275180 1815.6
1275190 1813.5
1275200 1813.5
1275210 1811.3
1275220 1808.1
1275230 1808.1
1275240 1804.8
1275250 1801.4
1275260 1799.2
1275270 1795.6
1275280 1793.7
1275290 1793.7
1275300 1794.2
1275310 1794.5
1275320 1793.6
1275330 1793.6
1275340 1792.5
1275350 1790.8
1275360 1790.8
1275370 1788.7
1275380 1786.6
1275390 1786.6
1275400 1784.8
1275410 1783.3
1275420 1783.3
1275430 1781.8
1275440 1780.9
1275450 1780.9
1275460 1778.8
1275470 1776.0
1275480 1776.0
1275490 1774.3
1275500 1773.5
1275510 1773.5
1275520 1772.6
1275530 1769.8
1275540 1766.2
1275550 1766.2
1275560 1764.1
1275570 1761.6
1275580 1761.6
1275590 1757.5
1275600 1754.4
1275610 1754.4
1275620 1751.9
1275630 1749.3
1275640 1749.3
1275650 1745.6
1275660 1740.9
1275670 1740.9
1275680 1734.4
1275690 1727.5
1275700 1727.5
1275710 1722.3
1275720 1718.4
1275730 1718.4
1275740 1715.0
1275750 1711.4
1275760 1708.7
1275770 1708.7
1275780 1705.1
1275790 1702.6
1275800 1702.6
1275810 1702.2
1275820 1700.1
1275830 1700.1
1275840 1695.5
1275850 1692.0
1275860 1690.8
1275870 1688.5
1275880 1686.3
1275890 1686.3
1275900 1684.0
1275910 1682.1
1275920 1682.1
1275930 1681.2
1275940 1678.7
1275950 1678.7
1275960 1675.8
1275970 1673.2
1275980 1670.4
1275990 1670.4
1276000 1666.0
1276010 1661.0
1276020 1661.0
1276030 1656.3
1276040 1653.0
1276050 1653.0
1276060 1650.5
1276070 1646.9
1276080 1646.9
1276090 1643.5
1276100 1640.8
1276110 1640.8
1276120 1638.5
1276130 1636.3
1276140 1636.3
1276150 1633.1
1276160 1628.8
1276170 1623.5
1276180 1623.5
1276190 1618.3
1276200 1614.1
1276210 1614.1
1276220 1609.8
1276230 1607.4
1276240 1607.4
1276250 1606.1
1276260 1604.0
1276270 1604.0
1276280 1600.3
1276290 1596.9
1276300 1596.9
1276310 1593.9
1276320 1591.3
1276330 1591.3
1276340 1588.1
1276350 1585.6
1276360 1585.6
1276370 1582.7
1276380 1579.1
1276390 1576.5
1276400 1576.5
1276410 1574.3
1276420 1571.9
1276430 1571.9
1276440 1569.1
1276450 1564.8
1276460 1564.8
1276470 1560.3
1276480 1557.8
1276490 1557.8
1276500 1556.9
1276510 1553.9
1276520 1553.9
1276530 1549.8
1276540 1545.4
1276550 1545.4
1276560 1542.4
1276570 1540.3
1276580 1540.3
1276590 1538.5
1276600 1537.2
1276610 1535.7
1276620 1535.7
1276630 1533.5
1276640 1530.6
1276650 1530.6
1276660 1528.3
1276670 1527.0
1276680 1527.0
1276690 1526.0
1276700 1525.6
1276710 1525.6
1276720 1525.4
1276730 1525.9
1276740 1525.9
1276750 1526.3
1276760 1525.4
1276770 1525.4
1276780 1523.5
1276790 1522.5
1276800 1522.5
1276810 1520.2
1276820 1516.5
1276830 1512.1
1276840 1512.1
1276850 1507.1
1276860 1502.1
1276870 1502.1
1276880 1497.1
1276890 1492.1
1276900 1492.1
1276910 1488.0
1276920 1484.0
1276930 1484.0
1276940 1480.0
1276950 1475.8
1276960 1475.8
1276970 1470.6
1276980 1465.2
1276990 1465.2
1277000 1458.4
1277010 1451.8
1277020 1451.8
1277030 1447.2
1277040 1443.6
1277050 1441.9
1277060 1441.9
1277070 1439.8
1277080 1436.0
1277090 1436.0
1277100 1432.0
1277110 1429.1
1277120 1429.1
1277130 1426.5
1277140 1423.6
1277150 1423.6
1277160 1421.2
1277170 1419.4
1277180 1419.4
1277190 1417.0
1277200 1412.8
1277210 1412.8
1277220 1408.9
1277230 1405.6
1277240 1405.6
1277250 1403.4
1277260 1401.0
1277270 1398.5
1277280 1398.5
1277290 1396.3
1277300 1394.7
1277310 1394.7
1277320 1393.3
1277330 1391.5
1277340 1391.5
1277350 1389.4
1277360 1387.1
1277370 1387.1
1277380 1384.8
1277390 1383.2
1277400 1383.2
1277410 1382.3
1277420 1381.6
1277430 1381.6
1277440 1381.3
1277450 1381.6
1277460 1381.8
1277470 1381.8
1277480 1381.4
1277490 1380.7
1277500 1380.7
1277510 1379.8
1277520 1378.6
1277530 1378.6
1277540 1376.4
1277550 1373.4
1277560 1373.4
1277570 1369.7
1277580 1366.1
1277590 1366.1
1277600 1363.0
1277610 1361.3
1277620 1361.3
1277630 1360.9
1277640 1362.2
1277650 1362.2
1277660 1364.5
1277670 1363.9
1277680 1361.0
1277690 1363.5
1277700 1360.8
1277710 1358.1
1277720 1358.1
1277730 1356.1
1277740 1355.6
1277750 1355.6
1277760 1355.3
1277770 1354.6
1277780 1354.6
1277790 1354.0
1277800 1353.3
1277810 1353.3
1277820 1351.8
1277830 1351.0
1277840 1351.0
1277850 1350.4
1277860 1349.5
1277870 1349.5
1277880 1348.3
1277890 1347.3
1277900 1346.2
1277910 1346.2
1277920 1345.1
1277930 1344.1
1277940 1344.1
1277950 1342.9
1277960 1341.9
1277970 1341.9
1277980 1341.1
1277990 1340.5
1278000 1340.5
1278010 1340.3
1278020 1341.2
1278030 1341.2
1278040 1343.0
1278050 1344.9
1278060 1344.9
1278070 1344.9
1278080 1340.7
1278090 1340.7
1278100 1339.1
1278110 1337.7
1278120 1332.0
1278130 1332.0
1278140 1322.4
1278150 1314.3
1278160 1314.3
1278170 1307.8
1278180 1296.7
1278190 1296.7
1278200 1285.3
1278210 1277.2
1278220 1277.2
1278230 1268.2
1278240 1260.0
1278250 1260.0
1278260 1251.0
1278270 1243.2
1278280 1243.2
1278290 1236.0
1278300 1228.7
1278310 1225.3
1278320 1217.6
1278330 1209.1
1278340 1199.4
1278350 1199.4
1278360 1190.8
1278370 1182.8
1278380 1182.8
1278390 1175.2
1278400 1168.0
1278410 1168.0
1278420 1160.4
1278430 1152.8
1278440 1152.8
1278450 1146.0
1278460 1139.2
1278470 1139.2
1278480 1134.6
1278490 1133.8
1278500 1133.8
1278510 1133.8
1278520 1133.1
1278530 1133.1
1278540 1131.8
1278550 1133.4
1278560 1137.8
1278570 1137.8
1278580 1144.3
1278590 1147.6
1278600 1147.6
1278610 1150.2
1278620 1153.1
1278630 1153.1
1278640 1156.6
1278650 1160.3
1278660 1160.3
1278670 1164.1
1278680 1168.3
1278690 1168.3
1278700 1173.4
1278710 1177.4
1278720 1177.4
1278730 1181.5
1278740 1185.3
1278750 1190.9
1278760 1190.9
1278770 1199.6
1278780 1209.5
1278790 1209.5
1278800 1218.3
1278810 1225.7
1278820 1225.7
1278830 1232.4
1278840 1234.3
1278850 1234.3
1278860 1235.7
1278870 1238.7
1278880 1238.7
1278890 1245.5
1278900 1252.9
1278910 1252.9
1278920 1257.7
1278930 1264.5
1278940 1264.5
1278950 1271.4
1278960 1278.6
1278970 1285.3
1278980 1285.3
1278990 1291.3
1279000 1298.0
1279010 1298.0
1279020 1305.1
1279030 1312.0
1279040 1312.0
1279050 1318.1
1279060 1324.2
1279070 1324.2
1279080 1331.2
1279090 1339.2
1279100 1339.2
1279110 1346.1
1279120 1352.9
1279130 1352.9
1279140 1359.6
1279150 1365.9
1279160 1365.9
1279170 1372.0
1279180 1377.6
1279190 1383.3
1279200 1383.3
1279210 1388.9
1279220 1395.1
1279230 1395.1
1279240 1401.0
1279250 1407.1
1279260 1407.1
1279270 1413.2
1279280 1418.9
1279290 1418.9
1279300 1424.5
1279310 1430.0
1279320 1430.0
1279330 1435.4
1279340 1441.0
1279350 1441.0
1279360 1446.9
1279370 1452.8
1279380 1452.8
1279390 1458.9
1279400 1465.1
1279410 1471.1
1279420 1471.1
1279430 1476.7
1279440 1481.6
1279450 1481.6
1279460 1486.1
1279470 1490.5
1279480 1490.5
1279490 1494.9
1279500 1499.6
1279510 1499.6
1279520 1503.5
1279530 1507.1
1279540 1506.6
1279550 1513.0
1279560 1519.6
1279570 1519.6
1279580 1525.1
1279590 1529.4
1279600 1529.4
1279610 1533.2
1279620 1537.3
1279630 1542.4
1279640 1542.4
1279650 1548.5
1279660 1555.3
1279670 1555.3
1279680 1561.4
1279690 1568.4
1279700 1568.4
1279710 1574.3
1279720 1580.2
1279730 1580.2
1279740 1585.3
1279750 1590.9
1279760 1590.9
1279770 1597.2
1279780 1602.6
1279790 1602.6
1279800 1607.4
1279810 1612.4
1279820 1617.6
1279830 1617.6
1279840 1622.8
1279850 1627.5
1279860 1627.5
1279870 1632.1
1279880 1637.4
1279890 1637.4
1279900 1643.4
1279910 1649.1
1279920 1649.1
1279930 1655.0
1279940 1660.7
1279950 1660.7
1279960 1666.5
1279970 1673.0
1279980 1673.0
1279990 1680.0
