1260000 2246.2
1260010 2250.3
1260020 2250.3
1260030 2257.6
1260040 2263.9
1260050 2263.9
1260060 2268.5
1260070 2277.5
1260080 2277.5
1260090 2282.5
1260100 2287.6
1260110 2287.6
1260120 2292.6
1260130 2298.0
1260140 2298.0
1260150 2303.6
1260160 2309.5
1260170 2309.5
1260180 2315.3
1260190 2321.0
1260200 2326.8
1260210 2326.8
1260220 2332.3
1260230 2338.3
1260240 2338.3
1260250 2344.4
1260260 2349.5
1260270 2349.5
1260280 2353.4
1260290 2356.1
1260300 2356.1
1260310 2357.6
1260320 2357.3
1260330 2357.3
1260340 2356.9
1260350 2356.6
1260360 2356.6
1260370 2354.3
1260380 2355.3
1260390 2358.7
1260400 2358.7
1260410 2362.9
1260420 2365.1
1260430 2365.1
1260440 2365.5
1260450 2368.2
1260460 2368.2
1260470 2378.4
1260480 2390.7
1260490 2390.7
1260500 2395.8
1260510 2394.9
1260520 2394.9
1260530 2392.0
1260540 2411.1
1260550 2411.1
1260560 2430.3
1260570 2446.0
1260580 2446.0
1260590 2461.4
1260600 2471.8
1260610 2473.9
1260620 2473.9
1260630 2467.7
1260640 2467.5
1260650 2467.5
1260660 2469.6
1260670 2467.2
1260680 2467.2
1260690 2463.5
1260700 2459.1
1260710 2459.1
1260720 2454.9
1260730 2450.9
1260740 2450.9
1260750 2447.6
1260760 2444.4
1260770 2444.4
1260780 2440.3
1260790 2436.1
1260800 2436.1
1260810 2429.2
1260820 2415.0
1260830 2397.7
1260840 2397.7
1260850 2384.0
1260860 2375.5
1260870 2375.5
1260880 2366.9
1260890 2358.5
1260900 2358.5
1260910 2350.3
1260920 2342.2
1260930 2342.2
1260940 2333.9
1260950 2326.0
1260960 2326.0
1260970 2318.6
1260980 2311.3
1260990 2311.3
1261000 2303.5
1261010 2295.8
1261020 2295.8
1261030 2286.6
1261040 2275.2
1261050 2263.6
1261060 2263.6
1261070 2252.2
1261080 2243.1
1261090 2243.1
1261100 2237.5
1261110 2231.9
1261120 2231.9
1261130 2226.1
1261140 2220.0
1261150 2220.0
1261160 2214.0
1261170 2208.7
1261180 2208.7
1261190 2203.9
1261200 2196.1
1261210 2196.1
1261220 2191.3
1261230 2186.6
1261240 2186.6
1261250 2181.8
1261260 2176.3
1261270 2171.0
1261280 2171.0
1261290 2165.5
1261300 2160.1
1261310 2160.1
1261320 2155.1
1261330 2150.8
1261340 2150.8
1261350 2146.6
1261360 2142.3
1261370 2142.3
1261380 2137.7
1261390 2131.9
1261400 2131.9
1261410 2125.5
1261420 2120.1
1261430 2120.1
1261440 2115.2
1261450 2110.2
1261460 2110.2
1261470 2107.6
1261480 2106.0
1261490 2102.3
1261500 2102.3
1261510 2098.0
1261520 2094.2
1261530 2094.2
1261540 2092.7
1261550 2094.7
1261560 2094.7
1261570 2094.4
1261580 2089.4
1261590 2089.4
1261600 2081.3
1261610 2068.7
1261620 2068.7
1261630 2058.1
1261640 2048.8
1261650 2048.8
1261660 2039.6
1261670 2031.1
1261680 2023.1
1261690 2023.1
1261700 2017.8
1261710 2014.1
1261720 2014.1
1261730 2010.3
1261740 2003.5
1261750 2003.5
1261760 1991.3
1261770 1975.3
1261780 1975.3
1261790 1985.3
1261800 1991.3
1261810 1991.3
1261820 1982.9
1261830 1967.0
1261840 1967.0
1261850 1963.4
1261860 1958.0
1261870 1958.0
1261880 1952.4
1261890 1945.0
1261900 1936.3
1261910 1936.3
1261920 1930.6
1261930 1940.8
1261940 1940.8
1261950 1968.0
1261960 1984.4
1261970 1984.4
1261980 1981.2
1261990 1984.0
1262000 1984.0
1262010 1988.6
1262020 1975.1
1262030 1975.1
1262040 1956.6
1262050 1942.5
1262060 1942.5
1262070 1926.3
1262080 1908.8
1262090 1908.8
1262100 1895.3
1262110 1885.5
1262120 1879.4
1262130 1879.4
1262140 1876.8
1262150 1871.0
1262160 1871.0
1262170 1865.5
1262180 1860.6
1262190 1860.6
1262200 1855.0
1262210 1848.9
1262220 1848.9
1262230 1842.0
1262240 1834.8
1262250 1834.8
1262260 1827.5
1262270 1820.3
1262280 1820.3
1262290 1813.0
1262300 1804.8
1262310 1804.8
1262320 1796.2
1262330 1786.4
1262340 1772.5
1262350 1772.5
1262360 1764.6
1262370 1766.3
1262380 1766.3
1262390 1764.9
1262400 1754.0
1262410 1754.0
1262420 1745.2
1262430 1738.3
1262440 1738.3
1262450 1734.2
1262460 1727.6
1262470 1727.6
1262480 1717.7
1262490 1709.0
1262500 1709.0
1262510 1699.0
1262520 1687.1
1262530 1687.1
1262540 1678.2
1262550 1671.6
1262560 1666.6
1262570 1666.6
1262580 1660.7
1262590 1654.0
1262600 1654.0
1262610 1647.4
1262620 1642.7
1262630 1642.7
1262640 1638.6
1262650 1636.6
1262660 1636.6
1262670 1637.9
1262680 1637.3
1262690 1637.3
1262700 1636.2
1262710 1638.2
1262720 1638.2
1262730 1639.8
1262740 1640.2
1262750 1640.2
1262760 1642.7
1262770 1645.2
1262780 1643.0
1262790 1643.0
1262800 1637.9
1262810 1631.9
1262820 1631.9
1262830 1624.9
1262840 1617.8
1262850 1617.8
1262860 1610.6
1262870 1603.5
1262880 1603.5
1262890 1595.9
1262900 1588.7
1262910 1587.9
1262920 1580.8
1262930 1573.9
1262940 1573.9
1262950 1566.0
1262960 1557.9
1262970 1557.9
1262980 1550.1
1262990 1542.4
1263000 1532.2
1263010 1532.2
1263020 1519.7
1263030 1505.4
1263040 1505.4
1263050 1495.8
1263060 1490.1
1263070 1490.1
1263080 1484.3
1263090 1484.0
1263100 1484.0
1263110 1487.9
1263120 1487.5
1263130 1487.5
1263140 1483.4
1263150 1478.9
1263160 1478.9
1263170 1478.1
1263180 1480.8
1263190 1482.7
1263200 1482.7
1263210 1483.2
1263220 1483.0
1263230 1483.0
1263240 1478.8
1263250 1472.1
1263260 1472.1
1263270 1465.2
1263280 1458.4
1263290 1458.4
1263300 1451.4
1263310 1444.5
1263320 1444.5
1263330 1437.3
1263340 1432.3
1263350 1432.3
1263360 1429.7
1263370 1425.5
1263380 1425.5
1263390 1419.0
1263400 1411.4
1263410 1408.2
1263420 1408.2
1263430 1407.2
1263440 1403.5
1263450 1403.5
1263460 1402.4
1263470 1404.0
1263480 1398.3
1263490 1401.1
1263500 1400.7
1263510 1400.7
1263520 1398.1
1263530 1394.7
1263540 1394.7
1263550 1391.2
1263560 1387.7
1263570 1387.7
1263580 1385.4
1263590 1383.6
1263600 1383.6
1263610 1382.9
1263620 1382.1
1263630 1382.1
1263640 1382.1
1263650 1381.6
1263660 1380.9
1263670 1380.9
1263680 1379.4
1263690 1376.3
1263700 1376.3
1263710 1373.7
1263720 1371.3
1263730 1371.3
1263740 1368.7
1263750 1364.9
1263760 1364.9
1263770 1360.6
1263780 1356.9
1263790 1356.9
1263800 1353.1
1263810 1349.5
1263820 1349.5
1263830 1346.4
1263840 1343.1
1263850 1339.2
1263860 1339.2
1263870 1335.1
1263880 1331.6
1263890 1331.6
1263900 1328.4
1263910 1323.7
1263920 1323.7
1263930 1318.4
1263940 1314.0
1263950 1314.0
1263960 1312.0
1263970 1311.5
1263980 1311.5
1263990 1309.8
1264000 1307.7
1264010 1307.7
1264020 1304.4
1264030 1301.3
1264040 1301.3
1264050 1293.4
1264060 1292.1
1264070 1290.6
1264080 1290.6
1264090 1288.4
1264100 1285.7
1264110 1285.7
1264120 1282.5
1264130 1278.7
1264140 1278.7
1264150 1274.9
1264160 1271.1
1264170 1271.1
1264180 1267.7
1264190 1264.8
1264200 1264.8
1264210 1262.2
1264220 1261.3
1264230 1261.3
1264240 1260.8
1264250 1260.3
1264260 1260.3
1264270 1259.6
1264280 1258.6
1264290 1257.6
1264300 1257.6
1264310 1256.0
1264320 1254.8
1264330 1254.8
1264340 1253.9
1264350 1253.4
1264360 1253.4
1264370 1252.4
1264380 1251.5
1264390 1251.5
1264400 1249.9
1264410 1248.1
1264420 1248.1
1264430 1246.0
1264440 1244.8
1264450 1244.8
1264460 1243.1
1264470 1241.4
1264480 1241.4
1264490 1239.4
1264500 1237.4
1264510 1235.6
1264520 1235.6
1264530 1234.1
1264540 1232.9
1264550 1232.9
1264560 1232.4
1264570 1231.8
1264580 1231.8
1264590 1230.5
1264600 1230.1
1264610 1230.1
1264620 1230.0
1264630 1229.9
1264640 1229.9
1264650 1229.8
1264660 1229.7
1264670 1229.7
1264680 1229.8
1264690 1229.9
1264700 1230.4
1264710 1230.4
1264720 1231.1
1264730 1232.0
1264740 1232.0
1264750 1233.0
1264760 1233.9
1264770 1233.9
1264780 1234.9
1264790 1236.1
1264800 1236.1
1264810 1237.3
1264820 1238.3
1264830 1238.3
1264840 1239.3
1264850 1240.4
1264860 1240.4
1264870 1241.3
1264880 1242.2
1264890 1242.2
1264900 1243.2
1264910 1244.2
1264920 1245.0
1264930 1245.0
1264940 1245.6
1264950 1246.2
1264960 1246.2
1264970 1246.8
1264980 1247.4
1264990 1247.4
1265000 1247.8
1265010 1248.0
1265020 1248.0
1265030 1248.0
1265040 1248.0
1265050 1248.0
1265060 1248.0
1265070 1248.0
1265080 1248.0
1265090 1248.3
1265100 1248.4
1265110 1248.4
1265120 1248.0
1265130 1248.0
1265140 1248.6
1265150 1248.6
1265160 1249.3
1265170 1249.6
1265180 1249.6
1265190 1249.2
1265200 1246.8
1265210 1246.8
1265220 1246.1
1265230 1245.5
1265240 1245.5
1265250 1245.5
1265260 1245.8
1265270 1245.8
1265280 1245.4
1265290 1244.9
1265300 1244.9
1265310 1244.8
1265320 1244.8
1265330 1244.8
1265340 1244.8
1265350 1245.3
1265360 1245.6
1265370 1245.6
1265380 1245.4
1265390 1245.1
1265400 1245.1
1265410 1245.0
1265420 1245.2
1265430 1245.2
1265440 1245.1
1265450 1244.5
1265460 1244.5
1265470 1243.9
1265480 1243.3
1265490 1243.3
1265500 1242.9
1265510 1242.2
1265520 1242.2
1265530 1241.5
1265540 1240.8
1265550 1240.8
1265560 1239.9
1265570 1239.3
1265580 1238.5
1265590 1238.5
1265600 1237.7
1265610 1236.8
1265620 1236.8
1265630 1235.5
1265640 1235.1
1265650 1235.1
1265660 1234.2
1265670 1232.5
1265680 1232.5
1265690 1230.8
1265700 1228.1
1265710 1228.1
1265720 1225.5
1265730 1223.9
1265740 1223.9
1265750 1222.8
1265760 1222.8
1265770 1222.8
1265780 1222.8
1265790 1221.9
1265800 1219.9
1265810 1219.9
1265820 1219.8
1265830 1221.0
1265840 1221.0
1265850 1222.4
1265860 1222.6
1265870 1222.6
1265880 1222.5
1265890 1222.3
1265900 1222.3
1265910 1222.1
1265920 1221.9
1265930 1221.9
1265940 1221.7
1265950 1221.4
1265960 1221.4
1265970 1221.1
1265980 1221.0
1265990 1221.0
1266000 1220.7
1266010 1220.4
1266020 1220.1
1266030 1220.1
1266040 1219.7
1266050 1219.8
1266060 1219.8
1266070 1220.0
1266080 1219.9
1266090 1219.9
1266100 1219.3
1266110 1219.4
1266120 1219.4
1266130 1219.8
1266140 1219.6
1266150 1219.6
1266160 1219.2
1266170 1218.4
1266180 1218.4
1266190 1218.2
1266200 1219.0
1266210 1219.8
1266220 1219.8
1266230 1221.7
1266240 1224.2
1266250 1224.2
1266260 1226.1
1266270 1228.1
1266280 1228.1
1266290 1230.7
1266300 1232.9
1266310 1232.9
1266320 1233.9
1266330 1234.8
1266340 1234.8
1266350 1235.6
1266360 1240.5
1266370 1240.5
1266380 1242.8
1266390 1244.7
1266400 1244.7
1266410 1247.1
1266420 1250.0
1266430 1252.2
1266440 1252.2
1266450 1254.4
1266460 1257.0
1266470 1257.0
1266480 1259.0
1266490 1259.7
1266500 1259.7
1266510 1261.1
1266520 1264.0
1266530 1264.0
1266540 1266.4
1266550 1267.2
1266560 1267.2
1266570 1266.6
1266580 1267.4
1266590 1267.4
1266600 1267.5
1266610 1267.6
1266620 1267.6
1266630 1266.5
1266640 1265.0
1266650 1264.1
1266660 1264.1
1266670 1265.1
1266680 1264.9
1266690 1264.9
1266700 1265.0
1266710 1267.2
1266720 1267.2
1266730 1270.4
1266740 1275.0
1266750 1275.0
1266760 1280.2
1266770 1285.2
1266780 1285.2
1266790 1289.3
1266800 1292.8
1266810 1292.8
1266820 1297.2
1266830 1302.7
1266840 1302.7
1266850 1308.7
1266860 1314.5
1266870 1319.9
1266880 1319.9
1266890 1324.7
1266900 1329.2
1266910 1329.2
1266920 1333.6
1266930 1338.1
1266940 1342.5
1266950 1346.7
1266960 1350.8
1266970 1350.8
1266980 1354.2
1266990 1356.7
1267000 1356.7
1267010 1359.6
1267020 1361.5
1267030 1361.5
1267040 1364.2
1267050 1365.8
1267060 1365.8
1267070 1364.2
1267080 1363.0
1267090 1363.8
1267100 1363.8
1267110 1367.7
1267120 1372.5
1267130 1372.5
1267140 1376.1
1267150 1379.1
1267160 1379.1
1267170 1382.2
1267180 1385.2
1267190 1385.2
1267200 1387.5
1267210 1388.8
1267220 1388.8
1267230 1390.7
1267240 1391.2
1267250 1391.2
1267260 1391.4
1267270 1391.3
1267280 1391.3
1267290 1392.6
1267300 1394.4
1267310 1396.8
1267320 1396.8
1267330 1399.8
1267340 1402.5
1267350 1402.5
1267360 1402.8
1267370 1396.2
1267380 1396.2
1267390 1394.7
1267400 1396.9
1267410 1396.9
1267420 1393.9
1267430 1389.2
1267440 1389.2
1267450 1387.6
1267460 1394.7
1267470 1394.7
1267480 1403.9
1267490 1415.5
1267500 1415.5
1267510 1426.1
1267520 1440.0
1267530 1460.3
1267540 1460.3
1267550 1471.3
1267560 1479.0
1267570 1479.0
1267580 1485.8
1267590 1488.5
1267600 1488.5
1267610 1489.4
1267620 1493.2
1267630 1493.2
1267640 1502.8
1267650 1508.9
1267660 1508.9
1267670 1512.4
1267680 1516.2
1267690 1516.2
1267700 1517.9
1267710 1522.1
1267720 1523.9
1267730 1523.9
1267740 1537.5
1267750 1553.2
1267760 1553.2
1267770 1564.4
1267780 1574.4
1267790 1574.4
1267800 1578.2
1267810 1589.5
1267820 1589.5
1267830 1609.2
1267840 1633.4
1267850 1633.4
1267860 1678.2
1267870 1694.9
1267880 1694.9
1267890 1701.8
1267900 1710.4
1267910 1710.4
1267920 1707.6
1267930 1697.0
1267940 1694.5
1267950 1694.5
1267960 1693.2
1267970 1695.0
1267980 1695.0
1267990 1700.8
1268000 1711.9
1268010 1711.9
1268020 1713.5
1268030 1706.8
1268040 1706.8
1268050 1700.8
1268060 1717.5
1268070 1717.5
1268080 1738.9
1268090 1754.5
1268100 1754.5
1268110 1768.6
1268120 1761.5
1268130 1761.5
1268140 1756.9
1268150 1751.9
1268160 1743.1
1268170 1743.1
1268180 1744.1
1268190 1747.6
1268200 1747.6
1268210 1747.0
1268220 1735.9
1268230 1735.9
1268240 1734.9
1268250 1746.9
1268260 1746.9
1268270 1775.5
1268280 1819.8
1268290 1819.8
1268300 1849.0
1268310 1860.7
1268320 1860.7
1268330 1880.5
1268340 1891.8
1268350 1891.8
1268360 1892.6
1268370 1890.4
1268380 1884.2
1268390 1884.2
1268400 1878.7
1268410 1874.1
1268420 1874.1
1268430 1868.8
1268440 1863.4
1268450 1863.4
1268460 1863.4
1268470 1865.3
1268480 1865.3
1268490 1864.4
1268500 1858.4
1268510 1858.4
1268520 1851.8
1268530 1846.9
1268540 1846.9
1268550 1842.3
1268560 1838.2
1268570 1838.2
1268580 1834.6
1268590 1831.8
1268600 1829.1
1268610 1829.1
1268620 1826.0
1268630 1825.2
1268640 1825.2
1268650 1824.1
1268660 1823.2
1268670 1823.2
1268680 1823.1
1268690 1821.5
1268700 1829.1
1268710 1829.7
1268720 1829.9
1268730 1829.9
1268740 1826.7
1268750 1824.3
1268760 1824.3
1268770 1822.9
1268780 1821.6
1268790 1821.6
1268800 1821.6
1268810 1817.5
1268820 1811.4
1268830 1811.4
1268840 1809.6
1268850 1811.2
1268860 1811.2
1268870 1810.6
1268880 1807.9
1268890 1807.9
1268900 1803.9
1268910 1798.7
1268920 1798.7
1268930 1793.7
1268940 1790.1
1268950 1790.1
1268960 1786.6
1268970 1782.3
1268980 1782.3
1268990 1768.4
1269000 1757.1
1269010 1757.1
1269020 1752.5
1269030 1745.1
1269040 1739.0
1269050 1739.0
1269060 1732.6
1269070 1724.8
1269080 1724.8
1269090 1717.5
1269100 1711.5
1269110 1711.5
1269120 1704.6
1269130 1696.6
1269140 1696.6
1269150 1688.1
1269160 1681.4
1269170 1681.4
1269180 1675.4
1269190 1673.6
1269200 1673.6
1269210 1677.3
1269220 1682.2
1269230 1687.7
1269240 1687.7
1269250 1693.1
1269260 1697.0
1269270 1697.0
1269280 1699.6
1269290 1703.6
1269300 1703.6
1269310 1706.7
1269320 1708.8
1269330 1708.8
1269340 1711.1
1269350 1712.7
1269360 1712.7
1269370 1712.7
1269380 1715.2
1269390 1715.2
1269400 1717.0
1269410 1716.8
1269420 1716.8
1269430 1716.4
1269440 1717.4
1269450 1720.4
1269460 1720.4
1269470 1722.8
1269480 1725.5
1269490 1725.5
1269500 1725.3
1269510 1725.7
1269520 1725.7
1269530 1725.5
1269540 1725.5
1269550 1725.5
1269560 1728.6
1269570 1733.0
1269580 1733.0
1269590 1736.3
1269600 1739.2
1269610 1739.2
1269620 1741.6
1269630 1743.9
1269640 1743.9
1269650 1746.0
1269660 1748.4
1269670 1751.1
1269680 1751.1
1269690 1753.5
1269700 1756.3
1269710 1756.3
1269720 1758.7
1269730 1761.8
1269740 1761.8
1269750 1765.9
1269760 1769.2
1269770 1769.2
1269780 1772.2
1269790 1776.6
1269800 1776.6
1269810 1780.1
1269820 1782.7
1269830 1782.7
1269840 1785.8
1269850 1789.6
1269860 1789.6
1269870 1795.3
1269880 1799.7
1269890 1804.5
1269900 1804.5
1269910 1810.3
1269920 1817.1
1269930 1817.1
1269940 1822.7
1269950 1828.4
1269960 1828.4
1269970 1833.4
1269980 1837.6
1269990 1837.6
1270000 1840.7
1270010 1841.6
1270020 1841.6
1270030 1842.8
1270040 1844.6
1270050 1844.6
1270060 1846.5
1270070 1848.8
1270080 1848.8
1270090 1852.5
1270100 1857.9
1270110 1863.3
1270120 1863.3
1270130 1868.3
1270140 1875.0
1270150 1875.0
1270160 1883.0
1270170 1890.4
1270180 1890.4
1270190 1898.2
1270200 1905.5
1270210 1905.5
1270220 1911.2
1270230 1914.0
1270240 1914.0
1270250 1919.5
1270260 1925.8
1270270 1925.8
1270280 1930.8
1270290 1935.0
1270300 1935.0
1270310 1939.3
1270320 1944.7
1270330 1949.6
1270340 1949.6
1270350 1951.9
1270360 1951.0
1270370 1951.0
1270380 1948.8
1270390 1945.3
1270400 1945.3
1270410 1941.5
1270420 1939.8
1270430 1939.8
1270440 1939.1
1270450 1938.6
1270460 1938.6
1270470 1941.9
1270480 1941.4
1270490 1941.4
1270500 1940.0
1270510 1938.6
1270520 1937.0
1270530 1937.0
1270540 1935.7
1270550 1933.9
1270560 1933.9
1270570 1933.7
1270580 1934.1
1270590 1934.1
1270600 1935.0
1270610 1936.6
1270620 1936.6
1270630 1938.5
1270640 1939.7
1270650 1939.7
1270660 1941.0
1270670 1943.5
1270680 1943.5
1270690 1946.1
1270700 1948.2
1270710 1948.2
1270720 1949.9
1270730 1950.8
1270740 1951.4
1270750 1951.4
1270760 1952.4
1270770 1952.0
1270780 1952.0
1270790 1947.6
1270800 1942.1
1270810 1942.1
1270820 1942.9
1270830 1947.5
1270840 1947.5
1270850 1951.3
1270860 1954.6
1270870 1954.6
1270880 1957.7
1270890 1960.6
1270900 1960.6
1270910 1964.0
1270920 1966.5
1270930 1966.5
1270940 1968.0
1270950 1969.8
1270960 1972.0
1270970 1972.0
1270980 1973.4
1270990 1974.4
1271000 1974.4
1271010 1975.3
1271020 1976.4
1271030 1976.4
1271040 1977.6
1271050 1979.3
1271060 1980.2
1271070 1982.4
1271080 1983.9
1271090 1983.9
1271100 1986.5
1271110 1990.0
1271120 1990.0
1271130 1993.3
1271140 1996.6
1271150 1996.6
1271160 2000.3
1271170 2004.2
1271180 2007.3
1271190 2007.3
1271200 2010.7
1271210 2014.7
1271220 2014.7
1271230 2018.7
1271240 2022.9
1271250 2022.9
1271260 2027.0
1271270 2030.8
1271280 2030.8
1271290 2035.0
1271300 2039.2
1271310 2039.2
1271320 2042.1
1271330 2045.0
1271340 2045.0
1271350 2049.8
1271360 2054.4
1271370 2054.4
1271380 2058.0
1271390 2060.7
1271400 2064.0
1271410 2064.0
1271420 2067.2
1271430 2069.4
1271440 2069.4
1271450 2071.5
1271460 2075.2
1271470 2075.2
1271480 2077.7
1271490 2080.9
1271500 2080.9
1271510 2082.8
1271520 2084.2
1271530 2084.2
1271540 2085.1
1271550 2087.1
1271560 2087.1
1271570 2090.2
1271580 2093.3
1271590 2093.3
1271600 2096.3
1271610 2098.6
1271620 2100.6
1271630 2100.6
1271640 2103.9
1271650 2104.7
1271660 2104.7
1271670 2108.2
1271680 2111.4
1271690 2111.4
1271700 2115.2
1271710 2120.4
1271720 2120.4
1271730 2125.4
1271740 2129.6
1271750 2129.6
1271760 2133.6
1271770 2137.7
1271780 2137.7
1271790 2142.3
1271800 2145.8
1271810 2145.8
1271820 2148.9
1271830 2153.0
1271840 2158.0
1271850 2158.0
1271860 2163.5
1271870 2168.3
1271880 2168.3
1271890 2173.0
1271900 2177.7
1271910 2177.7
1271920 2182.4
1271930 2187.0
1271940 2187.0
1271950 2191.8
1271960 2196.9
1271970 2196.9
1271980 2202.2
1271990 2207.3
1272000 2207.3
1272010 2212.6
1272020 2217.9
1272030 2224.3
1272040 2224.3
1272050 2230.5
1272060 2235.6
1272070 2235.6
1272080 2239.1
1272090 2239.9
1272100 2239.9
1272110 2241.8
1272120 2242.0
1272130 2242.0
1272140 2241.9
1272150 2241.5
1272160 2241.5
1272170 2239.0
1272180 2236.4
1272190 2236.4
1272200 2236.1
1272210 2236.7
1272220 2236.7
1272230 2238.1
1272240 2241.1
1272250 2247.2
1272260 2247.2
1272270 2248.9
1272280 2250.2
1272290 2250.2
1272300 2250.2
1272310 2249.2
1272320 2249.2
1272330 2247.7
1272340 2245.6
1272350 2245.6
1272360 2244.1
1272370 2242.0
1272380 2242.0
1272390 2240.7
1272400 2239.9
1272410 2239.9
1272420 2238.4
1272430 2237.9
1272440 2237.9
1272450 2238.6
1272460 2238.9
1272470 2238.2
1272480 2238.2
1272490 2237.5
1272500 2237.1
1272510 2237.1
1272520 2236.3
1272530 2234.4
1272540 2234.4
1272550 2230.6
1272560 2224.7
1272570 2224.7
1272580 2218.5
1272590 2213.1
1272600 2213.1
1272610 2208.8
1272620 2205.1
1272630 2205.1
1272640 2202.4
1272650 2201.2
1272660 2201.2
1272670 2200.4
1272680 2199.6
1272690 2199.7
1272700 2199.7
1272710 2200.4
1272720 2200.1
1272730 2200.1
1272740 2200.0
1272750 2198.1
1272760 2198.1
1272770 2196.5
1272780 2196.5
1272790 2196.5
1272800 2198.6
1272810 2200.6
1272820 2200.6
1272830 2202.2
1272840 2204.5
1272850 2207.6
1272860 2206.6
1272870 2203.7
1272880 2203.7
1272890 2200.6
1272900 2200.4
1272910 2201.3
1272920 2201.3
1272930 2201.0
1272940 2199.9
1272950 2199.9
1272960 2198.6
1272970 2196.7
1272980 2196.7
1272990 2194.6
1273000 2192.5
1273010 2192.5
1273020 2188.6
1273030 2183.5
1273040 2183.5
1273050 2179.4
1273060 2176.6
1273070 2176.6
1273080 2176.5
1273090 2176.4
1273100 2176.4
1273110 2174.5
1273120 2170.3
1273130 2165.3
1273140 2165.3
1273150 2160.8
1273160 2157.1
1273170 2157.1
1273180 2154.6
1273190 2153.8
1273200 2153.8
1273210 2153.5
1273220 2152.4
1273230 2152.4
1273240 2149.2
1273250 2143.5
1273260 2143.5
1273270 2138.3
1273280 2134.5
1273290 2134.5
1273300 2130.4
1273310 2127.9
1273320 2126.9
1273330 2126.9
1273340 2126.3
1273350 2125.0
1273360 2125.0
1273370 2123.3
1273380 2121.8
1273390 2121.8
1273400 2119.7
1273410 2118.1
1273420 2118.1
1273430 2117.0
1273440 2114.8
1273450 2113.0
1273460 2110.6
1273470 2108.7
1273480 2108.7
1273490 2107.4
1273500 2104.8
1273510 2104.8
1273520 2102.8
1273530 2100.4
1273540 2098.6
1273550 2098.6
1273560 2097.7
1273570 2097.4
1273580 2097.4
1273590 2097.0
1273600 2096.7
1273610 2096.7
1273620 2096.2
1273630 2095.7
1273640 2095.7
1273650 2095.2
1273660 2094.1
1273670 2094.1
1273680 2093.4
1273690 2092.7
1273700 2092.7
1273710 2091.4
1273720 2088.3
1273730 2088.3
1273740 2085.1
1273750 2083.8
1273760 2083.1
1273770 2083.1
1273780 2081.9
1273790 2079.8
1273800 2079.8
1273810 2076.5
1273820 2074.4
1273830 2074.4
1273840 2071.7
1273850 2067.9
1273860 2067.9
1273870 2063.7
1273880 2059.1
1273890 2059.1
1273900 2055.4
1273910 2052.5
1273920 2052.5
1273930 2050.8
1273940 2049.2
1273950 2049.2
1273960 2046.9
1273970 2044.5
1273980 2042.1
1273990 2042.1
1274000 2040.0
1274010 2039.4
1274020 2039.4
1274030 2039.3
1274040 2038.1
1274050 2035.1
1274060 2031.4
1274070 2027.0
1274080 2027.0
1274090 2023.2
1274100 2021.4
1274110 2021.4
1274120 2020.0
1274130 2017.3
1274140 2017.3
1274150 2013.8
1274160 2010.2
1274170 2010.2
1274180 2005.9
1274190 2000.5
1274200 1996.5
1274210 1996.5
1274220 1993.2
1274230 1989.8
1274240 1989.8
1274250 1987.8
1274260 1987.3
1274270 1987.3
1274280 1987.7
1274290 1986.0
1274300 1986.0
1274310 1983.9
1274320 1980.9
1274330 1980.9
1274340 1978.7
1274350 1976.3
1274360 1976.3
1274370 1973.9
1274380 1971.1
1274390 1971.1
1274400 1968.3
1274410 1966.1
1274420 1964.6
1274430 1964.6
1274440 1964.1
1274450 1962.2
1274460 1962.2
1274470 1958.5
1274480 1954.8
1274490 1954.8
1274500 1951.5
1274510 1948.9
1274520 1948.9
1274530 1947.1
1274540 1945.3
1274550 1945.3
1274560 1941.4
1274570 1933.6
1274580 1933.6
1274590 1927.8
1274600 1925.0
1274610 1925.0
1274620 1921.5
1274630 1919.1
1274640 1915.6
1274650 1913.3
1274660 1909.7
1274670 1906.5
1274680 1906.5
1274690 1904.3
1274700 1903.0
1274710 1903.0
1274720 1901.6
1274730 1900.3
1274740 1900.3
1274750 1898.7
1274760 1897.2
1274770 1897.2
1274780 1895.6
1274790 1893.5
1274800 1893.5
1274810 1890.9
1274820 1888.2
1274830 1886.7
1274840 1886.7
1274850 1885.3
1274860 1882.2
1274870 1882.2
1274880 1880.6
1274890 1878.9
1274900 1878.9
1274910 1876.6
1274920 1874.6
1274930 1874.6
1274940 1873.2
1274950 1872.0
1274960 1872.0
1274970 1868.8
1274980 1866.6
1274990 1866.6
1275000 1864.4
1275010 1862.7
1275020 1862.7
1275030 1861.4
1275040 1860.3
1275050 1859.4
1275060 1859.4
1275070 1858.3
1275080 1857.6
1275090 1857.6
1275100 1857.3
1275110 1856.8
1275120 1856.8
1275130 1855.8
1275140 1854.0
1275150 1854.0
1275160 1850.9
1275170 1848.6
1275180 1848.6
1275190 1845.4
1275200 1842.2
1275210 1842.2
1275220 1839.4
1275230 1838.1
1275240 1838.1
1275250 1838.2
1275260 1834.2
1275270 1832.7
1275280 1832.7
1275290 1830.4
1275300 1827.1
1275310 1827.1
1275320 1824.5
1275330 1823.2
1275340 1823.2
1275350 1822.7
1275360 1822.9
1275370 1822.9
1275380 1821.5
1275390 1818.9
1275400 1818.9
1275410 1815.1
1275420 1812.5
1275430 1812.5
1275440 1808.8
1275450 1803.6
1275460 1803.6
1275470 1799.6
1275480 1796.4
1275490 1793.1
1275500 1793.1
1275510 1792.4
1275520 1793.0
1275530 1793.0
1275540 1791.6
1275550 1789.5
1275560 1789.5
1275570 1787.3
1275580 1785.3
1275590 1785.3
1275600 1782.0
1275610 1777.7
1275620 1777.7
1275630 1774.1
1275640 1769.4
1275650 1769.4
1275660 1765.6
1275670 1763.7
1275680 1763.7
1275690 1761.7
1275700 1758.4
1275710 1754.8
1275720 1754.8
1275730 1751.0
1275740 1747.9
1275750 1747.9
1275760 1744.8
1275770 1741.3
1275780 1741.3
1275790 1737.0
1275800 1732.3
1275810 1732.3
1275820 1726.5
1275830 1722.7
1275840 1722.7
1275850 1720.7
1275860 1715.3
1275870 1715.3
1275880 1713.3
1275890 1711.9
1275900 1711.9
1275910 1711.5
1275920 1710.7
1275930 1709.6
1275940 1709.6
1275950 1707.2
1275960 1705.1
1275970 1705.1
1275980 1703.4
1275990 1701.3
1276000 1701.3
1276010 1697.7
1276020 1690.9
1276030 1690.9
1276040 1683.2
1276050 1677.9
1276060 1677.9
1276070 1673.2
1276080 1668.2
1276090 1668.2
1276100 1662.7
1276110 1657.9
1276120 1653.3
1276130 1653.3
1276140 1650.0
1276150 1645.6
1276160 1645.6
1276170 1642.6
1276180 1642.6
1276190 1642.6
1276200 1638.5
1276210 1630.9
1276220 1630.9
1276230 1623.9
1276240 1619.0
1276250 1619.0
1276260 1614.2
1276270 1609.5
1276280 1609.5
1276290 1605.3
1276300 1600.0
1276310 1600.0
1276320 1595.4
1276330 1591.8
1276340 1588.6
1276350 1588.6
1276360 1584.5
1276370 1580.7
1276380 1580.7
1276390 1577.6
1276400 1574.0
1276410 1574.0
1276420 1570.3
1276430 1567.3
1276440 1567.3
1276450 1563.4
1276460 1559.4
1276470 1558.3
1276480 1554.1
1276490 1551.2
1276500 1551.2
1276510 1548.6
1276520 1544.9
1276530 1544.9
1276540 1542.0
1276550 1540.2
1276560 1540.0
1276570 1540.0
1276580 1542.5
1276590 1545.3
1276600 1545.3
1276610 1546.2
1276620 1544.7
1276630 1544.7
1276640 1542.0
1276650 1539.7
1276660 1539.7
1276670 1537.7
1276680 1536.6
1276690 1536.6
1276700 1536.0
1276710 1534.9
1276720 1534.9
1276730 1533.4
1276740 1530.9
1276750 1530.9
1276760 1526.8
1276770 1524.5
1276780 1519.5
1276790 1519.5
1276800 1513.8
1276810 1509.1
1276820 1509.1
1276830 1506.4
1276840 1503.9
1276850 1503.9
1276860 1501.0
1276870 1498.2
1276880 1498.2
1276890 1495.2
1276900 1494.3
1276910 1494.3
1276920 1492.6
1276930 1487.2
1276940 1487.2
1276950 1482.8
1276960 1476.3
1276970 1476.3
1276980 1469.0
1276990 1462.4
1277000 1456.5
1277010 1456.5
1277020 1450.7
1277030 1445.0
1277040 1445.0
1277050 1439.3
1277060 1436.1
1277070 1436.1
1277080 1435.5
1277090 1433.3
1277100 1433.3
1277110 1430.7
1277120 1427.7
1277130 1427.7
1277140 1424.1
1277150 1421.1
1277160 1421.1
1277170 1418.8
1277180 1416.2
1277190 1416.2
1277200 1413.4
1277210 1411.0
1277220 1409.2
1277230 1409.2
1277240 1407.7
1277250 1406.4
1277260 1406.4
1277270 1405.2
1277280 1404.2
1277290 1404.2
1277300 1403.0
1277310 1401.4
1277320 1401.4
1277330 1399.6
1277340 1397.3
1277350 1397.3
1277360 1395.0
1277370 1393.0
1277380 1393.0
1277390 1391.2
1277400 1390.0
1277410 1389.0
1277420 1389.0
1277430 1388.3
1277440 1387.4
1277450 1387.4
1277460 1385.8
1277470 1383.8
1277480 1383.8
1277490 1381.6
1277500 1379.6
1277510 1379.6
1277520 1376.8
1277530 1373.2
1277540 1373.2
1277550 1369.4
1277560 1365.9
1277570 1365.9
1277580 1362.9
1277590 1360.5
1277600 1360.5
1277610 1358.0
1277620 1356.3
1277630 1355.3
1277640 1355.3
1277650 1354.4
1277660 1353.7
1277670 1353.7
1277680 1353.2
1277690 1352.9
1277700 1352.9
1277710 1352.8
1277720 1352.7
1277730 1352.7
1277740 1352.5
1277750 1352.3
1277760 1352.3
1277770 1352.0
1277780 1351.7
1277790 1351.7
1277800 1351.6
1277810 1351.8
1277820 1351.8
1277830 1352.2
1277840 1352.4
1277850 1352.6
1277860 1352.6
1277870 1353.1
1277880 1353.7
1277890 1353.7
1277900 1353.9
1277910 1352.8
1277920 1352.8
1277930 1351.8
1277940 1351.0
1277950 1351.0
1277960 1348.7
1277970 1346.9
1277980 1346.9
1277990 1346.0
1278000 1345.9
1278010 1345.9
1278020 1346.6
1278030 1347.5
1278040 1347.5
1278050 1346.4
1278060 1343.8
1278070 1341.1
1278080 1341.1
1278090 1338.1
1278100 1335.8
1278110 1335.8
1278120 1331.7
1278130 1325.5
1278140 1325.5
1278150 1324.2
1278160 1324.6
1278170 1324.6
1278180 1325.1
1278190 1325.1
1278200 1325.1
1278210 1320.9
1278220 1315.1
1278230 1315.1
1278240 1305.1
1278250 1287.3
1278260 1287.3
1278270 1266.9
1278280 1254.7
1278290 1243.7
1278300 1243.7
1278310 1233.8
1278320 1225.9
1278330 1225.9
1278340 1218.3
1278350 1210.2
1278360 1210.2
1278370 1202.3
1278380 1194.4
1278390 1194.4
1278400 1186.7
1278410 1179.2
1278420 1179.2
1278430 1171.4
1278440 1164.3
1278450 1164.3
1278460 1159.6
1278470 1156.3
1278480 1156.3
1278490 1153.6
1278500 1150.7
1278510 1147.6
1278520 1147.6
1278530 1143.7
1278540 1139.6
1278550 1139.6
1278560 1134.0
1278570 1131.2
1278580 1131.2
1278590 1130.9
1278600 1129.5
1278610 1129.5
1278620 1132.1
1278630 1138.1
1278640 1138.1
1278650 1147.2
1278660 1155.4
1278670 1155.4
1278680 1162.6
1278690 1170.2
1278700 1177.6
1278710 1177.6
1278720 1185.2
1278730 1193.1
1278740 1193.1
1278750 1201.0
1278760 1209.0
1278770 1209.0
1278780 1217.8
1278790 1225.9
1278800 1225.9
1278810 1230.0
1278820 1236.7
1278830 1236.7
1278840 1247.0
1278850 1254.3
1278860 1254.3
1278870 1261.0
1278880 1267.2
1278890 1267.2
1278900 1272.6
1278910 1278.2
1278920 1285.3
1278930 1285.3
1278940 1292.2
1278950 1299.2
1278960 1299.2
1278970 1305.6
1278980 1312.0
1278990 1312.0
1279000 1319.0
1279010 1326.2
1279020 1326.2
1279030 1332.8
1279040 1337.8
1279050 1337.8
1279060 1342.6
1279070 1348.1
1279080 1348.1
1279090 1353.6
1279100 1358.5
1279110 1358.5
1279120 1363.6
1279130 1370.0
1279140 1376.2
1279150 1376.2
1279160 1382.3
1279170 1386.4
1279180 1386.4
1279190 1390.7
1279200 1396.0
1279210 1396.0
1279220 1401.7
1279230 1407.3
1279240 1407.3
1279250 1412.8
1279260 1418.3
1279270 1418.3
1279280 1423.9
1279290 1430.1
1279300 1430.1
1279310 1436.4
1279320 1442.7
1279330 1442.7
1279340 1449.0
1279350 1455.1
1279360 1461.2
1279370 1461.2
1279380 1466.6
1279390 1472.5
1279400 1472.5
1279410 1478.8
1279420 1485.1
1279430 1485.1
1279440 1490.8
1279450 1496.8
1279460 1496.8
1279470 1503.5
1279480 1510.7
1279490 1510.7
1279500 1518.8
1279510 1526.6
1279520 1526.6
1279530 1533.3
1279540 1540.6
1279550 1540.6
1279560 1546.5
1279570 1552.6
1279580 1559.2
1279590 1559.2
1279600 1565.3
1279610 1569.9
1279620 1569.9
1279630 1575.1
1279640 1580.4
1279650 1580.4
1279660 1586.3
1279670 1591.1
1279680 1591.1
1279690 1595.1
1279700 1599.0
1279710 1599.0
1279720 1603.7
1279730 1608.1
1279740 1608.1
1279750 1612.4
1279760 1616.6
1279770 1616.6
1279780 1621.9
1279790 1627.9
1279800 1634.1
1279810 1634.1
1279820 1640.8
1279830 1648.4
1279840 1648.4
1279850 1654.5
1279860 1660.2
1279870 1660.2
1279880 1666.6
1279890 1672.9
1279900 1672.9
1279910 1678.5
1279920 1684.5
1279930 1684.5
1279940 1689.7
1279950 1695.1
1279960 1695.1
1279970 1700.8
1279980 1706.6
1279990 1712.6
1260000 2246
1260010 2249
1260020 2253
1260030 2258
1260040 2263
1260050 2266
1260060 2269
1260070 2273
1260080 2276
1260090 2280
1260100 2283
1260110 2287
1260120 2290
1260130 2294
1260140 2298
1260150 2302
1260160 2306
1260170 2310
1260180 2314
1260190 2318
1260200 2322
1260210 2326
1260220 2330
1260230 2334
1260240 2338
1260250 2342
1260260 2345
1260270 2348
1260280 2351
1260290 2353
1260300 2354
1260310 2354
1260320 2354
1260330 2354
1260340 2354
1260350 2355
1260360 2353
1260370 2352
1260380 2353
1260390 2355
1260400 2358
1260410 2361
1260420 2363
1260430 2364
1260440 2364
1260450 2364
1260460 2370
1260470 2378
1260480 2386
1260490 2390
1260500 2394
1260510 2396
1260520 2392
1260530 2396
1260540 2408
1260550 2420
1260560 2432
1260570 2444
1260580 2453
1260590 2463
1260600 2472
1260610 2473
1260620 2473
1260630 2473
1260640 2473
1260650 2473
1260660 2473
1260670 2470
1260680 2466
1260690 2462
1260700 2459
1260710 2456
1260720 2453
1260730 2450
1260740 2448
1260750 2445
1260760 2443
1260770 2441
1260780 2438
1260790 2434
1260800 2431
1260810 2424
1260820 2415
1260830 2407
1260840 2394
1260850 2384
1260860 2378
1260870 2372
1260880 2366
1260890 2360
1260900 2354
1260910 2349
1260920 2343
1260930 2337
1260940 2332
1260950 2326
1260960 2321
1260970 2316
1260980 2312
1260990 2306
1261000 2301
1261010 2296
1261020 2290
1261030 2282
1261040 2274
1261050 2267
1261060 2261
1261070 2254
1261080 2245
1261090 2240
1261100 2237
1261110 2233
1261120 2229
1261130 2225
1261140 2221
1261150 2217
1261160 2213
1261170 2209
1261180 2205
1261190 2202
1261200 2199
1261210 2195
1261220 2192
1261230 2189
1261240 2185
1261250 2182
1261260 2178
1261270 2174
1261280 2171
1261290 2167
1261300 2163
1261310 2160
1261320 2157
1261330 2154
1261340 2151
1261350 2148
1261360 2145
1261370 2141
1261380 2137
1261390 2133
1261400 2129
1261410 2125
1261420 2122
1261430 2118
1261440 2115
1261450 2112
1261460 2110
1261470 2109
1261480 2108
1261490 2105
1261500 2102
1261510 2099
1261520 2096
1261530 2095
1261540 2095
1261550 2096
1261560 2098
1261570 2097
1261580 2092
1261590 2090
1261600 2082
1261610 2070
1261620 2062
1261630 2056
1261640 2050
1261650 2043
1261660 2037
1261670 2031
1261680 2026
1261690 2021
1261700 2017
1261710 2013
1261720 2010
1261730 2008
1261740 2006
1261750 1998
1261760 1989
1261770 1981
1261780 1996
1261790 2004
1261800 2004
1261810 1998
1261820 1989
1261830 1980
1261840 1975
1261850 1973
1261860 1972
1261870 1966
1261880 1963
1261890 1961
1261900 1958
1261910 1953
1261920 1949
1261930 1943
1261940 1970
1261950 1992
1261960 2001
1261970 1993
1261980 1989
1261990 1989
1262000 1991
1262010 1989
1262020 1983
1262030 1969
1262040 1958
1262050 1947
1262060 1937
1262070 1924
1262080 1911
1262090 1902
1262100 1893
1262110 1886
1262120 1881
1262130 1879
1262140 1877
1262150 1873
1262160 1869
1262170 1865
1262180 1862
1262190 1858
1262200 1854
1262210 1850
1262220 1845
1262230 1841
1262240 1836
1262250 1831
1262260 1826
1262270 1821
1262280 1816
1262290 1810
1262300 1805
1262310 1799
1262320 1792
1262330 1785
1262340 1780
1262350 1775
1262360 1773
1262370 1773
1262380 1774
1262390 1772
1262400 1766
1262410 1757
1262420 1750
1262430 1744
1262440 1740
1262450 1736
1262460 1731
1262470 1725
1262480 1719
1262490 1713
1262500 1705
1262510 1697
1262520 1689
1262530 1683
1262540 1678
1262550 1674
1262560 1670
1262570 1666
1262580 1661
1262590 1657
1262600 1652
1262610 1648
1262620 1645
1262630 1642
1262640 1640
1262650 1638
1262660 1638
1262670 1638
1262680 1639
1262690 1637
1262700 1637
1262710 1639
1262720 1640
1262730 1640
1262740 1640
1262750 1641
1262760 1643
1262770 1645
1262780 1644
1262790 1641
1262800 1637
1262810 1633
1262820 1629
1262830 1624
1262840 1619
1262850 1614
1262860 1609
1262870 1605
1262880 1599
1262890 1594
1262900 1589
1262910 1585
1262920 1580
1262930 1574
1262940 1569
1262950 1563
1262960 1558
1262970 1553
1262980 1547
1262990 1542
1263000 1537
1263010 1531
1263020 1524
1263030 1516
1263040 1504
1263050 1497
1263060 1493
1263070 1488
1263080 1486
1263090 1486
1263100 1489
1263110 1490
1263120 1490
1263130 1488
1263140 1484
1263150 1481
1263160 1480
1263170 1480
1263180 1482
1263190 1484
1263200 1484
1263210 1485
1263220 1485
1263230 1482
1263240 1479
1263250 1474
1263260 1469
1263270 1465
1263280 1460
1263290 1455
1263300 1450
1263310 1446
1263320 1441
1263330 1436
1263340 1432
1263350 1431
1263360 1428
1263370 1425
1263380 1422
1263390 1416
1263400 1412
1263410 1409
1263420 1407
1263430 1406
1263440 1405
1263450 1402
1263460 1401
1263470 1401
1263480 1403
1263490 1404
1263500 1403
1263510 1400
1263520 1398
1263530 1395
1263540 1393
1263550 1391
1263560 1389
1263570 1388
1263580 1387
1263590 1386
1263600 1386
1263610 1386
1263620 1385
1263630 1385
1263640 1385
1263650 1385
1263660 1384
1263670 1383
1263680 1382
1263690 1379
1263700 1377
1263710 1375
1263720 1373
1263730 1371
1263740 1369
1263750 1366
1263760 1363
1263770 1361
1263780 1358
1263790 1356
1263800 1353
1263810 1350
1263820 1348
1263830 1346
1263840 1344
1263850 1341
1263860 1338
1263870 1335
1263880 1333
1263890 1331
1263900 1328
1263910 1325
1263920 1321
1263930 1318
1263940 1314
1263950 1312
1263960 1311
1263970 1311
1263980 1310
1263990 1309
1264000 1307
1264010 1305
1264020 1302
1264030 1300
1264040 1298
1264050 1297
1264060 1296
1264070 1295
1264080 1293
1264090 1292
1264100 1290
1264110 1287
1264120 1284
1264130 1281
1264140 1279
1264150 1276
1264160 1274
1264170 1270
1264180 1268
1264190 1266
1264200 1264
1264210 1263
1264220 1263
1264230 1262
1264240 1262
1264250 1261
1264260 1260
1264270 1259
1264280 1259
1264290 1258
1264300 1257
1264310 1256
1264320 1255
1264330 1255
1264340 1254
1264350 1254
1264360 1254
1264370 1253
1264380 1252
1264390 1251
1264400 1250
1264410 1249
1264420 1247
1264430 1246
1264440 1245
1264450 1244
1264460 1243
1264470 1241
1264480 1240
1264490 1239
1264500 1237
1264510 1236
1264520 1235
1264530 1234
1264540 1233
1264550 1232
1264560 1232
1264570 1231
1264580 1231
1264590 1230
1264600 1230
1264610 1230
1264620 1230
1264630 1230
1264640 1230
1264650 1229
1264660 1229
1264670 1229
1264680 1230
1264690 1230
1264700 1230
1264710 1231
1264720 1231
1264730 1232
1264740 1233
1264750 1233
1264760 1234
1264770 1234
1264780 1235
1264790 1236
1264800 1237
1264810 1237
1264820 1238
1264830 1239
1264840 1239
1264850 1240
1264860 1241
1264870 1241
1264880 1242
1264890 1243
1264900 1243
1264910 1244
1264920 1245
1264930 1245
1264940 1245
1264950 1246
1264960 1246
1264970 1247
1264980 1247
1264990 1247
1265000 1248
1265010 1248
1265020 1248
1265030 1248
1265040 1248
1265050 1248
1265060 1248
1265070 1248
1265080 1248
1265090 1248
1265100 1248
1265110 1248
1265120 1247
1265130 1247
1265140 1248
1265150 1248
1265160 1249
1265170 1249
1265180 1249
1265190 1249
1265200 1248
1265210 1247
1265220 1246
1265230 1246
1265240 1246
1265250 1247
1265260 1247
1265270 1246
1265280 1246
1265290 1246
1265300 1246
1265310 1245
1265320 1245
1265330 1245
1265340 1245
1265350 1246
1265360 1246
1265370 1246
1265380 1246
1265390 1246
1265400 1245
1265410 1245
1265420 1245
1265430 1246
1265440 1245
1265450 1245
1265460 1244
1265470 1244
1265480 1244
1265490 1243
1265500 1243
1265510 1242
1265520 1242
1265530 1241
1265540 1241
1265550 1240
1265560 1240
1265570 1239
1265580 1239
1265590 1238
1265600 1237
1265610 1237
1265620 1236
1265630 1235
1265640 1235
1265650 1234
1265660 1234
1265670 1233
1265680 1231
1265690 1230
1265700 1229
1265710 1226
1265720 1225
1265730 1223
1265740 1222
1265750 1222
1265760 1222
1265770 1222
1265780 1222
1265790 1222
1265800 1221
1265810 1220
1265820 1220
1265830 1220
1265840 1220
1265850 1221
1265860 1222
1265870 1222
1265880 1222
1265890 1222
1265900 1222
1265910 1222
1265920 1221
1265930 1221
1265940 1221
1265950 1221
1265960 1221
1265970 1221
1265980 1220
1265990 1220
1266000 1220
1266010 1220
1266020 1219
1266030 1220
1266040 1219
1266050 1219
1266060 1219
1266070 1219
1266080 1219
1266090 1219
1266100 1219
1266110 1219
1266120 1219
1266130 1219
1266140 1219
1266150 1219
1266160 1219
1266170 1218
1266180 1218
1266190 1218
1266200 1218
1266210 1219
1266220 1219
1266230 1221
1266240 1224
1266250 1225
1266260 1226
1266270 1227
1266280 1229
1266290 1231
1266300 1232
1266310 1233
1266320 1234
1266330 1235
1266340 1235
1266350 1236
1266360 1237
1266370 1238
1266380 1240
1266390 1241
1266400 1244
1266410 1246
1266420 1247
1266430 1249
1266440 1250
1266450 1252
1266460 1254
1266470 1256
1266480 1256
1266490 1256
1266500 1257
1266510 1259
1266520 1261
1266530 1263
1266540 1264
1266550 1264
1266560 1264
1266570 1265
1266580 1265
1266590 1265
1266600 1265
1266610 1265
1266620 1266
1266630 1265
1266640 1263
1266650 1262
1266660 1263
1266670 1263
1266680 1264
1266690 1263
1266700 1264
1266710 1265
1266720 1268
1266730 1270
1266740 1273
1266750 1276
1266760 1280
1266770 1283
1266780 1287
1266790 1289
1266800 1292
1266810 1294
1266820 1298
1266830 1302
1266840 1306
1266850 1310
1266860 1314
1266870 1318
1266880 1321
1266890 1325
1266900 1328
1266910 1331
1266920 1334
1266930 1337
1266940 1340
1266950 1343
1266960 1346
1266970 1348
1266980 1350
1266990 1352
1267000 1354
1267010 1356
1267020 1357
1267030 1359
1267040 1361
1267050 1362
1267060 1361
1267070 1360
1267080 1360
1267090 1360
1267100 1362
1267110 1365
1267120 1369
1267130 1372
1267140 1373
1267150 1375
1267160 1378
1267170 1380
1267180 1382
1267190 1384
1267200 1385
1267210 1387
1267220 1388
1267230 1388
1267240 1389
1267250 1389
1267260 1390
1267270 1390
1267280 1390
1267290 1392
1267300 1393
1267310 1395
1267320 1397
1267330 1399
1267340 1401
1267350 1403
1267360 1401
1267370 1397
1267380 1393
1267390 1395
1267400 1396
1267410 1396
1267420 1393
1267430 1390
1267440 1388
1267450 1388
1267460 1392
1267470 1400
1267480 1406
1267490 1413
1267500 1423
1267510 1432
1267520 1440
1267530 1449
1267540 1459
1267550 1466
1267560 1472
1267570 1476
1267580 1480
1267590 1483
1267600 1484
1267610 1484
1267620 1488
1267630 1496
1267640 1502
1267650 1505
1267660 1507
1267670 1509
1267680 1512
1267690 1513
1267700 1514
1267710 1516
1267720 1519
1267730 1519
1267740 1534
1267750 1551
1267760 1557
1267770 1565
1267780 1573
1267790 1578
1267800 1581
1267810 1587
1267820 1598
1267830 1610
1267840 1623
1267850 1637
1267860 1671
1267870 1690
1267880 1696
1267890 1701
1267900 1706
1267910 1710
1267920 1701
1267930 1696
1267940 1693
1267950 1693
1267960 1694
1267970 1695
1267980 1694
1267990 1703
1268000 1712
1268010 1715
1268020 1713
1268030 1709
1268040 1703
1268050 1705
1268060 1714
1268070 1733
1268080 1744
1268090 1753
1268100 1758
1268110 1753
1268120 1749
1268130 1748
1268140 1748
1268150 1745
1268160 1739
1268170 1733
1268180 1731
1268190 1730
1268200 1729
1268210 1727
1268220 1726
1268230 1728
1268240 1733
1268250 1744
1268260 1763
1268270 1782
1268280 1807
1268290 1838
1268300 1855
1268310 1867
1268320 1878
1268330 1885
1268340 1889
1268350 1891
1268360 1890
1268370 1888
1268380 1884
1268390 1880
1268400 1877
1268410 1874
1268420 1870
1268430 1867
1268440 1864
1268450 1861
1268460 1863
1268470 1864
1268480 1865
1268490 1862
1268500 1859
1268510 1854
1268520 1850
1268530 1847
1268540 1844
1268550 1841
1268560 1838
1268570 1835
1268580 1833
1268590 1831
1268600 1830
1268610 1828
1268620 1826
1268630 1825
1268640 1825
1268650 1824
1268660 1824
1268670 1825
1268680 1824
1268690 1823
1268700 1823
1268710 1824
1268720 1824
1268730 1824
1268740 1822
1268750 1821
1268760 1820
1268770 1819
1268780 1818
1268790 1817
1268800 1816
1268810 1814
1268820 1811
1268830 1808
1268840 1809
1268850 1811
1268860 1812
1268870 1811
1268880 1810
1268890 1808
1268900 1805
1268910 1802
1268920 1798
1268930 1796
1268940 1793
1268950 1790
1268960 1787
1268970 1782
1268980 1775
1268990 1762
1269000 1757
1269010 1754
1269020 1749
1269030 1744
1269040 1740
1269050 1736
1269060 1732
1269070 1727
1269080 1722
1269090 1717
1269100 1712
1269110 1708
1269120 1703
1269130 1698
1269140 1692
1269150 1687
1269160 1682
1269170 1678
1269180 1673
1269190 1673
1269200 1675
1269210 1678
1269220 1681
1269230 1685
1269240 1689
1269250 1692
1269260 1695
1269270 1698
1269280 1700
1269290 1701
1269300 1703
1269310 1705
1269320 1706
1269330 1708
1269340 1709
1269350 1710
1269360 1710
1269370 1711
1269380 1712
1269390 1713
1269400 1714
1269410 1715
1269420 1715
1269430 1715
1269440 1716
1269450 1717
1269460 1719
1269470 1721
1269480 1723
1269490 1725
1269500 1725
1269510 1725
1269520 1725
1269530 1724
1269540 1724
1269550 1725
1269560 1728
1269570 1731
1269580 1734
1269590 1736
1269600 1738
1269610 1740
1269620 1741
1269630 1743
1269640 1744
1269650 1746
1269660 1748
1269670 1750
1269680 1751
1269690 1753
1269700 1755
1269710 1756
1269720 1758
1269730 1760
1269740 1763
1269750 1766
1269760 1768
1269770 1769
1269780 1772
1269790 1775
1269800 1778
1269810 1780
1269820 1782
1269830 1784
1269840 1786
1269850 1789
1269860 1792
1269870 1795
1269880 1798
1269890 1801
1269900 1804
1269910 1809
1269920 1813
1269930 1817
1269940 1821
1269950 1825
1269960 1829
1269970 1831
1269980 1834
1269990 1838
1270000 1839
1270010 1840
1270020 1841
1270030 1842
1270040 1844
1270050 1846
1270060 1847
1270070 1849
1270080 1851
1270090 1854
1270100 1857
1270110 1861
1270120 1865
1270130 1868
1270140 1872
1270150 1878
1270160 1883
1270170 1888
1270180 1893
1270190 1899
1270200 1904
1270210 1908
1270220 1911
1270230 1913
1270240 1916
1270250 1920
1270260 1924
1270270 1928
1270280 1931
1270290 1934
1270300 1937
1270310 1940
1270320 1944
1270330 1947
1270340 1950
1270350 1951
1270360 1951
1270370 1950
1270380 1949
1270390 1946
1270400 1943
1270410 1941
1270420 1940
1270430 1940
1270440 1939
1270450 1939
1270460 1939
1270470 1938
1270480 1938
1270490 1937
1270500 1937
1270510 1936
1270520 1935
1270530 1934
1270540 1933
1270550 1933
1270560 1932
1270570 1932
1270580 1932
1270590 1933
1270600 1933
1270610 1934
1270620 1935
1270630 1936
1270640 1937
1270650 1938
1270660 1939
1270670 1941
1270680 1943
1270690 1944
1270700 1946
1270710 1947
1270720 1949
1270730 1949
1270740 1950
1270750 1950
1270760 1951
1270770 1951
1270780 1951
1270790 1946
1270800 1942
1270810 1939
1270820 1943
1270830 1946
1270840 1949
1270850 1951
1270860 1954
1270870 1956
1270880 1958
1270890 1960
1270900 1962
1270910 1964
1270920 1966
1270930 1967
1270940 1968
1270950 1969
1270960 1971
1270970 1972
1270980 1973
1270990 1974
1271000 1974
1271010 1975
1271020 1976
1271030 1976
1271040 1977
1271050 1979
1271060 1980
1271070 1982
1271080 1983
1271090 1985
1271100 1987
1271110 1989
1271120 1991
1271130 1994
1271140 1996
1271150 1998
1271160 2001
1271170 2003
1271180 2006
1271190 2008
1271200 2010
1271210 2013
1271220 2016
1271230 2019
1271240 2022
1271250 2024
1271260 2027
1271270 2030
1271280 2033
1271290 2036
1271300 2038
1271310 2040
1271320 2042
1271330 2044
1271340 2047
1271350 2051
1271360 2054
1271370 2056
1271380 2058
1271390 2060
1271400 2062
1271410 2065
1271420 2067
1271430 2068
1271440 2069
1271450 2072
1271460 2074
1271470 2076
1271480 2078
1271490 2080
1271500 2081
1271510 2082
1271520 2084
1271530 2084
1271540 2085
1271550 2086
1271560 2088
1271570 2090
1271580 2092
1271590 2094
1271600 2096
1271610 2097
1271620 2099
1271630 2100
1271640 2103
1271650 2105
1271660 2107
1271670 2110
1271680 2112
1271690 2113
1271700 2116
1271710 2119
1271720 2123
1271730 2126
1271740 2129
1271750 2132
1271760 2134
1271770 2137
1271780 2140
1271790 2143
1271800 2145
1271810 2147
1271820 2149
1271830 2152
1271840 2155
1271850 2160
1271860 2163
1271870 2166
1271880 2169
1271890 2173
1271900 2176
1271910 2179
1271920 2183
1271930 2186
1271940 2189
1271950 2192
1271960 2195
1271970 2199
1271980 2203
1271990 2206
1272000 2209
1272010 2213
1272020 2217
1272030 2221
1272040 2226
1272050 2230
1272060 2233
1272070 2237
1272080 2238
1272090 2240
1272100 2241
1272110 2243
1272120 2243
1272130 2241
1272140 2241
1272150 2241
1272160 2240
1272170 2238
1272180 2237
1272190 2236
1272200 2237
1272210 2237
1272220 2238
1272230 2239
1272240 2241
1272250 2243
1272260 2244
1272270 2244
1272280 2245
1272290 2245
1272300 2245
1272310 2244
1272320 2244
1272330 2243
1272340 2242
1272350 2241
1272360 2240
1272370 2239
1272380 2238
1272390 2238
1272400 2237
1272410 2236
1272420 2235
1272430 2235
1272440 2235
1272450 2236
1272460 2236
1272470 2236
1272480 2235
1272490 2235
1272500 2234
1272510 2234
1272520 2233
1272530 2233
1272540 2231
1272550 2228
1272560 2224
1272570 2220
1272580 2216
1272590 2213
1272600 2210
1272610 2207
1272620 2205
1272630 2203
1272640 2201
1272650 2200
1272660 2200
1272670 2199
1272680 2199
1272690 2199
1272700 2200
1272710 2200
1272720 2200
1272730 2199
1272740 2200
1272750 2199
1272760 2197
1272770 2196
1272780 2196
1272790 2197
1272800 2199
1272810 2201
1272820 2202
1272830 2203
1272840 2205
1272850 2206
1272860 2206
1272870 2204
1272880 2202
1272890 2199
1272900 2198
1272910 2199
1272920 2199
1272930 2200
1272940 2199
1272950 2199
1272960 2198
1272970 2197
1272980 2195
1272990 2194
1273000 2192
1273010 2190
1273020 2188
1273030 2185
1273040 2182
1273050 2179
1273060 2177
1273070 2176
1273080 2176
1273090 2176
1273100 2175
1273110 2173
1273120 2170
1273130 2166
1273140 2163
1273150 2160
1273160 2158
1273170 2156
1273180 2154
1273190 2154
1273200 2153
1273210 2153
1273220 2152
1273230 2151
1273240 2148
1273250 2144
1273260 2141
1273270 2138
1273280 2135
1273290 2132
1273300 2129
1273310 2128
1273320 2127
1273330 2126
1273340 2126
1273350 2125
1273360 2124
1273370 2123
1273380 2121
1273390 2120
1273400 2119
1273410 2118
1273420 2117
1273430 2116
1273440 2114
1273450 2113
1273460 2111
1273470 2110
1273480 2108
1273490 2107
1273500 2106
1273510 2105
1273520 2103
1273530 2102
1273540 2101
1273550 2100
1273560 2099
1273570 2099
1273580 2098
1273590 2098
1273600 2098
1273610 2097
1273620 2097
1273630 2097
1273640 2096
1273650 2096
1273660 2095
1273670 2094
1273680 2094
1273690 2093
1273700 2092
1273710 2091
1273720 2089
1273730 2087
1273740 2084
1273750 2084
1273760 2083
1273770 2083
1273780 2082
1273790 2080
1273800 2078
1273810 2076
1273820 2075
1273830 2073
1273840 2071
1273850 2068
1273860 2066
1273870 2063
1273880 2060
1273890 2057
1273900 2054
1273910 2052
1273920 2051
1273930 2050
1273940 2049
1273950 2047
1273960 2045
1273970 2044
1273980 2042
1273990 2040
1274000 2039
1274010 2039
1274020 2038
1274030 2038
1274040 2037
1274050 2036
1274060 2033
1274070 2030
1274080 2027
1274090 2025
1274100 2023
1274110 2023
1274120 2022
1274130 2020
1274140 2017
1274150 2014
1274160 2011
1274170 2008
1274180 2005
1274190 2002
1274200 1999
1274210 1997
1274220 1994
1274230 1991
1274240 1989
1274250 1988
1274260 1988
1274270 1988
1274280 1988
1274290 1987
1274300 1985
1274310 1983
1274320 1981
1274330 1979
1274340 1978
1274350 1977
1274360 1975
1274370 1973
1274380 1971
1274390 1969
1274400 1967
1274410 1966
1274420 1965
1274430 1964
1274440 1964
1274450 1963
1274460 1961
1274470 1959
1274480 1956
1274490 1953
1274500 1951
1274510 1949
1274520 1947
1274530 1946
1274540 1945
1274550 1943
1274560 1940
1274570 1934
1274580 1930
1274590 1926
1274600 1924
1274610 1922
1274620 1920
1274630 1918
1274640 1916
1274650 1913
1274660 1910
1274670 1908
1274680 1906
1274690 1905
1274700 1904
1274710 1903
1274720 1902
1274730 1901
1274740 1900
1274750 1899
1274760 1897
1274770 1896
1274780 1895
1274790 1894
1274800 1892
1274810 1890
1274820 1889
1274830 1888
1274840 1887
1274850 1886
1274860 1884
1274870 1882
1274880 1881
1274890 1880
1274900 1878
1274910 1877
1274920 1875
1274930 1874
1274940 1873
1274950 1872
1274960 1870
1274970 1868
1274980 1867
1274990 1866
1275000 1864
1275010 1863
1275020 1862
1275030 1861
1275040 1860
1275050 1859
1275060 1859
1275070 1858
1275080 1857
1275090 1857
1275100 1857
1275110 1856
1275120 1856
1275130 1855
1275140 1854
1275150 1852
1275160 1850
1275170 1848
1275180 1847
1275190 1844
1275200 1842
1275210 1840
1275220 1838
1275230 1837
1275240 1837
1275250 1837
1275260 1836
1275270 1834
1275280 1833
1275290 1831
1275300 1829
1275310 1827
1275320 1825
1275330 1824
1275340 1823
1275350 1823
1275360 1823
1275370 1822
1275380 1822
1275390 1820
1275400 1817
1275410 1814
1275420 1813
1275430 1811
1275440 1808
1275450 1804
1275460 1801
1275470 1798
1275480 1796
1275490 1794
1275500 1792
1275510 1792
1275520 1792
1275530 1792
1275540 1790
1275550 1789
1275560 1788
1275570 1787
1275580 1785
1275590 1784
1275600 1781
1275610 1779
1275620 1776
1275630 1773
1275640 1770
1275650 1767
1275660 1765
1275670 1763
1275680 1762
1275690 1760
1275700 1758
1275710 1756
1275720 1753
1275730 1750
1275740 1748
1275750 1746
1275760 1744
1275770 1742
1275780 1739
1275790 1736
1275800 1733
1275810 1729
1275820 1725
1275830 1722
1275840 1720
1275850 1719
1275860 1718
1275870 1716
1275880 1715
1275890 1715
1275900 1714
1275910 1713
1275920 1712
1275930 1711
1275940 1710
1275950 1709
1275960 1707
1275970 1706
1275980 1704
1275990 1702
1276000 1699
1276010 1696
1276020 1692
1276030 1687
1276040 1683
1276050 1680
1276060 1677
1276070 1673
1276080 1669
1276090 1665
1276100 1661
1276110 1658
1276120 1655
1276130 1652
1276140 1650
1276150 1647
1276160 1644
1276170 1642
1276180 1642
1276190 1642
1276200 1637
1276210 1632
1276220 1627
1276230 1622
1276240 1619
1276250 1616
1276260 1613
1276270 1610
1276280 1607
1276290 1603
1276300 1600
1276310 1597
1276320 1594
1276330 1592
1276340 1589
1276350 1587
1276360 1584
1276370 1582
1276380 1579
1276390 1577
1276400 1575
1276410 1572
1276420 1570
1276430 1568
1276440 1565
1276450 1562
1276460 1560
1276470 1557
1276480 1554
1276490 1552
1276500 1550
1276510 1548
1276520 1545
1276530 1542
1276540 1540
1276550 1539
1276560 1539
1276570 1539
1276580 1541
1276590 1543
1276600 1545
1276610 1546
1276620 1545
1276630 1544
1276640 1542
1276650 1540
1276660 1538
1276670 1537
1276680 1537
1276690 1536
1276700 1536
1276710 1535
1276720 1534
1276730 1533
1276740 1531
1276750 1528
1276760 1525
1276770 1524
1276780 1521
1276790 1518
1276800 1513
1276810 1510
1276820 1507
1276830 1506
1276840 1504
1276850 1502
1276860 1500
1276870 1499
1276880 1497
1276890 1494
1276900 1494
1276910 1493
1276920 1491
1276930 1488
1276940 1485
1276950 1481
1276960 1476
1276970 1471
1276980 1467
1276990 1462
1277000 1458
1277010 1454
1277020 1450
1277030 1446
1277040 1442
1277050 1438
1277060 1437
1277070 1435
1277080 1434
1277090 1433
1277100 1431
1277110 1430
1277120 1427
1277130 1425
1277140 1423
1277150 1421
1277160 1420
1277170 1418
1277180 1416
1277190 1414
1277200 1412
1277210 1410
1277220 1409
1277230 1408
1277240 1407
1277250 1406
1277260 1406
1277270 1405
1277280 1404
1277290 1404
1277300 1403
1277310 1401
1277320 1400
1277330 1399
1277340 1397
1277350 1396
1277360 1394
1277370 1392
1277380 1391
1277390 1390
1277400 1390
1277410 1389
1277420 1388
1277430 1388
1277440 1387
1277450 1386
1277460 1385
1277470 1384
1277480 1383
1277490 1381
1277500 1380
1277510 1378
1277520 1376
1277530 1374
1277540 1371
1277550 1368
1277560 1366
1277570 1364
1277580 1362
1277590 1360
1277600 1358
1277610 1357
1277620 1356
1277630 1355
1277640 1355
1277650 1354
1277660 1353
1277670 1353
1277680 1353
1277690 1352
1277700 1352
1277710 1352
1277720 1352
1277730 1352
1277740 1352
1277750 1352
1277760 1351
1277770 1351
1277780 1351
1277790 1351
1277800 1351
1277810 1351
1277820 1351
1277830 1352
1277840 1352
1277850 1352
1277860 1352
1277870 1352
1277880 1353
1277890 1353
1277900 1354
1277910 1353
1277920 1352
1277930 1351
1277940 1351
1277950 1350
1277960 1348
1277970 1347
1277980 1346
1277990 1345
1278000 1345
1278010 1346
1278020 1346
1278030 1347
1278040 1346
1278050 1345
1278060 1343
1278070 1341
1278080 1339
1278090 1337
1278100 1335
1278110 1333
1278120 1331
1278130 1326
1278140 1324
1278150 1324
1278160 1324
1278170 1324
1278180 1325
1278190 1325
1278200 1323
1278210 1319
1278220 1316
1278230 1309
1278240 1300
1278250 1287
1278260 1274
1278270 1262
1278280 1255
1278290 1247
1278300 1239
1278310 1233
1278320 1228
1278330 1223
1278340 1217
1278350 1212
1278360 1207
1278370 1202
1278380 1197
1278390 1191
1278400 1186
1278410 1181
1278420 1176
1278430 1171
1278440 1166
1278450 1162
1278460 1159
1278470 1156
1278480 1154
1278490 1153
1278500 1151
1278510 1149
1278520 1146
1278530 1143
1278540 1141
1278550 1138
1278560 1134
1278570 1132
1278580 1131
1278590 1130
1278600 1129
1278610 1129
1278620 1132
1278630 1136
1278640 1142
1278650 1148
1278660 1154
1278670 1159
1278680 1164
1278690 1169
1278700 1174
1278710 1179
1278720 1184
1278730 1190
1278740 1195
1278750 1200
1278760 1206
1278770 1211
1278780 1217
1278790 1223
1278800 1227
1278810 1230
1278820 1236
1278830 1242
1278840 1248
1278850 1253
1278860 1257
1278870 1262
1278880 1266
1278890 1270
1278900 1274
1278910 1278
1278920 1282
1278930 1287
1278940 1292
1278950 1297
1278960 1301
1278970 1306
1278980 1310
1278990 1314
1279000 1319
1279010 1324
1279020 1328
1279030 1332
1279040 1336
1279050 1340
1279060 1343
1279070 1347
1279080 1351
1279090 1355
1279100 1358
1279110 1362
1279120 1365
1279130 1370
1279140 1374
1279150 1378
1279160 1382
1279170 1384
1279180 1387
1279190 1390
1279200 1394
1279210 1397
1279220 1401
1279230 1405
1279240 1409
1279250 1413
1279260 1417
1279270 1421
1279280 1425
1279290 1429
1279300 1433
1279310 1437
1279320 1442
1279330 1446
1279340 1450
1279350 1454
1279360 1458
1279370 1462
1279380 1466
1279390 1470
1279400 1474
1279410 1478
1279420 1483
1279430 1487
1279440 1491
1279450 1495
1279460 1499
1279470 1504
1279480 1509
1279490 1514
1279500 1520
1279510 1525
1279520 1530
1279530 1534
1279540 1539
1279550 1543
1279560 1547
1279570 1551
1279580 1555
1279590 1560
1279600 1564
1279610 1568
1279620 1571
1279630 1575
1279640 1578
1279650 1583
1279660 1587
1279670 1590
1279680 1592
1279690 1595
1279700 1597
1279710 1600
1279720 1603
1279730 1606
1279740 1609
1279750 1611
1279760 1614
1279770 1618
1279780 1622
1279790 1627
1279800 1631
1279810 1635
1279820 1640
1279830 1645
1279840 1650
1279850 1654
1279860 1658
1279870 1662
1279880 1667
1279890 1671
1279900 1675
1279910 1679
1279920 1683
1279930 1687
1279940 1690
1279950 1694
1279960 1698
1279970 1702
1279980 1706
1279990 1710
