1260000 2054.0
1260010 2054.0
1260020 2059.0
1260030 2064.5
1260040 2070.0
1260050 2070.0
1260060 2075.3
1260070 2083.1
1260080 2083.1
1260090 2088.5
1260100 2093.8
1260110 2093.8
1260120 2098.8
1260130 2103.2
1260140 2103.2
1260150 2107.1
1260160 2110.4
1260170 2110.4
1260180 2113.7
1260190 2118.3
1260200 2118.3
1260210 2123.3
1260220 2127.7
1260230 2127.7
1260240 2130.7
1260250 2133.9
1260260 2136.9
1260270 2136.9
1260280 2140.0
1260290 2143.4
1260300 2143.4
1260310 2147.0
1260320 2150.5
1260330 2150.5
1260340 2153.5
1260350 2155.9
1260360 2155.9
1260370 2158.9
1260380 2161.3
1260390 2161.3
1260400 2164.1
1260410 2166.8
1260420 2166.8
1260430 2169.7
1260440 2174.1
1260450 2174.1
1260460 2178.6
1260470 2182.5
1260480 2187.8
1260490 2187.8
1260500 2200.9
1260510 2211.9
1260520 2211.9
1260530 2228.8
1260540 2230.7
1260550 2230.7
1260560 2238.4
1260570 2258.3
1260580 2258.3
1260590 2268.6
1260600 2276.6
1260610 2276.6
1260620 2284.3
1260630 2294.3
1260640 2294.3
1260650 2300.9
1260660 2308.6
1260670 2308.6
1260680 2316.1
1260690 2323.2
1260700 2329.8
1260710 2329.8
1260720 2335.9
1260730 2341.8
1260740 2341.8
1260750 2346.7
1260760 2351.6
1260770 2351.6
1260780 2357.5
1260790 2363.9
1260800 2363.9
1260810 2370.0
1260820 2376.1
1260830 2376.1
1260840 2382.3
1260850 2393.4
1260860 2393.4
1260870 2439.8
1260880 2506.3
1260890 2506.3
1260900 2531.3
1260910 2559.2
1260920 2582.9
1260930 2582.9
1260940 2613.4
1260950 2609.6
1260960 2609.6
1260970 2579.5
1260980 2578.9
1260990 2578.9
1261000 2586.1
1261010 2580.5
1261020 2580.5
1261030 2600.4
1261040 2589.1
1261050 2589.1
1261060 2538.5
1261070 2500.5
1261080 2500.5
1261090 2459.7
1261100 2433.5
1261110 2433.5
1261120 2422.9
1261130 2413.1
1261140 2412.4
1261150 2412.4
1261160 2411.6
1261170 2410.0
1261180 2410.0
1261190 2407.5
1261200 2398.0
1261210 2398.0
1261220 2394.4
1261230 2390.0
1261240 2390.0
1261250 2385.0
1261260 2379.5
1261270 2379.5
1261280 2374.0
1261290 2368.0
1261300 2368.0
1261310 2361.7
1261320 2355.4
1261330 2349.1
1261340 2349.1
1261350 2342.6
1261360 2335.9
1261370 2335.9
1261380 2329.2
1261390 2322.3
1261400 2322.3
1261410 2315.5
1261420 2308.5
1261430 2308.5
1261440 2301.5
1261450 2294.6
1261460 2294.6
1261470 2287.7
1261480 2280.9
1261490 2280.9
1261500 2274.0
1261510 2267.1
1261520 2267.1
1261530 2260.2
1261540 2253.1
1261550 2246.2
1261560 2246.2
1261570 2239.5
1261580 2232.8
1261590 2232.8
1261600 2225.7
1261610 2218.7
1261620 2218.7
1261630 2212.2
1261640 2205.9
1261650 2205.9
1261660 2199.8
1261670 2193.8
1261680 2193.8
1261690 2187.7
1261700 2181.7
1261710 2181.7
1261720 2175.7
1261730 2169.7
1261740 2169.7
1261750 2164.0
1261760 2158.4
1261770 2153.0
1261780 2153.0
1261790 2148.1
1261800 2143.5
1261810 2143.5
1261820 2138.5
1261830 2132.3
1261840 2132.3
1261850 2125.6
1261860 2118.9
1261870 2118.9
1261880 2112.4
1261890 2105.8
1261900 2105.8
1261910 2099.7
1261920 2095.3
1261930 2095.3
1261940 2092.3
1261950 2089.6
1261960 2089.6
1261970 2087.1
1261980 2085.1
1261990 2083.6
1262000 2083.6
1262010 2082.4
1262020 2081.1
1262030 2081.1
1262040 2080.5
1262050 2080.0
1262060 2080.0
1262070 2078.9
1262080 2076.7
1262090 2076.7
1262100 2073.9
1262110 2069.5
1262120 2069.5
1262130 2063.2
1262140 2057.8
1262150 2057.8
1262160 2051.3
1262170 2034.2
1262180 2034.2
1262190 2006.6
1262200 1988.8
1262210 1975.2
1262220 1975.2
1262230 1960.4
1262240 1943.3
1262250 1943.3
1262260 1932.7
1262270 1923.8
1262280 1923.8
1262290 1915.1
1262300 1899.5
1262310 1899.5
1262320 1887.7
1262330 1880.7
1262340 1878.2
1262350 1870.9
1262360 1862.3
1262370 1862.3
1262380 1855.4
1262390 1854.2
1262400 1854.2
1262410 1854.1
1262420 1849.0
1262430 1842.5
1262440 1842.5
1262450 1835.6
1262460 1833.8
1262470 1833.8
1262480 1835.7
1262490 1838.5
1262500 1838.5
1262510 1839.1
1262520 1853.9
1262530 1853.9
1262540 1874.1
1262550 1889.3
1262560 1889.3
1262570 1902.6
1262580 1917.3
1262590 1917.3
1262600 1924.0
1262610 1917.2
1262620 1917.2
1262630 1908.0
1262640 1896.9
1262650 1883.4
1262660 1883.4
1262670 1872.5
1262680 1863.9
1262690 1863.9
1262700 1853.7
1262710 1840.4
1262720 1840.4
1262730 1819.8
1262740 1802.7
1262750 1802.7
1262760 1794.0
1262770 1801.9
1262780 1801.9
1262790 1795.2
1262800 1775.9
1262810 1775.9
1262820 1754.6
1262830 1742.5
1262840 1742.5
1262850 1735.3
1262860 1728.5
1262870 1721.0
1262880 1721.0
1262890 1712.3
1262900 1705.5
1262910 1699.0
1262920 1694.0
1262930 1686.4
1262940 1686.4
1262950 1677.9
1262960 1670.8
1262970 1670.8
1262980 1665.0
1262990 1652.6
1263000 1652.6
1263010 1637.1
1263020 1625.0
1263030 1625.0
1263040 1622.9
1263050 1628.3
1263060 1637.4
1263070 1637.4
1263080 1644.7
1263090 1653.2
1263100 1653.2
1263110 1653.9
1263120 1655.5
1263130 1655.5
1263140 1653.7
1263150 1644.8
1263160 1644.8
1263170 1637.4
1263180 1634.3
1263190 1634.3
1263200 1638.0
1263210 1655.1
1263220 1655.1
1263230 1676.4
1263240 1679.2
1263250 1679.2
1263260 1666.1
1263270 1654.4
1263280 1646.8
1263290 1646.8
1263300 1648.9
1263310 1658.3
1263320 1658.3
1263330 1680.0
1263340 1695.9
1263350 1695.9
1263360 1707.4
1263370 1721.9
1263380 1721.9
1263390 1734.1
1263400 1746.7
1263410 1746.7
1263420 1751.0
1263430 1742.1
1263440 1742.1
1263450 1736.8
1263460 1749.7
1263470 1749.7
1263480 1740.1
1263490 1734.2
1263500 1726.3
1263510 1726.3
1263520 1721.9
1263530 1716.8
1263540 1716.8
1263550 1712.7
1263560 1708.4
1263570 1708.4
1263580 1704.1
1263590 1700.7
1263600 1700.7
1263610 1697.8
1263620 1695.1
1263630 1695.1
1263640 1692.3
1263650 1688.1
1263660 1688.1
1263670 1682.1
1263680 1670.3
1263690 1670.3
1263700 1653.8
1263710 1650.4
1263720 1662.4
1263730 1662.4
1263740 1656.6
1263750 1642.0
1263760 1642.0
1263770 1628.5
1263780 1622.5
1263790 1622.5
1263800 1615.9
1263810 1608.6
1263820 1608.6
1263830 1601.3
1263840 1591.2
1263850 1591.2
1263860 1581.6
1263870 1578.9
1263880 1578.9
1263890 1575.8
1263900 1572.3
1263910 1572.3
1263920 1567.9
1263930 1564.2
1263940 1560.8
1263950 1560.8
1263960 1555.9
1263970 1549.4
1263980 1549.4
1263990 1543.6
1264000 1542.7
1264010 1542.7
1264020 1540.8
1264030 1538.7
1264040 1538.7
1264050 1527.1
1264060 1524.0
1264070 1524.0
1264080 1520.7
1264090 1517.2
1264100 1517.2
1264110 1513.4
1264120 1504.8
1264130 1504.8
1264140 1489.6
1264150 1469.9
1264160 1455.7
1264170 1455.7
1264180 1449.9
1264190 1462.6
1264200 1462.6
1264210 1473.9
1264220 1477.9
1264230 1477.9
1264240 1476.7
1264250 1474.0
1264260 1474.0
1264270 1468.8
1264280 1464.6
1264290 1464.6
1264300 1459.6
1264310 1457.6
1264320 1457.6
1264330 1453.4
1264340 1445.8
1264350 1445.8
1264360 1429.7
1264370 1422.5
1264380 1421.5
1264390 1421.5
1264400 1421.3
1264410 1424.6
1264420 1424.6
1264430 1424.6
1264440 1421.3
1264450 1421.3
1264460 1416.1
1264470 1411.7
1264480 1411.7
1264490 1409.0
1264500 1405.9
1264510 1405.9
1264520 1399.4
1264530 1390.4
1264540 1390.4
1264550 1385.1
1264560 1384.1
1264570 1382.1
1264580 1382.1
1264590 1377.0
1264600 1374.0
1264610 1374.0
1264620 1375.4
1264630 1374.4
1264640 1374.4
1264650 1375.0
1264660 1373.6
1264670 1373.6
1264680 1372.8
1264690 1373.3
1264700 1373.3
1264710 1373.1
1264720 1372.1
1264730 1372.1
1264740 1370.8
1264750 1368.7
1264760 1368.7
1264770 1366.5
1264780 1364.9
1264790 1363.1
1264800 1363.1
1264810 1361.8
1264820 1360.2
1264830 1360.2
1264840 1358.1
1264850 1355.5
1264860 1355.5
1264870 1352.7
1264880 1350.7
1264890 1350.7
1264900 1349.5
1264910 1347.9
1264920 1347.9
1264930 1345.6
1264940 1343.8
1264950 1343.8
1264960 1341.2
1264970 1338.6
1264980 1338.6
1264990 1335.9
1265000 1334.3
1265010 1332.8
1265020 1332.8
1265030 1330.4
1265040 1326.8
1265050 1326.8
1265060 1323.5
1265070 1321.5
1265080 1321.5
1265090 1319.0
1265100 1316.6
1265110 1316.6
1265120 1316.0
1265130 1316.2
1265140 1316.2
1265150 1316.3
1265160 1316.1
1265170 1316.1
1265180 1316.4
1265190 1317.5
1265200 1315.6
1265210 1314.6
1265220 1314.9
1265230 1314.4
1265240 1314.4
1265250 1313.2
1265260 1311.6
1265270 1311.6
1265280 1309.7
1265290 1308.0
1265300 1308.0
1265310 1306.2
1265320 1304.0
1265330 1304.0
1265340 1302.1
1265350 1300.8
1265360 1300.8
1265370 1300.3
1265380 1299.1
1265390 1299.1
1265400 1297.0
1265410 1294.5
1265420 1294.5
1265430 1292.4
1265440 1290.4
1265450 1288.6
1265460 1288.6
1265470 1287.1
1265480 1286.0
1265490 1286.0
1265500 1284.7
1265510 1283.3
1265520 1283.3
1265530 1282.2
1265540 1280.6
1265550 1280.6
1265560 1278.7
1265570 1276.7
1265580 1276.7
1265590 1275.1
1265600 1271.4
1265610 1271.4
1265620 1266.9
1265630 1264.1
1265640 1264.1
1265650 1264.0
1265660 1265.8
1265670 1266.4
1265680 1266.4
1265690 1265.1
1265700 1263.8
1265710 1263.8
1265720 1262.1
1265730 1260.2
1265740 1260.2
1265750 1258.8
1265760 1257.4
1265770 1257.4
1265780 1255.2
1265790 1254.1
1265800 1254.1
1265810 1252.7
1265820 1251.2
1265830 1251.2
1265840 1249.8
1265850 1248.3
1265860 1248.3
1265870 1246.9
1265880 1245.4
1265890 1244.0
1265900 1244.0
1265910 1242.5
1265920 1241.0
1265930 1241.0
1265940 1239.4
1265950 1238.1
1265960 1238.1
1265970 1236.6
1265980 1235.1
1265990 1235.1
1266000 1233.5
1266010 1232.1
1266020 1232.1
1266030 1230.7
1266040 1229.4
1266050 1229.4
1266060 1228.2
1266070 1227.2
1266080 1227.2
1266090 1225.6
1266100 1224.4
1266110 1223.2
1266120 1223.2
1266130 1222.3
1266140 1221.3
1266150 1221.3
1266160 1220.6
1266170 1219.7
1266180 1219.7
1266190 1219.0
1266200 1218.2
1266210 1218.2
1266220 1216.9
1266230 1216.5
1266240 1216.5
1266250 1216.3
1266260 1216.2
1266270 1216.2
1266280 1216.1
1266290 1216.2
1266300 1216.2
1266310 1216.2
1266320 1216.1
1266330 1216.1
1266340 1216.1
1266350 1216.1
1266360 1216.1
1266370 1216.1
1266380 1216.0
1266390 1215.9
1266400 1215.9
1266410 1215.7
1266420 1215.8
1266430 1215.8
1266440 1215.7
1266450 1215.5
1266460 1215.5
1266470 1215.3
1266480 1215.1
1266490 1215.1
1266500 1215.0
1266510 1214.9
1266520 1214.9
1266530 1214.9
1266540 1214.7
1266550 1214.6
1266560 1214.6
1266570 1214.6
1266580 1214.5
1266590 1214.5
1266600 1214.4
1266610 1214.5
1266620 1214.5
1266630 1214.5
1266640 1214.4
1266650 1214.4
1266660 1214.3
1266670 1214.4
1266680 1214.4
1266690 1214.5
1266700 1214.2
1266710 1214.2
1266720 1214.3
1266730 1215.0
1266740 1214.2
1266750 1214.2
1266760 1213.8
1266770 1212.6
1266780 1212.6
1266790 1211.8
1266800 1213.6
1266810 1213.6
1266820 1215.5
1266830 1217.2
1266840 1217.2
1266850 1219.6
1266860 1221.5
1266870 1221.5
1266880 1223.2
1266890 1224.3
1266900 1224.3
1266910 1225.6
1266920 1226.6
1266930 1226.6
1266940 1229.1
1266950 1230.5
1266960 1231.6
1266970 1231.6
1266980 1232.9
1266990 1234.0
1267000 1234.0
1267010 1236.3
1267020 1238.7
1267030 1238.7
1267040 1240.7
1267050 1242.0
1267060 1242.0
1267070 1243.9
1267080 1245.9
1267090 1245.9
1267100 1246.8
1267110 1246.5
1267120 1246.5
1267130 1249.6
1267140 1251.5
1267150 1251.5
1267160 1254.9
1267170 1258.0
1267180 1259.9
1267190 1259.9
1267200 1261.9
1267210 1263.3
1267220 1263.3
1267230 1264.6
1267240 1265.6
1267250 1265.6
1267260 1266.4
1267270 1267.6
1267280 1267.6
1267290 1269.1
1267300 1270.1
1267310 1270.1
1267320 1271.0
1267330 1271.7
1267340 1271.7
1267350 1273.2
1267360 1277.4
1267370 1277.4
1267380 1281.1
1267390 1284.0
1267400 1287.6
1267410 1287.6
1267420 1291.2
1267430 1294.1
1267440 1294.1
1267450 1295.7
1267460 1296.4
1267470 1296.4
1267480 1297.7
1267490 1298.9
1267500 1298.9
1267510 1300.3
1267520 1302.1
1267530 1308.2
1267540 1309.6
1267550 1311.1
1267560 1311.1
1267570 1313.1
1267580 1316.9
1267590 1316.9
1267600 1321.5
1267610 1326.3
1267620 1330.9
1267630 1330.9
1267640 1334.9
1267650 1339.0
1267660 1339.0
1267670 1343.7
1267680 1348.8
1267690 1348.8
1267700 1353.2
1267710 1357.5
1267720 1357.5
1267730 1362.4
1267740 1367.6
1267750 1367.6
1267760 1369.6
1267770 1367.9
1267780 1367.9
1267790 1368.6
1267800 1373.2
1267810 1373.2
1267820 1377.7
1267830 1381.9
1267840 1383.8
1267850 1383.8
1267860 1387.8
1267870 1394.9
1267880 1394.9
1267890 1402.7
1267900 1409.0
1267910 1409.0
1267920 1412.0
1267930 1415.8
1267940 1415.8
1267950 1419.8
1267960 1425.9
1267970 1425.9
1267980 1433.2
1267990 1439.8
1268000 1439.8
1268010 1445.3
1268020 1450.6
1268030 1457.0
1268040 1457.0
1268050 1463.9
1268060 1469.4
1268070 1469.4
1268080 1473.3
1268090 1477.4
1268100 1477.4
1268110 1486.5
1268120 1492.2
1268130 1492.2
1268140 1498.0
1268150 1504.3
1268160 1504.3
1268170 1509.5
1268180 1513.1
1268190 1513.1
1268200 1516.7
1268210 1519.8
1268220 1519.8
1268230 1525.1
1268240 1532.2
1268250 1540.0
1268260 1540.0
1268270 1547.4
1268280 1551.9
1268290 1551.9
1268300 1553.5
1268310 1557.4
1268320 1557.4
1268330 1572.7
1268340 1591.5
1268350 1591.5
1268360 1604.5
1268370 1614.1
1268380 1614.1
1268390 1623.6
1268400 1641.3
1268410 1641.3
1268420 1654.9
1268430 1652.0
1268440 1652.0
1268450 1660.0
1268460 1684.5
1268470 1679.2
1268480 1679.2
1268490 1670.8
1268500 1664.2
1268510 1664.2
1268520 1658.5
1268530 1652.9
1268540 1652.9
1268550 1649.1
1268560 1646.7
1268570 1646.7
1268580 1646.3
1268590 1645.6
1268600 1645.6
1268610 1641.0
1268620 1634.6
1268630 1634.6
1268640 1626.8
1268650 1618.2
1268660 1618.2
1268670 1609.9
1268680 1607.5
1268690 1611.2
1268700 1619.1
1268710 1622.2
1268720 1627.8
1268730 1627.8
1268740 1632.7
1268750 1637.2
1268760 1637.2
1268770 1642.1
1268780 1648.4
1268790 1648.4
1268800 1655.1
1268810 1660.9
1268820 1660.9
1268830 1666.3
1268840 1671.1
1268850 1671.1
1268860 1674.3
1268870 1674.9
1268880 1674.9
1268890 1673.6
1268900 1671.1
1268910 1668.2
1268920 1668.2
1268930 1665.3
1268940 1661.7
1268950 1661.7
1268960 1656.1
1268970 1649.9
1268980 1649.9
1268990 1643.0
1269000 1636.0
1269010 1636.0
1269020 1628.6
1269030 1620.0
1269040 1620.0
1269050 1611.3
1269060 1603.9
1269070 1603.9
1269080 1598.3
1269090 1594.8
1269100 1594.8
1269110 1592.4
1269120 1591.3
1269130 1590.7
1269140 1590.7
1269150 1586.5
1269160 1582.5
1269170 1582.5
1269180 1576.6
1269190 1570.0
1269200 1570.0
1269210 1568.6
1269220 1572.8
1269230 1572.8
1269240 1575.0
1269250 1575.2
1269260 1575.2
1269270 1577.9
1269280 1582.3
1269290 1588.3
1269300 1592.6
1269310 1597.1
1269320 1597.1
1269330 1599.4
1269340 1600.2
1269350 1600.9
1269360 1600.9
1269370 1603.0
1269380 1606.7
1269390 1606.7
1269400 1610.8
1269410 1614.9
1269420 1614.9
1269430 1619.8
1269440 1626.4
1269450 1626.4
1269460 1635.0
1269470 1642.5
1269480 1642.5
1269490 1650.1
1269500 1656.3
1269510 1656.3
1269520 1662.0
1269530 1666.4
1269540 1666.4
1269550 1670.4
1269560 1674.2
1269570 1677.1
1269580 1677.1
1269590 1681.8
1269600 1688.2
1269610 1688.2
1269620 1695.5
1269630 1702.2
1269640 1702.2
1269650 1708.9
1269660 1716.0
1269670 1716.0
1269680 1721.8
1269690 1726.6
1269700 1726.6
1269710 1730.9
1269720 1736.1
1269730 1736.1
1269740 1742.1
1269750 1747.4
1269760 1752.6
1269770 1752.6
1269780 1758.8
1269790 1765.2
1269800 1765.2
1269810 1770.9
1269820 1777.6
1269830 1777.6
1269840 1784.7
1269850 1795.6
1269860 1795.6
1269870 1807.0
1269880 1816.8
1269890 1816.8
1269900 1824.4
1269910 1830.7
1269920 1830.7
1269930 1835.7
1269940 1841.7
1269950 1841.7
1269960 1849.3
1269970 1857.5
1269980 1862.8
1269990 1862.8
1270000 1866.1
1270010 1872.1
1270020 1872.1
1270030 1878.0
1270040 1882.8
1270050 1882.8
1270060 1887.1
1270070 1891.3
1270080 1891.3
1270090 1896.9
1270100 1902.0
1270110 1902.0
1270120 1905.1
1270130 1906.5
1270140 1906.5
1270150 1906.2
1270160 1904.3
1270170 1904.3
1270180 1900.9
1270190 1897.4
1270200 1894.1
1270210 1894.1
1270220 1891.0
1270230 1887.6
1270240 1887.6
1270250 1883.2
1270260 1878.8
1270270 1878.8
1270280 1874.7
1270290 1870.6
1270300 1870.6
1270310 1865.8
1270320 1861.0
1270330 1861.0
1270340 1857.4
1270350 1853.7
1270360 1853.7
1270370 1848.8
1270380 1842.9
1270390 1842.9
1270400 1839.8
1270410 1837.4
1270420 1836.9
1270430 1836.9
1270440 1840.7
1270450 1843.6
1270460 1843.6
1270470 1848.4
1270480 1851.1
1270490 1851.1
1270500 1853.2
1270510 1855.3
1270520 1855.3
1270530 1857.4
1270540 1859.9
1270550 1859.9
1270560 1863.1
1270570 1867.5
1270580 1867.5
1270590 1873.6
1270600 1880.6
1270610 1880.6
1270620 1888.3
1270630 1896.8
1270640 1904.4
1270650 1904.4
1270660 1909.3
1270670 1913.0
1270680 1913.0
1270690 1917.3
1270700 1921.4
1270710 1921.4
1270720 1925.0
1270730 1928.9
1270740 1928.9
1270750 1933.3
1270760 1938.6
1270770 1938.6
1270780 1944.7
1270790 1949.7
1270800 1949.7
1270810 1953.4
1270820 1957.8
1270830 1957.8
1270840 1962.5
1270850 1967.0
1270860 1972.4
1270870 1972.4
1270880 1980.2
1270890 1986.1
1270900 1986.1
1270910 1989.2
1270920 1992.3
1270930 1992.3
1270940 1995.7
1270950 1999.1
1270960 1999.1
1270970 2002.2
1270980 2006.1
1270990 2006.1
1271000 2009.3
1271010 2012.2
1271020 2012.2
1271030 2015.2
1271040 2018.1
1271050 2018.1
1271060 2021.2
1271070 2024.3
1271080 2027.4
1271090 2027.4
1271100 2029.7
1271110 2031.8
1271120 2031.8
1271130 2033.5
1271140 2035.4
1271150 2035.4
1271160 2038.5
1271170 2041.9
1271180 2041.9
1271190 2044.6
1271200 2046.8
1271210 2046.8
1271220 2047.9
1271230 2049.1
1271240 2049.1
1271250 2050.8
1271260 2053.0
1271270 2055.5
1271280 2055.5
1271290 2058.3
1271300 2061.0
1271310 2061.0
1271320 2063.3
1271330 2065.6
1271340 2065.6
1271350 2068.2
1271360 2071.8
1271370 2071.8
1271380 2074.6
1271390 2077.0
1271400 2077.0
1271410 2079.6
1271420 2082.0
1271430 2082.0
1271440 2083.0
1271450 2084.5
1271460 2084.5
1271470 2085.8
1271480 2087.7
1271490 2089.9
1271500 2089.9
1271510 2091.2
1271520 2093.2
1271530 2093.2
1271540 2095.4
1271550 2098.6
1271560 2098.6
1271570 2100.5
1271580 2100.8
1271590 2100.8
1271600 2101.2
1271610 2103.0
1271620 2103.0
1271630 2104.9
1271640 2107.6
1271650 2113.6
1271660 2115.5
1271670 2115.9
1271680 2115.9
1271690 2117.6
1271700 2121.6
1271710 2126.7
1271720 2126.7
1271730 2131.0
1271740 2134.8
1271750 2134.8
1271760 2138.9
1271770 2143.0
1271780 2143.0
1271790 2146.7
1271800 2150.6
1271810 2150.6
1271820 2154.4
1271830 2157.6
1271840 2157.6
1271850 2161.2
1271860 2164.3
1271870 2164.3
1271880 2168.3
1271890 2173.2
1271900 2173.2
1271910 2179.2
1271920 2182.1
1271930 2181.5
1271940 2181.5
1271950 2179.5
1271960 2177.1
1271970 2177.1
1271980 2174.9
1271990 2172.8
1272000 2172.8
1272010 2171.0
1272020 2168.3
1272030 2168.3
1272040 2163.6
1272050 2157.3
1272060 2157.3
1272070 2149.9
1272080 2142.7
1272090 2142.7
1272100 2137.2
1272110 2132.6
1272120 2132.6
1272130 2128.2
1272140 2124.7
1272150 2121.0
1272160 2121.0
1272170 2117.5
1272180 2114.2
1272190 2114.2
1272200 2111.3
1272210 2110.3
1272220 2110.3
1272230 2110.7
1272240 2109.9
1272250 2111.4
1272260 2110.9
1272270 2111.5
1272280 2111.5
1272290 2113.2
1272300 2112.3
1272310 2112.3
1272320 2108.6
1272330 2104.2
1272340 2104.2
1272350 2099.6
1272360 2094.7
1272370 2089.6
1272380 2089.6
1272390 2084.2
1272400 2078.4
1272410 2078.4
1272420 2073.4
1272430 2069.4
1272440 2069.4
1272450 2066.3
1272460 2063.3
1272470 2063.3
1272480 2060.7
1272490 2058.6
1272500 2058.6
1272510 2056.8
1272520 2054.8
1272530 2054.8
1272540 2052.9
1272550 2051.0
1272560 2051.0
1272570 2049.8
1272580 2049.0
1272590 2048.0
1272600 2048.0
1272610 2047.1
1272620 2045.9
1272630 2045.9
1272640 2045.1
1272650 2044.6
1272660 2044.6
1272670 2044.5
1272680 2044.4
1272690 2044.4
1272700 2044.7
1272710 2045.0
1272720 2045.0
1272730 2046.0
1272740 2047.2
1272750 2047.2
1272760 2049.7
1272770 2052.4
1272780 2052.4
1272790 2054.7
1272800 2058.6
1272810 2061.8
1272820 2061.8
1272830 2064.2
1272840 2065.9
1272850 2066.7
1272860 2067.5
1272870 2068.4
1272880 2068.4
1272890 2070.0
1272900 2071.8
1272910 2071.8
1272920 2073.7
1272930 2076.3
1272940 2076.3
1272950 2078.9
1272960 2079.8
1272970 2079.8
1272980 2081.0
1272990 2081.5
1273000 2083.2
1273010 2083.2
1273020 2086.4
1273030 2089.1
1273040 2089.1
1273050 2091.4
1273060 2094.1
1273070 2094.1
1273080 2097.2
1273090 2100.6
1273100 2100.6
1273110 2104.7
1273120 2108.9
1273130 2108.9
1273140 2113.8
1273150 2120.4
1273160 2120.4
1273170 2128.8
1273180 2137.0
1273190 2137.0
1273200 2144.8
1273210 2153.4
1273220 2162.5
1273230 2162.5
1273240 2170.7
1273250 2175.9
1273260 2175.9
1273270 2179.4
1273280 2182.2
1273290 2182.2
1273300 2184.3
1273310 2185.0
1273320 2185.0
1273330 2184.6
1273340 2183.5
1273350 2183.5
1273360 2180.2
1273370 2177.8
1273380 2177.8
1273390 2177.3
1273400 2176.6
1273410 2176.6
1273420 2175.7
1273430 2174.9
1273440 2174.0
1273450 2172.8
1273460 2171.5
1273470 2170.3
1273480 2170.3
1273490 2168.8
1273500 2165.8
1273510 2165.8
1273520 2162.8
1273530 2160.5
1273540 2160.5
1273550 2158.9
1273560 2158.1
1273570 2158.1
1273580 2157.5
1273590 2156.6
1273600 2156.6
1273610 2154.5
1273620 2152.2
1273630 2152.2
1273640 2150.1
1273650 2148.2
1273660 2146.0
1273670 2146.0
1273680 2143.7
1273690 2142.0
1273700 2142.0
1273710 2140.1
1273720 2138.1
1273730 2138.1
1273740 2136.3
1273750 2133.9
1273760 2133.9
1273770 2131.1
1273780 2128.9
1273790 2128.9
1273800 2126.7
1273810 2123.9
1273820 2123.9
1273830 2121.5
1273840 2120.1
1273850 2120.1
1273860 2119.0
1273870 2117.0
1273880 2115.3
1273890 2115.3
1273900 2113.5
1273910 2112.6
1273920 2112.6
1273930 2112.0
1273940 2110.6
1273950 2110.6
1273960 2107.8
1273970 2107.0
1273980 2107.0
1273990 2106.4
1274000 2105.1
1274010 2105.1
1274020 2103.2
1274030 2100.8
1274040 2100.8
1274050 2097.2
1274060 2094.1
1274070 2094.1
1274080 2090.9
1274090 2088.7
1274100 2086.6
1274110 2086.6
1274120 2085.0
1274130 2082.7
1274140 2082.7
1274150 2080.3
1274160 2077.8
1274170 2077.8
1274180 2076.1
1274190 2072.8
1274200 2072.8
1274210 2067.1
1274220 2062.7
1274230 2062.7
1274240 2060.3
1274250 2056.7
1274260 2056.7
1274270 2053.1
1274280 2049.9
1274290 2049.9
1274300 2046.4
1274310 2042.0
1274320 2036.3
1274330 2036.3
1274340 2033.0
1274350 2032.2
1274360 2032.2
1274370 2031.0
1274380 2027.5
1274390 2027.5
1274400 2023.2
1274410 2019.3
1274420 2019.3
1274430 2014.2
1274440 2010.1
1274450 2010.1
1274460 2008.4
1274470 2007.5
1274480 2007.5
1274490 2005.7
1274500 2003.8
1274510 2000.6
1274520 2000.6
1274530 1996.1
1274540 1993.3
1274550 1993.3
1274560 1991.5
1274570 1990.0
1274580 1990.0
1274590 1988.8
1274600 1986.8
1274610 1986.8
1274620 1983.5
1274630 1980.1
1274640 1980.1
1274650 1976.5
1274660 1975.5
1274670 1975.5
1274680 1974.2
1274690 1971.6
1274700 1971.6
1274710 1968.6
1274720 1966.2
1274730 1964.1
1274740 1964.1
1274750 1961.9
1274760 1959.8
1274770 1959.8
1274780 1957.0
1274790 1954.7
1274800 1954.7
1274810 1952.4
1274820 1950.5
1274830 1950.5
1274840 1948.9
1274850 1946.7
1274860 1946.7
1274870 1944.1
1274880 1942.1
1274890 1942.1
1274900 1940.8
1274910 1939.7
1274920 1939.7
1274930 1938.5
1274940 1937.7
1274950 1936.4
1274960 1936.4
1274970 1934.8
1274980 1932.9
1274990 1932.9
1275000 1930.8
1275010 1928.7
1275020 1928.7
1275030 1926.2
1275040 1923.4
1275050 1923.4
1275060 1920.4
1275070 1917.4
1275080 1917.4
1275090 1914.2
1275100 1912.1
1275110 1912.1
1275120 1910.6
1275130 1907.4
1275140 1907.4
1275150 1903.7
1275160 1899.3
1275170 1895.9
1275180 1895.9
1275190 1893.4
1275200 1891.6
1275210 1891.6
1275220 1889.8
1275230 1888.2
1275240 1888.2
1275250 1885.9
1275260 1880.4
1275270 1880.4
1275280 1874.9
1275290 1869.7
1275300 1869.7
1275310 1865.5
1275320 1862.5
1275330 1862.5
1275340 1860.9
1275350 1859.5
1275360 1859.5
1275370 1857.5
1275380 1855.1
1275390 1852.9
1275400 1852.9
1275410 1850.8
1275420 1849.0
1275430 1849.0
1275440 1846.6
1275450 1842.5
1275460 1842.5
1275470 1838.7
1275480 1836.2
1275490 1836.2
1275500 1833.3
1275510 1829.3
1275520 1829.3
1275530 1826.2
1275540 1823.4
1275550 1823.4
1275560 1821.3
1275570 1820.2
1275580 1820.2
1275590 1819.5
1275600 1818.4
1275610 1815.7
1275620 1815.7
1275630 1813.0
1275640 1810.9
1275650 1810.9
1275660 1810.0
1275670 1806.9
1275680 1806.9
1275690 1802.4
1275700 1798.8
1275710 1798.8
1275720 1795.8
1275730 1792.8
1275740 1792.8
1275750 1789.5
1275760 1785.6
1275770 1785.6
1275780 1780.7
1275790 1774.3
1275800 1774.3
1275810 1768.1
1275820 1762.7
1275830 1757.5
1275840 1757.5
1275850 1751.2
1275860 1746.7
1275870 1746.7
1275880 1740.8
1275890 1735.3
1275900 1735.3
1275910 1729.8
1275920 1724.6
1275930 1724.6
1275940 1720.4
1275950 1716.7
1275960 1716.7
1275970 1713.1
1275980 1707.8
1275990 1707.8
1276000 1702.2
1276010 1696.7
1276020 1691.2
1276030 1691.2
1276040 1685.4
1276050 1680.2
1276060 1680.2
1276070 1675.8
1276080 1671.2
1276090 1671.2
1276100 1665.4
1276110 1659.5
1276120 1659.5
1276130 1656.3
1276140 1653.4
1276150 1653.4
1276160 1650.2
1276170 1647.6
1276180 1647.6
1276190 1644.4
1276200 1641.3
1276210 1641.3
1276220 1638.7
1276230 1637.0
1276240 1634.7
1276250 1634.7
1276260 1631.9
1276270 1629.5
1276280 1629.5
1276290 1627.3
1276300 1623.2
1276310 1623.2
1276320 1618.0
1276330 1612.4
1276340 1612.4
1276350 1607.7
1276360 1601.6
1276370 1601.6
1276380 1596.5
1276390 1589.1
1276400 1589.1
1276410 1580.7
1276420 1571.8
1276430 1571.8
1276440 1564.1
1276450 1558.5
1276460 1553.0
1276470 1553.9
1276480 1548.9
1276490 1543.3
1276500 1543.3
1276510 1538.4
1276520 1536.1
1276530 1536.1
1276540 1535.3
1276550 1534.8
1276560 1534.8
1276570 1534.4
1276580 1533.6
1276590 1533.6
1276600 1532.4
1276610 1531.4
1276620 1531.4
1276630 1530.2
1276640 1529.2
1276650 1529.2
1276660 1528.0
1276670 1526.0
1276680 1524.0
1276690 1524.0
1276700 1521.7
1276710 1518.9
1276720 1518.9
1276730 1515.1
1276740 1511.6
1276750 1511.6
1276760 1506.6
1276770 1500.5
1276780 1500.5
1276790 1494.2
1276800 1488.2
1276810 1488.2
1276820 1483.1
1276830 1478.7
1276840 1478.7
1276850 1473.4
1276860 1467.2
1276870 1467.2
1276880 1459.5
1276890 1453.0
1276900 1447.9
1276910 1447.9
1276920 1443.1
1276930 1439.3
1276940 1439.3
1276950 1436.1
1276960 1433.4
1276970 1433.4
1276980 1430.5
1276990 1426.7
1277000 1426.7
1277010 1423.3
1277020 1420.9
1277030 1420.9
1277040 1418.9
1277050 1417.2
1277060 1417.2
1277070 1415.6
1277080 1414.7
1277090 1414.7
1277100 1413.6
1277110 1412.6
1277120 1411.6
1277130 1411.6
1277140 1410.2
1277150 1409.8
1277160 1409.8
1277170 1409.8
1277180 1409.5
1277190 1409.5
1277200 1408.2
1277210 1405.6
1277220 1405.6
1277230 1403.2
1277240 1400.5
1277250 1400.5
1277260 1397.6
1277270 1395.4
1277280 1395.4
1277290 1393.7
1277300 1392.0
1277310 1392.0
1277320 1390.2
1277330 1388.5
1277340 1387.2
1277350 1387.2
1277360 1386.1
1277370 1385.1
1277380 1385.1
1277390 1383.9
1277400 1382.1
1277410 1382.1
1277420 1380.2
1277430 1377.8
1277440 1377.8
1277450 1375.5
1277460 1373.6
1277470 1373.6
1277480 1371.3
1277490 1367.6
1277500 1367.6
1277510 1362.9
1277520 1358.5
1277530 1354.4
1277540 1354.4
1277550 1350.4
1277560 1346.6
1277570 1346.6
1277580 1344.7
1277590 1343.1
1277600 1343.1
1277610 1341.2
1277620 1339.6
1277630 1339.6
1277640 1338.0
1277650 1336.7
1277660 1336.7
1277670 1335.8
1277680 1334.9
1277690 1335.2
1277700 1334.6
1277710 1335.1
1277720 1335.1
1277730 1336.1
1277740 1337.6
1277750 1339.2
1277760 1339.2
1277770 1340.1
1277780 1340.2
1277790 1340.2
1277800 1339.9
1277810 1340.0
1277820 1340.0
1277830 1339.9
1277840 1339.8
1277850 1339.8
1277860 1339.5
1277870 1339.3
1277880 1339.3
1277890 1340.1
1277900 1341.1
1277910 1341.1
1277920 1341.9
1277930 1342.9
1277940 1342.9
1277950 1344.0
1277960 1344.5
1277970 1344.2
1277980 1344.2
1277990 1342.4
1278000 1341.1
1278010 1341.1
1278020 1336.9
1278030 1329.2
1278040 1329.2
1278050 1326.0
1278060 1321.5
1278070 1321.5
1278080 1306.8
1278090 1297.2
1278100 1297.2
1278110 1288.8
1278120 1280.5
1278130 1280.5
1278140 1272.6
1278150 1264.4
1278160 1264.4
1278170 1256.1
1278180 1247.4
1278190 1239.2
1278200 1239.2
1278210 1231.1
1278220 1223.4
1278230 1223.4
1278240 1216.3
1278250 1209.2
1278260 1209.2
1278270 1202.3
1278280 1195.4
1278290 1195.4
1278300 1188.5
1278310 1181.0
1278320 1181.0
1278330 1174.1
1278340 1168.6
1278350 1168.6
1278360 1162.7
1278370 1157.4
1278380 1157.4
1278390 1151.9
1278400 1146.0
1278410 1140.0
1278420 1140.0
1278430 1133.7
1278440 1126.0
1278450 1126.0
1278460 1119.8
1278470 1117.9
1278480 1117.9
1278490 1120.0
1278500 1122.6
1278510 1122.6
1278520 1128.7
1278530 1135.1
1278540 1135.1
1278550 1140.5
1278560 1144.7
1278570 1144.7
1278580 1147.0
1278590 1149.5
1278600 1149.5
1278610 1152.9
1278620 1156.6
1278630 1161.8
1278640 1161.8
1278650 1167.8
1278660 1173.6
1278670 1173.6
1278680 1178.7
1278690 1182.0
1278700 1182.0
1278710 1183.0
1278720 1184.2
1278730 1184.2
1278740 1186.8
1278750 1190.5
1278760 1190.5
1278770 1195.0
1278780 1201.1
1278790 1201.1
1278800 1206.7
1278810 1212.2
1278820 1212.2
1278830 1218.6
1278840 1221.0
1278850 1221.8
1278860 1221.8
1278870 1225.4
1278880 1230.3
1278890 1230.3
1278900 1236.0
1278910 1241.7
1278920 1243.2
1278930 1248.1
1278940 1253.1
1278950 1253.1
1278960 1259.0
1278970 1265.1
1278980 1265.1
1278990 1270.8
1279000 1276.1
1279010 1276.1
1279020 1281.7
1279030 1288.5
1279040 1295.1
1279050 1295.1
1279060 1300.4
1279070 1305.0
1279080 1305.0
1279090 1309.3
1279100 1312.3
1279110 1312.3
1279120 1316.3
1279130 1321.3
1279140 1321.3
1279150 1327.8
1279160 1334.3
1279170 1334.3
1279180 1340.8
1279190 1346.9
1279200 1346.9
1279210 1353.2
1279220 1359.4
1279230 1359.4
1279240 1364.5
1279250 1368.5
1279260 1371.6
1279270 1371.6
1279280 1374.6
1279290 1378.7
1279300 1378.7
1279310 1381.9
1279320 1385.6
1279330 1385.6
1279340 1389.6
1279350 1393.3
1279360 1393.3
1279370 1397.4
1279380 1400.9
1279390 1400.9
1279400 1405.0
1279410 1410.2
1279420 1410.2
1279430 1415.6
1279440 1420.6
1279450 1420.6
1279460 1425.1
1279470 1429.3
1279480 1433.7
1279490 1433.7
1279500 1438.9
1279510 1444.2
1279520 1444.2
1279530 1449.3
1279540 1454.9
1279550 1454.9
1279560 1459.1
1279570 1462.7
1279580 1462.7
1279590 1466.5
1279600 1470.4
1279610 1470.4
1279620 1474.0
1279630 1477.9
1279640 1477.9
1279650 1483.6
1279660 1489.0
1279670 1489.0
1279680 1494.3
1279690 1500.6
1279700 1507.4
1279710 1507.4
1279720 1514.2
1279730 1520.4
1279740 1520.4
1279750 1527.0
1279760 1533.6
1279770 1533.6
1279780 1539.6
1279790 1544.9
1279800 1544.9
1279810 1550.2
1279820 1555.9
1279830 1555.9
1279840 1561.4
1279850 1567.6
1279860 1567.6
1279870 1571.7
1279880 1575.4
1279890 1575.4
1279900 1577.6
1279910 1578.8
1279920 1575.8
1279930 1575.8
1279940 1567.3
1279950 1563.8
1279960 1563.8
1279970 1562.8
1279980 1560.3
1279990 1560.3
1260000 2053
1260010 2057
1260020 2060
1260030 2064
1260040 2068
1260050 2072
1260060 2075
1260070 2079
1260080 2083
1260090 2086
1260100 2090
1260110 2093
1260120 2096
1260130 2099
1260140 2102
1260150 2104
1260160 2106
1260170 2109
1260180 2112
1260190 2115
1260200 2119
1260210 2122
1260220 2125
1260230 2127
1260240 2129
1260250 2131
1260260 2133
1260270 2135
1260280 2138
1260290 2140
1260300 2143
1260310 2145
1260320 2147
1260330 2150
1260340 2152
1260350 2154
1260360 2156
1260370 2158
1260380 2159
1260390 2161
1260400 2163
1260410 2165
1260420 2167
1260430 2170
1260440 2173
1260450 2176
1260460 2179
1260470 2182
1260480 2185
1260490 2192
1260500 2204
1260510 2210
1260520 2218
1260530 2232
1260540 2232
1260550 2233
1260560 2238
1260570 2253
1260580 2264
1260590 2269
1260600 2275
1260610 2281
1260620 2286
1260630 2290
1260640 2295
1260650 2299
1260660 2304
1260670 2310
1260680 2315
1260690 2320
1260700 2324
1260710 2329
1260720 2333
1260730 2337
1260740 2341
1260750 2344
1260760 2348
1260770 2352
1260780 2356
1260790 2360
1260800 2364
1260810 2369
1260820 2373
1260830 2377
1260840 2382
1260850 2391
1260860 2414
1260870 2449
1260880 2499
1260890 2523
1260900 2538
1260910 2557
1260920 2573
1260930 2592
1260940 2618
1260950 2615
1260960 2601
1260970 2577
1260980 2581
1260990 2582
1261000 2579
1261010 2580
1261020 2589
1261030 2602
1261040 2590
1261050 2564
1261060 2531
1261070 2502
1261080 2474
1261090 2449
1261100 2433
1261110 2426
1261120 2421
1261130 2412
1261140 2411
1261150 2411
1261160 2410
1261170 2409
1261180 2407
1261190 2406
1261200 2403
1261210 2400
1261220 2398
1261230 2394
1261240 2391
1261250 2387
1261260 2383
1261270 2379
1261280 2375
1261290 2370
1261300 2366
1261310 2361
1261320 2357
1261330 2352
1261340 2348
1261350 2343
1261360 2339
1261370 2334
1261380 2329
1261390 2325
1261400 2320
1261410 2315
1261420 2310
1261430 2306
1261440 2301
1261450 2296
1261460 2291
1261470 2286
1261480 2282
1261490 2277
1261500 2272
1261510 2268
1261520 2263
1261530 2258
1261540 2253
1261550 2248
1261560 2244
1261570 2239
1261580 2235
1261590 2230
1261600 2225
1261610 2220
1261620 2216
1261630 2211
1261640 2207
1261650 2203
1261660 2199
1261670 2194
1261680 2190
1261690 2186
1261700 2182
1261710 2178
1261720 2174
1261730 2170
1261740 2166
1261750 2162
1261760 2158
1261770 2155
1261780 2151
1261790 2148
1261800 2144
1261810 2141
1261820 2137
1261830 2133
1261840 2129
1261850 2125
1261860 2120
1261870 2115
1261880 2111
1261890 2106
1261900 2102
1261910 2098
1261920 2096
1261930 2093
1261940 2091
1261950 2089
1261960 2087
1261970 2085
1261980 2084
1261990 2083
1262000 2082
1262010 2081
1262020 2080
1262030 2080
1262040 2079
1262050 2078
1262060 2078
1262070 2077
1262080 2076
1262090 2074
1262100 2072
1262110 2069
1262120 2065
1262130 2061
1262140 2058
1262150 2054
1262160 2048
1262170 2035
1262180 2016
1262190 2000
1262200 1990
1262210 1980
1262220 1970
1262230 1961
1262240 1949
1262250 1939
1262260 1932
1262270 1926
1262280 1920
1262290 1915
1262300 1901
1262310 1892
1262320 1886
1262330 1881
1262340 1876
1262350 1870
1262360 1864
1262370 1861
1262380 1859
1262390 1859
1262400 1859
1262410 1857
1262420 1852
1262430 1847
1262440 1843
1262450 1838
1262460 1838
1262470 1838
1262480 1839
1262490 1842
1262500 1843
1262510 1844
1262520 1857
1262530 1869
1262540 1879
1262550 1887
1262560 1897
1262570 1907
1262580 1919
1262590 1923
1262600 1923
1262610 1917
1262620 1912
1262630 1905
1262640 1897
1262650 1888
1262660 1879
1262670 1872
1262680 1866
1262690 1860
1262700 1853
1262710 1844
1262720 1832
1262730 1819
1262740 1807
1262750 1798
1262760 1793
1262770 1801
1262780 1800
1262790 1793
1262800 1778
1262810 1762
1262820 1748
1262830 1742
1262840 1737
1262850 1733
1262860 1728
1262870 1723
1262880 1717
1262890 1710
1262900 1706
1262910 1702
1262920 1698
1262930 1692
1262940 1686
1262950 1680
1262960 1676
1262970 1671
1262980 1665
1262990 1657
1263000 1645
1263010 1634
1263020 1626
1263030 1627
1263040 1630
1263050 1634
1263060 1643
1263070 1648
1263080 1645
1263090 1653
1263100 1657
1263110 1657
1263120 1658
1263130 1658
1263140 1655
1263150 1649
1263160 1644
1263170 1639
1263180 1636
1263190 1636
1263200 1639
1263210 1650
1263220 1667
1263230 1682
1263240 1684
1263250 1675
1263260 1665
1263270 1656
1263280 1650
1263290 1648
1263300 1648
1263310 1654
1263320 1666
1263330 1683
1263340 1692
1263350 1700
1263360 1707
1263370 1718
1263380 1726
1263390 1734
1263400 1744
1263410 1748
1263420 1748
1263430 1742
1263440 1736
1263450 1735
1263460 1744
1263470 1752
1263480 1755
1263490 1751
1263500 1741
1263510 1733
1263520 1727
1263530 1723
1263540 1720
1263550 1717
1263560 1714
1263570 1711
1263580 1707
1263590 1705
1263600 1704
1263610 1702
1263620 1699
1263630 1697
1263640 1694
1263650 1691
1263660 1686
1263670 1680
1263680 1672
1263690 1661
1263700 1653
1263710 1652
1263720 1662
1263730 1665
1263740 1659
1263750 1652
1263760 1641
1263770 1629
1263780 1625
1263790 1621
1263800 1617
1263810 1612
1263820 1607
1263830 1600
1263840 1594
1263850 1587
1263860 1581
1263870 1580
1263880 1577
1263890 1575
1263900 1573
1263910 1569
1263920 1567
1263930 1564
1263940 1561
1263950 1558
1263960 1555
1263970 1550
1263980 1546
1263990 1541
1264000 1540
1264010 1540
1264020 1539
1264030 1538
1264040 1536
1264050 1533
1264060 1530
1264070 1528
1264080 1526
1264090 1524
1264100 1521
1264110 1517
1264120 1511
1264130 1497
1264140 1483
1264150 1471
1264160 1461
1264170 1454
1264180 1451
1264190 1463
1264200 1472
1264210 1478
1264220 1481
1264230 1481
1264240 1480
1264250 1478
1264260 1474
1264270 1471
1264280 1468
1264290 1464
1264300 1461
1264310 1461
1264320 1459
1264330 1455
1264340 1450
1264350 1437
1264360 1428
1264370 1424
1264380 1424
1264390 1423
1264400 1422
1264410 1425
1264420 1426
1264430 1426
1264440 1423
1264450 1420
1264460 1416
1264470 1412
1264480 1410
1264490 1408
1264500 1406
1264510 1402
1264520 1397
1264530 1390
1264540 1386
1264550 1383
1264560 1382
1264570 1380
1264580 1377
1264590 1374
1264600 1373
1264610 1373
1264620 1374
1264630 1376
1264640 1378
1264650 1378
1264660 1378
1264670 1377
1264680 1376
1264690 1377
1264700 1376
1264710 1376
1264720 1375
1264730 1374
1264740 1373
1264750 1371
1264760 1370
1264770 1368
1264780 1367
1264790 1366
1264800 1365
1264810 1364
1264820 1362
1264830 1361
1264840 1359
1264850 1358
1264860 1355
1264870 1353
1264880 1352
1264890 1351
1264900 1351
1264910 1349
1264920 1348
1264930 1346
1264940 1345
1264950 1343
1264960 1341
1264970 1339
1264980 1337
1264990 1336
1265000 1334
1265010 1334
1265020 1332
1265030 1330
1265040 1328
1265050 1325
1265060 1323
1265070 1322
1265080 1320
1265090 1318
1265100 1317
1265110 1316
1265120 1315
1265130 1315
1265140 1316
1265150 1316
1265160 1315
1265170 1315
1265180 1316
1265190 1317
1265200 1317
1265210 1317
1265220 1318
1265230 1319
1265240 1321
1265250 1321
1265260 1315
1265270 1311
1265280 1310
1265290 1308
1265300 1306
1265310 1304
1265320 1302
1265330 1301
1265340 1300
1265350 1299
1265360 1298
1265370 1297
1265380 1297
1265390 1295
1265400 1293
1265410 1291
1265420 1291
1265430 1290
1265440 1289
1265450 1288
1265460 1287
1265470 1286
1265480 1284
1265490 1283
1265500 1282
1265510 1282
1265520 1280
1265530 1279
1265540 1279
1265550 1278
1265560 1277
1265570 1276
1265580 1276
1265590 1274
1265600 1272
1265610 1268
1265620 1265
1265630 1263
1265640 1263
1265650 1264
1265660 1265
1265670 1266
1265680 1265
1265690 1264
1265700 1264
1265710 1263
1265720 1262
1265730 1260
1265740 1259
1265750 1258
1265760 1257
1265770 1256
1265780 1255
1265790 1254
1265800 1253
1265810 1252
1265820 1251
1265830 1250
1265840 1249
1265850 1248
1265860 1247
1265870 1246
1265880 1245
1265890 1244
1265900 1243
1265910 1242
1265920 1241
1265930 1240
1265940 1239
1265950 1238
1265960 1237
1265970 1236
1265980 1235
1265990 1234
1266000 1233
1266010 1232
1266020 1231
1266030 1230
1266040 1229
1266050 1228
1266060 1228
1266070 1227
1266080 1226
1266090 1225
1266100 1224
1266110 1223
1266120 1223
1266130 1222
1266140 1221
1266150 1221
1266160 1220
1266170 1219
1266180 1219
1266190 1219
1266200 1218
1266210 1217
1266220 1216
1266230 1216
1266240 1216
1266250 1216
1266260 1216
1266270 1216
1266280 1216
1266290 1216
1266300 1216
1266310 1216
1266320 1216
1266330 1216
1266340 1216
1266350 1216
1266360 1216
1266370 1216
1266380 1215
1266390 1215
1266400 1215
1266410 1215
1266420 1215
1266430 1215
1266440 1215
1266450 1215
1266460 1215
1266470 1215
1266480 1215
1266490 1215
1266500 1214
1266510 1214
1266520 1214
1266530 1214
1266540 1214
1266550 1214
1266560 1214
1266570 1214
1266580 1214
1266590 1214
1266600 1214
1266610 1214
1266620 1214
1266630 1214
1266640 1214
1266650 1214
1266660 1214
1266670 1214
1266680 1214
1266690 1214
1266700 1214
1266710 1214
1266720 1214
1266730 1215
1266740 1214
1266750 1214
1266760 1214
1266770 1213
1266780 1212
1266790 1212
1266800 1212
1266810 1214
1266820 1215
1266830 1216
1266840 1218
1266850 1219
1266860 1221
1266870 1222
1266880 1223
1266890 1224
1266900 1225
1266910 1226
1266920 1226
1266930 1227
1266940 1227
1266950 1228
1266960 1229
1266970 1230
1266980 1232
1266990 1233
1267000 1234
1267010 1236
1267020 1237
1267030 1238
1267040 1239
1267050 1240
1267060 1241
1267070 1243
1267080 1244
1267090 1244
1267100 1245
1267110 1245
1267120 1247
1267130 1249
1267140 1250
1267150 1253
1267160 1255
1267170 1257
1267180 1258
1267190 1259
1267200 1261
1267210 1262
1267220 1262
1267230 1263
1267240 1264
1267250 1265
1267260 1266
1267270 1266
1267280 1267
1267290 1268
1267300 1269
1267310 1269
1267320 1270
1267330 1271
1267340 1271
1267350 1273
1267360 1276
1267370 1279
1267380 1281
1267390 1283
1267400 1286
1267410 1288
1267420 1291
1267430 1293
1267440 1295
1267450 1296
1267460 1296
1267470 1297
1267480 1298
1267490 1299
1267500 1300
1267510 1302
1267520 1304
1267530 1304
1267540 1305
1267550 1305
1267560 1307
1267570 1310
1267580 1313
1267590 1317
1267600 1320
1267610 1323
1267620 1326
1267630 1329
1267640 1332
1267650 1334
1267660 1337
1267670 1341
1267680 1345
1267690 1348
1267700 1351
1267710 1354
1267720 1357
1267730 1360
1267740 1364
1267750 1366
1267760 1366
1267770 1365
1267780 1366
1267790 1368
1267800 1372
1267810 1374
1267820 1378
1267830 1380
1267840 1382
1267850 1384
1267860 1387
1267870 1392
1267880 1397
1267890 1402
1267900 1407
1267910 1409
1267920 1411
1267930 1414
1267940 1417
1267950 1420
1267960 1424
1267970 1429
1267980 1434
1267990 1438
1268000 1442
1268010 1446
1268020 1450
1268030 1454
1268040 1459
1268050 1464
1268060 1468
1268070 1471
1268080 1474
1268090 1477
1268100 1480
1268110 1483
1268120 1487
1268130 1491
1268140 1495
1268150 1499
1268160 1503
1268170 1505
1268180 1508
1268190 1511
1268200 1513
1268210 1516
1268220 1520
1268230 1525
1268240 1530
1268250 1535
1268260 1540
1268270 1544
1268280 1547
1268290 1548
1268300 1549
1268310 1551
1268320 1557
1268330 1568
1268340 1585
1268350 1596
1268360 1604
1268370 1610
1268380 1618
1268390 1626
1268400 1633
1268410 1647
1268420 1651
1268430 1650
1268440 1645
1268450 1664
1268460 1684
1268470 1681
1268480 1675
1268490 1670
1268500 1665
1268510 1661
1268520 1657
1268530 1653
1268540 1650
1268550 1648
1268560 1646
1268570 1645
1268580 1645
1268590 1646
1268600 1643
1268610 1640
1268620 1636
1268630 1631
1268640 1625
1268650 1619
1268660 1614
1268670 1610
1268680 1608
1268690 1611
1268700 1614
1268710 1617
1268720 1621
1268730 1624
1268740 1627
1268750 1631
1268760 1634
1268770 1637
1268780 1642
1268790 1646
1268800 1650
1268810 1655
1268820 1659
1268830 1663
1268840 1667
1268850 1670
1268860 1672
1268870 1673
1268880 1673
1268890 1671
1268900 1670
1268910 1668
1268920 1666
1268930 1664
1268940 1662
1268950 1659
1268960 1655
1268970 1651
1268980 1646
1268990 1642
1269000 1637
1269010 1632
1269020 1627
1269030 1621
1269040 1614
1269050 1609
1269060 1604
1269070 1600
1269080 1597
1269090 1594
1269100 1593
1269110 1591
1269120 1590
1269130 1591
1269140 1589
1269150 1586
1269160 1583
1269170 1580
1269180 1576
1269190 1571
1269200 1569
1269210 1569
1269220 1572
1269230 1574
1269240 1575
1269250 1576
1269260 1577
1269270 1579
1269280 1582
1269290 1586
1269300 1589
1269310 1591
1269320 1593
1269330 1594
1269340 1595
1269350 1597
1269360 1600
1269370 1603
1269380 1606
1269390 1609
1269400 1612
1269410 1614
1269420 1617
1269430 1621
1269440 1624
1269450 1630
1269460 1636
1269470 1641
1269480 1646
1269490 1651
1269500 1656
1269510 1660
1269520 1663
1269530 1666
1269540 1668
1269550 1671
1269560 1674
1269570 1676
1269580 1678
1269590 1681
1269600 1685
1269610 1690
1269620 1695
1269630 1699
1269640 1704
1269650 1709
1269660 1714
1269670 1718
1269680 1722
1269690 1725
1269700 1728
1269710 1731
1269720 1735
1269730 1739
1269740 1743
1269750 1747
1269760 1750
1269770 1754
1269780 1758
1269790 1763
1269800 1767
1269810 1771
1269820 1776
1269830 1780
1269840 1786
1269850 1792
1269860 1801
1269870 1808
1269880 1814
1269890 1820
1269900 1824
1269910 1828
1269920 1832
1269930 1836
1269940 1840
1269950 1844
1269960 1850
1269970 1856
1269980 1861
1269990 1863
1270000 1867
1270010 1871
1270020 1874
1270030 1878
1270040 1881
1270050 1884
1270060 1887
1270070 1889
1270080 1893
1270090 1896
1270100 1900
1270110 1902
1270120 1904
1270130 1905
1270140 1905
1270150 1905
1270160 1904
1270170 1901
1270180 1899
1270190 1897
1270200 1895
1270210 1892
1270220 1890
1270230 1889
1270240 1885
1270250 1882
1270260 1879
1270270 1877
1270280 1874
1270290 1871
1270300 1868
1270310 1865
1270320 1861
1270330 1859
1270340 1856
1270350 1854
1270360 1851
1270370 1847
1270380 1843
1270390 1841
1270400 1839
1270410 1838
1270420 1837
1270430 1838
1270440 1840
1270450 1843
1270460 1844
1270470 1846
1270480 1848
1270490 1849
1270500 1851
1270510 1853
1270520 1854
1270530 1856
1270540 1857
1270550 1859
1270560 1862
1270570 1865
1270580 1869
1270590 1873
1270600 1878
1270610 1884
1270620 1890
1270630 1895
1270640 1901
1270650 1906
1270660 1910
1270670 1912
1270680 1915
1270690 1918
1270700 1921
1270710 1923
1270720 1926
1270730 1929
1270740 1931
1270750 1934
1270760 1937
1270770 1942
1270780 1945
1270790 1949
1270800 1951
1270810 1954
1270820 1957
1270830 1960
1270840 1963
1270850 1966
1270860 1970
1270870 1975
1270880 1980
1270890 1984
1270900 1987
1270910 1989
1270920 1991
1270930 1993
1270940 1996
1270950 1998
1270960 2000
1270970 2002
1270980 2005
1270990 2007
1271000 2009
1271010 2011
1271020 2013
1271030 2015
1271040 2017
1271050 2019
1271060 2021
1271070 2023
1271080 2026
1271090 2027
1271100 2029
1271110 2031
1271120 2032
1271130 2033
1271140 2034
1271150 2036
1271160 2038
1271170 2041
1271180 2043
1271190 2044
1271200 2046
1271210 2047
1271220 2047
1271230 2048
1271240 2050
1271250 2051
1271260 2053
1271270 2054
1271280 2056
1271290 2058
1271300 2059
1271310 2061
1271320 2062
1271330 2064
1271340 2066
1271350 2068
1271360 2070
1271370 2072
1271380 2073
1271390 2075
1271400 2077
1271410 2078
1271420 2080
1271430 2081
1271440 2082
1271450 2083
1271460 2085
1271470 2086
1271480 2087
1271490 2089
1271500 2090
1271510 2091
1271520 2092
1271530 2093
1271540 2095
1271550 2097
1271560 2099
1271570 2100
1271580 2101
1271590 2101
1271600 2102
1271610 2103
1271620 2104
1271630 2106
1271640 2108
1271650 2110
1271660 2112
1271670 2113
1271680 2113
1271690 2116
1271700 2118
1271710 2122
1271720 2125
1271730 2128
1271740 2131
1271750 2134
1271760 2137
1271770 2140
1271780 2142
1271790 2144
1271800 2147
1271810 2150
1271820 2153
1271830 2156
1271840 2157
1271850 2160
1271860 2162
1271870 2164
1271880 2167
1271890 2171
1271900 2175
1271910 2179
1271920 2181
1271930 2181
1271940 2180
1271950 2179
1271960 2177
1271970 2176
1271980 2174
1271990 2173
1272000 2172
1272010 2170
1272020 2169
1272030 2166
1272040 2163
1272050 2158
1272060 2153
1272070 2148
1272080 2143
1272090 2139
1272100 2136
1272110 2133
1272120 2129
1272130 2127
1272140 2124
1272150 2122
1272160 2119
1272170 2117
1272180 2115
1272190 2113
1272200 2111
1272210 2110
1272220 2110
1272230 2110
1272240 2110
1272250 2109
1272260 2109
1272270 2109
1272280 2110
1272290 2111
1272300 2110
1272310 2108
1272320 2104
1272330 2101
1272340 2098
1272350 2095
1272360 2092
1272370 2089
1272380 2086
1272390 2082
1272400 2078
1272410 2074
1272420 2071
1272430 2069
1272440 2067
1272450 2065
1272460 2063
1272470 2061
1272480 2059
1272490 2058
1272500 2057
1272510 2055
1272520 2054
1272530 2053
1272540 2052
1272550 2050
1272560 2049
1272570 2049
1272580 2048
1272590 2047
1272600 2047
1272610 2046
1272620 2046
1272630 2045
1272640 2044
1272650 2044
1272660 2044
1272670 2044
1272680 2044
1272690 2044
1272700 2044
1272710 2044
1272720 2045
1272730 2046
1272740 2047
1272750 2048
1272760 2050
1272770 2052
1272780 2053
1272790 2056
1272800 2058
1272810 2061
1272820 2062
1272830 2064
1272840 2065
1272850 2066
1272860 2067
1272870 2067
1272880 2067
1272890 2068
1272900 2069
1272910 2070
1272920 2071
1272930 2073
1272940 2074
1272950 2076
1272960 2076
1272970 2077
1272980 2078
1272990 2078
1273000 2079
1273010 2082
1273020 2084
1273030 2086
1273040 2088
1273050 2090
1273060 2092
1273070 2094
1273080 2096
1273090 2098
1273100 2101
1273110 2103
1273120 2106
1273130 2109
1273140 2113
1273150 2118
1273160 2123
1273170 2129
1273180 2134
1273190 2140
1273200 2146
1273210 2152
1273220 2158
1273230 2164
1273240 2169
1273250 2174
1273260 2176
1273270 2179
1273280 2181
1273290 2183
1273300 2184
1273310 2185
1273320 2184
1273330 2184
1273340 2183
1273350 2182
1273360 2179
1273370 2177
1273380 2177
1273390 2176
1273400 2176
1273410 2175
1273420 2175
1273430 2174
1273440 2174
1273450 2173
1273460 2172
1273470 2171
1273480 2171
1273490 2169
1273500 2168
1273510 2166
1273520 2164
1273530 2162
1273540 2161
1273550 2160
1273560 2159
1273570 2159
1273580 2158
1273590 2158
1273600 2157
1273610 2155
1273620 2153
1273630 2151
1273640 2150
1273650 2149
1273660 2147
1273670 2145
1273680 2144
1273690 2143
1273700 2141
1273710 2140
1273720 2139
1273730 2137
1273740 2136
1273750 2134
1273760 2133
1273770 2131
1273780 2130
1273790 2128
1273800 2126
1273810 2124
1273820 2122
1273830 2121
1273840 2120
1273850 2119
1273860 2118
1273870 2117
1273880 2115
1273890 2114
1273900 2113
1273910 2112
1273920 2112
1273930 2111
1273940 2110
1273950 2109
1273960 2107
1273970 2106
1273980 2106
1273990 2106
1274000 2105
1274010 2103
1274020 2102
1274030 2101
1274040 2099
1274050 2097
1274060 2095
1274070 2093
1274080 2091
1274090 2089
1274100 2087
1274110 2086
1274120 2085
1274130 2084
1274140 2082
1274150 2080
1274160 2079
1274170 2077
1274180 2076
1274190 2074
1274200 2071
1274210 2066
1274220 2063
1274230 2062
1274240 2060
1274250 2057
1274260 2055
1274270 2052
1274280 2050
1274290 2048
1274300 2046
1274310 2042
1274320 2039
1274330 2035
1274340 2034
1274350 2033
1274360 2032
1274370 2031
1274380 2028
1274390 2025
1274400 2023
1274410 2020
1274420 2017
1274430 2013
1274440 2011
1274450 2009
1274460 2008
1274470 2007
1274480 2006
1274490 2005
1274500 2004
1274510 2002
1274520 1999
1274530 1996
1274540 1993
1274550 1992
1274560 1991
1274570 1990
1274580 1989
1274590 1988
1274600 1987
1274610 1985
1274620 1983
1274630 1980
1274640 1978
1274650 1976
1274660 1975
1274670 1974
1274680 1973
1274690 1971
1274700 1970
1274710 1968
1274720 1966
1274730 1964
1274740 1964
1274750 1962
1274760 1960
1274770 1959
1274780 1957
1274790 1955
1274800 1953
1274810 1952
1274820 1950
1274830 1950
1274840 1948
1274850 1947
1274860 1946
1274870 1944
1274880 1942
1274890 1941
1274900 1941
1274910 1940
1274920 1939
1274930 1938
1274940 1937
1274950 1937
1274960 1935
1274970 1934
1274980 1933
1274990 1932
1275000 1930
1275010 1929
1275020 1927
1275030 1926
1275040 1924
1275050 1921
1275060 1919
1275070 1917
1275080 1915
1275090 1913
1275100 1912
1275110 1911
1275120 1909
1275130 1907
1275140 1905
1275150 1902
1275160 1899
1275170 1897
1275180 1894
1275190 1893
1275200 1891
1275210 1890
1275220 1889
1275230 1888
1275240 1887
1275250 1885
1275260 1882
1275270 1879
1275280 1875
1275290 1871
1275300 1868
1275310 1866
1275320 1863
1275330 1861
1275340 1861
1275350 1860
1275360 1859
1275370 1857
1275380 1856
1275390 1854
1275400 1853
1275410 1851
1275420 1850
1275430 1849
1275440 1847
1275450 1845
1275460 1841
1275470 1839
1275480 1837
1275490 1835
1275500 1833
1275510 1830
1275520 1828
1275530 1826
1275540 1824
1275550 1822
1275560 1821
1275570 1820
1275580 1819
1275590 1819
1275600 1818
1275610 1816
1275620 1815
1275630 1813
1275640 1811
1275650 1810
1275660 1809
1275670 1808
1275680 1804
1275690 1802
1275700 1799
1275710 1797
1275720 1795
1275730 1793
1275740 1791
1275750 1789
1275760 1786
1275770 1783
1275780 1779
1275790 1775
1275800 1770
1275810 1766
1275820 1763
1275830 1759
1275840 1755
1275850 1751
1275860 1747
1275870 1743
1275880 1739
1275890 1735
1275900 1732
1275910 1728
1275920 1725
1275930 1722
1275940 1720
1275950 1717
1275960 1715
1275970 1712
1275980 1708
1275990 1704
1276000 1700
1276010 1697
1276020 1693
1276030 1689
1276040 1685
1276050 1681
1276060 1678
1276070 1675
1276080 1672
1276090 1668
1276100 1664
1276110 1661
1276120 1657
1276130 1656
1276140 1654
1276150 1652
1276160 1650
1276170 1648
1276180 1646
1276190 1643
1276200 1641
1276210 1639
1276220 1638
1276230 1636
1276240 1635
1276250 1633
1276260 1631
1276270 1630
1276280 1628
1276290 1627
1276300 1624
1276310 1621
1276320 1617
1276330 1613
1276340 1610
1276350 1606
1276360 1603
1276370 1599
1276380 1595
1276390 1590
1276400 1584
1276410 1578
1276420 1572
1276430 1566
1276440 1563
1276450 1559
1276460 1555
1276470 1551
1276480 1548
1276490 1544
1276500 1540
1276510 1537
1276520 1536
1276530 1535
1276540 1534
1276550 1534
1276560 1534
1276570 1533
1276580 1533
1276590 1532
1276600 1532
1276610 1531
1276620 1530
1276630 1530
1276640 1529
1276650 1528
1276660 1527
1276670 1526
1276680 1525
1276690 1523
1276700 1522
1276710 1520
1276720 1518
1276730 1515
1276740 1513
1276750 1510
1276760 1506
1276770 1501
1276780 1497
1276790 1493
1276800 1489
1276810 1485
1276820 1482
1276830 1479
1276840 1476
1276850 1472
1276860 1468
1276870 1463
1276880 1457
1276890 1453
1276900 1449
1276910 1446
1276920 1443
1276930 1440
1276940 1438
1276950 1435
1276960 1434
1276970 1432
1276980 1430
1276990 1427
1277000 1424
1277010 1422
1277020 1421
1277030 1419
1277040 1418
1277050 1417
1277060 1416
1277070 1415
1277080 1414
1277090 1413
1277100 1412
1277110 1412
1277120 1411
1277130 1410
1277140 1409
1277150 1408
1277160 1409
1277170 1409
1277180 1409
1277190 1408
1277200 1407
1277210 1405
1277220 1404
1277230 1402
1277240 1400
1277250 1398
1277260 1396
1277270 1395
1277280 1394
1277290 1393
1277300 1391
1277310 1390
1277320 1389
1277330 1388
1277340 1387
1277350 1386
1277360 1385
1277370 1385
1277380 1384
1277390 1383
1277400 1382
1277410 1381
1277420 1379
1277430 1378
1277440 1376
1277450 1375
1277460 1373
1277470 1372
1277480 1370
1277490 1368
1277500 1365
1277510 1361
1277520 1358
1277530 1356
1277540 1353
1277550 1350
1277560 1348
1277570 1345
1277580 1344
1277590 1343
1277600 1342
1277610 1341
1277620 1340
1277630 1339
1277640 1337
1277650 1337
1277660 1336
1277670 1335
1277680 1335
1277690 1334
1277700 1334
1277710 1334
1277720 1334
1277730 1335
1277740 1336
1277750 1337
1277760 1338
1277770 1338
1277780 1339
1277790 1339
1277800 1339
1277810 1339
1277820 1339
1277830 1339
1277840 1339
1277850 1339
1277860 1339
1277870 1338
1277880 1339
1277890 1340
1277900 1340
1277910 1341
1277920 1341
1277930 1342
1277940 1343
1277950 1343
1277960 1344
1277970 1344
1277980 1343
1277990 1342
1278000 1341
1278010 1340
1278020 1335
1278030 1330
1278040 1326
1278050 1324
1278060 1321
1278070 1318
1278080 1306
1278090 1298
1278100 1292
1278110 1287
1278120 1281
1278130 1275
1278140 1270
1278150 1264
1278160 1259
1278170 1253
1278180 1247
1278190 1241
1278200 1236
1278210 1231
1278220 1225
1278230 1220
1278240 1215
1278250 1211
1278260 1206
1278270 1201
1278280 1196
1278290 1191
1278300 1187
1278310 1182
1278320 1178
1278330 1173
1278340 1169
1278350 1165
1278360 1161
1278370 1157
1278380 1153
1278390 1149
1278400 1145
1278410 1141
1278420 1137
1278430 1132
1278440 1127
1278450 1121
1278460 1118
1278470 1117
1278480 1118
1278490 1119
1278500 1122
1278510 1126
1278520 1130
1278530 1134
1278540 1137
1278550 1141
1278560 1143
1278570 1146
1278580 1147
1278590 1149
1278600 1151
1278610 1153
1278620 1156
1278630 1159
1278640 1163
1278650 1167
1278660 1171
1278670 1174
1278680 1177
1278690 1179
1278700 1182
1278710 1182
1278720 1183
1278730 1185
1278740 1187
1278750 1189
1278760 1192
1278770 1195
1278780 1200
1278790 1204
1278800 1208
1278810 1211
1278820 1216
1278830 1220
1278840 1221
1278850 1221
1278860 1221
1278870 1225
1278880 1228
1278890 1231
1278900 1235
1278910 1240
1278920 1244
1278930 1248
1278940 1252
1278950 1256
1278960 1261
1278970 1265
1278980 1270
1278990 1274
1279000 1277
1279010 1281
1279020 1285
1279030 1290
1279040 1295
1279050 1299
1279060 1301
1279070 1304
1279080 1307
1279090 1309
1279100 1311
1279110 1313
1279120 1316
1279130 1319
1279140 1323
1279150 1328
1279160 1332
1279170 1337
1279180 1341
1279190 1345
1279200 1350
1279210 1354
1279220 1358
1279230 1362
1279240 1366
1279250 1368
1279260 1370
1279270 1372
1279280 1374
1279290 1376
1279300 1379
1279310 1381
1279320 1384
1279330 1387
1279340 1389
1279350 1392
1279360 1395
1279370 1397
1279380 1400
1279390 1402
1279400 1405
1279410 1409
1279420 1413
1279430 1416
1279440 1420
1279450 1423
1279460 1426
1279470 1428
1279480 1431
1279490 1435
1279500 1439
1279510 1442
1279520 1446
1279530 1449
1279540 1452
1279550 1455
1279560 1458
1279570 1460
1279580 1463
1279590 1466
1279600 1468
1279610 1471
1279620 1473
1279630 1476
1279640 1479
1279650 1483
1279660 1487
1279670 1491
1279680 1495
1279690 1499
1279700 1504
1279710 1509
1279720 1514
1279730 1518
1279740 1523
1279750 1527
1279760 1532
1279770 1536
1279780 1540
1279790 1544
1279800 1547
1279810 1550
1279820 1554
1279830 1558
1279840 1562
1279850 1567
1279860 1570
1279870 1572
1279880 1575
1279890 1576
1279900 1578
1279910 1578
1279920 1576
1279930 1572
1279940 1566
1279950 1563
1279960 1562
1279970 1563
1279980 1561
1279990 1557
