1260000 2070.2
1260010 2070.2
1260020 2073.5
1260030 2082.8
1260040 2082.8
1260050 2094.6
1260060 2106.7
1260070 2106.7
1260080 2109.1
1260090 2115.1
1260100 2115.1
1260110 2120.4
1260120 2122.5
1260130 2124.5
1260140 2124.5
1260150 2126.2
1260160 2129.5
1260170 2129.5
1260180 2136.1
1260190 2140.6
1260200 2140.6
1260210 2144.3
1260220 2148.9
1260230 2148.9
1260240 2153.3
1260250 2157.6
1260260 2157.6
1260270 2161.9
1260280 2166.2
1260290 2166.2
1260300 2169.8
1260310 2172.5
1260320 2172.5
1260330 2174.6
1260340 2176.7
1260350 2179.3
1260360 2179.3
1260370 2182.1
1260380 2189.8
1260390 2189.8
1260400 2192.8
1260410 2195.6
1260420 2195.6
1260430 2198.1
1260440 2201.4
1260450 2201.4
1260460 2205.5
1260470 2211.9
1260480 2211.9
1260490 2222.1
1260500 2246.5
1260510 2246.5
1260520 2263.8
1260530 2268.1
1260540 2268.1
1260550 2275.7
1260560 2285.6
1260570 2292.6
1260580 2292.6
1260590 2298.5
1260600 2304.2
1260610 2304.2
1260620 2313.2
1260630 2319.3
1260640 2319.3
1260650 2323.2
1260660 2327.4
1260670 2327.4
1260680 2331.3
1260690 2337.2
1260700 2337.2
1260710 2344.0
1260720 2351.3
1260730 2351.3
1260740 2358.4
1260750 2365.8
1260760 2365.8
1260770 2372.6
1260780 2377.8
1260790 2382.6
1260800 2382.6
1260810 2388.0
1260820 2393.9
1260830 2393.9
1260840 2400.3
1260850 2422.6
1260860 2422.6
1260870 2493.4
1260880 2522.3
1260890 2522.3
1260900 2535.0
1260910 2552.8
1260920 2552.8
1260930 2576.7
1260940 2594.2
1260950 2587.1
1260960 2571.7
1260970 2557.6
1260980 2557.6
1260990 2544.6
1261000 2525.5
1261010 2509.2
1261020 2509.2
1261030 2489.5
1261040 2473.6
1261050 2473.6
1261060 2486.7
1261070 2459.9
1261080 2459.9
1261090 2430.9
1261100 2392.4
1261110 2392.4
1261120 2384.1
1261130 2373.6
1261140 2373.6
1261150 2367.8
1261160 2363.0
1261170 2363.0
1261180 2362.7
1261190 2364.4
1261200 2364.4
1261210 2366.6
1261220 2365.9
1261230 2362.1
1261240 2362.1
1261250 2358.0
1261260 2353.8
1261270 2353.8
1261280 2349.9
1261290 2345.8
1261300 2345.8
1261310 2341.2
1261320 2336.0
1261330 2336.0
1261340 2330.2
1261350 2324.9
1261360 2324.9
1261370 2319.7
1261380 2313.8
1261390 2313.8
1261400 2307.7
1261410 2301.7
1261420 2295.6
1261430 2295.6
1261440 2289.6
1261450 2283.8
1261460 2283.8
1261470 2277.7
1261480 2271.5
1261490 2271.5
1261500 2265.1
1261510 2258.4
1261520 2256.0
1261530 2249.4
1261540 2242.9
1261550 2242.9
1261560 2236.5
1261570 2230.3
1261580 2230.3
1261590 2223.8
1261600 2217.0
1261610 2217.0
1261620 2210.6
1261630 2204.7
1261640 2199.0
1261650 2199.0
1261660 2193.5
1261670 2187.9
1261680 2187.9
1261690 2182.4
1261700 2177.0
1261710 2177.0
1261720 2171.5
1261730 2166.1
1261740 2166.1
1261750 2161.2
1261760 2156.5
1261770 2156.5
1261780 2152.5
1261790 2149.2
1261800 2149.2
1261810 2144.8
1261820 2138.6
1261830 2138.6
1261840 2131.5
1261850 2125.1
1261860 2119.9
1261870 2119.9
1261880 2117.2
1261890 2114.7
1261900 2114.7
1261910 2113.3
1261920 2111.3
1261930 2111.3
1261940 2110.3
1261950 2110.2
1261960 2110.2
1261970 2109.1
1261980 2107.7
1261990 2107.7
1262000 2106.3
1262010 2104.7
1262020 2104.7
1262030 2102.9
1262040 2101.1
1262050 2101.1
1262060 2099.2
1262070 2096.2
1262080 2092.4
1262090 2092.4
1262100 2081.2
1262110 2070.0
1262120 2070.0
1262130 2050.3
1262140 2032.9
1262150 2032.9
1262160 2022.2
1262170 2010.3
1262180 2010.3
1262190 1979.4
1262200 1961.4
1262210 1961.4
1262220 1947.0
1262230 1935.9
1262240 1935.9
1262250 1931.1
1262260 1930.7
1262270 1930.7
1262280 1925.8
1262290 1913.7
1262300 1899.3
1262310 1899.3
1262320 1888.4
1262330 1874.2
1262340 1874.2
1262350 1864.1
1262360 1855.7
1262370 1855.7
1262380 1848.0
1262390 1840.8
1262400 1840.8
1262410 1834.4
1262420 1827.1
1262430 1827.1
1262440 1819.6
1262450 1813.5
1262460 1813.5
1262470 1808.1
1262480 1802.7
1262490 1802.7
1262500 1798.6
1262510 1798.1
1262520 1792.8
1262530 1792.8
1262540 1787.8
1262550 1793.8
1262560 1793.8
1262570 1799.5
1262580 1800.6
1262590 1800.6
1262600 1809.2
1262610 1810.6
1262620 1810.6
1262630 1799.0
1262640 1829.0
1262650 1770.2
1262660 1795.8
1262670 1803.9
1262680 1803.9
1262690 1824.6
1262700 1821.0
1262710 1821.0
1262720 1820.0
1262730 1816.5
1262740 1805.0
1262750 1805.0
1262760 1787.2
1262770 1781.2
1262780 1781.2
1262790 1769.5
1262800 1753.4
1262810 1753.4
1262820 1738.3
1262830 1720.7
1262840 1720.7
1262850 1704.5
1262860 1697.0
1262870 1697.0
1262880 1689.7
1262890 1681.9
1262900 1681.9
1262910 1673.8
1262920 1662.3
1262930 1662.3
1262940 1652.0
1262950 1642.6
1262960 1634.1
1262970 1634.1
1262980 1625.1
1262990 1620.9
1263000 1620.9
1263010 1619.8
1263020 1617.6
1263030 1617.6
1263040 1608.2
1263050 1594.2
1263060 1594.2
1263070 1594.3
1263080 1606.4
1263090 1606.4
1263100 1613.7
1263110 1616.3
1263120 1616.3
1263130 1616.7
1263140 1614.0
1263150 1607.6
1263160 1607.6
1263170 1600.9
1263180 1597.3
1263190 1597.3
1263200 1594.8
1263210 1591.1
1263220 1591.1
1263230 1579.1
1263240 1573.5
1263250 1573.5
1263260 1567.7
1263270 1562.5
1263280 1562.5
1263290 1575.7
1263300 1618.8
1263310 1618.8
1263320 1643.9
1263330 1656.7
1263340 1656.7
1263350 1666.0
1263360 1672.3
1263370 1673.8
1263380 1673.8
1263390 1672.3
1263400 1676.7
1263410 1676.7
1263420 1684.2
1263430 1689.0
1263440 1689.0
1263450 1689.0
1263460 1690.5
1263470 1690.5
1263480 1690.8
1263490 1688.5
1263500 1688.5
1263510 1685.9
1263520 1683.2
1263530 1683.2
1263540 1681.5
1263550 1679.5
1263560 1679.5
1263570 1674.9
1263580 1667.1
1263590 1657.3
1263600 1657.3
1263610 1645.7
1263620 1643.4
1263630 1643.4
1263640 1645.7
1263650 1647.4
1263660 1647.4
1263670 1643.6
1263680 1630.6
1263690 1630.6
1263700 1608.7
1263710 1597.0
1263720 1597.0
1263730 1587.6
1263740 1576.2
1263750 1576.2
1263760 1576.7
1263770 1572.7
1263780 1572.7
1263790 1564.4
1263800 1552.2
1263810 1545.9
1263820 1545.9
1263830 1537.8
1263840 1529.7
1263850 1529.7
1263860 1521.0
1263870 1517.0
1263880 1517.0
1263890 1518.8
1263900 1521.3
1263910 1521.3
1263920 1522.5
1263930 1520.6
1263940 1520.6
1263950 1516.5
1263960 1511.7
1263970 1511.7
1263980 1506.5
1263990 1502.0
1264000 1502.0
1264010 1494.3
1264020 1487.6
1264030 1482.1
1264040 1482.1
1264050 1481.5
1264060 1478.6
1264070 1478.6
1264080 1478.0
1264090 1476.3
1264100 1476.3
1264110 1472.8
1264120 1467.6
1264130 1467.6
1264140 1460.8
1264150 1451.7
1264160 1451.7
1264170 1437.8
1264180 1420.0
1264190 1420.0
1264200 1408.6
1264210 1411.6
1264220 1411.6
1264230 1419.2
1264240 1420.8
1264250 1421.0
1264260 1421.0
1264270 1417.3
1264280 1410.3
1264290 1410.3
1264300 1403.8
1264310 1398.3
1264320 1398.3
1264330 1393.3
1264340 1388.4
1264350 1388.4
1264360 1384.7
1264370 1373.3
1264380 1373.3
1264390 1372.5
1264400 1370.8
1264410 1370.8
1264420 1368.0
1264430 1364.4
1264440 1364.4
1264450 1359.3
1264460 1354.5
1264470 1351.1
1264480 1351.1
1264490 1347.8
1264500 1344.3
1264510 1344.3
1264520 1341.5
1264530 1339.8
1264540 1339.8
1264550 1340.4
1264560 1340.9
1264570 1340.9
1264580 1341.0
1264590 1342.3
1264600 1342.3
1264610 1345.7
1264620 1347.3
1264630 1347.3
1264640 1347.0
1264650 1345.7
1264660 1345.3
1264670 1345.3
1264680 1344.5
1264690 1345.6
1264700 1345.6
1264710 1346.6
1264720 1346.4
1264730 1346.4
1264740 1345.8
1264750 1344.0
1264760 1344.0
1264770 1341.7
1264780 1340.7
1264790 1340.7
1264800 1339.1
1264810 1337.0
1264820 1337.0
1264830 1335.4
1264840 1334.0
1264850 1334.0
1264860 1332.7
1264870 1330.9
1264880 1329.5
1264890 1329.5
1264900 1328.0
1264910 1326.3
1264920 1326.3
1264930 1324.5
1264940 1323.1
1264950 1318.3
1264960 1317.6
1264970 1316.6
1264980 1316.6
1264990 1314.7
1265000 1312.2
1265010 1312.2
1265020 1309.6
1265030 1307.5
1265040 1307.5
1265050 1306.6
1265060 1305.2
1265070 1305.2
1265080 1303.7
1265090 1302.0
1265100 1302.1
1265110 1302.1
1265120 1302.3
1265130 1302.3
1265140 1302.3
1265150 1302.3
1265160 1303.6
1265170 1303.6
1265180 1304.3
1265190 1304.1
1265200 1304.1
1265210 1304.1
1265220 1305.2
1265230 1305.2
1265240 1305.5
1265250 1304.7
1265260 1304.7
1265270 1303.3
1265280 1301.8
1265290 1301.8
1265300 1300.3
1265310 1298.1
1265320 1296.7
1265330 1296.7
1265340 1295.9
1265350 1294.2
1265360 1294.2
1265370 1292.5
1265380 1290.6
1265390 1290.6
1265400 1289.3
1265410 1287.7
1265420 1287.7
1265430 1286.4
1265440 1284.8
1265450 1284.8
1265460 1282.5
1265470 1280.5
1265480 1280.5
1265490 1279.2
1265500 1277.8
1265510 1277.8
1265520 1276.4
1265530 1274.1
1265540 1272.7
1265550 1272.7
1265560 1271.3
1265570 1270.3
1265580 1270.3
1265590 1268.9
1265600 1267.1
1265610 1267.1
1265620 1265.6
1265630 1264.4
1265640 1264.4
1265650 1262.8
1265660 1261.1
1265670 1261.1
1265680 1259.2
1265690 1255.3
1265700 1255.3
1265710 1251.9
1265720 1250.1
1265730 1250.1
1265740 1248.6
1265750 1248.0
1265760 1249.6
1265770 1249.6
1265780 1251.1
1265790 1250.0
1265800 1250.0
1265810 1249.0
1265820 1247.8
1265830 1247.8
1265840 1246.7
1265850 1245.5
1265860 1245.5
1265870 1244.2
1265880 1242.8
1265890 1242.8
1265900 1241.6
1265910 1240.3
1265920 1240.3
1265930 1238.9
1265940 1237.5
1265950 1237.5
1265960 1236.1
1265970 1234.7
1265980 1233.5
1265990 1233.5
1266000 1232.5
1266010 1230.9
1266020 1230.9
1266030 1229.7
1266040 1228.8
1266050 1228.8
1266060 1227.6
1266070 1226.4
1266080 1226.4
1266090 1225.3
1266100 1224.0
1266110 1223.7
1266120 1222.7
1266130 1221.6
1266140 1221.6
1266150 1220.7
1266160 1219.8
1266170 1219.8
1266180 1218.9
1266190 1218.2
1266200 1217.8
1266210 1217.8
1266220 1217.5
1266230 1217.5
1266240 1217.5
1266250 1217.4
1266260 1217.4
1266270 1217.4
1266280 1217.3
1266290 1217.1
1266300 1217.1
1266310 1216.9
1266320 1216.9
1266330 1216.9
1266340 1216.8
1266350 1216.7
1266360 1216.7
1266370 1216.5
1266380 1216.4
1266390 1216.4
1266400 1216.4
1266410 1216.3
1266420 1216.1
1266430 1216.1
1266440 1215.9
1266450 1215.7
1266460 1215.7
1266470 1215.9
1266480 1216.2
1266490 1216.2
1266500 1215.9
1266510 1216.1
1266520 1216.1
1266530 1216.4
1266540 1216.3
1266550 1216.3
1266560 1215.1
1266570 1214.8
1266580 1214.8
1266590 1214.8
1266600 1215.2
1266610 1215.6
1266620 1215.6
1266630 1216.1
1266640 1215.5
1266650 1215.5
1266660 1214.7
1266670 1214.7
1266680 1214.7
1266690 1215.0
1266700 1215.0
1266710 1215.0
1266720 1214.9
1266730 1214.6
1266740 1214.6
1266750 1214.4
1266760 1212.6
1266770 1212.6
1266780 1212.7
1266790 1214.3
1266800 1214.3
1266810 1216.2
1266820 1218.1
1266830 1219.5
1266840 1219.5
1266850 1221.0
1266860 1222.7
1266870 1222.7
1266880 1224.5
1266890 1226.1
1266900 1226.1
1266910 1228.2
1266920 1229.8
1266930 1229.8
1266940 1231.5
1266950 1233.2
1266960 1233.2
1266970 1235.3
1266980 1237.2
1266990 1237.2
1267000 1239.4
1267010 1241.5
1267020 1241.5
1267030 1243.5
1267040 1245.1
1267050 1246.7
1267060 1246.7
1267070 1249.1
1267080 1251.0
1267090 1251.0
1267100 1253.0
1267110 1255.9
1267120 1255.9
1267130 1258.9
1267140 1261.3
1267150 1261.3
1267160 1262.6
1267170 1265.5
1267180 1265.5
1267190 1268.1
1267200 1269.7
1267210 1269.7
1267220 1271.1
1267230 1275.2
1267240 1275.2
1267250 1278.0
1267260 1279.9
1267270 1284.3
1267280 1284.3
1267290 1286.8
1267300 1288.7
1267310 1288.7
1267320 1290.8
1267330 1293.0
1267340 1293.0
1267350 1294.8
1267360 1297.5
1267370 1297.5
1267380 1303.6
1267390 1311.2
1267400 1311.2
1267410 1318.3
1267420 1325.3
1267430 1325.3
1267440 1330.6
1267450 1334.1
1267460 1334.1
1267470 1336.6
1267480 1338.0
1267490 1338.9
1267500 1338.9
1267510 1340.4
1267520 1342.3
1267530 1342.3
1267540 1343.7
1267550 1344.8
1267560 1344.8
1267570 1345.1
1267580 1344.7
1267590 1344.7
1267600 1344.1
1267610 1346.0
1267620 1346.0
1267630 1350.7
1267640 1356.0
1267650 1356.0
1267660 1361.2
1267670 1366.4
1267680 1366.4
1267690 1371.5
1267700 1376.7
1267710 1381.3
1267720 1381.3
1267730 1386.1
1267740 1391.6
1267750 1391.6
1267760 1397.1
1267770 1402.0
1267780 1402.0
1267790 1404.5
1267800 1402.3
1267810 1402.3
1267820 1399.6
1267830 1400.5
1267840 1400.5
1267850 1408.1
1267860 1410.7
1267870 1410.7
1267880 1413.0
1267890 1416.5
1267900 1416.5
1267910 1423.7
1267920 1432.4
1267930 1440.9
1267940 1440.9
1267950 1449.0
1267960 1455.5
1267970 1455.5
1267980 1461.1
1267990 1466.2
1268000 1466.2
1268010 1470.8
1268020 1474.4
1268030 1474.4
1268040 1478.1
1268050 1482.9
1268060 1482.9
1268070 1487.6
1268080 1491.9
1268090 1491.9
1268100 1496.8
1268110 1502.3
1268120 1508.3
1268130 1508.3
1268140 1514.4
1268150 1521.3
1268160 1521.3
1268170 1528.4
1268180 1535.6
1268190 1535.6
1268200 1542.7
1268210 1549.7
1268220 1549.7
1268230 1556.2
1268240 1564.5
1268250 1564.5
1268260 1572.7
1268270 1583.9
1268280 1583.9
1268290 1609.7
1268300 1629.6
1268310 1629.6
1268320 1643.4
1268330 1654.7
1268340 1665.7
1268350 1665.7
1268360 1667.7
1268370 1655.7
1268380 1655.7
1268390 1655.8
1268400 1665.5
1268410 1665.5
1268420 1676.8
1268430 1685.8
1268440 1695.2
1268450 1719.7
1268460 1729.1
1268470 1729.1
1268480 1723.1
1268490 1716.4
1268500 1716.4
1268510 1712.4
1268520 1707.5
1268530 1707.5
1268540 1704.8
1268550 1700.7
1268560 1695.4
1268570 1695.4
1268580 1686.5
1268590 1677.5
1268600 1677.5
1268610 1670.5
1268620 1662.6
1268630 1662.6
1268640 1655.8
1268650 1650.9
1268660 1650.9
1268670 1649.5
1268680 1649.8
1268690 1649.8
1268700 1651.9
1268710 1655.2
1268720 1655.2
1268730 1658.7
1268740 1662.9
1268750 1662.9
1268760 1667.4
1268770 1672.5
1268780 1678.3
1268790 1678.3
1268800 1684.2
1268810 1689.4
1268820 1689.4
1268830 1692.8
1268840 1694.6
1268850 1694.6
1268860 1694.7
1268870 1692.9
1268880 1692.9
1268890 1689.6
1268900 1685.2
1268910 1685.2
1268920 1680.7
1268930 1676.0
1268940 1676.0
1268950 1672.0
1268960 1667.8
1268970 1667.8
1268980 1662.5
1268990 1656.3
1269000 1650.2
1269010 1650.2
1269020 1644.4
1269030 1642.3
1269040 1642.3
1269050 1637.2
1269060 1632.3
1269070 1632.3
1269080 1627.7
1269090 1623.1
1269100 1623.1
1269110 1618.2
1269120 1613.2
1269130 1613.2
1269140 1608.2
1269150 1602.2
1269160 1602.2
1269170 1594.3
1269180 1587.1
1269190 1587.1
1269200 1586.2
1269210 1590.0
1269220 1593.2
1269230 1593.2
1269240 1597.0
1269250 1601.1
1269260 1601.1
1269270 1604.8
1269280 1607.4
1269290 1607.4
1269300 1609.1
1269310 1610.8
1269320 1610.8
1269330 1613.4
1269340 1616.9
1269350 1616.9
1269360 1618.9
1269370 1621.1
1269380 1621.1
1269390 1622.7
1269400 1625.4
1269410 1625.4
1269420 1627.1
1269430 1629.0
1269440 1631.6
1269450 1631.6
1269460 1633.3
1269470 1634.9
1269480 1634.9
1269490 1638.6
1269500 1645.6
1269510 1645.6
1269520 1652.2
1269530 1659.2
1269540 1659.2
1269550 1664.9
1269560 1672.0
1269570 1672.0
1269580 1679.2
1269590 1686.4
1269600 1686.4
1269610 1693.5
1269620 1700.3
1269630 1708.9
1269640 1708.9
1269650 1717.1
1269660 1724.9
1269670 1724.9
1269680 1732.3
1269690 1737.9
1269700 1737.9
1269710 1743.2
1269720 1748.2
1269730 1748.2
1269740 1753.7
1269750 1760.7
1269760 1760.7
1269770 1767.6
1269780 1774.3
1269790 1774.3
1269800 1781.9
1269810 1789.7
1269820 1789.7
1269830 1796.9
1269840 1803.4
1269850 1809.1
1269860 1809.1
1269870 1814.5
1269880 1821.8
1269890 1821.8
1269900 1829.3
1269910 1835.7
1269920 1835.7
1269930 1842.2
1269940 1849.5
1269950 1849.5
1269960 1856.2
1269970 1859.5
1269980 1859.5
1269990 1862.4
1270000 1867.7
1270010 1867.7
1270020 1872.9
1270030 1880.5
1270040 1880.5
1270050 1886.1
1270060 1889.4
1270070 1894.2
1270080 1894.2
1270090 1900.4
1270100 1906.3
1270110 1906.3
1270120 1911.5
1270130 1915.8
1270140 1915.8
1270150 1918.9
1270160 1920.2
1270170 1920.2
1270180 1918.4
1270190 1915.0
1270200 1915.0
1270210 1914.2
1270220 1909.6
1270230 1909.6
1270240 1904.9
1270250 1899.2
1270260 1899.2
1270270 1893.2
1270280 1887.8
1270290 1883.1
1270300 1883.1
1270310 1878.3
1270320 1874.2
1270330 1874.2
1270340 1870.0
1270350 1865.7
1270360 1865.7
1270370 1861.3
1270380 1856.7
1270390 1856.7
1270400 1851.7
1270410 1847.3
1270420 1847.3
1270430 1847.9
1270440 1851.7
1270450 1851.7
1270460 1854.6
1270470 1859.0
1270480 1859.0
1270490 1862.4
1270500 1863.8
1270510 1865.6
1270520 1865.6
1270530 1867.8
1270540 1870.5
1270550 1870.5
1270560 1874.7
1270570 1879.8
1270580 1879.8
1270590 1885.3
1270600 1891.0
1270610 1891.0
1270620 1895.0
1270630 1897.5
1270640 1897.5
1270650 1900.3
1270660 1903.8
1270670 1903.8
1270680 1907.1
1270690 1910.4
1270700 1910.4
1270710 1913.9
1270720 1917.9
1270730 1922.9
1270740 1922.9
1270750 1928.1
1270760 1933.3
1270770 1933.3
1270780 1938.7
1270790 1944.4
1270800 1946.8
1270810 1952.8
1270820 1957.7
1270830 1957.7
1270840 1962.7
1270850 1968.2
1270860 1968.2
1270870 1974.8
1270880 1978.7
1270890 1978.7
1270900 1982.1
1270910 1986.8
1270920 1986.8
1270930 1991.4
1270940 1994.6
1270950 1996.5
1270960 1996.5
1270970 1999.3
1270980 2002.6
1270990 2002.6
1271000 2005.7
1271010 2008.6
1271020 2008.6
1271030 2011.7
1271040 2015.3
1271050 2015.3
1271060 2018.9
1271070 2023.3
1271080 2023.3
1271090 2026.6
1271100 2029.1
1271110 2029.1
1271120 2031.6
1271130 2034.3
1271140 2034.3
1271150 2037.2
1271160 2038.9
1271170 2040.7
1271180 2040.7
1271190 2043.4
1271200 2045.8
1271210 2045.8
1271220 2047.9
1271230 2049.3
1271240 2049.3
1271250 2050.9
1271260 2052.4
1271270 2052.4
1271280 2053.3
1271290 2055.1
1271300 2055.1
1271310 2059.6
1271320 2062.9
1271330 2062.9
1271340 2067.9
1271350 2073.5
1271360 2078.5
1271370 2078.5
1271380 2082.0
1271390 2085.1
1271400 2085.1
1271410 2086.5
1271420 2087.9
1271430 2087.9
1271440 2089.4
1271450 2091.9
1271460 2091.9
1271470 2095.4
1271480 2099.4
1271490 2099.4
1271500 2102.7
1271510 2106.0
1271520 2106.0
1271530 2109.7
1271540 2113.7
1271550 2113.7
1271560 2117.8
1271570 2121.0
1271580 2122.8
1271590 2122.8
1271600 2125.0
1271610 2127.9
1271620 2127.9
1271630 2130.8
1271640 2134.7
1271650 2134.7
1271660 2139.1
1271670 2143.1
1271680 2143.1
1271690 2146.9
1271700 2150.7
1271710 2150.7
1271720 2154.1
1271730 2156.9
1271740 2156.9
1271750 2157.3
1271760 2156.3
1271770 2156.3
1271780 2156.7
1271790 2159.9
1271800 2165.1
1271810 2165.1
1271820 2169.2
1271830 2172.4
1271840 2172.4
1271850 2176.6
1271860 2181.6
1271870 2181.6
1271880 2187.8
1271890 2194.8
1271900 2194.8
1271910 2199.3
1271920 2197.3
1271930 2197.3
1271940 2193.9
1271950 2190.9
1271960 2190.9
1271970 2188.1
1271980 2186.2
1271990 2188.6
1272000 2183.5
1272010 2176.7
1272020 2168.9
1272030 2168.9
1272040 2161.1
1272050 2154.5
1272060 2154.5
1272070 2148.4
1272080 2143.1
1272090 2143.1
1272100 2138.4
1272110 2134.0
1272120 2134.0
1272130 2129.9
1272140 2126.7
1272150 2126.7
1272160 2124.8
1272170 2122.8
1272180 2122.8
1272190 2121.1
1272200 2120.5
1272210 2120.5
1272220 2120.0
1272230 2119.3
1272240 2119.3
1272250 2119.3
1272260 2120.6
1272270 2121.7
1272280 2121.7
1272290 2122.3
1272300 2122.6
1272310 2122.6
1272320 2121.9
1272330 2119.6
1272340 2119.6
1272350 2115.9
1272360 2111.2
1272370 2111.2
1272380 2106.0
1272390 2100.8
1272400 2100.8
1272410 2095.7
1272420 2090.7
1272430 2090.7
1272440 2085.7
1272450 2080.6
1272460 2076.5
1272470 2076.5
1272480 2073.2
1272490 2069.5
1272500 2069.5
1272510 2065.7
1272520 2062.8
1272530 2062.8
1272540 2061.6
1272550 2060.6
1272560 2060.6
1272570 2059.1
1272580 2061.1
1272590 2061.1
1272600 2060.5
1272610 2060.1
1272620 2060.1
1272630 2060.7
1272640 2063.0
1272650 2063.0
1272660 2065.9
1272670 2069.6
1272680 2072.9
1272690 2072.9
1272700 2074.3
1272710 2073.5
1272720 2073.5
1272730 2074.8
1272740 2077.6
1272750 2077.6
1272760 2081.0
1272770 2083.3
1272780 2083.3
1272790 2084.6
1272800 2085.5
1272810 2085.5
1272820 2085.7
1272830 2084.6
1272840 2084.6
1272850 2081.5
1272860 2079.6
1272870 2079.1
1272880 2079.1
1272890 2079.9
1272900 2083.1
1272910 2083.1
1272920 2086.5
1272930 2089.4
1272940 2089.4
1272950 2091.5
1272960 2093.5
1272970 2093.5
1272980 2095.0
1272990 2097.1
1273000 2097.1
1273010 2100.1
1273020 2103.3
1273030 2103.3
1273040 2106.9
1273050 2109.9
1273060 2109.9
1273070 2112.7
1273080 2116.2
1273090 2120.6
1273100 2120.6
1273110 2125.5
1273120 2130.8
1273130 2130.8
1273140 2137.2
1273150 2144.8
1273160 2144.8
1273170 2152.4
1273180 2164.4
1273190 2164.4
1273200 2171.4
1273210 2176.2
1273220 2176.2
1273230 2179.1
1273240 2181.4
1273250 2181.4
1273260 2183.5
1273270 2184.7
1273280 2184.7
1273290 2183.8
1273300 2182.6
1273310 2181.6
1273320 2181.6
1273330 2179.6
1273340 2176.6
1273350 2176.6
1273360 2171.4
1273370 2168.4
1273380 2168.4
1273390 2167.4
1273400 2166.8
1273410 2166.8
1273420 2166.3
1273430 2165.6
1273440 2165.6
1273450 2165.1
1273460 2164.0
1273470 2164.0
1273480 2162.6
1273490 2160.1
1273500 2160.1
1273510 2156.5
1273520 2153.3
1273530 2151.1
1273540 2151.1
1273550 2149.7
1273560 2148.5
1273570 2148.5
1273580 2147.0
1273590 2145.7
1273600 2145.7
1273610 2144.3
1273620 2142.8
1273630 2142.8
1273640 2141.2
1273650 2139.3
1273660 2139.3
1273670 2137.0
1273680 2134.9
1273690 2134.9
1273700 2132.6
1273710 2130.7
1273720 2130.7
1273730 2129.5
1273740 2127.8
1273750 2126.5
1273760 2126.5
1273770 2124.5
1273780 2120.3
1273790 2120.3
1273800 2118.8
1273810 2117.0
1273820 2117.0
1273830 2115.5
1273840 2113.6
1273850 2113.6
1273860 2111.8
1273870 2110.4
1273880 2110.4
1273890 2108.4
1273900 2106.6
1273910 2106.6
1273920 2104.7
1273930 2103.5
1273940 2103.5
1273950 2102.6
1273960 2101.5
1273970 2099.6
1273980 2099.6
1273990 2097.6
1274000 2095.9
1274010 2095.9
1274020 2094.2
1274030 2092.2
1274040 2092.2
1274050 2089.7
1274060 2087.7
1274070 2087.7
1274080 2085.1
1274090 2081.6
1274100 2081.6
1274110 2078.9
1274120 2077.2
1274130 2077.2
1274140 2075.3
1274150 2073.4
1274160 2073.4
1274170 2070.5
1274180 2066.7
1274190 2062.1
1274200 2062.1
1274210 2058.8
1274220 2055.8
1274230 2055.8
1274240 2052.5
1274250 2048.6
1274260 2048.6
1274270 2045.3
1274280 2042.4
1274290 2042.4
1274300 2037.6
1274310 2033.7
1274320 2033.7
1274330 2031.5
1274340 2028.4
1274350 2028.4
1274360 2024.0
1274370 2017.3
1274380 2012.7
1274390 2012.3
1274400 2009.5
1274410 2007.1
1274420 2007.1
1274430 2005.0
1274440 2002.8
1274450 2002.8
1274460 2000.2
1274470 1998.9
1274480 1998.9
1274490 1997.9
1274500 1995.0
1274510 1995.0
1274520 1990.6
1274530 1987.9
1274540 1987.9
1274550 1986.2
1274560 1984.3
1274570 1984.3
1274580 1981.9
1274590 1979.7
1274600 1978.0
1274610 1978.0
1274620 1976.1
1274630 1974.4
1274640 1974.4
1274650 1972.9
1274660 1970.9
1274670 1970.9
1274680 1968.9
1274690 1966.9
1274700 1966.9
1274710 1964.5
1274720 1962.3
1274730 1962.3
1274740 1959.7
1274750 1957.7
1274760 1957.7
1274770 1956.0
1274780 1953.5
1274790 1953.5
1274800 1950.5
1274810 1948.5
1274820 1947.0
1274830 1947.0
1274840 1945.2
1274850 1942.7
1274860 1942.7
1274870 1939.4
1274880 1935.2
1274890 1935.2
1274900 1931.3
1274910 1929.1
1274920 1929.1
1274930 1928.4
1274940 1928.1
1274950 1928.1
1274960 1927.8
1274970 1927.2
1274980 1927.2
1274990 1924.7
1275000 1923.4
1275010 1923.4
1275020 1922.0
1275030 1920.1
1275040 1916.9
1275050 1916.9
1275060 1913.7
1275070 1910.3
1275080 1910.3
1275090 1904.8
1275100 1900.2
1275110 1900.2
1275120 1898.3
1275130 1898.0
1275140 1898.0
1275150 1897.3
1275160 1895.0
1275170 1895.0
1275180 1891.0
1275190 1888.1
1275200 1888.1
1275210 1886.5
1275220 1885.3
1275230 1885.3
1275240 1883.8
1275250 1880.7
1275260 1875.5
1275270 1875.5
1275280 1869.9
1275290 1865.0
1275300 1865.0
1275310 1861.4
1275320 1858.8
1275330 1858.8
1275340 1856.3
1275350 1853.3
1275360 1853.3
1275370 1850.8
1275380 1848.1
1275390 1848.1
1275400 1845.4
1275410 1843.0
1275420 1843.0
1275430 1840.0
1275440 1836.7
1275450 1836.7
1275460 1833.8
1275470 1831.7
1275480 1830.0
1275490 1830.0
1275500 1827.7
1275510 1825.4
1275520 1825.4
1275530 1822.9
1275540 1820.6
1275550 1820.6
1275560 1818.4
1275570 1815.8
1275580 1815.8
1275590 1812.6
1275600 1809.2
1275610 1809.2
1275620 1807.4
1275630 1806.0
1275640 1806.0
1275650 1803.9
1275660 1802.2
1275670 1802.2
1275680 1800.3
1275690 1797.6
1275700 1794.4
1275710 1794.4
1275720 1790.2
1275730 1786.6
1275740 1786.6
1275750 1782.1
1275760 1778.1
1275770 1778.1
1275780 1774.1
1275790 1770.5
1275800 1770.5
1275810 1767.0
1275820 1763.3
1275830 1763.3
1275840 1758.6
1275850 1752.8
1275860 1752.8
1275870 1746.8
1275880 1740.7
1275890 1734.2
1275900 1734.2
1275910 1728.3
1275920 1723.3
1275930 1723.3
1275940 1717.5
1275950 1711.7
1275960 1711.7
1275970 1707.1
1275980 1702.6
1275990 1702.6
1276000 1698.0
1276010 1693.4
1276020 1693.4
1276030 1687.8
1276040 1680.7
1276050 1680.7
1276060 1674.4
1276070 1670.0
1276080 1670.0
1276090 1667.6
1276100 1665.5
1276110 1661.8
1276120 1661.8
1276130 1657.3
1276140 1654.7
1276150 1654.7
1276160 1652.3
1276170 1648.9
1276180 1648.9
1276190 1645.5
1276200 1643.3
1276210 1643.3
1276220 1641.1
1276230 1638.5
1276240 1638.5
1276250 1636.7
1276260 1635.0
1276270 1635.0
1276280 1632.3
1276290 1627.6
1276300 1627.6
1276310 1621.3
1276320 1616.0
1276330 1611.0
1276340 1611.0
1276350 1605.0
1276360 1599.9
1276370 1599.9
1276380 1593.1
1276390 1584.9
1276400 1584.9
1276410 1576.5
1276420 1569.4
1276430 1569.4
1276440 1562.8
1276450 1557.7
1276460 1557.7
1276470 1554.2
1276480 1550.8
1276490 1550.8
1276500 1547.4
1276510 1544.0
1276520 1544.0
1276530 1542.8
1276540 1541.7
1276550 1540.5
1276560 1540.5
1276570 1539.2
1276580 1537.5
1276590 1537.5
1276600 1536.1
1276610 1534.8
1276620 1534.8
1276630 1533.4
1276640 1531.9
1276650 1531.9
1276660 1528.8
1276670 1525.0
1276680 1525.0
1276690 1521.3
1276700 1517.0
1276710 1517.0
1276720 1512.6
1276730 1508.4
1276740 1508.4
1276750 1503.1
1276760 1495.7
1276770 1488.8
1276780 1488.8
1276790 1482.1
1276800 1476.6
1276810 1475.3
1276820 1470.8
1276830 1466.5
1276840 1466.5
1276850 1462.1
1276860 1457.8
1276870 1457.8
1276880 1453.7
1276890 1449.6
1276900 1449.6
1276910 1445.2
1276920 1440.7
1276930 1440.7
1276940 1437.7
1276950 1434.9
1276960 1434.9
1276970 1431.8
1276980 1429.2
1276990 1426.7
1277000 1426.7
1277010 1424.6
1277020 1422.6
1277030 1422.6
1277040 1421.1
1277050 1419.9
1277060 1419.9
1277070 1418.8
1277080 1417.8
1277090 1417.8
1277100 1416.5
1277110 1415.8
1277120 1415.8
1277130 1415.5
1277140 1415.3
1277150 1415.3
1277160 1414.7
1277170 1413.7
1277180 1413.7
1277190 1412.2
1277200 1410.4
1277210 1408.6
1277220 1408.6
1277230 1406.7
1277240 1402.8
1277250 1402.8
1277260 1400.4
1277270 1398.7
1277280 1398.7
1277290 1397.1
1277300 1395.6
1277310 1395.6
1277320 1393.7
1277330 1391.1
1277340 1391.1
1277350 1388.3
1277360 1385.9
1277370 1385.9
1277380 1384.2
1277390 1382.2
1277400 1379.8
1277410 1379.8
1277420 1379.1
1277430 1375.3
1277440 1375.3
1277450 1370.3
1277460 1365.1
1277470 1365.1
1277480 1360.1
1277490 1356.8
1277500 1356.8
1277510 1354.7
1277520 1353.2
1277530 1353.2
1277540 1351.9
1277550 1350.4
1277560 1350.4
1277570 1349.1
1277580 1347.6
1277590 1347.6
1277600 1346.1
1277610 1344.8
1277620 1343.7
1277630 1343.7
1277640 1342.1
1277650 1339.8
1277660 1339.8
1277670 1338.8
1277680 1338.6
1277690 1338.6
1277700 1338.4
1277710 1339.2
1277720 1339.2
1277730 1341.7
1277740 1343.4
1277750 1343.4
1277760 1343.7
1277770 1343.8
1277780 1343.8
1277790 1343.7
1277800 1343.5
1277810 1343.5
1277820 1343.5
1277830 1343.3
1277840 1343.7
1277850 1343.7
1277860 1344.6
1277870 1346.5
1277880 1346.5
1277890 1347.9
1277900 1349.3
1277910 1349.3
1277920 1350.1
1277930 1350.1
1277940 1350.1
1277950 1349.6
1277960 1349.4
1277970 1349.4
1277980 1348.8
1277990 1348.6
1278000 1348.6
1278010 1349.2
1278020 1348.6
1278030 1348.6
1278040 1344.6
1278050 1334.4
1278060 1331.8
1278070 1331.8
1278080 1331.6
1278090 1328.8
1278100 1328.8
1278110 1315.4
1278120 1295.3
1278130 1295.3
1278140 1282.8
1278150 1273.7
1278160 1273.7
1278170 1265.5
1278180 1257.7
1278190 1257.7
1278200 1249.7
1278210 1242.0
1278220 1242.0
1278230 1234.3
1278240 1226.5
1278250 1226.5
1278260 1219.2
1278270 1212.5
1278280 1205.7
1278290 1205.7
1278300 1198.5
1278310 1191.0
1278320 1191.0
1278330 1184.1
1278340 1178.1
1278350 1178.1
1278360 1172.6
1278370 1167.2
1278380 1167.2
1278390 1161.8
1278400 1157.3
1278410 1157.3
1278420 1155.0
1278430 1150.7
1278440 1150.7
1278450 1142.1
1278460 1133.0
1278470 1133.0
1278480 1124.7
1278490 1119.7
1278500 1119.0
1278510 1119.0
1278520 1121.0
1278530 1125.0
1278540 1125.0
1278550 1132.6
1278560 1139.3
1278570 1139.3
1278580 1145.3
1278590 1150.7
1278600 1150.7
1278610 1155.8
1278620 1160.3
1278630 1160.3
1278640 1164.0
1278650 1167.4
1278660 1167.4
1278670 1172.3
1278680 1177.1
1278690 1177.1
1278700 1181.8
1278710 1186.8
1278720 1191.9
1278730 1191.9
1278740 1197.1
1278750 1202.0
1278760 1202.0
1278770 1207.0
1278780 1212.7
1278790 1212.7
1278800 1218.9
1278810 1222.6
1278820 1222.6
1278830 1223.8
1278840 1230.5
1278850 1230.5
1278860 1237.9
1278870 1244.0
1278880 1244.0
1278890 1250.1
1278900 1255.4
1278910 1259.9
1278920 1259.9
1278930 1262.7
1278940 1265.9
1278950 1265.9
1278960 1269.1
1278970 1272.4
1278980 1272.4
1278990 1276.7
1279000 1281.5
1279010 1281.5
1279020 1286.8
1279030 1292.2
1279040 1292.2
1279050 1297.8
1279060 1303.4
1279070 1303.4
1279080 1308.3
1279090 1314.2
1279100 1314.2
1279110 1319.5
1279120 1323.5
1279130 1327.5
1279140 1327.5
1279150 1332.5
1279160 1337.5
1279170 1337.5
1279180 1342.6
1279190 1347.0
1279200 1347.0
1279210 1350.7
1279220 1354.8
1279230 1354.8
1279240 1360.5
1279250 1366.6
1279260 1366.6
1279270 1371.7
1279280 1377.2
1279290 1377.2
1279300 1381.9
1279310 1387.1
1279320 1387.1
1279330 1392.2
1279340 1398.3
1279350 1404.5
1279360 1404.5
1279370 1410.6
1279380 1416.7
1279390 1416.7
1279400 1421.4
1279410 1424.7
1279420 1424.7
1279430 1426.9
1279440 1430.9
1279450 1430.9
1279460 1436.0
1279470 1440.4
1279480 1440.4
1279490 1444.8
1279500 1448.7
1279510 1448.7
1279520 1453.5
1279530 1458.5
1279540 1458.5
1279550 1463.2
1279560 1468.1
1279570 1472.5
1279580 1472.5
1279590 1476.8
1279600 1481.7
1279610 1481.7
1279620 1486.9
1279630 1491.6
1279640 1491.6
1279650 1496.4
1279660 1502.0
1279670 1502.0
1279680 1507.1
1279690 1511.3
1279700 1511.3
1279710 1515.0
1279720 1518.8
1279730 1518.8
1279740 1524.0
1279750 1529.9
1279760 1529.9
1279770 1536.1
1279780 1542.8
1279790 1548.4
1279800 1548.4
1279810 1552.9
1279820 1557.0
1279830 1557.0
1279840 1561.8
1279850 1566.4
1279860 1566.4
1279870 1570.6
1279880 1575.6
1279890 1577.1
1279900 1581.9
1279910 1588.1
1279920 1588.1
1279930 1595.3
1279940 1601.9
1279950 1601.9
1279960 1604.2
1279970 1603.4
1279980 1603.4
1279990 1599.2
