1260000 2026.3
1260010 2030.5
1260020 2030.5
1260030 2034.3
1260040 2038.2
1260050 2038.2
1260060 2042.0
1260070 2045.9
1260080 2049.3
1260090 2049.3
1260100 2052.5
1260110 2055.2
1260120 2055.2
1260130 2058.9
1260140 2063.4
1260150 2063.4
1260160 2068.9
1260170 2075.9
1260180 2075.9
1260190 2081.6
1260200 2084.5
1260210 2084.5
1260220 2086.3
1260230 2091.3
1260240 2091.3
1260250 2098.0
1260260 2102.7
1260270 2102.7
1260280 2106.4
1260290 2109.4
1260300 2112.8
1260310 2112.8
1260320 2116.4
1260330 2119.9
1260340 2119.9
1260350 2123.8
1260360 2128.0
1260370 2128.0
1260380 2132.3
1260390 2136.8
1260400 2136.8
1260410 2141.3
1260420 2145.4
1260430 2145.4
1260440 2150.2
1260450 2155.6
1260460 2155.6
1260470 2160.7
1260480 2165.9
1260490 2165.9
1260500 2171.8
1260510 2180.0
1260520 2191.0
1260530 2191.0
1260540 2205.5
1260550 2219.1
1260560 2224.4
1260570 2232.7
1260580 2239.0
1260590 2239.0
1260600 2244.7
1260610 2250.6
1260620 2250.6
1260630 2255.2
1260640 2258.6
1260650 2258.6
1260660 2263.3
1260670 2270.0
1260680 2270.0
1260690 2279.8
1260700 2286.5
1260710 2286.5
1260720 2291.2
1260730 2296.9
1260740 2301.9
1260750 2301.9
1260760 2306.8
1260770 2312.6
1260780 2312.6
1260790 2318.5
1260800 2325.0
1260810 2325.0
1260820 2332.5
1260830 2343.2
1260840 2343.2
1260850 2346.8
1260860 2352.2
1260870 2352.2
1260880 2364.5
1260890 2396.7
1260900 2396.7
1260910 2467.6
1260920 2505.9
1260930 2529.8
1260940 2529.8
1260950 2566.7
1260960 2587.9
1260970 2587.9
1260980 2606.2
1260990 2633.3
1261000 2633.3
1261010 2657.2
1261020 2665.6
1261030 2665.6
1261040 2653.2
1261050 2625.9
1261060 2625.9
1261070 2594.2
1261080 2602.1
1261090 2602.1
1261100 2597.2
1261110 2584.1
1261120 2584.1
1261130 2573.9
1261140 2549.1
1261150 2517.8
1261160 2517.8
1261170 2484.1
1261180 2477.2
1261190 2477.2
1261200 2480.2
1261210 2486.7
1261220 2486.7
1261230 2497.4
1261240 2505.4
1261250 2505.4
1261260 2518.7
1261270 2524.1
1261280 2524.1
1261290 2520.4
1261300 2506.3
1261310 2506.3
1261320 2484.1
1261330 2467.5
1261340 2467.5
1261350 2452.0
1261360 2432.7
1261370 2423.2
1261380 2423.2
1261390 2418.6
1261400 2412.0
1261410 2412.0
1261420 2404.1
1261430 2394.2
1261440 2394.2
1261450 2385.0
1261460 2367.6
1261470 2367.6
1261480 2318.0
1261490 2290.4
1261500 2290.4
1261510 2276.8
1261520 2271.0
1261530 2271.0
1261540 2264.7
1261550 2258.5
1261560 2258.5
1261570 2252.3
1261580 2246.0
1261590 2239.4
1261600 2239.4
1261610 2232.6
1261620 2225.8
1261630 2225.8
1261640 2218.8
1261650 2212.0
1261660 2212.0
1261670 2205.2
1261680 2198.5
1261690 2198.5
1261700 2190.2
1261710 2183.7
1261720 2183.7
1261730 2177.3
1261740 2170.9
1261750 2170.9
1261760 2164.5
1261770 2158.4
1261780 2158.4
1261790 2152.6
1261800 2146.8
1261810 2141.3
1261820 2141.3
1261830 2135.8
1261840 2130.2
1261850 2130.2
1261860 2124.3
1261870 2118.4
1261880 2118.4
1261890 2112.6
1261900 2106.9
1261910 2106.9
1261920 2101.1
1261930 2095.3
1261940 2095.3
1261950 2089.7
1261960 2084.2
1261970 2084.2
1261980 2078.8
1261990 2073.5
1262000 2073.5
1262010 2068.2
1262020 2062.8
1262030 2057.1
1262040 2057.1
1262050 2051.3
1262060 2045.6
1262070 2045.6
1262080 2040.1
1262090 2034.5
1262100 2034.5
1262110 2027.0
1262120 2015.2
1262130 2015.2
1262140 2006.0
1262150 1996.8
1262160 1996.8
1262170 1985.0
1262180 1973.9
1262190 1973.9
1262200 1964.9
1262210 1959.8
1262220 1959.8
1262230 1957.6
1262240 1956.3
1262250 1954.9
1262260 1954.9
1262270 1944.9
1262280 1942.3
1262290 1942.3
1262300 1936.6
1262310 1930.9
1262320 1930.9
1262330 1928.4
1262340 1926.7
1262350 1926.7
1262360 1925.1
1262370 1926.9
1262380 1926.9
1262390 1930.0
1262400 1931.4
1262410 1931.4
1262420 1951.4
1262430 1980.7
1262440 1980.7
1262450 1997.2
1262460 2016.9
1262470 2031.2
1262480 2031.2
1262490 2032.9
1262500 2028.5
1262510 2028.5
1262520 2021.4
1262530 2004.9
1262540 2004.9
1262550 1984.0
1262560 1983.8
1262570 1983.8
1262580 1981.7
1262590 1983.7
1262600 1983.7
1262610 1989.8
1262620 1997.0
1262630 1997.0
1262640 2002.7
1262650 1995.8
1262660 1990.8
1262670 1990.8
1262680 1983.1
1262690 1972.5
1262700 1972.5
1262710 1961.9
1262720 1939.4
1262730 1939.4
1262740 1913.7
1262750 1891.8
1262760 1891.8
1262770 1878.2
1262780 1875.7
1262790 1875.7
1262800 1875.6
1262810 1876.0
1262820 1876.0
1262830 1861.3
1262840 1821.4
1262850 1821.4
1262860 1809.8
1262870 1796.4
1262880 1780.3
1262890 1780.3
1262900 1752.0
1262910 1731.0
1262920 1731.0
1262930 1713.6
1262940 1712.1
1262950 1712.1
1262960 1742.3
1262970 1767.0
1262980 1767.0
1262990 1794.6
1263000 1812.5
1263010 1812.5
1263020 1820.6
1263030 1826.6
1263040 1826.6
1263050 1831.6
1263060 1832.1
1263070 1832.1
1263080 1838.4
1263090 1845.4
1263100 1843.6
1263110 1843.6
1263120 1843.6
1263130 1844.7
1263140 1844.7
1263150 1836.9
1263160 1825.7
1263170 1825.7
1263180 1814.7
1263190 1805.3
1263200 1805.3
1263210 1798.0
1263220 1791.5
1263230 1791.5
1263240 1787.6
1263250 1778.9
1263260 1778.9
1263270 1769.8
1263280 1755.0
1263290 1755.0
1263300 1736.5
1263310 1732.2
1263320 1742.3
1263330 1742.3
1263340 1748.8
1263350 1763.0
1263360 1763.0
1263370 1777.0
1263380 1793.0
1263390 1793.0
1263400 1824.3
1263410 1826.0
1263420 1826.0
1263430 1865.3
1263440 1874.6
1263450 1874.6
1263460 1872.5
1263470 1868.2
1263480 1868.2
1263490 1870.5
1263500 1872.9
1263510 1872.9
1263520 1875.1
1263530 1877.0
1263540 1873.0
1263550 1873.0
1263560 1861.3
1263570 1846.7
1263580 1846.7
1263590 1833.4
1263600 1814.5
1263610 1814.5
1263620 1798.4
1263630 1784.4
1263640 1784.4
1263650 1780.1
1263660 1809.1
1263670 1809.1
1263680 1816.6
1263690 1810.1
1263700 1810.1
1263710 1824.2
1263720 1847.3
1263730 1847.3
1263740 1842.7
1263750 1824.7
1263760 1789.5
1263770 1789.5
1263780 1761.6
1263790 1739.0
1263800 1739.0
1263810 1724.4
1263820 1713.4
1263830 1713.4
1263840 1703.7
1263850 1694.4
1263860 1694.4
1263870 1686.8
1263880 1679.3
1263890 1679.3
1263900 1674.2
1263910 1671.5
1263920 1671.5
1263930 1670.0
1263940 1659.6
1263950 1659.6
1263960 1648.4
1263970 1640.2
1263980 1624.4
1263990 1624.4
1264000 1614.1
1264010 1602.7
1264020 1602.7
1264030 1592.5
1264040 1584.3
1264050 1584.3
1264060 1574.1
1264070 1562.7
1264080 1562.7
1264090 1552.3
1264100 1544.1
1264110 1544.1
1264120 1537.3
1264130 1540.5
1264140 1540.5
1264150 1553.9
1264160 1561.5
1264170 1561.5
1264180 1566.0
1264190 1564.2
1264200 1560.2
1264210 1560.2
1264220 1556.0
1264230 1552.5
1264240 1552.5
1264250 1549.8
1264260 1547.6
1264270 1547.6
1264280 1545.4
1264290 1543.4
1264300 1543.4
1264310 1541.6
1264320 1540.0
1264330 1540.0
1264340 1537.5
1264350 1535.2
1264360 1535.2
1264370 1532.5
1264380 1527.8
1264390 1527.8
1264400 1521.7
1264410 1513.9
1264420 1509.1
1264430 1509.1
1264440 1512.3
1264450 1518.3
1264460 1518.3
1264470 1519.4
1264480 1517.2
1264490 1517.2
1264500 1512.5
1264510 1508.2
1264520 1508.2
1264530 1502.6
1264540 1496.6
1264550 1496.6
1264560 1483.2
1264570 1477.9
1264580 1477.9
1264590 1473.9
1264600 1469.8
1264610 1464.0
1264620 1464.0
1264630 1457.9
1264640 1450.4
1264650 1450.4
1264660 1441.4
1264670 1434.4
1264680 1434.4
1264690 1433.8
1264700 1435.0
1264710 1435.0
1264720 1432.4
1264730 1428.8
1264740 1428.8
1264750 1425.0
1264760 1422.7
1264770 1422.7
1264780 1419.6
1264790 1416.6
1264800 1416.6
1264810 1413.6
1264820 1411.1
1264830 1407.2
1264840 1407.2
1264850 1403.0
1264860 1398.9
1264870 1398.9
1264880 1395.7
1264890 1393.2
1264900 1393.2
1264910 1390.3
1264920 1386.3
1264930 1386.3
1264940 1381.9
1264950 1377.9
1264960 1377.9
1264970 1374.2
1264980 1370.2
1264990 1370.2
1265000 1365.6
1265010 1361.6
1265020 1361.6
1265030 1357.9
1265040 1353.7
1265050 1350.4
1265060 1350.4
1265070 1346.8
1265080 1344.6
1265090 1344.6
1265100 1344.9
1265110 1344.4
1265120 1344.4
1265130 1340.9
1265140 1340.3
1265150 1340.3
1265160 1338.9
1265170 1336.6
1265180 1336.6
1265190 1334.3
1265200 1332.1
1265210 1332.1
1265220 1329.7
1265230 1326.2
1265240 1326.2
1265250 1322.7
1265260 1321.4
1265270 1321.0
1265280 1321.0
1265290 1319.8
1265300 1319.3
1265310 1319.3
1265320 1316.5
1265330 1314.5
1265340 1314.5
1265350 1312.8
1265360 1311.0
1265370 1311.0
1265380 1308.8
1265390 1306.5
1265400 1306.5
1265410 1304.6
1265420 1302.9
1265430 1302.9
1265440 1300.9
1265450 1298.6
1265460 1298.6
1265470 1296.4
1265480 1294.3
1265490 1292.2
1265500 1292.2
1265510 1290.1
1265520 1287.8
1265530 1287.8
1265540 1285.8
1265550 1283.5
1265560 1283.5
1265570 1281.5
1265580 1279.7
1265590 1279.7
1265600 1278.0
1265610 1276.0
1265620 1276.0
1265630 1273.9
1265640 1271.9
1265650 1271.9
1265660 1270.3
1265670 1268.6
1265680 1268.6
1265690 1266.5
1265700 1264.5
1265710 1263.0
1265720 1263.0
1265730 1261.1
1265740 1259.4
1265750 1259.4
1265760 1257.8
1265770 1255.9
1265780 1255.9
1265790 1254.3
1265800 1252.6
1265810 1252.6
1265820 1251.2
1265830 1249.7
1265840 1249.7
1265850 1248.0
1265860 1246.4
1265870 1246.4
1265880 1244.7
1265890 1243.0
1265900 1243.0
1265910 1241.5
1265920 1240.2
1265930 1238.7
1265940 1238.7
1265950 1237.5
1265960 1236.3
1265970 1236.3
1265980 1234.6
1265990 1232.9
1266000 1232.9
1266010 1231.5
1266020 1230.4
1266030 1230.4
1266040 1229.4
1266050 1227.9
1266060 1227.9
1266070 1226.6
1266080 1225.4
1266090 1225.4
1266100 1224.7
1266110 1223.6
1266120 1223.6
1266130 1222.4
1266140 1221.4
1266150 1220.3
1266160 1220.3
1266170 1219.3
1266180 1218.4
1266190 1218.4
1266200 1217.5
1266210 1217.1
1266220 1217.1
1266230 1216.7
1266240 1216.2
1266250 1216.2
1266260 1214.9
1266270 1214.5
1266280 1214.5
1266290 1214.5
1266300 1214.7
1266310 1214.7
1266320 1214.7
1266330 1214.7
1266340 1214.6
1266350 1214.6
1266360 1214.4
1266370 1214.4
1266380 1214.4
1266390 1214.4
1266400 1214.5
1266410 1214.5
1266420 1214.8
1266430 1214.7
1266440 1214.7
1266450 1214.5
1266460 1214.1
1266470 1214.1
1266480 1213.8
1266490 1213.7
1266500 1213.7
1266510 1213.7
1266520 1213.6
1266530 1213.6
1266540 1213.3
1266550 1213.3
1266560 1213.4
1266570 1213.4
1266580 1213.5
1266590 1213.4
1266600 1213.4
1266610 1213.3
1266620 1213.2
1266630 1213.2
1266640 1213.1
1266650 1213.0
1266660 1213.0
1266670 1212.9
1266680 1212.8
1266690 1212.8
1266700 1212.8
1266710 1212.7
1266720 1212.7
1266730 1212.6
1266740 1212.5
1266750 1212.5
1266760 1212.5
1266770 1212.7
1266780 1212.8
1266790 1212.8
1266800 1212.5
1266810 1212.3
1266820 1212.3
1266830 1212.3
1266840 1212.4
1266850 1212.4
1266860 1212.5
1266870 1212.8
1266880 1212.8
1266890 1213.1
1266900 1213.1
1266910 1213.1
1266920 1212.8
1266930 1213.1
1266940 1213.1
1266950 1211.4
1266960 1211.7
1266970 1211.7
1266980 1215.7
1266990 1219.3
1267000 1220.5
1267010 1220.5
1267020 1221.1
1267030 1222.4
1267040 1222.4
1267050 1223.5
1267060 1224.9
1267070 1224.9
1267080 1226.0
1267090 1227.3
1267100 1227.3
1267110 1228.7
1267120 1230.2
1267130 1230.2
1267140 1231.7
1267150 1232.8
1267160 1232.8
1267170 1233.6
1267180 1234.1
1267190 1234.1
1267200 1235.0
1267210 1236.2
1267220 1236.9
1267230 1236.9
1267240 1237.5
1267250 1238.0
1267260 1238.0
1267270 1238.8
1267280 1240.4
1267290 1240.4
1267300 1242.3
1267310 1243.9
1267320 1243.9
1267330 1245.5
1267340 1247.5
1267350 1247.5
1267360 1249.6
1267370 1251.4
1267380 1251.4
1267390 1253.6
1267400 1255.9
1267410 1255.9
1267420 1258.5
1267430 1261.4
1267440 1264.5
1267450 1264.5
1267460 1268.7
1267470 1271.7
1267480 1271.7
1267490 1275.1
1267500 1278.5
1267510 1278.5
1267520 1281.2
1267530 1284.4
1267540 1284.4
1267550 1287.9
1267560 1290.9
1267570 1290.9
1267580 1294.6
1267590 1297.4
1267600 1297.4
1267610 1300.8
1267620 1303.6
1267630 1303.6
1267640 1306.2
1267650 1310.2
1267660 1314.3
1267670 1314.3
1267680 1317.7
1267690 1320.7
1267700 1320.7
1267710 1323.4
1267720 1325.6
1267730 1325.6
1267740 1327.5
1267750 1328.1
1267760 1328.1
1267770 1329.6
1267780 1332.0
1267790 1332.0
1267800 1335.7
1267810 1339.0
1267820 1339.0
1267830 1342.0
1267840 1344.9
1267850 1344.9
1267860 1347.8
1267870 1351.5
1267880 1356.3
1267890 1356.3
1267900 1362.3
1267910 1367.5
1267920 1367.5
1267930 1372.5
1267940 1377.9
1267950 1377.9
1267960 1382.7
1267970 1387.0
1267980 1387.0
1267990 1392.3
1268000 1397.7
1268010 1397.7
1268020 1402.0
1268030 1406.5
1268040 1411.4
1268050 1415.8
1268060 1420.8
1268070 1426.3
1268080 1426.3
1268090 1431.7
1268100 1437.0
1268110 1437.0
1268120 1442.6
1268130 1448.1
1268140 1448.1
1268150 1453.1
1268160 1457.6
1268170 1457.6
1268180 1459.2
1268190 1462.2
1268200 1462.2
1268210 1468.9
1268220 1474.0
1268230 1474.0
1268240 1477.4
1268250 1480.5
1268260 1480.5
1268270 1483.8
1268280 1488.6
1268290 1495.2
1268300 1495.2
1268310 1501.0
1268320 1506.9
1268330 1506.9
1268340 1513.4
1268350 1520.6
1268360 1520.6
1268370 1537.8
1268380 1549.8
1268390 1549.8
1268400 1558.8
1268410 1564.4
1268420 1564.4
1268430 1571.7
1268440 1582.8
1268450 1582.8
1268460 1588.0
1268470 1589.6
1268480 1589.6
1268490 1588.0
1268500 1583.0
1268510 1579.2
1268520 1579.2
1268530 1570.7
1268540 1564.6
1268550 1564.6
1268560 1561.1
1268570 1555.3
1268580 1555.3
1268590 1550.2
1268600 1543.2
1268610 1543.2
1268620 1544.2
1268630 1556.7
1268640 1556.7
1268650 1553.2
1268660 1547.5
1268670 1547.5
1268680 1542.1
1268690 1542.6
1268700 1542.6
1268710 1549.5
1268720 1562.9
1268730 1574.3
1268740 1574.3
1268750 1584.4
1268760 1593.7
1268770 1593.7
1268780 1601.0
1268790 1608.0
1268800 1608.0
1268810 1615.4
1268820 1622.5
1268830 1622.5
1268840 1629.1
1268850 1635.5
1268860 1635.5
1268870 1640.5
1268880 1642.2
1268890 1642.2
1268900 1641.7
1268910 1639.8
1268920 1639.8
1268930 1636.8
1268940 1633.2
1268950 1629.1
1268960 1629.1
1268970 1624.5
1268980 1617.8
1268990 1617.8
1269000 1610.5
1269010 1603.2
1269020 1603.2
1269030 1596.2
1269040 1588.3
1269050 1588.3
1269060 1580.7
1269070 1571.8
1269080 1571.8
1269090 1562.5
1269100 1554.0
1269110 1554.0
1269120 1546.4
1269130 1539.7
1269140 1539.7
1269150 1533.8
1269160 1531.6
1269170 1533.3
1269180 1533.3
1269190 1540.6
1269200 1549.9
1269210 1546.2
1269220 1554.3
1269230 1559.5
1269240 1559.5
1269250 1565.1
1269260 1571.1
1269270 1571.1
1269280 1576.5
1269290 1581.7
1269300 1581.7
1269310 1586.6
1269320 1591.8
1269330 1591.8
1269340 1597.1
1269350 1602.2
1269360 1602.2
1269370 1607.7
1269380 1613.3
1269390 1618.4
1269400 1618.4
1269410 1623.4
1269420 1628.1
1269430 1628.1
1269440 1633.0
1269450 1638.3
1269460 1638.3
1269470 1643.4
1269480 1648.7
1269490 1648.7
1269500 1653.9
1269510 1658.6
1269520 1658.6
1269530 1663.3
1269540 1667.5
1269550 1667.5
1269560 1670.4
1269570 1674.8
1269580 1674.8
1269590 1677.8
1269600 1680.7
1269610 1684.4
1269620 1684.4
1269630 1688.0
1269640 1692.0
1269650 1692.0
1269660 1698.0
1269670 1704.2
1269680 1704.2
1269690 1709.8
1269700 1715.2
1269710 1715.2
1269720 1720.3
1269730 1725.7
1269740 1725.7
1269750 1732.2
1269760 1738.8
1269770 1738.8
1269780 1746.0
1269790 1753.0
1269800 1762.1
1269810 1762.1
1269820 1770.1
1269830 1778.3
1269840 1778.3
1269850 1787.2
1269860 1796.6
1269870 1796.6
1269880 1806.8
1269890 1815.5
1269900 1815.5
1269910 1824.6
1269920 1837.9
1269930 1837.9
1269940 1847.5
1269950 1855.0
1269960 1855.0
1269970 1862.3
1269980 1869.4
1269990 1869.4
1270000 1875.7
1270010 1880.9
1270020 1885.7
1270030 1885.7
1270040 1889.2
1270050 1890.6
1270060 1890.6
1270070 1890.5
1270080 1889.7
1270090 1889.7
1270100 1888.7
1270110 1887.7
1270120 1887.7
1270130 1886.0
1270140 1883.9
1270150 1883.9
1270160 1881.6
1270170 1880.0
1270180 1880.0
1270190 1878.7
1270200 1876.9
1270210 1876.9
1270220 1874.5
1270230 1871.4
1270240 1867.9
1270250 1867.9
1270260 1862.7
1270270 1857.4
1270280 1857.4
1270290 1852.0
1270300 1847.3
1270310 1847.3
1270320 1842.7
1270330 1838.6
1270340 1838.6
1270350 1834.1
1270360 1829.9
1270370 1829.9
1270380 1825.2
1270390 1820.9
1270400 1822.8
1270410 1820.3
1270420 1821.8
1270430 1821.8
1270440 1825.7
1270450 1829.7
1270460 1832.3
1270470 1832.3
1270480 1834.6
1270490 1838.5
1270500 1838.5
1270510 1844.2
1270520 1850.1
1270530 1850.1
1270540 1855.1
1270550 1860.5
1270560 1860.5
1270570 1866.5
1270580 1872.6
1270590 1872.6
1270600 1878.9
1270610 1885.6
1270620 1885.6
1270630 1892.3
1270640 1900.0
1270650 1900.0
1270660 1908.4
1270670 1916.6
1270680 1925.5
1270690 1925.5
1270700 1933.3
1270710 1937.5
1270720 1937.5
1270730 1941.1
1270740 1944.3
1270750 1944.3
1270760 1947.7
1270770 1951.3
1270780 1951.3
1270790 1955.6
1270800 1960.5
1270810 1960.5
1270820 1965.2
1270830 1968.9
1270840 1968.9
1270850 1972.4
1270860 1976.1
1270870 1976.1
1270880 1979.8
1270890 1983.7
1270900 1987.4
1270910 1987.4
1270920 1990.6
1270930 1993.5
1270940 1993.5
1270950 1996.4
1270960 2000.6
1270970 2000.6
1270980 2004.9
1270990 2008.8
1271000 2008.8
1271010 2010.3
1271020 2012.1
1271030 2012.1
1271040 2014.5
1271050 2016.7
1271060 2016.7
1271070 2018.8
1271080 2021.0
1271090 2021.0
1271100 2023.9
1271110 2026.6
1271120 2029.2
1271130 2029.2
1271140 2032.3
1271150 2035.6
1271160 2035.6
1271170 2038.2
1271180 2039.3
1271190 2039.3
1271200 2039.7
1271210 2040.4
1271220 2040.4
1271230 2040.8
1271240 2041.3
1271250 2041.3
1271260 2041.4
1271270 2040.4
1271280 2040.4
1271290 2038.6
1271300 2037.6
1271310 2037.6
1271320 2036.9
1271330 2037.0
1271340 2038.2
1271350 2038.2
1271360 2040.3
1271370 2042.7
1271380 2042.7
1271390 2045.5
1271400 2048.7
1271410 2048.7
1271420 2052.1
1271430 2055.2
1271440 2055.2
1271450 2058.4
1271460 2061.7
1271470 2061.7
1271480 2064.3
1271490 2066.4
1271500 2066.4
1271510 2068.5
1271520 2070.7
1271530 2073.0
1271540 2073.0
1271550 2074.9
1271560 2077.0
1271570 2077.0
1271580 2081.1
1271590 2083.5
1271600 2083.5
1271610 2084.3
1271620 2085.0
1271630 2085.0
1271640 2085.8
1271650 2085.5
1271660 2085.5
1271670 2085.8
1271680 2085.9
1271690 2085.9
1271700 2086.7
1271710 2087.7
1271720 2087.7
1271730 2090.0
1271740 2095.7
1271750 2101.7
1271760 2101.7
1271770 2105.0
1271780 2107.4
1271790 2107.4
1271800 2109.1
1271810 2112.1
1271820 2112.1
1271830 2115.9
1271840 2119.0
1271850 2119.0
1271860 2121.1
1271870 2123.6
1271880 2123.6
1271890 2125.8
1271900 2128.6
1271910 2128.6
1271920 2131.1
1271930 2133.0
1271940 2133.0
1271950 2135.1
1271960 2136.7
1271970 2137.0
1271980 2137.0
1271990 2138.0
1272000 2141.3
1272010 2141.3
1272020 2144.2
1272030 2147.4
1272040 2147.4
1272050 2150.8
1272060 2148.8
1272070 2148.8
1272080 2143.5
1272090 2137.7
1272100 2137.7
1272110 2132.4
1272120 2127.5
1272130 2127.5
1272140 2122.9
1272150 2119.2
1272160 2119.2
1272170 2115.5
1272180 2112.0
1272190 2108.9
1272200 2108.9
1272210 2105.9
1272220 2103.3
1272230 2103.3
1272240 2101.5
1272250 2099.3
1272260 2099.3
1272270 2096.6
1272280 2094.1
1272290 2094.1
1272300 2091.5
1272310 2088.9
1272320 2088.9
1272330 2086.0
1272340 2082.6
1272350 2082.6
1272360 2080.0
1272370 2077.7
1272380 2077.7
1272390 2075.4
1272400 2073.2
1272410 2071.5
1272420 2071.5
1272430 2069.5
1272440 2066.8
1272450 2066.8
1272460 2063.7
1272470 2060.7
1272480 2060.7
1272490 2057.8
1272500 2054.6
1272510 2054.6
1272520 2051.3
1272530 2049.1
1272540 2049.1
1272550 2046.4
1272560 2043.9
1272570 2043.9
1272580 2041.6
1272590 2039.1
1272600 2039.1
1272610 2036.9
1272620 2034.9
1272630 2032.5
1272640 2032.5
1272650 2029.9
1272660 2028.1
1272670 2028.1
1272680 2026.6
1272690 2025.0
1272700 2025.0
1272710 2023.9
1272720 2023.8
1272730 2023.8
1272740 2024.1
1272750 2024.9
1272760 2024.9
1272770 2025.5
1272780 2028.9
1272790 2028.9
1272800 2029.1
1272810 2029.7
1272820 2029.7
1272830 2031.2
1272840 2034.0
1272850 2036.1
1272860 2036.1
1272870 2036.6
1272880 2037.9
1272890 2037.9
1272900 2039.5
1272910 2040.3
1272920 2040.3
1272930 2039.2
1272940 2037.2
1272950 2037.2
1272960 2037.5
1272970 2038.0
1272980 2038.0
1272990 2038.9
1273000 2040.0
1273010 2040.0
1273020 2042.2
1273030 2044.8
1273040 2044.8
1273050 2047.8
1273060 2051.5
1273070 2054.7
1273080 2054.7
1273090 2057.5
1273100 2061.0
1273110 2061.0
1273120 2065.3
1273130 2070.1
1273140 2070.1
1273150 2075.0
1273160 2080.0
1273170 2080.0
1273180 2085.3
1273190 2091.2
1273200 2091.2
1273210 2097.2
1273220 2103.4
1273230 2103.4
1273240 2109.4
1273250 2116.7
1273260 2125.1
1273270 2125.1
1273280 2133.5
1273290 2140.8
1273300 2140.8
1273310 2148.8
1273320 2156.9
1273330 2156.9
1273340 2164.3
1273350 2171.4
1273360 2171.4
1273370 2177.8
1273380 2176.1
1273390 2176.1
1273400 2175.9
1273410 2177.4
1273420 2177.4
1273430 2179.3
1273440 2181.2
1273450 2181.2
1273460 2183.0
1273470 2183.9
1273480 2184.5
1273490 2184.5
1273500 2184.4
1273510 2183.5
1273520 2183.5
1273530 2182.5
1273540 2181.6
1273550 2181.6
1273560 2181.3
1273570 2181.4
1273580 2181.4
1273590 2181.6
1273600 2180.4
1273610 2180.4
1273620 2178.7
1273630 2176.9
1273640 2176.9
1273650 2174.5
1273660 2172.3
1273670 2172.3
1273680 2169.5
1273690 2167.1
1273700 2165.0
1273710 2165.0
1273720 2162.1
1273730 2159.6
1273740 2159.6
1273750 2156.6
1273760 2153.1
1273770 2153.1
1273780 2150.3
1273790 2148.8
1273800 2148.8
1273810 2146.9
1273820 2145.2
1273830 2145.2
1273840 2143.6
1273850 2140.8
1273860 2140.8
1273870 2139.1
1273880 2138.0
1273890 2138.0
1273900 2136.5
1273910 2134.9
1273920 2133.3
1273930 2133.3
1273940 2131.5
1273950 2129.7
1273960 2129.7
1273970 2126.8
1273980 2120.9
1273990 2120.9
1274000 2117.7
1274010 2114.7
1274020 2114.7
1274030 2111.8
1274040 2109.3
1274050 2109.3
1274060 2107.1
1274070 2105.1
1274080 2105.1
1274090 2102.2
1274100 2098.7
1274110 2098.7
1274120 2094.9
1274130 2090.4
1274140 2083.9
1274150 2083.9
1274160 2079.3
1274170 2076.0
1274180 2076.0
1274190 2072.8
1274200 2071.5
1274210 2071.5
1274220 2070.1
1274230 2068.1
1274240 2068.1
1274250 2065.8
1274260 2063.1
1274270 2063.1
1274280 2059.5
1274290 2055.3
1274300 2055.3
1274310 2052.0
1274320 2049.0
1274330 2049.0
1274340 2045.7
1274350 2043.0
1274360 2041.3
1274370 2041.3
1274380 2040.2
1274390 2038.2
1274400 2038.2
1274410 2034.7
1274420 2030.1
1274430 2030.1
1274440 2026.5
1274450 2023.0
1274460 2023.0
1274470 2021.0
1274480 2019.6
1274490 2019.6
1274500 2017.1
1274510 2013.2
1274520 2013.2
1274530 2009.8
1274540 2005.2
1274550 2005.2
1274560 2000.2
1274570 1996.0
1274580 1990.1
1274590 1990.1
1274600 1988.5
1274610 1987.9
1274620 1987.9
1274630 1988.4
1274640 1988.3
1274650 1988.3
1274660 1986.4
1274670 1982.7
1274680 1982.7
1274690 1978.5
1274700 1977.3
1274710 1977.3
1274720 1977.4
1274730 1976.5
1274740 1976.5
1274750 1974.2
1274760 1970.7
1274770 1967.0
1274780 1967.0
1274790 1964.8
1274800 1959.9
1274810 1959.9
1274820 1955.9
1274830 1955.4
1274840 1955.4
1274850 1955.6
1274860 1955.0
1274870 1955.0
1274880 1953.1
1274890 1950.6
1274900 1950.6
1274910 1948.4
1274920 1945.6
1274930 1945.6
1274940 1943.0
1274950 1941.0
1274960 1941.0
1274970 1938.5
1274980 1935.4
1274990 1932.0
1275000 1932.0
1275010 1929.1
1275020 1926.8
1275030 1926.8
1275040 1923.6
1275050 1920.6
1275060 1920.6
1275070 1918.2
1275080 1916.2
1275090 1916.2
1275100 1913.9
1275110 1911.5
1275120 1911.5
1275130 1909.0
1275140 1906.9
1275150 1906.9
1275160 1904.1
1275170 1901.6
1275180 1902.1
1275190 1900.1
1275200 1897.4
1275210 1894.1
1275220 1894.1
1275230 1891.3
1275240 1888.9
1275250 1888.9
1275260 1886.3
1275270 1883.6
1275280 1883.6
1275290 1881.5
1275300 1877.8
1275310 1877.8
1275320 1873.8
1275330 1871.2
1275340 1871.2
1275350 1868.9
1275360 1867.7
1275370 1867.7
1275380 1866.9
1275390 1865.6
1275400 1865.6
1275410 1863.6
1275420 1860.6
1275430 1857.4
1275440 1857.4
1275450 1853.1
1275460 1849.1
1275470 1849.1
1275480 1845.2
1275490 1841.3
1275500 1841.3
1275510 1838.4
1275520 1836.2
1275530 1836.2
1275540 1833.6
1275550 1830.8
1275560 1830.8
1275570 1828.3
1275580 1825.3
1275590 1825.3
1275600 1822.5
1275610 1819.8
1275620 1819.8
1275630 1815.4
1275640 1810.7
1275650 1807.6
1275660 1807.6
1275670 1804.9
1275680 1800.7
1275690 1800.7
1275700 1795.7
1275710 1790.7
1275720 1790.7
1275730 1786.3
1275740 1782.1
1275750 1782.1
1275760 1778.4
1275770 1774.9
1275780 1774.9
1275790 1772.5
1275800 1768.2
1275810 1768.2
1275820 1764.6
1275830 1760.7
1275840 1760.7
1275850 1755.1
1275860 1748.6
1275870 1742.5
1275880 1742.5
1275890 1737.2
1275900 1732.8
1275910 1732.8
1275920 1727.4
1275930 1723.3
1275940 1723.3
1275950 1720.4
1275960 1716.8
1275970 1716.8
1275980 1712.8
1275990 1709.6
1276000 1709.6
1276010 1705.8
1276020 1701.5
1276030 1701.5
1276040 1696.5
1276050 1690.8
1276060 1690.8
1276070 1685.3
1276080 1681.0
1276090 1676.3
1276100 1676.3
1276110 1671.2
1276120 1665.8
1276130 1665.8
1276140 1660.2
1276150 1654.4
1276160 1654.4
1276170 1648.3
1276180 1641.3
1276190 1641.3
1276200 1634.8
1276210 1629.6
1276220 1629.6
1276230 1625.0
1276240 1620.9
1276250 1620.9
1276260 1617.4
1276270 1614.1
1276280 1614.1
1276290 1610.9
1276300 1607.5
1276310 1604.1
1276320 1604.1
1276330 1600.9
1276340 1597.5
1276350 1597.5
1276360 1592.4
1276370 1587.7
1276380 1587.7
1276390 1582.0
1276400 1580.1
1276410 1580.1
1276420 1574.0
1276430 1568.7
1276440 1568.7
1276450 1562.4
1276460 1556.2
1276470 1556.2
1276480 1550.5
1276490 1545.2
1276500 1540.1
1276510 1540.1
1276520 1536.5
1276530 1534.3
1276540 1534.3
1276550 1533.1
1276560 1531.6
1276570 1531.6
1276580 1530.4
1276590 1529.0
1276600 1529.0
1276610 1526.9
1276620 1523.6
1276630 1523.6
1276640 1519.3
1276650 1518.6
1276660 1518.6
1276670 1516.6
1276680 1512.6
1276690 1512.6
1276700 1506.9
1276710 1503.3
1276720 1501.0
1276730 1501.0
1276740 1496.2
1276750 1494.2
1276760 1494.2
1276770 1493.2
1276780 1491.6
1276790 1491.6
1276800 1489.5
1276810 1486.2
1276820 1486.2
1276830 1482.2
1276840 1478.0
1276850 1478.0
1276860 1472.8
1276870 1467.4
1276880 1467.4
1276890 1462.6
1276900 1458.7
1276910 1458.7
1276920 1455.2
1276930 1451.8
1276940 1448.2
1276950 1448.2
1276960 1444.0
1276970 1440.2
1276980 1440.2
1276990 1436.4
1277000 1433.1
1277010 1433.4
1277020 1429.4
1277030 1426.7
1277040 1426.7
1277050 1424.5
1277060 1422.2
1277070 1422.2
1277080 1418.8
1277090 1415.3
1277100 1415.3
1277110 1412.2
1277120 1409.3
1277130 1409.3
1277140 1406.1
1277150 1403.2
1277160 1400.3
1277170 1400.3
1277180 1397.8
1277190 1396.2
1277200 1396.2
1277210 1395.2
1277220 1394.4
1277230 1394.4
1277240 1393.0
1277250 1391.5
1277260 1391.5
1277270 1390.2
1277280 1388.5
1277290 1388.5
1277300 1386.6
1277310 1384.7
1277320 1384.7
1277330 1382.7
1277340 1381.1
1277350 1381.1
1277360 1379.3
1277370 1377.2
1277380 1374.5
1277390 1374.5
1277400 1370.8
1277410 1368.7
1277420 1368.7
1277430 1368.7
1277440 1367.8
1277450 1367.8
1277460 1365.8
1277470 1364.5
1277480 1364.5
1277490 1363.2
1277500 1360.8
1277510 1360.8
1277520 1358.9
1277530 1357.8
1277540 1357.8
1277550 1354.7
1277560 1350.5
1277570 1350.5
1277580 1346.8
1277590 1343.9
1277600 1341.2
1277610 1341.2
1277620 1339.7
1277630 1339.2
1277640 1339.2
1277650 1339.5
1277660 1338.0
1277670 1338.0
1277680 1335.8
1277690 1333.3
1277700 1333.3
1277710 1331.1
1277720 1329.5
1277730 1329.5
1277740 1328.4
1277750 1329.0
1277760 1329.0
1277770 1329.0
1277780 1329.4
1277790 1329.4
1277800 1330.9
1277810 1331.5
1277820 1332.8
1277830 1332.8
1277840 1333.9
1277850 1332.3
1277860 1332.3
1277870 1333.0
1277880 1337.2
1277890 1337.2
1277900 1341.6
1277910 1342.4
1277920 1342.4
1277930 1342.3
1277940 1341.9
1277950 1341.9
1277960 1341.1
1277970 1339.0
1277980 1339.0
1277990 1335.7
1278000 1334.4
1278010 1334.1
1278020 1334.1
1278030 1332.9
1278040 1327.3
1278050 1327.3
1278060 1317.9
1278070 1305.3
1278080 1305.3
1278090 1296.6
1278100 1287.9
1278110 1287.9
1278120 1279.7
1278130 1271.3
1278140 1271.3
1278150 1263.4
1278160 1256.2
1278170 1256.2
1278180 1249.4
1278190 1242.4
1278200 1242.4
1278210 1235.6
1278220 1229.7
1278230 1222.8
1278240 1222.8
1278250 1217.3
1278260 1212.5
1278270 1212.5
1278280 1207.2
1278290 1201.1
1278300 1201.1
1278310 1193.9
1278320 1187.1
1278330 1187.1
1278340 1181.7
1278350 1177.7
1278360 1177.7
1278370 1174.3
1278380 1168.6
1278390 1168.6
1278400 1160.4
1278410 1150.5
1278420 1150.5
1278430 1138.0
1278440 1121.4
1278450 1116.5
1278460 1116.5
1278470 1117.1
1278480 1119.9
1278490 1119.9
1278500 1126.3
1278510 1130.3
1278520 1130.3
1278530 1133.1
1278540 1135.7
1278550 1135.7
1278560 1138.5
1278570 1140.4
1278580 1140.4
1278590 1142.8
1278600 1145.7
1278610 1145.7
1278620 1148.8
1278630 1152.0
1278640 1152.0
1278650 1155.8
1278660 1160.2
1278670 1164.2
1278680 1164.2
1278690 1167.5
1278700 1169.4
1278710 1169.4
1278720 1170.7
1278730 1172.7
1278740 1172.7
1278750 1175.4
1278760 1179.3
1278770 1179.3
1278780 1184.3
1278790 1189.6
1278800 1189.6
1278810 1195.9
1278820 1203.2
1278830 1203.2
1278840 1211.0
1278850 1217.6
1278860 1217.6
1278870 1219.3
1278880 1225.4
1278890 1233.1
1278900 1233.1
1278910 1240.4
1278920 1247.2
1278930 1247.2
1278940 1253.6
1278950 1258.2
1278960 1258.2
1278970 1262.6
1278980 1267.7
1278990 1267.7
1279000 1273.2
1279010 1278.3
1279020 1278.3
1279030 1283.3
1279040 1288.9
1279050 1288.9
1279060 1295.2
1279070 1301.1
1279080 1301.1
1279090 1306.8
1279100 1312.3
1279110 1317.6
1279120 1317.6
1279130 1323.1
1279140 1329.4
1279150 1329.4
1279160 1333.8
1279170 1337.2
1279180 1337.2
1279190 1341.1
1279200 1345.1
1279210 1345.1
1279220 1348.8
1279230 1353.1
1279240 1353.1
1279250 1357.1
1279260 1360.4
1279270 1360.4
1279280 1364.8
1279290 1369.1
1279300 1369.1
1279310 1373.4
1279320 1377.4
1279330 1381.2
1279340 1381.2
1279350 1385.5
1279360 1390.1
1279370 1390.1
1279380 1394.3
1279390 1398.3
1279400 1398.3
1279410 1402.3
1279420 1407.3
1279430 1407.3
1279440 1412.5
1279450 1417.4
1279460 1417.4
1279470 1421.3
1279480 1425.9
1279490 1425.9
1279500 1431.3
1279510 1436.8
1279520 1443.5
1279530 1443.5
1279540 1450.7
1279550 1458.1
1279560 1458.1
1279570 1465.6
1279580 1473.0
1279590 1473.0
1279600 1479.0
1279610 1483.6
1279620 1483.6
1279630 1489.2
1279640 1495.7
1279650 1495.7
1279660 1501.0
1279670 1504.9
1279680 1504.9
1279690 1510.4
1279700 1517.5
1279710 1517.5
1279720 1525.2
1279730 1531.7
1279740 1537.6
1279750 1537.6
1279760 1543.6
1279770 1550.1
1279780 1550.1
1279790 1554.6
1279800 1546.6
1279810 1546.6
1279820 1530.9
1279830 1512.8
1279840 1512.8
1279850 1506.3
1279860 1504.7
1279870 1504.7
1279880 1503.2
1279890 1500.7
1279900 1500.7
1279910 1497.4
1279920 1493.5
1279930 1493.5
1279940 1490.8
1279950 1489.2
1279960 1486.2
1279970 1486.2
1279980 1481.6
1279990 1476.5
1260000 2024
1260010 2027
1260020 2030
1260030 2032
1260040 2035
1260050 2038
1260060 2041
1260070 2044
1260080 2046
1260090 2048
1260100 2050
1260110 2052
1260120 2054
1260130 2057
1260140 2060
1260150 2063
1260160 2067
1260170 2072
1260180 2076
1260190 2079
1260200 2081
1260210 2082
1260220 2085
1260230 2089
1260240 2094
1260250 2098
1260260 2101
1260270 2104
1260280 2106
1260290 2108
1260300 2110
1260310 2113
1260320 2115
1260330 2118
1260340 2120
1260350 2123
1260360 2126
1260370 2129
1260380 2132
1260390 2135
1260400 2138
1260410 2141
1260420 2144
1260430 2147
1260440 2151
1260450 2154
1260460 2158
1260470 2161
1260480 2165
1260490 2169
1260500 2173
1260510 2179
1260520 2186
1260530 2195
1260540 2205
1260550 2216
1260560 2224
1260570 2229
1260580 2234
1260590 2237
1260600 2241
1260610 2245
1260620 2249
1260630 2251
1260640 2253
1260650 2257
1260660 2261
1260670 2266
1260680 2271
1260690 2278
1260700 2282
1260710 2285
1260720 2289
1260730 2293
1260740 2297
1260750 2300
1260760 2304
1260770 2308
1260780 2312
1260790 2317
1260800 2321
1260810 2326
1260820 2331
1260830 2337
1260840 2342
1260850 2346
1260860 2349
1260870 2353
1260880 2370
1260890 2385
1260900 2404
1260910 2472
1260920 2504
1260930 2515
1260940 2543
1260950 2565
1260960 2583
1260970 2598
1260980 2607
1260990 2619
1261000 2645
1261010 2658
1261020 2663
1261030 2661
1261040 2648
1261050 2628
1261060 2600
1261070 2592
1261080 2592
1261090 2601
1261100 2594
1261110 2585
1261120 2575
1261130 2569
1261140 2552
1261150 2531
1261160 2514
1261170 2496
1261180 2482
1261190 2483
1261200 2484
1261210 2487
1261220 2492
1261230 2497
1261240 2503
1261250 2509
1261260 2516
1261270 2519
1261280 2517
1261290 2517
1261300 2511
1261310 2500
1261320 2490
1261330 2479
1261340 2467
1261350 2456
1261360 2445
1261370 2435
1261380 2431
1261390 2424
1261400 2416
1261410 2413
1261420 2407
1261430 2400
1261440 2392
1261450 2386
1261460 2371
1261470 2341
1261480 2316
1261490 2295
1261500 2280
1261510 2276
1261520 2272
1261530 2268
1261540 2263
1261550 2259
1261560 2255
1261570 2250
1261580 2246
1261590 2241
1261600 2237
1261610 2232
1261620 2227
1261630 2223
1261640 2218
1261650 2213
1261660 2209
1261670 2204
1261680 2199
1261690 2195
1261700 2190
1261710 2186
1261720 2181
1261730 2177
1261740 2173
1261750 2168
1261760 2164
1261770 2160
1261780 2156
1261790 2152
1261800 2148
1261810 2144
1261820 2140
1261830 2136
1261840 2132
1261850 2128
1261860 2124
1261870 2120
1261880 2116
1261890 2112
1261900 2108
1261910 2104
1261920 2100
1261930 2096
1261940 2093
1261950 2089
1261960 2085
1261970 2081
1261980 2077
1261990 2073
1262000 2070
1262010 2066
1262020 2062
1262030 2058
1262040 2054
1262050 2051
1262060 2047
1262070 2042
1262080 2039
1262090 2035
1262100 2031
1262110 2025
1262120 2018
1262130 2009
1262140 2005
1262150 1999
1262160 1990
1262170 1983
1262180 1975
1262190 1967
1262200 1963
1262210 1959
1262220 1957
1262230 1955
1262240 1954
1262250 1953
1262260 1952
1262270 1950
1262280 1947
1262290 1943
1262300 1939
1262310 1935
1262320 1933
1262330 1933
1262340 1933
1262350 1934
1262360 1936
1262370 1939
1262380 1942
1262390 1944
1262400 1944
1262410 1948
1262420 1975
1262430 1990
1262440 2000
1262450 2009
1262460 2020
1262470 2030
1262480 2035
1262490 2034
1262500 2031
1262510 2027
1262520 2020
1262530 2010
1262540 1995
1262550 1988
1262560 1985
1262570 1987
1262580 1983
1262590 1985
1262600 1991
1262610 1995
1262620 2000
1262630 2004
1262640 2002
1262650 1998
1262660 1994
1262670 1989
1262680 1981
1262690 1973
1262700 1968
1262710 1959
1262720 1945
1262730 1923
1262740 1913
1262750 1899
1262760 1882
1262770 1878
1262780 1875
1262790 1872
1262800 1871
1262810 1868
1262820 1864
1262830 1849
1262840 1835
1262850 1822
1262860 1809
1262870 1800
1262880 1791
1262890 1777
1262900 1763
1262910 1747
1262920 1727
1262930 1717
1262940 1715
1262950 1724
1262960 1747
1262970 1762
1262980 1769
1262990 1796
1263000 1813
1263010 1822
1263020 1827
1263030 1831
1263040 1833
1263050 1838
1263060 1838
1263070 1838
1263080 1844
1263090 1848
1263100 1850
1263110 1845
1263120 1849
1263130 1850
1263140 1845
1263150 1838
1263160 1829
1263170 1819
1263180 1813
1263190 1807
1263200 1801
1263210 1802
1263220 1800
1263230 1795
1263240 1789
1263250 1782
1263260 1774
1263270 1768
1263280 1756
1263290 1743
1263300 1735
1263310 1734
1263320 1737
1263330 1744
1263340 1747
1263350 1755
1263360 1772
1263370 1779
1263380 1786
1263390 1796
1263400 1821
1263410 1837
1263420 1844
1263430 1867
1263440 1877
1263450 1877
1263460 1876
1263470 1875
1263480 1877
1263490 1881
1263500 1880
1263510 1879
1263520 1880
1263530 1879
1263540 1877
1263550 1872
1263560 1863
1263570 1853
1263580 1844
1263590 1835
1263600 1822
1263610 1805
1263620 1796
1263630 1786
1263640 1779
1263650 1788
1263660 1809
1263670 1831
1263680 1827
1263690 1824
1263700 1825
1263710 1840
1263720 1847
1263730 1849
1263740 1845
1263750 1829
1263760 1807
1263770 1781
1263780 1769
1263790 1754
1263800 1734
1263810 1727
1263820 1719
1263830 1709
1263840 1703
1263850 1697
1263860 1691
1263870 1686
1263880 1679
1263890 1674
1263900 1672
1263910 1671
1263920 1671
1263930 1667
1263940 1659
1263950 1651
1263960 1644
1263970 1638
1263980 1633
1263990 1629
1264000 1620
1264010 1611
1264020 1601
1264030 1595
1264040 1588
1264050 1582
1264060 1574
1264070 1567
1264080 1559
1264090 1553
1264100 1547
1264110 1542
1264120 1538
1264130 1544
1264140 1553
1264150 1560
1264160 1565
1264170 1568
1264180 1569
1264190 1566
1264200 1564
1264210 1561
1264220 1558
1264230 1555
1264240 1553
1264250 1551
1264260 1550
1264270 1548
1264280 1547
1264290 1545
1264300 1543
1264310 1542
1264320 1541
1264330 1540
1264340 1538
1264350 1536
1264360 1534
1264370 1532
1264380 1528
1264390 1524
1264400 1519
1264410 1513
1264420 1509
1264430 1508
1264440 1511
1264450 1514
1264460 1519
1264470 1518
1264480 1516
1264490 1514
1264500 1510
1264510 1507
1264520 1504
1264530 1500
1264540 1496
1264550 1491
1264560 1487
1264570 1484
1264580 1481
1264590 1479
1264600 1478
1264610 1475
1264620 1470
1264630 1464
1264640 1458
1264650 1452
1264660 1445
1264670 1439
1264680 1435
1264690 1437
1264700 1437
1264710 1436
1264720 1434
1264730 1432
1264740 1429
1264750 1426
1264760 1424
1264770 1422
1264780 1420
1264790 1418
1264800 1416
1264810 1414
1264820 1412
1264830 1409
1264840 1406
1264850 1404
1264860 1401
1264870 1398
1264880 1396
1264890 1394
1264900 1392
1264910 1390
1264920 1387
1264930 1384
1264940 1381
1264950 1379
1264960 1376
1264970 1373
1264980 1370
1264990 1367
1265000 1365
1265010 1362
1265020 1359
1265030 1357
1265040 1354
1265050 1352
1265060 1351
1265070 1352
1265080 1353
1265090 1354
1265100 1349
1265110 1345
1265120 1343
1265130 1342
1265140 1341
1265150 1340
1265160 1339
1265170 1337
1265180 1335
1265190 1334
1265200 1332
1265210 1331
1265220 1328
1265230 1326
1265240 1323
1265250 1322
1265260 1323
1265270 1322
1265280 1321
1265290 1321
1265300 1320
1265310 1318
1265320 1317
1265330 1315
1265340 1314
1265350 1313
1265360 1311
1265370 1310
1265380 1308
1265390 1307
1265400 1305
1265410 1304
1265420 1303
1265430 1302
1265440 1300
1265450 1298
1265460 1297
1265470 1296
1265480 1294
1265490 1293
1265500 1291
1265510 1290
1265520 1288
1265530 1287
1265540 1285
1265550 1283
1265560 1282
1265570 1281
1265580 1280
1265590 1279
1265600 1277
1265610 1276
1265620 1275
1265630 1273
1265640 1272
1265650 1271
1265660 1270
1265670 1268
1265680 1267
1265690 1265
1265700 1264
1265710 1263
1265720 1262
1265730 1261
1265740 1259
1265750 1258
1265760 1257
1265770 1256
1265780 1254
1265790 1254
1265800 1252
1265810 1251
1265820 1250
1265830 1249
1265840 1248
1265850 1247
1265860 1246
1265870 1245
1265880 1244
1265890 1243
1265900 1242
1265910 1241
1265920 1240
1265930 1239
1265940 1238
1265950 1237
1265960 1236
1265970 1235
1265980 1234
1265990 1233
1266000 1232
1266010 1231
1266020 1230
1266030 1230
1266040 1229
1266050 1228
1266060 1227
1266070 1226
1266080 1225
1266090 1224
1266100 1224
1266110 1223
1266120 1222
1266130 1222
1266140 1221
1266150 1220
1266160 1219
1266170 1219
1266180 1218
1266190 1217
1266200 1217
1266210 1217
1266220 1216
1266230 1216
1266240 1216
1266250 1215
1266260 1214
1266270 1214
1266280 1214
1266290 1214
1266300 1214
1266310 1214
1266320 1214
1266330 1214
1266340 1214
1266350 1214
1266360 1214
1266370 1214
1266380 1214
1266390 1214
1266400 1214
1266410 1214
1266420 1214
1266430 1214
1266440 1214
1266450 1214
1266460 1214
1266470 1213
1266480 1213
1266490 1213
1266500 1213
1266510 1213
1266520 1213
1266530 1213
1266540 1213
1266550 1212
1266560 1213
1266570 1213
1266580 1213
1266590 1213
1266600 1213
1266610 1213
1266620 1213
1266630 1213
1266640 1213
1266650 1213
1266660 1213
1266670 1212
1266680 1212
1266690 1212
1266700 1212
1266710 1212
1266720 1212
1266730 1212
1266740 1212
1266750 1212
1266760 1212
1266770 1212
1266780 1212
1266790 1212
1266800 1212
1266810 1212
1266820 1212
1266830 1212
1266840 1212
1266850 1212
1266860 1212
1266870 1212
1266880 1212
1266890 1212
1266900 1212
1266910 1212
1266920 1212
1266930 1212
1266940 1212
1266950 1211
1266960 1211
1266970 1212
1266980 1215
1266990 1217
1267000 1219
1267010 1219
1267020 1220
1267030 1220
1267040 1221
1267050 1222
1267060 1223
1267070 1224
1267080 1225
1267090 1226
1267100 1227
1267110 1228
1267120 1229
1267130 1230
1267140 1231
1267150 1231
1267160 1232
1267170 1233
1267180 1233
1267190 1233
1267200 1234
1267210 1235
1267220 1236
1267230 1236
1267240 1237
1267250 1237
1267260 1237
1267270 1238
1267280 1239
1267290 1241
1267300 1242
1267310 1243
1267320 1244
1267330 1245
1267340 1247
1267350 1248
1267360 1250
1267370 1251
1267380 1252
1267390 1254
1267400 1255
1267410 1257
1267420 1259
1267430 1261
1267440 1263
1267450 1265
1267460 1267
1267470 1269
1267480 1271
1267490 1274
1267500 1276
1267510 1278
1267520 1280
1267530 1282
1267540 1284
1267550 1287
1267560 1289
1267570 1291
1267580 1294
1267590 1296
1267600 1298
1267610 1300
1267620 1302
1267630 1303
1267640 1306
1267650 1309
1267660 1311
1267670 1314
1267680 1316
1267690 1318
1267700 1320
1267710 1322
1267720 1323
1267730 1325
1267740 1326
1267750 1326
1267760 1327
1267770 1328
1267780 1330
1267790 1332
1267800 1335
1267810 1337
1267820 1340
1267830 1341
1267840 1343
1267850 1346
1267860 1348
1267870 1351
1267880 1354
1267890 1358
1267900 1362
1267910 1366
1267920 1369
1267930 1373
1267940 1376
1267950 1380
1267960 1383
1267970 1386
1267980 1389
1267990 1393
1268000 1397
1268010 1400
1268020 1403
1268030 1406
1268040 1410
1268050 1413
1268060 1417
1268070 1421
1268080 1424
1268090 1428
1268100 1432
1268110 1436
1268120 1440
1268130 1443
1268140 1446
1268150 1450
1268160 1453
1268170 1455
1268180 1455
1268190 1459
1268200 1463
1268210 1467
1268220 1470
1268230 1473
1268240 1475
1268250 1477
1268260 1480
1268270 1482
1268280 1486
1268290 1490
1268300 1495
1268310 1499
1268320 1503
1268330 1508
1268340 1512
1268350 1517
1268360 1524
1268370 1538
1268380 1546
1268390 1552
1268400 1558
1268410 1562
1268420 1566
1268430 1571
1268440 1579
1268450 1584
1268460 1588
1268470 1589
1268480 1588
1268490 1586
1268500 1583
1268510 1580
1268520 1576
1268530 1571
1268540 1567
1268550 1564
1268560 1562
1268570 1558
1268580 1554
1268590 1551
1268600 1546
1268610 1544
1268620 1547
1268630 1549
1268640 1548
1268650 1543
1268660 1540
1268670 1537
1268680 1534
1268690 1539
1268700 1544
1268710 1550
1268720 1560
1268730 1567
1268740 1574
1268750 1582
1268760 1588
1268770 1593
1268780 1597
1268790 1602
1268800 1608
1268810 1614
1268820 1619
1268830 1624
1268840 1628
1268850 1633
1268860 1636
1268870 1640
1268880 1640
1268890 1640
1268900 1640
1268910 1639
1268920 1637
1268930 1635
1268940 1632
1268950 1630
1268960 1627
1268970 1624
1268980 1619
1268990 1614
1269000 1609
1269010 1605
1269020 1600
1269030 1595
1269040 1590
1269050 1584
1269060 1579
1269070 1573
1269080 1567
1269090 1561
1269100 1555
1269110 1550
1269120 1545
1269130 1540
1269140 1536
1269150 1532
1269160 1532
1269170 1532
1269180 1534
1269190 1539
1269200 1546
1269210 1552
1269220 1556
1269230 1559
1269240 1562
1269250 1566
1269260 1570
1269270 1574
1269280 1577
1269290 1581
1269300 1584
1269310 1587
1269320 1591
1269330 1594
1269340 1598
1269350 1601
1269360 1605
1269370 1609
1269380 1613
1269390 1616
1269400 1620
1269410 1623
1269420 1626
1269430 1629
1269440 1633
1269450 1636
1269460 1639
1269470 1643
1269480 1646
1269490 1650
1269500 1653
1269510 1657
1269520 1660
1269530 1663
1269540 1666
1269550 1668
1269560 1670
1269570 1673
1269580 1676
1269590 1678
1269600 1680
1269610 1682
1269620 1684
1269630 1687
1269640 1690
1269650 1694
1269660 1698
1269670 1702
1269680 1706
1269690 1710
1269700 1714
1269710 1717
1269720 1721
1269730 1724
1269740 1729
1269750 1733
1269760 1737
1269770 1742
1269780 1748
1269790 1752
1269800 1758
1269810 1764
1269820 1770
1269830 1776
1269840 1783
1269850 1789
1269860 1795
1269870 1802
1269880 1809
1269890 1814
1269900 1820
1269910 1826
1269920 1835
1269930 1843
1269940 1849
1269950 1855
1269960 1860
1269970 1864
1269980 1869
1269990 1873
1270000 1878
1270010 1881
1270020 1884
1270030 1887
1270040 1889
1270050 1890
1270060 1891
1270070 1890
1270080 1890
1270090 1889
1270100 1888
1270110 1887
1270120 1886
1270130 1885
1270140 1884
1270150 1882
1270160 1880
1270170 1879
1270180 1879
1270190 1878
1270200 1876
1270210 1875
1270220 1873
1270230 1871
1270240 1869
1270250 1866
1270260 1862
1270270 1859
1270280 1855
1270290 1852
1270300 1848
1270310 1845
1270320 1842
1270330 1839
1270340 1837
1270350 1834
1270360 1831
1270370 1828
1270380 1825
1270390 1821
1270400 1819
1270410 1819
1270420 1821
1270430 1823
1270440 1825
1270450 1827
1270460 1829
1270470 1830
1270480 1832
1270490 1835
1270500 1838
1270510 1843
1270520 1847
1270530 1852
1270540 1855
1270550 1859
1270560 1863
1270570 1867
1270580 1871
1270590 1876
1270600 1880
1270610 1885
1270620 1890
1270630 1895
1270640 1900
1270650 1906
1270660 1911
1270670 1916
1270680 1922
1270690 1927
1270700 1933
1270710 1936
1270720 1939
1270730 1941
1270740 1943
1270750 1945
1270760 1947
1270770 1950
1270780 1952
1270790 1956
1270800 1959
1270810 1962
1270820 1966
1270830 1968
1270840 1970
1270850 1972
1270860 1975
1270870 1978
1270880 1980
1270890 1983
1270900 1986
1270910 1988
1270920 1990
1270930 1992
1270940 1994
1270950 1996
1270960 1999
1270970 2003
1270980 2006
1270990 2008
1271000 2009
1271010 2010
1271020 2012
1271030 2013
1271040 2015
1271050 2016
1271060 2018
1271070 2019
1271080 2020
1271090 2022
1271100 2024
1271110 2025
1271120 2027
1271130 2029
1271140 2031
1271150 2034
1271160 2036
1271170 2037
1271180 2038
1271190 2038
1271200 2039
1271210 2039
1271220 2039
1271230 2040
1271240 2040
1271250 2040
1271260 2039
1271270 2038
1271280 2037
1271290 2036
1271300 2036
1271310 2036
1271320 2036
1271330 2036
1271340 2037
1271350 2038
1271360 2040
1271370 2041
1271380 2043
1271390 2045
1271400 2047
1271410 2049
1271420 2052
1271430 2054
1271440 2056
1271450 2058
1271460 2061
1271470 2063
1271480 2064
1271490 2066
1271500 2067
1271510 2069
1271520 2070
1271530 2072
1271540 2073
1271550 2075
1271560 2076
1271570 2078
1271580 2079
1271590 2081
1271600 2083
1271610 2083
1271620 2084
1271630 2084
1271640 2085
1271650 2084
1271660 2084
1271670 2084
1271680 2085
1271690 2085
1271700 2086
1271710 2086
1271720 2087
1271730 2090
1271740 2094
1271750 2098
1271760 2101
1271770 2102
1271780 2104
1271790 2106
1271800 2107
1271810 2109
1271820 2112
1271830 2114
1271840 2116
1271850 2118
1271860 2120
1271870 2122
1271880 2123
1271890 2124
1271900 2127
1271910 2129
1271920 2130
1271930 2132
1271940 2133
1271950 2135
1271960 2136
1271970 2136
1271980 2136
1271990 2137
1272000 2140
1272010 2142
1272020 2144
1272030 2146
1272040 2148
1272050 2151
1272060 2149
1272070 2146
1272080 2142
1272090 2138
1272100 2135
1272110 2131
1272120 2128
1272130 2125
1272140 2122
1272150 2119
1272160 2116
1272170 2114
1272180 2112
1272190 2110
1272200 2108
1272210 2106
1272220 2104
1272230 2102
1272240 2101
1272250 2100
1272260 2098
1272270 2096
1272280 2095
1272290 2093
1272300 2091
1272310 2089
1272320 2087
1272330 2085
1272340 2083
1272350 2081
1272360 2079
1272370 2077
1272380 2076
1272390 2074
1272400 2073
1272410 2072
1272420 2070
1272430 2069
1272440 2067
1272450 2065
1272460 2063
1272470 2061
1272480 2059
1272490 2057
1272500 2055
1272510 2052
1272520 2050
1272530 2049
1272540 2047
1272550 2045
1272560 2044
1272570 2042
1272580 2041
1272590 2039
1272600 2037
1272610 2036
1272620 2034
1272630 2033
1272640 2031
1272650 2029
1272660 2028
1272670 2027
1272680 2026
1272690 2025
1272700 2024
1272710 2023
1272720 2024
1272730 2024
1272740 2024
1272750 2025
1272760 2025
1272770 2026
1272780 2026
1272790 2026
1272800 2026
1272810 2026
1272820 2027
1272830 2028
1272840 2031
1272850 2032
1272860 2033
1272870 2034
1272880 2035
1272890 2036
1272900 2036
1272910 2037
1272920 2037
1272930 2036
1272940 2035
1272950 2035
1272960 2036
1272970 2036
1272980 2037
1272990 2038
1273000 2038
1273010 2040
1273020 2041
1273030 2043
1273040 2045
1273050 2047
1273060 2050
1273070 2052
1273080 2054
1273090 2057
1273100 2059
1273110 2062
1273120 2065
1273130 2068
1273140 2071
1273150 2075
1273160 2078
1273170 2082
1273180 2085
1273190 2089
1273200 2093
1273210 2098
1273220 2102
1273230 2106
1273240 2111
1273250 2116
1273260 2121
1273270 2127
1273280 2133
1273290 2138
1273300 2143
1273310 2149
1273320 2154
1273330 2160
1273340 2165
1273350 2170
1273360 2174
1273370 2177
1273380 2175
1273390 2175
1273400 2175
1273410 2176
1273420 2177
1273430 2179
1273440 2180
1273450 2182
1273460 2183
1273470 2183
1273480 2184
1273490 2184
1273500 2184
1273510 2184
1273520 2183
1273530 2183
1273540 2182
1273550 2182
1273560 2182
1273570 2182
1273580 2182
1273590 2182
1273600 2181
1273610 2180
1273620 2179
1273630 2177
1273640 2176
1273650 2174
1273660 2173
1273670 2171
1273680 2169
1273690 2167
1273700 2166
1273710 2164
1273720 2162
1273730 2160
1273740 2158
1273750 2156
1273760 2154
1273770 2152
1273780 2150
1273790 2149
1273800 2148
1273810 2146
1273820 2145
1273830 2144
1273840 2143
1273850 2141
1273860 2139
1273870 2138
1273880 2138
1273890 2137
1273900 2136
1273910 2134
1273920 2133
1273930 2132
1273940 2130
1273950 2129
1273960 2128
1273970 2125
1273980 2123
1273990 2121
1274000 2118
1274010 2116
1274020 2114
1274030 2112
1274040 2110
1274050 2109
1274060 2107
1274070 2106
1274080 2104
1274090 2102
1274100 2099
1274110 2097
1274120 2093
1274130 2090
1274140 2085
1274150 2082
1274160 2079
1274170 2077
1274180 2075
1274190 2073
1274200 2072
1274210 2071
1274220 2070
1274230 2069
1274240 2067
1274250 2066
1274260 2064
1274270 2061
1274280 2059
1274290 2056
1274300 2054
1274310 2052
1274320 2050
1274330 2047
1274340 2045
1274350 2043
1274360 2042
1274370 2041
1274380 2040
1274390 2038
1274400 2037
1274410 2035
1274420 2031
1274430 2028
1274440 2025
1274450 2022
1274460 2021
1274470 2020
1274480 2019
1274490 2018
1274500 2016
1274510 2013
1274520 2011
1274530 2008
1274540 2005
1274550 2001
1274560 1998
1274570 1995
1274580 1992
1274590 1991
1274600 1989
1274610 1989
1274620 1988
1274630 1988
1274640 1988
1274650 1987
1274660 1985
1274670 1982
1274680 1980
1274690 1978
1274700 1978
1274710 1978
1274720 1978
1274730 1977
1274740 1975
1274750 1973
1274760 1971
1274770 1968
1274780 1966
1274790 1965
1274800 1961
1274810 1958
1274820 1955
1274830 1955
1274840 1955
1274850 1955
1274860 1955
1274870 1954
1274880 1952
1274890 1951
1274900 1949
1274910 1948
1274920 1946
1274930 1944
1274940 1942
1274950 1941
1274960 1939
1274970 1937
1274980 1935
1274990 1933
1275000 1931
1275010 1928
1275020 1927
1275030 1925
1275040 1923
1275050 1921
1275060 1919
1275070 1918
1275080 1916
1275090 1915
1275100 1913
1275110 1911
1275120 1910
1275130 1908
1275140 1906
1275150 1905
1275160 1903
1275170 1902
1275180 1900
1275190 1898
1275200 1896
1275210 1894
1275220 1892
1275230 1891
1275240 1890
1275250 1888
1275260 1886
1275270 1883
1275280 1882
1275290 1880
1275300 1877
1275310 1875
1275320 1872
1275330 1871
1275340 1869
1275350 1868
1275360 1868
1275370 1868
1275380 1867
1275390 1866
1275400 1864
1275410 1863
1275420 1860
1275430 1858
1275440 1856
1275450 1853
1275460 1850
1275470 1848
1275480 1845
1275490 1842
1275500 1840
1275510 1838
1275520 1836
1275530 1834
1275540 1833
1275550 1831
1275560 1829
1275570 1827
1275580 1825
1275590 1823
1275600 1821
1275610 1819
1275620 1817
1275630 1813
1275640 1810
1275650 1808
1275660 1806
1275670 1805
1275680 1802
1275690 1799
1275700 1795
1275710 1791
1275720 1788
1275730 1786
1275740 1783
1275750 1780
1275760 1778
1275770 1775
1275780 1773
1275790 1770
1275800 1767
1275810 1765
1275820 1763
1275830 1760
1275840 1756
1275850 1752
1275860 1747
1275870 1743
1275880 1739
1275890 1736
1275900 1733
1275910 1730
1275920 1727
1275930 1725
1275940 1723
1275950 1720
1275960 1718
1275970 1715
1275980 1712
1275990 1710
1276000 1708
1276010 1705
1276020 1702
1276030 1698
1276040 1694
1276050 1690
1276060 1686
1276070 1683
1276080 1680
1276090 1677
1276100 1674
1276110 1671
1276120 1667
1276130 1663
1276140 1659
1276150 1655
1276160 1651
1276170 1647
1276180 1642
1276190 1638
1276200 1633
1276210 1630
1276220 1627
1276230 1624
1276240 1621
1276250 1619
1276260 1616
1276270 1614
1276280 1612
1276290 1610
1276300 1607
1276310 1605
1276320 1603
1276330 1600
1276340 1598
1276350 1595
1276360 1592
1276370 1589
1276380 1586
1276390 1582
1276400 1578
1276410 1574
1276420 1570
1276430 1567
1276440 1563
1276450 1559
1276460 1554
1276470 1551
1276480 1547
1276490 1543
1276500 1540
1276510 1537
1276520 1535
1276530 1533
1276540 1532
1276550 1531
1276560 1530
1276570 1529
1276580 1529
1276590 1528
1276600 1526
1276610 1524
1276620 1522
1276630 1518
1276640 1516
1276650 1516
1276660 1515
1276670 1514
1276680 1511
1276690 1507
1276700 1504
1276710 1501
1276720 1500
1276730 1498
1276740 1495
1276750 1494
1276760 1493
1276770 1493
1276780 1491
1276790 1490
1276800 1489
1276810 1487
1276820 1484
1276830 1481
1276840 1479
1276850 1475
1276860 1472
1276870 1468
1276880 1464
1276890 1461
1276900 1459
1276910 1456
1276920 1454
1276930 1452
1276940 1449
1276950 1447
1276960 1444
1276970 1441
1276980 1438
1276990 1436
1277000 1433
1277010 1431
1277020 1429
1277030 1428
1277040 1426
1277050 1424
1277060 1423
1277070 1421
1277080 1418
1277090 1416
1277100 1414
1277110 1412
1277120 1410
1277130 1408
1277140 1406
1277150 1404
1277160 1402
1277170 1400
1277180 1397
1277190 1396
1277200 1395
1277210 1394
1277220 1393
1277230 1393
1277240 1392
1277250 1391
1277260 1390
1277270 1389
1277280 1388
1277290 1387
1277300 1386
1277310 1384
1277320 1383
1277330 1382
1277340 1381
1277350 1379
1277360 1378
1277370 1377
1277380 1375
1277390 1373
1277400 1371
1277410 1369
1277420 1368
1277430 1368
1277440 1367
1277450 1366
1277460 1365
1277470 1364
1277480 1363
1277490 1362
1277500 1360
1277510 1359
1277520 1358
1277530 1358
1277540 1355
1277550 1353
1277560 1351
1277570 1347
1277580 1345
1277590 1344
1277600 1342
1277610 1340
1277620 1339
1277630 1338
1277640 1338
1277650 1338
1277660 1338
1277670 1337
1277680 1336
1277690 1334
1277700 1332
1277710 1331
1277720 1329
1277730 1329
1277740 1328
1277750 1328
1277760 1328
1277770 1328
1277780 1328
1277790 1329
1277800 1330
1277810 1331
1277820 1331
1277830 1333
1277840 1333
1277850 1332
1277860 1331
1277870 1332
1277880 1335
1277890 1339
1277900 1341
1277910 1342
1277920 1341
1277930 1341
1277940 1341
1277950 1341
1277960 1340
1277970 1339
1277980 1336
1277990 1335
1278000 1334
1278010 1334
1278020 1333
1278030 1332
1278040 1329
1278050 1324
1278060 1317
1278070 1308
1278080 1301
1278090 1295
1278100 1289
1278110 1283
1278120 1278
1278130 1272
1278140 1267
1278150 1262
1278160 1257
1278170 1252
1278180 1248
1278190 1243
1278200 1238
1278210 1234
1278220 1230
1278230 1225
1278240 1221
1278250 1218
1278260 1216
1278270 1213
1278280 1209
1278290 1205
1278300 1200
1278310 1195
1278320 1190
1278330 1185
1278340 1182
1278350 1179
1278360 1177
1278370 1174
1278380 1171
1278390 1165
1278400 1158
1278410 1152
1278420 1145
1278430 1132
1278440 1120
1278450 1117
1278460 1116
1278470 1115
1278480 1117
1278490 1121
1278500 1125
1278510 1128
1278520 1130
1278530 1132
1278540 1134
1278550 1136
1278560 1138
1278570 1139
1278580 1141
1278590 1143
1278600 1145
1278610 1147
1278620 1149
1278630 1151
1278640 1153
1278650 1156
1278660 1159
1278670 1162
1278680 1165
1278690 1167
1278700 1168
1278710 1169
1278720 1170
1278730 1172
1278740 1173
1278750 1175
1278760 1178
1278770 1181
1278780 1184
1278790 1188
1278800 1192
1278810 1197
1278820 1202
1278830 1207
1278840 1212
1278850 1216
1278860 1218
1278870 1220
1278880 1223
1278890 1229
1278900 1234
1278910 1238
1278920 1242
1278930 1247
1278940 1251
1278950 1254
1278960 1257
1278970 1260
1278980 1263
1278990 1267
1279000 1270
1279010 1274
1279020 1278
1279030 1282
1279040 1286
1279050 1290
1279060 1295
1279070 1299
1279080 1304
1279090 1307
1279100 1311
1279110 1315
1279120 1319
1279130 1322
1279140 1327
1279150 1330
1279160 1333
1279170 1335
1279180 1338
1279190 1341
1279200 1344
1279210 1346
1279220 1349
1279230 1352
1279240 1355
1279250 1357
1279260 1360
1279270 1362
1279280 1365
1279290 1368
1279300 1371
1279310 1374
1279320 1377
1279330 1379
1279340 1382
1279350 1385
1279360 1388
1279370 1391
1279380 1394
1279390 1397
1279400 1400
1279410 1403
1279420 1406
1279430 1410
1279440 1413
1279450 1416
1279460 1419
1279470 1423
1279480 1426
1279490 1431
1279500 1434
1279510 1438
1279520 1443
1279530 1448
1279540 1453
1279550 1458
1279560 1464
1279570 1469
1279580 1472
1279590 1476
1279600 1480
1279610 1483
1279620 1486
1279630 1490
1279640 1493
1279650 1497
1279660 1501
1279670 1504
1279680 1507
1279690 1512
1279700 1517
1279710 1522
1279720 1527
1279730 1531
1279740 1535
1279750 1539
1279760 1543
1279770 1548
1279780 1552
1279790 1553
1279800 1549
1279810 1538
1279820 1526
1279830 1513
1279840 1507
1279850 1504
1279860 1503
1279870 1503
1279880 1501
1279890 1500
1279900 1498
1279910 1496
1279920 1493
1279930 1491
1279940 1490
1279950 1489
1279960 1487
1279970 1485
1279980 1482
1279990 1478
