1260000 1913.6
1260010 1925.4
1260020 1933.0
1260030 1933.0
1260040 1939.2
1260050 1945.6
1260060 1945.6
1260070 1957.5
1260080 1966.5
1260090 1966.5
1260100 1973.1
1260110 1978.2
1260120 1978.2
1260130 1986.0
1260140 1996.0
1260150 1996.0
1260160 2002.0
1260170 2000.4
1260180 2000.4
1260190 2003.4
1260200 2010.2
1260210 2018.9
1260220 2018.9
1260230 2021.3
1260240 2028.3
1260250 2028.3
1260260 2029.2
1260270 2045.1
1260280 2045.1
1260290 2062.5
1260300 2064.7
1260310 2064.7
1260320 2070.0
1260330 2074.6
1260340 2074.6
1260350 2074.4
1260360 2075.1
1260370 2075.1
1260380 2077.9
1260390 2080.9
1260400 2080.9
1260410 2081.4
1260420 2082.1
1260430 2081.5
1260440 2081.5
1260450 2082.5
1260460 2091.9
1260470 2091.9
1260480 2112.9
1260490 2120.0
1260500 2120.0
1260510 2118.5
1260520 2113.4
1260530 2113.4
1260540 2114.8
1260550 2120.5
1260560 2120.5
1260570 2128.5
1260580 2133.7
1260590 2133.7
1260600 2135.6
1260610 2138.1
1260620 2138.1
1260630 2139.6
1260640 2137.2
1260650 2138.3
1260660 2138.3
1260670 2142.2
1260680 2146.5
1260690 2146.5
1260700 2149.9
1260710 2154.0
1260720 2154.0
1260730 2157.9
1260740 2161.1
1260750 2161.1
1260760 2165.6
1260770 2170.3
1260780 2170.3
1260790 2175.8
1260800 2182.7
1260810 2182.7
1260820 2189.4
1260830 2194.7
1260840 2194.7
1260850 2204.6
1260860 2209.3
1260870 2213.2
1260880 2213.2
1260890 2217.0
1260900 2220.3
1260910 2220.3
1260920 2224.2
1260930 2225.9
1260940 2225.9
1260950 2228.2
1260960 2230.9
1260970 2230.9
1260980 2233.8
1260990 2236.6
1261000 2236.6
1261010 2240.2
1261020 2244.2
1261030 2244.2
1261040 2251.5
1261050 2282.8
1261060 2282.8
1261070 2338.6
1261080 2379.3
1261090 2390.3
1261100 2390.3
1261110 2372.5
1261120 2354.6
1261130 2354.6
1261140 2332.5
1261150 2339.9
1261160 2339.9
1261170 2361.8
1261180 2411.1
1261190 2411.1
1261200 2468.5
1261210 2486.2
1261220 2486.2
1261230 2492.6
1261240 2494.3
1261250 2494.3
1261260 2499.3
1261270 2510.2
1261280 2510.2
1261290 2527.7
1261300 2550.2
1261310 2559.1
1261320 2559.1
1261330 2563.4
1261340 2572.6
1261350 2572.6
1261360 2571.9
1261370 2558.1
1261380 2558.1
1261390 2546.8
1261400 2537.0
1261410 2537.0
1261420 2527.3
1261430 2511.6
1261440 2511.6
1261450 2499.8
1261460 2489.0
1261470 2489.0
1261480 2471.4
1261490 2453.9
1261500 2437.0
1261510 2437.0
1261520 2429.6
1261530 2425.2
1261540 2425.2
1261550 2410.0
1261560 2399.6
1261570 2399.6
1261580 2387.4
1261590 2374.6
1261600 2374.6
1261610 2371.7
1261620 2365.0
1261630 2365.0
1261640 2357.2
1261650 2342.4
1261660 2342.4
1261670 2313.7
1261680 2305.2
1261690 2305.2
1261700 2304.5
1261710 2310.7
1261720 2328.8
1261730 2328.8
1261740 2341.4
1261750 2347.1
1261760 2347.1
1261770 2353.7
1261780 2363.8
1261790 2363.8
1261800 2376.7
1261810 2369.2
1261820 2369.2
1261830 2344.0
1261840 2347.9
1261850 2347.9
1261860 2378.5
1261870 2398.0
1261880 2398.0
1261890 2426.4
1261900 2462.9
1261910 2462.9
1261920 2490.8
1261930 2510.6
1261940 2519.1
1261950 2519.1
1261960 2524.2
1261970 2529.3
1261980 2529.3
1261990 2533.4
1262000 2550.0
1262010 2550.0
1262020 2563.7
1262030 2568.3
1262040 2568.3
1262050 2581.2
1262060 2607.9
1262070 2607.9
1262080 2614.9
1262090 2615.8
1262100 2615.8
1262110 2622.6
1262120 2630.3
1262130 2630.3
1262140 2623.7
1262150 2613.5
1262160 2603.8
1262170 2603.8
1262180 2599.8
1262190 2596.4
1262200 2596.4
1262210 2587.3
1262220 2575.2
1262230 2575.2
1262240 2563.9
1262250 2551.5
1262260 2551.5
1262270 2538.9
1262280 2523.4
1262290 2523.4
1262300 2499.9
1262310 2480.8
1262320 2480.8
1262330 2472.0
1262340 2445.5
1262350 2445.5
1262360 2391.6
1262370 2370.3
1262380 2358.1
1262390 2358.1
1262400 2350.4
1262410 2346.4
1262420 2346.4
1262430 2341.6
1262440 2330.1
1262450 2330.1
1262460 2321.3
1262470 2314.1
1262480 2314.1
1262490 2300.2
1262500 2287.1
1262510 2287.1
1262520 2271.7
1262530 2264.3
1262540 2264.3
1262550 2254.6
1262560 2209.1
1262570 2209.1
1262580 2200.8
1262590 2188.5
1262600 2174.9
1262610 2174.9
1262620 2163.5
1262630 2152.1
1262640 2152.1
1262650 2143.6
1262660 2135.6
1262670 2135.6
1262680 2134.8
1262690 2134.3
1262700 2134.3
1262710 2149.5
1262720 2149.9
1262730 2149.9
1262740 2139.6
1262750 2124.9
1262760 2124.9
1262770 2108.0
1262780 2078.8
1262790 2078.8
1262800 2049.8
1262810 2044.0
1262820 2045.0
1262830 2045.0
1262840 2050.9
1262850 2060.0
1262860 2060.0
1262870 2062.4
1262880 2059.7
1262890 2059.7
1262900 2063.6
1262910 2076.9
1262920 2076.9
1262930 2099.2
1262940 2110.9
1262950 2110.9
1262960 2115.1
1262970 2115.0
1262980 2115.0
1262990 2111.3
1263000 2106.4
1263010 2106.4
1263020 2107.1
1263030 2107.5
1263040 2110.0
1263050 2110.0
1263060 2116.2
1263070 2129.0
1263080 2129.0
1263090 2142.9
1263100 2152.3
1263110 2152.3
1263120 2180.0
1263130 2182.9
1263140 2182.9
1263150 2179.8
1263160 2172.4
1263170 2172.4
1263180 2194.3
1263190 2237.9
1263200 2237.9
1263210 2237.1
1263220 2236.4
1263230 2236.4
1263240 2244.6
1263250 2262.5
1263260 2275.3
1263270 2275.3
1263280 2271.8
1263290 2261.7
1263300 2261.7
1263310 2240.3
1263320 2226.6
1263330 2226.6
1263340 2226.5
1263350 2219.2
1263360 2219.2
1263370 2212.7
1263380 2212.4
1263390 2212.4
1263400 2210.8
1263410 2204.9
1263420 2204.9
1263430 2213.2
1263440 2226.1
1263450 2226.1
1263460 2239.9
1263470 2255.5
1263480 2267.9
1263490 2267.9
1263500 2279.9
1263510 2289.4
1263520 2289.4
1263530 2293.1
1263540 2293.0
1263550 2293.0
1263560 2289.3
1263570 2282.7
1263580 2282.7
1263590 2272.7
1263600 2268.4
1263610 2268.4
1263620 2262.8
1263630 2255.5
1263640 2255.5
1263650 2246.6
1263660 2232.9
1263670 2215.7
1263680 2215.7
1263690 2196.5
1263700 2178.1
1263710 2178.1
1263720 2143.5
1263730 2122.1
1263740 2122.1
1263750 2109.8
1263760 2099.4
1263770 2099.4
1263780 2091.6
1263790 2083.0
1263800 2083.0
1263810 2079.3
1263820 2071.2
1263830 2071.2
1263840 2063.6
1263850 2050.5
1263860 2050.5
1263870 2027.8
1263880 2021.7
1263890 2020.5
1263900 2020.5
1263910 2015.3
1263920 2009.6
1263930 2009.6
1263940 2001.9
1263950 1994.0
1263960 1994.0
1263970 1981.2
1263980 1966.5
1263990 1966.5
1264000 1940.1
1264010 1900.7
1264020 1900.7
1264030 1882.9
1264040 1870.0
1264050 1870.0
1264060 1865.4
1264070 1862.6
1264080 1862.6
1264090 1861.4
1264100 1859.4
1264110 1856.1
1264120 1856.1
1264130 1849.1
1264140 1840.4
1264150 1840.4
1264160 1826.0
1264170 1810.4
1264180 1810.4
1264190 1805.0
1264200 1806.9
1264210 1806.9
1264220 1801.6
1264230 1789.4
1264240 1789.4
1264250 1771.8
1264260 1748.8
1264270 1748.8
1264280 1736.1
1264290 1719.5
1264300 1719.5
1264310 1714.6
1264320 1723.9
1264330 1745.5
1264340 1745.5
1264350 1762.4
1264360 1774.0
1264370 1774.0
1264380 1771.4
1264390 1775.4
1264400 1775.4
1264410 1778.3
1264420 1782.8
1264430 1782.8
1264440 1787.9
1264450 1782.9
1264460 1782.9
1264470 1775.5
1264480 1770.6
1264490 1770.6
1264500 1761.9
1264510 1750.2
1264520 1750.2
1264530 1747.9
1264540 1742.0
1264550 1729.9
1264560 1729.9
1264570 1714.0
1264580 1704.6
1264590 1704.6
1264600 1694.2
1264610 1679.4
1264620 1679.4
1264630 1661.5
1264640 1650.1
1264650 1650.1
1264660 1638.6
1264670 1625.6
1264680 1625.6
1264690 1616.6
1264700 1608.1
1264710 1608.1
1264720 1597.7
1264730 1586.4
1264740 1586.4
1264750 1577.8
1264760 1569.4
1264770 1561.2
1264780 1561.2
1264790 1553.2
1264800 1546.1
1264810 1546.1
1264820 1540.1
1264830 1533.5
1264840 1533.5
1264850 1522.0
1264860 1515.1
1264870 1515.1
1264880 1507.9
1264890 1501.3
1264900 1501.3
1264910 1494.7
1264920 1487.2
1264930 1487.2
1264940 1479.9
1264950 1472.9
1264960 1472.9
1264970 1463.4
1264980 1452.7
1264990 1447.9
1265000 1447.9
1265010 1449.6
1265020 1456.1
1265030 1456.1
1265040 1462.7
1265050 1469.3
1265060 1469.3
1265070 1476.3
1265080 1485.1
1265090 1485.1
1265100 1496.8
1265110 1506.1
1265120 1506.1
1265130 1514.6
1265140 1524.2
1265150 1524.2
1265160 1533.8
1265170 1542.7
1265180 1542.7
1265190 1548.5
1265200 1552.6
1265210 1559.2
1265220 1559.2
1265230 1566.9
1265240 1574.4
1265250 1574.4
1265260 1582.1
1265270 1592.2
1265280 1592.2
1265290 1598.3
1265300 1596.4
1265310 1596.4
1265320 1605.0
1265330 1612.8
1265340 1612.8
1265350 1619.2
1265360 1620.9
1265370 1620.9
1265380 1617.6
1265390 1604.6
1265400 1604.6
1265410 1591.4
1265420 1580.3
1265430 1552.1
1265440 1552.1
1265450 1539.5
1265460 1531.9
1265470 1531.9
1265480 1526.1
1265490 1520.3
1265500 1520.3
1265510 1512.4
1265520 1512.4
1265530 1512.4
1265540 1516.9
1265550 1508.8
1265560 1508.8
1265570 1495.9
1265580 1490.7
1265590 1490.7
1265600 1486.0
1265610 1477.7
1265620 1477.7
1265630 1471.6
1265640 1466.3
1265650 1460.0
1265660 1460.0
1265670 1453.2
1265680 1448.3
1265690 1448.3
1265700 1444.7
1265710 1442.4
1265720 1442.4
1265730 1440.7
1265740 1438.9
1265750 1438.9
1265760 1436.3
1265770 1433.1
1265780 1433.1
1265790 1430.1
1265800 1426.0
1265810 1426.0
1265820 1421.3
1265830 1416.7
1265840 1413.0
1265850 1413.0
1265860 1409.2
1265870 1404.2
1265880 1404.2
1265890 1398.5
1265900 1392.9
1265910 1392.9
1265920 1388.9
1265930 1385.8
1265940 1385.8
1265950 1383.1
1265960 1381.2
1265970 1381.2
1265980 1382.6
1265990 1383.1
1266000 1383.1
1266010 1374.2
1266020 1367.6
1266030 1367.6
1266040 1362.6
1266050 1360.1
1266060 1357.7
1266070 1357.7
1266080 1355.0
1266090 1350.3
1266100 1350.3
1266110 1345.0
1266120 1341.4
1266130 1341.4
1266140 1340.0
1266150 1337.8
1266160 1337.8
1266170 1335.3
1266180 1332.7
1266190 1332.7
1266200 1329.3
1266210 1325.4
1266220 1325.4
1266230 1321.4
1266240 1317.3
1266250 1317.3
1266260 1311.8
1266270 1308.1
1266280 1303.4
1266290 1303.4
1266300 1298.4
1266310 1294.8
1266320 1294.8
1266330 1291.2
1266340 1288.9
1266350 1288.9
1266360 1288.1
1266370 1286.6
1266380 1286.6
1266390 1285.1
1266400 1282.9
1266410 1282.9
1266420 1280.2
1266430 1276.5
1266440 1276.5
1266450 1273.5
1266460 1271.2
1266470 1271.2
1266480 1268.9
1266490 1266.8
1266500 1265.4
1266510 1265.4
1266520 1264.5
1266530 1263.7
1266540 1263.7
1266550 1262.7
1266560 1260.6
1266570 1260.6
1266580 1257.8
1266590 1251.4
1266600 1251.4
1266610 1248.9
1266620 1245.7
1266630 1245.7
1266640 1242.3
1266650 1239.5
1266660 1239.5
1266670 1236.8
1266680 1233.9
1266690 1233.9
1266700 1229.9
1266710 1227.7
1266720 1227.2
1266730 1227.2
1266740 1225.8
1266750 1222.4
1266760 1222.4
1266770 1218.7
1266780 1215.7
1266790 1215.7
1266800 1213.2
1266810 1212.0
1266820 1212.0
1266830 1211.3
1266840 1209.6
1266850 1209.6
1266860 1208.4
1266870 1208.4
1266880 1208.4
1266890 1208.5
1266900 1208.7
1266910 1208.7
1266920 1208.6
1266930 1208.5
1266940 1208.3
1266950 1208.3
1266960 1208.2
1266970 1208.2
1266980 1208.2
1266990 1208.2
1267000 1208.1
1267010 1208.1
1267020 1208.1
1267030 1208.0
1267040 1208.0
1267050 1208.1
1267060 1207.9
1267070 1207.9
1267080 1207.9
1267090 1207.9
1267100 1207.9
1267110 1207.9
1267120 1207.8
1267130 1207.8
1267140 1207.6
1267150 1207.6
1267160 1207.7
1267170 1207.8
1267180 1207.8
1267190 1207.9
1267200 1207.9
1267210 1208.3
1267220 1208.4
1267230 1208.4
1267240 1208.3
1267250 1208.1
1267260 1208.1
1267270 1208.0
1267280 1208.0
1267290 1208.0
1267300 1208.0
1267310 1208.1
1267320 1208.1
1267330 1208.1
1267340 1208.0
1267350 1208.0
1267360 1207.8
1267370 1207.7
1267380 1207.7
1267390 1207.7
1267400 1207.6
1267410 1207.6
1267420 1207.6
1267430 1207.7
1267440 1207.7
1267450 1207.7
1267460 1207.8
1267470 1207.9
1267480 1207.9
1267490 1207.8
1267500 1207.9
1267510 1207.9
1267520 1208.0
1267530 1207.9
1267540 1207.9
1267550 1207.9
1267560 1208.0
1267570 1208.0
1267580 1208.1
1267590 1208.6
1267600 1208.0
1267610 1208.0
1267620 1206.8
1267630 1208.1
1267640 1208.1
1267650 1208.7
1267660 1208.8
1267670 1208.8
1267680 1210.5
1267690 1211.5
1267700 1211.5
1267710 1212.7
1267720 1213.9
1267730 1213.9
1267740 1215.2
1267750 1216.5
1267760 1216.7
1267770 1218.1
1267780 1219.6
1267790 1219.6
1267800 1221.1
1267810 1222.7
1267820 1224.3
1267830 1224.3
1267840 1226.0
1267850 1227.9
1267860 1227.9
1267870 1229.9
1267880 1231.4
1267890 1231.4
1267900 1232.9
1267910 1234.7
1267920 1234.7
1267930 1236.9
1267940 1239.4
1267950 1239.4
1267960 1241.8
1267970 1244.2
1267980 1244.2
1267990 1246.2
1268000 1248.4
1268010 1250.9
1268020 1250.9
1268030 1254.0
1268040 1256.9
1268050 1256.9
1268060 1259.6
1268070 1262.0
1268080 1262.0
1268090 1264.5
1268100 1267.3
1268110 1267.3
1268120 1269.8
1268130 1271.8
1268140 1271.8
1268150 1273.9
1268160 1276.3
1268170 1276.3
1268180 1277.7
1268190 1279.3
1268200 1279.3
1268210 1281.1
1268220 1284.5
1268230 1287.1
1268240 1287.1
1268250 1288.0
1268260 1289.6
1268270 1289.6
1268280 1291.5
1268290 1292.9
1268300 1292.9
1268310 1293.2
1268320 1298.4
1268330 1298.4
1268340 1304.7
1268350 1310.2
1268360 1310.2
1268370 1316.8
1268380 1322.9
1268390 1322.9
1268400 1328.6
1268410 1334.1
1268420 1334.1
1268430 1339.3
1268440 1344.5
1268450 1350.0
1268460 1350.0
1268470 1355.8
1268480 1361.0
1268490 1361.0
1268500 1366.4
1268510 1371.5
1268520 1371.5
1268530 1376.6
1268540 1381.6
1268550 1381.6
1268560 1386.3
1268570 1393.9
1268580 1393.9
1268590 1402.8
1268600 1407.8
1268610 1407.8
1268620 1409.7
1268630 1413.1
1268640 1413.1
1268650 1418.1
1268660 1423.9
1268670 1428.6
1268680 1428.6
1268690 1431.9
1268700 1434.0
1268710 1434.0
1268720 1435.6
1268730 1438.7
1268740 1438.7
1268750 1441.6
1268760 1442.8
1268770 1442.8
1268780 1444.9
1268790 1448.4
1268800 1448.4
1268810 1451.2
1268820 1455.1
1268830 1455.1
1268840 1460.4
1268850 1459.6
1268860 1459.6
1268870 1462.1
1268880 1454.4
1268890 1449.3
1268900 1449.3
1268910 1446.7
1268920 1444.0
1268930 1452.1
1268940 1447.4
1268950 1441.5
1268960 1441.5
1268970 1435.2
1268980 1429.4
1268990 1429.4
1269000 1418.5
1269010 1405.0
1269020 1405.0
1269030 1408.4
1269040 1415.2
1269050 1415.2
1269060 1421.5
1269070 1429.1
1269080 1429.1
1269090 1437.4
1269100 1446.8
1269110 1455.1
1269120 1455.1
1269130 1460.7
1269140 1466.7
1269150 1466.7
1269160 1473.1
1269170 1479.7
1269180 1479.7
1269190 1487.2
1269200 1494.5
1269210 1494.5
1269220 1502.0
1269230 1509.9
1269240 1509.9
1269250 1518.4
1269260 1527.4
1269270 1527.4
1269280 1540.0
1269290 1557.8
1269300 1557.8
1269310 1574.5
1269320 1583.6
1269330 1591.0
1269340 1591.0
1269350 1598.9
1269360 1608.3
1269370 1608.3
1269380 1616.6
1269390 1623.0
1269400 1623.0
1269410 1630.0
1269420 1637.1
1269430 1637.1
1269440 1644.5
1269450 1651.3
1269460 1651.3
1269470 1659.1
1269480 1666.8
1269490 1666.8
1269500 1674.4
1269510 1680.5
1269520 1676.0
1269530 1682.4
1269540 1688.8
1269550 1695.4
1269560 1695.4
1269570 1702.1
1269580 1709.1
1269590 1709.1
1269600 1715.6
1269610 1722.0
1269620 1722.0
1269630 1728.3
1269640 1736.3
1269650 1736.3
1269660 1745.6
1269670 1750.6
1269680 1750.6
1269690 1754.0
1269700 1756.7
1269710 1756.7
1269720 1759.1
1269730 1761.1
1269740 1761.1
1269750 1762.3
1269760 1761.8
1269770 1760.0
1269780 1760.0
1269790 1757.4
1269800 1754.4
1269810 1754.4
1269820 1751.0
1269830 1747.6
1269840 1747.6
1269850 1743.6
1269860 1738.8
1269870 1738.8
1269880 1733.1
1269890 1727.4
1269900 1727.4
1269910 1723.4
1269920 1718.5
1269930 1718.5
1269940 1713.9
1269950 1710.5
1269960 1710.5
1269970 1706.9
1269980 1703.4
1269990 1699.7
1270000 1699.7
1270010 1695.5
1270020 1690.8
1270030 1690.8
1270040 1686.4
1270050 1683.5
1270060 1683.5
1270070 1679.9
1270080 1676.3
1270090 1676.3
1270100 1674.0
1270110 1678.4
1270120 1678.4
1270130 1677.5
1270140 1677.8
1270150 1677.8
1270160 1674.2
1270170 1673.2
1270180 1677.9
1270190 1677.9
1270200 1684.2
1270210 1690.8
1270220 1690.8
1270230 1697.1
1270240 1703.9
1270250 1703.9
1270260 1711.1
1270270 1718.5
1270280 1718.5
1270290 1725.7
1270300 1732.6
1270310 1732.6
1270320 1740.1
1270330 1746.9
1270340 1746.9
1270350 1752.4
1270360 1757.6
1270370 1757.6
1270380 1763.1
1270390 1768.6
1270400 1774.3
1270410 1774.3
1270420 1779.7
1270430 1786.3
1270440 1786.3
1270450 1792.9
1270460 1799.0
1270470 1799.0
1270480 1805.6
1270490 1809.1
1270500 1809.1
1270510 1811.4
1270520 1815.5
1270530 1815.5
1270540 1820.2
1270550 1823.4
1270560 1823.4
1270570 1827.2
1270580 1832.6
1270590 1832.6
1270600 1839.3
1270610 1846.4
1270620 1853.5
1270630 1853.5
1270640 1861.5
1270650 1870.5
1270660 1870.5
1270670 1881.8
1270680 1888.7
1270690 1888.7
1270700 1891.8
1270710 1896.0
1270720 1896.0
1270730 1902.6
1270740 1908.0
1270750 1908.0
1270760 1911.0
1270770 1912.0
1270780 1912.0
1270790 1913.3
1270800 1915.1
1270810 1915.1
1270820 1917.4
1270830 1919.1
1270840 1919.2
1270850 1919.2
1270860 1917.7
1270870 1915.7
1270880 1915.7
1270890 1915.9
1270900 1916.6
1270910 1916.6
1270920 1917.1
1270930 1917.7
1270940 1917.7
1270950 1918.3
1270960 1918.8
1270970 1918.8
1270980 1920.1
1270990 1923.4
1271000 1923.4
1271010 1926.2
1271020 1928.8
1271030 1928.8
1271040 1930.1
1271050 1930.4
1271060 1930.7
1271070 1930.7
1271080 1931.2
1271090 1931.6
1271100 1931.6
1271110 1932.8
1271120 1934.7
1271130 1934.7
1271140 1936.2
1271150 1937.8
1271160 1937.8
1271170 1939.8
1271180 1942.5
1271190 1942.5
1271200 1945.7
1271210 1948.8
1271220 1948.8
1271230 1950.5
1271240 1953.8
1271250 1953.8
1271260 1957.4
1271270 1959.7
1271280 1962.1
1271290 1965.2
1271300 1966.4
1271310 1968.0
1271320 1968.0
1271330 1969.8
1271340 1971.6
1271350 1971.6
1271360 1972.5
1271370 1972.5
1271380 1972.5
1271390 1972.2
1271400 1971.5
1271410 1971.5
1271420 1972.3
1271430 1973.1
1271440 1973.1
1271450 1974.9
1271460 1976.7
1271470 1976.7
1271480 1977.8
1271490 1978.5
1271500 1979.0
1271510 1979.0
1271520 1980.4
1271530 1982.2
1271540 1982.2
1271550 1983.7
1271560 1984.1
1271570 1984.1
1271580 1984.2
1271590 1983.9
1271600 1983.9
1271610 1984.6
1271620 1987.5
1271630 1987.5
1271640 1991.9
1271650 1995.1
1271660 1995.1
1271670 1996.0
1271680 1996.8
1271690 1996.8
1271700 2000.2
1271710 2004.1
1271720 2004.8
1271730 2004.8
1271740 2005.5
1271750 2008.5
1271760 2008.5
1271770 2011.8
1271780 2014.3
1271790 2014.3
1271800 2015.9
1271810 2017.0
1271820 2017.0
1271830 2018.3
1271840 2020.0
1271850 2020.0
1271860 2021.9
1271870 2024.5
1271880 2024.5
1271890 2033.0
1271900 2037.5
1271910 2037.5
1271920 2041.5
1271930 2046.6
1271940 2051.2
1271950 2051.2
1271960 2056.5
1271970 2060.4
1271980 2060.4
1271990 2062.2
1272000 2062.9
1272010 2062.9
1272020 2063.5
1272030 2064.4
1272040 2064.4
1272050 2065.3
1272060 2066.4
1272070 2066.4
1272080 2067.2
1272090 2068.6
1272100 2068.6
1272110 2070.1
1272120 2072.2
1272130 2072.2
1272140 2074.5
1272150 2075.4
1272160 2075.6
1272170 2075.6
1272180 2076.4
1272190 2078.3
1272200 2078.3
1272210 2082.7
1272220 2086.4
1272230 2086.4
1272240 2089.6
1272250 2091.5
1272260 2091.5
1272270 2091.8
1272280 2090.6
1272290 2090.6
1272300 2088.6
1272310 2085.7
1272320 2085.7
1272330 2083.0
1272340 2080.2
1272350 2077.1
1272360 2077.1
1272370 2074.5
1272380 2072.3
1272390 2072.3
1272400 2069.5
1272410 2066.4
1272420 2066.4
1272430 2063.4
1272440 2060.5
1272450 2060.5
1272460 2057.2
1272470 2053.3
1272480 2053.3
1272490 2049.2
1272500 2044.0
1272510 2044.0
1272520 2039.1
1272530 2034.2
1272540 2034.2
1272550 2028.8
1272560 2023.0
1272570 2017.2
1272580 2017.2
1272590 2011.2
1272600 2005.2
1272610 2005.2
1272620 1999.5
1272630 1993.9
1272640 1993.9
1272650 1988.5
1272660 1983.4
1272670 1983.4
1272680 1977.8
1272690 1971.9
1272700 1971.9
1272710 1966.0
1272720 1962.0
1272730 1962.0
1272740 1959.2
1272750 1956.2
1272760 1956.2
1272770 1953.2
1272780 1950.2
1272790 1947.5
1272800 1947.5
1272810 1945.2
1272820 1943.5
1272830 1943.5
1272840 1941.4
1272850 1943.6
1272860 1943.6
1272870 1947.3
1272880 1949.5
1272890 1949.5
1272900 1951.7
1272910 1954.2
1272920 1954.2
1272930 1956.5
1272940 1959.0
1272950 1959.0
1272960 1961.6
1272970 1965.1
1272980 1965.1
1272990 1968.4
1273000 1971.2
1273010 1975.1
1273020 1975.1
1273030 1978.9
1273040 1983.3
1273050 1983.3
1273060 1988.2
1273070 1992.6
1273080 1992.6
1273090 1998.3
1273100 2003.4
1273110 2003.4
1273120 2009.3
1273130 2015.8
1273140 2015.8
1273150 2023.4
1273160 2031.3
1273170 2031.3
1273180 2038.7
1273190 2046.0
1273200 2046.0
1273210 2053.4
1273220 2061.2
1273230 2068.2
1273240 2068.2
1273250 2073.5
1273260 2079.7
1273270 2079.7
1273280 2085.5
1273290 2091.2
1273300 2091.2
1273310 2096.6
1273320 2100.9
1273330 2100.9
1273340 2105.7
1273350 2111.2
1273360 2111.2
1273370 2116.6
1273380 2120.3
1273390 2120.3
1273400 2125.3
1273410 2130.0
1273420 2130.0
1273430 2132.7
1273440 2136.4
1273450 2140.5
1273460 2140.5
1273470 2143.6
1273480 2146.5
1273490 2146.5
1273500 2150.2
1273510 2154.8
1273520 2154.8
1273530 2159.0
1273540 2162.2
1273550 2162.2
1273560 2165.5
1273570 2170.3
1273580 2170.3
1273590 2175.7
1273600 2179.8
1273610 2179.8
1273620 2183.0
1273630 2186.9
1273640 2186.9
1273650 2190.9
1273660 2194.8
1273670 2198.3
1273680 2198.3
1273690 2205.7
1273700 2209.8
1273710 2209.8
1273720 2212.7
1273730 2214.7
1273740 2214.7
1273750 2216.2
1273760 2218.2
1273770 2218.2
1273780 2216.8
1273790 2213.1
1273800 2213.1
1273810 2208.5
1273820 2204.2
1273830 2204.2
1273840 2200.0
1273850 2195.3
1273860 2195.3
1273870 2190.2
1273880 2185.3
1273890 2181.3
1273900 2181.3
1273910 2176.5
1273920 2171.3
1273930 2171.3
1273940 2164.3
1273950 2156.9
1273960 2156.9
1273970 2152.4
1273980 2149.9
1273990 2149.9
1274000 2148.1
1274010 2147.0
1274020 2147.0
1274030 2144.7
1274040 2141.6
1274050 2141.6
1274060 2139.7
1274070 2136.7
1274080 2136.7
1274090 2133.1
1274100 2130.3
1274110 2128.0
1274120 2128.0
1274130 2124.9
1274140 2121.2
1274150 2121.2
1274160 2118.9
1274170 2116.6
1274180 2116.6
1274190 2115.2
1274200 2113.8
1274210 2113.8
1274220 2111.6
1274230 2108.1
1274240 2108.1
1274250 2104.3
1274260 2099.9
1274270 2099.9
1274280 2095.0
1274290 2089.6
1274300 2086.3
1274310 2086.3
1274320 2081.9
1274330 2076.7
1274340 2076.7
1274350 2072.4
1274360 2068.8
1274370 2068.8
1274380 2064.9
1274390 2061.5
1274400 2061.5
1274410 2058.4
1274420 2055.6
1274430 2055.6
1274440 2053.1
1274450 2050.5
1274460 2050.5
1274470 2047.4
1274480 2043.7
1274490 2043.7
1274500 2039.7
1274510 2035.9
1274520 2032.1
1274530 2032.1
1274540 2030.1
1274550 2028.9
1274560 2028.9
1274570 2027.6
1274580 2026.3
1274590 2026.3
1274600 2024.5
1274610 2021.7
1274620 2021.7
1274630 2019.1
1274640 2016.1
1274650 2016.1
1274660 2013.9
1274670 2011.3
1274680 2011.3
1274690 2008.3
1274700 2006.6
1274710 2006.6
1274720 2004.5
1274730 2001.8
1274740 1998.3
1274750 1998.3
1274760 1994.2
1274770 1990.0
1274780 1990.0
1274790 1986.1
1274800 1983.0
1274810 1983.0
1274820 1980.4
1274830 1976.9
1274840 1976.9
1274850 1972.5
1274860 1966.4
1274870 1966.4
1274880 1960.0
1274890 1955.3
1274900 1955.3
1274910 1950.7
1274920 1947.1
1274930 1947.1
1274940 1944.6
1274950 1942.4
1274960 1940.0
1274970 1940.0
1274980 1937.3
1274990 1935.0
1275000 1935.0
1275010 1932.5
1275020 1930.4
1275030 1930.4
1275040 1928.3
1275050 1926.0
1275060 1926.0
1275070 1922.7
1275080 1919.0
1275090 1919.0
1275100 1915.0
1275110 1910.9
1275120 1910.9
1275130 1906.6
1275140 1903.6
1275150 1903.6
1275160 1900.8
1275170 1897.5
1275180 1894.6
1275190 1894.6
1275200 1891.2
1275210 1888.0
1275220 1888.0
1275230 1885.5
1275240 1882.7
1275250 1882.7
1275260 1880.3
1275270 1878.1
1275280 1878.1
1275290 1875.4
1275300 1872.0
1275310 1872.0
1275320 1868.2
1275330 1865.0
1275340 1865.0
1275350 1861.9
1275360 1858.6
1275370 1858.6
1275380 1855.3
1275390 1852.0
1275400 1848.4
1275410 1848.4
1275420 1845.1
1275430 1842.7
1275440 1842.7
1275450 1839.9
1275460 1836.8
1275470 1836.8
1275480 1834.3
1275490 1831.7
1275500 1830.8
1275510 1827.0
1275520 1823.4
1275530 1823.4
1275540 1819.8
1275550 1816.3
1275560 1816.3
1275570 1812.4
1275580 1807.8
1275590 1807.8
1275600 1802.0
1275610 1795.7
1275620 1790.1
1275630 1790.1
1275640 1786.7
1275650 1784.4
1275660 1784.4
1275670 1782.1
1275680 1779.8
1275690 1779.8
1275700 1777.4
1275710 1775.2
1275720 1775.2
1275730 1772.4
1275740 1769.3
1275750 1769.3
1275760 1764.7
1275770 1759.5
1275780 1759.5
1275790 1755.1
1275800 1749.8
1275810 1749.8
1275820 1743.5
1275830 1737.5
1275840 1732.7
1275850 1732.7
1275860 1729.7
1275870 1726.6
1275880 1726.6
1275890 1722.7
1275900 1718.3
1275910 1718.3
1275920 1712.8
1275930 1707.4
1275940 1707.4
1275950 1703.0
1275960 1699.1
1275970 1699.1
1275980 1695.5
1275990 1691.3
1276000 1691.3
1276010 1688.1
1276020 1684.0
1276030 1684.0
1276040 1679.5
1276050 1675.0
1276060 1670.3
1276070 1670.3
1276080 1666.1
1276090 1662.4
1276100 1662.8
1276110 1658.7
1276120 1653.7
1276130 1653.7
1276140 1648.6
1276150 1643.8
1276160 1643.8
1276170 1639.4
1276180 1635.5
1276190 1635.5
1276200 1631.8
1276210 1629.5
1276220 1629.5
1276230 1628.6
1276240 1625.6
1276250 1621.0
1276260 1621.0
1276270 1616.9
1276280 1613.7
1276290 1613.7
1276300 1609.7
1276310 1607.2
1276320 1607.2
1276330 1603.4
1276340 1599.9
1276350 1599.9
1276360 1596.1
1276370 1592.4
1276380 1592.4
1276390 1588.2
1276400 1584.0
1276410 1584.0
1276420 1579.8
1276430 1575.5
1276440 1575.5
1276450 1571.6
1276460 1567.4
1276470 1562.2
1276480 1562.2
1276490 1556.1
1276500 1549.6
1276510 1549.6
1276520 1543.8
1276530 1538.9
1276540 1538.9
1276550 1532.7
1276560 1526.5
1276570 1526.5
1276580 1520.9
1276590 1516.0
1276600 1516.0
1276610 1513.2
1276620 1513.8
1276630 1513.8
1276640 1514.7
1276650 1513.9
1276660 1513.9
1276670 1512.9
1276680 1511.1
1276690 1508.5
1276700 1508.5
1276710 1505.4
1276720 1500.9
1276730 1500.9
1276740 1495.7
1276750 1490.0
1276760 1490.0
1276770 1484.8
1276780 1479.7
1276790 1479.7
1276800 1473.7
1276810 1466.7
1276820 1466.7
1276830 1457.9
1276840 1449.9
1276850 1449.9
1276860 1442.1
1276870 1435.9
1276880 1435.9
1276890 1430.9
1276900 1426.3
1276910 1422.9
1276920 1422.9
1276930 1420.3
1276940 1417.7
1276950 1417.7
1276960 1414.6
1276970 1411.9
1276980 1411.9
1276990 1410.0
1277000 1408.5
1277010 1408.5
1277020 1407.0
1277030 1405.5
1277040 1405.5
1277050 1404.0
1277060 1402.4
1277070 1402.4
1277080 1400.8
1277090 1398.9
1277100 1398.9
1277110 1396.1
1277120 1392.0
1277130 1388.1
1277140 1388.1
1277150 1385.5
1277160 1383.8
1277170 1383.8
1277180 1382.5
1277190 1381.5
1277200 1381.5
1277210 1380.6
1277220 1380.0
1277230 1380.0
1277240 1379.5
1277250 1378.7
1277260 1378.7
1277270 1377.7
1277280 1376.3
1277290 1376.3
1277300 1374.2
1277310 1371.4
1277320 1369.6
1277330 1367.6
1277340 1365.4
1277350 1363.0
1277360 1363.0
1277370 1359.3
1277380 1354.2
1277390 1354.2
1277400 1351.3
1277410 1349.9
1277420 1349.9
1277430 1348.5
1277440 1347.4
1277450 1347.4
1277460 1346.7
1277470 1346.2
1277480 1346.2
1277490 1345.4
1277500 1344.8
1277510 1344.8
1277520 1344.7
1277530 1344.6
1277540 1344.6
1277550 1343.7
1277560 1342.6
1277570 1341.6
1277580 1341.6
1277590 1339.9
1277600 1338.0
1277610 1338.0
1277620 1337.4
1277630 1337.2
1277640 1337.2
1277650 1336.8
1277660 1335.9
1277670 1335.9
1277680 1335.7
1277690 1335.6
1277700 1335.6
1277710 1334.9
1277720 1333.7
1277730 1333.7
1277740 1333.2
1277750 1333.2
1277760 1333.2
1277770 1333.1
1277780 1332.9
1277790 1332.9
1277800 1332.9
1277810 1333.4
1277820 1334.0
1277830 1334.0
1277840 1333.8
1277850 1333.6
1277860 1333.6
1277870 1333.4
1277880 1333.2
1277890 1333.2
1277900 1333.1
1277910 1333.0
1277920 1333.0
1277930 1332.7
1277940 1332.6
1277950 1332.6
1277960 1332.2
1277970 1331.8
1277980 1331.8
1277990 1331.5
1278000 1331.4
1278010 1331.3
1278020 1331.3
1278030 1331.4
1278040 1331.9
1278050 1331.9
1278060 1330.1
1278070 1325.6
1278080 1325.6
1278090 1320.1
1278100 1316.9
1278110 1316.9
1278120 1308.7
1278130 1300.0
1278140 1300.0
1278150 1294.1
1278160 1290.9
1278170 1290.9
1278180 1288.6
1278190 1287.4
1278200 1286.9
1278210 1286.9
1278220 1285.2
1278230 1278.4
1278240 1278.4
1278250 1269.3
1278260 1261.8
1278270 1261.8
1278280 1255.7
1278290 1255.1
1278300 1255.1
1278310 1258.7
1278320 1260.0
1278330 1260.0
1278340 1257.2
1278350 1244.4
1278360 1244.4
1278370 1227.8
1278380 1210.2
1278390 1210.2
1278400 1194.0
1278410 1183.7
1278420 1173.2
1278430 1173.2
1278440 1155.9
1278450 1139.6
1278460 1139.6
1278470 1130.0
1278480 1121.4
1278490 1121.4
1278500 1114.6
1278510 1110.4
1278520 1110.4
1278530 1108.1
1278540 1108.0
1278550 1108.1
1278560 1108.6
1278570 1107.0
1278580 1107.0
1278590 1107.6
1278600 1112.4
1278610 1112.4
1278620 1118.1
1278630 1122.8
1278640 1127.1
1278650 1127.1
1278660 1130.9
1278670 1134.3
1278680 1134.3
1278690 1138.1
1278700 1142.5
1278710 1142.5
1278720 1147.6
1278730 1153.7
1278740 1153.7
1278750 1160.3
1278760 1167.3
1278770 1167.3
1278780 1174.4
1278790 1181.1
1278800 1181.1
1278810 1188.2
1278820 1195.6
1278830 1195.6
1278840 1203.0
1278850 1207.3
1278860 1212.6
1278870 1212.6
1278880 1221.2
1278890 1229.9
1278900 1229.9
1278910 1237.6
1278920 1244.4
1278930 1244.4
1278940 1250.3
1278950 1256.7
1278960 1256.7
1278970 1263.2
1278980 1270.4
1278990 1270.4
1279000 1277.5
1279010 1284.9
1279020 1284.9
1279030 1292.2
1279040 1298.6
1279050 1298.6
1279060 1304.0
1279070 1307.8
1279080 1311.9
1279090 1311.9
1279100 1317.9
1279110 1325.4
1279120 1325.4
1279130 1333.4
1279140 1341.4
1279150 1341.4
1279160 1349.2
1279170 1356.1
1279180 1356.1
1279190 1363.4
1279200 1371.1
1279210 1371.1
1279220 1378.5
1279230 1385.1
1279240 1385.1
1279250 1391.2
1279260 1396.2
1279270 1396.2
1279280 1400.4
1279290 1404.5
1279300 1409.1
1279310 1409.1
1279320 1411.6
1279330 1407.8
1279340 1407.8
1279350 1404.1
1279360 1399.5
1279370 1399.5
1279380 1396.7
1279390 1391.6
1279400 1391.6
1279410 1384.9
1279420 1382.8
1279430 1382.8
1279440 1382.6
1279450 1382.2
1279460 1382.2
1279470 1375.9
1279480 1369.5
1279490 1369.5
1279500 1368.7
1279510 1369.6
1279520 1369.3
1279530 1369.3
1279540 1363.4
1279550 1358.8
1279560 1358.8
1279570 1356.3
1279580 1351.4
1279590 1351.4
1279600 1337.9
1279610 1328.2
1279620 1328.2
1279630 1316.5
1279640 1311.2
1279650 1311.2
1279660 1307.6
1279670 1303.0
1279680 1303.0
1279690 1299.8
1279700 1297.1
1279710 1297.1
1279720 1293.5
1279730 1288.6
1279740 1283.1
1279750 1283.1
1279760 1277.8
1279770 1273.4
1279780 1273.4
1279790 1276.8
1279800 1273.3
1279810 1273.3
1279820 1270.7
1279830 1269.1
1279840 1269.1
1279850 1269.3
1279860 1268.8
1279870 1268.8
1279880 1268.8
1279890 1266.7
1279900 1266.7
1279910 1264.4
1279920 1263.3
1279930 1263.3
1279940 1262.8
1279950 1262.9
1279960 1261.3
1279970 1261.3
1279980 1257.8
1279990 1255.9
