1260000 1996.0
1260010 2002.8
1260020 2008.5
1260030 2008.5
1260040 2011.5
1260050 2013.8
1260060 2013.8
1260070 2016.4
1260080 2019.2
1260090 2019.2
1260100 2022.8
1260110 2027.5
1260120 2034.3
1260130 2034.3
1260140 2040.6
1260150 2046.2
1260160 2046.2
1260170 2052.1
1260180 2055.5
1260190 2055.5
1260200 2059.3
1260210 2064.1
1260220 2064.1
1260230 2068.0
1260240 2071.2
1260250 2071.2
1260260 2074.0
1260270 2076.4
1260280 2076.4
1260290 2084.7
1260300 2090.5
1260310 2090.5
1260320 2096.3
1260330 2102.6
1260340 2108.9
1260350 2108.9
1260360 2115.1
1260370 2121.9
1260380 2121.9
1260390 2128.9
1260400 2135.8
1260410 2135.8
1260420 2143.0
1260430 2150.6
1260440 2150.6
1260450 2158.2
1260460 2165.8
1260470 2165.8
1260480 2172.8
1260490 2179.3
1260500 2179.3
1260510 2185.0
1260520 2189.7
1260530 2189.7
1260540 2193.5
1260550 2197.7
1260560 2202.4
1260570 2202.4
1260580 2207.2
1260590 2212.2
1260600 2212.2
1260610 2217.4
1260620 2222.8
1260630 2222.8
1260640 2228.4
1260650 2234.0
1260660 2234.0
1260670 2239.5
1260680 2245.2
1260690 2245.2
1260700 2250.9
1260710 2256.3
1260720 2256.3
1260730 2261.4
1260740 2266.6
1260750 2266.6
1260760 2271.7
1260770 2276.5
1260780 2281.3
1260790 2281.3
1260800 2286.1
1260810 2291.0
1260820 2291.0
1260830 2295.6
1260840 2299.9
1260850 2299.9
1260860 2309.5
1260870 2314.7
1260880 2314.7
1260890 2323.4
1260900 2353.1
1260910 2353.1
1260920 2427.1
1260930 2539.0
1260940 2539.0
1260950 2585.3
1260960 2591.9
1260970 2591.9
1260980 2594.6
1260990 2594.8
1261000 2590.4
1261010 2590.4
1261020 2585.8
1261030 2586.9
1261040 2586.9
1261050 2635.9
1261060 2671.1
1261070 2671.1
1261080 2655.2
1261090 2633.6
1261100 2633.6
1261110 2610.5
1261120 2583.7
1261130 2583.7
1261140 2567.4
1261150 2564.4
1261160 2564.4
1261170 2572.8
1261180 2585.7
1261190 2585.7
1261200 2579.1
1261210 2591.7
1261220 2606.4
1261230 2606.4
1261240 2611.9
1261250 2606.1
1261260 2606.1
1261270 2597.5
1261280 2596.3
1261290 2596.3
1261300 2601.7
1261310 2593.6
1261320 2593.6
1261330 2595.9
1261340 2570.0
1261350 2570.0
1261360 2542.6
1261370 2525.3
1261380 2525.3
1261390 2515.8
1261400 2504.9
1261410 2504.9
1261420 2483.3
1261430 2453.3
1261440 2435.8
1261450 2435.8
1261460 2425.4
1261470 2416.7
1261480 2416.7
1261490 2418.9
1261500 2407.3
1261510 2407.3
1261520 2401.4
1261530 2407.4
1261540 2407.4
1261550 2405.5
1261560 2393.1
1261570 2393.1
1261580 2363.9
1261590 2346.5
1261600 2346.5
1261610 2332.9
1261620 2314.8
1261630 2314.8
1261640 2290.7
1261650 2242.0
1261660 2226.2
1261670 2226.2
1261680 2222.5
1261690 2217.1
1261700 2217.1
1261710 2210.8
1261720 2204.3
1261730 2204.3
1261740 2197.5
1261750 2190.6
1261760 2190.6
1261770 2183.5
1261780 2176.7
1261790 2176.7
1261800 2169.7
1261810 2162.4
1261820 2162.4
1261830 2155.5
1261840 2148.6
1261850 2148.6
1261860 2141.5
1261870 2134.7
1261880 2128.1
1261890 2128.1
1261900 2121.3
1261910 2114.6
1261920 2114.6
1261930 2108.0
1261940 2101.6
1261950 2101.6
1261960 2094.9
1261970 2088.0
1261980 2088.0
1261990 2080.5
1262000 2073.3
1262010 2073.3
1262020 2066.3
1262030 2059.1
1262040 2059.1
1262050 2052.1
1262060 2045.7
1262070 2039.2
1262080 2039.2
1262090 2033.0
1262100 2027.7
1262110 2027.7
1262120 2024.3
1262130 2023.3
1262140 2023.3
1262150 2023.6
1262160 2022.9
1262170 2022.9
1262180 2022.4
1262190 2022.4
1262200 2022.4
1262210 2021.6
1262220 2019.4
1262230 2019.4
1262240 2018.8
1262250 2022.5
1262260 2022.5
1262270 2023.9
1262280 2025.1
1262290 2025.6
1262300 2025.6
1262310 2026.1
1262320 2030.5
1262330 2030.5
1262340 2038.2
1262350 2041.4
1262360 2041.4
1262370 2054.9
1262380 2071.5
1262390 2071.5
1262400 2080.0
1262410 2087.4
1262420 2087.4
1262430 2097.1
1262440 2106.9
1262450 2106.9
1262460 2117.4
1262470 2123.5
1262480 2123.5
1262490 2122.6
1262500 2116.7
1262510 2110.2
1262520 2110.2
1262530 2104.0
1262540 2096.7
1262550 2096.7
1262560 2085.0
1262570 2076.1
1262580 2076.1
1262590 2067.3
1262600 2060.3
1262610 2060.3
1262620 2061.6
1262630 2058.3
1262640 2058.3
1262650 2053.4
1262660 2042.6
1262670 2042.6
1262680 2034.0
1262690 2028.0
1262700 2028.0
1262710 2023.4
1262720 2018.6
1262730 2014.0
1262740 2014.0
1262750 2008.6
1262760 2003.3
1262770 2003.3
1262780 1997.6
1262790 1989.8
1262800 1989.8
1262810 1979.3
1262820 1976.5
1262830 1976.5
1262840 1964.6
1262850 1937.6
1262860 1937.6
1262870 1907.1
1262880 1895.8
1262890 1895.8
1262900 1880.8
1262910 1863.9
1262920 1863.9
1262930 1860.1
1262940 1846.3
1262950 1827.3
1262960 1827.3
1262970 1819.9
1262980 1838.1
1262990 1838.1
1263000 1846.9
1263010 1855.8
1263020 1855.8
1263030 1866.0
1263040 1880.7
1263050 1880.7
1263060 1902.8
1263070 1922.4
1263080 1922.4
1263090 1932.2
1263100 1935.2
1263110 1935.2
1263120 1931.3
1263130 1911.5
1263140 1911.5
1263150 1896.3
1263160 1884.9
1263170 1874.7
1263180 1874.7
1263190 1867.2
1263200 1862.6
1263210 1862.6
1263220 1857.0
1263230 1853.8
1263240 1853.8
1263250 1847.3
1263260 1836.9
1263270 1836.9
1263280 1824.6
1263290 1815.9
1263300 1815.9
1263310 1805.4
1263320 1800.2
1263330 1800.2
1263340 1798.9
1263350 1824.9
1263360 1824.9
1263370 1850.5
1263380 1861.7
1263390 1869.3
1263400 1869.3
1263410 1882.2
1263420 1895.2
1263430 1895.2
1263440 1903.6
1263450 1926.5
1263460 1926.5
1263470 1943.2
1263480 1942.9
1263490 1942.9
1263500 1940.2
1263510 1959.1
1263520 1959.1
1263530 1978.1
1263540 1993.3
1263550 1993.3
1263560 1997.0
1263570 1999.2
1263580 1999.2
1263590 1999.2
1263600 1994.6
1263610 1976.2
1263620 1976.2
1263630 1964.5
1263640 1981.8
1263650 1981.8
1263660 1979.7
1263670 1974.9
1263680 1974.9
1263690 1970.4
1263700 1965.7
1263710 1959.5
1263720 1951.8
1263730 1939.4
1263740 1939.4
1263750 1929.3
1263760 1917.0
1263770 1917.0
1263780 1903.6
1263790 1887.0
1263800 1875.2
1263810 1875.2
1263820 1864.7
1263830 1853.6
1263840 1853.6
1263850 1844.9
1263860 1838.9
1263870 1838.9
1263880 1830.5
1263890 1815.6
1263900 1815.6
1263910 1807.7
1263920 1808.6
1263930 1808.6
1263940 1791.2
1263950 1757.7
1263960 1757.7
1263970 1731.1
1263980 1715.9
1263990 1715.9
1264000 1698.7
1264010 1690.3
1264020 1680.4
1264030 1680.4
1264040 1668.0
1264050 1659.6
1264060 1659.6
1264070 1637.4
1264080 1611.8
1264090 1611.8
1264100 1614.1
1264110 1632.3
1264120 1632.3
1264130 1645.7
1264140 1646.5
1264150 1646.5
1264160 1642.5
1264170 1637.8
1264180 1637.8
1264190 1633.5
1264200 1630.6
1264210 1630.6
1264220 1627.9
1264230 1624.3
1264240 1621.3
1264250 1621.3
1264260 1619.6
1264270 1617.6
1264280 1611.2
1264290 1609.1
1264300 1606.6
1264310 1606.6
1264320 1603.7
1264330 1599.8
1264340 1599.8
1264350 1595.7
1264360 1595.7
1264370 1595.7
1264380 1597.3
1264390 1597.8
1264400 1597.8
1264410 1597.1
1264420 1593.7
1264430 1593.7
1264440 1588.8
1264450 1584.4
1264460 1579.2
1264470 1579.2
1264480 1570.9
1264490 1561.6
1264500 1561.6
1264510 1552.6
1264520 1543.9
1264530 1543.9
1264540 1535.0
1264550 1525.1
1264560 1525.1
1264570 1515.1
1264580 1505.8
1264590 1505.8
1264600 1498.7
1264610 1495.6
1264620 1495.6
1264630 1494.0
1264640 1490.1
1264650 1490.1
1264660 1488.4
1264670 1488.6
1264680 1485.8
1264690 1485.8
1264700 1481.0
1264710 1476.1
1264720 1476.1
1264730 1471.9
1264740 1468.1
1264750 1468.1
1264760 1465.0
1264770 1460.4
1264780 1460.4
1264790 1456.2
1264800 1452.4
1264810 1452.4
1264820 1449.4
1264830 1448.0
1264840 1448.0
1264850 1447.5
1264860 1439.2
1264870 1439.2
1264880 1435.6
1264890 1429.7
1264900 1423.7
1264910 1423.7
1264920 1417.9
1264930 1411.9
1264940 1411.9
1264950 1406.4
1264960 1400.5
1264970 1400.5
1264980 1392.1
1264990 1383.5
1265000 1383.5
1265010 1375.9
1265020 1370.8
1265030 1370.8
1265040 1366.3
1265050 1362.2
1265060 1362.2
1265070 1358.6
1265080 1355.3
1265090 1355.3
1265100 1353.9
1265110 1354.5
1265120 1353.2
1265130 1353.2
1265140 1351.5
1265150 1350.6
1265160 1350.6
1265170 1350.5
1265180 1350.6
1265190 1350.6
1265200 1349.3
1265210 1353.3
1265220 1353.3
1265230 1360.1
1265240 1358.2
1265250 1358.2
1265260 1355.2
1265270 1352.7
1265280 1352.7
1265290 1351.5
1265300 1350.2
1265310 1350.2
1265320 1349.9
1265330 1352.0
1265340 1352.0
1265350 1352.0
1265360 1346.4
1265370 1339.9
1265380 1339.9
1265390 1334.0
1265400 1329.3
1265410 1329.3
1265420 1324.7
1265430 1314.0
1265440 1314.0
1265450 1309.0
1265460 1304.4
1265470 1304.4
1265480 1302.4
1265490 1301.0
1265500 1301.0
1265510 1297.0
1265520 1292.9
1265530 1292.9
1265540 1289.3
1265550 1287.6
1265560 1286.3
1265570 1286.3
1265580 1283.8
1265590 1280.6
1265600 1280.6
1265610 1277.6
1265620 1274.7
1265630 1274.7
1265640 1271.7
1265650 1268.9
1265660 1268.9
1265670 1266.8
1265680 1265.2
1265690 1265.2
1265700 1263.4
1265710 1261.6
1265720 1261.6
1265730 1260.3
1265740 1258.4
1265750 1256.4
1265760 1256.4
1265770 1254.7
1265780 1253.1
1265790 1253.1
1265800 1251.5
1265810 1249.7
1265820 1249.7
1265830 1248.1
1265840 1246.6
1265850 1246.6
1265860 1245.0
1265870 1243.4
1265880 1243.4
1265890 1242.3
1265900 1240.9
1265910 1240.9
1265920 1239.4
1265930 1237.7
1265940 1237.7
1265950 1236.0
1265960 1234.6
1265970 1233.3
1265980 1233.3
1265990 1232.0
1266000 1229.7
1266010 1230.5
1266020 1229.2
1266030 1228.5
1266040 1228.5
1266050 1227.1
1266060 1225.8
1266070 1225.8
1266080 1225.0
1266090 1223.5
1266100 1223.5
1266110 1222.5
1266120 1221.6
1266130 1221.6
1266140 1220.4
1266150 1219.5
1266160 1219.5
1266170 1218.6
1266180 1217.5
1266190 1216.3
1266200 1216.3
1266210 1215.1
1266220 1214.0
1266230 1214.0
1266240 1214.2
1266250 1214.1
1266260 1214.1
1266270 1214.0
1266280 1213.9
1266290 1213.9
1266300 1213.7
1266310 1213.4
1266320 1213.4
1266330 1213.3
1266340 1213.2
1266350 1213.2
1266360 1213.1
1266370 1213.0
1266380 1213.0
1266390 1213.1
1266400 1212.9
1266410 1212.8
1266420 1212.8
1266430 1213.0
1266440 1213.1
1266450 1213.1
1266460 1213.2
1266470 1213.3
1266480 1213.3
1266490 1213.6
1266500 1213.8
1266510 1213.8
1266520 1213.9
1266530 1213.9
1266540 1213.9
1266550 1213.9
1266560 1213.8
1266570 1213.8
1266580 1213.7
1266590 1213.5
1266600 1213.5
1266610 1213.4
1266620 1213.2
1266630 1213.2
1266640 1213.2
1266650 1213.3
1266660 1213.2
1266670 1213.2
1266680 1213.2
1266690 1213.2
1266700 1213.2
1266710 1212.9
1266720 1212.8
1266730 1212.8
1266740 1212.7
1266750 1212.6
1266760 1212.6
1266770 1212.6
1266780 1212.6
1266790 1212.6
1266800 1212.6
1266810 1212.5
1266820 1212.5
1266830 1212.3
1266840 1212.2
1266850 1211.9
1266860 1211.9
1266870 1211.7
1266880 1211.3
1266890 1211.3
1266900 1211.3
1266910 1211.6
1266920 1211.6
1266930 1211.7
1266940 1211.7
1266950 1211.7
1266960 1211.7
1266970 1211.6
1266980 1211.6
1266990 1211.7
1267000 1211.6
1267010 1211.6
1267020 1211.7
1267030 1211.8
1267040 1211.8
1267050 1211.1
1267060 1210.1
1267070 1210.7
1267080 1210.7
1267090 1211.5
1267100 1211.4
1267110 1211.4
1267120 1211.1
1267130 1211.1
1267140 1211.1
1267150 1212.2
1267160 1214.7
1267170 1214.7
1267180 1217.3
1267190 1218.2
1267200 1218.2
1267210 1219.4
1267220 1220.5
1267230 1220.5
1267240 1221.9
1267250 1223.2
1267260 1223.2
1267270 1224.8
1267280 1226.2
1267290 1227.8
1267300 1227.8
1267310 1229.2
1267320 1231.1
1267330 1231.1
1267340 1233.7
1267350 1236.2
1267360 1236.2
1267370 1238.1
1267380 1240.2
1267390 1240.2
1267400 1242.4
1267410 1244.5
1267420 1244.5
1267430 1246.4
1267440 1248.5
1267450 1248.5
1267460 1250.1
1267470 1252.3
1267480 1252.3
1267490 1255.0
1267500 1257.5
1267510 1259.9
1267520 1259.9
1267530 1262.1
1267540 1265.3
1267550 1265.3
1267560 1268.2
1267570 1270.2
1267580 1270.2
1267590 1272.3
1267600 1275.2
1267610 1275.2
1267620 1277.5
1267630 1279.3
1267640 1279.3
1267650 1280.9
1267660 1282.7
1267670 1282.7
1267680 1283.4
1267690 1283.9
1267700 1284.6
1267710 1284.6
1267720 1285.3
1267730 1286.5
1267740 1286.5
1267750 1286.9
1267760 1290.2
1267770 1290.2
1267780 1291.0
1267790 1292.7
1267800 1292.7
1267810 1293.8
1267820 1297.1
1267830 1297.1
1267840 1301.8
1267850 1306.4
1267860 1306.4
1267870 1311.4
1267880 1317.5
1267890 1317.5
1267900 1323.5
1267910 1329.0
1267920 1334.9
1267930 1334.9
1267940 1340.8
1267950 1346.6
1267960 1346.6
1267970 1351.5
1267980 1355.3
1267990 1355.3
1268000 1359.0
1268010 1362.4
1268020 1362.4
1268030 1366.5
1268040 1370.7
1268050 1370.7
1268060 1375.2
1268070 1378.8
1268080 1378.8
1268090 1381.7
1268100 1385.1
1268110 1385.1
1268120 1388.5
1268130 1392.4
1268140 1397.1
1268150 1397.1
1268160 1402.1
1268170 1406.5
1268180 1406.5
1268190 1410.3
1268200 1414.7
1268210 1414.7
1268220 1419.4
1268230 1424.4
1268240 1424.4
1268250 1428.9
1268260 1433.0
1268270 1433.0
1268280 1438.2
1268290 1444.8
1268300 1444.8
1268310 1452.9
1268320 1462.5
1268330 1462.5
1268340 1474.4
1268350 1482.2
1268360 1490.6
1268370 1490.6
1268380 1498.7
1268390 1503.1
1268400 1503.1
1268410 1502.3
1268420 1500.9
1268430 1500.9
1268440 1501.1
1268450 1501.7
1268460 1501.7
1268470 1500.2
1268480 1498.5
1268490 1498.5
1268500 1496.3
1268510 1493.3
1268520 1493.3
1268530 1484.3
1268540 1473.7
1268550 1473.7
1268560 1474.2
1268570 1472.4
1268580 1467.6
1268590 1467.6
1268600 1472.1
1268610 1480.1
1268620 1480.1
1268630 1493.7
1268640 1505.0
1268650 1505.0
1268660 1516.1
1268670 1529.4
1268680 1529.4
1268690 1541.3
1268700 1550.2
1268710 1550.2
1268720 1555.6
1268730 1561.0
1268740 1561.0
1268750 1568.5
1268760 1573.3
1268770 1573.3
1268780 1577.8
1268790 1583.1
1268800 1588.9
1268810 1588.9
1268820 1595.0
1268830 1600.7
1268840 1600.7
1268850 1605.3
1268860 1608.4
1268870 1608.4
1268880 1609.7
1268890 1609.7
1268900 1609.7
1268910 1607.4
1268920 1602.6
1268930 1608.1
1268940 1605.0
1268950 1602.1
1268960 1602.1
1268970 1600.0
1268980 1595.4
1268990 1595.4
1269000 1584.2
1269010 1573.0
1269020 1564.9
1269030 1564.9
1269040 1553.9
1269050 1546.1
1269060 1546.1
1269070 1532.4
1269080 1523.4
1269090 1523.4
1269100 1517.9
1269110 1512.7
1269120 1512.7
1269130 1507.8
1269140 1506.8
1269150 1506.8
1269160 1514.4
1269170 1525.2
1269180 1525.2
1269190 1534.8
1269200 1541.1
1269210 1541.1
1269220 1546.4
1269230 1551.6
1269240 1558.0
1269250 1558.0
1269260 1564.8
1269270 1571.6
1269280 1571.6
1269290 1578.2
1269300 1585.2
1269310 1585.2
1269320 1591.3
1269330 1596.5
1269340 1596.5
1269350 1602.4
1269360 1609.2
1269370 1609.2
1269380 1614.8
1269390 1618.8
1269400 1618.8
1269410 1623.1
1269420 1628.5
1269430 1633.8
1269440 1633.8
1269450 1638.2
1269460 1640.6
1269470 1640.6
1269480 1643.8
1269490 1646.9
1269500 1646.9
1269510 1648.9
1269520 1649.0
1269530 1649.0
1269540 1651.2
1269550 1656.9
1269560 1656.9
1269570 1663.2
1269580 1668.5
1269590 1668.5
1269600 1673.4
1269610 1678.8
1269620 1678.8
1269630 1684.2
1269640 1690.2
1269650 1697.5
1269660 1697.5
1269670 1704.9
1269680 1711.4
1269690 1711.4
1269700 1717.6
1269710 1724.3
1269720 1724.3
1269730 1731.3
1269740 1738.4
1269750 1738.4
1269760 1744.9
1269770 1750.9
1269780 1750.9
1269790 1756.9
1269800 1763.1
1269810 1763.1
1269820 1769.9
1269830 1777.0
1269840 1777.0
1269850 1783.6
1269860 1791.2
1269870 1797.9
1269880 1797.9
1269890 1804.4
1269900 1812.2
1269910 1812.2
1269920 1822.6
1269930 1832.8
1269940 1832.8
1269950 1843.1
1269960 1853.6
1269970 1853.6
1269980 1865.3
1269990 1877.7
1270000 1877.7
1270010 1886.2
1270020 1887.6
1270030 1887.6
1270040 1886.0
1270050 1880.8
1270060 1880.8
1270070 1874.7
1270080 1871.6
1270090 1869.0
1270100 1869.0
1270110 1870.6
1270120 1868.3
1270130 1868.3
1270140 1864.1
1270150 1859.5
1270160 1859.5
1270170 1856.0
1270180 1853.5
1270190 1853.5
1270200 1850.5
1270210 1846.8
1270220 1846.8
1270230 1842.2
1270240 1837.8
1270250 1837.8
1270260 1834.5
1270270 1831.5
1270280 1831.5
1270290 1828.5
1270300 1824.5
1270310 1820.5
1270320 1820.5
1270330 1817.9
1270340 1813.8
1270350 1813.8
1270360 1808.5
1270370 1806.0
1270380 1806.0
1270390 1808.2
1270400 1810.6
1270410 1810.6
1270420 1813.2
1270430 1819.2
1270440 1819.2
1270450 1827.1
1270460 1834.0
1270470 1834.0
1270480 1840.1
1270490 1845.7
1270500 1845.7
1270510 1851.0
1270520 1855.6
1270530 1860.6
1270540 1860.6
1270550 1866.3
1270560 1871.8
1270570 1871.8
1270580 1879.2
1270590 1888.8
1270600 1888.8
1270610 1898.0
1270620 1905.8
1270630 1905.8
1270640 1913.3
1270650 1920.3
1270660 1920.3
1270670 1923.5
1270680 1925.0
1270690 1925.0
1270700 1928.5
1270710 1930.7
1270720 1930.7
1270730 1933.4
1270740 1936.5
1270750 1940.3
1270760 1940.3
1270770 1943.6
1270780 1946.6
1270790 1946.6
1270800 1951.2
1270810 1954.5
1270820 1954.5
1270830 1957.3
1270840 1960.3
1270850 1960.3
1270860 1962.2
1270870 1964.0
1270880 1964.0
1270890 1965.5
1270900 1966.2
1270910 1966.2
1270920 1968.1
1270930 1970.5
1270940 1970.5
1270950 1973.2
1270960 1976.3
1270970 1980.4
1270980 1980.4
1270990 1984.6
1271000 1988.9
1271010 1988.9
1271020 1993.0
1271030 1996.6
1271040 1996.6
1271050 2000.5
1271060 2003.8
1271070 2003.8
1271080 2007.3
1271090 2010.2
1271100 2010.2
1271110 2012.6
1271120 2014.2
1271130 2014.2
1271140 2015.6
1271150 2016.2
1271160 2016.0
1271170 2016.0
1271180 2016.2
1271190 2016.7
1271200 2016.7
1271210 2017.0
1271220 2017.6
1271230 2017.6
1271240 2019.2
1271250 2021.6
1271260 2021.6
1271270 2023.6
1271280 2025.4
1271290 2025.4
1271300 2027.4
1271310 2029.7
1271320 2029.7
1271330 2030.7
1271340 2031.7
1271350 2031.7
1271360 2033.3
1271370 2036.3
1271380 2039.8
1271390 2039.8
1271400 2042.2
1271410 2044.3
1271420 2044.3
1271430 2045.7
1271440 2046.7
1271450 2046.7
1271460 2049.0
1271470 2051.6
1271480 2051.6
1271490 2053.0
1271500 2053.8
1271510 2053.8
1271520 2055.6
1271530 2058.0
1271540 2058.0
1271550 2059.8
1271560 2060.8
1271570 2060.8
1271580 2061.4
1271590 2062.5
1271600 2064.7
1271610 2064.7
1271620 2068.0
1271630 2071.7
1271640 2071.7
1271650 2075.7
1271660 2078.9
1271670 2078.9
1271680 2081.5
1271690 2084.7
1271700 2084.7
1271710 2086.8
1271720 2088.3
1271730 2088.3
1271740 2091.0
1271750 2094.4
1271760 2094.4
1271770 2097.4
1271780 2099.2
1271790 2099.2
1271800 2100.6
1271810 2102.4
1271820 2103.0
1271830 2103.0
1271840 2104.8
1271850 2107.3
1271860 2107.3
1271870 2109.1
1271880 2111.6
1271890 2111.7
1271900 2114.3
1271910 2116.3
1271920 2116.3
1271930 2117.7
1271940 2119.9
1271950 2119.9
1271960 2122.6
1271970 2125.4
1271980 2125.4
1271990 2127.0
1272000 2127.8
1272010 2127.8
1272020 2128.8
1272030 2132.5
1272040 2136.6
1272050 2136.6
1272060 2140.1
1272070 2142.5
1272080 2142.5
1272090 2143.9
1272100 2143.9
1272110 2143.9
1272120 2143.0
1272130 2140.6
1272140 2140.6
1272150 2136.4
1272160 2131.6
1272170 2131.6
1272180 2125.6
1272190 2120.6
1272200 2120.6
1272210 2116.5
1272220 2111.9
1272230 2111.9
1272240 2107.1
1272250 2102.9
1272260 2099.4
1272270 2099.4
1272280 2096.4
1272290 2093.8
1272300 2093.8
1272310 2091.4
1272320 2089.3
1272330 2089.3
1272340 2087.3
1272350 2085.1
1272360 2085.1
1272370 2082.3
1272380 2079.6
1272390 2079.6
1272400 2076.4
1272410 2072.4
1272420 2072.4
1272430 2068.2
1272440 2064.2
1272450 2064.2
1272460 2059.7
1272470 2055.0
1272480 2050.3
1272490 2051.0
1272500 2048.0
1272510 2046.0
1272520 2046.0
1272530 2044.1
1272540 2042.5
1272550 2042.5
1272560 2040.9
1272570 2039.1
1272580 2039.1
1272590 2037.1
1272600 2034.6
1272610 2034.6
1272620 2031.8
1272630 2028.9
1272640 2028.9
1272650 2026.4
1272660 2023.6
1272670 2023.6
1272680 2020.9
1272690 2018.8
1272700 2017.0
1272710 2017.0
1272720 2015.3
1272730 2013.0
1272740 2013.0
1272750 2010.6
1272760 2009.0
1272770 2009.0
1272780 2008.1
1272790 2008.4
1272800 2008.4
1272810 2008.1
1272820 2007.8
1272830 2007.8
1272840 2008.9
1272850 2010.1
1272860 2010.1
1272870 2011.5
1272880 2013.0
1272890 2014.7
1272900 2014.7
1272910 2016.0
1272920 2016.9
1272930 2016.9
1272940 2018.0
1272950 2018.8
1272960 2018.8
1272970 2019.8
1272980 2021.3
1272990 2021.3
1273000 2022.8
1273010 2023.7
1273020 2023.7
1273030 2025.0
1273040 2027.2
1273050 2027.2
1273060 2029.9
1273070 2032.7
1273080 2032.7
1273090 2036.8
1273100 2040.2
1273110 2044.4
1273120 2044.4
1273130 2048.9
1273140 2054.3
1273150 2054.3
1273160 2060.4
1273170 2066.9
1273180 2066.9
1273190 2074.1
1273200 2081.6
1273210 2081.6
1273220 2088.7
1273230 2095.6
1273240 2095.6
1273250 2102.0
1273260 2108.9
1273270 2108.9
1273280 2114.3
1273290 2118.8
1273300 2118.8
1273310 2123.3
1273320 2128.5
1273330 2133.9
1273340 2133.9
1273350 2138.8
1273360 2143.9
1273370 2143.9
1273380 2148.8
1273390 2154.0
1273400 2154.0
1273410 2159.0
1273420 2164.4
1273430 2164.4
1273440 2169.5
1273450 2175.1
1273460 2175.1
1273470 2180.3
1273480 2184.2
1273490 2184.2
1273500 2187.1
1273510 2189.3
1273520 2189.3
1273530 2190.9
1273540 2191.7
1273550 2192.0
1273560 2192.0
1273570 2191.5
1273580 2190.0
1273590 2190.0
1273600 2187.4
1273610 2188.0
1273620 2188.0
1273630 2188.5
1273640 2186.8
1273650 2186.8
1273660 2184.0
1273670 2182.0
1273680 2182.0
1273690 2180.3
1273700 2178.9
1273710 2178.9
1273720 2177.6
1273730 2176.6
1273740 2176.6
1273750 2175.3
1273760 2173.5
1273770 2171.8
1273780 2171.8
1273790 2170.5
1273800 2169.7
1273810 2169.7
1273820 2169.5
1273830 2169.2
1273840 2169.2
1273850 2168.4
1273860 2166.6
1273870 2166.6
1273880 2164.4
1273890 2162.4
1273900 2162.4
1273910 2160.1
1273920 2157.0
1273930 2157.0
1273940 2153.9
1273950 2150.5
1273960 2150.5
1273970 2146.9
1273980 2142.8
1273990 2138.6
1274000 2138.6
1274010 2134.6
1274020 2130.0
1274030 2130.0
1274040 2124.7
1274050 2119.2
1274060 2119.2
1274070 2114.5
1274080 2111.5
1274090 2111.5
1274100 2107.6
1274110 2105.1
1274120 2105.1
1274130 2102.8
1274140 2100.2
1274150 2100.2
1274160 2098.4
1274170 2096.9
1274180 2096.9
1274190 2094.6
1274200 2092.0
1274210 2089.2
1274220 2089.2
1274230 2084.9
1274240 2082.2
1274250 2082.2
1274260 2080.6
1274270 2079.1
1274280 2079.1
1274290 2075.0
1274300 2072.9
1274310 2072.9
1274320 2070.3
1274330 2067.7
1274340 2067.7
1274350 2066.0
1274360 2064.2
1274370 2064.2
1274380 2060.7
1274390 2055.9
1274400 2055.9
1274410 2051.0
1274420 2046.2
1274430 2042.8
1274440 2042.8
1274450 2039.8
1274460 2037.2
1274470 2037.2
1274480 2034.3
1274490 2031.4
1274500 2031.4
1274510 2028.5
1274520 2025.7
1274530 2025.7
1274540 2022.9
1274550 2020.5
1274560 2020.5
1274570 2018.0
1274580 2015.4
1274590 2015.4
1274600 2012.4
1274610 2009.7
1274620 2006.6
1274630 2006.6
1274640 2003.2
1274650 2001.1
1274660 2001.1
1274670 2000.5
1274680 1998.7
1274690 1998.7
1274700 1995.5
1274710 1990.6
1274720 1990.6
1274730 1983.9
1274740 1979.3
1274750 1979.3
1274760 1976.0
1274770 1973.7
1274780 1973.7
1274790 1971.1
1274800 1968.7
1274810 1968.7
1274820 1967.1
1274830 1965.2
1274840 1964.3
1274850 1964.3
1274860 1963.1
1274870 1961.5
1274880 1961.5
1274890 1955.9
1274900 1954.9
1274910 1954.9
1274920 1952.2
1274930 1948.9
1274940 1948.9
1274950 1945.4
1274960 1942.4
1274970 1942.4
1274980 1939.8
1274990 1936.8
1275000 1936.8
1275010 1933.2
1275020 1929.3
1275030 1929.3
1275040 1924.8
1275050 1920.9
1275060 1916.9
1275070 1916.9
1275080 1914.0
1275090 1912.7
1275100 1912.7
1275110 1911.9
1275120 1911.4
1275130 1911.4
1275140 1909.9
1275150 1907.2
1275160 1907.2
1275170 1903.4
1275180 1898.9
1275190 1898.9
1275200 1893.8
1275210 1890.3
1275220 1890.3
1275230 1887.5
1275240 1884.8
1275250 1884.8
1275260 1883.3
1275270 1881.4
1275280 1878.6
1275290 1878.6
1275300 1875.9
1275310 1873.2
1275320 1873.2
1275330 1869.8
1275340 1866.2
1275350 1866.2
1275360 1863.3
1275370 1860.7
1275380 1860.7
1275390 1859.1
1275400 1858.0
1275410 1858.0
1275420 1856.0
1275430 1852.9
1275440 1852.9
1275450 1850.3
1275460 1847.2
1275470 1847.2
1275480 1843.1
1275490 1839.0
1275500 1836.1
1275510 1836.1
1275520 1832.6
1275530 1829.5
1275540 1829.5
1275550 1826.7
1275560 1823.6
1275570 1823.6
1275580 1820.8
1275590 1817.8
1275600 1817.8
1275610 1813.8
1275620 1810.6
1275630 1810.6
1275640 1807.0
1275650 1802.5
1275660 1802.5
1275670 1797.5
1275680 1792.3
1275690 1792.3
1275700 1787.8
1275710 1784.5
1275720 1782.1
1275730 1782.1
1275740 1778.5
1275750 1773.3
1275760 1773.3
1275770 1769.0
1275780 1765.2
1275790 1765.2
1275800 1760.8
1275810 1756.4
1275820 1756.4
1275830 1752.8
1275840 1749.2
1275850 1749.2
1275860 1745.5
1275870 1742.3
1275880 1742.3
1275890 1739.2
1275900 1735.0
1275910 1735.0
1275920 1730.1
1275930 1726.1
1275940 1722.0
1275950 1722.0
1275960 1717.2
1275970 1712.1
1275980 1712.1
1275990 1707.2
1276000 1701.3
1276010 1701.3
1276020 1696.3
1276030 1691.8
1276040 1691.8
1276050 1687.1
1276060 1682.5
1276070 1682.5
1276080 1678.8
1276090 1673.8
1276100 1673.8
1276110 1667.6
1276120 1663.0
1276130 1663.0
1276140 1658.3
1276150 1654.3
1276160 1649.1
1276170 1649.1
1276180 1644.1
1276190 1639.0
1276200 1639.0
1276210 1634.0
1276220 1629.5
1276230 1629.5
1276240 1624.7
1276250 1619.6
1276260 1619.6
1276270 1615.0
1276280 1611.9
1276290 1611.9
1276300 1609.3
1276310 1606.3
1276320 1606.3
1276330 1603.6
1276340 1600.0
1276350 1596.8
1276360 1596.8
1276370 1593.5
1276380 1589.5
1276390 1589.5
1276400 1585.0
1276410 1583.0
1276420 1583.0
1276430 1581.5
1276440 1577.4
1276450 1577.4
1276460 1572.6
1276470 1567.1
1276480 1567.1
1276490 1560.9
1276500 1557.6
1276510 1557.6
1276520 1553.3
1276530 1548.3
1276540 1548.3
1276550 1543.4
1276560 1538.1
1276570 1532.0
1276580 1532.0
1276590 1527.0
1276600 1523.7
1276610 1523.7
1276620 1521.0
1276630 1518.6
1276640 1518.6
1276650 1516.0
1276660 1513.6
1276670 1513.6
1276680 1511.7
1276690 1509.8
1276700 1509.8
1276710 1507.4
1276720 1505.7
1276730 1505.7
1276740 1503.0
1276750 1500.8
1276760 1500.8
1276770 1498.9
1276780 1496.3
1276790 1492.6
1276800 1492.6
1276810 1487.0
1276820 1478.9
1276830 1478.9
1276840 1470.2
1276850 1463.2
1276860 1463.2
1276870 1458.4
1276880 1454.2
1276890 1454.2
1276900 1450.5
1276910 1447.2
1276920 1447.2
1276930 1443.4
1276940 1440.4
1276950 1440.4
1276960 1437.2
1276970 1434.7
1276980 1434.7
1276990 1433.1
1277000 1431.3
1277010 1429.4
1277020 1429.4
1277030 1427.4
1277040 1425.5
1277050 1425.5
1277060 1423.5
1277070 1421.4
1277080 1421.4
1277090 1419.7
1277100 1418.3
1277110 1418.3
1277120 1416.6
1277130 1412.1
1277140 1412.1
1277150 1405.7
1277160 1400.6
1277170 1400.6
1277180 1398.0
1277190 1395.3
1277200 1395.3
1277210 1392.2
1277220 1389.9
1277230 1388.1
1277240 1388.1
1277250 1385.9
1277260 1383.4
1277270 1383.4
1277280 1380.8
1277290 1378.1
1277300 1378.1
1277310 1375.8
1277320 1373.9
1277330 1373.2
1277340 1371.0
1277350 1368.5
1277360 1368.5
1277370 1366.3
1277380 1364.2
1277390 1364.2
1277400 1362.1
1277410 1360.1
1277420 1360.1
1277430 1358.1
1277440 1356.1
1277450 1354.2
1277460 1354.2
1277470 1353.2
1277480 1352.2
1277490 1352.2
1277500 1349.4
1277510 1346.7
1277520 1346.7
1277530 1346.8
1277540 1348.0
1277550 1348.0
1277560 1347.6
1277570 1345.9
1277580 1345.9
1277590 1342.5
1277600 1337.1
1277610 1337.1
1277620 1333.9
1277630 1332.8
1277640 1332.8
1277650 1332.2
1277660 1332.2
1277670 1330.8
1277680 1330.8
1277690 1329.6
1277700 1327.6
1277710 1327.6
1277720 1327.0
1277730 1326.1
1277740 1326.1
1277750 1324.2
1277760 1322.9
1277770 1322.9
1277780 1321.5
1277790 1320.2
1277800 1320.2
1277810 1318.4
1277820 1316.0
1277830 1316.0
1277840 1309.9
1277850 1302.8
1277860 1302.8
1277870 1297.0
1277880 1293.4
1277890 1294.5
1277900 1294.5
1277910 1293.1
1277920 1288.0
1277930 1288.0
1277940 1295.6
1277950 1296.6
1277960 1296.6
1277970 1296.8
1277980 1298.3
1277990 1298.3
1278000 1299.8
1278010 1301.6
1278020 1301.6
1278030 1301.3
1278040 1296.7
1278050 1296.7
1278060 1290.6
1278070 1284.7
1278080 1279.9
1278090 1279.9
1278100 1274.1
1278110 1267.7
1278120 1267.7
1278130 1260.9
1278140 1253.8
1278150 1253.8
1278160 1247.2
1278170 1240.2
1278180 1240.2
1278190 1234.2
1278200 1229.7
1278210 1229.7
1278220 1226.4
1278230 1224.5
1278240 1224.5
1278250 1223.9
1278260 1220.9
1278270 1220.9
1278280 1216.3
1278290 1204.1
1278300 1190.8
1278310 1190.8
1278320 1180.6
1278330 1173.4
1278340 1173.4
1278350 1164.9
1278360 1155.0
1278370 1155.0
1278380 1149.1
1278390 1142.4
1278400 1142.4
1278410 1134.9
1278420 1130.8
1278430 1130.8
1278440 1129.0
1278450 1127.3
1278460 1127.3
1278470 1124.2
1278480 1118.5
1278490 1118.5
1278500 1116.5
1278510 1116.4
1278520 1116.1
1278530 1116.1
1278540 1115.0
1278550 1115.4
1278560 1115.4
1278570 1116.9
1278580 1121.1
1278590 1121.1
1278600 1127.2
1278610 1132.5
1278620 1132.5
1278630 1135.9
1278640 1138.7
1278650 1138.7
1278660 1141.4
1278670 1144.4
1278680 1144.4
1278690 1147.7
1278700 1151.2
1278710 1151.2
1278720 1154.7
1278730 1158.9
1278740 1163.2
1278750 1163.2
1278760 1168.1
1278770 1173.5
1278780 1173.5
1278790 1178.5
1278800 1184.5
1278810 1184.5
1278820 1194.0
1278830 1201.6
1278840 1201.6
1278850 1208.2
1278860 1214.9
1278870 1214.9
1278880 1216.8
1278890 1222.8
1278900 1222.8
1278910 1229.8
1278920 1235.0
1278930 1235.0
1278940 1239.3
1278950 1244.3
1278960 1250.7
1278970 1250.7
1278980 1257.1
1278990 1263.5
1279000 1263.5
1279010 1269.7
1279020 1276.0
1279030 1276.0
1279040 1281.2
1279050 1285.4
1279060 1285.4
1279070 1289.8
1279080 1295.6
1279090 1295.6
1279100 1301.6
1279110 1307.8
1279120 1307.8
1279130 1314.3
1279140 1321.4
1279150 1321.4
1279160 1327.6
1279170 1334.5
1279180 1340.1
1279190 1340.1
1279200 1344.7
1279210 1349.4
1279220 1349.4
1279230 1354.1
1279240 1358.8
1279250 1358.8
1279260 1363.0
1279270 1367.6
1279280 1367.6
1279290 1373.3
1279300 1378.5
1279310 1378.5
1279320 1382.7
1279330 1385.2
1279340 1385.2
1279350 1388.5
1279360 1393.4
1279370 1393.4
1279380 1399.7
1279390 1406.8
1279400 1413.2
1279410 1413.2
1279420 1419.2
1279430 1425.6
1279440 1425.6
1279450 1431.9
1279460 1438.1
1279470 1438.1
1279480 1444.8
1279490 1451.2
1279500 1451.2
1279510 1457.8
1279520 1464.6
1279530 1464.6
1279540 1472.0
1279550 1479.3
1279560 1479.3
1279570 1486.8
1279580 1493.4
1279590 1499.3
1279600 1499.3
1279610 1505.6
1279620 1512.7
1279630 1512.7
1279640 1519.2
1279650 1525.2
1279660 1525.2
1279670 1531.1
1279680 1536.0
1279690 1536.0
1279700 1539.2
1279710 1539.7
1279720 1539.7
1279730 1535.5
1279740 1529.3
1279750 1529.3
1279760 1511.3
1279770 1503.6
1279780 1503.6
1279790 1499.2
1279800 1489.4
1279810 1482.3
1279820 1482.3
1279830 1477.2
1279840 1474.1
1279850 1474.1
1279860 1470.5
1279870 1467.1
1279880 1467.1
1279890 1463.3
1279900 1458.6
1279910 1458.6
1279920 1456.0
1279930 1452.9
1279940 1452.9
1279950 1452.9
1279960 1447.5
1279970 1447.5
1279980 1439.6
1279990 1433.8
1260000 1997
1260010 2002
1260020 2006
1260030 2008
1260040 2010
1260050 2012
1260060 2014
1260070 2015
1260080 2017
1260090 2020
1260100 2023
1260110 2026
1260120 2031
1260130 2036
1260140 2040
1260150 2043
1260160 2048
1260170 2052
1260180 2054
1260190 2057
1260200 2060
1260210 2063
1260220 2066
1260230 2068
1260240 2071
1260250 2073
1260260 2075
1260270 2076
1260280 2079
1260290 2082
1260300 2087
1260310 2091
1260320 2096
1260330 2101
1260340 2105
1260350 2110
1260360 2115
1260370 2119
1260380 2124
1260390 2129
1260400 2134
1260410 2139
1260420 2144
1260430 2149
1260440 2154
1260450 2159
1260460 2164
1260470 2169
1260480 2174
1260490 2178
1260500 2182
1260510 2186
1260520 2189
1260530 2191
1260540 2194
1260550 2197
1260560 2200
1260570 2203
1260580 2206
1260590 2209
1260600 2213
1260610 2217
1260620 2220
1260630 2224
1260640 2228
1260650 2232
1260660 2235
1260670 2239
1260680 2243
1260690 2247
1260700 2251
1260710 2255
1260720 2258
1260730 2262
1260740 2266
1260750 2269
1260760 2273
1260770 2276
1260780 2279
1260790 2283
1260800 2286
1260810 2290
1260820 2293
1260830 2296
1260840 2299
1260850 2302
1260860 2306
1260870 2309
1260880 2315
1260890 2324
1260900 2339
1260910 2397
1260920 2457
1260930 2513
1260940 2560
1260950 2585
1260960 2588
1260970 2590
1260980 2590
1260990 2590
1261000 2587
1261010 2585
1261020 2582
1261030 2578
1261040 2605
1261050 2642
1261060 2670
1261070 2668
1261080 2657
1261090 2646
1261100 2629
1261110 2610
1261120 2590
1261130 2577
1261140 2568
1261150 2565
1261160 2570
1261170 2578
1261180 2588
1261190 2582
1261200 2583
1261210 2591
1261220 2604
1261230 2610
1261240 2613
1261250 2610
1261260 2604
1261270 2597
1261280 2594
1261290 2600
1261300 2602
1261310 2591
1261320 2598
1261330 2595
1261340 2573
1261350 2554
1261360 2538
1261370 2526
1261380 2520
1261390 2514
1261400 2507
1261410 2495
1261420 2481
1261430 2466
1261440 2450
1261450 2441
1261460 2434
1261470 2424
1261480 2426
1261490 2426
1261500 2418
1261510 2408
1261520 2406
1261530 2414
1261540 2412
1261550 2409
1261560 2407
1261570 2382
1261580 2361
1261590 2344
1261600 2334
1261610 2323
1261620 2309
1261630 2296
1261640 2274
1261650 2248
1261660 2233
1261670 2227
1261680 2224
1261690 2220
1261700 2216
1261710 2211
1261720 2206
1261730 2202
1261740 2197
1261750 2192
1261760 2187
1261770 2183
1261780 2178
1261790 2173
1261800 2168
1261810 2163
1261820 2158
1261830 2154
1261840 2149
1261850 2144
1261860 2139
1261870 2135
1261880 2130
1261890 2125
1261900 2121
1261910 2116
1261920 2112
1261930 2107
1261940 2102
1261950 2098
1261960 2094
1261970 2089
1261980 2084
1261990 2079
1262000 2075
1262010 2070
1262020 2065
1262030 2061
1262040 2056
1262050 2052
1262060 2048
1262070 2043
1262080 2038
1262090 2035
1262100 2031
1262110 2029
1262120 2027
1262130 2026
1262140 2026
1262150 2026
1262160 2025
1262170 2025
1262180 2025
1262190 2025
1262200 2024
1262210 2024
1262220 2022
1262230 2021
1262240 2022
1262250 2025
1262260 2026
1262270 2026
1262280 2027
1262290 2027
1262300 2027
1262310 2028
1262320 2028
1262330 2035
1262340 2040
1262350 2040
1262360 2045
1262370 2054
1262380 2067
1262390 2075
1262400 2081
1262410 2085
1262420 2092
1262430 2098
1262440 2105
1262450 2111
1262460 2116
1262470 2121
1262480 2121
1262490 2119
1262500 2116
1262510 2111
1262520 2107
1262530 2103
1262540 2098
1262550 2093
1262560 2088
1262570 2082
1262580 2077
1262590 2071
1262600 2065
1262610 2067
1262620 2067
1262630 2064
1262640 2060
1262650 2054
1262660 2048
1262670 2041
1262680 2035
1262690 2032
1262700 2029
1262710 2026
1262720 2022
1262730 2019
1262740 2015
1262750 2011
1262760 2006
1262770 2003
1262780 1999
1262790 1993
1262800 1989
1262810 1987
1262820 1987
1262830 1982
1262840 1971
1262850 1952
1262860 1926
1262870 1909
1262880 1898
1262890 1888
1262900 1875
1262910 1862
1262920 1863
1262930 1854
1262940 1843
1262950 1834
1262960 1822
1262970 1818
1262980 1835
1262990 1841
1263000 1847
1263010 1853
1263020 1859
1263030 1867
1263040 1875
1263050 1890
1263060 1903
1263070 1914
1263080 1925
1263090 1931
1263100 1934
1263110 1932
1263120 1927
1263130 1922
1263140 1913
1263150 1902
1263160 1892
1263170 1883
1263180 1876
1263190 1871
1263200 1867
1263210 1863
1263220 1859
1263230 1855
1263240 1851
1263250 1845
1263260 1839
1263270 1832
1263280 1826
1263290 1821
1263300 1811
1263310 1806
1263320 1803
1263330 1801
1263340 1810
1263350 1826
1263360 1843
1263370 1853
1263380 1859
1263390 1863
1263400 1870
1263410 1878
1263420 1890
1263430 1895
1263440 1903
1263450 1915
1263460 1930
1263470 1941
1263480 1946
1263490 1938
1263500 1941
1263510 1954
1263520 1965
1263530 1978
1263540 1992
1263550 1995
1263560 1997
1263570 1999
1263580 1999
1263590 1998
1263600 1994
1263610 1986
1263620 1965
1263630 1957
1263640 1979
1263650 1980
1263660 1978
1263670 1975
1263680 1971
1263690 1968
1263700 1965
1263710 1961
1263720 1956
1263730 1948
1263740 1941
1263750 1935
1263760 1928
1263770 1916
1263780 1905
1263790 1894
1263800 1882
1263810 1874
1263820 1867
1263830 1860
1263840 1853
1263850 1848
1263860 1844
1263870 1837
1263880 1828
1263890 1819
1263900 1812
1263910 1815
1263920 1827
1263930 1822
1263940 1807
1263950 1784
1263960 1754
1263970 1737
1263980 1726
1263990 1714
1264000 1707
1264010 1701
1264020 1692
1264030 1680
1264040 1670
1264050 1664
1264060 1655
1264070 1641
1264080 1619
1264090 1613
1264100 1616
1264110 1629
1264120 1639
1264130 1645
1264140 1647
1264150 1644
1264160 1641
1264170 1638
1264180 1635
1264190 1632
1264200 1630
1264210 1628
1264220 1625
1264230 1623
1264240 1621
1264250 1619
1264260 1618
1264270 1616
1264280 1615
1264290 1613
1264300 1612
1264310 1610
1264320 1607
1264330 1604
1264340 1602
1264350 1600
1264360 1600
1264370 1600
1264380 1601
1264390 1601
1264400 1600
1264410 1599
1264420 1596
1264430 1592
1264440 1589
1264450 1586
1264460 1583
1264470 1578
1264480 1572
1264490 1566
1264500 1559
1264510 1553
1264520 1547
1264530 1541
1264540 1534
1264550 1528
1264560 1521
1264570 1514
1264580 1508
1264590 1502
1264600 1499
1264610 1496
1264620 1495
1264630 1493
1264640 1491
1264650 1488
1264660 1489
1264670 1489
1264680 1487
1264690 1484
1264700 1481
1264710 1477
1264720 1474
1264730 1471
1264740 1468
1264750 1466
1264760 1464
1264770 1461
1264780 1458
1264790 1455
1264800 1452
1264810 1450
1264820 1448
1264830 1446
1264840 1445
1264850 1445
1264860 1445
1264870 1443
1264880 1438
1264890 1433
1264900 1428
1264910 1424
1264920 1420
1264930 1416
1264940 1411
1264950 1407
1264960 1403
1264970 1396
1264980 1390
1264990 1384
1265000 1378
1265010 1374
1265020 1370
1265030 1368
1265040 1365
1265050 1362
1265060 1360
1265070 1357
1265080 1355
1265090 1355
1265100 1355
1265110 1355
1265120 1354
1265130 1353
1265140 1352
1265150 1351
1265160 1351
1265170 1351
1265180 1351
1265190 1350
1265200 1350
1265210 1352
1265220 1358
1265230 1360
1265240 1359
1265250 1357
1265260 1355
1265270 1353
1265280 1352
1265290 1351
1265300 1350
1265310 1349
1265320 1350
1265330 1351
1265340 1353
1265350 1350
1265360 1346
1265370 1341
1265380 1337
1265390 1333
1265400 1329
1265410 1326
1265420 1323
1265430 1319
1265440 1316
1265450 1312
1265460 1309
1265470 1305
1265480 1304
1265490 1303
1265500 1301
1265510 1299
1265520 1297
1265530 1294
1265540 1292
1265550 1290
1265560 1290
1265570 1288
1265580 1286
1265590 1284
1265600 1282
1265610 1279
1265620 1277
1265630 1275
1265640 1272
1265650 1270
1265660 1268
1265670 1266
1265680 1264
1265690 1263
1265700 1262
1265710 1261
1265720 1260
1265730 1259
1265740 1258
1265750 1256
1265760 1255
1265770 1254
1265780 1253
1265790 1252
1265800 1251
1265810 1250
1265820 1249
1265830 1248
1265840 1247
1265850 1245
1265860 1244
1265870 1243
1265880 1242
1265890 1242
1265900 1241
1265910 1240
1265920 1239
1265930 1237
1265940 1236
1265950 1235
1265960 1234
1265970 1233
1265980 1233
1265990 1232
1266000 1231
1266010 1229
1266020 1228
1266030 1229
1266040 1227
1266050 1226
1266060 1226
1266070 1225
1266080 1224
1266090 1224
1266100 1222
1266110 1222
1266120 1221
1266130 1220
1266140 1220
1266150 1219
1266160 1218
1266170 1218
1266180 1217
1266190 1216
1266200 1216
1266210 1214
1266220 1213
1266230 1213
1266240 1214
1266250 1214
1266260 1214
1266270 1214
1266280 1213
1266290 1213
1266300 1213
1266310 1213
1266320 1213
1266330 1213
1266340 1213
1266350 1213
1266360 1213
1266370 1213
1266380 1213
1266390 1213
1266400 1213
1266410 1212
1266420 1213
1266430 1213
1266440 1213
1266450 1213
1266460 1213
1266470 1213
1266480 1213
1266490 1213
1266500 1213
1266510 1213
1266520 1213
1266530 1213
1266540 1213
1266550 1213
1266560 1213
1266570 1213
1266580 1213
1266590 1213
1266600 1213
1266610 1213
1266620 1213
1266630 1213
1266640 1213
1266650 1213
1266660 1213
1266670 1213
1266680 1213
1266690 1213
1266700 1213
1266710 1212
1266720 1212
1266730 1212
1266740 1212
1266750 1212
1266760 1212
1266770 1212
1266780 1212
1266790 1212
1266800 1212
1266810 1212
1266820 1212
1266830 1212
1266840 1212
1266850 1212
1266860 1211
1266870 1211
1266880 1211
1266890 1211
1266900 1211
1266910 1211
1266920 1211
1266930 1211
1266940 1211
1266950 1211
1266960 1211
1266970 1211
1266980 1211
1266990 1211
1267000 1211
1267010 1211
1267020 1211
1267030 1211
1267040 1212
1267050 1210
1267060 1209
1267070 1209
1267080 1211
1267090 1211
1267100 1211
1267110 1211
1267120 1211
1267130 1210
1267140 1211
1267150 1212
1267160 1214
1267170 1215
1267180 1216
1267190 1216
1267200 1217
1267210 1218
1267220 1219
1267230 1219
1267240 1221
1267250 1222
1267260 1223
1267270 1224
1267280 1225
1267290 1226
1267300 1227
1267310 1228
1267320 1229
1267330 1231
1267340 1233
1267350 1234
1267360 1236
1267370 1237
1267380 1239
1267390 1240
1267400 1242
1267410 1243
1267420 1244
1267430 1246
1267440 1247
1267450 1248
1267460 1250
1267470 1251
1267480 1253
1267490 1254
1267500 1256
1267510 1258
1267520 1260
1267530 1261
1267540 1263
1267550 1266
1267560 1267
1267570 1269
1267580 1270
1267590 1272
1267600 1274
1267610 1276
1267620 1277
1267630 1278
1267640 1279
1267650 1281
1267660 1282
1267670 1283
1267680 1283
1267690 1284
1267700 1285
1267710 1285
1267720 1285
1267730 1287
1267740 1287
1267750 1287
1267760 1287
1267770 1287
1267780 1288
1267790 1288
1267800 1289
1267810 1290
1267820 1293
1267830 1296
1267840 1299
1267850 1302
1267860 1306
1267870 1311
1267880 1315
1267890 1319
1267900 1322
1267910 1326
1267920 1330
1267930 1334
1267940 1338
1267950 1342
1267960 1345
1267970 1348
1267980 1351
1267990 1354
1268000 1356
1268010 1359
1268020 1362
1268030 1365
1268040 1368
1268050 1371
1268060 1374
1268070 1376
1268080 1378
1268090 1381
1268100 1383
1268110 1386
1268120 1388
1268130 1391
1268140 1394
1268150 1398
1268160 1401
1268170 1404
1268180 1407
1268190 1410
1268200 1413
1268210 1416
1268220 1419
1268230 1423
1268240 1426
1268250 1429
1268260 1432
1268270 1435
1268280 1439
1268290 1444
1268300 1449
1268310 1454
1268320 1461
1268330 1469
1268340 1476
1268350 1482
1268360 1487
1268370 1493
1268380 1496
1268390 1499
1268400 1499
1268410 1498
1268420 1497
1268430 1496
1268440 1497
1268450 1497
1268460 1496
1268470 1494
1268480 1493
1268490 1493
1268500 1490
1268510 1488
1268520 1487
1268530 1478
1268540 1472
1268550 1468
1268560 1469
1268570 1467
1268580 1464
1268590 1466
1268600 1470
1268610 1476
1268620 1484
1268630 1494
1268640 1504
1268650 1509
1268660 1517
1268670 1525
1268680 1535
1268690 1542
1268700 1548
1268710 1552
1268720 1555
1268730 1559
1268740 1564
1268750 1568
1268760 1572
1268770 1575
1268780 1578
1268790 1582
1268800 1586
1268810 1590
1268820 1595
1268830 1599
1268840 1602
1268850 1605
1268860 1607
1268870 1609
1268880 1610
1268890 1610
1268900 1609
1268910 1607
1268920 1604
1268930 1601
1268940 1598
1268950 1596
1268960 1595
1268970 1593
1268980 1588
1268990 1581
1269000 1574
1269010 1568
1269020 1562
1269030 1554
1269040 1548
1269050 1541
1269060 1533
1269070 1527
1269080 1521
1269090 1518
1269100 1514
1269110 1511
1269120 1508
1269130 1505
1269140 1505
1269150 1509
1269160 1515
1269170 1523
1269180 1531
1269190 1535
1269200 1539
1269210 1543
1269220 1547
1269230 1550
1269240 1554
1269250 1559
1269260 1564
1269270 1569
1269280 1573
1269290 1578
1269300 1583
1269310 1588
1269320 1591
1269330 1595
1269340 1598
1269350 1603
1269360 1607
1269370 1612
1269380 1615
1269390 1618
1269400 1620
1269410 1624
1269420 1627
1269430 1631
1269440 1635
1269450 1637
1269460 1639
1269470 1641
1269480 1643
1269490 1645
1269500 1647
1269510 1648
1269520 1649
1269530 1650
1269540 1652
1269550 1655
1269560 1659
1269570 1663
1269580 1667
1269590 1670
1269600 1674
1269610 1677
1269620 1681
1269630 1685
1269640 1689
1269650 1694
1269660 1699
1269670 1704
1269680 1708
1269690 1713
1269700 1717
1269710 1722
1269720 1726
1269730 1731
1269740 1736
1269750 1741
1269760 1745
1269770 1749
1269780 1753
1269790 1757
1269800 1761
1269810 1766
1269820 1770
1269830 1775
1269840 1780
1269850 1784
1269860 1789
1269870 1794
1269880 1799
1269890 1804
1269900 1809
1269910 1816
1269920 1822
1269930 1829
1269940 1836
1269950 1843
1269960 1851
1269970 1859
1269980 1867
1269990 1875
1270000 1882
1270010 1885
1270020 1887
1270030 1887
1270040 1885
1270050 1881
1270060 1876
1270070 1874
1270080 1872
1270090 1870
1270100 1869
1270110 1867
1270120 1865
1270130 1863
1270140 1861
1270150 1858
1270160 1855
1270170 1853
1270180 1851
1270190 1850
1270200 1848
1270210 1845
1270220 1842
1270230 1839
1270240 1837
1270250 1835
1270260 1832
1270270 1830
1270280 1829
1270290 1826
1270300 1823
1270310 1820
1270320 1818
1270330 1817
1270340 1814
1270350 1811
1270360 1807
1270370 1805
1270380 1806
1270390 1808
1270400 1810
1270410 1811
1270420 1814
1270430 1818
1270440 1823
1270450 1828
1270460 1833
1270470 1837
1270480 1841
1270490 1845
1270500 1848
1270510 1851
1270520 1855
1270530 1858
1270540 1862
1270550 1866
1270560 1870
1270570 1874
1270580 1879
1270590 1886
1270600 1893
1270610 1899
1270620 1904
1270630 1909
1270640 1915
1270650 1919
1270660 1922
1270670 1923
1270680 1925
1270690 1926
1270700 1927
1270710 1929
1270720 1930
1270730 1932
1270740 1934
1270750 1936
1270760 1939
1270770 1942
1270780 1945
1270790 1947
1270800 1950
1270810 1953
1270820 1955
1270830 1957
1270840 1959
1270850 1960
1270860 1961
1270870 1962
1270880 1964
1270890 1964
1270900 1965
1270910 1966
1270920 1968
1270930 1969
1270940 1971
1270950 1973
1270960 1975
1270970 1978
1270980 1982
1270990 1984
1271000 1987
1271010 1990
1271020 1992
1271030 1995
1271040 1997
1271050 2000
1271060 2002
1271070 2004
1271080 2007
1271090 2009
1271100 2011
1271110 2012
1271120 2014
1271130 2015
1271140 2015
1271150 2016
1271160 2015
1271170 2015
1271180 2016
1271190 2016
1271200 2016
1271210 2017
1271220 2017
1271230 2018
1271240 2019
1271250 2020
1271260 2022
1271270 2023
1271280 2025
1271290 2026
1271300 2027
1271310 2028
1271320 2029
1271330 2030
1271340 2030
1271350 2031
1271360 2033
1271370 2035
1271380 2037
1271390 2039
1271400 2041
1271410 2042
1271420 2044
1271430 2044
1271440 2044
1271450 2047
1271460 2049
1271470 2050
1271480 2051
1271490 2052
1271500 2052
1271510 2053
1271520 2054
1271530 2056
1271540 2057
1271550 2058
1271560 2059
1271570 2059
1271580 2060
1271590 2061
1271600 2063
1271610 2065
1271620 2067
1271630 2069
1271640 2072
1271650 2075
1271660 2077
1271670 2079
1271680 2081
1271690 2083
1271700 2085
1271710 2086
1271720 2087
1271730 2089
1271740 2091
1271750 2093
1271760 2096
1271770 2097
1271780 2098
1271790 2099
1271800 2101
1271810 2102
1271820 2103
1271830 2103
1271840 2104
1271850 2106
1271860 2108
1271870 2109
1271880 2110
1271890 2112
1271900 2114
1271910 2115
1271920 2116
1271930 2117
1271940 2118
1271950 2120
1271960 2122
1271970 2124
1271980 2126
1271990 2127
1272000 2128
1272010 2129
1272020 2131
1272030 2133
1272040 2135
1272050 2137
1272060 2140
1272070 2141
1272080 2142
1272090 2143
1272100 2144
1272110 2144
1272120 2143
1272130 2142
1272140 2139
1272150 2136
1272160 2133
1272170 2129
1272180 2125
1272190 2121
1272200 2118
1272210 2116
1272220 2112
1272230 2109
1272240 2105
1272250 2103
1272260 2100
1272270 2098
1272280 2096
1272290 2094
1272300 2092
1272310 2091
1272320 2089
1272330 2088
1272340 2087
1272350 2085
1272360 2083
1272370 2081
1272380 2080
1272390 2078
1272400 2075
1272410 2073
1272420 2070
1272430 2067
1272440 2064
1272450 2061
1272460 2058
1272470 2055
1272480 2052
1272490 2048
1272500 2047
1272510 2045
1272520 2044
1272530 2043
1272540 2042
1272550 2041
1272560 2040
1272570 2039
1272580 2037
1272590 2036
1272600 2034
1272610 2032
1272620 2030
1272630 2028
1272640 2026
1272650 2025
1272660 2023
1272670 2021
1272680 2019
1272690 2018
1272700 2017
1272710 2015
1272720 2014
1272730 2013
1272740 2011
1272750 2010
1272760 2008
1272770 2007
1272780 2007
1272790 2007
1272800 2007
1272810 2007
1272820 2007
1272830 2007
1272840 2008
1272850 2009
1272860 2010
1272870 2011
1272880 2012
1272890 2013
1272900 2015
1272910 2015
1272920 2016
1272930 2017
1272940 2017
1272950 2018
1272960 2019
1272970 2019
1272980 2020
1272990 2022
1273000 2022
1273010 2023
1273020 2024
1273030 2025
1273040 2027
1273050 2028
1273060 2030
1273070 2032
1273080 2034
1273090 2036
1273100 2039
1273110 2041
1273120 2045
1273130 2048
1273140 2052
1273150 2055
1273160 2060
1273170 2064
1273180 2069
1273190 2074
1273200 2079
1273210 2083
1273220 2088
1273230 2093
1273240 2097
1273250 2101
1273260 2106
1273270 2110
1273280 2113
1273290 2116
1273300 2119
1273310 2122
1273320 2126
1273330 2130
1273340 2133
1273350 2137
1273360 2140
1273370 2144
1273380 2147
1273390 2151
1273400 2155
1273410 2158
1273420 2161
1273430 2165
1273440 2169
1273450 2173
1273460 2177
1273470 2180
1273480 2183
1273490 2185
1273500 2187
1273510 2189
1273520 2190
1273530 2191
1273540 2191
1273550 2191
1273560 2191
1273570 2191
1273580 2190
1273590 2189
1273600 2187
1273610 2187
1273620 2188
1273630 2188
1273640 2187
1273650 2185
1273660 2183
1273670 2182
1273680 2181
1273690 2180
1273700 2179
1273710 2179
1273720 2178
1273730 2177
1273740 2176
1273750 2175
1273760 2174
1273770 2173
1273780 2172
1273790 2171
1273800 2171
1273810 2170
1273820 2170
1273830 2170
1273840 2170
1273850 2169
1273860 2168
1273870 2166
1273880 2165
1273890 2163
1273900 2162
1273910 2160
1273920 2158
1273930 2155
1273940 2153
1273950 2151
1273960 2148
1273970 2146
1273980 2143
1273990 2140
1274000 2137
1274010 2134
1274020 2131
1274030 2128
1274040 2124
1274050 2120
1274060 2117
1274070 2114
1274080 2112
1274090 2109
1274100 2107
1274110 2105
1274120 2104
1274130 2102
1274140 2100
1274150 2099
1274160 2098
1274170 2096
1274180 2095
1274190 2093
1274200 2092
1274210 2090
1274220 2087
1274230 2084
1274240 2082
1274250 2081
1274260 2080
1274270 2079
1274280 2078
1274290 2076
1274300 2075
1274310 2073
1274320 2071
1274330 2070
1274340 2068
1274350 2067
1274360 2065
1274370 2063
1274380 2060
1274390 2057
1274400 2054
1274410 2051
1274420 2048
1274430 2045
1274440 2043
1274450 2040
1274460 2038
1274470 2036
1274480 2034
1274490 2032
1274500 2030
1274510 2028
1274520 2026
1274530 2024
1274540 2023
1274550 2021
1274560 2020
1274570 2018
1274580 2016
1274590 2014
1274600 2012
1274610 2010
1274620 2008
1274630 2006
1274640 2003
1274650 2002
1274660 2001
1274670 2000
1274680 1999
1274690 1997
1274700 1995
1274710 1992
1274720 1987
1274730 1983
1274740 1980
1274750 1977
1274760 1975
1274770 1973
1274780 1972
1274790 1970
1274800 1968
1274810 1967
1274820 1966
1274830 1965
1274840 1964
1274850 1963
1274860 1962
1274870 1961
1274880 1959
1274890 1957
1274900 1956
1274910 1955
1274920 1952
1274930 1950
1274940 1948
1274950 1946
1274960 1944
1274970 1942
1274980 1940
1274990 1937
1275000 1934
1275010 1932
1275020 1929
1275030 1926
1275040 1923
1275050 1920
1275060 1918
1275070 1915
1275080 1914
1275090 1913
1275100 1912
1275110 1912
1275120 1911
1275130 1911
1275140 1909
1275150 1908
1275160 1906
1275170 1902
1275180 1899
1275190 1895
1275200 1892
1275210 1890
1275220 1888
1275230 1886
1275240 1884
1275250 1883
1275260 1882
1275270 1880
1275280 1879
1275290 1877
1275300 1875
1275310 1873
1275320 1872
1275330 1869
1275340 1867
1275350 1864
1275360 1863
1275370 1861
1275380 1859
1275390 1859
1275400 1858
1275410 1857
1275420 1855
1275430 1853
1275440 1851
1275450 1849
1275460 1847
1275470 1845
1275480 1841
1275490 1839
1275500 1837
1275510 1835
1275520 1832
1275530 1830
1275540 1829
1275550 1826
1275560 1824
1275570 1822
1275580 1820
1275590 1818
1275600 1815
1275610 1812
1275620 1811
1275630 1808
1275640 1805
1275650 1803
1275660 1799
1275670 1796
1275680 1793
1275690 1789
1275700 1786
1275710 1783
1275720 1781
1275730 1780
1275740 1777
1275750 1774
1275760 1771
1275770 1768
1275780 1766
1275790 1763
1275800 1760
1275810 1757
1275820 1754
1275830 1752
1275840 1749
1275850 1747
1275860 1744
1275870 1742
1275880 1740
1275890 1738
1275900 1735
1275910 1732
1275920 1728
1275930 1726
1275940 1724
1275950 1720
1275960 1717
1275970 1713
1275980 1710
1275990 1707
1276000 1702
1276010 1698
1276020 1696
1276030 1692
1276040 1689
1276050 1686
1276060 1683
1276070 1680
1276080 1677
1276090 1674
1276100 1670
1276110 1666
1276120 1663
1276130 1660
1276140 1657
1276150 1655
1276160 1651
1276170 1647
1276180 1644
1276190 1640
1276200 1637
1276210 1635
1276220 1632
1276230 1629
1276240 1625
1276250 1621
1276260 1618
1276270 1616
1276280 1613
1276290 1611
1276300 1610
1276310 1608
1276320 1606
1276330 1604
1276340 1602
1276350 1599
1276360 1596
1276370 1594
1276380 1592
1276390 1589
1276400 1586
1276410 1584
1276420 1582
1276430 1582
1276440 1579
1276450 1575
1276460 1572
1276470 1569
1276480 1564
1276490 1560
1276500 1558
1276510 1555
1276520 1552
1276530 1549
1276540 1545
1276550 1542
1276560 1538
1276570 1534
1276580 1530
1276590 1527
1276600 1524
1276610 1522
1276620 1520
1276630 1519
1276640 1517
1276650 1515
1276660 1514
1276670 1512
1276680 1511
1276690 1510
1276700 1508
1276710 1507
1276720 1506
1276730 1505
1276740 1503
1276750 1501
1276760 1500
1276770 1499
1276780 1497
1276790 1495
1276800 1492
1276810 1489
1276820 1484
1276830 1478
1276840 1472
1276850 1467
1276860 1462
1276870 1458
1276880 1456
1276890 1453
1276900 1451
1276910 1448
1276920 1445
1276930 1442
1276940 1441
1276950 1438
1276960 1435
1276970 1434
1276980 1433
1276990 1432
1277000 1431
1277010 1429
1277020 1428
1277030 1427
1277040 1426
1277050 1424
1277060 1423
1277070 1422
1277080 1420
1277090 1419
1277100 1418
1277110 1417
1277120 1416
1277130 1413
1277140 1409
1277150 1404
1277160 1401
1277170 1398
1277180 1397
1277190 1395
1277200 1393
1277210 1391
1277220 1390
1277230 1388
1277240 1387
1277250 1385
1277260 1384
1277270 1382
1277280 1380
1277290 1378
1277300 1377
1277310 1375
1277320 1374
1277330 1372
1277340 1371
1277350 1369
1277360 1368
1277370 1366
1277380 1365
1277390 1363
1277400 1362
1277410 1360
1277420 1359
1277430 1357
1277440 1356
1277450 1354
1277460 1353
1277470 1351
1277480 1350
1277490 1349
1277500 1348
1277510 1346
1277520 1344
1277530 1344
1277540 1346
1277550 1347
1277560 1347
1277570 1346
1277580 1344
1277590 1342
1277600 1338
1277610 1335
1277620 1333
1277630 1332
1277640 1332
1277650 1331
1277660 1332
1277670 1330
1277680 1329
1277690 1328
1277700 1327
1277710 1326
1277720 1326
1277730 1326
1277740 1325
1277750 1324
1277760 1322
1277770 1322
1277780 1321
1277790 1320
1277800 1319
1277810 1317
1277820 1316
1277830 1313
1277840 1308
1277850 1303
1277860 1299
1277870 1296
1277880 1294
1277890 1294
1277900 1295
1277910 1294
1277920 1291
1277930 1288
1277940 1289
1277950 1290
1277960 1290
1277970 1288
1277980 1288
1277990 1289
1278000 1292
1278010 1294
1278020 1295
1278030 1294
1278040 1291
1278050 1288
1278060 1283
1278070 1280
1278080 1278
1278090 1275
1278100 1272
1278110 1267
1278120 1263
1278130 1260
1278140 1255
1278150 1250
1278160 1246
1278170 1241
1278180 1237
1278190 1233
1278200 1229
1278210 1226
1278220 1224
1278230 1224
1278240 1224
1278250 1224
1278260 1221
1278270 1219
1278280 1215
1278290 1204
1278300 1195
1278310 1187
1278320 1179
1278330 1173
1278340 1168
1278350 1162
1278360 1157
1278370 1152
1278380 1147
1278390 1143
1278400 1138
1278410 1133
1278420 1131
1278430 1129
1278440 1128
1278450 1127
1278460 1125
1278470 1123
1278480 1118
1278490 1116
1278500 1116
1278510 1116
1278520 1116
1278530 1115
1278540 1113
1278550 1114
1278560 1115
1278570 1115
1278580 1117
1278590 1120
1278600 1125
1278610 1129
1278620 1132
1278630 1134
1278640 1136
1278650 1138
1278660 1141
1278670 1143
1278680 1145
1278690 1148
1278700 1150
1278710 1153
1278720 1155
1278730 1158
1278740 1161
1278750 1163
1278760 1167
1278770 1170
1278780 1173
1278790 1177
1278800 1181
1278810 1187
1278820 1194
1278830 1199
1278840 1203
1278850 1209
1278860 1213
1278870 1216
1278880 1216
1278890 1221
1278900 1227
1278910 1231
1278920 1235
1278930 1238
1278940 1241
1278950 1244
1278960 1248
1278970 1253
1278980 1257
1278990 1261
1279000 1265
1279010 1270
1279020 1274
1279030 1278
1279040 1281
1279050 1284
1279060 1287
1279070 1290
1279080 1294
1279090 1298
1279100 1302
1279110 1307
1279120 1311
1279130 1315
1279140 1320
1279150 1325
1279160 1329
1279170 1334
1279180 1338
1279190 1342
1279200 1344
1279210 1348
1279220 1351
1279230 1354
1279240 1358
1279250 1361
1279260 1363
1279270 1366
1279280 1370
1279290 1374
1279300 1377
1279310 1380
1279320 1382
1279330 1384
1279340 1386
1279350 1389
1279360 1393
1279370 1398
1279380 1402
1279390 1407
1279400 1411
1279410 1416
1279420 1420
1279430 1424
1279440 1428
1279450 1432
1279460 1436
1279470 1441
1279480 1446
1279490 1450
1279500 1455
1279510 1459
1279520 1464
1279530 1469
1279540 1474
1279550 1479
1279560 1484
1279570 1489
1279580 1493
1279590 1497
1279600 1501
1279610 1505
1279620 1510
1279630 1515
1279640 1519
1279650 1523
1279660 1527
1279670 1531
1279680 1534
1279690 1537
1279700 1539
1279710 1540
1279720 1538
1279730 1535
1279740 1529
1279750 1520
1279760 1510
1279770 1505
1279780 1500
1279790 1495
1279800 1488
1279810 1483
1279820 1478
1279830 1474
1279840 1472
1279850 1469
1279860 1467
1279870 1465
1279880 1463
1279890 1460
1279900 1458
1279910 1456
1279920 1454
1279930 1452
1279940 1452
1279950 1452
1279960 1447
1279970 1441
1279980 1436
1279990 1431
