1260000 1837.8
1260010 1837.8
1260020 1843.0
1260030 1847.3
1260040 1847.3
1260050 1851.5
1260060 1855.7
1260070 1855.7
1260080 1865.8
1260090 1870.2
1260100 1870.2
1260110 1873.9
1260120 1877.9
1260130 1877.9
1260140 1881.7
1260150 1885.2
1260160 1888.0
1260170 1888.0
1260180 1891.0
1260190 1894.9
1260200 1894.9
1260210 1898.4
1260220 1903.0
1260230 1903.0
1260240 1907.8
1260250 1911.4
1260260 1911.4
1260270 1914.8
1260280 1918.8
1260290 1918.8
1260300 1923.1
1260310 1928.0
1260320 1928.0
1260330 1933.7
1260340 1939.7
1260350 1939.7
1260360 1945.2
1260370 1949.8
1260380 1953.5
1260390 1953.5
1260400 1959.4
1260410 1966.8
1260420 1966.8
1260430 1977.6
1260440 1979.6
1260450 1979.6
1260460 1982.7
1260470 1990.3
1260480 1990.3
1260490 1998.5
1260500 2006.4
1260510 2006.4
1260520 2011.9
1260530 2014.9
1260540 2014.9
1260550 2019.4
1260560 2024.3
1260570 2024.3
1260580 2028.9
1260590 2033.4
1260600 2036.9
1260610 2036.9
1260620 2039.7
1260630 2042.9
1260640 2042.9
1260650 2052.7
1260660 2057.6
1260670 2057.6
1260680 2062.5
1260690 2067.8
1260700 2067.8
1260710 2073.4
1260720 2079.4
1260730 2079.4
1260740 2084.4
1260750 2089.3
1260760 2089.3
1260770 2095.5
1260780 2101.7
1260790 2101.7
1260800 2107.5
1260810 2113.3
1260820 2119.3
1260830 2119.3
1260840 2125.2
1260850 2131.3
1260860 2131.3
1260870 2137.2
1260880 2143.0
1260890 2143.0
1260900 2148.8
1260910 2154.4
1260920 2154.4
1260930 2159.4
1260940 2164.7
1260950 2164.7
1260960 2170.7
1260970 2177.5
1260980 2177.5
1260990 2185.1
1261000 2192.3
1261010 2192.3
1261020 2197.7
1261030 2201.6
1261040 2204.3
1261050 2204.3
1261060 2206.0
1261070 2207.1
1261080 2207.1
1261090 2207.9
1261100 2208.4
1261110 2208.4
1261120 2208.9
1261130 2209.4
1261140 2209.4
1261150 2210.8
1261160 2214.2
1261170 2214.2
1261180 2219.8
1261190 2226.4
1261200 2226.4
1261210 2233.3
1261220 2281.6
1261230 2281.6
1261240 2319.5
1261250 2297.0
1261260 2315.4
1261270 2315.4
1261280 2354.8
1261290 2351.6
1261300 2351.6
1261310 2355.9
1261320 2367.2
1261330 2367.2
1261340 2370.6
1261350 2359.8
1261360 2359.8
1261370 2348.6
1261380 2341.6
1261390 2341.6
1261400 2336.0
1261410 2332.3
1261420 2332.3
1261430 2327.8
1261440 2330.3
1261450 2330.3
1261460 2340.9
1261470 2342.4
1261480 2336.1
1261490 2336.1
1261500 2336.1
1261510 2341.1
1261520 2341.1
1261530 2348.7
1261540 2361.3
1261550 2361.3
1261560 2376.2
1261570 2393.8
1261580 2393.8
1261590 2416.2
1261600 2464.5
1261610 2464.5
1261620 2500.1
1261630 2508.7
1261640 2508.7
1261650 2518.6
1261660 2527.0
1261670 2522.5
1261680 2522.5
1261690 2502.2
1261700 2506.8
1261710 2506.8
1261720 2522.4
1261730 2522.5
1261740 2522.5
1261750 2537.1
1261760 2551.0
1261770 2551.0
1261780 2561.2
1261790 2568.5
1261800 2568.5
1261810 2574.5
1261820 2570.3
1261830 2570.3
1261840 2542.8
1261850 2519.8
1261860 2519.8
1261870 2493.8
1261880 2492.2
1261890 2502.0
1261900 2502.0
1261910 2509.7
1261920 2510.1
1261930 2510.1
1261940 2511.7
1261950 2522.9
1261960 2522.9
1261970 2538.8
1261980 2550.8
1261990 2550.8
1262000 2561.3
1262010 2572.4
1262020 2572.4
1262030 2583.9
1262040 2597.7
1262050 2597.7
1262060 2610.8
1262070 2625.1
1262080 2625.1
1262090 2636.2
1262100 2639.3
1262110 2628.8
1262120 2628.8
1262130 2617.6
1262140 2600.1
1262150 2600.1
1262160 2585.5
1262170 2572.2
1262180 2572.2
1262190 2558.6
1262200 2547.6
1262210 2547.6
1262220 2541.8
1262230 2539.2
1262240 2539.2
1262250 2539.4
1262260 2538.2
1262270 2538.2
1262280 2534.5
1262290 2516.9
1262300 2516.9
1262310 2478.4
1262320 2450.4
1262330 2432.4
1262340 2432.4
1262350 2407.8
1262360 2382.3
1262370 2382.3
1262380 2362.6
1262390 2338.1
1262400 2338.1
1262410 2315.4
1262420 2306.1
1262430 2306.1
1262440 2294.4
1262450 2282.4
1262460 2282.4
1262470 2275.6
1262480 2269.1
1262490 2269.1
1262500 2263.0
1262510 2257.1
1262520 2257.1
1262530 2251.5
1262540 2245.9
1262550 2240.6
1262560 2240.6
1262570 2235.2
1262580 2230.3
1262590 2230.3
1262600 2226.9
1262610 2224.4
1262620 2224.4
1262630 2223.0
1262640 2222.2
1262650 2222.2
1262660 2220.9
1262670 2218.5
1262680 2218.5
1262690 2217.4
1262700 2217.6
1262710 2217.6
1262720 2218.7
1262730 2222.5
1262740 2222.5
1262750 2224.5
1262760 2225.4
1262770 2224.6
1262780 2224.6
1262790 2224.3
1262800 2221.7
1262810 2221.7
1262820 2213.8
1262830 2213.6
1262840 2213.6
1262850 2215.0
1262860 2209.9
1262870 2209.9
1262880 2207.5
1262890 2207.6
1262900 2207.6
1262910 2208.6
1262920 2200.1
1262930 2200.1
1262940 2198.0
1262950 2197.6
1262960 2197.6
1262970 2202.9
1262980 2229.2
1262990 2288.7
1263000 2288.7
1263010 2322.1
1263020 2346.4
1263030 2346.4
1263040 2354.3
1263050 2366.9
1263060 2366.9
1263070 2373.6
1263080 2373.1
1263090 2373.1
1263100 2372.5
1263110 2369.6
1263120 2369.6
1263130 2381.8
1263140 2395.6
1263150 2395.6
1263160 2393.4
1263170 2378.2
1263180 2378.2
1263190 2359.3
1263200 2340.8
1263210 2338.0
1263220 2338.0
1263230 2330.8
1263240 2337.5
1263250 2337.5
1263260 2366.7
1263270 2400.0
1263280 2400.0
1263290 2419.2
1263300 2416.2
1263310 2416.2
1263320 2406.3
1263330 2393.9
1263340 2393.9
1263350 2383.4
1263360 2377.3
1263370 2377.3
1263380 2370.8
1263390 2365.8
1263400 2365.8
1263410 2356.4
1263420 2347.5
1263430 2335.0
1263440 2335.0
1263450 2326.4
1263460 2315.4
1263470 2315.4
1263480 2306.2
1263490 2297.4
1263500 2296.4
1263510 2287.8
1263520 2279.3
1263530 2279.3
1263540 2270.3
1263550 2259.6
1263560 2259.6
1263570 2252.2
1263580 2244.1
1263590 2244.1
1263600 2234.9
1263610 2226.5
1263620 2226.5
1263630 2213.0
1263640 2201.4
1263650 2192.9
1263660 2192.9
1263670 2180.0
1263680 2171.5
1263690 2171.5
1263700 2162.6
1263710 2153.6
1263720 2153.6
1263730 2143.0
1263740 2131.7
1263750 2131.7
1263760 2120.1
1263770 2104.3
1263780 2104.3
1263790 2090.2
1263800 2099.2
1263810 2099.2
1263820 2110.8
1263830 2111.4
1263840 2111.4
1263850 2099.1
1263860 2095.1
1263870 2106.1
1263880 2106.1
1263890 2100.4
1263900 2094.3
1263910 2094.3
1263920 2076.7
1263930 2046.8
1263940 2046.8
1263950 2021.1
1263960 2002.3
1263970 2002.3
1263980 1984.7
1263990 1971.5
1264000 1971.5
1264010 1936.2
1264020 1908.1
1264030 1908.1
1264040 1895.5
1264050 1887.1
1264060 1879.5
1264070 1878.7
1264080 1869.3
1264090 1856.9
1264100 1856.9
1264110 1847.3
1264120 1845.2
1264130 1845.2
1264140 1857.8
1264150 1874.4
1264160 1874.4
1264170 1891.6
1264180 1905.3
1264190 1905.3
1264200 1916.2
1264210 1918.3
1264220 1918.3
1264230 1919.0
1264240 1911.7
1264250 1911.7
1264260 1903.5
1264270 1894.9
1264280 1886.1
1264290 1886.1
1264300 1877.6
1264310 1869.3
1264320 1869.3
1264330 1861.4
1264340 1853.9
1264350 1853.9
1264360 1847.3
1264370 1843.0
1264380 1843.0
1264390 1839.4
1264400 1832.1
1264410 1832.1
1264420 1821.9
1264430 1814.7
1264440 1814.7
1264450 1809.2
1264460 1800.8
1264470 1800.8
1264480 1794.6
1264490 1788.5
1264500 1778.6
1264510 1778.6
1264520 1774.2
1264530 1773.9
1264540 1773.9
1264550 1766.1
1264560 1756.4
1264570 1756.4
1264580 1746.6
1264590 1740.1
1264600 1740.1
1264610 1744.2
1264620 1739.1
1264630 1739.1
1264640 1729.8
1264650 1707.5
1264660 1707.5
1264670 1712.2
1264680 1695.7
1264690 1695.7
1264700 1676.5
1264710 1667.8
1264720 1658.2
1264730 1658.2
1264740 1648.4
1264750 1638.7
1264760 1638.7
1264770 1628.4
1264780 1617.0
1264790 1617.0
1264800 1605.5
1264810 1597.6
1264820 1597.6
1264830 1585.4
1264840 1570.6
1264850 1570.6
1264860 1557.8
1264870 1544.4
1264880 1544.4
1264890 1534.0
1264900 1525.2
1264910 1525.2
1264920 1515.2
1264930 1507.0
1264940 1500.9
1264950 1500.9
1264960 1500.2
1264970 1504.9
1264980 1504.9
1264990 1511.3
1265000 1517.5
1265010 1517.5
1265020 1524.4
1265030 1531.5
1265040 1531.5
1265050 1538.3
1265060 1544.9
1265070 1544.9
1265080 1551.0
1265090 1557.0
1265100 1557.0
1265110 1562.3
1265120 1568.1
1265130 1568.1
1265140 1574.5
1265150 1581.6
1265160 1589.0
1265170 1589.0
1265180 1597.4
1265190 1610.4
1265200 1610.4
1265210 1623.6
1265220 1639.4
1265230 1639.4
1265240 1653.3
1265250 1664.9
1265260 1664.9
1265270 1671.5
1265280 1676.3
1265290 1676.3
1265300 1680.4
1265310 1685.3
1265320 1685.3
1265330 1689.9
1265340 1694.0
1265350 1694.0
1265360 1697.4
1265370 1700.4
1265380 1702.9
1265390 1702.9
1265400 1704.2
1265410 1704.2
1265420 1704.2
1265430 1703.0
1265440 1697.3
1265450 1697.3
1265460 1688.0
1265470 1675.4
1265480 1675.4
1265490 1660.8
1265500 1675.5
1265510 1675.5
1265520 1685.8
1265530 1682.7
1265540 1682.7
1265550 1672.7
1265560 1673.1
1265570 1673.1
1265580 1675.1
1265590 1671.7
1265600 1668.6
1265610 1668.6
1265620 1668.0
1265630 1663.4
1265640 1663.4
1265650 1655.6
1265660 1646.3
1265670 1646.3
1265680 1641.0
1265690 1634.6
1265700 1634.6
1265710 1630.2
1265720 1625.5
1265730 1625.5
1265740 1618.1
1265750 1606.7
1265760 1606.7
1265770 1595.3
1265780 1597.6
1265790 1597.6
1265800 1574.1
1265810 1578.8
1265820 1581.0
1265830 1581.0
1265840 1577.4
1265850 1569.5
1265860 1569.5
1265870 1550.2
1265880 1536.0
1265890 1536.0
1265900 1522.4
1265910 1513.7
1265920 1513.7
1265930 1504.9
1265940 1500.5
1265950 1500.5
1265960 1499.4
1265970 1499.4
1265980 1499.4
1265990 1496.4
1266000 1489.6
1266010 1489.6
1266020 1481.3
1266030 1473.7
1266040 1465.2
1266050 1465.2
1266060 1459.1
1266070 1456.3
1266080 1456.3
1266090 1452.9
1266100 1450.4
1266110 1450.4
1266120 1446.0
1266130 1443.4
1266140 1443.4
1266150 1438.6
1266160 1434.9
1266170 1434.9
1266180 1430.8
1266190 1426.9
1266200 1426.9
1266210 1422.6
1266220 1417.7
1266230 1417.7
1266240 1413.0
1266250 1409.3
1266260 1405.6
1266270 1405.6
1266280 1401.9
1266290 1397.7
1266300 1397.7
1266310 1393.3
1266320 1389.7
1266330 1389.7
1266340 1386.0
1266350 1381.8
1266360 1381.8
1266370 1377.6
1266380 1368.1
1266390 1368.1
1266400 1364.3
1266410 1360.3
1266420 1360.3
1266430 1357.2
1266440 1354.5
1266450 1350.9
1266460 1350.9
1266470 1347.4
1266480 1344.5
1266490 1344.5
1266500 1341.2
1266510 1337.8
1266520 1337.8
1266530 1334.9
1266540 1331.1
1266550 1331.1
1266560 1327.1
1266570 1323.6
1266580 1323.6
1266590 1318.0
1266600 1313.1
1266610 1313.1
1266620 1308.3
1266630 1303.3
1266640 1303.3
1266650 1299.4
1266660 1295.8
1266670 1292.2
1266680 1292.2
1266690 1288.7
1266700 1285.4
1266710 1285.4
1266720 1282.0
1266730 1278.8
1266740 1278.8
1266750 1275.6
1266760 1273.0
1266770 1273.0
1266780 1271.1
1266790 1268.8
1266800 1268.8
1266810 1266.7
1266820 1264.4
1266830 1264.4
1266840 1262.2
1266850 1260.5
1266860 1260.5
1266870 1259.0
1266880 1257.2
1266890 1255.0
1266900 1255.0
1266910 1253.0
1266920 1250.6
1266930 1250.6
1266940 1247.4
1266950 1244.8
1266960 1242.8
1266970 1241.7
1266980 1240.2
1266990 1240.2
1267000 1237.0
1267010 1233.6
1267020 1233.6
1267030 1232.6
1267040 1231.0
1267050 1231.0
1267060 1228.2
1267070 1226.0
1267080 1226.0
1267090 1224.1
1267100 1221.5
1267110 1219.0
1267120 1219.0
1267130 1216.9
1267140 1213.8
1267150 1213.8
1267160 1211.2
1267170 1209.7
1267180 1209.7
1267190 1208.4
1267200 1207.4
1267210 1207.4
1267220 1206.6
1267230 1206.7
1267240 1206.7
1267250 1206.7
1267260 1206.8
1267270 1206.8
1267280 1206.8
1267290 1206.8
1267300 1206.8
1267310 1206.8
1267320 1206.8
1267330 1206.9
1267340 1206.9
1267350 1206.9
1267360 1206.7
1267370 1206.7
1267380 1206.5
1267390 1206.5
1267400 1206.5
1267410 1206.5
1267420 1206.5
1267430 1206.5
1267440 1206.4
1267450 1206.4
1267460 1206.4
1267470 1206.5
1267480 1206.6
1267490 1206.6
1267500 1206.6
1267510 1206.6
1267520 1206.6
1267530 1206.6
1267540 1206.7
1267550 1206.7
1267560 1206.7
1267570 1206.8
1267580 1206.8
1267590 1206.8
1267600 1206.8
1267610 1207.0
1267620 1207.0
1267630 1207.6
1267640 1206.5
1267650 1206.5
1267660 1206.4
1267670 1207.1
1267680 1207.1
1267690 1207.1
1267700 1207.1
1267710 1207.1
1267720 1207.7
1267730 1208.8
1267740 1208.8
1267750 1209.7
1267760 1210.3
1267770 1211.0
1267780 1211.0
1267790 1211.8
1267800 1212.7
1267810 1212.7
1267820 1213.5
1267830 1214.4
1267840 1214.4
1267850 1215.2
1267860 1216.1
1267870 1216.1
1267880 1216.9
1267890 1217.8
1267900 1217.8
1267910 1218.6
1267920 1219.6
1267930 1219.6
1267940 1220.6
1267950 1221.6
1267960 1221.6
1267970 1222.7
1267980 1224.0
1267990 1225.7
1268000 1225.7
1268010 1226.7
1268020 1228.0
1268030 1228.0
1268040 1228.3
1268050 1228.5
1268060 1228.5
1268070 1229.1
1268080 1229.4
1268090 1229.4
1268100 1229.8
1268110 1230.4
1268120 1230.4
1268130 1233.4
1268140 1235.8
1268150 1235.8
1268160 1238.0
1268170 1239.6
1268180 1239.6
1268190 1240.3
1268200 1241.6
1268210 1243.0
1268220 1243.0
1268230 1244.3
1268240 1247.1
1268250 1247.1
1268260 1251.6
1268270 1255.3
1268280 1255.3
1268290 1258.6
1268300 1261.0
1268310 1261.0
1268320 1263.1
1268330 1265.2
1268340 1265.2
1268350 1268.1
1268360 1271.9
1268370 1271.9
1268380 1275.8
1268390 1280.3
1268400 1280.3
1268410 1285.9
1268420 1291.0
1268430 1296.2
1268440 1296.2
1268450 1299.0
1268460 1301.7
1268470 1301.7
1268480 1305.8
1268490 1311.4
1268500 1311.4
1268510 1317.1
1268520 1322.9
1268530 1322.9
1268540 1328.2
1268550 1331.5
1268560 1331.5
1268570 1334.3
1268580 1337.9
1268590 1337.9
1268600 1342.6
1268610 1346.8
1268620 1346.8
1268630 1350.4
1268640 1353.1
1268650 1355.4
1268660 1355.4
1268670 1356.6
1268680 1355.9
1268690 1355.9
1268700 1355.1
1268710 1355.3
1268720 1356.5
1268730 1355.7
1268740 1356.2
1268750 1356.2
1268760 1357.2
1268770 1357.3
1268780 1357.3
1268790 1356.4
1268800 1351.3
1268810 1351.3
1268820 1347.1
1268830 1342.9
1268840 1342.9
1268850 1341.7
1268860 1343.6
1268870 1340.8
1268880 1340.8
1268890 1338.5
1268900 1349.7
1268910 1349.7
1268920 1359.0
1268930 1366.3
1268940 1366.3
1268950 1374.1
1268960 1381.9
1268970 1381.9
1268980 1389.2
1268990 1395.7
1269000 1395.7
1269010 1403.2
1269020 1411.7
1269030 1411.7
1269040 1420.9
1269050 1429.8
1269060 1438.5
1269070 1438.5
1269080 1445.1
1269090 1452.1
1269100 1452.1
1269110 1458.8
1269120 1465.9
1269130 1465.9
1269140 1472.8
1269150 1480.0
1269160 1480.0
1269170 1489.7
1269180 1499.5
1269190 1499.5
1269200 1509.3
1269210 1519.6
1269220 1519.6
1269230 1530.6
1269240 1539.6
1269250 1539.6
1269260 1549.5
1269270 1559.7
1269280 1568.7
1269290 1568.7
1269300 1577.5
1269310 1585.2
1269320 1585.2
1269330 1593.2
1269340 1601.3
1269350 1601.3
1269360 1609.7
1269370 1618.1
1269380 1618.1
1269390 1625.4
1269400 1631.5
1269410 1631.5
1269420 1638.6
1269430 1645.3
1269440 1645.3
1269450 1652.6
1269460 1659.7
1269470 1659.7
1269480 1666.3
1269490 1672.4
1269500 1678.2
1269510 1678.2
1269520 1683.0
1269530 1687.0
1269540 1687.0
1269550 1689.9
1269560 1692.4
1269570 1692.4
1269580 1694.6
1269590 1696.9
1269600 1696.9
1269610 1698.7
1269620 1699.6
1269630 1699.6
1269640 1699.4
1269650 1698.2
1269660 1698.2
1269670 1697.2
1269680 1696.3
1269690 1696.3
1269700 1695.6
1269710 1695.0
1269720 1694.2
1269730 1694.2
1269740 1692.6
1269750 1690.1
1269760 1690.1
1269770 1686.9
1269780 1684.0
1269790 1684.0
1269800 1680.9
1269810 1677.2
1269820 1677.2
1269830 1673.5
1269840 1669.2
1269850 1669.2
1269860 1664.6
1269870 1659.5
1269880 1659.5
1269890 1654.1
1269900 1652.6
1269910 1652.6
1269920 1646.8
1269930 1641.1
1269940 1636.2
1269950 1636.2
1269960 1632.3
1269970 1628.5
1269980 1628.5
1269990 1624.1
1270000 1619.9
1270010 1619.9
1270020 1616.7
1270030 1616.7
1270040 1616.7
1270050 1618.2
1270060 1622.2
1270070 1622.2
1270080 1631.0
1270090 1637.4
1270100 1637.4
1270110 1641.2
1270120 1644.1
1270130 1644.1
1270140 1646.6
1270150 1648.8
1270160 1650.8
1270170 1650.8
1270180 1653.7
1270190 1657.7
1270200 1657.7
1270210 1661.4
1270220 1665.6
1270230 1665.6
1270240 1670.7
1270250 1677.3
1270260 1677.3
1270270 1685.3
1270280 1693.3
1270290 1693.3
1270300 1700.4
1270310 1707.1
1270320 1707.1
1270330 1714.0
1270340 1720.5
1270350 1720.5
1270360 1726.5
1270370 1732.3
1270380 1738.4
1270390 1738.4
1270400 1745.6
1270410 1752.5
1270420 1752.5
1270430 1759.1
1270440 1765.7
1270450 1765.7
1270460 1772.4
1270470 1779.1
1270480 1779.1
1270490 1783.9
1270500 1791.6
1270510 1791.6
1270520 1799.2
1270530 1807.2
1270540 1807.2
1270550 1814.4
1270560 1820.7
1270570 1820.7
1270580 1827.0
1270590 1834.3
1270600 1841.6
1270610 1841.6
1270620 1847.1
1270630 1852.7
1270640 1852.7
1270650 1858.6
1270660 1863.7
1270670 1863.7
1270680 1868.2
1270690 1871.4
1270700 1871.4
1270710 1873.7
1270720 1876.9
1270730 1876.9
1270740 1879.0
1270750 1880.7
1270760 1880.7
1270770 1882.7
1270780 1884.1
1270790 1884.1
1270800 1884.4
1270810 1884.7
1270820 1883.0
1270830 1883.0
1270840 1880.2
1270850 1880.1
1270860 1880.1
1270870 1884.6
1270880 1887.5
1270890 1887.5
1270900 1887.8
1270910 1885.5
1270920 1885.5
1270930 1885.0
1270940 1885.6
1270950 1885.6
1270960 1886.6
1270970 1888.2
1270980 1888.2
1270990 1889.3
1271000 1890.3
1271010 1890.3
1271020 1891.3
1271030 1892.6
1271040 1893.3
1271050 1893.3
1271060 1893.6
1271070 1893.4
1271080 1895.4
1271090 1895.3
1271100 1895.1
1271110 1895.1
1271120 1894.3
1271130 1893.8
1271140 1893.8
1271150 1892.9
1271160 1892.4
1271170 1892.4
1271180 1893.2
1271190 1894.3
1271200 1894.3
1271210 1895.9
1271220 1897.1
1271230 1898.9
1271240 1898.9
1271250 1901.8
1271260 1902.3
1271270 1902.3
1271280 1901.9
1271290 1900.3
1271300 1900.3
1271310 1898.8
1271320 1899.7
1271330 1899.7
1271340 1902.2
1271350 1905.9
1271360 1905.9
1271370 1909.5
1271380 1912.1
1271390 1912.1
1271400 1914.4
1271410 1917.0
1271420 1917.0
1271430 1919.6
1271440 1921.0
1271450 1923.2
1271460 1923.2
1271470 1925.4
1271480 1928.7
1271490 1928.7
1271500 1930.4
1271510 1931.4
1271520 1931.4
1271530 1932.4
1271540 1933.7
1271550 1933.7
1271560 1936.4
1271570 1938.9
1271580 1938.9
1271590 1940.6
1271600 1944.4
1271610 1944.4
1271620 1947.9
1271630 1951.1
1271640 1951.1
1271650 1955.2
1271660 1958.2
1271670 1962.3
1271680 1962.3
1271690 1966.0
1271700 1970.0
1271710 1970.0
1271720 1974.2
1271730 1976.9
1271740 1976.9
1271750 1979.8
1271760 1983.2
1271770 1983.2
1271780 1983.6
1271790 1982.4
1271800 1982.4
1271810 1979.1
1271820 1977.1
1271830 1977.1
1271840 1979.0
1271850 1982.1
1271860 1982.1
1271870 1986.1
1271880 1990.2
1271890 1994.2
1271900 1994.2
1271910 1998.8
1271920 2002.2
1271930 2002.2
1271940 2004.2
1271950 2006.7
1271960 2006.7
1271970 2009.9
1271980 2011.1
1271990 2011.1
1272000 2011.2
1272010 2011.8
1272020 2011.8
1272030 2014.1
1272040 2014.9
1272050 2014.9
1272060 2016.1
1272070 2017.7
1272080 2017.7
1272090 2020.5
1272100 2023.8
1272110 2026.6
1272120 2026.6
1272130 2029.5
1272140 2033.0
1272150 2033.0
1272160 2039.4
1272170 2045.7
1272180 2045.7
1272190 2049.6
1272200 2050.6
1272210 2050.6
1272220 2051.3
1272230 2054.5
1272240 2054.5
1272250 2057.5
1272260 2056.3
1272270 2061.6
1272280 2056.1
1272290 2050.3
1272300 2050.3
1272310 2048.8
1272320 2047.6
1272330 2045.8
1272340 2045.8
1272350 2043.3
1272360 2040.7
1272370 2040.7
1272380 2038.7
1272390 2037.4
1272400 2037.4
1272410 2035.0
1272420 2030.8
1272430 2030.8
1272440 2025.4
1272450 2020.6
1272460 2020.6
1272470 2015.1
1272480 2009.1
1272490 2009.1
1272500 2003.0
1272510 1996.9
1272520 1996.9
1272530 1991.2
1272540 1986.3
1272550 1981.3
1272560 1981.3
1272570 1976.2
1272580 1971.9
1272590 1971.9
1272600 1968.3
1272610 1964.8
1272620 1964.8
1272630 1962.0
1272640 1959.5
1272650 1959.5
1272660 1956.4
1272670 1951.7
1272680 1951.7
1272690 1945.9
1272700 1940.0
1272710 1940.0
1272720 1934.8
1272730 1931.0
1272740 1931.0
1272750 1927.8
1272760 1925.3
1272770 1922.6
1272780 1922.6
1272790 1919.7
1272800 1915.8
1272810 1915.8
1272820 1911.1
1272830 1907.4
1272840 1907.4
1272850 1907.0
1272860 1910.1
1272870 1913.2
1272880 1914.3
1272890 1916.5
1272900 1916.5
1272910 1918.7
1272920 1922.1
1272930 1922.1
1272940 1926.1
1272950 1930.0
1272960 1930.0
1272970 1933.5
1272980 1937.6
1272990 1942.3
1273000 1942.3
1273010 1947.6
1273020 1953.3
1273030 1953.3
1273040 1959.2
1273050 1965.1
1273060 1965.1
1273070 1971.7
1273080 1978.8
1273090 1978.8
1273100 1985.3
1273110 1991.4
1273120 1991.4
1273130 1997.4
1273140 2005.5
1273150 2005.5
1273160 2014.1
1273170 2022.1
1273180 2022.1
1273190 2029.1
1273200 2035.0
1273210 2042.0
1273220 2042.0
1273230 2048.9
1273240 2053.8
1273250 2053.8
1273260 2058.5
1273270 2064.2
1273280 2064.2
1273290 2070.9
1273300 2077.4
1273310 2077.4
1273320 2083.5
1273330 2089.8
1273340 2089.8
1273350 2096.2
1273360 2101.6
1273370 2101.6
1273380 2104.6
1273390 2106.6
1273400 2106.6
1273410 2108.1
1273420 2112.4
1273430 2115.7
1273440 2115.7
1273450 2118.3
1273460 2120.5
1273470 2122.8
1273480 2125.1
1273490 2127.0
1273500 2127.0
1273510 2129.1
1273520 2131.4
1273530 2131.4
1273540 2133.6
1273550 2135.6
1273560 2135.6
1273570 2137.7
1273580 2139.8
1273590 2139.8
1273600 2141.9
1273610 2143.7
1273620 2145.4
1273630 2145.4
1273640 2147.6
1273650 2150.9
1273660 2150.9
1273670 2152.6
1273680 2152.2
1273690 2152.2
1273700 2152.5
1273710 2154.7
1273720 2154.7
1273730 2156.3
1273740 2158.6
1273750 2158.6
1273760 2161.0
1273770 2162.5
1273780 2162.5
1273790 2165.3
1273800 2167.0
1273810 2167.0
1273820 2167.4
1273830 2167.0
1273840 2165.3
1273850 2165.3
1273860 2163.6
1273870 2161.8
1273880 2161.8
1273890 2159.7
1273900 2155.1
1273910 2155.1
1273920 2149.2
1273930 2145.7
1273940 2145.7
1273950 2143.9
1273960 2143.3
1273970 2143.3
1273980 2143.9
1273990 2144.2
1274000 2144.2
1274010 2140.3
1274020 2135.2
1274030 2135.2
1274040 2131.9
1274050 2128.8
1274060 2128.4
1274070 2129.7
1274080 2131.1
1274090 2132.4
1274100 2132.4
1274110 2133.2
1274120 2132.3
1274130 2132.3
1274140 2129.4
1274150 2125.9
1274160 2125.9
1274170 2121.2
1274180 2116.3
1274190 2116.3
1274200 2110.4
1274210 2103.7
1274220 2103.7
1274230 2098.8
1274240 2093.8
1274250 2093.8
1274260 2088.2
1274270 2083.7
1274280 2080.5
1274290 2080.5
1274300 2077.2
1274310 2073.4
1274320 2073.4
1274330 2070.0
1274340 2067.2
1274350 2067.2
1274360 2064.5
1274370 2061.5
1274380 2061.5
1274390 2057.3
1274400 2052.6
1274410 2052.6
1274420 2048.8
1274430 2045.7
1274440 2045.7
1274450 2042.7
1274460 2039.7
1274470 2039.7
1274480 2038.5
1274490 2036.3
1274500 2032.3
1274510 2032.3
1274520 2026.9
1274530 2022.5
1274540 2022.5
1274550 2019.1
1274560 2016.9
1274570 2016.9
1274580 2014.8
1274590 2012.0
1274600 2012.0
1274610 2009.2
1274620 2006.4
1274630 2006.4
1274640 2003.5
1274650 2000.7
1274660 2000.7
1274670 1997.9
1274680 1996.0
1274690 1996.0
1274700 1994.0
1274710 1992.0
1274720 1989.8
1274730 1989.8
1274740 1986.2
1274750 1981.8
1274760 1981.8
1274770 1977.4
1274780 1974.4
1274790 1974.4
1274800 1972.0
1274810 1969.7
1274820 1969.7
1274830 1967.7
1274840 1966.0
1274850 1966.0
1274860 1964.2
1274870 1962.1
1274880 1962.1
1274890 1960.6
1274900 1959.7
1274910 1959.7
1274920 1958.7
1274930 1957.8
1274940 1956.6
1274950 1956.6
1274960 1954.6
1274970 1951.7
1274980 1951.7
1274990 1946.5
1275000 1942.4
1275010 1942.4
1275020 1940.0
1275030 1938.3
1275040 1938.3
1275050 1936.7
1275060 1933.8
1275070 1933.8
1275080 1930.7
1275090 1927.4
1275100 1927.4
1275110 1924.0
1275120 1920.3
1275130 1920.3
1275140 1915.8
1275150 1911.0
1275160 1906.7
1275170 1906.7
1275180 1903.3
1275190 1899.6
1275200 1899.6
1275210 1895.3
1275220 1889.6
1275230 1889.6
1275240 1883.8
1275250 1879.3
1275260 1879.3
1275270 1874.9
1275280 1872.1
1275290 1872.1
1275300 1867.6
1275310 1863.1
1275320 1863.1
1275330 1860.5
1275340 1857.9
1275350 1857.9
1275360 1855.7
1275370 1853.6
1275380 1851.4
1275390 1851.4
1275400 1849.3
1275410 1847.0
1275420 1847.0
1275430 1843.7
1275440 1839.7
1275450 1839.7
1275460 1834.4
1275470 1830.6
1275480 1830.6
1275490 1827.1
1275500 1824.5
1275510 1824.5
1275520 1821.2
1275530 1816.4
1275540 1816.4
1275550 1812.3
1275560 1808.9
1275570 1808.9
1275580 1805.3
1275590 1801.3
1275600 1797.4
1275610 1797.4
1275620 1793.3
1275630 1789.3
1275640 1789.3
1275650 1785.3
1275660 1780.7
1275670 1780.7
1275680 1776.1
1275690 1771.9
1275700 1771.9
1275710 1767.3
1275720 1762.7
1275730 1762.7
1275740 1757.2
1275750 1751.4
1275760 1751.4
1275770 1746.7
1275780 1742.6
1275790 1739.8
1275800 1739.8
1275810 1737.5
1275820 1735.3
1275830 1735.3
1275840 1732.7
1275850 1730.0
1275860 1730.0
1275870 1726.5
1275880 1723.2
1275890 1723.2
1275900 1717.7
1275910 1712.8
1275920 1712.8
1275930 1709.1
1275940 1706.2
1275950 1706.2
1275960 1702.6
1275970 1699.3
1275980 1699.3
1275990 1696.0
1276000 1692.3
1276010 1689.3
1276020 1689.3
1276030 1688.1
1276040 1686.4
1276050 1686.4
1276060 1683.3
1276070 1680.6
1276080 1680.6
1276090 1677.5
1276100 1674.5
1276110 1674.5
1276120 1671.3
1276130 1668.4
1276140 1668.4
1276150 1665.1
1276160 1661.9
1276170 1661.9
1276180 1657.6
1276190 1652.3
1276200 1652.3
1276210 1648.1
1276220 1644.2
1276230 1641.8
1276240 1641.8
1276250 1639.2
1276260 1635.6
1276270 1635.6
1276280 1631.7
1276290 1627.7
1276300 1627.7
1276310 1624.3
1276320 1620.5
1276330 1620.5
1276340 1617.0
1276350 1612.1
1276360 1612.1
1276370 1606.5
1276380 1600.9
1276390 1600.9
1276400 1596.1
1276410 1591.6
1276420 1591.6
1276430 1587.4
1276440 1582.6
1276450 1577.0
1276460 1577.0
1276470 1571.6
1276480 1567.0
1276490 1566.5
1276500 1562.3
1276510 1557.3
1276520 1557.3
1276530 1552.2
1276540 1547.3
1276550 1547.3
1276560 1541.5
1276570 1534.9
1276580 1534.9
1276590 1528.3
1276600 1520.9
1276610 1520.9
1276620 1514.6
1276630 1510.8
1276640 1510.8
1276650 1506.4
1276660 1501.7
1276670 1496.5
1276680 1496.5
1276690 1493.1
1276700 1490.5
1276710 1490.5
1276720 1487.3
1276730 1482.1
1276740 1482.1
1276750 1476.7
1276760 1471.7
1276770 1471.7
1276780 1466.8
1276790 1461.5
1276800 1461.5
1276810 1455.8
1276820 1450.5
1276830 1450.5
1276840 1446.0
1276850 1441.9
1276860 1441.9
1276870 1437.8
1276880 1434.2
1276890 1431.7
1276900 1431.7
1276910 1429.6
1276920 1427.6
1276930 1427.6
1276940 1425.5
1276950 1422.7
1276960 1422.7
1276970 1420.4
1276980 1418.2
1276990 1418.2
1277000 1416.1
1277010 1413.0
1277020 1413.0
1277030 1410.6
1277040 1408.2
1277050 1408.2
1277060 1406.1
1277070 1403.9
1277080 1403.9
1277090 1401.8
1277100 1399.4
1277110 1397.5
1277120 1397.5
1277130 1395.7
1277140 1393.9
1277150 1393.9
1277160 1392.3
1277170 1390.7
1277180 1390.7
1277190 1389.2
1277200 1386.9
1277210 1386.9
1277220 1384.3
1277230 1382.0
1277240 1382.0
1277250 1380.0
1277260 1378.6
1277270 1378.6
1277280 1376.8
1277290 1374.4
1277300 1374.4
1277310 1371.8
1277320 1368.9
1277330 1365.9
1277340 1365.9
1277350 1362.9
1277360 1360.1
1277370 1360.1
1277380 1357.8
1277390 1355.6
1277400 1355.6
1277410 1353.9
1277420 1351.9
1277430 1351.9
1277440 1349.8
1277450 1348.4
1277460 1348.4
1277470 1347.6
1277480 1346.7
1277490 1346.7
1277500 1346.0
1277510 1345.0
1277520 1345.0
1277530 1343.9
1277540 1342.3
1277550 1340.3
1277560 1340.3
1277570 1338.2
1277580 1336.0
1277590 1336.0
1277600 1334.0
1277610 1332.7
1277620 1332.7
1277630 1332.2
1277640 1331.5
1277650 1331.5
1277660 1330.7
1277670 1330.3
1277680 1330.3
1277690 1330.0
1277700 1329.9
1277710 1329.9
1277720 1330.0
1277730 1329.8
1277740 1330.1
1277750 1330.1
1277760 1330.3
1277770 1330.3
1277780 1330.3
1277790 1330.3
1277800 1330.3
1277810 1330.3
1277820 1330.2
1277830 1330.1
1277840 1330.1
1277850 1330.1
1277860 1329.9
1277870 1329.9
1277880 1329.8
1277890 1329.7
1277900 1329.7
1277910 1329.8
1277920 1329.6
1277930 1329.6
1277940 1329.3
1277950 1329.1
1277960 1329.1
1277970 1329.1
1277980 1328.9
1277990 1328.7
1278000 1328.7
1278010 1328.6
1278020 1328.5
1278030 1328.5
1278040 1328.3
1278050 1328.2
1278060 1328.2
1278070 1328.2
1278080 1327.9
1278090 1327.9
1278100 1323.0
1278110 1316.7
1278120 1316.7
1278130 1311.0
1278140 1309.3
1278150 1309.3
1278160 1309.6
1278170 1310.2
1278180 1311.0
1278190 1311.0
1278200 1304.9
1278210 1294.7
1278220 1294.7
1278230 1287.1
1278240 1280.7
1278250 1280.7
1278260 1267.2
1278270 1257.4
1278280 1257.4
1278290 1251.5
1278300 1246.6
1278310 1246.6
1278320 1242.6
1278330 1235.4
1278340 1235.4
1278350 1233.6
1278360 1233.6
1278370 1233.6
1278380 1231.0
1278390 1219.9
1278400 1212.6
1278410 1212.6
1278420 1204.8
1278430 1195.3
1278440 1195.3
1278450 1186.4
1278460 1178.3
1278470 1178.3
1278480 1169.7
1278490 1152.9
1278500 1152.9
1278510 1140.1
1278520 1129.6
1278530 1129.6
1278540 1122.3
1278550 1115.1
1278560 1115.1
1278570 1108.7
1278580 1106.2
1278590 1106.2
1278600 1104.5
1278610 1105.5
1278620 1106.7
1278630 1106.7
1278640 1109.3
1278650 1114.7
1278660 1114.7
1278670 1121.0
1278680 1127.4
1278690 1127.4
1278700 1133.6
1278710 1138.1
1278720 1138.1
1278730 1142.3
1278740 1147.6
1278750 1147.6
1278760 1153.9
1278770 1160.0
1278780 1160.0
1278790 1166.1
1278800 1172.2
1278810 1172.2
1278820 1178.4
1278830 1184.2
1278840 1189.6
1278850 1189.6
1278860 1195.6
1278870 1202.7
1278880 1202.7
1278890 1209.8
1278900 1217.2
1278910 1217.2
1278920 1224.9
1278930 1233.3
1278940 1233.3
1278950 1241.5
1278960 1250.1
1278970 1250.1
1278980 1258.1
1278990 1265.4
1279000 1265.4
1279010 1272.9
1279020 1280.1
1279030 1280.1
1279040 1287.4
1279050 1294.1
1279060 1301.4
1279070 1301.4
1279080 1308.7
1279090 1316.5
1279100 1316.5
1279110 1325.2
1279120 1332.7
1279130 1332.7
1279140 1339.0
1279150 1341.9
1279160 1341.9
1279170 1337.1
1279180 1321.9
1279190 1321.9
1279200 1317.6
1279210 1315.6
1279220 1315.6
1279230 1318.0
1279240 1320.5
1279250 1320.5
1279260 1317.9
1279270 1305.5
1279280 1293.8
1279290 1293.8
1279300 1286.8
1279310 1284.9
1279320 1284.9
1279330 1276.0
1279340 1266.1
1279350 1266.1
1279360 1255.7
1279370 1251.5
1279380 1251.5
1279390 1248.8
1279400 1245.6
1279410 1245.6
1279420 1241.2
1279430 1236.1
1279440 1236.1
1279450 1230.5
1279460 1225.3
1279470 1225.3
1279480 1221.6
1279490 1218.5
1279500 1215.4
1279510 1215.4
1279520 1212.1
1279530 1209.6
1279540 1209.6
1279550 1207.8
1279560 1214.1
1279570 1214.1
1279580 1213.5
1279590 1212.8
1279600 1212.8
1279610 1211.9
1279620 1210.6
1279630 1210.6
1279640 1208.8
1279650 1207.6
1279660 1207.6
1279670 1204.9
1279680 1199.9
1279690 1197.7
1279700 1197.7
1279710 1195.3
1279720 1193.1
1279730 1193.1
1279740 1191.4
1279750 1190.1
1279760 1190.1
1279770 1189.2
1279780 1188.6
1279790 1188.6
1279800 1187.9
1279810 1187.1
1279820 1187.1
1279830 1186.2
1279840 1184.7
1279850 1184.7
1279860 1183.0
1279870 1180.4
1279880 1180.4
1279890 1178.6
1279900 1177.1
1279910 1175.4
1279920 1175.4
1279930 1173.7
1279940 1171.8
1279950 1171.8
1279960 1170.2
1279970 1168.7
1279980 1168.7
1279990 1169.0
1260000 1836
1260010 1840
1260020 1843
1260030 1847
1260040 1849
1260050 1852
1260060 1856
1260070 1859
1260080 1861
1260090 1864
1260100 1867
1260110 1870
1260120 1873
1260130 1875
1260140 1877
1260150 1880
1260160 1882
1260170 1884
1260180 1887
1260190 1890
1260200 1892
1260210 1895
1260220 1898
1260230 1902
1260240 1905
1260250 1907
1260260 1910
1260270 1912
1260280 1916
1260290 1919
1260300 1922
1260310 1925
1260320 1929
1260330 1933
1260340 1937
1260350 1941
1260360 1945
1260370 1948
1260380 1950
1260390 1953
1260400 1957
1260410 1962
1260420 1971
1260430 1978
1260440 1978
1260450 1979
1260460 1982
1260470 1988
1260480 1993
1260490 1999
1260500 2005
1260510 2009
1260520 2012
1260530 2014
1260540 2017
1260550 2020
1260560 2024
1260570 2027
1260580 2030
1260590 2033
1260600 2036
1260610 2038
1260620 2040
1260630 2042
1260640 2045
1260650 2048
1260660 2052
1260670 2055
1260680 2059
1260690 2063
1260700 2067
1260710 2071
1260720 2075
1260730 2078
1260740 2081
1260750 2085
1260760 2090
1260770 2094
1260780 2099
1260790 2102
1260800 2107
1260810 2111
1260820 2115
1260830 2119
1260840 2123
1260850 2127
1260860 2131
1260870 2136
1260880 2140
1260890 2143
1260900 2147
1260910 2151
1260920 2155
1260930 2159
1260940 2162
1260950 2167
1260960 2171
1260970 2176
1260980 2181
1260990 2186
1261000 2191
1261010 2195
1261020 2198
1261030 2200
1261040 2203
1261050 2204
1261060 2205
1261070 2206
1261080 2207
1261090 2207
1261100 2208
1261110 2208
1261120 2209
1261130 2209
1261140 2210
1261150 2211
1261160 2213
1261170 2216
1261180 2220
1261190 2225
1261200 2230
1261210 2234
1261220 2241
1261230 2253
1261240 2257
1261250 2261
1261260 2277
1261270 2307
1261280 2330
1261290 2336
1261300 2342
1261310 2346
1261320 2348
1261330 2352
1261340 2352
1261350 2347
1261360 2341
1261370 2338
1261380 2336
1261390 2334
1261400 2330
1261410 2325
1261420 2324
1261430 2323
1261440 2325
1261450 2333
1261460 2335
1261470 2334
1261480 2332
1261490 2333
1261500 2334
1261510 2338
1261520 2343
1261530 2350
1261540 2360
1261550 2367
1261560 2377
1261570 2391
1261580 2402
1261590 2422
1261600 2450
1261610 2488
1261620 2503
1261630 2506
1261640 2515
1261650 2521
1261660 2525
1261670 2526
1261680 2515
1261690 2504
1261700 2498
1261710 2511
1261720 2520
1261730 2515
1261740 2526
1261750 2536
1261760 2544
1261770 2555
1261780 2563
1261790 2568
1261800 2574
1261810 2579
1261820 2579
1261830 2557
1261840 2541
1261850 2528
1261860 2512
1261870 2504
1261880 2502
1261890 2505
1261900 2510
1261910 2516
1261920 2524
1261930 2522
1261940 2520
1261950 2518
1261960 2528
1261970 2538
1261980 2548
1261990 2555
1262000 2563
1262010 2570
1262020 2578
1262030 2586
1262040 2595
1262050 2607
1262060 2616
1262070 2625
1262080 2632
1262090 2637
1262100 2638
1262110 2631
1262120 2625
1262130 2616
1262140 2604
1262150 2594
1262160 2584
1262170 2577
1262180 2566
1262190 2557
1262200 2552
1262210 2546
1262220 2543
1262230 2541
1262240 2537
1262250 2534
1262260 2534
1262270 2537
1262280 2532
1262290 2519
1262300 2497
1262310 2473
1262320 2452
1262330 2438
1262340 2423
1262350 2408
1262360 2390
1262370 2374
1262380 2361
1262390 2350
1262400 2329
1262410 2316
1262420 2311
1262430 2304
1262440 2295
1262450 2285
1262460 2278
1262470 2273
1262480 2268
1262490 2264
1262500 2260
1262510 2256
1262520 2252
1262530 2248
1262540 2245
1262550 2241
1262560 2237
1262570 2234
1262580 2232
1262590 2229
1262600 2227
1262610 2226
1262620 2224
1262630 2223
1262640 2223
1262650 2222
1262660 2221
1262670 2219
1262680 2218
1262690 2218
1262700 2218
1262710 2218
1262720 2220
1262730 2222
1262740 2224
1262750 2225
1262760 2225
1262770 2225
1262780 2224
1262790 2224
1262800 2224
1262810 2216
1262820 2212
1262830 2211
1262840 2214
1262850 2214
1262860 2210
1262870 2207
1262880 2206
1262890 2205
1262900 2206
1262910 2207
1262920 2207
1262930 2208
1262940 2208
1262950 2207
1262960 2207
1262970 2216
1262980 2239
1262990 2284
1263000 2302
1263010 2323
1263020 2351
1263030 2351
1263040 2355
1263050 2363
1263060 2373
1263070 2378
1263080 2379
1263090 2378
1263100 2375
1263110 2371
1263120 2377
1263130 2385
1263140 2394
1263150 2399
1263160 2392
1263170 2381
1263180 2369
1263190 2353
1263200 2343
1263210 2342
1263220 2337
1263230 2333
1263240 2331
1263250 2348
1263260 2368
1263270 2389
1263280 2413
1263290 2421
1263300 2418
1263310 2412
1263320 2405
1263330 2397
1263340 2389
1263350 2383
1263360 2378
1263370 2373
1263380 2369
1263390 2364
1263400 2358
1263410 2355
1263420 2349
1263430 2339
1263440 2335
1263450 2329
1263460 2319
1263470 2312
1263480 2306
1263490 2299
1263500 2293
1263510 2287
1263520 2282
1263530 2276
1263540 2270
1263550 2263
1263560 2254
1263570 2247
1263580 2241
1263590 2235
1263600 2230
1263610 2225
1263620 2218
1263630 2207
1263640 2199
1263650 2193
1263660 2184
1263670 2177
1263680 2171
1263690 2166
1263700 2161
1263710 2155
1263720 2149
1263730 2140
1263740 2131
1263750 2125
1263760 2115
1263770 2104
1263780 2093
1263790 2096
1263800 2104
1263810 2110
1263820 2114
1263830 2113
1263840 2106
1263850 2096
1263860 2095
1263870 2103
1263880 2107
1263890 2103
1263900 2092
1263910 2092
1263920 2078
1263930 2054
1263940 2035
1263950 2019
1263960 2005
1263970 1990
1263980 1981
1263990 1970
1264000 1948
1264010 1927
1264020 1910
1264030 1900
1264040 1893
1264050 1888
1264060 1882
1264070 1878
1264080 1872
1264090 1863
1264100 1856
1264110 1852
1264120 1850
1264130 1855
1264140 1864
1264150 1877
1264160 1890
1264170 1898
1264180 1905
1264190 1914
1264200 1920
1264210 1923
1264220 1925
1264230 1921
1264240 1916
1264250 1910
1264260 1905
1264270 1899
1264280 1893
1264290 1885
1264300 1878
1264310 1872
1264320 1867
1264330 1862
1264340 1857
1264350 1852
1264360 1850
1264370 1848
1264380 1845
1264390 1841
1264400 1837
1264410 1828
1264420 1822
1264430 1818
1264440 1814
1264450 1808
1264460 1802
1264470 1797
1264480 1793
1264490 1788
1264500 1782
1264510 1777
1264520 1774
1264530 1773
1264540 1770
1264550 1765
1264560 1759
1264570 1751
1264580 1744
1264590 1739
1264600 1739
1264610 1740
1264620 1740
1264630 1736
1264640 1726
1264650 1717
1264660 1713
1264670 1705
1264680 1693
1264690 1679
1264700 1672
1264710 1666
1264720 1660
1264730 1653
1264740 1646
1264750 1639
1264760 1632
1264770 1625
1264780 1619
1264790 1610
1264800 1604
1264810 1598
1264820 1590
1264830 1581
1264840 1571
1264850 1563
1264860 1556
1264870 1549
1264880 1541
1264890 1533
1264900 1526
1264910 1519
1264920 1513
1264930 1507
1264940 1502
1264950 1500
1264960 1501
1264970 1503
1264980 1507
1264990 1511
1265000 1516
1265010 1520
1265020 1525
1265030 1530
1265040 1534
1265050 1539
1265060 1543
1265070 1547
1265080 1551
1265090 1555
1265100 1559
1265110 1563
1265120 1567
1265130 1571
1265140 1575
1265150 1580
1265160 1585
1265170 1591
1265180 1597
1265190 1604
1265200 1615
1265210 1624
1265220 1631
1265230 1643
1265240 1655
1265250 1665
1265260 1672
1265270 1676
1265280 1680
1265290 1682
1265300 1684
1265310 1687
1265320 1691
1265330 1694
1265340 1696
1265350 1699
1265360 1701
1265370 1703
1265380 1704
1265390 1706
1265400 1707
1265410 1707
1265420 1707
1265430 1705
1265440 1701
1265450 1694
1265460 1687
1265470 1678
1265480 1664
1265490 1666
1265500 1675
1265510 1686
1265520 1687
1265530 1685
1265540 1680
1265550 1677
1265560 1676
1265570 1676
1265580 1676
1265590 1674
1265600 1670
1265610 1670
1265620 1669
1265630 1665
1265640 1662
1265650 1656
1265660 1649
1265670 1644
1265680 1640
1265690 1636
1265700 1631
1265710 1628
1265720 1625
1265730 1620
1265740 1615
1265750 1607
1265760 1593
1265770 1591
1265780 1591
1265790 1591
1265800 1588
1265810 1588
1265820 1592
1265830 1590
1265840 1586
1265850 1582
1265860 1577
1265870 1566
1265880 1552
1265890 1540
1265900 1533
1265910 1528
1265920 1521
1265930 1517
1265940 1513
1265950 1508
1265960 1508
1265970 1507
1265980 1504
1265990 1498
1266000 1493
1266010 1488
1266020 1482
1266030 1477
1266040 1471
1266050 1464
1266060 1461
1266070 1460
1266080 1457
1266090 1455
1266100 1454
1266110 1452
1266120 1450
1266130 1448
1266140 1442
1266150 1439
1266160 1436
1266170 1433
1266180 1430
1266190 1428
1266200 1425
1266210 1422
1266220 1418
1266230 1415
1266240 1412
1266250 1409
1266260 1406
1266270 1404
1266280 1401
1266290 1398
1266300 1395
1266310 1392
1266320 1389
1266330 1387
1266340 1384
1266350 1381
1266360 1378
1266370 1375
1266380 1373
1266390 1370
1266400 1367
1266410 1365
1266420 1362
1266430 1360
1266440 1357
1266450 1355
1266460 1353
1266470 1350
1266480 1348
1266490 1346
1266500 1343
1266510 1341
1266520 1339
1266530 1337
1266540 1334
1266550 1331
1266560 1329
1266570 1326
1266580 1323
1266590 1318
1266600 1314
1266610 1312
1266620 1309
1266630 1305
1266640 1302
1266650 1300
1266660 1297
1266670 1295
1266680 1292
1266690 1290
1266700 1287
1266710 1285
1266720 1283
1266730 1280
1266740 1278
1266750 1275
1266760 1273
1266770 1272
1266780 1271
1266790 1269
1266800 1268
1266810 1266
1266820 1264
1266830 1263
1266840 1261
1266850 1260
1266860 1259
1266870 1258
1266880 1257
1266890 1255
1266900 1254
1266910 1252
1266920 1251
1266930 1249
1266940 1247
1266950 1245
1266960 1243
1266970 1243
1266980 1242
1266990 1240
1267000 1239
1267010 1237
1267020 1234
1267030 1233
1267040 1232
1267050 1231
1267060 1229
1267070 1228
1267080 1226
1267090 1225
1267100 1223
1267110 1221
1267120 1219
1267130 1218
1267140 1216
1267150 1214
1267160 1212
1267170 1211
1267180 1210
1267190 1209
1267200 1208
1267210 1207
1267220 1206
1267230 1206
1267240 1206
1267250 1206
1267260 1206
1267270 1206
1267280 1206
1267290 1206
1267300 1206
1267310 1206
1267320 1206
1267330 1206
1267340 1206
1267350 1206
1267360 1206
1267370 1206
1267380 1206
1267390 1206
1267400 1206
1267410 1206
1267420 1206
1267430 1206
1267440 1206
1267450 1206
1267460 1206
1267470 1206
1267480 1206
1267490 1206
1267500 1206
1267510 1206
1267520 1206
1267530 1206
1267540 1206
1267550 1206
1267560 1206
1267570 1206
1267580 1206
1267590 1206
1267600 1206
1267610 1206
1267620 1206
1267630 1207
1267640 1207
1267650 1206
1267660 1206
1267670 1207
1267680 1207
1267690 1207
1267700 1207
1267710 1207
1267720 1207
1267730 1208
1267740 1209
1267750 1209
1267760 1209
1267770 1210
1267780 1210
1267790 1211
1267800 1212
1267810 1212
1267820 1213
1267830 1213
1267840 1214
1267850 1215
1267860 1215
1267870 1216
1267880 1216
1267890 1217
1267900 1217
1267910 1218
1267920 1219
1267930 1219
1267940 1220
1267950 1221
1267960 1222
1267970 1222
1267980 1224
1267990 1225
1268000 1226
1268010 1226
1268020 1227
1268030 1228
1268040 1228
1268050 1228
1268060 1228
1268070 1229
1268080 1229
1268090 1229
1268100 1230
1268110 1230
1268120 1231
1268130 1232
1268140 1233
1268150 1235
1268160 1236
1268170 1237
1268180 1238
1268190 1239
1268200 1240
1268210 1241
1268220 1241
1268230 1242
1268240 1244
1268250 1247
1268260 1250
1268270 1253
1268280 1256
1268290 1257
1268300 1259
1268310 1261
1268320 1262
1268330 1264
1268340 1266
1268350 1269
1268360 1272
1268370 1274
1268380 1277
1268390 1280
1268400 1283
1268410 1288
1268420 1291
1268430 1294
1268440 1297
1268450 1298
1268460 1300
1268470 1302
1268480 1305
1268490 1309
1268500 1313
1268510 1317
1268520 1321
1268530 1325
1268540 1328
1268550 1331
1268560 1333
1268570 1334
1268580 1337
1268590 1340
1268600 1342
1268610 1346
1268620 1349
1268630 1351
1268640 1353
1268650 1354
1268660 1356
1268670 1356
1268680 1356
1268690 1355
1268700 1356
1268710 1356
1268720 1356
1268730 1355
1268740 1355
1268750 1355
1268760 1355
1268770 1355
1268780 1355
1268790 1351
1268800 1347
1268810 1343
1268820 1340
1268830 1339
1268840 1338
1268850 1338
1268860 1339
1268870 1338
1268880 1335
1268890 1338
1268900 1344
1268910 1354
1268920 1359
1268930 1364
1268940 1369
1268950 1375
1268960 1380
1268970 1385
1268980 1390
1268990 1395
1269000 1400
1269010 1405
1269020 1412
1269030 1418
1269040 1424
1269050 1430
1269060 1435
1269070 1440
1269080 1445
1269090 1450
1269100 1454
1269110 1459
1269120 1464
1269130 1469
1269140 1473
1269150 1478
1269160 1484
1269170 1491
1269180 1497
1269190 1504
1269200 1510
1269210 1517
1269220 1525
1269230 1532
1269240 1538
1269250 1545
1269260 1552
1269270 1558
1269280 1565
1269290 1571
1269300 1577
1269310 1582
1269320 1588
1269330 1593
1269340 1599
1269350 1605
1269360 1611
1269370 1616
1269380 1622
1269390 1626
1269400 1630
1269410 1634
1269420 1638
1269430 1644
1269440 1649
1269450 1653
1269460 1658
1269470 1663
1269480 1667
1269490 1671
1269500 1675
1269510 1679
1269520 1682
1269530 1685
1269540 1687
1269550 1689
1269560 1690
1269570 1692
1269580 1693
1269590 1694
1269600 1696
1269610 1697
1269620 1697
1269630 1697
1269640 1698
1269650 1697
1269660 1696
1269670 1696
1269680 1695
1269690 1695
1269700 1695
1269710 1694
1269720 1694
1269730 1693
1269740 1692
1269750 1690
1269760 1689
1269770 1687
1269780 1685
1269790 1683
1269800 1680
1269810 1678
1269820 1676
1269830 1673
1269840 1670
1269850 1667
1269860 1664
1269870 1661
1269880 1657
1269890 1654
1269900 1650
1269910 1646
1269920 1642
1269930 1638
1269940 1635
1269950 1632
1269960 1630
1269970 1627
1269980 1624
1269990 1621
1270000 1619
1270010 1616
1270020 1614
1270030 1614
1270040 1616
1270050 1617
1270060 1620
1270070 1625
1270080 1631
1270090 1635
1270100 1638
1270110 1640
1270120 1642
1270130 1644
1270140 1645
1270150 1646
1270160 1648
1270170 1649
1270180 1651
1270190 1654
1270200 1656
1270210 1659
1270220 1662
1270230 1665
1270240 1670
1270250 1675
1270260 1680
1270270 1686
1270280 1691
1270290 1696
1270300 1701
1270310 1705
1270320 1710
1270330 1715
1270340 1719
1270350 1723
1270360 1727
1270370 1732
1270380 1736
1270390 1741
1270400 1745
1270410 1750
1270420 1754
1270430 1759
1270440 1763
1270450 1767
1270460 1772
1270470 1777
1270480 1781
1270490 1786
1270500 1791
1270510 1797
1270520 1802
1270530 1806
1270540 1810
1270550 1814
1270560 1819
1270570 1824
1270580 1829
1270590 1834
1270600 1838
1270610 1843
1270620 1846
1270630 1850
1270640 1853
1270650 1857
1270660 1861
1270670 1864
1270680 1867
1270690 1868
1270700 1870
1270710 1871
1270720 1874
1270730 1876
1270740 1877
1270750 1878
1270760 1880
1270770 1881
1270780 1882
1270790 1882
1270800 1883
1270810 1883
1270820 1882
1270830 1881
1270840 1879
1270850 1879
1270860 1881
1270870 1884
1270880 1886
1270890 1887
1270900 1887
1270910 1886
1270920 1884
1270930 1885
1270940 1885
1270950 1885
1270960 1886
1270970 1887
1270980 1888
1270990 1889
1271000 1889
1271010 1890
1271020 1891
1271030 1892
1271040 1893
1271050 1893
1271060 1893
1271070 1893
1271080 1893
1271090 1894
1271100 1894
1271110 1893
1271120 1892
1271130 1891
1271140 1890
1271150 1890
1271160 1890
1271170 1890
1271180 1891
1271190 1892
1271200 1894
1271210 1895
1271220 1896
1271230 1896
1271240 1899
1271250 1900
1271260 1901
1271270 1901
1271280 1900
1271290 1899
1271300 1897
1271310 1896
1271320 1897
1271330 1898
1271340 1900
1271350 1903
1271360 1906
1271370 1908
1271380 1910
1271390 1912
1271400 1914
1271410 1916
1271420 1917
1271430 1918
1271440 1920
1271450 1922
1271460 1923
1271470 1925
1271480 1926
1271490 1929
1271500 1930
1271510 1931
1271520 1931
1271530 1932
1271540 1933
1271550 1934
1271560 1937
1271570 1938
1271580 1939
1271590 1941
1271600 1943
1271610 1946
1271620 1948
1271630 1950
1271640 1953
1271650 1957
1271660 1958
1271670 1959
1271680 1961
1271690 1963
1271700 1965
1271710 1967
1271720 1969
1271730 1971
1271740 1973
1271750 1977
1271760 1980
1271770 1981
1271780 1981
1271790 1981
1271800 1979
1271810 1977
1271820 1976
1271830 1976
1271840 1978
1271850 1980
1271860 1982
1271870 1985
1271880 1988
1271890 1991
1271900 1994
1271910 1997
1271920 1999
1271930 2001
1271940 2003
1271950 2004
1271960 2006
1271970 2008
1271980 2009
1271990 2010
1272000 2010
1272010 2011
1272020 2012
1272030 2013
1272040 2014
1272050 2014
1272060 2015
1272070 2017
1272080 2019
1272090 2021
1272100 2023
1272110 2025
1272120 2027
1272130 2029
1272140 2031
1272150 2034
1272160 2039
1272170 2043
1272180 2047
1272190 2050
1272200 2051
1272210 2051
1272220 2052
1272230 2054
1272240 2056
1272250 2058
1272260 2057
1272270 2053
1272280 2047
1272290 2045
1272300 2043
1272310 2042
1272320 2042
1272330 2041
1272340 2040
1272350 2038
1272360 2036
1272370 2034
1272380 2033
1272390 2033
1272400 2032
1272410 2032
1272420 2030
1272430 2027
1272440 2023
1272450 2020
1272460 2016
1272470 2013
1272480 2009
1272490 2004
1272500 2000
1272510 1996
1272520 1992
1272530 1989
1272540 1985
1272550 1982
1272560 1979
1272570 1975
1272580 1972
1272590 1969
1272600 1967
1272610 1965
1272620 1963
1272630 1961
1272640 1959
1272650 1957
1272660 1955
1272670 1952
1272680 1948
1272690 1944
1272700 1940
1272710 1937
1272720 1933
1272730 1931
1272740 1929
1272750 1927
1272760 1925
1272770 1923
1272780 1921
1272790 1919
1272800 1917
1272810 1914
1272820 1911
1272830 1908
1272840 1907
1272850 1908
1272860 1909
1272870 1911
1272880 1912
1272890 1914
1272900 1916
1272910 1917
1272920 1920
1272930 1922
1272940 1925
1272950 1928
1272960 1930
1272970 1933
1272980 1936
1272990 1939
1273000 1943
1273010 1947
1273020 1950
1273030 1954
1273040 1958
1273050 1962
1273060 1967
1273070 1971
1273080 1976
1273090 1981
1273100 1985
1273110 1990
1273120 1994
1273130 1998
1273140 2004
1273150 2010
1273160 2015
1273170 2021
1273180 2026
1273190 2030
1273200 2034
1273210 2039
1273220 2044
1273230 2048
1273240 2052
1273250 2055
1273260 2058
1273270 2062
1273280 2066
1273290 2071
1273300 2076
1273310 2080
1273320 2084
1273330 2088
1273340 2092
1273350 2097
1273360 2100
1273370 2103
1273380 2105
1273390 2106
1273400 2107
1273410 2109
1273420 2112
1273430 2114
1273440 2117
1273450 2118
1273460 2120
1273470 2121
1273480 2122
1273490 2124
1273500 2125
1273510 2126
1273520 2128
1273530 2129
1273540 2131
1273550 2132
1273560 2134
1273570 2136
1273580 2137
1273590 2138
1273600 2139
1273610 2141
1273620 2142
1273630 2143
1273640 2145
1273650 2147
1273660 2149
1273670 2151
1273680 2150
1273690 2149
1273700 2150
1273710 2152
1273720 2154
1273730 2154
1273740 2156
1273750 2158
1273760 2159
1273770 2161
1273780 2162
1273790 2165
1273800 2166
1273810 2166
1273820 2167
1273830 2167
1273840 2165
1273850 2163
1273860 2163
1273870 2162
1273880 2160
1273890 2159
1273900 2156
1273910 2152
1273920 2148
1273930 2146
1273940 2144
1273950 2143
1273960 2143
1273970 2143
1273980 2144
1273990 2144
1274000 2143
1274010 2139
1274020 2136
1274030 2133
1274040 2131
1274050 2129
1274060 2128
1274070 2128
1274080 2129
1274090 2129
1274100 2130
1274110 2130
1274120 2130
1274130 2129
1274140 2126
1274150 2123
1274160 2120
1274170 2117
1274180 2114
1274190 2110
1274200 2106
1274210 2102
1274220 2099
1274230 2096
1274240 2092
1274250 2089
1274260 2085
1274270 2083
1274280 2081
1274290 2078
1274300 2076
1274310 2074
1274320 2071
1274330 2069
1274340 2067
1274350 2065
1274360 2063
1274370 2061
1274380 2059
1274390 2056
1274400 2053
1274410 2050
1274420 2048
1274430 2045
1274440 2043
1274450 2042
1274460 2039
1274470 2038
1274480 2038
1274490 2036
1274500 2033
1274510 2030
1274520 2026
1274530 2023
1274540 2021
1274550 2019
1274560 2017
1274570 2016
1274580 2014
1274590 2012
1274600 2010
1274610 2008
1274620 2006
1274630 2004
1274640 2002
1274650 2000
1274660 1999
1274670 1997
1274680 1996
1274690 1995
1274700 1993
1274710 1991
1274720 1989
1274730 1986
1274740 1984
1274750 1982
1274760 1980
1274770 1977
1274780 1975
1274790 1973
1274800 1972
1274810 1970
1274820 1968
1274830 1967
1274840 1966
1274850 1965
1274860 1963
1274870 1962
1274880 1961
1274890 1960
1274900 1960
1274910 1959
1274920 1958
1274930 1958
1274940 1957
1274950 1956
1274960 1955
1274970 1953
1274980 1950
1274990 1947
1275000 1944
1275010 1941
1275020 1939
1275030 1938
1275040 1937
1275050 1936
1275060 1934
1275070 1932
1275080 1930
1275090 1928
1275100 1925
1275110 1923
1275120 1920
1275130 1917
1275140 1914
1275150 1911
1275160 1908
1275170 1905
1275180 1903
1275190 1900
1275200 1898
1275210 1895
1275220 1891
1275230 1887
1275240 1883
1275250 1880
1275260 1877
1275270 1874
1275280 1871
1275290 1869
1275300 1866
1275310 1863
1275320 1861
1275330 1860
1275340 1858
1275350 1856
1275360 1855
1275370 1853
1275380 1851
1275390 1850
1275400 1848
1275410 1847
1275420 1844
1275430 1842
1275440 1839
1275450 1836
1275460 1833
1275470 1831
1275480 1828
1275490 1826
1275500 1824
1275510 1822
1275520 1819
1275530 1816
1275540 1813
1275550 1811
1275560 1808
1275570 1806
1275580 1803
1275590 1801
1275600 1798
1275610 1796
1275620 1793
1275630 1790
1275640 1788
1275650 1785
1275660 1782
1275670 1778
1275680 1775
1275690 1772
1275700 1769
1275710 1766
1275720 1763
1275730 1759
1275740 1755
1275750 1751
1275760 1748
1275770 1745
1275780 1743
1275790 1740
1275800 1739
1275810 1737
1275820 1736
1275830 1734
1275840 1732
1275850 1731
1275860 1729
1275870 1726
1275880 1723
1275890 1720
1275900 1717
1275910 1714
1275920 1711
1275930 1709
1275940 1707
1275950 1705
1275960 1701
1275970 1699
1275980 1697
1275990 1695
1276000 1693
1276010 1691
1276020 1690
1276030 1689
1276040 1688
1276050 1686
1276060 1683
1276070 1681
1276080 1679
1276090 1677
1276100 1675
1276110 1673
1276120 1670
1276130 1669
1276140 1666
1276150 1664
1276160 1662
1276170 1659
1276180 1656
1276190 1653
1276200 1650
1276210 1647
1276220 1644
1276230 1642
1276240 1640
1276250 1639
1276260 1636
1276270 1634
1276280 1631
1276290 1629
1276300 1626
1276310 1624
1276320 1621
1276330 1618
1276340 1616
1276350 1613
1276360 1609
1276370 1605
1276380 1601
1276390 1598
1276400 1595
1276410 1591
1276420 1588
1276430 1585
1276440 1582
1276450 1578
1276460 1574
1276470 1571
1276480 1568
1276490 1565
1276500 1562
1276510 1559
1276520 1555
1276530 1552
1276540 1549
1276550 1545
1276560 1541
1276570 1536
1276580 1531
1276590 1526
1276600 1522
1276610 1518
1276620 1515
1276630 1512
1276640 1509
1276650 1505
1276660 1502
1276670 1498
1276680 1495
1276690 1492
1276700 1491
1276710 1489
1276720 1487
1276730 1483
1276740 1479
1276750 1475
1276760 1472
1276770 1468
1276780 1465
1276790 1461
1276800 1458
1276810 1454
1276820 1451
1276830 1448
1276840 1444
1276850 1442
1276860 1439
1276870 1436
1276880 1434
1276890 1432
1276900 1430
1276910 1429
1276920 1428
1276930 1426
1276940 1425
1276950 1423
1276960 1421
1276970 1420
1276980 1418
1276990 1417
1277000 1415
1277010 1413
1277020 1411
1277030 1410
1277040 1408
1277050 1407
1277060 1405
1277070 1403
1277080 1402
1277090 1400
1277100 1399
1277110 1398
1277120 1397
1277130 1395
1277140 1394
1277150 1393
1277160 1392
1277170 1390
1277180 1389
1277190 1388
1277200 1387
1277210 1385
1277220 1383
1277230 1382
1277240 1380
1277250 1379
1277260 1378
1277270 1377
1277280 1375
1277290 1374
1277300 1372
1277310 1370
1277320 1369
1277330 1367
1277340 1365
1277350 1363
1277360 1361
1277370 1359
1277380 1358
1277390 1356
1277400 1355
1277410 1354
1277420 1352
1277430 1351
1277440 1349
1277450 1348
1277460 1348
1277470 1347
1277480 1347
1277490 1346
1277500 1345
1277510 1345
1277520 1344
1277530 1343
1277540 1342
1277550 1341
1277560 1339
1277570 1338
1277580 1336
1277590 1335
1277600 1333
1277610 1333
1277620 1332
1277630 1332
1277640 1331
1277650 1331
1277660 1330
1277670 1330
1277680 1330
1277690 1330
1277700 1330
1277710 1329
1277720 1329
1277730 1329
1277740 1329
1277750 1329
1277760 1329
1277770 1329
1277780 1330
1277790 1330
1277800 1330
1277810 1330
1277820 1330
1277830 1329
1277840 1329
1277850 1329
1277860 1329
1277870 1329
1277880 1329
1277890 1329
1277900 1329
1277910 1329
1277920 1329
1277930 1329
1277940 1329
1277950 1328
1277960 1328
1277970 1328
1277980 1328
1277990 1328
1278000 1328
1278010 1328
1278020 1328
1278030 1328
1278040 1328
1278050 1328
1278060 1328
1278070 1328
1278080 1328
1278090 1326
1278100 1322
1278110 1317
1278120 1313
1278130 1309
1278140 1309
1278150 1309
1278160 1309
1278170 1309
1278180 1310
1278190 1310
1278200 1305
1278210 1298
1278220 1291
1278230 1287
1278240 1284
1278250 1276
1278260 1264
1278270 1259
1278280 1254
1278290 1250
1278300 1247
1278310 1244
1278320 1241
1278330 1240
1278340 1239
1278350 1238
1278360 1238
1278370 1236
1278380 1232
1278390 1225
1278400 1219
1278410 1214
1278420 1209
1278430 1201
1278440 1194
1278450 1188
1278460 1183
1278470 1178
1278480 1174
1278490 1160
1278500 1149
1278510 1140
1278520 1133
1278530 1127
1278540 1122
1278550 1117
1278560 1112
1278570 1108
1278580 1106
1278590 1105
1278600 1104
1278610 1104
1278620 1106
1278630 1107
1278640 1108
1278650 1112
1278660 1116
1278670 1120
1278680 1125
1278690 1129
1278700 1133
1278710 1136
1278720 1139
1278730 1142
1278740 1145
1278750 1150
1278760 1154
1278770 1158
1278780 1163
1278790 1167
1278800 1171
1278810 1175
1278820 1180
1278830 1184
1278840 1187
1278850 1191
1278860 1195
1278870 1200
1278880 1205
1278890 1209
1278900 1215
1278910 1220
1278920 1225
1278930 1231
1278940 1237
1278950 1242
1278960 1248
1278970 1253
1278980 1258
1278990 1262
1279000 1267
1279010 1272
1279020 1277
1279030 1282
1279040 1286
1279050 1291
1279060 1296
1279070 1301
1279080 1306
1279090 1311
1279100 1317
1279110 1322
1279120 1327
1279130 1332
1279140 1336
1279150 1338
1279160 1336
1279170 1331
1279180 1319
1279190 1314
1279200 1312
1279210 1312
1279220 1314
1279230 1316
1279240 1318
1279250 1317
1279260 1312
1279270 1300
1279280 1295
1279290 1290
1279300 1284
1279310 1283
1279320 1278
1279330 1270
1279340 1264
1279350 1258
1279360 1252
1279370 1251
1279380 1249
1279390 1248
1279400 1245
1279410 1243
1279420 1240
1279430 1236
1279440 1233
1279450 1229
1279460 1225
1279470 1223
1279480 1220
1279490 1219
1279500 1217
1279510 1215
1279520 1212
1279530 1211
1279540 1210
1279550 1209
1279560 1208
1279570 1208
1279580 1208
1279590 1208
1279600 1208
1279610 1208
1279620 1207
1279630 1205
1279640 1204
1279650 1203
1279660 1201
1279670 1198
1279680 1195
1279690 1193
1279700 1192
1279710 1191
1279720 1190
1279730 1190
1279740 1190
1279750 1189
1279760 1189
1279770 1188
1279780 1188
1279790 1187
1279800 1186
1279810 1185
1279820 1184
1279830 1183
1279840 1182
1279850 1181
1279860 1180
1279870 1179
1279880 1177
1279890 1176
1279900 1175
1279910 1174
1279920 1173
1279930 1172
1279940 1171
1279950 1170
1279960 1169
1279970 1168
1279980 1168
1279990 1168
