1260000 1739.4
1260010 1743.4
1260020 1747.8
1260030 1747.8
1260040 1751.1
1260050 1754.7
1260060 1754.7
1260070 1758.3
1260080 1761.7
1260090 1765.0
1260100 1765.0
1260110 1768.1
1260120 1771.1
1260130 1771.1
1260140 1774.2
1260150 1777.0
1260160 1777.0
1260170 1780.2
1260180 1783.2
1260190 1783.2
1260200 1786.2
1260210 1789.3
1260220 1794.6
1260230 1797.5
1260240 1800.4
1260250 1800.4
1260260 1804.0
1260270 1807.6
1260280 1807.6
1260290 1811.8
1260300 1816.2
1260310 1820.6
1260320 1820.6
1260330 1825.1
1260340 1829.7
1260350 1829.7
1260360 1834.3
1260370 1838.9
1260380 1838.9
1260390 1843.3
1260400 1847.5
1260410 1847.5
1260420 1851.6
1260430 1855.6
1260440 1855.6
1260450 1858.9
1260460 1861.0
1260470 1861.0
1260480 1862.1
1260490 1863.5
1260500 1863.5
1260510 1865.8
1260520 1867.9
1260530 1869.0
1260540 1869.0
1260550 1871.0
1260560 1875.2
1260570 1875.2
1260580 1881.0
1260590 1887.5
1260600 1887.5
1260610 1895.9
1260620 1904.4
1260630 1904.4
1260640 1913.8
1260650 1930.9
1260660 1930.9
1260670 1947.2
1260680 1964.3
1260690 1964.3
1260700 1983.7
1260710 1993.0
1260720 1993.0
1260730 1995.2
1260740 1996.6
1260750 1999.9
1260760 1999.9
1260770 2001.5
1260780 2006.5
1260790 2006.5
1260800 2007.5
1260810 2008.4
1260820 2008.4
1260830 2009.6
1260840 2010.7
1260850 2010.7
1260860 2012.4
1260870 2013.1
1260880 2013.1
1260890 2013.2
1260900 2013.9
1260910 2013.9
1260920 2014.4
1260930 2014.5
1260940 2014.5
1260950 2017.7
1260960 2022.2
1260970 2024.1
1260980 2024.1
1260990 2028.6
1261000 2031.9
1261010 2031.9
1261020 2032.9
1261030 2033.8
1261040 2033.8
1261050 2036.5
1261060 2041.9
1261070 2041.9
1261080 2049.2
1261090 2055.3
1261100 2055.3
1261110 2058.9
1261120 2061.6
1261130 2061.6
1261140 2064.5
1261150 2066.7
1261160 2066.7
1261170 2068.5
1261180 2071.6
1261190 2076.2
1261200 2076.2
1261210 2079.5
1261220 2082.9
1261230 2082.9
1261240 2084.3
1261250 2084.5
1261260 2084.5
1261270 2088.8
1261280 2106.5
1261290 2106.5
1261300 2118.6
1261310 2128.9
1261320 2128.9
1261330 2143.2
1261340 2158.2
1261350 2162.7
1261360 2175.7
1261370 2184.2
1261380 2184.2
1261390 2192.4
1261400 2201.8
1261410 2211.1
1261420 2211.1
1261430 2216.1
1261440 2219.4
1261450 2219.4
1261460 2221.3
1261470 2225.7
1261480 2225.7
1261490 2234.3
1261500 2241.0
1261510 2241.0
1261520 2243.3
1261530 2245.8
1261540 2245.8
1261550 2252.8
1261560 2258.5
1261570 2258.5
1261580 2264.3
1261590 2274.7
1261600 2274.7
1261610 2290.3
1261620 2303.2
1261630 2317.1
1261640 2317.1
1261650 2326.7
1261660 2334.3
1261670 2334.3
1261680 2344.8
1261690 2365.5
1261700 2365.5
1261710 2382.0
1261720 2393.7
1261730 2393.7
1261740 2408.8
1261750 2422.7
1261760 2422.7
1261770 2451.2
1261780 2479.9
1261790 2479.9
1261800 2496.5
1261810 2519.3
1261820 2519.3
1261830 2539.3
1261840 2546.4
1261850 2550.2
1261860 2550.2
1261870 2559.3
1261880 2570.2
1261890 2570.2
1261900 2579.2
1261910 2588.1
1261920 2594.8
1261930 2602.7
1261940 2612.8
1261950 2612.8
1261960 2622.0
1261970 2629.3
1261980 2629.3
1261990 2637.3
1262000 2647.8
1262010 2647.8
1262020 2659.1
1262030 2670.3
1262040 2670.3
1262050 2681.3
1262060 2689.4
1262070 2678.1
1262080 2678.1
1262090 2669.6
1262100 2663.9
1262110 2663.9
1262120 2656.7
1262130 2647.5
1262140 2647.5
1262150 2641.3
1262160 2634.6
1262170 2634.6
1262180 2625.4
1262190 2613.7
1262200 2613.7
1262210 2601.1
1262220 2589.1
1262230 2589.1
1262240 2579.9
1262250 2578.0
1262260 2578.0
1262270 2578.7
1262280 2577.2
1262290 2568.4
1262300 2568.4
1262310 2572.1
1262320 2577.7
1262330 2577.7
1262340 2573.2
1262350 2557.2
1262360 2557.2
1262370 2552.6
1262380 2541.8
1262390 2541.8
1262400 2519.6
1262410 2510.4
1262420 2510.4
1262430 2512.6
1262440 2522.3
1262450 2522.3
1262460 2531.0
1262470 2524.0
1262480 2524.0
1262490 2514.2
1262500 2501.6
1262510 2478.7
1262520 2478.7
1262530 2468.0
1262540 2445.8
1262550 2445.8
1262560 2427.4
1262570 2423.7
1262580 2423.7
1262590 2415.3
1262600 2402.7
1262610 2402.7
1262620 2402.3
1262630 2402.3
1262640 2402.3
1262650 2380.4
1262660 2368.2
1262670 2368.2
1262680 2371.6
1262690 2378.5
1262700 2378.5
1262710 2391.2
1262720 2403.5
1262730 2410.0
1262740 2410.0
1262750 2416.2
1262760 2408.9
1262770 2408.9
1262780 2400.3
1262790 2398.0
1262800 2398.0
1262810 2402.7
1262820 2411.7
1262830 2411.7
1262840 2423.9
1262850 2435.9
1262860 2435.9
1262870 2456.3
1262880 2471.6
1262890 2471.6
1262900 2479.7
1262910 2486.2
1262920 2498.3
1262930 2498.3
1262940 2509.1
1262950 2513.5
1262960 2513.5
1262970 2523.9
1262980 2534.4
1262990 2534.4
1263000 2546.7
1263010 2557.3
1263020 2557.3
1263030 2565.9
1263040 2573.9
1263050 2573.9
1263060 2572.1
1263070 2575.5
1263080 2575.5
1263090 2580.4
1263100 2586.6
1263110 2586.6
1263120 2591.8
1263130 2597.0
1263140 2602.3
1263150 2602.3
1263160 2607.7
1263170 2613.3
1263180 2613.3
1263190 2619.2
1263200 2625.0
1263210 2625.0
1263220 2630.5
1263230 2636.1
1263240 2636.1
1263250 2641.9
1263260 2647.4
1263270 2647.4
1263280 2652.6
1263290 2657.7
1263300 2657.7
1263310 2662.2
1263320 2656.6
1263330 2656.6
1263340 2645.4
1263350 2626.1
1263360 2612.6
1263370 2612.6
1263380 2610.5
1263390 2606.5
1263400 2606.5
1263410 2597.9
1263420 2589.1
1263430 2589.1
1263440 2579.9
1263450 2567.1
1263460 2567.1
1263470 2553.0
1263480 2541.4
1263490 2541.4
1263500 2478.0
1263510 2369.3
1263520 2369.3
1263530 2346.0
1263540 2328.2
1263550 2328.2
1263560 2338.1
1263570 2347.8
1263580 2328.8
1263590 2328.8
1263600 2313.2
1263610 2301.4
1263620 2301.4
1263630 2290.3
1263640 2285.5
1263650 2285.5
1263660 2278.4
1263670 2273.9
1263680 2273.9
1263690 2274.1
1263700 2273.4
1263710 2273.4
1263720 2268.4
1263730 2247.7
1263740 2247.7
1263750 2207.2
1263760 2190.3
1263770 2190.3
1263780 2189.4
1263790 2187.6
1263800 2181.6
1263810 2181.6
1263820 2171.6
1263830 2162.8
1263840 2162.8
1263850 2156.8
1263860 2152.2
1263870 2152.2
1263880 2148.4
1263890 2139.6
1263900 2139.6
1263910 2132.6
1263920 2128.6
1263930 2128.6
1263940 2121.6
1263950 2114.1
1263960 2114.1
1263970 2107.7
1263980 2100.1
1263990 2100.1
1264000 2092.1
1264010 2083.8
1264020 2075.6
1264030 2075.6
1264040 2067.9
1264050 2060.3
1264060 2060.3
1264070 2052.0
1264080 2045.3
1264090 2045.3
1264100 2035.5
1264110 2027.2
1264120 2027.2
1264130 2021.7
1264140 2018.2
1264150 2018.2
1264160 2017.6
1264170 2016.3
1264180 2016.3
1264190 2011.8
1264200 2006.8
1264210 2011.7
1264220 2006.0
1264230 1999.9
1264240 1993.5
1264250 1993.5
1264260 1987.5
1264270 1981.0
1264280 1981.0
1264290 1974.1
1264300 1964.5
1264310 1964.5
1264320 1950.3
1264330 1938.4
1264340 1938.4
1264350 1924.8
1264360 1915.6
1264370 1915.6
1264380 1907.2
1264390 1898.9
1264400 1898.9
1264410 1891.0
1264420 1883.3
1264430 1883.3
1264440 1876.1
1264450 1869.2
1264460 1862.5
1264470 1862.5
1264480 1856.2
1264490 1845.0
1264500 1845.0
1264510 1815.2
1264520 1797.1
1264530 1797.1
1264540 1779.6
1264550 1770.5
1264560 1770.5
1264570 1761.7
1264580 1753.2
1264590 1753.2
1264600 1745.1
1264610 1737.2
1264620 1737.2
1264630 1729.0
1264640 1723.0
1264650 1723.0
1264660 1717.6
1264670 1710.8
1264680 1704.0
1264690 1704.0
1264700 1695.5
1264710 1686.5
1264720 1686.5
1264730 1679.7
1264740 1672.8
1264750 1672.8
1264760 1665.8
1264770 1658.8
1264780 1654.7
1264790 1647.3
1264800 1639.4
1264810 1639.4
1264820 1631.9
1264830 1623.9
1264840 1623.9
1264850 1616.2
1264860 1606.0
1264870 1606.0
1264880 1599.9
1264890 1598.8
1264900 1608.2
1264910 1608.2
1264920 1635.6
1264930 1651.9
1264940 1651.9
1264950 1660.1
1264960 1666.5
1264970 1666.5
1264980 1672.4
1264990 1678.9
1265000 1678.9
1265010 1686.9
1265020 1695.3
1265030 1695.3
1265040 1699.0
1265050 1697.3
1265060 1697.3
1265070 1691.1
1265080 1691.8
1265090 1691.8
1265100 1707.5
1265110 1717.3
1265120 1728.0
1265130 1728.0
1265140 1732.5
1265150 1737.1
1265160 1737.1
1265170 1745.3
1265180 1754.1
1265190 1754.1
1265200 1763.5
1265210 1773.3
1265220 1773.3
1265230 1782.9
1265240 1791.6
1265250 1791.6
1265260 1799.3
1265270 1806.8
1265280 1806.8
1265290 1813.4
1265300 1820.7
1265310 1820.7
1265320 1828.4
1265330 1835.8
1265340 1856.7
1265350 1856.7
1265360 1835.7
1265370 1838.6
1265380 1838.6
1265390 1846.2
1265400 1865.3
1265410 1865.3
1265420 1895.4
1265430 1908.1
1265440 1908.1
1265450 1908.7
1265460 1908.9
1265470 1908.9
1265480 1908.4
1265490 1906.7
1265500 1906.7
1265510 1904.9
1265520 1902.8
1265530 1902.8
1265540 1899.5
1265550 1894.6
1265560 1889.2
1265570 1889.2
1265580 1884.1
1265590 1879.7
1265600 1879.7
1265610 1874.9
1265620 1870.0
1265630 1870.0
1265640 1865.0
1265650 1859.9
1265660 1859.9
1265670 1853.7
1265680 1847.1
1265690 1847.1
1265700 1841.1
1265710 1835.0
1265720 1835.0
1265730 1826.6
1265740 1820.2
1265750 1821.7
1265760 1821.7
1265770 1830.9
1265780 1836.3
1265790 1836.3
1265800 1835.2
1265810 1832.6
1265820 1832.6
1265830 1829.2
1265840 1824.1
1265850 1824.1
1265860 1816.1
1265870 1807.3
1265880 1807.3
1265890 1799.5
1265900 1792.4
1265910 1792.4
1265920 1785.1
1265930 1767.3
1265940 1763.8
1265950 1744.2
1265960 1724.2
1265970 1708.5
1265980 1708.5
1265990 1721.3
1266000 1720.0
1266010 1720.0
1266020 1716.1
1266030 1709.6
1266040 1709.6
1266050 1699.9
1266060 1691.4
1266070 1691.4
1266080 1683.1
1266090 1669.2
1266100 1669.2
1266110 1646.8
1266120 1625.3
1266130 1625.3
1266140 1621.4
1266150 1617.9
1266160 1617.9
1266170 1609.3
1266180 1600.6
1266190 1589.8
1266200 1589.8
1266210 1585.5
1266220 1592.5
1266230 1592.5
1266240 1589.9
1266250 1573.2
1266260 1573.2
1266270 1554.3
1266280 1539.4
1266290 1539.4
1266300 1529.2
1266310 1521.2
1266320 1521.2
1266330 1513.7
1266340 1508.6
1266350 1508.6
1266360 1505.9
1266370 1503.0
1266380 1503.0
1266390 1499.8
1266400 1496.5
1266410 1492.5
1266420 1492.5
1266430 1488.0
1266440 1483.4
1266450 1483.4
1266460 1478.7
1266470 1473.8
1266480 1473.8
1266490 1469.1
1266500 1464.1
1266510 1464.1
1266520 1456.4
1266530 1451.7
1266540 1451.7
1266550 1447.5
1266560 1443.8
1266570 1443.8
1266580 1440.1
1266590 1435.6
1266600 1435.6
1266610 1431.2
1266620 1426.9
1266630 1422.6
1266640 1422.6
1266650 1418.2
1266660 1414.7
1266670 1414.7
1266680 1411.6
1266690 1408.2
1266700 1408.2
1266710 1405.1
1266720 1402.2
1266730 1402.2
1266740 1399.4
1266750 1396.6
1266760 1396.6
1266770 1394.2
1266780 1391.8
1266790 1391.8
1266800 1389.4
1266810 1388.2
1266820 1388.2
1266830 1387.6
1266840 1387.2
1266850 1385.6
1266860 1385.6
1266870 1382.7
1266880 1379.9
1266890 1379.9
1266900 1376.1
1266910 1371.0
1266920 1371.0
1266930 1365.0
1266940 1358.6
1266950 1358.6
1266960 1352.1
1266970 1345.4
1266980 1345.4
1266990 1338.8
1267000 1332.4
1267010 1332.4
1267020 1326.6
1267030 1321.4
1267040 1321.4
1267050 1316.3
1267060 1311.3
1267070 1306.1
1267080 1306.1
1267090 1300.8
1267100 1292.6
1267110 1292.6
1267120 1288.9
1267130 1285.1
1267140 1285.1
1267150 1281.1
1267160 1277.0
1267170 1277.0
1267180 1272.9
1267190 1268.8
1267200 1268.8
1267210 1264.6
1267220 1262.5
1267230 1262.5
1267240 1262.6
1267250 1262.1
1267260 1262.1
1267270 1261.1
1267280 1260.3
1267290 1259.6
1267300 1259.6
1267310 1258.7
1267320 1257.8
1267330 1257.8
1267340 1256.8
1267350 1256.6
1267360 1256.6
1267370 1255.9
1267380 1254.5
1267390 1254.5
1267400 1253.4
1267410 1252.3
1267420 1252.3
1267430 1251.2
1267440 1250.4
1267450 1250.4
1267460 1249.8
1267470 1249.3
1267480 1249.3
1267490 1248.0
1267500 1246.9
1267510 1245.5
1267520 1245.5
1267530 1244.2
1267540 1244.1
1267550 1244.1
1267560 1243.2
1267570 1241.3
1267580 1241.3
1267590 1239.0
1267600 1237.1
1267610 1237.1
1267620 1235.5
1267630 1234.2
1267640 1234.2
1267650 1232.9
1267660 1231.4
1267670 1231.4
1267680 1229.5
1267690 1228.1
1267700 1228.1
1267710 1226.7
1267720 1226.2
1267730 1225.5
1267740 1225.5
1267750 1223.9
1267760 1222.9
1267770 1222.9
1267780 1222.1
1267790 1220.6
1267800 1220.6
1267810 1218.9
1267820 1217.5
1267830 1217.5
1267840 1216.1
1267850 1214.6
1267860 1214.6
1267870 1213.2
1267880 1211.8
1267890 1211.8
1267900 1210.5
1267910 1209.3
1267920 1209.3
1267930 1208.1
1267940 1206.7
1267950 1205.6
1267960 1205.6
1267970 1204.9
1267980 1205.0
1267990 1205.0
1268000 1205.5
1268010 1204.9
1268020 1204.9
1268030 1204.1
1268040 1205.5
1268050 1205.5
1268060 1205.1
1268070 1205.1
1268080 1205.1
1268090 1206.0
1268100 1207.7
1268110 1207.7
1268120 1208.9
1268130 1210.2
1268140 1210.2
1268150 1211.4
1268160 1212.5
1268170 1213.7
1268180 1213.7
1268190 1215.0
1268200 1216.3
1268210 1216.3
1268220 1217.7
1268230 1219.2
1268240 1219.2
1268250 1220.6
1268260 1221.9
1268270 1221.8
1268280 1223.2
1268290 1224.6
1268300 1224.6
1268310 1225.8
1268320 1227.1
1268330 1227.1
1268340 1228.3
1268350 1229.7
1268360 1229.7
1268370 1231.3
1268380 1233.0
1268390 1234.2
1268400 1234.2
1268410 1235.1
1268420 1236.1
1268430 1236.1
1268440 1237.1
1268450 1238.1
1268460 1238.1
1268470 1238.3
1268480 1239.0
1268490 1239.0
1268500 1240.9
1268510 1241.7
1268520 1241.7
1268530 1242.8
1268540 1245.9
1268550 1245.9
1268560 1250.2
1268570 1253.7
1268580 1253.7
1268590 1259.1
1268600 1263.2
1268610 1267.2
1268620 1267.2
1268630 1271.2
1268640 1273.1
1268650 1273.1
1268660 1274.6
1268670 1279.4
1268680 1279.4
1268690 1285.8
1268700 1292.9
1268710 1292.9
1268720 1300.1
1268730 1307.4
1268740 1307.4
1268750 1314.5
1268760 1320.5
1268770 1320.5
1268780 1324.5
1268790 1327.8
1268800 1329.3
1268810 1329.3
1268820 1330.6
1268830 1333.2
1268840 1333.2
1268850 1333.2
1268860 1329.9
1268870 1329.9
1268880 1328.2
1268890 1327.7
1268900 1327.7
1268910 1328.1
1268920 1330.0
1268930 1330.0
1268940 1333.8
1268950 1338.7
1268960 1338.7
1268970 1342.4
1268980 1344.5
1268990 1344.5
1269000 1345.7
1269010 1348.0
1269020 1352.6
1269030 1352.6
1269040 1357.1
1269050 1360.8
1269060 1360.8
1269070 1363.8
1269080 1367.7
1269090 1367.7
1269100 1371.3
1269110 1375.1
1269120 1375.1
1269130 1379.0
1269140 1383.4
1269150 1383.4
1269160 1388.6
1269170 1395.3
1269180 1395.3
1269190 1401.9
1269200 1410.9
1269210 1410.9
1269220 1419.5
1269230 1426.9
1269240 1432.6
1269250 1432.6
1269260 1438.6
1269270 1445.9
1269280 1445.9
1269290 1457.1
1269300 1470.3
1269310 1470.3
1269320 1484.5
1269330 1502.1
1269340 1502.1
1269350 1517.4
1269360 1529.3
1269370 1529.3
1269380 1538.9
1269390 1550.8
1269400 1550.8
1269410 1560.7
1269420 1567.6
1269430 1567.6
1269440 1584.8
1269450 1588.8
1269460 1591.6
1269470 1591.6
1269480 1593.3
1269490 1593.1
1269500 1593.1
1269510 1592.0
1269520 1589.6
1269530 1589.6
1269540 1585.1
1269550 1579.7
1269560 1579.7
1269570 1573.1
1269580 1564.8
1269590 1564.8
1269600 1557.2
1269610 1552.4
1269620 1552.4
1269630 1548.8
1269640 1537.0
1269650 1537.0
1269660 1523.9
1269670 1522.2
1269680 1524.1
1269690 1524.1
1269700 1516.0
1269710 1504.3
1269720 1504.3
1269730 1497.6
1269740 1494.0
1269750 1494.0
1269760 1494.8
1269770 1505.1
1269780 1505.1
1269790 1519.7
1269800 1529.0
1269810 1529.0
1269820 1535.3
1269830 1538.6
1269840 1538.6
1269850 1541.4
1269860 1542.8
1269870 1542.8
1269880 1543.0
1269890 1546.5
1269900 1550.1
1269910 1550.1
1269920 1553.7
1269930 1559.3
1269940 1559.3
1269950 1565.4
1269960 1573.6
1269970 1573.6
1269980 1581.5
1269990 1587.6
1270000 1587.6
1270010 1594.6
1270020 1601.8
1270030 1602.1
1270040 1609.1
1270050 1616.2
1270060 1616.2
1270070 1621.7
1270080 1626.4
1270090 1626.4
1270100 1629.9
1270110 1632.5
1270120 1635.3
1270130 1635.3
1270140 1639.3
1270150 1643.4
1270160 1643.4
1270170 1646.5
1270180 1650.5
1270190 1650.5
1270200 1655.4
1270210 1659.9
1270220 1659.9
1270230 1664.8
1270240 1668.9
1270250 1668.9
1270260 1672.6
1270270 1676.7
1270280 1676.7
1270290 1679.9
1270300 1681.6
1270310 1681.6
1270320 1683.3
1270330 1685.5
1270340 1687.7
1270350 1687.7
1270360 1691.3
1270370 1695.4
1270380 1695.4
1270390 1698.1
1270400 1703.7
1270410 1703.7
1270420 1709.5
1270430 1715.2
1270440 1715.2
1270450 1720.5
1270460 1725.1
1270470 1725.1
1270480 1729.6
1270490 1734.5
1270500 1734.5
1270510 1739.6
1270520 1742.1
1270530 1742.1
1270540 1743.8
1270550 1747.1
1270560 1749.2
1270570 1749.2
1270580 1751.4
1270590 1752.8
1270600 1752.8
1270610 1753.4
1270620 1752.5
1270630 1757.5
1270640 1758.2
1270650 1759.3
1270660 1759.3
1270670 1760.9
1270680 1762.3
1270690 1762.3
1270700 1762.7
1270710 1763.0
1270720 1763.0
1270730 1763.4
1270740 1763.8
1270750 1763.8
1270760 1765.0
1270770 1764.7
1270780 1764.4
1270790 1764.4
1270800 1764.3
1270810 1764.4
1270820 1764.4
1270830 1764.9
1270840 1766.6
1270850 1766.6
1270860 1768.4
1270870 1769.6
1270880 1769.6
1270890 1771.1
1270900 1772.0
1270910 1772.0
1270920 1772.5
1270930 1773.4
1270940 1773.4
1270950 1773.2
1270960 1773.6
1270970 1773.6
1270980 1776.2
1270990 1778.2
1271000 1779.3
1271010 1779.3
1271020 1780.2
1271030 1780.5
1271040 1780.5
1271050 1780.8
1271060 1781.9
1271070 1781.9
1271080 1783.5
1271090 1784.0
1271100 1784.0
1271110 1783.7
1271120 1783.0
1271130 1783.0
1271140 1781.6
1271150 1779.8
1271160 1779.8
1271170 1778.7
1271180 1777.6
1271190 1777.6
1271200 1777.4
1271210 1778.4
1271220 1785.3
1271230 1785.3
1271240 1785.2
1271250 1785.9
1271260 1785.9
1271270 1789.1
1271280 1791.2
1271290 1791.2
1271300 1793.3
1271310 1795.1
1271320 1795.1
1271330 1796.3
1271340 1797.7
1271350 1797.7
1271360 1800.0
1271370 1801.8
1271380 1801.8
1271390 1804.0
1271400 1808.7
1271410 1808.7
1271420 1815.2
1271430 1820.5
1271440 1823.7
1271450 1823.7
1271460 1827.3
1271470 1828.0
1271480 1828.0
1271490 1828.0
1271500 1827.9
1271510 1827.9
1271520 1827.1
1271530 1826.8
1271540 1826.8
1271550 1828.7
1271560 1830.7
1271570 1830.7
1271580 1833.8
1271590 1834.8
1271600 1834.8
1271610 1836.4
1271620 1840.5
1271630 1845.8
1271640 1845.8
1271650 1849.8
1271660 1852.2
1271670 1852.2
1271680 1853.7
1271690 1857.0
1271700 1857.0
1271710 1861.9
1271720 1865.9
1271730 1865.9
1271740 1869.2
1271750 1871.1
1271760 1871.1
1271770 1871.4
1271780 1873.6
1271790 1873.6
1271800 1875.5
1271810 1881.3
1271820 1881.3
1271830 1885.5
1271840 1888.9
1271850 1891.0
1271860 1891.0
1271870 1894.7
1271880 1897.3
1271890 1897.3
1271900 1900.9
1271910 1903.8
1271920 1903.8
1271930 1904.8
1271940 1906.1
1271950 1906.1
1271960 1908.8
1271970 1911.0
1271980 1911.0
1271990 1912.5
1272000 1914.2
1272010 1914.2
1272020 1916.1
1272030 1921.4
1272040 1921.4
1272050 1931.1
1272060 1941.2
1272070 1947.6
1272080 1947.6
1272090 1952.1
1272100 1955.5
1272110 1955.5
1272120 1958.3
1272130 1961.1
1272140 1961.1
1272150 1963.8
1272160 1966.0
1272170 1966.0
1272180 1966.9
1272190 1965.3
1272200 1965.3
1272210 1960.9
1272220 1956.2
1272230 1956.2
1272240 1953.3
1272250 1949.6
1272260 1949.6
1272270 1944.6
1272280 1941.1
1272290 1936.7
1272300 1936.7
1272310 1930.2
1272320 1922.7
1272330 1922.7
1272340 1917.0
1272350 1911.9
1272360 1911.9
1272370 1906.0
1272380 1900.5
1272390 1900.5
1272400 1895.4
1272410 1898.3
1272420 1898.3
1272430 1893.2
1272440 1887.7
1272450 1887.7
1272460 1883.4
1272470 1879.7
1272480 1879.7
1272490 1875.9
1272500 1871.1
1272510 1866.8
1272520 1866.8
1272530 1862.3
1272540 1858.5
1272550 1858.5
1272560 1854.9
1272570 1850.7
1272580 1850.7
1272590 1847.1
1272600 1843.6
1272610 1843.6
1272620 1839.9
1272630 1836.8
1272640 1836.8
1272650 1832.7
1272660 1829.5
1272670 1829.5
1272680 1827.5
1272690 1824.7
1272700 1824.7
1272710 1821.0
1272720 1816.3
1272730 1808.9
1272740 1808.9
1272750 1806.4
1272760 1812.4
1272770 1812.4
1272780 1819.5
1272790 1825.4
1272800 1825.4
1272810 1832.2
1272820 1839.7
1272830 1839.7
1272840 1847.0
1272850 1854.1
1272860 1854.1
1272870 1859.9
1272880 1865.1
1272890 1865.1
1272900 1869.7
1272910 1873.9
1272920 1873.9
1272930 1877.1
1272940 1879.2
1272950 1881.8
1272960 1881.8
1272970 1885.1
1272980 1887.9
1272990 1887.9
1273000 1890.9
1273010 1895.6
1273020 1895.6
1273030 1899.5
1273040 1903.4
1273050 1903.4
1273060 1907.8
1273070 1913.2
1273080 1913.2
1273090 1918.8
1273100 1924.1
1273110 1924.1
1273120 1929.1
1273130 1933.5
1273140 1933.5
1273150 1936.9
1273160 1939.7
1273170 1942.8
1273180 1942.8
1273190 1945.6
1273200 1949.3
1273210 1949.3
1273220 1953.3
1273230 1957.0
1273240 1957.0
1273250 1960.5
1273260 1963.2
1273270 1963.2
1273280 1965.0
1273290 1966.1
1273300 1966.1
1273310 1968.6
1273320 1972.0
1273330 1972.0
1273340 1975.7
1273350 1978.4
1273360 1978.4
1273370 1980.5
1273380 1983.6
1273390 1986.4
1273400 1986.4
1273410 1986.9
1273420 1986.8
1273430 1986.8
1273440 1987.2
1273450 1987.3
1273460 1987.3
1273470 1988.3
1273480 1990.4
1273490 1990.4
1273500 1993.7
1273510 1996.7
1273520 1996.7
1273530 1998.7
1273540 2001.6
1273550 2001.6
1273560 2005.1
1273570 2007.7
1273580 2007.7
1273590 2009.7
1273600 2012.1
1273610 2017.4
1273620 2017.4
1273630 2018.3
1273640 2019.0
1273650 2019.0
1273660 2018.2
1273670 2018.0
1273680 2018.0
1273690 2018.3
1273700 2017.1
1273710 2017.1
1273720 2016.2
1273730 2015.3
1273740 2015.3
1273750 2016.1
1273760 2017.9
1273770 2017.9
1273780 2018.8
1273790 2017.4
1273800 2017.4
1273810 2017.0
1273820 2019.6
1273830 2024.1
1273840 2024.1
1273850 2027.9
1273860 2029.0
1273870 2029.0
1273880 2030.2
1273890 2032.6
1273900 2032.6
1273910 2033.4
1273920 2033.3
1273930 2033.3
1273940 2032.9
1273950 2032.5
1273960 2032.5
1273970 2032.3
1273980 2033.0
1273990 2033.0
1274000 2034.5
1274010 2034.4
1274020 2034.4
1274030 2036.2
1274040 2038.9
1274050 2044.6
1274060 2044.6
1274070 2049.5
1274080 2051.8
1274090 2051.8
1274100 2050.8
1274110 2048.8
1274120 2048.8
1274130 2045.8
1274140 2042.3
1274150 2042.3
1274160 2041.1
1274170 2040.5
1274180 2040.5
1274190 2040.5
1274200 2039.4
1274210 2041.5
1274220 2038.6
1274230 2036.0
1274240 2034.3
1274250 2034.3
1274260 2033.7
1274270 2033.2
1274280 2033.2
1274290 2032.7
1274300 2032.1
1274310 2032.1
1274320 2031.4
1274330 2031.8
1274340 2031.8
1274350 2032.3
1274360 2032.5
1274370 2032.5
1274380 2031.6
1274390 2029.1
1274400 2029.1
1274410 2026.3
1274420 2024.4
1274430 2024.4
1274440 2023.4
1274450 2022.9
1274460 2021.9
1274470 2021.9
1274480 2021.4
1274490 2020.8
1274500 2020.8
1274510 2019.3
1274520 2017.3
1274530 2017.3
1274540 2013.8
1274550 2008.3
1274560 2008.3
1274570 2002.2
1274580 1997.6
1274590 1997.6
1274600 1996.2
1274610 1996.2
1274620 1996.2
1274630 1995.3
1274640 1994.4
1274650 1994.4
1274660 1993.2
1274670 1990.0
1274680 1986.4
1274690 1986.4
1274700 1983.9
1274710 1981.7
1274720 1981.7
1274730 1979.0
1274740 1975.9
1274750 1975.9
1274760 1972.2
1274770 1968.7
1274780 1968.7
1274790 1964.6
1274800 1961.7
1274810 1963.0
1274820 1959.0
1274830 1953.5
1274840 1953.5
1274850 1947.6
1274860 1943.5
1274870 1943.5
1274880 1941.3
1274890 1939.9
1274900 1941.2
1274910 1941.2
1274920 1942.7
1274930 1942.3
1274940 1942.3
1274950 1939.7
1274960 1935.5
1274970 1935.5
1274980 1931.5
1274990 1931.7
1275000 1931.7
1275010 1932.8
1275020 1932.0
1275030 1932.0
1275040 1929.4
1275050 1924.5
1275060 1924.5
1275070 1918.0
1275080 1911.2
1275090 1911.2
1275100 1905.5
1275110 1901.6
1275120 1896.9
1275130 1896.9
1275140 1892.9
1275150 1889.2
1275160 1889.2
1275170 1886.0
1275180 1882.9
1275190 1882.9
1275200 1878.3
1275210 1873.6
1275220 1873.6
1275230 1868.2
1275240 1864.3
1275250 1864.3
1275260 1863.0
1275270 1860.9
1275280 1860.9
1275290 1857.5
1275300 1854.7
1275310 1854.7
1275320 1850.3
1275330 1844.9
1275340 1840.3
1275350 1840.3
1275360 1837.5
1275370 1834.8
1275380 1834.8
1275390 1832.2
1275400 1829.3
1275410 1829.3
1275420 1825.6
1275430 1821.0
1275440 1821.0
1275450 1817.5
1275460 1814.1
1275470 1814.1
1275480 1811.1
1275490 1809.2
1275500 1809.2
1275510 1806.5
1275520 1804.2
1275530 1804.2
1275540 1802.0
1275550 1799.5
1275560 1796.9
1275570 1796.9
1275580 1793.7
1275590 1790.7
1275600 1790.7
1275610 1788.4
1275620 1786.0
1275630 1786.0
1275640 1782.4
1275650 1777.8
1275660 1777.8
1275670 1773.8
1275680 1769.9
1275690 1769.9
1275700 1766.4
1275710 1763.4
1275720 1763.4
1275730 1760.5
1275740 1757.4
1275750 1757.4
1275760 1754.3
1275770 1750.7
1275780 1747.4
1275790 1747.4
1275800 1745.5
1275810 1743.1
1275820 1743.1
1275830 1740.0
1275840 1736.1
1275850 1736.1
1275860 1730.5
1275870 1724.3
1275880 1724.3
1275890 1718.7
1275900 1714.9
1275910 1714.9
1275920 1711.0
1275930 1707.8
1275940 1707.8
1275950 1706.9
1275960 1705.7
1275970 1705.7
1275980 1703.5
1275990 1700.1
1276000 1694.3
1276010 1694.3
1276020 1687.4
1276030 1683.6
1276040 1683.6
1276050 1678.3
1276060 1672.3
1276070 1672.3
1276080 1666.6
1276090 1662.1
1276100 1662.1
1276110 1657.7
1276120 1653.3
1276130 1653.3
1276140 1649.1
1276150 1645.3
1276160 1645.3
1276170 1641.5
1276180 1637.8
1276190 1637.8
1276200 1634.3
1276210 1630.8
1276220 1627.7
1276230 1627.7
1276240 1622.6
1276250 1617.6
1276260 1617.6
1276270 1613.9
1276280 1610.6
1276290 1610.6
1276300 1606.7
1276310 1602.5
1276320 1602.5
1276330 1598.0
1276340 1594.1
1276350 1594.1
1276360 1590.1
1276370 1584.9
1276380 1584.9
1276390 1578.3
1276400 1572.3
1276410 1572.3
1276420 1567.6
1276430 1563.2
1276440 1558.9
1276450 1558.9
1276460 1554.2
1276470 1550.3
1276480 1550.3
1276490 1546.2
1276500 1541.9
1276510 1541.9
1276520 1537.9
1276530 1533.6
1276540 1533.6
1276550 1528.9
1276560 1524.0
1276570 1524.0
1276580 1519.0
1276590 1513.9
1276600 1513.9
1276610 1509.7
1276620 1506.0
1276630 1506.0
1276640 1502.1
1276650 1496.8
1276660 1490.4
1276670 1490.4
1276680 1483.3
1276690 1475.7
1276700 1475.7
1276710 1471.0
1276720 1467.3
1276730 1467.3
1276740 1464.3
1276750 1461.8
1276760 1461.8
1276770 1459.3
1276780 1456.6
1276790 1456.6
1276800 1453.9
1276810 1450.8
1276820 1450.8
1276830 1447.1
1276840 1443.1
1276850 1439.6
1276860 1439.6
1276870 1436.1
1276880 1432.6
1276890 1432.6
1276900 1429.1
1276910 1425.5
1276920 1425.5
1276930 1422.1
1276940 1418.3
1276950 1418.3
1276960 1414.2
1276970 1410.4
1276980 1410.4
1276990 1407.0
1277000 1403.8
1277010 1403.8
1277020 1401.0
1277030 1398.8
1277040 1398.8
1277050 1397.6
1277060 1395.9
1277070 1394.4
1277080 1394.4
1277090 1393.2
1277100 1391.9
1277110 1391.9
1277120 1390.5
1277130 1389.0
1277140 1389.0
1277150 1387.3
1277160 1385.7
1277170 1385.7
1277180 1383.8
1277190 1381.1
1277200 1381.1
1277210 1378.5
1277220 1376.2
1277230 1376.2
1277240 1374.1
1277250 1372.8
1277260 1372.8
1277270 1371.1
1277280 1369.1
1277290 1367.9
1277300 1367.9
1277310 1367.2
1277320 1366.1
1277330 1366.1
1277340 1361.7
1277350 1356.8
1277360 1356.8
1277370 1354.9
1277380 1352.3
1277390 1352.3
1277400 1347.0
1277410 1341.5
1277420 1341.5
1277430 1335.4
1277440 1331.5
1277450 1331.5
1277460 1328.6
1277470 1326.5
1277480 1326.5
1277490 1325.0
1277500 1324.0
1277510 1322.6
1277520 1322.6
1277530 1320.8
1277540 1319.6
1277550 1319.6
1277560 1319.1
1277570 1318.2
1277580 1318.2
1277590 1316.6
1277600 1315.7
1277610 1315.7
1277620 1314.4
1277630 1312.7
1277640 1312.7
1277650 1310.2
1277660 1309.3
1277670 1309.3
1277680 1312.0
1277690 1315.3
1277700 1315.3
1277710 1318.2
1277720 1321.1
1277730 1323.5
1277740 1323.5
1277750 1325.3
1277760 1325.3
1277770 1325.3
1277780 1322.9
1277790 1322.7
1277800 1322.7
1277810 1324.5
1277820 1325.3
1277830 1325.3
1277840 1322.9
1277850 1320.1
1277860 1320.1
1277870 1319.7
1277880 1318.6
1277890 1318.6
1277900 1319.2
1277910 1320.1
1277920 1320.1
1277930 1320.5
1277940 1320.4
1277950 1320.0
1277960 1320.0
1277970 1317.9
1277980 1313.4
1277990 1313.4
1278000 1310.8
1278010 1308.4
1278020 1308.4
1278030 1306.2
1278040 1304.2
1278050 1304.2
1278060 1302.5
1278070 1301.3
1278080 1301.3
1278090 1300.6
1278100 1301.4
1278110 1301.4
1278120 1302.5
1278130 1301.9
1278140 1301.9
1278150 1300.9
1278160 1300.8
1278170 1300.5
1278180 1300.5
1278190 1300.2
1278200 1301.1
1278210 1301.1
1278220 1303.3
1278230 1304.8
1278240 1304.8
1278250 1303.8
1278260 1302.1
1278270 1302.1
1278280 1300.2
1278290 1297.5
1278300 1297.5
1278310 1294.1
1278320 1289.6
1278330 1289.6
1278340 1285.3
1278350 1281.9
1278360 1281.9
1278370 1278.9
1278380 1276.6
1278390 1274.2
1278400 1274.2
1278410 1268.5
1278420 1261.7
1278430 1261.7
1278440 1255.7
1278450 1251.6
1278460 1251.6
1278470 1247.7
1278480 1246.4
1278490 1246.4
1278500 1244.8
1278510 1238.2
1278520 1238.2
1278530 1221.7
1278540 1210.4
1278550 1210.4
1278560 1204.6
1278570 1199.7
1278580 1199.7
1278590 1198.2
1278600 1198.0
1278610 1194.6
1278620 1194.6
1278630 1186.8
1278640 1182.8
1278650 1182.8
1278660 1168.0
1278670 1147.3
1278680 1147.3
1278690 1130.0
1278700 1120.1
1278710 1120.1
1278720 1111.9
1278730 1105.5
1278740 1105.5
1278750 1102.2
1278760 1102.2
1278770 1102.2
1278780 1102.2
1278790 1101.6
1278800 1101.6
1278810 1101.5
1278820 1101.2
1278830 1100.6
1278840 1100.6
1278850 1100.4
1278860 1100.4
1278870 1100.4
1278880 1100.4
1278890 1100.5
1278900 1100.5
1278910 1100.6
1278920 1100.7
1278930 1100.7
1278940 1100.7
1278950 1100.5
1278960 1100.5
1278970 1100.8
1278980 1100.5
1278990 1100.5
1279000 1100.4
1279010 1100.9
1279020 1100.9
1279030 1101.2
1279040 1101.7
1279050 1102.2
1279060 1102.2
1279070 1102.6
1279080 1103.0
1279090 1102.8
1279100 1103.1
1279110 1103.4
1279120 1103.4
1279130 1103.6
1279140 1103.8
1279150 1103.8
1279160 1103.9
1279170 1104.0
1279180 1104.0
1279190 1104.2
1279200 1104.6
1279210 1104.6
1279220 1104.8
1279230 1104.6
1279240 1105.2
1279250 1105.2
1279260 1105.3
1279270 1105.6
1279280 1105.6
1279290 1106.3
1279300 1106.2
1279310 1106.2
1279320 1106.7
1279330 1107.3
1279340 1107.3
1279350 1107.9
1279360 1108.3
1279370 1108.3
1279380 1108.7
1279390 1109.0
1279400 1109.0
1279410 1109.3
1279420 1109.4
1279430 1109.4
1279440 1109.5
1279450 1109.7
1279460 1110.0
1279470 1110.0
1279480 1110.3
1279490 1110.4
1279500 1110.4
1279510 1110.7
1279520 1111.1
1279530 1111.1
1279540 1111.3
1279550 1111.7
1279560 1111.7
1279570 1112.5
1279580 1113.9
1279590 1113.9
1279600 1116.7
1279610 1119.5
1279620 1119.5
1279630 1122.5
1279640 1126.1
1279650 1126.1
1279660 1128.4
1279670 1128.9
1279680 1130.8
1279690 1130.8
1279700 1132.7
1279710 1129.0
1279720 1129.0
1279730 1131.2
1279740 1133.0
1279750 1133.0
1279760 1134.4
1279770 1135.2
1279780 1135.2
1279790 1135.8
1279800 1136.2
1279810 1136.2
1279820 1136.5
1279830 1136.8
1279840 1136.8
1279850 1137.9
1279860 1139.0
1279870 1139.0
1279880 1140.2
1279890 1141.7
1279900 1143.1
1279910 1143.1
1279920 1144.3
1279930 1145.3
1279940 1145.3
1279950 1145.9
1279960 1146.5
1279970 1146.5
1279980 1147.0
1279990 1147.4
