1260000 1779.6
1260010 1779.6
1260020 1773.6
1260030 1767.7
1260040 1767.7
1260050 1761.9
1260060 1756.4
1260070 1756.4
1260080 1751.0
1260090 1745.8
1260100 1745.8
1260110 1740.4
1260120 1735.0
1260130 1735.0
1260140 1729.3
1260150 1723.7
1260160 1718.7
1260170 1718.7
1260180 1714.5
1260190 1709.0
1260200 1709.0
1260210 1702.9
1260220 1697.5
1260230 1697.5
1260240 1692.0
1260250 1686.4
1260260 1686.4
1260270 1681.7
1260280 1676.9
1260290 1676.9
1260300 1671.9
1260310 1667.0
1260320 1667.0
1260330 1662.1
1260340 1657.1
1260350 1657.1
1260360 1652.6
1260370 1650.3
1260380 1649.1
1260390 1649.1
1260400 1653.5
1260410 1660.2
1260420 1660.2
1260430 1666.6
1260440 1671.2
1260450 1671.2
1260460 1674.5
1260470 1678.4
1260480 1678.4
1260490 1683.1
1260500 1687.7
1260510 1687.7
1260520 1692.5
1260530 1697.0
1260540 1697.0
1260550 1701.0
1260560 1704.2
1260570 1704.2
1260580 1705.8
1260590 1708.3
1260600 1713.3
1260610 1713.3
1260620 1717.6
1260630 1720.3
1260640 1720.3
1260650 1723.3
1260660 1726.5
1260670 1726.5
1260680 1728.9
1260690 1731.1
1260700 1731.1
1260710 1732.3
1260720 1732.7
1260730 1732.7
1260740 1732.6
1260750 1746.1
1260760 1746.1
1260770 1767.2
1260780 1776.6
1260790 1776.6
1260800 1784.4
1260810 1791.6
1260820 1800.3
1260830 1800.3
1260840 1808.1
1260850 1815.9
1260860 1815.9
1260870 1823.0
1260880 1828.8
1260890 1828.8
1260900 1830.7
1260910 1836.5
1260920 1836.5
1260930 1851.8
1260940 1871.6
1260950 1871.6
1260960 1900.2
1260970 1915.6
1260980 1915.6
1260990 1924.3
1261000 1929.3
1261010 1929.3
1261020 1933.1
1261030 1937.8
1261040 1944.8
1261050 1944.8
1261060 1957.8
1261070 1967.3
1261080 1967.3
1261090 1969.4
1261100 1971.3
1261110 1971.3
1261120 1973.0
1261130 1976.1
1261140 1976.1
1261150 1979.4
1261160 1980.9
1261170 1980.9
1261180 1982.0
1261190 1984.3
1261200 1984.3
1261210 1989.6
1261220 1997.5
1261230 1997.5
1261240 2004.9
1261250 2009.3
1261260 2014.3
1261270 2014.3
1261280 2022.2
1261290 2044.2
1261300 2044.2
1261310 2062.9
1261320 2083.1
1261330 2083.1
1261340 2092.0
1261350 2095.2
1261360 2095.2
1261370 2099.6
1261380 2105.7
1261390 2105.7
1261400 2112.9
1261410 2119.3
1261420 2119.3
1261430 2127.0
1261440 2134.8
1261450 2134.8
1261460 2141.4
1261470 2148.1
1261480 2153.5
1261490 2153.5
1261500 2159.8
1261510 2155.7
1261520 2155.7
1261530 2157.7
1261540 2169.6
1261550 2169.6
1261560 2178.4
1261570 2186.6
1261580 2186.6
1261590 2196.6
1261600 2209.7
1261610 2209.7
1261620 2226.5
1261630 2235.7
1261640 2235.7
1261650 2245.7
1261660 2265.1
1261670 2284.9
1261680 2284.9
1261690 2287.9
1261700 2294.3
1261710 2294.3
1261720 2301.8
1261730 2309.6
1261740 2309.6
1261750 2318.2
1261760 2331.8
1261770 2331.8
1261780 2343.8
1261790 2352.4
1261800 2352.4
1261810 2360.6
1261820 2368.2
1261830 2368.2
1261840 2376.3
1261850 2384.3
1261860 2384.3
1261870 2392.2
1261880 2402.6
1261890 2411.0
1261900 2411.0
1261910 2418.3
1261920 2427.0
1261930 2427.0
1261940 2433.9
1261950 2439.8
1261960 2439.8
1261970 2445.4
1261980 2451.4
1261990 2451.4
1262000 2456.8
1262010 2462.6
1262020 2462.6
1262030 2468.9
1262040 2476.5
1262050 2476.5
1262060 2486.1
1262070 2490.0
1262080 2490.0
1262090 2497.0
1262100 2503.0
1262110 2508.3
1262120 2508.3
1262130 2514.0
1262140 2520.2
1262150 2520.2
1262160 2527.3
1262170 2533.9
1262180 2533.9
1262190 2540.3
1262200 2546.1
1262210 2546.1
1262220 2552.5
1262230 2559.0
1262240 2559.0
1262250 2565.0
1262260 2570.7
1262270 2570.7
1262280 2576.0
1262290 2581.4
1262300 2581.4
1262310 2586.9
1262320 2592.2
1262330 2598.4
1262340 2598.4
1262350 2607.0
1262360 2632.1
1262370 2632.1
1262380 2649.0
1262390 2659.6
1262400 2659.6
1262410 2665.9
1262420 2667.6
1262430 2667.6
1262440 2673.4
1262450 2689.4
1262460 2689.4
1262470 2699.4
1262480 2708.2
1262490 2708.2
1262500 2719.6
1262510 2732.7
1262520 2732.7
1262530 2740.2
1262540 2750.8
1262550 2775.0
1262560 2775.0
1262570 2788.4
1262580 2802.7
1262590 2802.7
1262600 2802.9
1262610 2793.8
1262620 2793.8
1262630 2784.1
1262640 2776.7
1262650 2776.7
1262660 2763.7
1262670 2744.2
1262680 2744.2
1262690 2736.2
1262700 2729.8
1262710 2729.8
1262720 2723.6
1262730 2718.3
1262740 2718.3
1262750 2712.9
1262760 2706.2
1262770 2698.5
1262780 2698.5
1262790 2690.0
1262800 2678.5
1262810 2678.5
1262820 2670.5
1262830 2662.9
1262840 2662.9
1262850 2655.8
1262860 2649.7
1262870 2649.7
1262880 2644.2
1262890 2638.1
1262900 2638.1
1262910 2630.7
1262920 2625.1
1262930 2625.1
1262940 2619.4
1262950 2613.3
1262960 2613.3
1262970 2600.2
1262980 2576.0
1262990 2564.8
1263000 2564.8
1263010 2556.6
1263020 2549.8
1263030 2549.8
1263040 2542.3
1263050 2536.8
1263060 2536.8
1263070 2528.4
1263080 2519.7
1263090 2519.7
1263100 2514.1
1263110 2510.2
1263120 2510.2
1263130 2503.2
1263140 2488.0
1263150 2488.0
1263160 2477.5
1263170 2471.9
1263180 2471.9
1263190 2463.9
1263200 2458.7
1263210 2459.3
1263220 2459.3
1263230 2455.3
1263240 2450.8
1263250 2450.8
1263260 2445.1
1263270 2436.1
1263280 2436.1
1263290 2427.3
1263300 2420.0
1263310 2420.0
1263320 2413.6
1263330 2407.8
1263340 2407.8
1263350 2402.2
1263360 2396.4
1263370 2396.4
1263380 2390.5
1263390 2384.2
1263400 2384.2
1263410 2376.0
1263420 2368.1
1263430 2346.0
1263440 2346.0
1263450 2323.9
1263460 2317.0
1263470 2317.0
1263480 2307.7
1263490 2292.3
1263500 2292.3
1263510 2284.2
1263520 2276.1
1263530 2276.1
1263540 2266.3
1263550 2233.9
1263560 2233.9
1263570 2219.1
1263580 2211.6
1263590 2211.6
1263600 2204.8
1263610 2197.8
1263620 2197.8
1263630 2191.1
1263640 2183.5
1263650 2175.4
1263660 2175.4
1263670 2168.1
1263680 2163.9
1263690 2163.9
1263700 2160.9
1263710 2156.5
1263720 2156.5
1263730 2149.8
1263740 2143.3
1263750 2143.3
1263760 2140.9
1263770 2142.9
1263780 2142.9
1263790 2140.1
1263800 2143.1
1263810 2143.1
1263820 2146.5
1263830 2149.5
1263840 2149.5
1263850 2152.2
1263860 2155.2
1263870 2159.5
1263880 2159.5
1263890 2164.7
1263900 2172.0
1263910 2172.0
1263920 2182.3
1263930 2187.0
1263940 2187.0
1263950 2181.3
1263960 2175.9
1263970 2175.9
1263980 2170.7
1263990 2163.7
1264000 2163.7
1264010 2152.8
1264020 2140.8
1264030 2140.8
1264040 2134.4
1264050 2133.8
1264060 2133.8
1264070 2138.7
1264080 2132.1
1264090 2123.8
1264100 2123.8
1264110 2118.8
1264120 2115.6
1264130 2115.6
1264140 2114.0
1264150 2111.1
1264160 2111.1
1264170 2105.5
1264180 2100.4
1264190 2100.4
1264200 2094.6
1264210 2087.7
1264220 2087.7
1264230 2079.7
1264240 2070.7
1264250 2070.7
1264260 2062.1
1264270 2058.5
1264280 2058.5
1264290 2053.3
1264300 2046.8
1264310 2039.5
1264320 2039.5
1264330 2031.0
1264340 2024.7
1264350 2024.7
1264360 2009.8
1264370 1996.8
1264380 1996.8
1264390 1987.1
1264400 1978.9
1264410 1978.9
1264420 1970.7
1264430 1962.6
1264440 1962.6
1264450 1955.2
1264460 1946.5
1264470 1946.5
1264480 1936.1
1264490 1927.4
1264500 1927.4
1264510 1919.3
1264520 1911.4
1264530 1903.1
1264540 1903.1
1264550 1896.0
1264560 1890.2
1264570 1890.2
1264580 1884.9
1264590 1878.5
1264600 1878.5
1264610 1869.6
1264620 1860.7
1264630 1860.7
1264640 1852.5
1264650 1845.5
1264660 1845.5
1264670 1839.6
1264680 1832.9
1264690 1832.9
1264700 1825.9
1264710 1819.5
1264720 1819.5
1264730 1820.7
1264740 1828.0
1264750 1834.5
1264760 1834.5
1264770 1841.9
1264780 1850.2
1264790 1850.2
1264800 1858.0
1264810 1864.5
1264820 1864.5
1264830 1869.8
1264840 1876.6
1264850 1876.6
1264860 1883.5
1264870 1890.3
1264880 1890.3
1264890 1897.1
1264900 1904.3
1264910 1904.3
1264920 1912.5
1264930 1920.8
1264940 1916.1
1264950 1923.5
1264960 1930.7
1264970 1937.1
1264980 1937.1
1264990 1953.8
1265000 1964.0
1265010 1964.0
1265020 1961.8
1265030 1961.6
1265040 1961.6
1265050 1966.9
1265060 1975.1
1265070 1975.1
1265080 1986.7
1265090 1992.1
1265100 1992.1
1265110 1996.5
1265120 2011.5
1265130 2011.5
1265140 2024.7
1265150 2035.2
1265160 2035.2
1265170 2045.0
1265180 2048.3
1265190 2039.7
1265200 2039.7
1265210 2034.0
1265220 2029.5
1265230 2029.5
1265240 2028.5
1265250 2035.7
1265260 2035.7
1265270 2054.7
1265280 2070.8
1265290 2070.8
1265300 2082.7
1265310 2091.1
1265320 2091.1
1265330 2105.9
1265340 2117.6
1265350 2117.6
1265360 2130.2
1265370 2148.0
1265380 2148.0
1265390 2169.7
1265400 2184.3
1265410 2191.3
1265420 2191.3
1265430 2191.5
1265440 2189.5
1265450 2189.5
1265460 2183.9
1265470 2178.7
1265480 2178.7
1265490 2172.6
1265500 2161.1
1265510 2153.2
1265520 2139.9
1265530 2135.1
1265540 2135.1
1265550 2133.8
1265560 2133.9
1265570 2133.9
1265580 2134.0
1265590 2135.2
1265600 2135.2
1265610 2136.3
1265620 2135.6
1265630 2134.4
1265640 2134.4
1265650 2132.0
1265660 2122.6
1265670 2122.6
1265680 2101.7
1265690 2089.5
1265700 2089.5
1265710 2081.6
1265720 2074.3
1265730 2074.3
1265740 2068.5
1265750 2065.7
1265760 2065.7
1265770 2063.8
1265780 2058.9
1265790 2058.9
1265800 2052.2
1265810 2041.3
1265820 2041.3
1265830 2030.3
1265840 2020.8
1265850 2011.9
1265860 2011.9
1265870 2003.8
1265880 1996.6
1265890 1996.6
1265900 1989.1
1265910 1985.0
1265920 1985.0
1265930 1983.1
1265940 1978.7
1265950 1978.7
1265960 1972.1
1265970 1965.2
1265980 1965.2
1265990 1962.2
1266000 1960.8
1266010 1960.8
1266020 1958.6
1266030 1953.4
1266040 1953.4
1266050 1947.6
1266060 1940.0
1266070 1930.2
1266080 1930.2
1266090 1916.4
1266100 1902.2
1266110 1902.2
1266120 1891.3
1266130 1879.4
1266140 1879.4
1266150 1872.7
1266160 1872.0
1266170 1872.0
1266180 1862.3
1266190 1855.2
1266200 1855.2
1266210 1844.8
1266220 1829.6
1266230 1829.6
1266240 1808.1
1266250 1793.8
1266260 1788.5
1266270 1788.5
1266280 1781.5
1266290 1770.5
1266300 1770.5
1266310 1760.9
1266320 1750.3
1266330 1750.3
1266340 1740.5
1266350 1734.6
1266360 1734.6
1266370 1728.0
1266380 1719.9
1266390 1719.9
1266400 1710.5
1266410 1703.7
1266420 1703.7
1266430 1693.8
1266440 1685.9
1266450 1685.9
1266460 1679.6
1266470 1674.6
1266480 1670.7
1266490 1670.7
1266500 1672.0
1266510 1676.7
1266520 1676.7
1266530 1670.3
1266540 1659.4
1266550 1659.4
1266560 1655.4
1266570 1655.0
1266580 1655.0
1266590 1638.1
1266600 1615.5
1266610 1615.5
1266620 1606.9
1266630 1599.9
1266640 1599.9
1266650 1593.1
1266660 1587.5
1266670 1582.7
1266680 1577.5
1266690 1573.2
1266700 1571.1
1266710 1571.1
1266720 1564.3
1266730 1551.1
1266740 1551.1
1266750 1539.7
1266760 1529.1
1266770 1529.1
1266780 1522.1
1266790 1515.0
1266800 1515.0
1266810 1507.6
1266820 1500.4
1266830 1500.4
1266840 1492.6
1266850 1484.5
1266860 1484.5
1266870 1476.2
1266880 1468.3
1266890 1468.3
1266900 1461.9
1266910 1457.6
1266920 1453.0
1266930 1453.0
1266940 1446.9
1266950 1442.6
1266960 1442.6
1266970 1440.2
1266980 1440.9
1266990 1440.9
1267000 1441.7
1267010 1443.3
1267020 1443.3
1267030 1442.8
1267040 1444.4
1267050 1444.4
1267060 1447.5
1267070 1449.8
1267080 1449.8
1267090 1449.5
1267100 1446.4
1267110 1446.4
1267120 1443.1
1267130 1440.3
1267140 1437.6
1267150 1437.6
1267160 1434.9
1267170 1432.2
1267180 1432.2
1267190 1428.7
1267200 1424.7
1267210 1424.7
1267220 1420.3
1267230 1416.4
1267240 1416.4
1267250 1413.1
1267260 1405.4
1267270 1405.4
1267280 1401.6
1267290 1397.4
1267300 1397.4
1267310 1392.5
1267320 1387.3
1267330 1387.3
1267340 1381.8
1267350 1377.5
1267360 1374.2
1267370 1374.2
1267380 1370.3
1267390 1366.3
1267400 1366.3
1267410 1362.3
1267420 1357.3
1267430 1357.3
1267440 1352.9
1267450 1347.0
1267460 1347.0
1267470 1341.1
1267480 1334.9
1267490 1334.9
1267500 1328.2
1267510 1321.5
1267520 1321.5
1267530 1314.8
1267540 1308.6
1267550 1308.6
1267560 1302.4
1267570 1296.1
1267580 1288.7
1267590 1288.7
1267600 1281.4
1267610 1275.6
1267620 1275.6
1267630 1271.1
1267640 1268.7
1267650 1268.7
1267660 1267.0
1267670 1266.3
1267680 1266.3
1267690 1266.4
1267700 1266.0
1267710 1266.0
1267720 1264.9
1267730 1263.1
1267740 1263.1
1267750 1262.0
1267760 1261.6
1267770 1261.6
1267780 1260.1
1267790 1258.4
1267800 1257.0
1267810 1257.0
1267820 1255.6
1267830 1253.9
1267840 1249.7
1267850 1247.5
1267860 1245.2
1267870 1245.2
1267880 1242.6
1267890 1240.7
1267900 1240.7
1267910 1239.1
1267920 1237.0
1267930 1237.0
1267940 1234.7
1267950 1232.4
1267960 1232.4
1267970 1230.7
1267980 1228.6
1267990 1228.6
1268000 1225.4
1268010 1222.3
1268020 1221.1
1268030 1221.1
1268040 1218.5
1268050 1215.3
1268060 1215.3
1268070 1212.4
1268080 1209.3
1268090 1209.3
1268100 1204.4
1268110 1201.8
1268120 1201.8
1268130 1201.4
1268140 1201.5
1268150 1201.5
1268160 1201.4
1268170 1201.3
1268180 1201.3
1268190 1201.2
1268200 1201.1
1268210 1201.1
1268220 1201.1
1268230 1200.0
1268240 1200.2
1268250 1200.2
1268260 1201.0
1268270 1200.7
1268280 1200.7
1268290 1200.5
1268300 1200.5
1268310 1200.5
1268320 1200.4
1268330 1200.3
1268340 1200.3
1268350 1200.2
1268360 1200.0
1268370 1200.0
1268380 1199.9
1268390 1200.0
1268400 1200.0
1268410 1199.9
1268420 1199.8
1268430 1199.8
1268440 1199.7
1268450 1199.5
1268460 1199.4
1268470 1199.4
1268480 1199.6
1268490 1199.6
1268500 1199.6
1268510 1199.5
1268520 1199.4
1268530 1199.4
1268540 1199.4
1268550 1199.6
1268560 1199.6
1268570 1199.0
1268580 1198.6
1268590 1198.6
1268600 1198.6
1268610 1198.7
1268620 1198.7
1268630 1198.7
1268640 1198.6
1268650 1198.6
1268660 1198.5
1268670 1198.3
1268680 1198.1
1268690 1198.1
1268700 1198.3
1268710 1198.5
1268720 1198.5
1268730 1198.6
1268740 1198.6
1268750 1198.6
1268760 1198.6
1268770 1198.6
1268780 1198.6
1268790 1198.8
1268800 1198.9
1268810 1198.9
1268820 1199.1
1268830 1199.3
1268840 1199.3
1268850 1199.5
1268860 1199.7
1268870 1199.7
1268880 1199.9
1268890 1200.0
1268900 1200.1
1268910 1200.1
1268920 1200.2
1268930 1200.4
1268940 1200.4
1268950 1200.6
1268960 1201.0
1268970 1201.0
1268980 1201.5
1268990 1202.1
1269000 1202.1
1269010 1203.6
1269020 1204.7
1269030 1204.7
1269040 1205.3
1269050 1206.2
1269060 1206.2
1269070 1207.8
1269080 1209.6
1269090 1209.6
1269100 1211.3
1269110 1213.2
1269120 1215.5
1269130 1215.5
1269140 1218.3
1269150 1221.1
1269160 1221.1
1269170 1223.8
1269180 1226.5
1269190 1226.5
1269200 1227.9
1269210 1228.4
1269220 1228.4
1269230 1231.0
1269240 1236.2
1269250 1236.2
1269260 1242.8
1269270 1248.4
1269280 1248.4
1269290 1254.2
1269300 1258.9
1269310 1258.9
1269320 1262.2
1269330 1265.0
1269340 1269.1
1269350 1269.1
1269360 1275.6
1269370 1282.2
1269380 1282.2
1269390 1288.7
1269400 1289.1
1269410 1289.1
1269420 1284.2
1269430 1283.8
1269440 1283.8
1269450 1288.1
1269460 1292.9
1269470 1292.9
1269480 1293.9
1269490 1290.4
1269500 1290.4
1269510 1284.2
1269520 1283.9
1269530 1283.9
1269540 1286.0
1269550 1288.6
1269560 1292.4
1269570 1292.4
1269580 1295.2
1269590 1296.7
1269600 1298.9
1269610 1301.3
1269620 1304.7
1269630 1304.7
1269640 1308.2
1269650 1312.5
1269660 1312.5
1269670 1317.2
1269680 1322.2
1269690 1322.2
1269700 1326.9
1269710 1330.8
1269720 1330.8
1269730 1335.0
1269740 1338.6
1269750 1338.6
1269760 1341.7
1269770 1345.4
1269780 1351.4
1269790 1351.4
1269800 1358.6
1269810 1366.1
1269820 1366.1
1269830 1373.8
1269840 1380.5
1269850 1380.5
1269860 1386.0
1269870 1390.6
1269880 1390.6
1269890 1394.7
1269900 1397.3
1269910 1397.3
1269920 1398.3
1269930 1399.2
1269940 1399.2
1269950 1399.5
1269960 1398.1
1269970 1398.1
1269980 1393.8
1269990 1388.1
1270000 1384.6
1270010 1384.6
1270020 1384.9
1270030 1392.3
1270040 1392.3
1270050 1401.1
1270060 1407.7
1270070 1407.7
1270080 1412.1
1270090 1414.6
1270100 1414.6
1270110 1417.5
1270120 1422.5
1270130 1422.5
1270140 1426.5
1270150 1429.8
1270160 1429.8
1270170 1431.8
1270180 1432.2
1270190 1439.0
1270200 1438.9
1270210 1437.5
1270220 1437.6
1270230 1437.6
1270240 1439.3
1270250 1443.1
1270260 1443.1
1270270 1446.1
1270280 1450.6
1270290 1450.6
1270300 1457.5
1270310 1464.6
1270320 1464.6
1270330 1470.9
1270340 1475.2
1270350 1475.2
1270360 1476.7
1270370 1480.8
1270380 1480.8
1270390 1487.3
1270400 1492.5
1270410 1492.5
1270420 1497.3
1270430 1500.6
1270440 1500.2
1270450 1500.2
1270460 1500.9
1270470 1503.2
1270480 1503.2
1270490 1505.2
1270500 1507.8
1270510 1507.8
1270520 1509.1
1270530 1508.7
1270540 1508.7
1270550 1507.8
1270560 1509.3
1270570 1509.3
1270580 1511.8
1270590 1514.3
1270600 1514.3
1270610 1516.5
1270620 1520.2
1270630 1520.2
1270640 1524.2
1270650 1529.4
1270660 1531.8
1270670 1531.8
1270680 1531.7
1270690 1533.2
1270700 1533.2
1270710 1536.9
1270720 1542.4
1270730 1542.4
1270740 1547.6
1270750 1551.3
1270760 1551.3
1270770 1553.5
1270780 1555.9
1270790 1559.9
1270800 1563.2
1270810 1566.3
1270820 1566.3
1270830 1568.6
1270840 1569.6
1270850 1568.9
1270860 1568.9
1270870 1567.5
1270880 1565.1
1270890 1565.1
1270900 1564.1
1270910 1564.0
1270920 1564.0
1270930 1562.8
1270940 1560.3
1270950 1560.3
1270960 1556.7
1270970 1558.7
1270980 1558.7
1270990 1562.8
1271000 1564.4
1271010 1564.4
1271020 1564.0
1271030 1569.0
1271040 1569.0
1271050 1572.5
1271060 1576.6
1271070 1581.6
1271080 1581.6
1271090 1587.0
1271100 1592.0
1271110 1592.0
1271120 1595.1
1271130 1597.8
1271140 1597.8
1271150 1600.6
1271160 1603.0
1271170 1603.0
1271180 1605.2
1271190 1608.1
1271200 1608.1
1271210 1610.7
1271220 1612.9
1271230 1612.9
1271240 1615.1
1271250 1617.4
1271260 1617.4
1271270 1619.2
1271280 1620.3
1271290 1621.3
1271300 1621.3
1271310 1622.6
1271320 1622.5
1271330 1622.5
1271340 1619.5
1271350 1616.6
1271360 1616.6
1271370 1618.0
1271380 1623.8
1271390 1623.8
1271400 1626.7
1271410 1628.9
1271420 1628.9
1271430 1631.1
1271440 1633.9
1271450 1633.9
1271460 1637.5
1271470 1640.2
1271480 1640.2
1271490 1641.6
1271500 1642.4
1271510 1645.0
1271520 1645.0
1271530 1648.2
1271540 1651.3
1271550 1651.3
1271560 1654.3
1271570 1657.4
1271580 1657.4
1271590 1661.1
1271600 1664.9
1271610 1664.9
1271620 1667.8
1271630 1670.0
1271640 1670.0
1271650 1672.6
1271660 1675.9
1271670 1675.9
1271680 1678.9
1271690 1681.0
1271700 1681.0
1271710 1682.1
1271720 1682.4
1271730 1682.2
1271740 1682.2
1271750 1681.3
1271760 1680.4
1271770 1680.4
1271780 1681.7
1271790 1684.0
1271800 1684.0
1271810 1686.7
1271820 1690.3
1271830 1690.3
1271840 1692.8
1271850 1695.1
1271860 1695.1
1271870 1697.8
1271880 1700.9
1271890 1700.9
1271900 1704.0
1271910 1706.3
1271920 1706.3
1271930 1707.9
1271940 1709.4
1271950 1711.2
1271960 1711.2
1271970 1716.0
1271980 1715.8
1271990 1715.8
1272000 1715.2
1272010 1713.8
1272020 1713.8
1272030 1712.4
1272040 1712.1
1272050 1712.1
1272060 1712.4
1272070 1712.7
1272080 1712.7
1272090 1712.5
1272100 1712.5
1272110 1712.5
1272120 1713.7
1272130 1716.3
1272140 1716.3
1272150 1716.6
1272160 1716.1
1272170 1715.5
1272180 1715.5
1272190 1713.4
1272200 1710.4
1272210 1710.4
1272220 1709.3
1272230 1709.3
1272240 1709.3
1272250 1708.6
1272260 1708.0
1272270 1708.0
1272280 1707.1
1272290 1706.7
1272300 1706.7
1272310 1704.2
1272320 1699.9
1272330 1699.9
1272340 1695.8
1272350 1692.1
1272360 1692.1
1272370 1688.3
1272380 1684.9
1272390 1681.5
1272400 1681.5
1272410 1678.4
1272420 1676.7
1272430 1676.7
1272440 1674.0
1272450 1669.0
1272460 1669.0
1272470 1664.4
1272480 1659.7
1272490 1659.7
1272500 1655.5
1272510 1651.2
1272520 1651.2
1272530 1652.1
1272540 1657.3
1272550 1657.3
1272560 1662.2
1272570 1665.0
1272580 1665.0
1272590 1664.9
1272600 1664.7
1272610 1665.4
1272620 1665.4
1272630 1666.3
1272640 1667.1
1272650 1667.1
1272660 1668.6
1272670 1672.3
1272680 1672.3
1272690 1676.2
1272700 1680.8
1272710 1680.8
1272720 1684.3
1272730 1686.4
1272740 1686.4
1272750 1689.4
1272760 1692.5
1272770 1692.5
1272780 1694.9
1272790 1697.1
1272800 1697.1
1272810 1699.3
1272820 1701.1
1272830 1703.1
1272840 1703.1
1272850 1705.9
1272860 1708.6
1272870 1708.6
1272880 1710.4
1272890 1712.5
1272900 1712.5
1272910 1714.7
1272920 1715.3
1272930 1715.3
1272940 1717.0
1272950 1719.2
1272960 1719.2
1272970 1720.8
1272980 1722.5
1272990 1722.5
1273000 1726.2
1273010 1731.1
1273020 1731.1
1273030 1736.0
1273040 1740.0
1273050 1743.2
1273060 1743.2
1273070 1746.3
1273080 1747.9
1273090 1747.9
1273100 1748.3
1273110 1750.8
1273120 1750.8
1273130 1752.6
1273140 1753.8
1273150 1753.8
1273160 1755.6
1273170 1760.3
1273180 1760.3
1273190 1762.2
1273200 1766.3
1273210 1766.3
1273220 1771.0
1273230 1773.7
1273240 1773.7
1273250 1774.9
1273260 1774.6
1273270 1773.1
1273280 1773.1
1273290 1771.2
1273300 1768.8
1273310 1768.8
1273320 1767.8
1273330 1770.1
1273340 1770.1
1273350 1774.1
1273360 1775.8
1273370 1775.8
1273380 1776.0
1273390 1775.7
1273400 1775.7
1273410 1775.2
1273420 1775.0
1273430 1775.0
1273440 1775.4
1273450 1777.0
1273460 1777.0
1273470 1778.3
1273480 1778.6
1273490 1778.7
1273500 1778.7
1273510 1778.1
1273520 1777.4
1273530 1777.4
1273540 1777.0
1273550 1777.3
1273560 1777.3
1273570 1777.5
1273580 1779.5
1273590 1779.5
1273600 1781.3
1273610 1783.7
1273620 1783.7
1273630 1786.9
1273640 1789.1
1273650 1789.1
1273660 1789.4
1273670 1790.2
1273680 1790.2
1273690 1793.5
1273700 1796.4
1273710 1799.1
1273720 1799.1
1273730 1801.6
1273740 1803.3
1273750 1803.3
1273760 1803.8
1273770 1808.1
1273780 1808.1
1273790 1807.8
1273800 1807.0
1273810 1807.0
1273820 1807.0
1273830 1808.4
1273840 1808.4
1273850 1811.7
1273860 1817.3
1273870 1817.3
1273880 1821.8
1273890 1825.5
1273900 1825.5
1273910 1828.4
1273920 1831.7
1273930 1835.2
1273940 1835.2
1273950 1836.5
1273960 1838.3
1273970 1838.3
1273980 1840.4
1273990 1841.5
1274000 1841.5
1274010 1842.0
1274020 1842.3
1274030 1842.3
1274040 1843.9
1274050 1844.1
1274060 1844.1
1274070 1843.8
1274080 1845.4
1274090 1845.4
1274100 1846.6
1274110 1850.0
1274120 1850.0
1274130 1853.2
1274140 1856.0
1274150 1859.1
1274160 1859.1
1274170 1859.6
1274180 1862.1
1274190 1862.1
1274200 1864.6
1274210 1864.5
1274220 1864.5
1274230 1863.8
1274240 1863.8
1274250 1863.8
1274260 1863.8
1274270 1863.0
1274280 1863.0
1274290 1860.2
1274300 1857.8
1274310 1857.8
1274320 1856.7
1274330 1857.2
1274340 1857.2
1274350 1858.1
1274360 1859.3
1274370 1869.3
1274380 1869.3
1274390 1873.7
1274400 1875.2
1274410 1875.2
1274420 1874.7
1274430 1874.3
1274440 1874.3
1274450 1874.2
1274460 1873.4
1274470 1873.4
1274480 1871.4
1274490 1870.6
1274500 1870.6
1274510 1871.9
1274520 1876.8
1274530 1876.8
1274540 1879.1
1274550 1879.3
1274560 1879.3
1274570 1881.1
1274580 1884.3
1274590 1883.9
1274600 1883.9
1274610 1882.7
1274620 1882.7
1274630 1882.7
1274640 1882.9
1274650 1883.4
1274660 1883.4
1274670 1883.8
1274680 1885.0
1274690 1885.0
1274700 1885.6
1274710 1881.6
1274720 1881.6
1274730 1877.9
1274740 1875.2
1274750 1875.2
1274760 1871.9
1274770 1868.0
1274780 1864.2
1274790 1864.2
1274800 1860.2
1274810 1856.6
1274820 1856.6
1274830 1853.4
1274840 1850.3
1274850 1850.3
1274860 1847.0
1274870 1843.2
1274880 1843.2
1274890 1839.2
1274900 1834.6
1274910 1834.6
1274920 1829.6
1274930 1825.7
1274940 1825.7
1274950 1823.1
1274960 1821.2
1274970 1821.2
1274980 1821.7
1274990 1820.0
1275000 1819.0
1275010 1819.0
1275020 1816.9
1275030 1814.3
1275040 1814.3
1275050 1811.7
1275060 1809.6
1275070 1809.6
1275080 1806.9
1275090 1802.7
1275100 1802.7
1275110 1798.6
1275120 1796.8
1275130 1796.8
1275140 1794.8
1275150 1791.2
1275160 1791.2
1275170 1787.4
1275180 1784.6
1275190 1784.6
1275200 1780.3
1275210 1776.9
1275220 1774.5
1275230 1774.5
1275240 1772.9
1275250 1772.6
1275260 1772.6
1275270 1771.6
1275280 1769.4
1275290 1769.4
1275300 1767.7
1275310 1765.4
1275320 1765.4
1275330 1762.0
1275340 1758.5
1275350 1758.5
1275360 1754.7
1275370 1750.4
1275380 1750.4
1275390 1745.8
1275400 1741.9
1275410 1741.9
1275420 1738.4
1275430 1735.8
1275440 1733.5
1275450 1733.5
1275460 1730.3
1275470 1726.6
1275480 1726.6
1275490 1723.8
1275500 1722.4
1275510 1722.4
1275520 1720.7
1275530 1718.8
1275540 1718.8
1275550 1716.8
1275560 1715.0
1275570 1715.0
1275580 1716.6
1275590 1711.9
1275600 1711.9
1275610 1707.6
1275620 1704.1
1275630 1704.1
1275640 1701.6
1275650 1698.3
1275660 1694.6
1275670 1694.6
1275680 1690.5
1275690 1686.7
1275700 1686.7
1275710 1682.9
1275720 1678.4
1275730 1678.4
1275740 1673.8
1275750 1670.6
1275760 1670.6
1275770 1668.6
1275780 1665.5
1275790 1665.5
1275800 1663.5
1275810 1662.1
1275820 1662.1
1275830 1658.8
1275840 1653.8
1275850 1653.8
1275860 1649.1
1275870 1645.8
1275880 1641.3
1275890 1641.3
1275900 1636.7
1275910 1632.6
1275920 1632.6
1275930 1629.7
1275940 1627.2
1275950 1627.2
1275960 1624.4
1275970 1621.7
1275980 1621.7
1275990 1618.8
1276000 1616.6
1276010 1616.6
1276020 1614.5
1276030 1612.6
1276040 1612.6
1276050 1610.4
1276060 1607.0
1276070 1607.0
1276080 1603.1
1276090 1598.6
1276100 1594.7
1276110 1594.7
1276120 1591.6
1276130 1588.2
1276140 1588.2
1276150 1584.0
1276160 1580.0
1276170 1580.0
1276180 1576.0
1276190 1572.9
1276200 1572.9
1276210 1568.7
1276220 1564.4
1276230 1564.4
1276240 1560.2
1276250 1555.9
1276260 1555.9
1276270 1550.8
1276280 1546.0
1276290 1546.0
1276300 1541.6
1276310 1536.8
1276320 1533.0
1276330 1533.0
1276340 1530.2
1276350 1527.2
1276360 1527.2
1276370 1524.8
1276380 1522.2
1276390 1522.2
1276400 1519.3
1276410 1516.6
1276420 1516.6
1276430 1513.6
1276440 1510.5
1276450 1510.5
1276460 1506.9
1276470 1503.8
1276480 1503.8
1276490 1500.0
1276500 1495.4
1276510 1495.4
1276520 1491.3
1276530 1486.3
1276540 1481.0
1276550 1481.0
1276560 1475.4
1276570 1469.9
1276580 1469.9
1276590 1464.9
1276600 1459.7
1276610 1459.7
1276620 1453.8
1276630 1447.5
1276640 1447.5
1276650 1441.1
1276660 1435.8
1276670 1435.8
1276680 1430.7
1276690 1426.9
1276700 1426.9
1276710 1422.7
1276720 1419.1
1276730 1419.1
1276740 1413.7
1276750 1405.5
1276760 1401.6
1276770 1401.6
1276780 1397.5
1276790 1393.1
1276800 1394.3
1276810 1389.6
1276820 1386.5
1276830 1386.5
1276840 1384.1
1276850 1381.7
1276860 1381.7
1276870 1379.2
1276880 1377.3
1276890 1377.3
1276900 1376.2
1276910 1375.6
1276920 1375.6
1276930 1375.3
1276940 1375.3
1276950 1375.3
1276960 1375.3
1276970 1375.3
1276980 1376.4
1276990 1376.4
1277000 1377.6
1277010 1378.7
1277020 1378.7
1277030 1379.6
1277040 1380.5
1277050 1380.5
1277060 1381.5
1277070 1382.4
1277080 1382.4
1277090 1383.7
1277100 1384.9
1277110 1384.9
1277120 1385.3
1277130 1385.8
1277140 1385.8
1277150 1386.3
1277160 1386.9
1277170 1386.9
1277180 1387.5
1277190 1388.2
1277200 1388.8
1277210 1388.8
1277220 1389.6
1277230 1390.2
1277240 1390.2
1277250 1389.6
1277260 1387.9
1277270 1387.9
1277280 1385.6
1277290 1383.4
1277300 1383.4
1277310 1381.2
1277320 1378.9
1277330 1378.9
1277340 1376.6
1277350 1374.6
1277360 1374.6
1277370 1373.1
1277380 1372.3
1277390 1372.3
1277400 1371.2
1277410 1367.5
1277420 1367.2
1277430 1367.2
1277440 1366.8
1277450 1366.4
1277460 1366.4
1277470 1365.8
1277480 1365.3
1277490 1365.3
1277500 1364.9
1277510 1364.6
1277520 1364.6
1277530 1364.1
1277540 1363.3
1277550 1363.3
1277560 1362.3
1277570 1360.8
1277580 1360.8
1277590 1357.8
1277600 1354.8
1277610 1354.8
1277620 1351.2
1277630 1343.3
1277640 1334.2
1277650 1334.2
1277660 1325.9
1277670 1320.4
1277680 1320.4
1277690 1316.7
1277700 1312.9
1277710 1312.9
1277720 1309.3
1277730 1307.3
1277740 1307.3
1277750 1303.0
1277760 1291.6
1277770 1291.6
1277780 1281.4
1277790 1274.0
1277800 1274.0
1277810 1268.3
1277820 1264.2
1277830 1264.2
1277840 1262.5
1277850 1259.3
1277860 1253.2
1277870 1253.2
1277880 1248.2
1277890 1243.4
1277900 1243.4
1277910 1238.2
1277920 1235.5
1277930 1235.5
1277940 1233.4
1277950 1230.8
1277960 1230.8
1277970 1227.3
1277980 1223.8
1277990 1223.8
1278000 1220.2
1278010 1216.8
1278020 1216.8
1278030 1213.5
1278040 1209.1
1278050 1209.1
1278060 1204.4
1278070 1199.6
1278080 1195.1
1278090 1195.1
1278100 1191.9
1278110 1188.0
1278120 1188.0
1278130 1183.5
1278140 1179.4
1278150 1179.4
1278160 1176.2
1278170 1173.9
1278180 1173.9
1278190 1172.8
1278200 1169.4
1278210 1169.4
1278220 1165.2
1278230 1160.1
1278240 1160.1
1278250 1157.0
1278260 1153.6
1278270 1153.6
1278280 1149.3
1278290 1148.1
1278300 1147.7
1278310 1147.7
1278320 1149.8
1278330 1153.3
1278340 1153.3
1278350 1155.2
1278360 1155.6
1278370 1155.6
1278380 1152.9
1278390 1142.8
1278400 1142.8
1278410 1126.0
1278420 1110.3
1278430 1110.3
1278440 1102.3
1278450 1094.9
1278460 1094.9
1278470 1093.0
1278480 1091.4
1278490 1091.3
1278500 1091.3
1278510 1090.5
1278520 1090.7
1278530 1090.7
1278540 1090.8
1278550 1090.3
1278560 1090.3
1278570 1086.6
1278580 1087.2
1278590 1087.2
1278600 1090.2
1278610 1091.0
1278620 1091.0
1278630 1094.2
1278640 1099.2
1278650 1099.2
1278660 1105.3
1278670 1110.6
1278680 1110.6
1278690 1112.3
1278700 1116.4
1278710 1124.1
1278720 1124.1
1278730 1132.1
1278740 1135.7
1278750 1135.7
1278760 1137.2
1278770 1141.0
1278780 1141.0
1278790 1146.3
1278800 1151.6
1278810 1151.6
1278820 1156.5
1278830 1159.2
1278840 1159.2
1278850 1162.6
1278860 1167.8
1278870 1167.8
1278880 1173.9
1278890 1180.5
1278900 1180.5
1278910 1187.8
1278920 1195.3
1278930 1200.8
1278940 1200.8
1278950 1206.9
1278960 1213.3
1278970 1213.3
1278980 1220.4
1278990 1227.7
1279000 1227.7
1279010 1233.9
1279020 1240.2
1279030 1240.2
1279040 1246.9
1279050 1253.6
1279060 1253.6
1279070 1260.0
1279080 1266.0
1279090 1266.0
1279100 1270.7
1279110 1276.4
1279120 1276.4
1279130 1282.7
1279140 1289.7
1279150 1296.8
1279160 1296.8
1279170 1304.6
1279180 1312.2
1279190 1312.2
1279200 1318.3
1279210 1325.0
1279220 1325.0
1279230 1331.7
1279240 1338.7
1279250 1338.7
1279260 1346.9
1279270 1354.8
1279280 1354.8
1279290 1362.1
1279300 1369.0
1279310 1369.0
1279320 1375.9
1279330 1382.7
1279340 1382.7
1279350 1389.2
1279360 1394.9
1279370 1400.3
1279380 1400.3
1279390 1404.8
1279400 1407.6
1279410 1407.6
1279420 1409.2
1279430 1411.6
1279440 1411.6
1279450 1416.2
1279460 1421.1
1279470 1421.1
1279480 1426.4
1279490 1432.4
1279500 1432.4
1279510 1438.6
1279520 1444.4
1279530 1444.4
1279540 1449.5
1279550 1453.5
1279560 1453.5
1279570 1457.9
1279580 1462.1
1279590 1466.1
1279600 1466.1
1279610 1469.0
1279620 1471.8
1279630 1471.8
1279640 1474.9
1279650 1477.9
1279660 1477.9
1279670 1480.3
1279680 1481.6
1279690 1481.6
1279700 1482.8
1279710 1484.6
1279720 1484.6
1279730 1486.9
1279740 1488.9
1279750 1488.9
1279760 1489.6
1279770 1485.1
1279780 1485.1
1279790 1478.0
1279800 1490.7
1279810 1483.3
1279820 1483.3
1279830 1451.9
1279840 1430.0
1279850 1430.0
1279860 1418.6
1279870 1408.2
1279880 1393.0
1279890 1392.0
1279900 1391.2
1279910 1391.2
1279920 1390.8
1279930 1391.4
1279940 1391.4
1279950 1393.3
1279960 1395.4
1279970 1395.4
1279980 1398.0
1279990 1401.6
1260000 1779
1260010 1774
1260020 1770
1260030 1766
1260040 1762
1260050 1758
1260060 1755
1260070 1751
1260080 1747
1260090 1744
1260100 1741
1260110 1737
1260120 1734
1260130 1730
1260140 1726
1260150 1723
1260160 1719
1260170 1716
1260180 1713
1260190 1710
1260200 1706
1260210 1702
1260220 1699
1260230 1695
1260240 1691
1260250 1687
1260260 1684
1260270 1681
1260280 1678
1260290 1674
1260300 1671
1260310 1668
1260320 1665
1260330 1662
1260340 1658
1260350 1654
1260360 1652
1260370 1650
1260380 1648
1260390 1649
1260400 1651
1260410 1656
1260420 1660
1260430 1663
1260440 1666
1260450 1669
1260460 1672
1260470 1675
1260480 1678
1260490 1682
1260500 1685
1260510 1688
1260520 1691
1260530 1695
1260540 1697
1260550 1700
1260560 1702
1260570 1703
1260580 1705
1260590 1707
1260600 1710
1260610 1713
1260620 1716
1260630 1718
1260640 1720
1260650 1722
1260660 1724
1260670 1726
1260680 1728
1260690 1729
1260700 1730
1260710 1731
1260720 1731
1260730 1732
1260740 1733
1260750 1738
1260760 1758
1260770 1769
1260780 1775
1260790 1781
1260800 1786
1260810 1791
1260820 1797
1260830 1803
1260840 1808
1260850 1813
1260860 1818
1260870 1823
1260880 1828
1260890 1830
1260900 1832
1260910 1835
1260920 1841
1260930 1848
1260940 1857
1260950 1873
1260960 1891
1260970 1909
1260980 1919
1260990 1925
1261000 1929
1261010 1931
1261020 1933
1261030 1937
1261040 1941
1261050 1946
1261060 1953
1261070 1963
1261080 1966
1261090 1967
1261100 1969
1261110 1970
1261120 1972
1261130 1974
1261140 1976
1261150 1977
1261160 1978
1261170 1979
1261180 1980
1261190 1983
1261200 1986
1261210 1991
1261220 1996
1261230 2002
1261240 2005
1261250 2008
1261260 2011
1261270 2015
1261280 2023
1261290 2037
1261300 2050
1261310 2065
1261320 2081
1261330 2088
1261340 2092
1261350 2094
1261360 2096
1261370 2100
1261380 2104
1261390 2109
1261400 2114
1261410 2118
1261420 2123
1261430 2128
1261440 2134
1261450 2139
1261460 2143
1261470 2148
1261480 2153
1261490 2153
1261500 2151
1261510 2146
1261520 2151
1261530 2159
1261540 2168
1261550 2175
1261560 2180
1261570 2185
1261580 2191
1261590 2199
1261600 2208
1261610 2219
1261620 2228
1261630 2236
1261640 2242
1261650 2254
1261660 2269
1261670 2286
1261680 2291
1261690 2292
1261700 2294
1261710 2299
1261720 2304
1261730 2307
1261740 2313
1261750 2319
1261760 2326
1261770 2336
1261780 2343
1261790 2349
1261800 2355
1261810 2360
1261820 2366
1261830 2371
1261840 2377
1261850 2383
1261860 2388
1261870 2394
1261880 2400
1261890 2407
1261900 2412
1261910 2417
1261920 2424
1261930 2429
1261940 2433
1261950 2437
1261960 2441
1261970 2445
1261980 2449
1261990 2453
1262000 2456
1262010 2460
1262020 2464
1262030 2468
1262040 2473
1262050 2480
1262060 2487
1262070 2492
1262080 2498
1262090 2503
1262100 2506
1262110 2510
1262120 2513
1262130 2517
1262140 2521
1262150 2525
1262160 2529
1262170 2534
1262180 2538
1262190 2542
1262200 2546
1262210 2551
1262220 2555
1262230 2559
1262240 2563
1262250 2567
1262260 2572
1262270 2576
1262280 2579
1262290 2582
1262300 2586
1262310 2589
1262320 2593
1262330 2596
1262340 2600
1262350 2606
1262360 2616
1262370 2633
1262380 2646
1262390 2656
1262400 2662
1262410 2665
1262420 2665
1262430 2668
1262440 2673
1262450 2681
1262460 2693
1262470 2701
1262480 2706
1262490 2713
1262500 2722
1262510 2730
1262520 2736
1262530 2744
1262540 2754
1262550 2770
1262560 2779
1262570 2787
1262580 2796
1262590 2802
1262600 2803
1262610 2797
1262620 2790
1262630 2783
1262640 2777
1262650 2769
1262660 2758
1262670 2744
1262680 2739
1262690 2734
1262700 2730
1262710 2725
1262720 2721
1262730 2718
1262740 2714
1262750 2710
1262760 2706
1262770 2701
1262780 2696
1262790 2689
1262800 2681
1262810 2675
1262820 2669
1262830 2664
1262840 2659
1262850 2654
1262860 2649
1262870 2645
1262880 2641
1262890 2637
1262900 2632
1262910 2628
1262920 2624
1262930 2620
1262940 2617
1262950 2613
1262960 2608
1262970 2590
1262980 2574
1262990 2567
1263000 2561
1263010 2556
1263020 2553
1263030 2546
1263040 2541
1263050 2538
1263060 2533
1263070 2527
1263080 2521
1263090 2517
1263100 2514
1263110 2511
1263120 2507
1263130 2500
1263140 2491
1263150 2482
1263160 2477
1263170 2473
1263180 2468
1263190 2463
1263200 2460
1263210 2456
1263220 2454
1263230 2451
1263240 2448
1263250 2445
1263260 2441
1263270 2436
1263280 2432
1263290 2427
1263300 2422
1263310 2417
1263320 2412
1263330 2407
1263340 2402
1263350 2398
1263360 2394
1263370 2390
1263380 2387
1263390 2383
1263400 2377
1263410 2371
1263420 2365
1263430 2356
1263440 2335
1263450 2321
1263460 2316
1263470 2313
1263480 2305
1263490 2292
1263500 2287
1263510 2282
1263520 2278
1263530 2271
1263540 2254
1263550 2234
1263560 2225
1263570 2218
1263580 2213
1263590 2208
1263600 2203
1263610 2198
1263620 2194
1263630 2189
1263640 2184
1263650 2178
1263660 2173
1263670 2168
1263680 2164
1263690 2162
1263700 2159
1263710 2157
1263720 2153
1263730 2149
1263740 2144
1263750 2140
1263760 2139
1263770 2140
1263780 2143
1263790 2145
1263800 2147
1263810 2149
1263820 2151
1263830 2153
1263840 2154
1263850 2156
1263860 2158
1263870 2160
1263880 2164
1263890 2167
1263900 2172
1263910 2180
1263920 2186
1263930 2191
1263940 2187
1263950 2183
1263960 2179
1263970 2175
1263980 2172
1263990 2167
1264000 2160
1264010 2153
1264020 2146
1264030 2140
1264040 2137
1264050 2136
1264060 2140
1264070 2139
1264080 2134
1264090 2128
1264100 2123
1264110 2120
1264120 2118
1264130 2117
1264140 2115
1264150 2114
1264160 2110
1264170 2105
1264180 2101
1264190 2098
1264200 2094
1264210 2089
1264220 2083
1264230 2077
1264240 2071
1264250 2064
1264260 2060
1264270 2057
1264280 2055
1264290 2051
1264300 2046
1264310 2041
1264320 2035
1264330 2030
1264340 2025
1264350 2021
1264360 2013
1264370 2003
1264380 1993
1264390 1986
1264400 1980
1264410 1974
1264420 1969
1264430 1963
1264440 1957
1264450 1953
1264460 1948
1264470 1941
1264480 1934
1264490 1927
1264500 1922
1264510 1917
1264520 1911
1264530 1906
1264540 1901
1264550 1897
1264560 1893
1264570 1889
1264580 1885
1264590 1881
1264600 1875
1264610 1869
1264620 1863
1264630 1857
1264640 1852
1264650 1847
1264660 1843
1264670 1839
1264680 1834
1264690 1829
1264700 1824
1264710 1820
1264720 1818
1264730 1822
1264740 1827
1264750 1832
1264760 1836
1264770 1841
1264780 1847
1264790 1852
1264800 1857
1264810 1862
1264820 1865
1264830 1869
1264840 1874
1264850 1879
1264860 1884
1264870 1888
1264880 1893
1264890 1898
1264900 1903
1264910 1908
1264920 1913
1264930 1919
1264940 1924
1264950 1928
1264960 1933
1264970 1938
1264980 1946
1264990 1954
1265000 1961
1265010 1966
1265020 1966
1265030 1965
1265040 1967
1265050 1971
1265060 1976
1265070 1985
1265080 1992
1265090 1997
1265100 1996
1265110 2000
1265120 2007
1265130 2018
1265140 2025
1265150 2033
1265160 2042
1265170 2049
1265180 2049
1265190 2044
1265200 2040
1265210 2036
1265220 2033
1265230 2030
1265240 2030
1265250 2033
1265260 2042
1265270 2054
1265280 2066
1265290 2076
1265300 2084
1265310 2092
1265320 2098
1265330 2108
1265340 2118
1265350 2127
1265360 2133
1265370 2145
1265380 2162
1265390 2173
1265400 2182
1265410 2190
1265420 2191
1265430 2191
1265440 2189
1265450 2187
1265460 2182
1265470 2176
1265480 2176
1265490 2170
1265500 2162
1265510 2154
1265520 2146
1265530 2141
1265540 2138
1265550 2138
1265560 2137
1265570 2138
1265580 2138
1265590 2138
1265600 2138
1265610 2138
1265620 2137
1265630 2136
1265640 2133
1265650 2130
1265660 2125
1265670 2112
1265680 2101
1265690 2092
1265700 2087
1265710 2082
1265720 2077
1265730 2073
1265740 2070
1265750 2069
1265760 2068
1265770 2065
1265780 2062
1265790 2058
1265800 2050
1265810 2042
1265820 2035
1265830 2028
1265840 2021
1265850 2015
1265860 2009
1265870 2004
1265880 1999
1265890 1994
1265900 1989
1265910 1985
1265920 1985
1265930 1983
1265940 1980
1265950 1977
1265960 1970
1265970 1965
1265980 1963
1265990 1961
1266000 1960
1266010 1960
1266020 1956
1266030 1953
1266040 1949
1266050 1944
1266060 1939
1266070 1933
1266080 1926
1266090 1917
1266100 1907
1266110 1901
1266120 1894
1266130 1887
1266140 1882
1266150 1881
1266160 1878
1266170 1870
1266180 1864
1266190 1859
1266200 1854
1266210 1845
1266220 1835
1266230 1824
1266240 1807
1266250 1797
1266260 1793
1266270 1790
1266280 1784
1266290 1778
1266300 1771
1266310 1763
1266320 1756
1266330 1747
1266340 1742
1266350 1737
1266360 1731
1266370 1726
1266380 1720
1266390 1714
1266400 1708
1266410 1702
1266420 1697
1266430 1692
1266440 1687
1266450 1682
1266460 1679
1266470 1675
1266480 1672
1266490 1670
1266500 1672
1266510 1676
1266520 1675
1266530 1669
1266540 1662
1266550 1656
1266560 1654
1266570 1653
1266580 1648
1266590 1632
1266600 1617
1266610 1610
1266620 1605
1266630 1600
1266640 1595
1266650 1590
1266660 1587
1266670 1583
1266680 1580
1266690 1578
1266700 1575
1266710 1572
1266720 1566
1266730 1558
1266740 1548
1266750 1540
1266760 1533
1266770 1528
1266780 1523
1266790 1518
1266800 1513
1266810 1508
1266820 1504
1266830 1498
1266840 1493
1266850 1486
1266860 1479
1266870 1473
1266880 1468
1266890 1464
1266900 1461
1266910 1458
1266920 1455
1266930 1451
1266940 1447
1266950 1445
1266960 1442
1266970 1442
1266980 1442
1266990 1443
1267000 1443
1267010 1443
1267020 1444
1267030 1444
1267040 1444
1267050 1446
1267060 1448
1267070 1450
1267080 1450
1267090 1449
1267100 1447
1267110 1444
1267120 1442
1267130 1440
1267140 1438
1267150 1436
1267160 1434
1267170 1432
1267180 1430
1267190 1428
1267200 1425
1267210 1422
1267220 1419
1267230 1416
1267240 1414
1267250 1411
1267260 1409
1267270 1407
1267280 1404
1267290 1400
1267300 1397
1267310 1393
1267320 1389
1267330 1385
1267340 1382
1267350 1379
1267360 1377
1267370 1374
1267380 1371
1267390 1369
1267400 1366
1267410 1363
1267420 1360
1267430 1356
1267440 1353
1267450 1350
1267460 1346
1267470 1341
1267480 1337
1267490 1332
1267500 1328
1267510 1324
1267520 1319
1267530 1314
1267540 1310
1267550 1306
1267560 1301
1267570 1297
1267580 1292
1267590 1287
1267600 1282
1267610 1278
1267620 1275
1267630 1272
1267640 1269
1267650 1268
1267660 1267
1267670 1266
1267680 1266
1267690 1266
1267700 1266
1267710 1265
1267720 1264
1267730 1263
1267740 1262
1267750 1261
1267760 1261
1267770 1260
1267780 1259
1267790 1257
1267800 1257
1267810 1255
1267820 1254
1267830 1253
1267840 1252
1267850 1250
1267860 1248
1267870 1246
1267880 1245
1267890 1243
1267900 1242
1267910 1241
1267920 1239
1267930 1238
1267940 1236
1267950 1235
1267960 1233
1267970 1232
1267980 1230
1267990 1229
1268000 1226
1268010 1224
1268020 1221
1268030 1221
1268040 1219
1268050 1217
1268060 1214
1268070 1213
1268080 1211
1268090 1209
1268100 1205
1268110 1203
1268120 1201
1268130 1201
1268140 1201
1268150 1201
1268160 1201
1268170 1201
1268180 1201
1268190 1201
1268200 1201
1268210 1201
1268220 1200
1268230 1200
1268240 1200
1268250 1200
1268260 1200
1268270 1200
1268280 1200
1268290 1200
1268300 1200
1268310 1200
1268320 1200
1268330 1200
1268340 1200
1268350 1200
1268360 1200
1268370 1199
1268380 1200
1268390 1200
1268400 1200
1268410 1199
1268420 1199
1268430 1199
1268440 1199
1268450 1199
1268460 1199
1268470 1199
1268480 1199
1268490 1199
1268500 1199
1268510 1199
1268520 1199
1268530 1199
1268540 1199
1268550 1199
1268560 1199
1268570 1199
1268580 1198
1268590 1198
1268600 1198
1268610 1198
1268620 1198
1268630 1198
1268640 1198
1268650 1198
1268660 1198
1268670 1198
1268680 1198
1268690 1198
1268700 1198
1268710 1198
1268720 1198
1268730 1198
1268740 1198
1268750 1198
1268760 1198
1268770 1198
1268780 1198
1268790 1198
1268800 1198
1268810 1199
1268820 1199
1268830 1199
1268840 1199
1268850 1199
1268860 1199
1268870 1199
1268880 1199
1268890 1200
1268900 1200
1268910 1200
1268920 1200
1268930 1200
1268940 1200
1268950 1200
1268960 1200
1268970 1201
1268980 1201
1268990 1202
1269000 1202
1269010 1203
1269020 1204
1269030 1204
1269040 1205
1269050 1205
1269060 1206
1269070 1207
1269080 1208
1269090 1209
1269100 1210
1269110 1212
1269120 1213
1269130 1215
1269140 1217
1269150 1219
1269160 1221
1269170 1223
1269180 1224
1269190 1226
1269200 1226
1269210 1227
1269220 1228
1269230 1232
1269240 1235
1269250 1238
1269260 1243
1269270 1246
1269280 1249
1269290 1253
1269300 1256
1269310 1259
1269320 1261
1269330 1263
1269340 1266
1269350 1270
1269360 1275
1269370 1280
1269380 1284
1269390 1288
1269400 1289
1269410 1287
1269420 1283
1269430 1283
1269440 1285
1269450 1288
1269460 1291
1269470 1294
1269480 1293
1269490 1290
1269500 1287
1269510 1284
1269520 1284
1269530 1285
1269540 1287
1269550 1289
1269560 1291
1269570 1294
1269580 1295
1269590 1296
1269600 1298
1269610 1299
1269620 1300
1269630 1303
1269640 1305
1269650 1308
1269660 1311
1269670 1314
1269680 1318
1269690 1321
1269700 1324
1269710 1327
1269720 1330
1269730 1332
1269740 1334
1269750 1336
1269760 1339
1269770 1342
1269780 1347
1269790 1351
1269800 1356
1269810 1362
1269820 1367
1269830 1372
1269840 1377
1269850 1381
1269860 1384
1269870 1387
1269880 1390
1269890 1393
1269900 1395
1269910 1396
1269920 1397
1269930 1397
1269940 1398
1269950 1398
1269960 1397
1269970 1394
1269980 1391
1269990 1387
1270000 1384
1270010 1383
1270020 1385
1270030 1389
1270040 1395
1270050 1401
1270060 1406
1270070 1409
1270080 1412
1270090 1414
1270100 1416
1270110 1418
1270120 1421
1270130 1425
1270140 1427
1270150 1430
1270160 1432
1270170 1432
1270180 1433
1270190 1433
1270200 1433
1270210 1432
1270220 1432
1270230 1432
1270240 1434
1270250 1437
1270260 1440
1270270 1442
1270280 1446
1270290 1450
1270300 1456
1270310 1461
1270320 1465
1270330 1469
1270340 1472
1270350 1473
1270360 1474
1270370 1478
1270380 1482
1270390 1487
1270400 1490
1270410 1493
1270420 1496
1270430 1498
1270440 1498
1270450 1497
1270460 1499
1270470 1500
1270480 1502
1270490 1504
1270500 1506
1270510 1507
1270520 1508
1270530 1508
1270540 1507
1270550 1507
1270560 1508
1270570 1510
1270580 1511
1270590 1513
1270600 1515
1270610 1516
1270620 1519
1270630 1522
1270640 1525
1270650 1529
1270660 1531
1270670 1532
1270680 1532
1270690 1532
1270700 1534
1270710 1537
1270720 1541
1270730 1544
1270740 1548
1270750 1551
1270760 1553
1270770 1554
1270780 1556
1270790 1558
1270800 1560
1270810 1562
1270820 1564
1270830 1566
1270840 1567
1270850 1567
1270860 1566
1270870 1565
1270880 1564
1270890 1562
1270900 1561
1270910 1561
1270920 1560
1270930 1560
1270940 1558
1270950 1555
1270960 1554
1270970 1556
1270980 1559
1270990 1561
1271000 1561
1271010 1562
1271020 1564
1271030 1567
1271040 1570
1271050 1572
1271060 1575
1271070 1578
1271080 1582
1271090 1586
1271100 1589
1271110 1592
1271120 1594
1271130 1596
1271140 1598
1271150 1599
1271160 1601
1271170 1603
1271180 1605
1271190 1607
1271200 1609
1271210 1610
1271220 1612
1271230 1613
1271240 1615
1271250 1617
1271260 1618
1271270 1619
1271280 1620
1271290 1621
1271300 1622
1271310 1623
1271320 1623
1271330 1622
1271340 1620
1271350 1618
1271360 1617
1271370 1618
1271380 1621
1271390 1623
1271400 1624
1271410 1626
1271420 1627
1271430 1629
1271440 1631
1271450 1633
1271460 1635
1271470 1637
1271480 1638
1271490 1639
1271500 1640
1271510 1642
1271520 1644
1271530 1646
1271540 1648
1271550 1650
1271560 1652
1271570 1654
1271580 1657
1271590 1659
1271600 1662
1271610 1664
1271620 1666
1271630 1668
1271640 1669
1271650 1671
1271660 1674
1271670 1676
1271680 1678
1271690 1679
1271700 1680
1271710 1681
1271720 1681
1271730 1681
1271740 1681
1271750 1680
1271760 1680
1271770 1680
1271780 1681
1271790 1682
1271800 1684
1271810 1686
1271820 1689
1271830 1691
1271840 1693
1271850 1694
1271860 1696
1271870 1698
1271880 1700
1271890 1702
1271900 1705
1271910 1706
1271920 1707
1271930 1709
1271940 1710
1271950 1711
1271960 1712
1271970 1712
1271980 1712
1271990 1712
1272000 1712
1272010 1711
1272020 1711
1272030 1710
1272040 1709
1272050 1709
1272060 1709
1272070 1710
1272080 1710
1272090 1710
1272100 1710
1272110 1710
1272120 1712
1272130 1714
1272140 1714
1272150 1714
1272160 1714
1272170 1713
1272180 1713
1272190 1711
1272200 1709
1272210 1707
1272220 1707
1272230 1707
1272240 1707
1272250 1707
1272260 1706
1272270 1706
1272280 1706
1272290 1706
1272300 1705
1272310 1702
1272320 1699
1272330 1697
1272340 1694
1272350 1692
1272360 1689
1272370 1687
1272380 1684
1272390 1682
1272400 1680
1272410 1678
1272420 1676
1272430 1675
1272440 1673
1272450 1670
1272460 1667
1272470 1664
1272480 1661
1272490 1658
1272500 1655
1272510 1652
1272520 1651
1272530 1653
1272540 1656
1272550 1660
1272560 1663
1272570 1664
1272580 1664
1272590 1663
1272600 1663
1272610 1663
1272620 1664
1272630 1664
1272640 1665
1272650 1666
1272660 1668
1272670 1670
1272680 1672
1272690 1675
1272700 1678
1272710 1681
1272720 1683
1272730 1685
1272740 1686
1272750 1688
1272760 1691
1272770 1693
1272780 1694
1272790 1696
1272800 1697
1272810 1699
1272820 1700
1272830 1701
1272840 1703
1272850 1705
1272860 1707
1272870 1709
1272880 1710
1272890 1711
1272900 1713
1272910 1714
1272920 1714
1272930 1715
1272940 1717
1272950 1718
1272960 1720
1272970 1720
1272980 1721
1272990 1723
1273000 1727
1273010 1730
1273020 1734
1273030 1737
1273040 1739
1273050 1741
1273060 1743
1273070 1746
1273080 1747
1273090 1747
1273100 1748
1273110 1750
1273120 1751
1273130 1753
1273140 1753
1273150 1754
1273160 1756
1273170 1757
1273180 1758
1273190 1760
1273200 1762
1273210 1764
1273220 1767
1273230 1768
1273240 1770
1273250 1771
1273260 1770
1273270 1770
1273280 1770
1273290 1768
1273300 1766
1273310 1764
1273320 1764
1273330 1766
1273340 1768
1273350 1771
1273360 1772
1273370 1773
1273380 1774
1273390 1774
1273400 1774
1273410 1774
1273420 1773
1273430 1774
1273440 1774
1273450 1776
1273460 1777
1273470 1777
1273480 1778
1273490 1778
1273500 1778
1273510 1777
1273520 1776
1273530 1776
1273540 1776
1273550 1776
1273560 1777
1273570 1777
1273580 1778
1273590 1780
1273600 1781
1273610 1782
1273620 1784
1273630 1787
1273640 1788
1273650 1789
1273660 1788
1273670 1790
1273680 1792
1273690 1795
1273700 1796
1273710 1798
1273720 1800
1273730 1802
1273740 1803
1273750 1804
1273760 1804
1273770 1804
1273780 1805
1273790 1805
1273800 1804
1273810 1804
1273820 1804
1273830 1805
1273840 1806
1273850 1809
1273860 1813
1273870 1816
1273880 1819
1273890 1821
1273900 1823
1273910 1824
1273920 1828
1273930 1830
1273940 1832
1273950 1833
1273960 1835
1273970 1837
1273980 1838
1273990 1839
1274000 1840
1274010 1839
1274020 1840
1274030 1841
1274040 1843
1274050 1842
1274060 1842
1274070 1843
1274080 1844
1274090 1845
1274100 1846
1274110 1849
1274120 1851
1274130 1853
1274140 1855
1274150 1857
1274160 1859
1274170 1859
1274180 1860
1274190 1862
1274200 1864
1274210 1864
1274220 1864
1274230 1863
1274240 1863
1274250 1863
1274260 1864
1274270 1863
1274280 1861
1274290 1859
1274300 1858
1274310 1857
1274320 1856
1274330 1857
1274340 1858
1274350 1858
1274360 1860
1274370 1862
1274380 1866
1274390 1870
1274400 1872
1274410 1872
1274420 1872
1274430 1872
1274440 1873
1274450 1873
1274460 1872
1274470 1871
1274480 1869
1274490 1869
1274500 1869
1274510 1870
1274520 1873
1274530 1876
1274540 1878
1274550 1878
1274560 1879
1274570 1880
1274580 1883
1274590 1883
1274600 1882
1274610 1881
1274620 1881
1274630 1881
1274640 1881
1274650 1882
1274660 1882
1274670 1882
1274680 1883
1274690 1884
1274700 1884
1274710 1881
1274720 1878
1274730 1876
1274740 1874
1274750 1872
1274760 1870
1274770 1868
1274780 1865
1274790 1862
1274800 1860
1274810 1857
1274820 1855
1274830 1853
1274840 1851
1274850 1849
1274860 1846
1274870 1844
1274880 1841
1274890 1838
1274900 1835
1274910 1832
1274920 1829
1274930 1826
1274940 1824
1274950 1823
1274960 1821
1274970 1820
1274980 1819
1274990 1817
1275000 1816
1275010 1815
1275020 1813
1275030 1812
1275040 1810
1275050 1809
1275060 1808
1275070 1806
1275080 1805
1275090 1802
1275100 1799
1275110 1797
1275120 1795
1275130 1794
1275140 1793
1275150 1790
1275160 1787
1275170 1784
1275180 1782
1275190 1780
1275200 1777
1275210 1775
1275220 1774
1275230 1773
1275240 1772
1275250 1771
1275260 1771
1275270 1770
1275280 1769
1275290 1768
1275300 1767
1275310 1765
1275320 1763
1275330 1760
1275340 1758
1275350 1756
1275360 1753
1275370 1750
1275380 1747
1275390 1744
1275400 1742
1275410 1739
1275420 1737
1275430 1736
1275440 1734
1275450 1732
1275460 1730
1275470 1728
1275480 1725
1275490 1724
1275500 1723
1275510 1722
1275520 1720
1275530 1719
1275540 1718
1275550 1717
1275560 1716
1275570 1714
1275580 1712
1275590 1709
1275600 1706
1275610 1704
1275620 1701
1275630 1699
1275640 1698
1275650 1695
1275660 1693
1275670 1691
1275680 1688
1275690 1686
1275700 1684
1275710 1682
1275720 1679
1275730 1676
1275740 1673
1275750 1670
1275760 1668
1275770 1667
1275780 1665
1275790 1663
1275800 1661
1275810 1660
1275820 1658
1275830 1656
1275840 1652
1275850 1649
1275860 1647
1275870 1644
1275880 1641
1275890 1638
1275900 1635
1275910 1633
1275920 1630
1275930 1629
1275940 1627
1275950 1625
1275960 1623
1275970 1622
1275980 1620
1275990 1618
1276000 1616
1276010 1615
1276020 1614
1276030 1612
1276040 1611
1276050 1609
1276060 1607
1276070 1604
1276080 1602
1276090 1598
1276100 1596
1276110 1593
1276120 1591
1276130 1589
1276140 1587
1276150 1583
1276160 1581
1276170 1578
1276180 1576
1276190 1573
1276200 1569
1276210 1566
1276220 1563
1276230 1560
1276240 1558
1276250 1555
1276260 1552
1276270 1548
1276280 1545
1276290 1542
1276300 1539
1276310 1536
1276320 1533
1276330 1531
1276340 1529
1276350 1527
1276360 1525
1276370 1523
1276380 1522
1276390 1520
1276400 1518
1276410 1516
1276420 1514
1276430 1512
1276440 1510
1276450 1508
1276460 1506
1276470 1503
1276480 1501
1276490 1498
1276500 1495
1276510 1492
1276520 1489
1276530 1486
1276540 1482
1276550 1478
1276560 1475
1276570 1471
1276580 1467
1276590 1464
1276600 1460
1276610 1456
1276620 1453
1276630 1449
1276640 1444
1276650 1440
1276660 1436
1276670 1433
1276680 1429
1276690 1427
1276700 1424
1276710 1422
1276720 1418
1276730 1415
1276740 1411
1276750 1406
1276760 1403
1276770 1401
1276780 1398
1276790 1395
1276800 1391
1276810 1389
1276820 1387
1276830 1385
1276840 1383
1276850 1381
1276860 1380
1276870 1378
1276880 1377
1276890 1376
1276900 1375
1276910 1375
1276920 1374
1276930 1374
1276940 1374
1276950 1374
1276960 1374
1276970 1374
1276980 1375
1276990 1376
1277000 1377
1277010 1378
1277020 1378
1277030 1379
1277040 1380
1277050 1380
1277060 1381
1277070 1382
1277080 1382
1277090 1383
1277100 1384
1277110 1385
1277120 1385
1277130 1385
1277140 1386
1277150 1386
1277160 1386
1277170 1387
1277180 1387
1277190 1388
1277200 1388
1277210 1389
1277220 1389
1277230 1390
1277240 1390
1277250 1389
1277260 1388
1277270 1387
1277280 1385
1277290 1383
1277300 1382
1277310 1380
1277320 1378
1277330 1377
1277340 1375
1277350 1374
1277360 1373
1277370 1372
1277380 1371
1277390 1370
1277400 1370
1277410 1369
1277420 1369
1277430 1369
1277440 1369
1277450 1368
1277460 1368
1277470 1367
1277480 1367
1277490 1367
1277500 1366
1277510 1366
1277520 1366
1277530 1365
1277540 1364
1277550 1364
1277560 1363
1277570 1362
1277580 1361
1277590 1358
1277600 1356
1277610 1354
1277620 1350
1277630 1344
1277640 1337
1277650 1331
1277660 1327
1277670 1324
1277680 1321
1277690 1319
1277700 1316
1277710 1313
1277720 1311
1277730 1309
1277740 1307
1277750 1303
1277760 1294
1277770 1286
1277780 1280
1277790 1275
1277800 1271
1277810 1267
1277820 1264
1277830 1263
1277840 1262
1277850 1259
1277860 1255
1277870 1251
1277880 1248
1277890 1245
1277900 1241
1277910 1237
1277920 1235
1277930 1234
1277940 1232
1277950 1230
1277960 1228
1277970 1225
1277980 1223
1277990 1221
1278000 1219
1278010 1216
1278020 1215
1278030 1214
1278040 1211
1278050 1208
1278060 1204
1278070 1201
1278080 1197
1278090 1194
1278100 1191
1278110 1188
1278120 1186
1278130 1183
1278140 1181
1278150 1179
1278160 1179
1278170 1177
1278180 1176
1278190 1175
1278200 1175
1278210 1176
1278220 1177
1278230 1176
1278240 1168
1278250 1160
1278260 1156
1278270 1153
1278280 1151
1278290 1151
1278300 1150
1278310 1151
1278320 1152
1278330 1154
1278340 1156
1278350 1157
1278360 1157
1278370 1156
1278380 1153
1278390 1146
1278400 1137
1278410 1125
1278420 1114
1278430 1106
1278440 1101
1278450 1094
1278460 1093
1278470 1092
1278480 1091
1278490 1090
1278500 1090
1278510 1090
1278520 1090
1278530 1090
1278540 1090
1278550 1090
1278560 1088
1278570 1085
1278580 1086
1278590 1088
1278600 1090
1278610 1090
1278620 1092
1278630 1094
1278640 1097
1278650 1100
1278660 1104
1278670 1109
1278680 1111
1278690 1112
1278700 1115
1278710 1120
1278720 1125
1278730 1131
1278740 1134
1278750 1136
1278760 1136
1278770 1139
1278780 1142
1278790 1146
1278800 1150
1278810 1153
1278820 1156
1278830 1158
1278840 1160
1278850 1164
1278860 1167
1278870 1171
1278880 1175
1278890 1180
1278900 1185
1278910 1190
1278920 1195
1278930 1198
1278940 1202
1278950 1206
1278960 1210
1278970 1215
1278980 1220
1278990 1225
1279000 1229
1279010 1234
1279020 1238
1279030 1243
1279040 1247
1279050 1252
1279060 1256
1279070 1260
1279080 1265
1279090 1268
1279100 1271
1279110 1275
1279120 1279
1279130 1284
1279140 1289
1279150 1293
1279160 1298
1279170 1304
1279180 1309
1279190 1314
1279200 1317
1279210 1322
1279220 1327
1279230 1332
1279240 1337
1279250 1341
1279260 1345
1279270 1351
1279280 1356
1279290 1361
1279300 1366
1279310 1371
1279320 1376
1279330 1380
1279340 1385
1279350 1389
1279360 1393
1279370 1397
1279380 1401
1279390 1404
1279400 1406
1279410 1408
1279420 1410
1279430 1411
1279440 1414
1279450 1417
1279460 1421
1279470 1424
1279480 1428
1279490 1432
1279500 1437
1279510 1441
1279520 1445
1279530 1448
1279540 1451
1279550 1454
1279560 1457
1279570 1459
1279580 1462
1279590 1465
1279600 1467
1279610 1469
1279620 1471
1279630 1473
1279640 1475
1279650 1477
1279660 1479
1279670 1481
1279680 1482
1279690 1482
1279700 1483
1279710 1484
1279720 1485
1279730 1487
1279740 1488
1279750 1489
1279760 1488
1279770 1486
1279780 1477
1279790 1476
1279800 1490
1279810 1486
1279820 1472
1279830 1448
1279840 1431
1279850 1421
1279860 1416
1279870 1406
1279880 1401
1279890 1400
1279900 1400
1279910 1399
1279920 1399
1279930 1400
1279940 1399
1279950 1398
1279960 1400
1279970 1401
1279980 1403
1279990 1405
