1260000 1783.1
1260010 1777.3
1260020 1771.3
1260030 1765.6
1260040 1765.6
1260050 1760.4
1260060 1755.5
1260070 1755.5
1260080 1750.9
1260090 1746.4
1260100 1746.4
1260110 1741.9
1260120 1736.4
1260130 1736.4
1260140 1730.0
1260150 1724.2
1260160 1724.2
1260170 1719.0
1260180 1714.9
1260190 1714.9
1260200 1710.4
1260210 1706.1
1260220 1706.1
1260230 1702.1
1260240 1698.0
1260250 1693.9
1260260 1693.9
1260270 1689.4
1260280 1684.2
1260290 1684.2
1260300 1677.2
1260310 1671.4
1260320 1671.4
1260330 1666.1
1260340 1661.5
1260350 1661.5
1260360 1656.8
1260370 1654.6
1260380 1654.6
1260390 1660.2
1260400 1666.5
1260410 1666.5
1260420 1672.3
1260430 1678.9
1260440 1678.9
1260450 1686.2
1260460 1693.0
1260470 1698.1
1260480 1698.1
1260490 1702.7
1260500 1706.8
1260510 1706.8
1260520 1710.4
1260530 1713.9
1260540 1713.9
1260550 1717.0
1260560 1720.2
1260570 1720.2
1260580 1724.6
1260590 1730.1
1260600 1730.1
1260610 1735.1
1260620 1739.1
1260630 1739.1
1260640 1741.3
1260650 1744.6
1260660 1744.6
1260670 1749.5
1260680 1754.3
1260690 1757.8
1260700 1757.8
1260710 1761.1
1260720 1764.6
1260730 1764.6
1260740 1769.0
1260750 1780.8
1260760 1780.8
1260770 1792.0
1260780 1801.1
1260790 1801.1
1260800 1808.0
1260810 1817.8
1260820 1817.8
1260830 1827.7
1260840 1834.5
1260850 1834.5
1260860 1839.9
1260870 1851.7
1260880 1851.7
1260890 1861.0
1260900 1868.2
1260910 1876.0
1260920 1876.0
1260930 1889.2
1260940 1900.2
1260950 1900.2
1260960 1908.7
1260970 1915.5
1260980 1915.5
1260990 1922.7
1261000 1929.7
1261010 1929.7
1261020 1935.6
1261030 1940.0
1261040 1940.0
1261050 1946.1
1261060 1952.6
1261070 1952.6
1261080 1958.4
1261090 1967.4
1261100 1967.4
1261110 1978.2
1261120 1983.7
1261130 1988.4
1261140 1988.4
1261150 1992.3
1261160 1996.4
1261170 1996.4
1261180 2000.6
1261190 2004.8
1261200 2004.8
1261210 2008.9
1261220 2011.9
1261230 2011.9
1261240 2011.7
1261250 2011.9
1261260 2011.9
1261270 2018.8
1261280 2036.3
1261290 2036.3
1261300 2060.5
1261310 2068.3
1261320 2068.3
1261330 2073.0
1261340 2078.2
1261350 2083.5
1261360 2083.5
1261370 2088.6
1261380 2093.9
1261390 2093.9
1261400 2099.5
1261410 2105.5
1261420 2105.5
1261430 2108.8
1261440 2116.6
1261450 2116.6
1261460 2122.9
1261470 2129.5
1261480 2129.5
1261490 2136.1
1261500 2142.1
1261510 2142.1
1261520 2148.8
1261530 2155.4
1261540 2155.4
1261550 2161.5
1261560 2169.6
1261570 2177.5
1261580 2177.5
1261590 2185.5
1261600 2198.7
1261610 2198.7
1261620 2209.4
1261630 2220.8
1261640 2220.8
1261650 2233.3
1261660 2245.2
1261670 2245.2
1261680 2250.6
1261690 2257.3
1261700 2257.3
1261710 2269.1
1261720 2278.3
1261730 2278.3
1261740 2289.0
1261750 2303.1
1261760 2303.1
1261770 2311.9
1261780 2319.5
1261790 2326.6
1261800 2326.6
1261810 2331.4
1261820 2337.2
1261830 2337.2
1261840 2347.0
1261850 2352.2
1261860 2352.2
1261870 2360.7
1261880 2368.2
1261890 2368.2
1261900 2374.4
1261910 2380.2
1261920 2380.2
1261930 2386.8
1261940 2395.6
1261950 2395.6
1261960 2403.7
1261970 2410.3
1261980 2410.3
1261990 2419.2
1262000 2429.2
1262010 2435.3
1262020 2435.3
1262030 2441.2
1262040 2449.2
1262050 2449.2
1262060 2457.5
1262070 2464.5
1262080 2464.5
1262090 2471.0
1262100 2476.5
1262110 2476.5
1262120 2483.4
1262130 2490.1
1262140 2490.1
1262150 2496.2
1262160 2501.5
1262170 2501.5
1262180 2507.5
1262190 2512.5
1262200 2512.5
1262210 2517.7
1262220 2525.0
1262230 2536.7
1262240 2536.7
1262250 2567.4
1262260 2592.9
1262270 2592.9
1262280 2595.5
1262290 2621.9
1262300 2621.9
1262310 2656.3
1262320 2661.2
1262330 2661.2
1262340 2668.8
1262350 2672.7
1262360 2672.7
1262370 2678.8
1262380 2684.5
1262390 2684.5
1262400 2690.6
1262410 2697.3
1262420 2697.3
1262430 2705.5
1262440 2715.2
1262450 2725.0
1262460 2725.0
1262470 2738.4
1262480 2749.8
1262490 2749.8
1262500 2773.0
1262510 2786.3
1262520 2786.3
1262530 2808.3
1262540 2828.9
1262550 2828.9
1262560 2830.4
1262570 2832.0
1262580 2832.0
1262590 2824.5
1262600 2827.5
1262610 2827.5
1262620 2819.7
1262630 2801.6
1262640 2801.6
1262650 2791.5
1262660 2783.0
1262670 2770.8
1262680 2770.8
1262690 2760.5
1262700 2748.3
1262710 2748.3
1262720 2737.8
1262730 2732.9
1262740 2732.9
1262750 2726.7
1262760 2720.0
1262770 2720.0
1262780 2713.1
1262790 2705.2
1262800 2705.2
1262810 2698.8
1262820 2692.6
1262830 2692.6
1262840 2683.3
1262850 2676.9
1262860 2676.9
1262870 2671.1
1262880 2663.9
1262890 2658.0
1262900 2658.0
1262910 2652.6
1262920 2646.9
1262930 2646.9
1262940 2640.9
1262950 2634.6
1262960 2634.6
1262970 2628.2
1262980 2621.4
1262990 2621.4
1263000 2614.2
1263010 2600.7
1263020 2600.7
1263030 2591.5
1263040 2586.2
1263050 2586.2
1263060 2581.3
1263070 2575.7
1263080 2575.7
1263090 2569.1
1263100 2562.4
1263110 2556.7
1263120 2556.7
1263130 2549.2
1263140 2547.8
1263150 2547.8
1263160 2536.1
1263170 2526.8
1263180 2526.8
1263190 2520.5
1263200 2513.7
1263210 2513.7
1263220 2506.2
1263230 2498.9
1263240 2498.9
1263250 2492.2
1263260 2484.0
1263270 2484.0
1263280 2476.7
1263290 2468.3
1263300 2468.3
1263310 2456.1
1263320 2446.2
1263330 2437.4
1263340 2437.4
1263350 2429.6
1263360 2420.9
1263370 2420.9
1263380 2411.9
1263390 2403.3
1263400 2403.3
1263410 2394.2
1263420 2385.2
1263430 2385.2
1263440 2374.6
1263450 2360.7
1263460 2360.7
1263470 2341.3
1263480 2325.0
1263490 2325.0
1263500 2314.4
1263510 2301.1
1263520 2301.1
1263530 2294.1
1263540 2284.2
1263550 2270.4
1263560 2270.4
1263570 2246.1
1263580 2207.4
1263590 2207.4
1263600 2186.9
1263610 2168.0
1263620 2168.0
1263630 2165.8
1263640 2162.8
1263650 2162.8
1263660 2158.9
1263670 2153.8
1263680 2153.8
1263690 2148.2
1263700 2142.7
1263710 2142.7
1263720 2134.1
1263730 2128.6
1263740 2123.0
1263750 2123.0
1263760 2116.8
1263770 2109.4
1263780 2109.4
1263790 2104.8
1263800 2104.0
1263810 2104.0
1263820 2103.1
1263830 2103.8
1263840 2103.8
1263850 2107.0
1263860 2112.9
1263870 2112.9
1263880 2116.1
1263890 2118.0
1263900 2118.0
1263910 2119.3
1263920 2121.2
1263930 2121.2
1263940 2121.5
1263950 2119.0
1263960 2114.3
1263970 2114.3
1263980 2111.4
1263990 2107.5
1264000 2107.5
1264010 2102.4
1264020 2097.1
1264030 2097.1
1264040 2093.7
1264050 2089.8
1264060 2089.8
1264070 2085.5
1264080 2078.3
1264090 2078.3
1264100 2068.6
1264110 2065.0
1264120 2065.0
1264130 2066.3
1264140 2060.4
1264150 2060.4
1264160 2054.2
1264170 2035.5
1264180 2023.5
1264190 2023.5
1264200 2018.8
1264210 2014.9
1264220 2014.9
1264230 2011.9
1264240 2011.2
1264250 2011.2
1264260 2012.0
1264270 2011.1
1264280 2011.1
1264290 1998.8
1264300 1992.3
1264310 1992.3
1264320 1985.0
1264330 1976.8
1264340 1976.8
1264350 1967.1
1264360 1961.0
1264370 1961.0
1264380 1971.4
1264390 1969.8
1264400 1967.8
1264410 1967.8
1264420 1961.1
1264430 1953.9
1264440 1953.9
1264450 1946.6
1264460 1938.4
1264470 1938.4
1264480 1928.4
1264490 1918.1
1264500 1918.1
1264510 1909.3
1264520 1900.6
1264530 1900.6
1264540 1891.8
1264550 1883.6
1264560 1883.6
1264570 1875.8
1264580 1868.7
1264590 1868.7
1264600 1862.5
1264610 1856.6
1264620 1848.5
1264630 1848.5
1264640 1838.5
1264650 1830.2
1264660 1830.2
1264670 1821.9
1264680 1813.9
1264690 1813.9
1264700 1807.1
1264710 1800.7
1264720 1800.7
1264730 1797.3
1264740 1801.6
1264750 1801.6
1264760 1806.7
1264770 1812.8
1264780 1812.8
1264790 1818.0
1264800 1823.0
1264810 1823.0
1264820 1826.2
1264830 1833.0
1264840 1838.5
1264850 1838.5
1264860 1844.4
1264870 1842.0
1264880 1842.0
1264890 1853.9
1264900 1865.4
1264910 1865.4
1264920 1875.5
1264930 1882.1
1264940 1882.1
1264950 1886.6
1264960 1891.3
1264970 1891.3
1264980 1897.9
1264990 1905.8
1265000 1905.8
1265010 1915.3
1265020 1922.9
1265030 1922.9
1265040 1930.9
1265050 1939.6
1265060 1948.8
1265070 1948.8
1265080 1957.0
1265090 1963.1
1265100 1963.1
1265110 1968.3
1265120 1973.9
1265130 1973.9
1265140 1982.7
1265150 1987.2
1265160 1987.2
1265170 1984.8
1265180 1979.9
1265190 1979.9
1265200 1980.8
1265210 1991.0
1265220 1991.0
1265230 2004.4
1265240 2012.9
1265250 2012.9
1265260 2027.7
1265270 2041.1
1265280 2063.3
1265290 2063.3
1265300 2080.4
1265310 2089.7
1265320 2089.7
1265330 2106.6
1265340 2123.2
1265350 2123.2
1265360 2122.0
1265370 2129.6
1265380 2129.6
1265390 2128.0
1265400 2125.2
1265410 2125.2
1265420 2120.8
1265430 2121.7
1265440 2121.7
1265450 2112.6
1265460 2110.7
1265470 2110.7
1265480 2093.6
1265490 2087.0
1265500 2086.5
1265510 2086.5
1265520 2088.9
1265530 2094.4
1265540 2094.4
1265550 2100.0
1265560 2102.9
1265570 2102.9
1265580 2099.3
1265590 2097.5
1265600 2097.5
1265610 2098.5
1265620 2100.6
1265630 2100.6
1265640 2099.1
1265650 2092.5
1265660 2092.5
1265670 2085.1
1265680 2076.6
1265690 2076.6
1265700 2070.1
1265710 2066.7
1265720 2063.5
1265730 2063.5
1265740 2057.2
1265750 2049.1
1265760 2049.1
1265770 2040.4
1265780 2028.5
1265790 2028.5
1265800 2015.4
1265810 2006.5
1265820 2006.5
1265830 2006.5
1265840 2008.2
1265850 2008.2
1265860 2003.5
1265870 1997.9
1265880 1997.9
1265890 1992.0
1265900 1981.1
1265910 1981.1
1265920 1966.5
1265930 1955.3
1265940 1945.5
1265950 1945.5
1265960 1937.1
1265970 1928.7
1265980 1928.7
1265990 1919.8
1266000 1912.6
1266010 1912.6
1266020 1903.0
1266030 1905.4
1266040 1905.4
1266050 1905.8
1266060 1896.1
1266070 1896.1
1266080 1883.6
1266090 1871.3
1266100 1871.3
1266110 1854.1
1266120 1834.1
1266130 1834.1
1266140 1829.0
1266150 1821.3
1266160 1816.6
1266170 1816.6
1266180 1807.8
1266190 1793.2
1266200 1793.2
1266210 1780.4
1266220 1780.9
1266230 1780.9
1266240 1774.4
1266250 1757.8
1266260 1757.8
1266270 1750.4
1266280 1744.4
1266290 1744.4
1266300 1739.9
1266310 1729.6
1266320 1729.6
1266330 1716.4
1266340 1703.8
1266350 1703.8
1266360 1689.5
1266370 1685.2
1266380 1682.4
1266390 1682.4
1266400 1673.8
1266410 1666.7
1266420 1666.7
1266430 1663.8
1266440 1659.2
1266450 1659.2
1266460 1653.4
1266470 1647.6
1266480 1647.6
1266490 1643.1
1266500 1639.1
1266510 1639.1
1266520 1634.6
1266530 1629.6
1266540 1629.6
1266550 1624.2
1266560 1618.0
1266570 1618.0
1266580 1612.4
1266590 1606.4
1266600 1600.5
1266610 1596.8
1266620 1591.0
1266630 1585.1
1266640 1585.1
1266650 1579.2
1266660 1572.9
1266670 1572.9
1266680 1566.2
1266690 1559.9
1266700 1559.9
1266710 1553.4
1266720 1546.8
1266730 1546.8
1266740 1540.1
1266750 1533.4
1266760 1533.4
1266770 1526.9
1266780 1520.1
1266790 1520.1
1266800 1513.4
1266810 1506.8
1266820 1500.2
1266830 1500.2
1266840 1493.6
1266850 1487.0
1266860 1487.0
1266870 1480.3
1266880 1473.5
1266890 1473.5
1266900 1466.8
1266910 1459.8
1266920 1459.8
1266930 1453.1
1266940 1446.4
1266950 1446.4
1266960 1440.1
1266970 1434.7
1266980 1434.7
1266990 1428.1
1267000 1420.6
1267010 1420.6
1267020 1418.5
1267030 1415.8
1267040 1410.8
1267050 1410.8
1267060 1406.4
1267070 1405.6
1267080 1405.6
1267090 1407.2
1267100 1409.7
1267110 1409.7
1267120 1412.9
1267130 1415.5
1267140 1415.5
1267150 1416.3
1267160 1413.7
1267170 1413.7
1267180 1410.9
1267190 1404.5
1267200 1404.5
1267210 1400.4
1267220 1395.3
1267230 1395.3
1267240 1390.9
1267250 1388.4
1267260 1386.9
1267270 1386.9
1267280 1386.1
1267290 1384.8
1267300 1384.8
1267310 1381.8
1267320 1377.6
1267330 1377.6
1267340 1372.5
1267350 1366.8
1267360 1366.8
1267370 1360.6
1267380 1356.0
1267390 1356.0
1267400 1350.5
1267410 1345.1
1267420 1345.1
1267430 1340.3
1267440 1334.1
1267450 1334.1
1267460 1327.2
1267470 1320.4
1267480 1313.4
1267490 1313.4
1267500 1306.1
1267510 1299.1
1267520 1299.1
1267530 1292.8
1267540 1286.9
1267550 1286.9
1267560 1281.5
1267570 1277.5
1267580 1277.5
1267590 1273.2
1267600 1268.7
1267610 1268.7
1267620 1264.4
1267630 1260.0
1267640 1260.0
1267650 1256.2
1267660 1253.0
1267670 1253.0
1267680 1250.5
1267690 1246.7
1267700 1244.0
1267710 1244.0
1267720 1242.8
1267730 1241.8
1267740 1241.8
1267750 1240.0
1267760 1238.3
1267770 1235.6
1267780 1234.6
1267790 1232.9
1267800 1232.9
1267810 1231.1
1267820 1229.9
1267830 1229.9
1267840 1228.5
1267850 1226.2
1267860 1226.2
1267870 1224.2
1267880 1223.4
1267890 1223.4
1267900 1222.8
1267910 1220.5
1267920 1217.4
1267930 1217.4
1267940 1216.1
1267950 1214.5
1267960 1214.5
1267970 1212.8
1267980 1211.6
1267990 1211.6
1268000 1210.2
1268010 1208.6
1268020 1208.6
1268030 1206.7
1268040 1205.2
1268050 1205.2
1268060 1203.8
1268070 1202.6
1268080 1202.6
1268090 1202.0
1268100 1201.8
1268110 1201.8
1268120 1201.8
1268130 1201.9
1268140 1202.1
1268150 1202.1
1268160 1202.1
1268170 1201.1
1268180 1201.1
1268190 1200.5
1268200 1201.6
1268210 1201.6
1268220 1201.3
1268230 1201.2
1268240 1201.2
1268250 1201.2
1268260 1201.1
1268270 1201.1
1268280 1201.0
1268290 1200.9
1268300 1200.9
1268310 1200.7
1268320 1200.4
1268330 1200.1
1268340 1200.1
1268350 1200.1
1268360 1201.3
1268370 1201.3
1268380 1201.0
1268390 1200.9
1268400 1200.9
1268410 1200.8
1268420 1200.6
1268430 1200.6
1268440 1200.7
1268450 1200.6
1268460 1200.6
1268470 1200.3
1268480 1200.1
1268490 1200.1
1268500 1200.3
1268510 1199.8
1268520 1199.8
1268530 1199.6
1268540 1199.5
1268550 1199.5
1268560 1199.5
1268570 1199.5
1268580 1199.7
1268590 1199.7
1268600 1200.6
1268610 1201.0
1268620 1201.0
1268630 1201.3
1268640 1201.4
1268650 1201.4
1268660 1201.3
1268670 1201.0
1268680 1201.0
1268690 1200.7
1268700 1200.6
1268710 1200.6
1268720 1200.6
1268730 1200.6
1268740 1200.6
1268750 1200.6
1268760 1200.6
1268770 1200.5
1268780 1200.5
1268790 1200.4
1268800 1200.7
1268810 1200.7
1268820 1201.1
1268830 1201.4
1268840 1201.4
1268850 1202.0
1268860 1203.9
1268870 1203.9
1268880 1206.4
1268890 1208.2
1268900 1208.2
1268910 1208.2
1268920 1208.3
1268930 1208.3
1268940 1211.0
1268950 1212.9
1268960 1212.9
1268970 1215.6
1268980 1218.3
1268990 1220.7
1269000 1220.7
1269010 1223.5
1269020 1225.8
1269030 1225.8
1269040 1227.1
1269050 1228.9
1269060 1228.9
1269070 1230.4
1269080 1231.1
1269090 1231.1
1269100 1230.6
1269110 1231.0
1269120 1231.0
1269130 1232.8
1269140 1235.5
1269150 1235.5
1269160 1238.4
1269170 1242.7
1269180 1242.7
1269190 1247.6
1269200 1252.6
1269210 1257.0
1269220 1257.0
1269230 1258.8
1269240 1258.8
1269250 1258.8
1269260 1259.2
1269270 1259.4
1269280 1259.4
1269290 1259.5
1269300 1265.0
1269310 1265.0
1269320 1271.7
1269330 1277.8
1269340 1277.8
1269350 1284.8
1269360 1290.8
1269370 1290.8
1269380 1296.9
1269390 1300.3
1269400 1300.3
1269410 1301.7
1269420 1302.4
1269430 1302.0
1269440 1302.0
1269450 1302.7
1269460 1301.2
1269470 1301.2
1269480 1301.0
1269490 1299.8
1269500 1299.8
1269510 1300.2
1269520 1301.3
1269530 1304.4
1269540 1306.6
1269550 1308.7
1269560 1308.7
1269570 1312.2
1269580 1315.8
1269590 1315.8
1269600 1320.0
1269610 1325.0
1269620 1325.0
1269630 1329.9
1269640 1333.9
1269650 1337.6
1269660 1337.6
1269670 1341.5
1269680 1346.4
1269690 1346.4
1269700 1351.3
1269710 1356.3
1269720 1356.3
1269730 1361.2
1269740 1367.0
1269750 1367.0
1269760 1373.3
1269770 1380.6
1269780 1380.6
1269790 1386.2
1269800 1392.1
1269810 1392.1
1269820 1397.6
1269830 1401.0
1269840 1401.0
1269850 1402.7
1269860 1404.8
1269870 1408.3
1269880 1408.3
1269890 1412.0
1269900 1416.4
1269910 1416.4
1269920 1420.2
1269930 1423.4
1269940 1423.4
1269950 1425.6
1269960 1428.4
1269970 1428.4
1269980 1431.3
1269990 1432.4
1270000 1432.4
1270010 1429.3
1270020 1426.3
1270030 1426.3
1270040 1424.2
1270050 1425.4
1270060 1425.4
1270070 1425.5
1270080 1432.3
1270090 1441.4
1270100 1441.4
1270110 1448.1
1270120 1458.8
1270130 1458.8
1270140 1465.4
1270150 1469.0
1270160 1469.0
1270170 1470.9
1270180 1472.9
1270190 1472.9
1270200 1475.0
1270210 1476.5
1270220 1476.5
1270230 1477.1
1270240 1482.9
1270250 1482.9
1270260 1488.4
1270270 1491.7
1270280 1491.7
1270290 1493.3
1270300 1491.7
1270310 1490.4
1270320 1490.4
1270330 1493.1
1270340 1498.0
1270350 1498.0
1270360 1501.9
1270370 1506.6
1270380 1506.6
1270390 1512.1
1270400 1515.4
1270410 1515.4
1270420 1516.9
1270430 1519.9
1270440 1519.9
1270450 1522.3
1270460 1525.0
1270470 1525.0
1270480 1526.7
1270490 1528.0
1270500 1528.0
1270510 1529.2
1270520 1531.8
1270530 1532.0
1270540 1532.0
1270550 1531.3
1270560 1531.7
1270570 1531.7
1270580 1533.9
1270590 1538.3
1270600 1538.3
1270610 1542.2
1270620 1545.0
1270630 1545.0
1270640 1548.6
1270650 1553.3
1270660 1553.3
1270670 1558.9
1270680 1563.4
1270690 1563.4
1270700 1566.8
1270710 1570.0
1270720 1575.3
1270730 1577.6
1270740 1578.9
1270750 1579.7
1270760 1579.7
1270770 1582.7
1270780 1586.8
1270790 1586.8
1270800 1591.6
1270810 1595.8
1270820 1595.8
1270830 1598.3
1270840 1598.4
1270850 1598.4
1270860 1597.6
1270870 1598.3
1270880 1598.3
1270890 1598.1
1270900 1597.4
1270910 1597.4
1270920 1596.3
1270930 1593.9
1270940 1593.9
1270950 1591.1
1270960 1588.9
1270970 1587.0
1270980 1587.0
1270990 1585.0
1271000 1585.1
1271010 1585.1
1271020 1587.7
1271030 1589.2
1271040 1589.2
1271050 1589.8
1271060 1595.5
1271070 1595.5
1271080 1600.8
1271090 1604.9
1271100 1604.9
1271110 1608.3
1271120 1610.8
1271130 1610.8
1271140 1613.3
1271150 1615.5
1271160 1615.5
1271170 1617.9
1271180 1620.3
1271190 1622.8
1271200 1622.8
1271210 1625.2
1271220 1628.1
1271230 1628.1
1271240 1631.3
1271250 1633.9
1271260 1633.9
1271270 1636.5
1271280 1639.3
1271290 1639.3
1271300 1640.9
1271310 1646.7
1271320 1646.7
1271330 1647.2
1271340 1647.2
1271350 1647.2
1271360 1646.7
1271370 1646.3
1271380 1646.3
1271390 1644.8
1271400 1642.8
1271410 1644.7
1271420 1644.7
1271430 1647.9
1271440 1649.7
1271450 1649.7
1271460 1651.7
1271470 1655.0
1271480 1655.0
1271490 1660.5
1271500 1666.2
1271510 1666.2
1271520 1670.4
1271530 1674.8
1271540 1674.8
1271550 1679.0
1271560 1682.2
1271570 1682.2
1271580 1683.4
1271590 1683.4
1271600 1683.4
1271610 1682.5
1271620 1683.8
1271630 1687.6
1271640 1687.6
1271650 1690.8
1271660 1694.4
1271670 1694.4
1271680 1697.4
1271690 1700.1
1271700 1700.1
1271710 1702.1
1271720 1703.7
1271730 1703.7
1271740 1705.7
1271750 1709.0
1271760 1709.0
1271770 1712.0
1271780 1714.3
1271790 1714.3
1271800 1716.5
1271810 1718.5
1271820 1718.5
1271830 1719.7
1271840 1720.1
1271850 1721.2
1271860 1721.2
1271870 1723.8
1271880 1727.0
1271890 1727.0
1271900 1735.1
1271910 1739.1
1271920 1739.1
1271930 1742.2
1271940 1744.0
1271950 1744.0
1271960 1745.2
1271970 1745.7
1271980 1745.7
1271990 1746.1
1272000 1747.3
1272010 1747.3
1272020 1746.8
1272030 1746.2
1272040 1746.2
1272050 1745.4
1272060 1744.4
1272070 1743.2
1272080 1743.2
1272090 1742.8
1272100 1741.6
1272110 1741.6
1272120 1742.1
1272130 1740.6
1272140 1740.6
1272150 1738.3
1272160 1736.5
1272170 1736.5
1272180 1733.9
1272190 1730.1
1272200 1730.1
1272210 1726.7
1272220 1725.2
1272230 1725.2
1272240 1723.6
1272250 1722.1
1272260 1721.3
1272270 1721.3
1272280 1720.2
1272290 1719.0
1272300 1719.0
1272310 1717.0
1272320 1713.8
1272330 1713.8
1272340 1710.9
1272350 1708.7
1272360 1708.7
1272370 1705.7
1272380 1702.4
1272390 1702.4
1272400 1699.7
1272410 1696.9
1272420 1696.9
1272430 1693.4
1272440 1689.4
1272450 1689.4
1272460 1684.6
1272470 1679.8
1272480 1677.4
1272490 1677.4
1272500 1676.4
1272510 1672.1
1272520 1672.1
1272530 1665.9
1272540 1667.2
1272550 1667.2
1272560 1673.6
1272570 1679.2
1272580 1679.2
1272590 1682.4
1272600 1681.1
1272610 1681.1
1272620 1678.1
1272630 1675.6
1272640 1675.6
1272650 1674.6
1272660 1673.9
1272670 1673.9
1272680 1674.6
1272690 1678.0
1272700 1682.9
1272710 1682.9
1272720 1687.8
1272730 1691.4
1272740 1691.4
1272750 1694.5
1272760 1697.2
1272770 1697.2
1272780 1700.2
1272790 1703.2
1272800 1703.2
1272810 1705.5
1272820 1706.5
1272830 1706.5
1272840 1706.8
1272850 1708.6
1272860 1708.6
1272870 1710.6
1272880 1713.5
1272890 1713.5
1272900 1716.7
1272910 1720.3
1272920 1724.0
1272930 1724.0
1272940 1727.6
1272950 1731.1
1272960 1731.1
1272970 1734.8
1272980 1738.9
1272990 1738.9
1273000 1742.8
1273010 1746.3
1273020 1746.3
1273030 1748.4
1273040 1752.0
1273050 1752.0
1273060 1755.4
1273070 1758.4
1273080 1758.4
1273090 1761.9
1273100 1769.9
1273110 1769.9
1273120 1773.5
1273130 1777.1
1273140 1780.6
1273150 1780.6
1273160 1785.1
1273170 1787.6
1273180 1787.6
1273190 1789.0
1273200 1790.4
1273210 1790.4
1273220 1791.7
1273230 1794.1
1273240 1794.1
1273250 1796.2
1273260 1797.6
1273270 1797.6
1273280 1799.2
1273290 1799.3
1273300 1799.3
1273310 1799.3
1273320 1797.9
1273330 1797.9
1273340 1796.5
1273350 1799.4
1273360 1801.4
1273370 1801.4
1273380 1801.3
1273390 1801.6
1273400 1801.6
1273410 1801.7
1273420 1800.3
1273430 1800.3
1273440 1800.1
1273450 1801.6
1273460 1801.6
1273470 1803.2
1273480 1804.0
1273490 1804.0
1273500 1804.5
1273510 1804.7
1273520 1804.7
1273530 1804.9
1273540 1805.5
1273550 1805.5
1273560 1805.4
1273570 1805.0
1273580 1806.3
1273590 1806.3
1273600 1810.7
1273610 1816.0
1273620 1816.0
1273630 1818.5
1273640 1821.6
1273650 1821.6
1273660 1824.2
1273670 1826.4
1273680 1826.4
1273690 1828.2
1273700 1836.3
1273710 1836.3
1273720 1837.0
1273730 1837.9
1273740 1837.9
1273750 1837.9
1273760 1837.6
1273770 1837.6
1273780 1836.9
1273790 1837.4
1273800 1839.2
1273810 1839.2
1273820 1841.3
1273830 1844.2
1273840 1844.2
1273850 1846.2
1273860 1848.3
1273870 1848.3
1273880 1851.0
1273890 1853.9
1273900 1853.9
1273910 1856.3
1273920 1857.9
1273930 1857.9
1273940 1857.8
1273950 1860.9
1273960 1860.9
1273970 1862.7
1273980 1864.5
1273990 1864.5
1274000 1866.3
1274010 1866.6
1274020 1865.5
1274030 1865.5
1274040 1867.3
1274050 1867.8
1274060 1867.8
1274070 1869.4
1274080 1872.4
1274090 1872.4
1274100 1876.1
1274110 1879.2
1274120 1879.2
1274130 1882.7
1274140 1885.3
1274150 1885.3
1274160 1884.8
1274170 1884.4
1274180 1884.4
1274190 1886.5
1274200 1887.5
1274210 1887.5
1274220 1887.4
1274230 1885.6
1274240 1883.2
1274250 1883.2
1274260 1880.7
1274270 1879.1
1274280 1879.1
1274290 1879.1
1274300 1884.8
1274310 1884.8
1274320 1885.7
1274330 1886.3
1274340 1886.3
1274350 1886.7
1274360 1888.0
1274370 1888.0
1274380 1889.4
1274390 1890.7
1274400 1890.7
1274410 1893.5
1274420 1895.4
1274430 1895.4
1274440 1895.8
1274450 1895.6
1274460 1894.9
1274470 1894.9
1274480 1894.4
1274490 1895.2
1274500 1895.2
1274510 1898.2
1274520 1901.2
1274530 1901.2
1274540 1902.5
1274550 1904.4
1274560 1904.4
1274570 1903.9
1274580 1903.6
1274590 1903.6
1274600 1905.8
1274610 1905.4
1274620 1905.4
1274630 1903.5
1274640 1903.6
1274650 1903.6
1274660 1903.8
1274670 1903.8
1274680 1903.8
1274690 1903.8
1274700 1903.1
1274710 1899.4
1274720 1899.4
1274730 1895.5
1274740 1891.5
1274750 1891.5
1274760 1888.4
1274770 1884.9
1274780 1884.9
1274790 1881.1
1274800 1877.0
1274810 1877.0
1274820 1874.0
1274830 1870.0
1274840 1870.0
1274850 1865.2
1274860 1859.3
1274870 1859.3
1274880 1854.8
1274890 1852.0
1274900 1849.7
1274910 1853.4
1274920 1852.2
1274930 1850.9
1274940 1850.9
1274950 1849.4
1274960 1847.5
1274970 1847.5
1274980 1845.3
1274990 1842.7
1275000 1842.7
1275010 1840.2
1275020 1837.7
1275030 1837.7
1275040 1835.6
1275050 1832.7
1275060 1832.7
1275070 1829.1
1275080 1826.5
1275090 1826.5
1275100 1824.5
1275110 1823.4
1275120 1821.1
1275130 1821.1
1275140 1818.4
1275150 1816.1
1275160 1816.1
1275170 1814.6
1275180 1812.8
1275190 1812.8
1275200 1809.8
1275210 1806.1
1275220 1806.1
1275230 1801.7
1275240 1797.4
1275250 1797.4
1275260 1792.8
1275270 1789.5
1275280 1789.5
1275290 1787.1
1275300 1783.6
1275310 1783.6
1275320 1780.2
1275330 1777.4
1275340 1773.9
1275350 1773.9
1275360 1769.2
1275370 1765.3
1275380 1765.3
1275390 1762.5
1275400 1759.3
1275410 1759.3
1275420 1756.6
1275430 1754.4
1275440 1754.4
1275450 1751.0
1275460 1748.2
1275470 1748.2
1275480 1745.2
1275490 1742.1
1275500 1742.1
1275510 1743.0
1275520 1741.1
1275530 1741.1
1275540 1739.3
1275550 1737.3
1275560 1735.4
1275570 1735.4
1275580 1732.7
1275590 1729.2
1275600 1729.2
1275610 1725.4
1275620 1721.0
1275630 1721.0
1275640 1716.9
1275650 1715.1
1275660 1715.1
1275670 1712.2
1275680 1708.0
1275690 1708.0
1275700 1702.5
1275710 1697.0
1275720 1697.0
1275730 1693.6
1275740 1692.2
1275750 1691.1
1275760 1691.1
1275770 1689.3
1275780 1686.2
1275790 1686.2
1275800 1682.2
1275810 1678.2
1275820 1678.2
1275830 1674.5
1275840 1671.0
1275850 1671.0
1275860 1667.3
1275870 1663.3
1275880 1663.3
1275890 1659.1
1275900 1654.7
1275910 1654.7
1275920 1651.3
1275930 1648.1
1275940 1648.1
1275950 1645.0
1275960 1642.2
1275970 1640.2
1275980 1640.2
1275990 1637.4
1276000 1634.0
1276010 1634.0
1276020 1630.3
1276030 1626.9
1276040 1626.9
1276050 1622.8
1276060 1618.5
1276070 1618.5
1276080 1613.2
1276090 1608.0
1276100 1608.0
1276110 1603.6
1276120 1601.4
1276130 1601.4
1276140 1597.4
1276150 1594.2
1276160 1594.2
1276170 1591.0
1276180 1587.8
1276190 1584.2
1276200 1584.2
1276210 1580.1
1276220 1575.3
1276230 1575.3
1276240 1569.9
1276250 1564.2
1276260 1564.2
1276270 1559.1
1276280 1554.2
1276290 1554.2
1276300 1550.0
1276310 1546.3
1276320 1546.3
1276330 1543.1
1276340 1540.2
1276350 1540.2
1276360 1536.6
1276370 1530.6
1276380 1530.6
1276390 1525.7
1276400 1521.6
1276410 1517.8
1276420 1517.8
1276430 1515.0
1276440 1511.5
1276450 1511.5
1276460 1508.9
1276470 1505.5
1276480 1505.5
1276490 1502.0
1276500 1498.9
1276510 1498.9
1276520 1495.9
1276530 1493.1
1276540 1493.1
1276550 1490.2
1276560 1486.3
1276570 1486.3
1276580 1480.6
1276590 1475.5
1276600 1475.5
1276610 1470.3
1276620 1465.5
1276630 1460.8
1276640 1460.8
1276650 1456.3
1276660 1452.3
1276670 1452.3
1276680 1447.0
1276690 1442.6
1276700 1442.6
1276710 1437.9
1276720 1432.0
1276730 1434.8
1276740 1428.9
1276750 1424.1
1276760 1424.1
1276770 1418.9
1276780 1414.3
1276790 1414.3
1276800 1409.5
1276810 1402.8
1276820 1402.8
1276830 1396.3
1276840 1390.8
1276850 1387.4
1276860 1387.4
1276870 1386.5
1276880 1385.4
1276890 1385.4
1276900 1384.1
1276910 1382.8
1276920 1382.8
1276930 1381.8
1276940 1381.5
1276950 1381.5
1276960 1381.3
1276970 1381.3
1276980 1381.3
1276990 1382.5
1277000 1383.3
1277010 1383.3
1277020 1383.4
1277030 1383.4
1277040 1383.4
1277050 1383.6
1277060 1384.1
1277070 1384.5
1277080 1384.5
1277090 1385.1
1277100 1385.6
1277110 1385.6
1277120 1385.9
1277130 1385.7
1277140 1385.7
1277150 1385.5
1277160 1385.4
1277170 1385.4
1277180 1385.8
1277190 1386.0
1277200 1386.0
1277210 1386.5
1277220 1386.0
1277230 1386.0
1277240 1383.1
1277250 1378.5
1277260 1378.5
1277270 1374.0
1277280 1369.7
1277290 1365.3
1277300 1365.3
1277310 1360.4
1277320 1355.2
1277330 1355.2
1277340 1348.1
1277350 1344.5
1277360 1344.5
1277370 1341.6
1277380 1339.5
1277390 1339.5
1277400 1338.2
1277410 1337.4
1277420 1337.4
1277430 1336.9
1277440 1337.3
1277450 1337.3
1277460 1338.2
1277470 1339.1
1277480 1339.1
1277490 1338.5
1277500 1337.4
1277510 1337.2
1277520 1337.2
1277530 1337.4
1277540 1334.0
1277550 1334.0
1277560 1329.7
1277570 1328.4
1277580 1328.4
1277590 1327.2
1277600 1325.7
1277610 1325.7
1277620 1324.1
1277630 1321.4
1277640 1321.4
1277650 1316.8
1277660 1310.9
1277670 1310.9
1277680 1303.7
1277690 1294.9
1277700 1294.9
1277710 1285.9
1277720 1278.2
1277730 1272.4
1277740 1272.4
1277750 1266.1
1277760 1260.4
1277770 1260.4
1277780 1255.6
1277790 1250.8
1277800 1250.8
1277810 1245.7
1277820 1240.9
1277830 1240.9
1277840 1236.1
1277850 1232.4
1277860 1232.4
1277870 1228.9
1277880 1225.5
1277890 1225.5
1277900 1223.2
1277910 1222.3
1277920 1222.3
1277930 1221.5
1277940 1220.6
1277950 1225.1
1277960 1225.1
1277970 1224.9
1277980 1224.3
1277990 1224.3
1278000 1223.8
1278010 1223.6
1278020 1223.6
1278030 1223.5
1278040 1223.7
1278050 1223.7
1278060 1223.5
1278070 1223.0
1278080 1223.0
1278090 1221.7
1278100 1220.2
1278110 1220.2
1278120 1219.9
1278130 1218.2
1278140 1218.2
1278150 1216.4
1278160 1215.4
1278170 1213.7
1278180 1213.7
1278190 1211.7
1278200 1209.1
1278210 1209.1
1278220 1205.0
1278230 1199.7
1278240 1199.7
1278250 1194.6
1278260 1182.2
1278270 1182.2
1278280 1161.6
1278290 1151.3
1278300 1151.3
1278310 1146.4
1278320 1140.1
1278330 1140.1
1278340 1136.5
1278350 1134.7
1278360 1134.7
1278370 1129.6
1278380 1118.5
1278390 1110.5
1278400 1110.5
1278410 1109.4
1278420 1107.9
1278430 1107.9
1278440 1104.2
1278450 1100.4
1278460 1100.4
1278470 1096.9
1278480 1095.1
1278490 1095.1
1278500 1094.1
1278510 1092.1
1278520 1092.1
1278530 1091.1
1278540 1087.0
1278550 1087.0
1278560 1087.7
1278570 1091.9
1278580 1091.9
1278590 1093.6
1278600 1092.8
1278610 1093.5
1278620 1093.5
1278630 1098.7
1278640 1107.0
1278650 1107.0
1278660 1114.4
1278670 1118.1
1278680 1118.1
1278690 1114.2
1278700 1119.6
1278710 1119.6
1278720 1129.8
1278730 1134.9
1278740 1134.9
1278750 1136.8
1278760 1138.4
1278770 1138.4
1278780 1141.7
1278790 1145.5
1278800 1145.5
1278810 1149.7
1278820 1153.3
1278830 1157.1
1278840 1157.1
1278850 1161.8
1278860 1166.9
1278870 1166.9
1278880 1171.5
1278890 1176.8
1278900 1176.8
1278910 1183.2
1278920 1190.3
1278930 1190.3
1278940 1197.3
1278950 1203.1
1278960 1203.1
1278970 1209.2
1278980 1215.0
1278990 1215.0
1279000 1221.1
1279010 1227.6
1279020 1234.3
1279030 1234.3
1279040 1241.3
1279050 1248.4
1279060 1248.4
1279070 1255.2
1279080 1262.2
1279090 1262.2
1279100 1268.7
1279110 1276.0
1279120 1276.0
1279130 1283.5
1279140 1291.3
1279150 1291.3
1279160 1299.4
1279170 1307.3
1279180 1307.3
1279190 1312.9
1279200 1320.9
1279210 1320.9
1279220 1327.2
1279230 1334.1
1279240 1339.8
1279250 1339.8
1279260 1346.3
1279270 1352.6
1279280 1352.6
1279290 1358.8
1279300 1364.4
1279310 1364.4
1279320 1368.9
1279330 1372.6
1279340 1372.6
1279350 1376.5
1279360 1380.2
1279370 1380.2
1279380 1383.3
1279390 1385.5
1279400 1385.5
1279410 1388.9
1279420 1393.6
1279430 1393.6
1279440 1397.1
1279450 1400.5
1279460 1404.4
1279470 1404.4
1279480 1408.5
1279490 1413.5
1279500 1413.5
1279510 1418.7
1279520 1422.0
1279530 1422.0
1279540 1424.7
1279550 1427.7
1279560 1427.7
1279570 1429.4
1279580 1431.9
1279590 1431.9
1279600 1435.2
1279610 1438.7
1279620 1438.7
1279630 1440.8
1279640 1441.4
1279650 1441.4
1279660 1440.2
1279670 1436.6
1279680 1428.9
1279690 1428.9
1279700 1413.5
1279710 1394.9
1279720 1394.9
1279730 1370.3
1279740 1356.6
1279750 1356.6
1279760 1354.9
1279770 1353.4
1279780 1353.4
1279790 1350.6
1279800 1339.8
1279810 1339.8
1279820 1339.8
1279830 1341.0
1279840 1341.0
1279850 1343.7
1279860 1345.3
1279870 1345.3
1279880 1346.8
1279890 1348.7
1279900 1349.5
1279910 1349.5
1279920 1350.0
1279930 1352.4
1279940 1352.4
1279950 1354.6
1279960 1355.7
1279970 1355.7
1279980 1356.0
1279990 1356.7
