1260000 1924.4
1260010 1920.0
1260020 1916.0
1260030 1911.2
1260040 1911.2
1260050 1905.7
1260060 1901.2
1260070 1901.2
1260080 1897.2
1260090 1893.2
1260100 1893.2
1260110 1887.6
1260120 1879.3
1260130 1879.3
1260140 1874.2
1260150 1872.4
1260160 1872.4
1260170 1869.6
1260180 1866.8
1260190 1866.8
1260200 1865.0
1260210 1862.9
1260220 1862.9
1260230 1857.7
1260240 1852.0
1260250 1846.2
1260260 1846.2
1260270 1839.6
1260280 1832.0
1260290 1832.0
1260300 1824.1
1260310 1816.4
1260320 1816.4
1260330 1809.2
1260340 1802.2
1260350 1802.2
1260360 1795.4
1260370 1786.8
1260380 1786.8
1260390 1777.3
1260400 1761.8
1260410 1761.8
1260420 1751.0
1260430 1741.3
1260440 1741.3
1260450 1734.1
1260460 1727.8
1260470 1721.6
1260480 1721.6
1260490 1711.9
1260500 1703.4
1260510 1703.4
1260520 1693.7
1260530 1685.7
1260540 1685.7
1260550 1683.8
1260560 1680.0
1260570 1680.0
1260580 1673.4
1260590 1669.1
1260600 1669.1
1260610 1664.5
1260620 1660.2
1260630 1660.2
1260640 1656.6
1260650 1653.4
1260660 1653.4
1260670 1650.0
1260680 1646.1
1260690 1642.3
1260700 1642.3
1260710 1638.5
1260720 1635.0
1260730 1635.0
1260740 1631.2
1260750 1627.5
1260760 1627.5
1260770 1623.5
1260780 1619.4
1260790 1619.4
1260800 1614.5
1260810 1608.8
1260820 1608.8
1260830 1602.4
1260840 1595.7
1260850 1595.7
1260860 1588.5
1260870 1581.5
1260880 1581.5
1260890 1574.6
1260900 1567.8
1260910 1563.3
1260920 1563.3
1260930 1561.9
1260940 1560.9
1260950 1560.9
1260960 1562.0
1260970 1561.9
1260980 1561.9
1260990 1562.0
1261000 1561.9
1261010 1561.9
1261020 1561.6
1261030 1561.5
1261040 1561.5
1261050 1561.4
1261060 1561.2
1261070 1561.2
1261080 1561.5
1261090 1559.7
1261100 1559.7
1261110 1558.3
1261120 1557.9
1261130 1558.1
1261140 1558.1
1261150 1559.8
1261160 1561.1
1261170 1561.1
1261180 1561.7
1261190 1563.0
1261200 1563.0
1261210 1564.2
1261220 1566.0
1261230 1566.0
1261240 1567.9
1261250 1569.7
1261260 1569.7
1261270 1571.5
1261280 1573.6
1261290 1573.6
1261300 1576.1
1261310 1578.9
1261320 1578.9
1261330 1581.4
1261340 1584.5
1261350 1588.2
1261360 1588.2
1261370 1591.6
1261380 1595.1
1261390 1595.1
1261400 1598.9
1261410 1602.6
1261420 1602.6
1261430 1606.4
1261440 1610.1
1261450 1610.1
1261460 1614.4
1261470 1618.8
1261480 1618.8
1261490 1627.0
1261500 1653.3
1261510 1653.3
1261520 1692.5
1261530 1722.5
1261540 1722.5
1261550 1728.5
1261560 1733.3
1261570 1740.4
1261580 1740.4
1261590 1744.8
1261600 1748.3
1261610 1748.3
1261620 1757.0
1261630 1761.7
1261640 1761.7
1261650 1765.6
1261660 1767.8
1261670 1767.8
1261680 1768.6
1261690 1770.8
1261700 1770.8
1261710 1770.2
1261720 1767.9
1261730 1767.9
1261740 1765.9
1261750 1764.0
1261760 1764.0
1261770 1762.7
1261780 1771.0
1261790 1776.4
1261800 1776.4
1261810 1779.6
1261820 1782.8
1261830 1782.8
1261840 1787.1
1261850 1792.4
1261860 1792.4
1261870 1799.0
1261880 1805.9
1261890 1805.9
1261900 1811.6
1261910 1814.1
1261920 1814.1
1261930 1816.8
1261940 1822.6
1261950 1822.6
1261960 1829.2
1261970 1835.9
1261980 1835.9
1261990 1843.7
1262000 1851.6
1262010 1858.2
1262020 1858.2
1262030 1863.1
1262040 1868.0
1262050 1868.0
1262060 1870.8
1262070 1868.8
1262080 1868.8
1262090 1868.4
1262100 1884.3
1262110 1884.3
1262120 1897.3
1262130 1924.9
1262140 1924.9
1262150 1962.1
1262160 1979.7
1262170 1979.7
1262180 1991.6
1262190 2000.3
1262200 2000.3
1262210 2007.3
1262220 2016.0
1262230 2028.0
1262240 2028.0
1262250 2038.1
1262260 2045.9
1262270 2045.9
1262280 2057.9
1262290 2069.9
1262300 2069.9
1262310 2076.5
1262320 2079.9
1262330 2079.9
1262340 2084.2
1262350 2088.5
1262360 2088.5
1262370 2091.8
1262380 2092.8
1262390 2092.8
1262400 2093.7
1262410 2099.9
1262420 2099.9
1262430 2109.3
1262440 2121.8
1262450 2136.2
1262460 2136.2
1262470 2149.9
1262480 2167.0
1262490 2167.0
1262500 2202.8
1262510 2213.8
1262520 2213.8
1262530 2220.4
1262540 2227.6
1262550 2227.6
1262560 2236.2
1262570 2254.6
1262580 2254.6
1262590 2268.2
1262600 2276.0
1262610 2276.0
1262620 2291.6
1262630 2306.6
1262640 2306.6
1262650 2321.3
1262660 2334.4
1262670 2338.0
1262680 2338.0
1262690 2361.8
1262700 2375.9
1262710 2375.9
1262720 2385.7
1262730 2404.0
1262740 2404.0
1262750 2415.1
1262760 2424.1
1262770 2424.1
1262780 2429.3
1262790 2432.2
1262800 2432.2
1262810 2437.3
1262820 2439.2
1262830 2439.2
1262840 2445.7
1262850 2448.6
1262860 2448.6
1262870 2449.6
1262880 2448.0
1262890 2445.8
1262900 2445.8
1262910 2443.2
1262920 2442.2
1262930 2442.2
1262940 2435.0
1262950 2408.5
1262960 2408.5
1262970 2375.9
1262980 2373.8
1262990 2373.8
1263000 2375.7
1263010 2369.4
1263020 2369.4
1263030 2359.8
1263040 2350.8
1263050 2350.8
1263060 2347.2
1263070 2337.5
1263080 2337.5
1263090 2322.4
1263100 2315.6
1263110 2309.1
1263120 2309.1
1263130 2301.5
1263140 2302.9
1263150 2302.9
1263160 2304.6
1263170 2311.0
1263180 2311.0
1263190 2330.2
1263200 2350.7
1263210 2350.7
1263220 2374.1
1263230 2391.3
1263240 2390.3
1263250 2397.1
1263260 2398.3
1263270 2398.3
1263280 2398.2
1263290 2397.7
1263300 2397.7
1263310 2393.6
1263320 2389.4
1263330 2387.3
1263340 2387.3
1263350 2389.6
1263360 2398.6
1263370 2398.6
1263380 2395.8
1263390 2392.0
1263400 2392.0
1263410 2390.1
1263420 2391.3
1263430 2391.3
1263440 2393.5
1263450 2397.7
1263460 2397.7
1263470 2403.2
1263480 2409.7
1263490 2409.7
1263500 2417.6
1263510 2430.6
1263520 2430.6
1263530 2433.3
1263540 2428.0
1263550 2423.0
1263560 2423.0
1263570 2417.7
1263580 2411.4
1263590 2411.4
1263600 2404.8
1263610 2398.6
1263620 2398.6
1263630 2393.6
1263640 2390.0
1263650 2390.0
1263660 2386.9
1263670 2385.6
1263680 2385.6
1263690 2388.6
1263700 2389.3
1263710 2389.3
1263720 2386.8
1263730 2386.6
1263740 2386.6
1263750 2385.3
1263760 2379.2
1263770 2372.6
1263780 2372.6
1263790 2364.4
1263800 2354.2
1263810 2354.2
1263820 2332.3
1263830 2335.2
1263840 2335.2
1263850 2344.1
1263860 2342.9
1263870 2342.9
1263880 2336.3
1263890 2331.2
1263900 2331.2
1263910 2325.7
1263920 2318.6
1263930 2318.6
1263940 2311.6
1263950 2304.3
1263960 2304.3
1263970 2296.4
1263980 2289.5
1263990 2283.3
1264000 2283.3
1264010 2276.3
1264020 2269.5
1264030 2269.5
1264040 2265.3
1264050 2258.8
1264060 2258.8
1264070 2251.8
1264080 2244.1
1264090 2244.1
1264100 2234.5
1264110 2226.3
1264120 2226.3
1264130 2219.4
1264140 2212.3
1264150 2212.3
1264160 2204.5
1264170 2196.3
1264180 2196.3
1264190 2188.3
1264200 2175.4
1264210 2164.6
1264220 2164.6
1264230 2162.1
1264240 2163.5
1264250 2163.5
1264260 2164.8
1264270 2167.1
1264280 2167.1
1264290 2168.4
1264300 2170.2
1264310 2170.2
1264320 2176.6
1264330 2181.4
1264340 2181.4
1264350 2182.3
1264360 2183.7
1264370 2183.7
1264380 2195.9
1264390 2196.4
1264400 2196.4
1264410 2205.9
1264420 2232.0
1264430 2251.6
1264440 2251.6
1264450 2272.0
1264460 2285.7
1264470 2285.7
1264480 2294.3
1264490 2300.8
1264500 2300.8
1264510 2306.1
1264520 2310.4
1264530 2310.4
1264540 2307.8
1264550 2300.3
1264560 2300.3
1264570 2293.8
1264580 2287.6
1264590 2287.6
1264600 2281.6
1264610 2277.5
1264620 2277.5
1264630 2274.9
1264640 2273.3
1264650 2272.1
1264660 2272.1
1264670 2271.8
1264680 2272.7
1264690 2272.7
1264700 2273.1
1264710 2271.7
1264720 2271.7
1264730 2269.1
1264740 2266.5
1264750 2266.5
1264760 2264.2
1264770 2261.8
1264780 2261.8
1264790 2259.1
1264800 2257.9
1264810 2257.9
1264820 2258.0
1264830 2258.9
1264840 2260.2
1264850 2260.2
1264860 2261.3
1264870 2262.0
1264880 2262.0
1264890 2262.2
1264900 2262.7
1264910 2262.7
1264920 2263.1
1264930 2262.4
1264940 2262.4
1264950 2259.7
1264960 2257.4
1264970 2256.8
1264980 2255.1
1264990 2251.5
1265000 2251.5
1265010 2249.6
1265020 2248.6
1265030 2248.6
1265040 2246.6
1265050 2244.7
1265060 2241.4
1265070 2241.4
1265080 2237.5
1265090 2233.8
1265100 2233.8
1265110 2230.7
1265120 2228.3
1265130 2228.3
1265140 2230.2
1265150 2235.9
1265160 2235.9
1265170 2241.8
1265180 2242.5
1265190 2242.5
1265200 2236.1
1265210 2231.3
1265220 2231.3
1265230 2228.9
1265240 2225.2
1265250 2225.2
1265260 2220.6
1265270 2215.5
1265280 2210.6
1265290 2210.6
1265300 2207.0
1265310 2205.0
1265320 2205.0
1265330 2202.1
1265340 2199.2
1265350 2199.2
1265360 2196.4
1265370 2192.9
1265380 2192.9
1265390 2188.9
1265400 2186.0
1265410 2186.0
1265420 2182.7
1265430 2179.4
1265440 2179.4
1265450 2176.7
1265460 2175.3
1265470 2175.3
1265480 2173.1
1265490 2169.6
1265500 2165.9
1265510 2165.9
1265520 2161.9
1265530 2157.9
1265540 2157.9
1265550 2159.8
1265560 2157.2
1265570 2157.2
1265580 2154.1
1265590 2150.0
1265600 2150.0
1265610 2146.9
1265620 2144.3
1265630 2144.3
1265640 2142.7
1265650 2140.9
1265660 2140.9
1265670 2138.0
1265680 2134.0
1265690 2134.0
1265700 2131.0
1265710 2128.8
1265720 2126.2
1265730 2126.2
1265740 2123.9
1265750 2121.4
1265760 2121.4
1265770 2118.7
1265780 2116.5
1265790 2116.5
1265800 2114.8
1265810 2114.0
1265820 2114.0
1265830 2112.9
1265840 2111.2
1265850 2111.2
1265860 2112.2
1265870 2113.4
1265880 2113.4
1265890 2111.2
1265900 2109.0
1265910 2109.0
1265920 2105.4
1265930 2102.4
1265940 2100.4
1265950 2100.4
1265960 2098.8
1265970 2097.5
1265980 2097.5
1265990 2097.0
1266000 2095.4
1266010 2095.4
1266020 2093.2
1266030 2092.5
1266040 2092.5
1266050 2093.5
1266060 2094.1
1266070 2094.1
1266080 2093.4
1266090 2093.3
1266100 2093.3
1266110 2093.8
1266120 2094.7
1266130 2097.7
1266140 2097.5
1266150 2097.8
1266160 2097.4
1266170 2097.4
1266180 2097.4
1266190 2099.1
1266200 2099.1
1266210 2100.4
1266220 2100.0
1266230 2100.0
1266240 2100.4
1266250 2102.8
1266260 2102.8
1266270 2108.2
1266280 2112.8
1266290 2112.8
1266300 2114.6
1266310 2107.1
1266320 2107.1
1266330 2100.6
1266340 2105.1
1266350 2105.1
1266360 2108.6
1266370 2113.8
1266380 2118.2
1266390 2118.2
1266400 2114.0
1266410 2106.1
1266420 2106.1
1266430 2098.8
1266440 2115.5
1266450 2115.5
1266460 2135.2
1266470 2141.7
1266480 2141.7
1266490 2146.4
1266500 2149.3
1266510 2149.3
1266520 2148.5
1266530 2149.3
1266540 2149.3
1266550 2152.6
1266560 2157.8
1266570 2157.8
1266580 2163.7
1266590 2169.4
1266600 2174.5
1266610 2174.5
1266620 2176.4
1266630 2174.4
1266640 2174.4
1266650 2169.8
1266660 2163.2
1266670 2163.2
1266680 2154.4
1266690 2146.2
1266700 2146.2
1266710 2143.7
1266720 2133.5
1266730 2133.5
1266740 2122.6
1266750 2109.9
1266760 2109.9
1266770 2077.4
1266780 2023.0
1266790 2023.0
1266800 2009.5
1266810 2008.2
1266820 2008.8
1266830 2008.8
1266840 2009.7
1266850 2008.9
1266860 2008.9
1266870 2003.5
1266880 1996.0
1266890 1996.0
1266900 1988.3
1266910 1981.0
1266920 1981.0
1266930 1973.3
1266940 1962.2
1266950 1962.2
1266960 1934.0
1266970 1874.3
1266980 1874.3
1266990 1866.2
1267000 1873.4
1267010 1873.4
1267020 1893.3
1267030 1925.5
1267040 1938.7
1267050 1938.7
1267060 1939.6
1267070 1933.8
1267080 1933.8
1267090 1917.5
1267100 1892.6
1267110 1892.6
1267120 1879.9
1267130 1867.6
1267140 1867.6
1267150 1852.0
1267160 1830.1
1267170 1830.1
1267180 1818.0
1267190 1814.6
1267200 1814.6
1267210 1806.8
1267220 1779.2
1267230 1779.2
1267240 1746.9
1267250 1734.0
1267260 1724.6
1267270 1724.6
1267280 1729.8
1267290 1719.6
1267300 1719.6
1267310 1722.6
1267320 1731.6
1267330 1731.6
1267340 1743.9
1267350 1759.7
1267360 1759.7
1267370 1770.8
1267380 1769.9
1267390 1769.9
1267400 1763.9
1267410 1754.7
1267420 1754.7
1267430 1745.0
1267440 1731.6
1267450 1731.6
1267460 1719.7
1267470 1710.9
1267480 1701.4
1267490 1701.4
1267500 1691.6
1267510 1679.2
1267520 1679.2
1267530 1669.4
1267540 1651.2
1267550 1651.2
1267560 1636.3
1267570 1633.6
1267580 1633.6
1267590 1633.9
1267600 1638.2
1267610 1638.2
1267620 1646.7
1267630 1647.5
1267640 1647.5
1267650 1642.0
1267660 1633.7
1267670 1633.7
1267680 1622.1
1267690 1593.2
1267700 1575.3
1267710 1575.3
1267720 1565.9
1267730 1555.9
1267740 1555.9
1267750 1535.6
1267760 1520.5
1267770 1520.5
1267780 1514.2
1267790 1508.5
1267800 1508.5
1267810 1495.3
1267820 1486.4
1267830 1486.4
1267840 1484.3
1267850 1491.1
1267860 1491.1
1267870 1483.2
1267880 1496.9
1267890 1496.9
1267900 1511.4
1267910 1513.9
1267920 1507.1
1267930 1507.1
1267940 1507.7
1267950 1508.3
1267960 1508.3
1267970 1500.0
1267980 1489.9
1267990 1489.9
1268000 1484.2
1268010 1478.0
1268020 1478.0
1268030 1472.5
1268040 1467.3
1268050 1467.3
1268060 1461.8
1268070 1456.2
1268080 1456.2
1268090 1450.4
1268100 1443.5
1268110 1443.5
1268120 1436.0
1268130 1421.6
1268140 1411.1
1268150 1411.1
1268160 1400.9
1268170 1395.4
1268180 1395.4
1268190 1389.8
1268200 1384.4
1268210 1384.4
1268220 1379.1
1268230 1373.7
1268240 1373.7
1268250 1368.8
1268260 1364.3
1268270 1364.3
1268280 1359.6
1268290 1355.0
1268300 1355.0
1268310 1350.6
1268320 1346.8
1268330 1346.8
1268340 1344.7
1268350 1342.4
1268360 1339.3
1268370 1339.3
1268380 1335.6
1268390 1331.4
1268400 1331.4
1268410 1327.1
1268420 1322.9
1268430 1322.9
1268440 1318.3
1268450 1313.0
1268460 1309.7
1268470 1304.1
1268480 1297.8
1268490 1297.8
1268500 1293.2
1268510 1289.3
1268520 1289.3
1268530 1284.4
1268540 1279.7
1268550 1279.7
1268560 1276.2
1268570 1273.5
1268580 1270.6
1268590 1270.6
1268600 1268.1
1268610 1266.8
1268620 1266.8
1268630 1264.3
1268640 1260.5
1268650 1260.5
1268660 1255.3
1268670 1252.1
1268680 1252.1
1268690 1248.4
1268700 1243.3
1268710 1243.3
1268720 1240.2
1268730 1238.8
1268740 1238.8
1268750 1238.5
1268760 1237.0
1268770 1237.0
1268780 1234.3
1268790 1231.3
1268800 1229.5
1268810 1229.5
1268820 1228.9
1268830 1228.2
1268840 1228.2
1268850 1226.5
1268860 1225.5
1268870 1225.5
1268880 1222.7
1268890 1221.9
1268900 1221.9
1268910 1220.9
1268920 1220.6
1268930 1220.6
1268940 1220.4
1268950 1219.2
1268960 1219.2
1268970 1217.7
1268980 1216.9
1268990 1216.9
1269000 1216.7
1269010 1216.5
1269020 1215.8
1269030 1215.8
1269040 1214.8
1269050 1213.5
1269060 1213.5
1269070 1212.5
1269080 1211.5
1269090 1211.5
1269100 1210.4
1269110 1209.4
1269120 1209.4
1269130 1208.2
1269140 1207.1
1269150 1207.1
1269160 1205.8
1269170 1204.3
1269180 1204.3
1269190 1202.9
1269200 1202.7
1269210 1202.7
1269220 1201.3
1269230 1198.5
1269240 1197.6
1269250 1197.6
1269260 1197.1
1269270 1195.8
1269280 1195.8
1269290 1195.2
1269300 1195.2
1269310 1195.2
1269320 1195.2
1269330 1194.7
1269340 1194.7
1269350 1194.0
1269360 1193.8
1269370 1193.8
1269380 1194.3
1269390 1194.7
1269400 1194.7
1269410 1194.6
1269420 1194.4
1269430 1194.4
1269440 1194.1
1269450 1193.9
1269460 1193.8
1269470 1193.8
1269480 1193.7
1269490 1193.7
1269500 1193.7
1269510 1193.6
1269520 1193.3
1269530 1193.3
1269540 1193.7
1269550 1193.5
1269560 1193.5
1269570 1193.3
1269580 1193.3
1269590 1193.3
1269600 1193.3
1269610 1193.2
1269620 1193.2
1269630 1193.2
1269640 1193.2
1269650 1193.2
1269660 1193.1
1269670 1193.1
1269680 1193.1
1269690 1193.1
1269700 1193.1
1269710 1193.0
1269720 1193.0
1269730 1193.0
1269740 1192.9
1269750 1192.9
1269760 1192.8
1269770 1192.8
1269780 1192.8
1269790 1192.7
1269800 1192.7
1269810 1192.7
1269820 1192.8
1269830 1192.8
1269840 1192.8
1269850 1192.9
1269860 1192.9
1269870 1192.9
1269880 1192.9
1269890 1192.8
1269900 1192.8
1269910 1192.8
1269920 1192.7
1269930 1192.6
1269940 1192.6
1269950 1192.5
1269960 1192.4
1269970 1192.4
1269980 1192.3
1269990 1192.3
1270000 1192.3
1270010 1192.2
1270020 1192.0
1270030 1192.0
1270040 1193.3
1270050 1195.8
1270060 1195.8
1270070 1196.8
1270080 1197.5
1270090 1197.5
1270100 1198.4
1270110 1200.0
1270120 1201.1
1270130 1201.1
1270140 1202.1
1270150 1203.8
1270160 1203.8
1270170 1205.0
1270180 1205.8
1270190 1205.8
1270200 1206.6
1270210 1207.8
1270220 1207.8
1270230 1209.8
1270240 1211.7
1270250 1211.7
1270260 1213.2
1270270 1214.5
1270280 1214.5
1270290 1216.3
1270300 1218.0
1270310 1218.0
1270320 1219.6
1270330 1221.3
1270340 1223.1
1270350 1223.1
1270360 1224.9
1270370 1226.7
1270380 1226.7
1270390 1228.3
1270400 1230.2
1270410 1230.2
1270420 1230.6
1270430 1230.4
1270440 1230.4
1270450 1231.6
1270460 1233.4
1270470 1233.4
1270480 1235.4
1270490 1237.4
1270500 1237.4
1270510 1239.5
1270520 1241.1
1270530 1241.1
1270540 1242.3
1270550 1243.7
1270560 1245.0
1270570 1245.0
1270580 1246.0
1270590 1246.4
1270600 1246.4
1270610 1245.8
1270620 1245.6
1270630 1245.6
1270640 1246.4
1270650 1247.7
1270660 1247.7
1270670 1248.8
1270680 1249.6
1270690 1249.6
1270700 1250.4
1270710 1251.0
1270720 1251.0
1270730 1251.7
1270740 1252.5
1270750 1252.5
1270760 1253.4
1270770 1253.9
1270780 1255.0
1270790 1255.0
1270800 1256.3
1270810 1257.5
1270820 1260.1
1270830 1261.3
1270840 1262.9
1270850 1262.9
1270860 1264.8
1270870 1267.0
1270880 1267.0
1270890 1269.4
1270900 1273.0
1270910 1273.0
1270920 1275.4
1270930 1276.8
1270940 1276.8
1270950 1279.0
1270960 1281.4
1270970 1281.4
1270980 1284.9
1270990 1289.7
1271000 1295.4
1271010 1295.4
1271020 1298.9
1271030 1301.3
1271040 1301.3
1271050 1304.1
1271060 1306.9
1271070 1306.9
1271080 1310.0
1271090 1312.4
1271100 1312.4
1271110 1313.8
1271120 1316.5
1271130 1316.5
1271140 1320.0
1271150 1322.1
1271160 1322.1
1271170 1322.7
1271180 1324.5
1271190 1324.5
1271200 1327.4
1271210 1329.2
1271220 1331.0
1271230 1331.0
1271240 1332.9
1271250 1335.0
1271260 1335.0
1271270 1336.1
1271280 1337.7
1271290 1337.7
1271300 1339.5
1271310 1340.8
1271320 1340.8
1271330 1342.0
1271340 1343.8
1271350 1343.8
1271360 1345.2
1271370 1347.0
1271380 1347.0
1271390 1349.7
1271400 1352.1
1271410 1358.3
1271420 1357.6
1271430 1358.6
1271440 1359.5
1271450 1359.5
1271460 1358.6
1271470 1361.4
1271480 1361.4
1271490 1366.9
1271500 1370.9
1271510 1370.9
1271520 1373.2
1271530 1374.3
1271540 1374.3
1271550 1374.9
1271560 1375.9
1271570 1375.9
1271580 1376.7
1271590 1378.3
1271600 1378.3
1271610 1380.7
1271620 1382.1
1271630 1382.1
1271640 1382.5
1271650 1384.0
1271660 1386.4
1271670 1386.4
1271680 1389.0
1271690 1390.3
1271700 1390.3
1271710 1390.9
1271720 1392.3
1271730 1392.3
1271740 1396.0
1271750 1401.5
1271760 1401.5
1271770 1406.2
1271780 1410.5
1271790 1410.5
1271800 1417.1
1271810 1424.4
1271820 1424.4
1271830 1430.3
1271840 1435.5
1271850 1435.5
1271860 1437.2
1271870 1436.3
1271880 1437.4
1271890 1437.4
1271900 1438.1
1271910 1437.1
1271920 1437.1
1271930 1435.9
1271940 1433.6
1271950 1433.6
1271960 1431.0
1271970 1429.1
1271980 1429.1
1271990 1429.3
1272000 1430.9
1272010 1436.6
1272020 1437.0
1272030 1437.6
1272040 1437.6
1272050 1437.8
1272060 1440.5
1272070 1440.5
1272080 1443.8
1272090 1447.6
1272100 1447.0
1272110 1447.0
1272120 1445.4
1272130 1446.4
1272140 1446.4
1272150 1447.5
1272160 1447.2
1272170 1447.2
1272180 1446.1
1272190 1445.7
1272200 1445.7
1272210 1444.5
1272220 1442.9
1272230 1442.9
1272240 1440.3
1272250 1436.4
1272260 1436.4
1272270 1431.4
1272280 1425.5
1272290 1425.5
1272300 1419.6
1272310 1415.6
1272320 1410.5
1272330 1410.5
1272340 1409.7
1272350 1412.7
1272360 1412.7
1272370 1414.7
1272380 1415.6
1272390 1415.6
1272400 1415.0
1272410 1415.2
1272420 1415.2
1272430 1415.5
1272440 1415.9
1272450 1415.9
1272460 1417.7
1272470 1420.3
1272480 1420.3
1272490 1423.3
1272500 1427.3
1272510 1427.3
1272520 1431.6
1272530 1435.8
1272540 1441.6
1272550 1441.6
1272560 1447.2
1272570 1452.2
1272580 1452.2
1272590 1456.0
1272600 1458.6
1272610 1460.8
1272620 1463.2
1272630 1465.1
1272640 1465.1
1272650 1467.2
1272660 1469.4
1272670 1469.4
1272680 1471.4
1272690 1472.0
1272700 1472.0
1272710 1472.9
1272720 1473.4
1272730 1473.4
1272740 1474.1
1272750 1474.2
1272760 1473.5
1272770 1473.5
1272780 1472.3
1272790 1471.2
1272800 1471.2
1272810 1471.2
1272820 1471.2
1272830 1471.2
1272840 1471.6
1272850 1473.2
1272860 1473.2
1272870 1475.2
1272880 1477.6
1272890 1477.6
1272900 1481.2
1272910 1484.6
1272920 1484.6
1272930 1487.0
1272940 1489.6
1272950 1489.6
1272960 1493.8
1272970 1498.1
1272980 1500.7
1272990 1500.7
1273000 1503.8
1273010 1506.8
1273020 1506.8
1273030 1509.1
1273040 1512.3
1273050 1512.3
1273060 1515.6
1273070 1518.9
1273080 1518.9
1273090 1523.8
1273100 1529.1
1273110 1529.1
1273120 1530.4
1273130 1528.5
1273140 1528.5
1273150 1524.6
1273160 1522.3
1273170 1522.3
1273180 1519.9
1273190 1517.6
1273200 1517.8
1273210 1523.2
1273220 1524.6
1273230 1525.2
1273240 1525.2
1273250 1524.7
1273260 1523.8
1273270 1523.8
1273280 1522.5
1273290 1520.4
1273300 1520.4
1273310 1517.7
1273320 1517.8
1273330 1517.8
1273340 1520.7
1273350 1522.4
1273360 1522.4
1273370 1523.5
1273380 1523.6
1273390 1523.6
1273400 1523.4
1273410 1521.4
1273420 1525.0
1273430 1525.0
1273440 1527.1
1273450 1529.6
1273460 1529.6
1273470 1531.3
1273480 1532.2
1273490 1532.2
1273500 1533.1
1273510 1533.6
1273520 1533.6
1273530 1533.2
1273540 1532.1
1273550 1532.1
1273560 1531.5
1273570 1530.6
1273580 1530.6
1273590 1530.2
1273600 1531.1
1273610 1531.1
1273620 1530.7
1273630 1532.4
1273640 1537.5
1273650 1537.5
1273660 1540.2
1273670 1542.3
1273680 1542.3
1273690 1544.8
1273700 1547.1
1273710 1547.1
1273720 1549.1
1273730 1551.2
1273740 1551.2
1273750 1553.1
1273760 1554.9
1273770 1554.9
1273780 1556.4
1273790 1558.9
1273800 1558.9
1273810 1564.4
1273820 1566.1
1273830 1566.1
1273840 1564.8
1273850 1567.8
1273860 1571.9
1273870 1571.9
1273880 1574.6
1273890 1577.5
1273900 1577.5
1273910 1579.5
1273920 1581.1
1273930 1581.1
1273940 1582.3
1273950 1584.7
1273960 1584.7
1273970 1587.0
1273980 1587.8
1273990 1587.8
1274000 1588.1
1274010 1589.0
1274020 1589.0
1274030 1590.3
1274040 1590.8
1274050 1590.8
1274060 1591.1
1274070 1593.2
1274080 1597.2
1274090 1597.2
1274100 1600.4
1274110 1602.3
1274120 1602.3
1274130 1603.0
1274140 1603.9
1274150 1603.9
1274160 1604.9
1274170 1604.1
1274180 1604.1
1274190 1604.4
1274200 1606.4
1274210 1606.4
1274220 1606.4
1274230 1606.2
1274240 1606.2
1274250 1608.1
1274260 1610.5
1274270 1610.5
1274280 1613.1
1274290 1616.8
1274300 1620.8
1274310 1620.8
1274320 1625.6
1274330 1628.6
1274340 1628.6
1274350 1630.8
1274360 1632.8
1274370 1632.8
1274380 1636.3
1274390 1642.1
1274400 1642.1
1274410 1646.9
1274420 1646.6
1274430 1646.6
1274440 1646.8
1274450 1647.3
1274460 1647.3
1274470 1647.5
1274480 1647.4
1274490 1647.4
1274500 1647.7
1274510 1647.2
1274520 1647.3
1274530 1647.3
1274540 1647.3
1274550 1647.1
1274560 1647.1
1274570 1646.6
1274580 1646.3
1274590 1646.3
1274600 1646.2
1274610 1646.0
1274620 1646.0
1274630 1644.9
1274640 1641.2
1274650 1641.2
1274660 1638.1
1274670 1636.8
1274680 1636.8
1274690 1636.2
1274700 1635.8
1274710 1635.8
1274720 1635.3
1274730 1634.8
1274740 1634.4
1274750 1634.4
1274760 1634.2
1274770 1634.2
1274780 1634.2
1274790 1634.5
1274800 1635.3
1274810 1635.3
1274820 1637.2
1274830 1642.6
1274840 1642.6
1274850 1649.9
1274860 1653.6
1274870 1653.6
1274880 1653.2
1274890 1651.5
1274900 1651.5
1274910 1650.4
1274920 1649.1
1274930 1649.1
1274940 1647.7
1274950 1646.3
1274960 1644.9
1274970 1644.9
1274980 1643.1
1274990 1640.3
1275000 1640.3
1275010 1639.0
1275020 1635.2
1275030 1635.2
1275040 1632.5
1275050 1630.5
1275060 1630.5
1275070 1628.3
1275080 1624.5
1275090 1624.5
1275100 1622.1
1275110 1620.4
1275120 1620.4
1275130 1618.1
1275140 1614.8
1275150 1614.8
1275160 1611.8
1275170 1609.9
1275180 1608.1
1275190 1608.1
1275200 1606.2
1275210 1603.4
1275220 1603.4
1275230 1598.9
1275240 1594.0
1275250 1594.0
1275260 1589.9
1275270 1585.2
1275280 1585.2
1275290 1581.9
1275300 1577.8
1275310 1577.8
1275320 1572.7
1275330 1568.5
1275340 1568.5
1275350 1565.1
1275360 1562.4
1275370 1562.4
1275380 1560.7
1275390 1559.6
1275400 1557.1
1275410 1557.1
1275420 1553.2
1275430 1548.6
1275440 1548.6
1275450 1544.1
1275460 1539.6
1275470 1539.6
1275480 1535.5
1275490 1531.8
1275500 1531.8
1275510 1529.0
1275520 1526.0
1275530 1526.0
1275540 1522.2
1275550 1519.0
1275560 1519.0
1275570 1516.1
1275580 1512.8
1275590 1512.8
1275600 1509.9
1275610 1506.6
1275620 1503.9
1275630 1503.9
1275640 1501.1
1275650 1498.4
1275660 1498.4
1275670 1495.4
1275680 1492.1
1275690 1492.1
1275700 1489.4
1275710 1486.8
1275720 1486.8
1275730 1483.4
1275740 1480.0
1275750 1480.0
1275760 1476.7
1275770 1473.7
1275780 1473.7
1275790 1470.5
1275800 1467.6
1275810 1467.6
1275820 1465.4
1275830 1463.3
1275840 1460.3
1275850 1460.3
1275860 1457.6
1275870 1454.7
1275880 1454.7
1275890 1450.6
1275900 1445.7
1275910 1445.7
1275920 1439.8
1275930 1434.0
1275940 1434.0
1275950 1428.2
1275960 1422.3
1275970 1422.3
1275980 1417.4
1275990 1413.5
1276000 1413.5
1276010 1408.6
1276020 1404.3
1276030 1404.3
1276040 1399.8
1276050 1394.7
1276060 1390.0
1276070 1390.0
1276080 1385.4
1276090 1380.7
1276100 1380.7
1276110 1374.7
1276120 1367.9
1276130 1367.9
1276140 1361.4
1276150 1355.2
1276160 1355.2
1276170 1348.9
1276180 1342.6
1276190 1342.6
1276200 1336.2
1276210 1330.3
1276220 1330.3
1276230 1327.4
1276240 1322.9
1276250 1322.9
1276260 1318.3
1276270 1313.6
1276280 1308.7
1276290 1308.7
1276300 1302.8
1276310 1296.8
1276320 1296.8
1276330 1293.5
1276340 1289.5
1276350 1289.5
1276360 1284.6
1276370 1281.9
1276380 1281.9
1276390 1281.2
1276400 1280.0
1276410 1280.0
1276420 1278.3
1276430 1277.8
1276440 1277.8
1276450 1279.1
1276460 1280.1
1276470 1280.1
1276480 1280.2
1276490 1279.5
1276500 1279.2
1276510 1279.2
1276520 1278.2
1276530 1277.2
1276540 1277.2
1276550 1277.8
1276560 1279.1
1276570 1279.1
1276580 1280.0
1276590 1280.2
1276600 1280.2
1276610 1280.9
1276620 1282.9
1276630 1282.9
1276640 1286.9
1276650 1290.7
1276660 1290.7
1276670 1294.1
1276680 1295.3
1276690 1295.3
1276700 1291.7
1276710 1287.3
1276720 1284.1
1276730 1284.1
1276740 1281.5
1276750 1281.0
1276760 1281.0
1276770 1285.5
1276780 1292.1
1276790 1292.1
1276800 1299.4
1276810 1306.1
1276820 1306.1
1276830 1311.8
1276840 1316.8
1276850 1316.8
1276860 1321.0
1276870 1321.5
1276880 1321.5
1276890 1320.7
1276900 1318.5
1276910 1318.5
1276920 1315.8
1276930 1315.7
1276940 1314.2
1276950 1314.2
1276960 1311.8
1276970 1309.6
1276980 1309.6
1276990 1308.0
1277000 1306.8
1277010 1306.8
1277020 1305.8
1277030 1305.5
1277040 1305.5
1277050 1306.1
1277060 1306.8
1277070 1306.8
1277080 1306.2
1277090 1304.9
1277100 1304.9
1277110 1304.6
1277120 1304.8
1277130 1304.8
1277140 1304.5
1277150 1303.8
1277160 1305.6
1277170 1305.6
1277180 1307.5
1277190 1308.3
1277200 1308.3
1277210 1309.7
1277220 1311.7
1277230 1311.7
1277240 1313.3
1277250 1314.4
1277260 1314.4
1277270 1315.7
1277280 1317.3
1277290 1317.3
1277300 1318.1
1277310 1318.3
1277320 1318.3
1277330 1318.8
1277340 1318.2
1277350 1318.2
1277360 1314.3
1277370 1309.3
1277380 1306.2
1277390 1306.2
1277400 1304.8
1277410 1304.2
1277420 1304.2
1277430 1305.5
1277440 1309.5
1277450 1310.7
1277460 1315.1
1277470 1318.8
1277480 1318.8
1277490 1321.3
1277500 1322.9
1277510 1322.9
1277520 1323.2
1277530 1323.9
1277540 1323.9
1277550 1324.9
1277560 1325.7
1277570 1325.7
1277580 1326.1
1277590 1322.9
1277600 1317.7
1277610 1317.7
1277620 1315.0
1277630 1313.1
1277640 1313.1
1277650 1309.0
1277660 1301.9
1277670 1301.9
1277680 1291.1
1277690 1283.9
1277700 1283.9
1277710 1275.6
1277720 1267.6
1277730 1267.6
1277740 1257.9
1277750 1250.6
1277760 1250.6
1277770 1249.5
1277780 1250.2
1277790 1250.2
1277800 1250.1
1277810 1242.7
1277820 1236.6
1277830 1236.6
1277840 1231.0
1277850 1223.8
1277860 1223.8
1277870 1214.2
1277880 1206.2
1277890 1206.2
1277900 1200.1
1277910 1194.8
1277920 1194.8
1277930 1191.7
1277940 1190.6
1277950 1190.6
1277960 1187.4
1277970 1180.2
1277980 1180.2
1277990 1173.0
1278000 1167.2
1278010 1167.2
1278020 1156.7
1278030 1145.7
1278040 1138.9
1278050 1138.9
1278060 1132.8
1278070 1124.8
1278080 1124.8
1278090 1117.4
1278100 1111.3
1278110 1111.3
1278120 1105.3
1278130 1101.5
1278140 1101.5
1278150 1098.3
1278160 1095.7
1278170 1095.7
1278180 1091.0
1278190 1086.1
1278200 1086.1
1278210 1078.8
1278220 1074.2
1278230 1074.2
1278240 1075.2
1278250 1076.7
1278260 1076.9
1278270 1076.9
1278280 1077.1
1278290 1077.3
1278300 1077.3
1278310 1077.6
1278320 1077.8
1278330 1077.8
1278340 1077.9
1278350 1078.2
1278360 1078.2
1278370 1079.0
1278380 1082.4
1278390 1082.4
1278400 1089.1
1278410 1092.6
1278420 1092.6
1278430 1094.2
1278440 1099.8
1278450 1099.8
1278460 1106.4
1278470 1110.7
1278480 1116.0
1278490 1116.0
1278500 1120.9
1278510 1125.3
1278520 1125.3
1278530 1130.0
1278540 1135.1
1278550 1135.1
1278560 1139.8
1278570 1142.4
1278580 1142.4
1278590 1144.7
1278600 1147.3
1278610 1147.3
1278620 1149.9
1278630 1151.0
1278640 1151.0
1278650 1151.5
1278660 1152.3
1278670 1152.3
1278680 1148.3
1278690 1150.8
1278700 1153.3
1278710 1153.3
1278720 1156.4
1278730 1159.7
1278740 1159.7
1278750 1163.3
1278760 1166.5
1278770 1166.5
1278780 1169.5
1278790 1172.2
1278800 1172.2
1278810 1175.4
1278820 1179.4
1278830 1179.4
1278840 1183.7
1278850 1187.8
1278860 1187.8
1278870 1191.7
1278880 1194.6
1278890 1194.6
1278900 1197.8
1278910 1201.9
1278920 1205.5
1278930 1205.5
1278940 1209.5
1278950 1213.6
1278960 1213.6
1278970 1217.8
1278980 1222.9
1278990 1222.9
1279000 1228.4
1279010 1234.9
1279020 1234.9
1279030 1240.6
1279040 1247.8
1279050 1247.8
1279060 1254.7
1279070 1261.2
1279080 1261.2
1279090 1267.5
1279100 1273.5
1279110 1273.5
1279120 1279.3
1279130 1285.7
1279140 1292.0
1279150 1292.0
1279160 1297.9
1279170 1303.5
1279180 1303.5
1279190 1309.3
1279200 1315.3
1279210 1315.3
1279220 1320.8
1279230 1325.8
1279240 1325.8
1279250 1330.9
1279260 1337.2
1279270 1337.2
1279280 1343.9
1279290 1350.6
1279300 1350.6
1279310 1356.5
1279320 1362.4
1279330 1362.4
1279340 1368.2
1279350 1374.0
1279360 1380.1
1279370 1380.1
1279380 1386.3
1279390 1392.0
1279400 1392.0
1279410 1397.8
1279420 1403.7
1279430 1403.7
1279440 1409.8
1279450 1416.4
1279460 1416.4
1279470 1422.3
1279480 1428.8
1279490 1428.8
1279500 1436.1
1279510 1443.4
1279520 1443.4
1279530 1450.7
1279540 1457.9
1279550 1457.9
1279560 1464.6
1279570 1471.3
1279580 1478.4
1279590 1478.4
1279600 1485.8
1279610 1493.0
1279620 1493.0
1279630 1500.0
1279640 1507.2
1279650 1507.2
1279660 1513.8
1279670 1521.0
1279680 1521.0
1279690 1527.9
1279700 1534.9
1279710 1534.9
1279720 1542.9
1279730 1551.1
1279740 1551.1
1279750 1559.0
1279760 1566.8
1279770 1574.3
1279780 1574.3
1279790 1579.9
1279800 1583.6
1279810 1583.6
1279820 1588.1
1279830 1592.7
1279840 1592.7
1279850 1597.8
1279860 1603.6
1279870 1603.6
1279880 1609.2
1279890 1615.0
1279900 1615.0
1279910 1618.7
1279920 1623.9
1279930 1623.9
1279940 1629.9
1279950 1636.4
1279960 1636.4
1279970 1644.1
1279980 1651.9
1279990 1659.7
1260000 1924
1260010 1921
1260020 1918
1260030 1914
1260040 1910
1260050 1907
1260060 1903
1260070 1901
1260080 1899
1260090 1896
1260100 1893
1260110 1888
1260120 1882
1260130 1878
1260140 1875
1260150 1874
1260160 1872
1260170 1870
1260180 1868
1260190 1866
1260200 1865
1260210 1863
1260220 1861
1260230 1856
1260240 1852
1260250 1848
1260260 1844
1260270 1839
1260280 1835
1260290 1829
1260300 1823
1260310 1818
1260320 1813
1260330 1808
1260340 1803
1260350 1798
1260360 1793
1260370 1787
1260380 1780
1260390 1773
1260400 1766
1260410 1760
1260420 1751
1260430 1743
1260440 1736
1260450 1731
1260460 1727
1260470 1722
1260480 1717
1260490 1711
1260500 1705
1260510 1698
1260520 1694
1260530 1690
1260540 1689
1260550 1687
1260560 1684
1260570 1680
1260580 1676
1260590 1672
1260600 1669
1260610 1666
1260620 1663
1260630 1660
1260640 1658
1260650 1656
1260660 1653
1260670 1650
1260680 1648
1260690 1645
1260700 1642
1260710 1639
1260720 1637
1260730 1634
1260740 1632
1260750 1629
1260760 1626
1260770 1623
1260780 1620
1260790 1617
1260800 1613
1260810 1609
1260820 1605
1260830 1601
1260840 1596
1260850 1591
1260860 1586
1260870 1582
1260880 1577
1260890 1572
1260900 1567
1260910 1564
1260920 1562
1260930 1561
1260940 1561
1260950 1560
1260960 1561
1260970 1561
1260980 1561
1260990 1561
1261000 1561
1261010 1561
1261020 1561
1261030 1561
1261040 1561
1261050 1560
1261060 1560
1261070 1560
1261080 1560
1261090 1560
1261100 1558
1261110 1558
1261120 1557
1261130 1557
1261140 1557
1261150 1559
1261160 1560
1261170 1560
1261180 1561
1261190 1562
1261200 1563
1261210 1564
1261220 1565
1261230 1566
1261240 1567
1261250 1569
1261260 1570
1261270 1571
1261280 1573
1261290 1575
1261300 1576
1261310 1578
1261320 1580
1261330 1581
1261340 1584
1261350 1587
1261360 1589
1261370 1591
1261380 1594
1261390 1596
1261400 1599
1261410 1601
1261420 1604
1261430 1606
1261440 1609
1261450 1611
1261460 1614
1261470 1617
1261480 1619
1261490 1639
1261500 1661
1261510 1687
1261520 1701
1261530 1710
1261540 1715
1261550 1720
1261560 1725
1261570 1728
1261580 1733
1261590 1736
1261600 1740
1261610 1749
1261620 1752
1261630 1755
1261640 1758
1261650 1761
1261660 1763
1261670 1764
1261680 1765
1261690 1766
1261700 1767
1261710 1766
1261720 1764
1261730 1763
1261740 1762
1261750 1761
1261760 1760
1261770 1762
1261780 1767
1261790 1773
1261800 1775
1261810 1778
1261820 1780
1261830 1783
1261840 1787
1261850 1791
1261860 1794
1261870 1799
1261880 1803
1261890 1808
1261900 1810
1261910 1812
1261920 1813
1261930 1817
1261940 1821
1261950 1826
1261960 1831
1261970 1836
1261980 1840
1261990 1846
1262000 1851
1262010 1856
1262020 1859
1262030 1863
1262040 1866
1262050 1869
1262060 1871
1262070 1871
1262080 1869
1262090 1870
1262100 1876
1262110 1889
1262120 1902
1262130 1915
1262140 1930
1262150 1949
1262160 1966
1262170 1980
1262180 1990
1262190 1997
1262200 2003
1262210 2008
1262220 2015
1262230 2022
1262240 2029
1262250 2035
1262260 2041
1262270 2047
1262280 2056
1262290 2063
1262300 2068
1262310 2072
1262320 2076
1262330 2080
1262340 2083
1262350 2086
1262360 2088
1262370 2090
1262380 2090
1262390 2091
1262400 2092
1262410 2098
1262420 2105
1262430 2111
1262440 2120
1262450 2132
1262460 2141
1262470 2149
1262480 2161
1262490 2183
1262500 2200
1262510 2212
1262520 2216
1262530 2221
1262540 2226
1262550 2233
1262560 2237
1262570 2248
1262580 2264
1262590 2269
1262600 2275
1262610 2283
1262620 2296
1262630 2305
1262640 2313
1262650 2322
1262660 2329
1262670 2336
1262680 2349
1262690 2361
1262700 2371
1262710 2379
1262720 2390
1262730 2401
1262740 2408
1262750 2416
1262760 2423
1262770 2429
1262780 2432
1262790 2434
1262800 2436
1262810 2434
1262820 2435
1262830 2438
1262840 2443
1262850 2446
1262860 2446
1262870 2446
1262880 2444
1262890 2443
1262900 2441
1262910 2440
1262920 2438
1262930 2435
1262940 2427
1262950 2410
1262960 2382
1262970 2372
1262980 2368
1262990 2371
1263000 2370
1263010 2367
1263020 2363
1263030 2356
1263040 2351
1263050 2347
1263060 2345
1263070 2336
1263080 2326
1263090 2319
1263100 2315
1263110 2311
1263120 2305
1263130 2302
1263140 2301
1263150 2303
1263160 2305
1263170 2309
1263180 2315
1263190 2331
1263200 2346
1263210 2359
1263220 2377
1263230 2389
1263240 2394
1263250 2391
1263260 2389
1263270 2388
1263280 2393
1263290 2393
1263300 2391
1263310 2388
1263320 2385
1263330 2382
1263340 2381
1263350 2388
1263360 2393
1263370 2391
1263380 2388
1263390 2386
1263400 2386
1263410 2386
1263420 2387
1263430 2388
1263440 2390
1263450 2394
1263460 2398
1263470 2403
1263480 2408
1263490 2414
1263500 2421
1263510 2430
1263520 2437
1263530 2433
1263540 2429
1263550 2425
1263560 2422
1263570 2418
1263580 2414
1263590 2409
1263600 2404
1263610 2400
1263620 2397
1263630 2394
1263640 2391
1263650 2389
1263660 2387
1263670 2386
1263680 2386
1263690 2388
1263700 2388
1263710 2387
1263720 2386
1263730 2387
1263740 2387
1263750 2382
1263760 2377
1263770 2372
1263780 2368
1263790 2363
1263800 2356
1263810 2347
1263820 2345
1263830 2347
1263840 2352
1263850 2351
1263860 2348
1263870 2343
1263880 2339
1263890 2335
1263900 2330
1263910 2325
1263920 2320
1263930 2315
1263940 2311
1263950 2306
1263960 2301
1263970 2296
1263980 2292
1263990 2287
1264000 2283
1264010 2278
1264020 2273
1264030 2269
1264040 2265
1264050 2260
1264060 2255
1264070 2250
1264080 2245
1264090 2239
1264100 2232
1264110 2227
1264120 2222
1264130 2217
1264140 2213
1264150 2207
1264160 2202
1264170 2196
1264180 2190
1264190 2185
1264200 2176
1264210 2167
1264220 2162
1264230 2162
1264240 2163
1264250 2164
1264260 2164
1264270 2165
1264280 2167
1264290 2167
1264300 2169
1264310 2172
1264320 2176
1264330 2179
1264340 2180
1264350 2181
1264360 2181
1264370 2184
1264380 2195
1264390 2206
1264400 2215
1264410 2219
1264420 2232
1264430 2245
1264440 2252
1264450 2268
1264460 2282
1264470 2289
1264480 2294
1264490 2299
1264500 2303
1264510 2308
1264520 2312
1264530 2315
1264540 2312
1264550 2306
1264560 2300
1264570 2295
1264580 2291
1264590 2286
1264600 2282
1264610 2280
1264620 2278
1264630 2277
1264640 2275
1264650 2274
1264660 2274
1264670 2273
1264680 2274
1264690 2274
1264700 2274
1264710 2273
1264720 2271
1264730 2269
1264740 2267
1264750 2266
1264760 2264
1264770 2262
1264780 2260
1264790 2259
1264800 2258
1264810 2258
1264820 2258
1264830 2258
1264840 2259
1264850 2260
1264860 2260
1264870 2261
1264880 2261
1264890 2261
1264900 2261
1264910 2262
1264920 2262
1264930 2262
1264940 2261
1264950 2259
1264960 2257
1264970 2256
1264980 2253
1264990 2251
1265000 2249
1265010 2249
1265020 2247
1265030 2246
1265040 2244
1265050 2243
1265060 2241
1265070 2239
1265080 2236
1265090 2234
1265100 2231
1265110 2229
1265120 2228
1265130 2228
1265140 2231
1265150 2235
1265160 2239
1265170 2242
1265180 2242
1265190 2239
1265200 2234
1265210 2231
1265220 2228
1265230 2227
1265240 2224
1265250 2221
1265260 2218
1265270 2215
1265280 2211
1265290 2208
1265300 2206
1265310 2205
1265320 2204
1265330 2202
1265340 2199
1265350 2198
1265360 2196
1265370 2193
1265380 2191
1265390 2188
1265400 2186
1265410 2184
1265420 2182
1265430 2180
1265440 2177
1265450 2176
1265460 2175
1265470 2174
1265480 2172
1265490 2170
1265500 2167
1265510 2164
1265520 2162
1265530 2160
1265540 2157
1265550 2157
1265560 2156
1265570 2154
1265580 2152
1265590 2148
1265600 2145
1265610 2145
1265620 2143
1265630 2141
1265640 2140
1265650 2139
1265660 2137
1265670 2135
1265680 2132
1265690 2130
1265700 2127
1265710 2126
1265720 2124
1265730 2123
1265740 2121
1265750 2120
1265760 2118
1265770 2116
1265780 2114
1265790 2113
1265800 2112
1265810 2112
1265820 2112
1265830 2111
1265840 2110
1265850 2110
1265860 2111
1265870 2111
1265880 2111
1265890 2109
1265900 2108
1265910 2106
1265920 2104
1265930 2102
1265940 2100
1265950 2099
1265960 2098
1265970 2097
1265980 2097
1265990 2097
1266000 2096
1266010 2094
1266020 2093
1266030 2092
1266040 2093
1266050 2094
1266060 2094
1266070 2094
1266080 2094
1266090 2094
1266100 2094
1266110 2094
1266120 2095
1266130 2095
1266140 2095
1266150 2095
1266160 2095
1266170 2095
1266180 2095
1266190 2095
1266200 2097
1266210 2098
1266220 2098
1266230 2098
1266240 2098
1266250 2100
1266260 2103
1266270 2106
1266280 2110
1266290 2112
1266300 2114
1266310 2110
1266320 2105
1266330 2104
1266340 2108
1266350 2111
1266360 2111
1266370 2116
1266380 2119
1266390 2121
1266400 2116
1266410 2110
1266420 2104
1266430 2102
1266440 2114
1266450 2136
1266460 2143
1266470 2145
1266480 2144
1266490 2147
1266500 2149
1266510 2150
1266520 2149
1266530 2149
1266540 2151
1266550 2153
1266560 2157
1266570 2161
1266580 2165
1266590 2168
1266600 2172
1266610 2175
1266620 2175
1266630 2174
1266640 2173
1266650 2169
1266660 2165
1266670 2160
1266680 2154
1266690 2149
1266700 2143
1266710 2138
1266720 2132
1266730 2125
1266740 2114
1266750 2106
1266760 2100
1266770 2096
1266780 2051
1266790 2017
1266800 2012
1266810 2012
1266820 2012
1266830 2013
1266840 2013
1266850 2011
1266860 2008
1266870 2003
1266880 1998
1266890 1993
1266900 1987
1266910 1982
1266920 1978
1266930 1973
1266940 1963
1266950 1950
1266960 1930
1266970 1893
1266980 1867
1266990 1870
1267000 1874
1267010 1883
1267020 1900
1267030 1925
1267040 1939
1267050 1941
1267060 1940
1267070 1936
1267080 1931
1267090 1917
1267100 1903
1267110 1889
1267120 1879
1267130 1870
1267140 1860
1267150 1849
1267160 1836
1267170 1824
1267180 1813
1267190 1811
1267200 1807
1267210 1797
1267220 1781
1267230 1763
1267240 1740
1267250 1734
1267260 1727
1267270 1720
1267280 1728
1267290 1732
1267300 1733
1267310 1729
1267320 1733
1267330 1741
1267340 1751
1267350 1762
1267360 1772
1267370 1774
1267380 1773
1267390 1770
1267400 1766
1267410 1760
1267420 1753
1267430 1744
1267440 1733
1267450 1725
1267460 1719
1267470 1712
1267480 1706
1267490 1700
1267500 1692
1267510 1683
1267520 1674
1267530 1666
1267540 1654
1267550 1641
1267560 1638
1267570 1636
1267580 1635
1267590 1635
1267600 1638
1267610 1643
1267620 1649
1267630 1649
1267640 1646
1267650 1641
1267660 1634
1267670 1627
1267680 1620
1267690 1594
1267700 1578
1267710 1572
1267720 1566
1267730 1559
1267740 1551
1267750 1535
1267760 1524
1267770 1517
1267780 1518
1267790 1515
1267800 1507
1267810 1495
1267820 1487
1267830 1482
1267840 1479
1267850 1485
1267860 1490
1267870 1492
1267880 1507
1267890 1519
1267900 1525
1267910 1520
1267920 1516
1267930 1512
1267940 1516
1267950 1516
1267960 1512
1267970 1504
1267980 1497
1267990 1491
1268000 1486
1268010 1483
1268020 1479
1268030 1476
1268040 1472
1268050 1467
1268060 1464
1268070 1460
1268080 1456
1268090 1451
1268100 1447
1268110 1442
1268120 1436
1268130 1423
1268140 1415
1268150 1410
1268160 1403
1268170 1398
1268180 1394
1268190 1391
1268200 1387
1268210 1383
1268220 1379
1268230 1375
1268240 1372
1268250 1368
1268260 1365
1268270 1362
1268280 1359
1268290 1356
1268300 1352
1268310 1349
1268320 1347
1268330 1345
1268340 1344
1268350 1342
1268360 1340
1268370 1337
1268380 1335
1268390 1332
1268400 1329
1268410 1326
1268420 1323
1268430 1320
1268440 1317
1268450 1313
1268460 1310
1268470 1306
1268480 1302
1268490 1298
1268500 1295
1268510 1292
1268520 1289
1268530 1285
1268540 1282
1268550 1279
1268560 1276
1268570 1274
1268580 1272
1268590 1270
1268600 1268
1268610 1267
1268620 1266
1268630 1265
1268640 1263
1268650 1260
1268660 1256
1268670 1254
1268680 1251
1268690 1249
1268700 1246
1268710 1243
1268720 1241
1268730 1240
1268740 1240
1268750 1239
1268760 1238
1268770 1236
1268780 1234
1268790 1232
1268800 1230
1268810 1229
1268820 1229
1268830 1229
1268840 1228
1268850 1226
1268860 1226
1268870 1225
1268880 1223
1268890 1222
1268900 1221
1268910 1220
1268920 1220
1268930 1220
1268940 1220
1268950 1219
1268960 1219
1268970 1219
1268980 1217
1268990 1217
1269000 1216
1269010 1216
1269020 1216
1269030 1215
1269040 1214
1269050 1214
1269060 1213
1269070 1212
1269080 1212
1269090 1211
1269100 1211
1269110 1210
1269120 1210
1269130 1208
1269140 1207
1269150 1206
1269160 1205
1269170 1204
1269180 1203
1269190 1202
1269200 1202
1269210 1201
1269220 1201
1269230 1199
1269240 1198
1269250 1198
1269260 1197
1269270 1196
1269280 1195
1269290 1195
1269300 1195
1269310 1195
1269320 1195
1269330 1195
1269340 1194
1269350 1194
1269360 1194
1269370 1194
1269380 1194
1269390 1194
1269400 1194
1269410 1194
1269420 1194
1269430 1194
1269440 1194
1269450 1194
1269460 1193
1269470 1193
1269480 1193
1269490 1193
1269500 1193
1269510 1193
1269520 1193
1269530 1193
1269540 1193
1269550 1193
1269560 1193
1269570 1193
1269580 1193
1269590 1193
1269600 1193
1269610 1193
1269620 1193
1269630 1193
1269640 1193
1269650 1193
1269660 1193
1269670 1193
1269680 1193
1269690 1193
1269700 1193
1269710 1193
1269720 1193
1269730 1193
1269740 1192
1269750 1192
1269760 1192
1269770 1192
1269780 1192
1269790 1192
1269800 1192
1269810 1192
1269820 1192
1269830 1192
1269840 1192
1269850 1193
1269860 1193
1269870 1193
1269880 1193
1269890 1193
1269900 1193
1269910 1192
1269920 1192
1269930 1192
1269940 1192
1269950 1192
1269960 1192
1269970 1192
1269980 1192
1269990 1192
1270000 1192
1270010 1192
1270020 1191
1270030 1192
1270040 1193
1270050 1195
1270060 1196
1270070 1197
1270080 1197
1270090 1197
1270100 1198
1270110 1199
1270120 1200
1270130 1201
1270140 1202
1270150 1203
1270160 1204
1270170 1205
1270180 1205
1270190 1206
1270200 1206
1270210 1207
1270220 1208
1270230 1209
1270240 1211
1270250 1212
1270260 1213
1270270 1214
1270280 1215
1270290 1216
1270300 1217
1270310 1218
1270320 1219
1270330 1220
1270340 1221
1270350 1222
1270360 1224
1270370 1225
1270380 1226
1270390 1227
1270400 1228
1270410 1229
1270420 1230
1270430 1229
1270440 1230
1270450 1231
1270460 1232
1270470 1233
1270480 1235
1270490 1236
1270500 1237
1270510 1239
1270520 1240
1270530 1241
1270540 1242
1270550 1243
1270560 1244
1270570 1245
1270580 1245
1270590 1246
1270600 1246
1270610 1245
1270620 1245
1270630 1245
1270640 1246
1270650 1247
1270660 1248
1270670 1248
1270680 1249
1270690 1250
1270700 1250
1270710 1251
1270720 1251
1270730 1252
1270740 1252
1270750 1253
1270760 1253
1270770 1254
1270780 1254
1270790 1255
1270800 1256
1270810 1257
1270820 1258
1270830 1259
1270840 1260
1270850 1261
1270860 1262
1270870 1264
1270880 1266
1270890 1269
1270900 1271
1270910 1272
1270920 1273
1270930 1274
1270940 1275
1270950 1277
1270960 1278
1270970 1281
1270980 1284
1270990 1287
1271000 1291
1271010 1294
1271020 1297
1271030 1299
1271040 1300
1271050 1302
1271060 1304
1271070 1307
1271080 1309
1271090 1310
1271100 1311
1271110 1312
1271120 1314
1271130 1317
1271140 1319
1271150 1320
1271160 1321
1271170 1321
1271180 1323
1271190 1325
1271200 1327
1271210 1328
1271220 1329
1271230 1331
1271240 1332
1271250 1334
1271260 1335
1271270 1335
1271280 1337
1271290 1338
1271300 1339
1271310 1340
1271320 1341
1271330 1343
1271340 1344
1271350 1345
1271360 1346
1271370 1347
1271380 1349
1271390 1351
1271400 1353
1271410 1353
1271420 1353
1271430 1354
1271440 1355
1271450 1355
1271460 1355
1271470 1358
1271480 1362
1271490 1365
1271500 1367
1271510 1369
1271520 1370
1271530 1371
1271540 1372
1271550 1373
1271560 1373
1271570 1374
1271580 1374
1271590 1376
1271600 1377
1271610 1379
1271620 1380
1271630 1381
1271640 1382
1271650 1383
1271660 1384
1271670 1386
1271680 1387
1271690 1388
1271700 1388
1271710 1388
1271720 1390
1271730 1392
1271740 1395
1271750 1399
1271760 1402
1271770 1405
1271780 1409
1271790 1413
1271800 1417
1271810 1422
1271820 1427
1271830 1431
1271840 1435
1271850 1436
1271860 1437
1271870 1436
1271880 1436
1271890 1437
1271900 1438
1271910 1437
1271920 1437
1271930 1436
1271940 1435
1271950 1433
1271960 1431
1271970 1430
1271980 1430
1271990 1430
1272000 1431
1272010 1432
1272020 1432
1272030 1433
1272040 1433
1272050 1433
1272060 1435
1272070 1437
1272080 1440
1272090 1443
1272100 1444
1272110 1443
1272120 1443
1272130 1444
1272140 1444
1272150 1444
1272160 1444
1272170 1443
1272180 1443
1272190 1442
1272200 1441
1272210 1441
1272220 1440
1272230 1439
1272240 1437
1272250 1435
1272260 1432
1272270 1428
1272280 1424
1272290 1420
1272300 1416
1272310 1414
1272320 1411
1272330 1408
1272340 1409
1272350 1411
1272360 1413
1272370 1414
1272380 1414
1272390 1415
1272400 1414
1272410 1414
1272420 1415
1272430 1415
1272440 1415
1272450 1416
1272460 1417
1272470 1419
1272480 1421
1272490 1423
1272500 1426
1272510 1429
1272520 1432
1272530 1435
1272540 1439
1272550 1443
1272560 1447
1272570 1450
1272580 1454
1272590 1456
1272600 1458
1272610 1460
1272620 1462
1272630 1463
1272640 1465
1272650 1466
1272660 1468
1272670 1469
1272680 1470
1272690 1471
1272700 1471
1272710 1472
1272720 1472
1272730 1473
1272740 1473
1272750 1472
1272760 1472
1272770 1471
1272780 1471
1272790 1470
1272800 1470
1272810 1470
1272820 1471
1272830 1471
1272840 1470
1272850 1472
1272860 1473
1272870 1474
1272880 1476
1272890 1478
1272900 1481
1272910 1483
1272920 1485
1272930 1486
1272940 1488
1272950 1491
1272960 1494
1272970 1497
1272980 1499
1272990 1501
1273000 1503
1273010 1505
1273020 1507
1273030 1508
1273040 1511
1273050 1513
1273060 1515
1273070 1518
1273080 1521
1273090 1524
1273100 1528
1273110 1530
1273120 1530
1273130 1529
1273140 1526
1273150 1524
1273160 1523
1273170 1521
1273180 1520
1273190 1519
1273200 1518
1273210 1519
1273220 1520
1273230 1521
1273240 1521
1273250 1521
1273260 1520
1273270 1520
1273280 1519
1273290 1518
1273300 1516
1273310 1515
1273320 1514
1273330 1516
1273340 1519
1273350 1520
1273360 1521
1273370 1521
1273380 1521
1273390 1521
1273400 1520
1273410 1518
1273420 1521
1273430 1524
1273440 1524
1273450 1526
1273460 1528
1273470 1529
1273480 1530
1273490 1531
1273500 1532
1273510 1532
1273520 1532
1273530 1532
1273540 1531
1273550 1531
1273560 1530
1273570 1530
1273580 1529
1273590 1529
1273600 1530
1273610 1530
1273620 1530
1273630 1531
1273640 1535
1273650 1538
1273660 1540
1273670 1541
1273680 1543
1273690 1544
1273700 1546
1273710 1548
1273720 1549
1273730 1551
1273740 1552
1273750 1553
1273760 1555
1273770 1556
1273780 1557
1273790 1559
1273800 1560
1273810 1562
1273820 1561
1273830 1561
1273840 1561
1273850 1564
1273860 1567
1273870 1570
1273880 1572
1273890 1573
1273900 1575
1273910 1576
1273920 1577
1273930 1578
1273940 1579
1273950 1580
1273960 1582
1273970 1584
1273980 1585
1273990 1586
1274000 1586
1274010 1586
1274020 1587
1274030 1588
1274040 1589
1274050 1589
1274060 1590
1274070 1591
1274080 1594
1274090 1597
1274100 1599
1274110 1600
1274120 1601
1274130 1602
1274140 1602
1274150 1603
1274160 1604
1274170 1603
1274180 1603
1274190 1604
1274200 1605
1274210 1606
1274220 1605
1274230 1605
1274240 1606
1274250 1608
1274260 1610
1274270 1611
1274280 1613
1274290 1616
1274300 1619
1274310 1622
1274320 1626
1274330 1628
1274340 1630
1274350 1631
1274360 1632
1274370 1634
1274380 1637
1274390 1641
1274400 1644
1274410 1645
1274420 1645
1274430 1645
1274440 1644
1274450 1644
1274460 1644
1274470 1644
1274480 1644
1274490 1644
1274500 1645
1274510 1645
1274520 1645
1274530 1645
1274540 1645
1274550 1645
1274560 1645
1274570 1645
1274580 1645
1274590 1645
1274600 1645
1274610 1645
1274620 1644
1274630 1643
1274640 1640
1274650 1638
1274660 1636
1274670 1636
1274680 1636
1274690 1635
1274700 1635
1274710 1634
1274720 1634
1274730 1634
1274740 1634
1274750 1634
1274760 1633
1274770 1633
1274780 1634
1274790 1634
1274800 1634
1274810 1635
1274820 1637
1274830 1640
1274840 1645
1274850 1650
1274860 1653
1274870 1653
1274880 1652
1274890 1651
1274900 1650
1274910 1650
1274920 1649
1274930 1648
1274940 1647
1274950 1646
1274960 1645
1274970 1644
1274980 1643
1274990 1641
1275000 1639
1275010 1637
1275020 1634
1275030 1632
1275040 1630
1275050 1628
1275060 1627
1275070 1626
1275080 1624
1275090 1622
1275100 1620
1275110 1619
1275120 1618
1275130 1616
1275140 1613
1275150 1611
1275160 1610
1275170 1609
1275180 1608
1275190 1606
1275200 1605
1275210 1604
1275220 1601
1275230 1598
1275240 1595
1275250 1592
1275260 1590
1275270 1585
1275280 1583
1275290 1581
1275300 1578
1275310 1574
1275320 1571
1275330 1568
1275340 1566
1275350 1563
1275360 1562
1275370 1560
1275380 1560
1275390 1559
1275400 1558
1275410 1556
1275420 1553
1275430 1549
1275440 1546
1275450 1543
1275460 1540
1275470 1537
1275480 1535
1275490 1532
1275500 1530
1275510 1528
1275520 1526
1275530 1524
1275540 1521
1275550 1519
1275560 1517
1275570 1515
1275580 1513
1275590 1511
1275600 1509
1275610 1507
1275620 1504
1275630 1502
1275640 1499
1275650 1497
1275660 1496
1275670 1494
1275680 1491
1275690 1489
1275700 1488
1275710 1486
1275720 1484
1275730 1483
1275740 1481
1275750 1478
1275760 1476
1275770 1474
1275780 1472
1275790 1469
1275800 1467
1275810 1466
1275820 1465
1275830 1463
1275840 1461
1275850 1459
1275860 1457
1275870 1456
1275880 1453
1275890 1450
1275900 1447
1275910 1444
1275920 1440
1275930 1436
1275940 1432
1275950 1428
1275960 1424
1275970 1420
1275980 1417
1275990 1414
1276000 1411
1276010 1408
1276020 1405
1276030 1402
1276040 1398
1276050 1395
1276060 1391
1276070 1388
1276080 1385
1276090 1382
1276100 1378
1276110 1374
1276120 1369
1276130 1365
1276140 1360
1276150 1356
1276160 1352
1276170 1347
1276180 1343
1276190 1339
1276200 1334
1276210 1330
1276220 1327
1276230 1323
1276240 1321
1276250 1318
1276260 1315
1276270 1311
1276280 1308
1276290 1305
1276300 1301
1276310 1297
1276320 1294
1276330 1292
1276340 1290
1276350 1287
1276360 1284
1276370 1280
1276380 1279
1276390 1279
1276400 1278
1276410 1277
1276420 1276
1276430 1275
1276440 1276
1276450 1277
1276460 1277
1276470 1278
1276480 1278
1276490 1278
1276500 1278
1276510 1277
1276520 1277
1276530 1276
1276540 1276
1276550 1276
1276560 1277
1276570 1278
1276580 1279
1276590 1279
1276600 1279
1276610 1280
1276620 1281
1276630 1284
1276640 1287
1276650 1289
1276660 1292
1276670 1294
1276680 1295
1276690 1293
1276700 1290
1276710 1287
1276720 1285
1276730 1283
1276740 1282
1276750 1281
1276760 1282
1276770 1285
1276780 1289
1276790 1294
1276800 1299
1276810 1304
1276820 1308
1276830 1312
1276840 1316
1276850 1318
1276860 1319
1276870 1319
1276880 1319
1276890 1317
1276900 1315
1276910 1314
1276920 1314
1276930 1314
1276940 1312
1276950 1311
1276960 1309
1276970 1308
1276980 1307
1276990 1306
1277000 1305
1277010 1304
1277020 1303
1277030 1303
1277040 1304
1277050 1304
1277060 1305
1277070 1305
1277080 1304
1277090 1303
1277100 1303
1277110 1303
1277120 1304
1277130 1304
1277140 1303
1277150 1302
1277160 1303
1277170 1305
1277180 1307
1277190 1307
1277200 1308
1277210 1309
1277220 1310
1277230 1312
1277240 1313
1277250 1314
1277260 1314
1277270 1315
1277280 1317
1277290 1318
1277300 1318
1277310 1319
1277320 1319
1277330 1319
1277340 1319
1277350 1316
1277360 1313
1277370 1309
1277380 1307
1277390 1305
1277400 1305
1277410 1304
1277420 1304
1277430 1305
1277440 1308
1277450 1311
1277460 1314
1277470 1316
1277480 1318
1277490 1319
1277500 1320
1277510 1320
1277520 1320
1277530 1321
1277540 1323
1277550 1323
1277560 1323
1277570 1323
1277580 1322
1277590 1319
1277600 1315
1277610 1313
1277620 1312
1277630 1311
1277640 1309
1277650 1306
1277660 1302
1277670 1293
1277680 1286
1277690 1281
1277700 1277
1277710 1272
1277720 1266
1277730 1260
1277740 1254
1277750 1250
1277760 1249
1277770 1249
1277780 1249
1277790 1246
1277800 1243
1277810 1240
1277820 1237
1277830 1234
1277840 1230
1277850 1225
1277860 1219
1277870 1213
1277880 1207
1277890 1202
1277900 1199
1277910 1195
1277920 1193
1277930 1191
1277940 1190
1277950 1189
1277960 1186
1277970 1181
1277980 1176
1277990 1171
1278000 1167
1278010 1162
1278020 1154
1278030 1146
1278040 1141
1278050 1137
1278060 1133
1278070 1129
1278080 1125
1278090 1120
1278100 1116
1278110 1111
1278120 1107
1278130 1105
1278140 1104
1278150 1103
1278160 1101
1278170 1100
1278180 1097
1278190 1091
1278200 1085
1278210 1078
1278220 1073
1278230 1075
1278240 1076
1278250 1076
1278260 1076
1278270 1076
1278280 1076
1278290 1076
1278300 1077
1278310 1077
1278320 1077
1278330 1077
1278340 1077
1278350 1077
1278360 1078
1278370 1079
1278380 1081
1278390 1085
1278400 1089
1278410 1092
1278420 1092
1278430 1095
1278440 1099
1278450 1104
1278460 1107
1278470 1110
1278480 1114
1278490 1117
1278500 1120
1278510 1123
1278520 1126
1278530 1130
1278540 1133
1278550 1137
1278560 1140
1278570 1141
1278580 1143
1278590 1144
1278600 1146
1278610 1147
1278620 1149
1278630 1150
1278640 1150
1278650 1150
1278660 1150
1278670 1151
1278680 1152
1278690 1153
1278700 1154
1278710 1155
1278720 1157
1278730 1159
1278740 1161
1278750 1163
1278760 1166
1278770 1168
1278780 1170
1278790 1172
1278800 1174
1278810 1176
1278820 1179
1278830 1182
1278840 1185
1278850 1188
1278860 1192
1278870 1194
1278880 1196
1278890 1199
1278900 1201
1278910 1203
1278920 1206
1278930 1208
1278940 1211
1278950 1214
1278960 1216
1278970 1219
1278980 1222
1278990 1225
1279000 1229
1279010 1233
1279020 1236
1279030 1240
1279040 1245
1279050 1250
1279060 1255
1279070 1259
1279080 1263
1279090 1268
1279100 1272
1279110 1276
1279120 1280
1279130 1285
1279140 1289
1279150 1293
1279160 1297
1279170 1301
1279180 1305
1279190 1309
1279200 1313
1279210 1317
1279220 1321
1279230 1324
1279240 1328
1279250 1331
1279260 1336
1279270 1340
1279280 1345
1279290 1349
1279300 1354
1279310 1359
1279320 1363
1279330 1367
1279340 1371
1279350 1376
1279360 1380
1279370 1384
1279380 1388
1279390 1391
1279400 1395
1279410 1399
1279420 1403
1279430 1407
1279440 1411
1279450 1414
1279460 1419
1279470 1424
1279480 1427
1279490 1433
1279500 1437
1279510 1442
1279520 1447
1279530 1452
1279540 1457
1279550 1461
1279560 1466
1279570 1470
1279580 1475
1279590 1480
1279600 1485
1279610 1490
1279620 1495
1279630 1500
1279640 1504
1279650 1509
1279660 1514
1279670 1519
1279680 1523
1279690 1528
1279700 1533
1279710 1538
1279720 1544
1279730 1549
1279740 1555
1279750 1560
1279760 1565
1279770 1571
1279780 1575
1279790 1579
1279800 1582
1279810 1585
1279820 1588
1279830 1591
1279840 1594
1279850 1598
1279860 1602
1279870 1606
1279880 1609
1279890 1613
1279900 1617
1279910 1620
1279920 1623
1279930 1626
1279940 1630
1279950 1635
1279960 1640
1279970 1645
1279980 1650
1279990 1655
