1260000 1923.9
1260010 1918.2
1260020 1912.9
1260030 1912.9
1260040 1907.6
1260050 1900.6
1260060 1893.7
1260070 1893.7
1260080 1888.0
1260090 1882.1
1260100 1882.1
1260110 1875.6
1260120 1869.2
1260130 1869.2
1260140 1861.9
1260150 1855.3
1260160 1855.3
1260170 1849.5
1260180 1845.3
1260190 1845.3
1260200 1842.4
1260210 1844.3
1260220 1844.3
1260230 1842.2
1260240 1836.7
1260250 1836.7
1260260 1830.7
1260270 1824.7
1260280 1820.8
1260290 1820.8
1260300 1817.2
1260310 1814.2
1260320 1814.2
1260330 1807.1
1260340 1793.0
1260350 1793.0
1260360 1782.5
1260370 1775.0
1260380 1775.0
1260390 1765.0
1260400 1754.9
1260410 1754.9
1260420 1746.1
1260430 1737.7
1260440 1737.7
1260450 1729.6
1260460 1722.2
1260470 1722.2
1260480 1714.8
1260490 1707.0
1260500 1699.3
1260510 1699.3
1260520 1690.8
1260530 1681.1
1260540 1681.1
1260550 1669.8
1260560 1661.5
1260570 1661.5
1260580 1654.2
1260590 1647.9
1260600 1647.9
1260610 1643.4
1260620 1641.5
1260630 1641.5
1260640 1640.0
1260650 1637.2
1260660 1637.2
1260670 1632.9
1260680 1629.0
1260690 1629.0
1260700 1624.7
1260710 1620.6
1260720 1616.6
1260730 1616.6
1260740 1612.9
1260750 1608.7
1260760 1608.7
1260770 1604.4
1260780 1600.5
1260790 1600.5
1260800 1597.0
1260810 1594.1
1260820 1594.1
1260830 1592.0
1260840 1587.8
1260850 1587.8
1260860 1581.4
1260870 1574.0
1260880 1574.0
1260890 1567.5
1260900 1565.0
1260910 1565.0
1260920 1563.9
1260930 1563.4
1260940 1563.3
1260950 1563.3
1260960 1563.6
1260970 1563.6
1260980 1563.6
1260990 1563.5
1261000 1563.1
1261010 1563.1
1261020 1562.8
1261030 1562.9
1261040 1562.9
1261050 1563.6
1261060 1562.8
1261070 1562.8
1261080 1560.3
1261090 1559.4
1261100 1559.4
1261110 1559.2
1261120 1561.0
1261130 1561.0
1261140 1561.7
1261150 1561.6
1261160 1562.0
1261170 1562.0
1261180 1562.7
1261190 1563.4
1261200 1563.4
1261210 1564.1
1261220 1565.8
1261230 1565.8
1261240 1567.2
1261250 1568.9
1261260 1568.9
1261270 1571.2
1261280 1573.7
1261290 1573.7
1261300 1576.4
1261310 1579.6
1261320 1579.6
1261330 1582.8
1261340 1585.4
1261350 1585.4
1261360 1587.5
1261370 1590.1
1261380 1593.4
1261390 1593.4
1261400 1596.7
1261410 1599.8
1261420 1599.8
1261430 1602.0
1261440 1608.1
1261450 1608.1
1261460 1630.9
1261470 1686.0
1261480 1686.0
1261490 1715.9
1261500 1731.7
1261510 1731.7
1261520 1735.6
1261530 1743.4
1261540 1743.4
1261550 1750.8
1261560 1754.9
1261570 1754.9
1261580 1758.1
1261590 1763.7
1261600 1773.2
1261610 1773.2
1261620 1776.1
1261630 1780.6
1261640 1780.6
1261650 1783.5
1261660 1784.8
1261670 1784.8
1261680 1785.1
1261690 1792.9
1261700 1792.9
1261710 1793.4
1261720 1792.7
1261730 1792.7
1261740 1792.2
1261750 1790.7
1261760 1790.7
1261770 1786.4
1261780 1786.9
1261790 1786.9
1261800 1792.4
1261810 1796.9
1261820 1801.5
1261830 1801.5
1261840 1805.0
1261850 1808.0
1261860 1808.0
1261870 1809.6
1261880 1813.3
1261890 1813.3
1261900 1818.9
1261910 1826.2
1261920 1826.2
1261930 1830.7
1261940 1836.7
1261950 1836.7
1261960 1843.7
1261970 1850.6
1261980 1850.6
1261990 1855.6
1262000 1857.9
1262010 1857.9
1262020 1866.7
1262030 1871.0
1262040 1878.4
1262050 1878.4
1262060 1884.4
1262070 1886.9
1262080 1886.9
1262090 1885.9
1262100 1892.5
1262110 1892.5
1262120 1910.4
1262130 1927.4
1262140 1927.4
1262150 1958.0
1262160 1980.4
1262170 1980.4
1262180 1994.7
1262190 2006.3
1262200 2006.3
1262210 2013.0
1262220 2020.3
1262230 2020.3
1262240 2032.0
1262250 2044.1
1262260 2063.0
1262270 2063.0
1262280 2077.0
1262290 2092.2
1262300 2092.2
1262310 2096.4
1262320 2097.9
1262330 2097.9
1262340 2101.9
1262350 2105.9
1262360 2105.9
1262370 2110.3
1262380 2113.1
1262390 2113.1
1262400 2115.2
1262410 2116.1
1262420 2116.1
1262430 2120.1
1262440 2131.4
1262450 2131.4
1262460 2140.9
1262470 2151.7
1262480 2168.4
1262490 2168.4
1262500 2195.8
1262510 2211.4
1262520 2211.4
1262530 2217.7
1262540 2222.9
1262550 2222.9
1262560 2228.6
1262570 2234.5
1262580 2234.5
1262590 2241.4
1262600 2255.3
1262610 2255.3
1262620 2280.2
1262630 2290.4
1262640 2290.4
1262650 2300.9
1262660 2314.0
1262670 2314.0
1262680 2326.0
1262690 2344.0
1262700 2362.2
1262710 2362.2
1262720 2375.9
1262730 2387.7
1262740 2387.7
1262750 2402.5
1262760 2408.0
1262770 2408.0
1262780 2414.7
1262790 2427.9
1262800 2427.9
1262810 2437.0
1262820 2446.0
1262830 2448.4
1262840 2455.9
1262850 2460.3
1262860 2460.3
1262870 2464.8
1262880 2468.1
1262890 2468.1
1262900 2468.2
1262910 2468.6
1262920 2468.2
1262930 2468.2
1262940 2464.3
1262950 2458.6
1262960 2458.6
1262970 2453.9
1262980 2444.7
1262990 2444.7
1263000 2431.2
1263010 2419.3
1263020 2419.3
1263030 2410.5
1263040 2401.1
1263050 2401.1
1263060 2388.6
1263070 2381.6
1263080 2381.6
1263090 2371.9
1263100 2361.3
1263110 2361.3
1263120 2345.0
1263130 2330.2
1263140 2326.0
1263150 2326.0
1263160 2328.6
1263170 2330.1
1263180 2330.1
1263190 2336.4
1263200 2351.9
1263210 2351.9
1263220 2367.6
1263230 2380.7
1263240 2380.7
1263250 2388.6
1263260 2400.2
1263270 2400.2
1263280 2411.4
1263290 2413.1
1263300 2413.1
1263310 2411.4
1263320 2410.1
1263330 2410.1
1263340 2408.2
1263350 2410.7
1263360 2412.9
1263370 2412.9
1263380 2410.0
1263390 2407.7
1263400 2414.8
1263410 2417.6
1263420 2430.7
1263430 2430.7
1263440 2433.7
1263450 2429.7
1263460 2429.7
1263470 2427.0
1263480 2427.5
1263490 2427.5
1263500 2428.5
1263510 2428.0
1263520 2428.0
1263530 2423.5
1263540 2417.6
1263550 2417.6
1263560 2411.6
1263570 2405.6
1263580 2399.7
1263590 2399.7
1263600 2394.0
1263610 2388.2
1263620 2388.2
1263630 2382.0
1263640 2374.6
1263650 2374.6
1263660 2367.0
1263670 2362.3
1263680 2362.3
1263690 2361.0
1263700 2358.8
1263710 2358.8
1263720 2359.2
1263730 2354.3
1263740 2354.3
1263750 2353.1
1263760 2355.1
1263770 2355.1
1263780 2351.5
1263790 2340.9
1263800 2327.6
1263810 2327.6
1263820 2315.7
1263830 2308.2
1263840 2308.2
1263850 2308.2
1263860 2313.0
1263870 2313.0
1263880 2311.3
1263890 2307.5
1263900 2307.5
1263910 2305.7
1263920 2309.4
1263930 2309.4
1263940 2309.5
1263950 2302.2
1263960 2302.2
1263970 2292.9
1263980 2280.9
1263990 2280.9
1264000 2272.4
1264010 2263.3
1264020 2252.9
1264030 2252.9
1264040 2243.3
1264050 2244.1
1264060 2244.1
1264070 2245.0
1264080 2239.9
1264090 2239.9
1264100 2233.5
1264110 2226.1
1264120 2226.1
1264130 2218.3
1264140 2210.9
1264150 2210.9
1264160 2203.3
1264170 2194.2
1264180 2194.2
1264190 2183.0
1264200 2171.4
1264210 2171.4
1264220 2156.5
1264230 2144.1
1264240 2142.5
1264250 2142.5
1264260 2144.9
1264270 2148.6
1264280 2148.6
1264290 2149.0
1264300 2152.6
1264310 2152.6
1264320 2158.8
1264330 2161.0
1264340 2161.0
1264350 2161.1
1264360 2162.2
1264370 2162.2
1264380 2164.7
1264390 2170.7
1264400 2170.7
1264410 2196.2
1264420 2226.8
1264430 2226.8
1264440 2238.8
1264450 2242.5
1264460 2254.6
1264470 2254.6
1264480 2275.7
1264490 2290.6
1264500 2290.6
1264510 2294.8
1264520 2296.4
1264530 2296.4
1264540 2294.9
1264550 2284.7
1264560 2284.7
1264570 2277.1
1264580 2266.0
1264590 2266.0
1264600 2258.4
1264610 2254.2
1264620 2254.2
1264630 2250.3
1264640 2246.8
1264650 2246.8
1264660 2244.9
1264670 2247.8
1264680 2251.5
1264690 2251.5
1264700 2253.0
1264710 2253.9
1264720 2253.9
1264730 2253.2
1264740 2250.5
1264750 2250.5
1264760 2247.8
1264770 2245.1
1264780 2245.1
1264790 2241.8
1264800 2239.2
1264810 2239.2
1264820 2238.8
1264830 2239.8
1264840 2239.8
1264850 2241.7
1264860 2243.6
1264870 2243.6
1264880 2244.4
1264890 2245.0
1264900 2246.5
1264910 2246.5
1264920 2249.1
1264930 2252.4
1264940 2252.4
1264950 2255.2
1264960 2256.6
1264970 2256.6
1264980 2255.9
1264990 2253.9
1265000 2253.9
1265010 2252.4
1265020 2251.0
1265030 2251.0
1265040 2250.2
1265050 2248.8
1265060 2248.8
1265070 2246.3
1265080 2242.6
1265090 2242.6
1265100 2239.3
1265110 2238.0
1265120 2234.6
1265130 2239.1
1265140 2236.4
1265150 2235.0
1265160 2235.0
1265170 2233.7
1265180 2234.7
1265190 2234.7
1265200 2234.8
1265210 2233.9
1265220 2233.9
1265230 2233.1
1265240 2232.2
1265250 2232.2
1265260 2230.0
1265270 2227.2
1265280 2227.2
1265290 2224.8
1265300 2222.5
1265310 2222.5
1265320 2219.6
1265330 2215.4
1265340 2211.1
1265350 2211.1
1265360 2207.4
1265370 2203.5
1265380 2203.5
1265390 2198.9
1265400 2193.6
1265410 2193.6
1265420 2188.7
1265430 2186.7
1265440 2186.7
1265450 2185.5
1265460 2183.8
1265470 2183.8
1265480 2179.8
1265490 2174.3
1265500 2174.3
1265510 2170.9
1265520 2169.4
1265530 2169.4
1265540 2166.9
1265550 2163.2
1265560 2159.9
1265570 2159.9
1265580 2157.4
1265590 2153.6
1265600 2153.6
1265610 2149.0
1265620 2145.6
1265630 2145.6
1265640 2143.6
1265650 2143.2
1265660 2143.2
1265670 2144.0
1265680 2143.8
1265690 2143.8
1265700 2142.0
1265710 2140.8
1265720 2140.8
1265730 2137.8
1265740 2136.2
1265750 2136.2
1265760 2134.1
1265770 2131.7
1265780 2128.7
1265790 2128.7
1265800 2125.1
1265810 2123.7
1265820 2123.7
1265830 2123.3
1265840 2123.8
1265850 2123.8
1265860 2124.6
1265870 2121.6
1265880 2121.6
1265890 2118.3
1265900 2116.0
1265910 2116.0
1265920 2113.5
1265930 2111.2
1265940 2111.2
1265950 2108.7
1265960 2105.5
1265970 2105.5
1265980 2103.2
1265990 2102.9
1266000 2102.9
1266010 2102.9
1266020 2102.1
1266030 2101.5
1266040 2101.5
1266050 2102.5
1266060 2102.9
1266070 2102.9
1266080 2103.8
1266090 2105.6
1266100 2105.6
1266110 2107.1
1266120 2106.3
1266130 2106.3
1266140 2105.7
1266150 2105.1
1266160 2105.1
1266170 2104.4
1266180 2102.5
1266190 2102.5
1266200 2101.4
1266210 2102.7
1266220 2103.0
1266230 2103.0
1266240 2103.3
1266250 2106.3
1266260 2106.3
1266270 2112.0
1266280 2117.5
1266290 2118.1
1266300 2119.8
1266310 2110.6
1266320 2110.6
1266330 2095.4
1266340 2075.8
1266350 2075.8
1266360 2075.3
1266370 2090.2
1266380 2090.2
1266390 2101.5
1266400 2098.2
1266410 2098.2
1266420 2093.0
1266430 2080.1
1266440 2063.1
1266450 2063.1
1266460 2058.3
1266470 2093.7
1266480 2093.7
1266490 2116.7
1266500 2122.2
1266510 2122.2
1266520 2125.9
1266530 2132.0
1266540 2132.0
1266550 2138.6
1266560 2144.4
1266570 2144.4
1266580 2149.2
1266590 2154.0
1266600 2154.0
1266610 2160.1
1266620 2166.8
1266630 2166.8
1266640 2169.7
1266650 2169.2
1266660 2167.1
1266670 2167.1
1266680 2163.6
1266690 2158.4
1266700 2158.4
1266710 2150.8
1266720 2141.5
1266730 2141.5
1266740 2126.4
1266750 2092.1
1266760 2092.1
1266770 2033.5
1266780 2016.5
1266790 2016.5
1266800 1996.1
1266810 1992.3
1266820 1992.3
1266830 1994.6
1266840 1995.3
1266850 1995.3
1266860 1997.8
1266870 1990.1
1266880 1992.1
1266890 1992.1
1266900 1987.4
1266910 1980.4
1266920 1980.4
1266930 1969.9
1266940 1955.2
1266950 1955.2
1266960 1902.4
1266970 1864.0
1266980 1864.0
1266990 1845.4
1267000 1837.9
1267010 1837.9
1267020 1852.1
1267030 1882.5
1267040 1882.5
1267050 1899.0
1267060 1910.8
1267070 1910.8
1267080 1910.4
1267090 1895.9
1267100 1872.8
1267110 1872.8
1267120 1858.2
1267130 1845.7
1267140 1845.7
1267150 1833.9
1267160 1821.4
1267170 1821.4
1267180 1809.0
1267190 1785.1
1267200 1785.1
1267210 1744.0
1267220 1735.7
1267230 1735.7
1267240 1730.7
1267250 1722.0
1267260 1722.0
1267270 1714.3
1267280 1712.2
1267290 1712.2
1267300 1698.6
1267310 1709.5
1267320 1715.6
1267330 1715.6
1267340 1720.3
1267350 1737.9
1267360 1737.9
1267370 1752.6
1267380 1747.6
1267390 1747.6
1267400 1736.5
1267410 1737.3
1267420 1737.3
1267430 1730.2
1267440 1717.0
1267450 1711.0
1267460 1703.9
1267470 1696.4
1267480 1696.4
1267490 1688.7
1267500 1680.1
1267510 1680.1
1267520 1672.1
1267530 1661.8
1267540 1646.5
1267550 1646.5
1267560 1631.9
1267570 1614.4
1267580 1614.4
1267590 1608.2
1267600 1609.0
1267610 1609.0
1267620 1615.5
1267630 1622.9
1267640 1622.9
1267650 1621.4
1267660 1613.9
1267670 1613.9
1267680 1604.8
1267690 1585.9
1267700 1585.9
1267710 1562.7
1267720 1548.7
1267730 1548.7
1267740 1537.0
1267750 1528.0
1267760 1518.8
1267770 1518.8
1267780 1508.9
1267790 1500.7
1267800 1500.7
1267810 1491.7
1267820 1483.7
1267830 1483.7
1267840 1474.4
1267850 1464.9
1267860 1464.9
1267870 1457.4
1267880 1458.5
1267890 1458.5
1267900 1465.8
1267910 1474.7
1267920 1474.7
1267930 1482.7
1267940 1490.7
1267950 1490.7
1267960 1487.7
1267970 1483.2
1267980 1477.3
1267990 1477.3
1268000 1469.7
1268010 1466.9
1268020 1466.9
1268030 1461.4
1268040 1446.7
1268050 1446.7
1268060 1437.2
1268070 1432.7
1268080 1432.7
1268090 1425.7
1268100 1415.1
1268110 1415.1
1268120 1407.3
1268130 1400.3
1268140 1400.3
1268150 1393.5
1268160 1387.5
1268170 1387.5
1268180 1381.7
1268190 1376.1
1268200 1370.3
1268210 1370.3
1268220 1365.0
1268230 1359.7
1268240 1359.7
1268250 1353.8
1268260 1348.3
1268270 1348.3
1268280 1343.2
1268290 1338.8
1268300 1338.8
1268310 1334.7
1268320 1331.1
1268330 1331.1
1268340 1328.9
1268350 1327.1
1268360 1327.1
1268370 1324.0
1268380 1321.5
1268390 1321.5
1268400 1318.7
1268410 1315.1
1268420 1311.4
1268430 1311.4
1268440 1307.5
1268450 1301.9
1268460 1301.9
1268470 1295.1
1268480 1288.8
1268490 1288.8
1268500 1284.2
1268510 1281.1
1268520 1281.1
1268530 1277.6
1268540 1275.1
1268550 1275.1
1268560 1273.6
1268570 1271.7
1268580 1271.7
1268590 1268.9
1268600 1267.0
1268610 1267.0
1268620 1259.5
1268630 1254.0
1268640 1249.0
1268650 1249.0
1268660 1245.5
1268670 1240.6
1268680 1240.6
1268690 1235.8
1268700 1232.5
1268710 1232.5
1268720 1230.4
1268730 1229.5
1268740 1229.5
1268750 1229.3
1268760 1228.7
1268770 1228.7
1268780 1228.2
1268790 1226.3
1268800 1226.3
1268810 1224.9
1268820 1222.7
1268830 1222.7
1268840 1221.2
1268850 1220.6
1268860 1220.2
1268870 1220.2
1268880 1219.3
1268890 1218.9
1268900 1218.9
1268910 1218.4
1268920 1217.1
1268930 1217.1
1268940 1216.1
1268950 1215.6
1268960 1215.6
1268970 1215.4
1268980 1214.9
1268990 1214.9
1269000 1214.3
1269010 1214.1
1269020 1214.1
1269030 1213.1
1269040 1212.6
1269050 1212.6
1269060 1211.9
1269070 1210.8
1269080 1209.6
1269090 1209.6
1269100 1209.5
1269110 1208.6
1269120 1208.6
1269130 1206.4
1269140 1205.4
1269150 1205.4
1269160 1204.2
1269170 1203.7
1269180 1203.7
1269190 1202.8
1269200 1201.4
1269210 1199.7
1269220 1197.5
1269230 1196.4
1269240 1196.4
1269250 1195.3
1269260 1194.3
1269270 1194.3
1269280 1194.0
1269290 1194.5
1269300 1195.0
1269310 1195.0
1269320 1195.0
1269330 1194.7
1269340 1194.7
1269350 1194.6
1269360 1194.4
1269370 1194.4
1269380 1194.3
1269390 1194.2
1269400 1194.2
1269410 1194.2
1269420 1194.1
1269430 1194.1
1269440 1194.1
1269450 1193.9
1269460 1193.9
1269470 1193.8
1269480 1193.7
1269490 1193.7
1269500 1193.7
1269510 1193.5
1269520 1193.3
1269530 1193.3
1269540 1193.5
1269550 1193.5
1269560 1193.5
1269570 1193.3
1269580 1193.3
1269590 1193.3
1269600 1193.3
1269610 1193.3
1269620 1193.3
1269630 1193.2
1269640 1193.2
1269650 1193.2
1269660 1193.2
1269670 1193.1
1269680 1193.1
1269690 1193.1
1269700 1193.1
1269710 1193.1
1269720 1193.0
1269730 1193.0
1269740 1192.9
1269750 1192.9
1269760 1192.8
1269770 1192.7
1269780 1192.7
1269790 1192.6
1269800 1192.6
1269810 1192.6
1269820 1192.6
1269830 1192.7
1269840 1192.7
1269850 1192.6
1269860 1192.5
1269870 1192.5
1269880 1192.5
1269890 1192.5
1269900 1192.5
1269910 1192.4
1269920 1192.4
1269930 1192.4
1269940 1192.4
1269950 1192.2
1269960 1192.2
1269970 1192.2
1269980 1192.4
1269990 1192.7
1270000 1192.7
1270010 1192.5
1270020 1192.9
1270030 1192.9
1270040 1194.6
1270050 1196.1
1270060 1196.1
1270070 1197.0
1270080 1198.2
1270090 1198.2
1270100 1199.2
1270110 1200.1
1270120 1200.1
1270130 1201.7
1270140 1204.0
1270150 1204.0
1270160 1206.0
1270170 1206.9
1270180 1207.1
1270190 1207.1
1270200 1207.8
1270210 1209.1
1270220 1209.1
1270230 1210.6
1270240 1211.5
1270250 1211.5
1270260 1212.6
1270270 1214.6
1270280 1214.6
1270290 1216.4
1270300 1218.1
1270310 1218.1
1270320 1219.9
1270330 1221.8
1270340 1221.8
1270350 1223.8
1270360 1225.7
1270370 1225.7
1270380 1227.6
1270390 1232.8
1270400 1236.7
1270410 1236.7
1270420 1238.1
1270430 1238.0
1270440 1238.0
1270450 1237.0
1270460 1237.1
1270470 1237.1
1270480 1239.3
1270490 1241.1
1270500 1241.1
1270510 1242.9
1270520 1245.0
1270530 1245.0
1270540 1246.9
1270550 1248.4
1270560 1248.4
1270570 1249.6
1270580 1250.5
1270590 1250.5
1270600 1251.1
1270610 1251.4
1270620 1251.4
1270630 1251.4
1270640 1251.6
1270650 1252.5
1270660 1252.5
1270670 1253.3
1270680 1254.1
1270690 1254.1
1270700 1254.7
1270710 1255.3
1270720 1255.3
1270730 1255.8
1270740 1256.4
1270750 1256.4
1270760 1257.2
1270770 1258.5
1270780 1258.5
1270790 1260.7
1270800 1262.6
1270810 1262.6
1270820 1265.2
1270830 1267.7
1270840 1269.8
1270850 1269.8
1270860 1271.3
1270870 1273.8
1270880 1273.8
1270890 1276.4
1270900 1278.7
1270910 1278.7
1270920 1281.6
1270930 1284.1
1270940 1284.1
1270950 1287.3
1270960 1290.1
1270970 1290.1
1270980 1293.9
1270990 1300.5
1271000 1300.5
1271010 1304.6
1271020 1310.6
1271030 1310.6
1271040 1315.6
1271050 1318.4
1271060 1320.9
1271070 1320.9
1271080 1323.5
1271090 1325.3
1271100 1325.3
1271110 1327.7
1271120 1329.7
1271130 1329.7
1271140 1332.3
1271150 1335.2
1271160 1335.2
1271170 1339.1
1271180 1342.4
1271190 1342.4
1271200 1344.9
1271210 1347.1
1271220 1347.1
1271230 1348.1
1271240 1350.2
1271250 1350.2
1271260 1351.6
1271270 1353.8
1271280 1355.9
1271290 1355.9
1271300 1358.2
1271310 1359.5
1271320 1359.5
1271330 1360.2
1271340 1361.9
1271350 1361.9
1271360 1365.0
1271370 1366.9
1271380 1366.9
1271390 1368.6
1271400 1370.5
1271410 1370.5
1271420 1370.9
1271430 1370.4
1271440 1370.4
1271450 1370.8
1271460 1370.1
1271470 1370.1
1271480 1369.7
1271490 1373.4
1271500 1376.7
1271510 1376.7
1271520 1380.6
1271530 1382.5
1271540 1382.5
1271550 1382.9
1271560 1383.7
1271570 1383.7
1271580 1389.3
1271590 1389.9
1271600 1389.9
1271610 1391.5
1271620 1393.3
1271630 1393.3
1271640 1394.1
1271650 1395.3
1271660 1395.3
1271670 1397.9
1271680 1400.7
1271690 1400.7
1271700 1402.6
1271710 1404.6
1271720 1406.8
1271730 1406.8
1271740 1409.4
1271750 1413.8
1271760 1413.8
1271770 1418.5
1271780 1423.3
1271790 1423.3
1271800 1426.6
1271810 1431.9
1271820 1431.9
1271830 1437.7
1271840 1442.2
1271850 1442.2
1271860 1445.5
1271870 1448.3
1271880 1448.3
1271890 1450.1
1271900 1450.5
1271910 1450.5
1271920 1451.7
1271930 1452.3
1271940 1451.0
1271950 1451.0
1271960 1450.0
1271970 1449.3
1271980 1449.3
1271990 1449.5
1272000 1451.0
1272010 1451.0
1272020 1451.6
1272030 1452.4
1272040 1452.4
1272050 1454.9
1272060 1456.2
1272070 1456.2
1272080 1455.6
1272090 1455.9
1272100 1455.9
1272110 1457.2
1272120 1458.1
1272130 1458.1
1272140 1459.2
1272150 1459.6
1272160 1460.6
1272170 1460.6
1272180 1468.9
1272190 1467.5
1272200 1467.5
1272210 1465.4
1272220 1461.1
1272230 1461.1
1272240 1455.9
1272250 1451.5
1272260 1451.5
1272270 1447.0
1272280 1441.9
1272290 1441.9
1272300 1436.5
1272310 1431.8
1272320 1431.8
1272330 1427.9
1272340 1422.2
1272350 1422.2
1272360 1417.1
1272370 1416.1
1272380 1417.0
1272390 1417.0
1272400 1418.6
1272410 1421.2
1272420 1421.2
1272430 1424.5
1272440 1428.1
1272450 1428.1
1272460 1431.0
1272470 1432.8
1272480 1432.8
1272490 1432.9
1272500 1432.6
1272510 1432.6
1272520 1433.3
1272530 1436.6
1272540 1436.6
1272550 1442.1
1272560 1448.2
1272570 1448.2
1272580 1453.7
1272590 1458.9
1272600 1463.1
1272610 1463.1
1272620 1466.0
1272630 1468.4
1272640 1468.4
1272650 1470.2
1272660 1471.1
1272670 1471.1
1272680 1472.0
1272690 1473.3
1272700 1473.3
1272710 1474.9
1272720 1476.5
1272730 1476.5
1272740 1477.3
1272750 1477.9
1272760 1477.9
1272770 1478.4
1272780 1480.5
1272790 1480.5
1272800 1479.9
1272810 1479.7
1272820 1479.7
1272830 1479.7
1272840 1479.9
1272850 1480.6
1272860 1480.6
1272870 1482.6
1272880 1485.9
1272890 1485.9
1272900 1489.5
1272910 1493.4
1272920 1493.4
1272930 1496.7
1272940 1500.0
1272950 1500.0
1272960 1504.1
1272970 1508.4
1272980 1508.4
1272990 1512.7
1273000 1517.3
1273010 1517.3
1273020 1521.1
1273030 1523.0
1273040 1524.5
1273050 1524.5
1273060 1526.3
1273070 1528.3
1273080 1528.3
1273090 1531.0
1273100 1534.0
1273110 1534.0
1273120 1536.8
1273130 1538.7
1273140 1538.7
1273150 1537.0
1273160 1534.9
1273170 1534.9
1273180 1533.0
1273190 1532.4
1273200 1532.4
1273210 1532.0
1273220 1532.0
1273230 1532.0
1273240 1532.0
1273250 1531.3
1273260 1529.8
1273270 1529.8
1273280 1527.9
1273290 1526.7
1273300 1526.7
1273310 1526.6
1273320 1527.7
1273330 1527.7
1273340 1529.4
1273350 1531.2
1273360 1531.2
1273370 1532.8
1273380 1539.1
1273390 1539.1
1273400 1539.5
1273410 1539.2
1273420 1539.2
1273430 1537.7
1273440 1541.5
1273450 1541.5
1273460 1544.3
1273470 1545.5
1273480 1546.3
1273490 1546.3
1273500 1546.6
1273510 1545.4
1273520 1545.4
1273530 1542.7
1273540 1540.1
1273550 1540.1
1273560 1539.1
1273570 1538.5
1273580 1538.5
1273590 1539.1
1273600 1540.3
1273610 1540.3
1273620 1543.1
1273630 1545.2
1273640 1545.2
1273650 1546.8
1273660 1548.7
1273670 1548.7
1273680 1553.2
1273690 1556.0
1273700 1559.5
1273710 1559.5
1273720 1561.0
1273730 1562.1
1273740 1562.1
1273750 1562.9
1273760 1565.0
1273770 1565.0
1273780 1567.5
1273790 1569.9
1273800 1569.9
1273810 1571.5
1273820 1573.4
1273830 1573.4
1273840 1575.7
1273850 1576.9
1273860 1576.9
1273870 1579.9
1273880 1582.8
1273890 1582.8
1273900 1585.5
1273910 1588.9
1273920 1591.4
1273930 1591.4
1273940 1593.2
1273950 1594.0
1273960 1594.0
1273970 1594.4
1273980 1600.2
1273990 1600.2
1274000 1600.1
1274010 1601.1
1274020 1601.1
1274030 1603.3
1274040 1605.6
1274050 1605.6
1274060 1606.7
1274070 1608.8
1274080 1608.8
1274090 1610.6
1274100 1612.0
1274110 1612.0
1274120 1613.5
1274130 1615.5
1274140 1617.9
1274150 1617.9
1274160 1617.9
1274170 1616.8
1274180 1616.8
1274190 1616.0
1274200 1616.6
1274210 1616.6
1274220 1618.4
1274230 1619.6
1274240 1619.6
1274250 1621.3
1274260 1624.0
1274270 1624.0
1274280 1626.6
1274290 1629.5
1274300 1629.5
1274310 1632.8
1274320 1635.4
1274330 1635.4
1274340 1638.6
1274350 1643.2
1274360 1646.8
1274370 1646.8
1274380 1648.5
1274390 1649.9
1274400 1649.9
1274410 1650.5
1274420 1651.3
1274430 1651.3
1274440 1653.0
1274450 1653.6
1274460 1653.6
1274470 1653.9
1274480 1653.9
1274490 1653.9
1274500 1652.9
1274510 1652.6
1274520 1652.6
1274530 1652.6
1274540 1652.4
1274550 1652.1
1274560 1652.1
1274570 1651.7
1274580 1653.8
1274590 1653.8
1274600 1653.4
1274610 1653.2
1274620 1653.2
1274630 1653.1
1274640 1651.6
1274650 1651.6
1274660 1650.2
1274670 1649.2
1274680 1649.2
1274690 1648.2
1274700 1647.2
1274710 1647.2
1274720 1646.2
1274730 1645.1
1274740 1645.1
1274750 1643.8
1274760 1642.7
1274770 1643.1
1274780 1643.1
1274790 1645.6
1274800 1648.3
1274810 1648.3
1274820 1652.3
1274830 1658.1
1274840 1658.1
1274850 1660.9
1274860 1659.2
1274870 1659.2
1274880 1657.9
1274890 1656.6
1274900 1656.6
1274910 1655.2
1274920 1653.9
1274930 1653.9
1274940 1652.5
1274950 1651.1
1274960 1651.1
1274970 1649.8
1274980 1648.4
1274990 1647.0
1275000 1647.0
1275010 1643.9
1275020 1641.3
1275030 1641.3
1275040 1638.8
1275050 1634.8
1275060 1634.8
1275070 1631.7
1275080 1629.0
1275090 1629.0
1275100 1626.2
1275110 1624.1
1275120 1624.1
1275130 1621.1
1275140 1618.2
1275150 1618.2
1275160 1615.1
1275170 1612.7
1275180 1614.1
1275190 1611.8
1275200 1608.9
1275210 1605.4
1275220 1605.4
1275230 1600.5
1275240 1594.8
1275250 1594.8
1275260 1590.8
1275270 1587.6
1275280 1587.6
1275290 1584.6
1275300 1581.3
1275310 1581.3
1275320 1578.5
1275330 1576.0
1275340 1576.0
1275350 1572.6
1275360 1568.6
1275370 1568.6
1275380 1565.1
1275390 1561.8
1275400 1561.8
1275410 1558.6
1275420 1555.0
1275430 1551.5
1275440 1551.5
1275450 1549.2
1275460 1546.7
1275470 1546.7
1275480 1543.6
1275490 1539.6
1275500 1539.6
1275510 1534.8
1275520 1529.6
1275530 1529.6
1275540 1524.8
1275550 1520.6
1275560 1520.6
1275570 1516.9
1275580 1513.1
1275590 1513.1
1275600 1509.5
1275610 1506.9
1275620 1506.9
1275630 1504.5
1275640 1502.6
1275650 1500.4
1275660 1500.4
1275670 1497.9
1275680 1495.2
1275690 1495.2
1275700 1492.3
1275710 1488.5
1275720 1488.5
1275730 1483.8
1275740 1480.1
1275750 1480.1
1275760 1476.7
1275770 1473.0
1275780 1473.0
1275790 1470.0
1275800 1466.6
1275810 1466.6
1275820 1463.3
1275830 1460.3
1275840 1460.3
1275850 1457.8
1275860 1454.4
1275870 1448.9
1275880 1448.9
1275890 1442.9
1275900 1436.4
1275910 1436.4
1275920 1431.2
1275930 1426.8
1275940 1426.8
1275950 1421.4
1275960 1415.7
1275970 1415.7
1275980 1410.0
1275990 1404.7
1276000 1404.7
1276010 1399.6
1276020 1395.0
1276030 1395.0
1276040 1391.2
1276050 1387.7
1276060 1387.7
1276070 1384.7
1276080 1381.0
1276090 1376.4
1276100 1376.4
1276110 1371.1
1276120 1365.6
1276130 1365.6
1276140 1359.6
1276150 1352.9
1276160 1352.9
1276170 1347.0
1276180 1341.7
1276190 1341.7
1276200 1336.0
1276210 1331.0
1276220 1331.0
1276230 1326.9
1276240 1323.3
1276250 1323.3
1276260 1320.4
1276270 1316.6
1276280 1316.6
1276290 1311.2
1276300 1304.9
1276310 1298.1
1276320 1298.1
1276330 1293.3
1276340 1290.0
1276350 1290.0
1276360 1290.6
1276370 1289.0
1276380 1289.0
1276390 1287.1
1276400 1293.8
1276410 1293.8
1276420 1296.0
1276430 1297.3
1276440 1297.3
1276450 1298.0
1276460 1298.2
1276470 1298.2
1276480 1297.0
1276490 1295.9
1276500 1295.9
1276510 1295.4
1276520 1294.8
1276530 1294.4
1276540 1294.4
1276550 1293.7
1276560 1292.5
1276570 1292.5
1276580 1291.8
1276590 1291.7
1276600 1291.7
1276610 1291.1
1276620 1291.5
1276630 1291.5
1276640 1294.2
1276650 1297.9
1276660 1297.9
1276670 1301.5
1276680 1304.3
1276690 1304.3
1276700 1304.7
1276710 1305.0
1276720 1305.0
1276730 1301.5
1276740 1296.6
1276750 1290.8
1276760 1290.8
1276770 1288.5
1276780 1291.2
1276790 1291.2
1276800 1296.2
1276810 1302.6
1276820 1302.6
1276830 1308.9
1276840 1315.8
1276850 1315.8
1276860 1323.4
1276870 1326.3
1276880 1326.3
1276890 1325.9
1276900 1322.9
1276910 1322.9
1276920 1322.0
1276930 1322.4
1276940 1322.4
1276950 1321.4
1276960 1320.0
1276970 1319.7
1276980 1319.7
1276990 1318.1
1277000 1316.5
1277010 1320.4
1277020 1318.5
1277030 1316.8
1277040 1316.8
1277050 1316.0
1277060 1316.1
1277070 1316.1
1277080 1316.6
1277090 1316.0
1277100 1316.0
1277110 1314.4
1277120 1313.4
1277130 1313.4
1277140 1313.2
1277150 1313.5
1277160 1313.5
1277170 1314.1
1277180 1315.2
1277190 1316.1
1277200 1316.1
1277210 1317.8
1277220 1319.2
1277230 1319.2
1277240 1320.3
1277250 1321.8
1277260 1321.8
1277270 1323.0
1277280 1324.2
1277290 1324.2
1277300 1325.9
1277310 1327.9
1277320 1327.9
1277330 1329.7
1277340 1330.4
1277350 1330.4
1277360 1325.8
1277370 1319.8
1277380 1319.8
1277390 1314.9
1277400 1312.6
1277410 1311.6
1277420 1311.6
1277430 1311.1
1277440 1313.3
1277450 1313.3
1277460 1317.7
1277470 1322.2
1277480 1322.2
1277490 1326.3
1277500 1330.3
1277510 1330.3
1277520 1332.3
1277530 1331.2
1277540 1331.2
1277550 1330.4
1277560 1331.3
1277570 1331.3
1277580 1332.9
1277590 1332.1
1277600 1332.1
1277610 1328.1
1277620 1328.1
1277630 1324.6
1277640 1324.6
1277650 1322.8
1277660 1319.3
1277670 1319.3
1277680 1308.6
1277690 1299.0
1277700 1299.0
1277710 1292.4
1277720 1286.8
1277730 1286.8
1277740 1281.4
1277750 1274.3
1277760 1274.3
1277770 1264.0
1277780 1253.8
1277790 1253.8
1277800 1251.5
1277810 1252.3
1277820 1252.3
1277830 1252.7
1277840 1250.0
1277850 1243.5
1277860 1243.5
1277870 1231.3
1277880 1220.0
1277890 1220.0
1277900 1213.4
1277910 1209.2
1277920 1209.2
1277930 1205.5
1277940 1199.4
1277950 1199.4
1277960 1190.6
1277970 1183.3
1277980 1183.3
1277990 1176.7
1278000 1169.7
1278010 1169.7
1278020 1160.0
1278030 1151.3
1278040 1151.3
1278050 1141.1
1278060 1131.9
1278070 1124.1
1278080 1124.1
1278090 1118.3
1278100 1112.6
1278110 1112.6
1278120 1105.8
1278130 1098.6
1278140 1098.6
1278150 1092.5
1278160 1087.5
1278170 1087.5
1278180 1083.3
1278190 1079.8
1278200 1079.8
1278210 1077.5
1278220 1076.8
1278230 1076.8
1278240 1076.8
1278250 1075.7
1278260 1075.7
1278270 1074.5
1278280 1076.5
1278290 1077.8
1278300 1077.8
1278310 1078.1
1278320 1078.4
1278330 1078.4
1278340 1078.6
1278350 1079.3
1278360 1079.3
1278370 1080.6
1278380 1081.8
1278390 1081.8
1278400 1086.3
1278410 1091.2
1278420 1091.2
1278430 1093.5
1278440 1095.4
1278450 1095.4
1278460 1101.1
1278470 1104.4
1278480 1104.4
1278490 1106.3
1278500 1109.3
1278510 1112.6
1278520 1112.6
1278530 1115.7
1278540 1118.4
1278550 1118.4
1278560 1120.4
1278570 1123.7
1278580 1123.7
1278590 1128.0
1278600 1132.1
1278610 1132.1
1278620 1135.3
1278630 1138.2
1278640 1138.2
1278650 1140.9
1278660 1143.3
1278670 1143.3
1278680 1145.6
1278690 1148.2
1278700 1148.2
1278710 1151.3
1278720 1154.7
1278730 1158.0
1278740 1158.0
1278750 1161.3
1278760 1164.6
1278770 1164.6
1278780 1167.8
1278790 1170.8
1278800 1170.8
1278810 1174.0
1278820 1177.0
1278830 1177.0
1278840 1180.4
1278850 1188.8
1278860 1188.8
1278870 1192.0
1278880 1196.6
1278890 1196.6
1278900 1202.1
1278910 1207.9
1278920 1207.9
1278930 1213.0
1278940 1217.3
1278950 1223.0
1278960 1223.0
1278970 1228.5
1278980 1234.5
1278990 1234.5
1279000 1240.8
1279010 1247.3
1279020 1247.3
1279030 1254.3
1279040 1260.0
1279050 1260.0
1279060 1265.5
1279070 1271.1
1279080 1271.1
1279090 1276.7
1279100 1282.9
1279110 1282.9
1279120 1288.8
1279130 1294.5
1279140 1294.5
1279150 1299.7
1279160 1304.1
1279170 1309.0
1279180 1309.0
1279190 1314.5
1279200 1319.6
1279210 1319.6
1279220 1324.9
1279230 1330.1
1279240 1330.1
1279250 1333.7
1279260 1336.8
1279270 1336.8
1279280 1340.9
1279290 1346.4
1279300 1346.4
1279310 1353.2
1279320 1360.3
1279330 1360.3
1279340 1367.0
1279350 1373.6
1279360 1373.6
1279370 1380.1
1279380 1386.3
1279390 1391.9
1279400 1391.9
1279410 1398.0
1279420 1404.4
1279430 1404.4
1279440 1411.2
1279450 1418.0
1279460 1418.0
1279470 1425.5
1279480 1432.5
1279490 1432.5
1279500 1439.3
1279510 1444.9
1279520 1444.9
1279530 1450.0
1279540 1456.8
1279550 1456.8
1279560 1464.0
1279570 1471.4
1279580 1471.4
1279590 1478.7
1279600 1485.9
1279610 1492.7
1279620 1492.7
1279630 1499.6
1279640 1506.6
1279650 1506.6
1279660 1513.7
1279670 1520.9
1279680 1520.9
1279690 1528.1
1279700 1535.0
1279710 1535.0
1279720 1541.8
1279730 1548.4
1279740 1548.4
1279750 1555.4
1279760 1562.7
1279770 1562.7
1279780 1569.9
1279790 1576.1
1279800 1576.1
1279810 1581.5
1279820 1587.6
1279830 1593.2
1279840 1593.2
1279850 1599.6
1279860 1605.4
1279870 1605.4
1279880 1610.7
1279890 1614.9
1279900 1614.9
1279910 1617.7
1279920 1623.3
1279930 1623.3
1279940 1630.2
1279950 1636.5
1279960 1636.5
1279970 1645.3
1279980 1653.3
1279990 1653.3
