1260000 2106.8
1260010 2101.4
1260020 2101.4
1260030 2095.5
1260040 2089.8
1260050 2089.8
1260060 2084.5
1260070 2078.6
1260080 2072.3
1260090 2072.3
1260100 2066.8
1260110 2056.9
1260120 2056.9
1260130 2051.5
1260140 2046.3
1260150 2046.3
1260160 2039.3
1260170 2031.4
1260180 2031.4
1260190 2025.2
1260200 2019.3
1260210 2019.3
1260220 2014.1
1260230 2009.0
1260240 2009.0
1260250 2003.8
1260260 1997.2
1260270 1997.2
1260280 1988.9
1260290 1980.5
1260300 1972.6
1260310 1972.6
1260320 1964.4
1260330 1956.6
1260340 1956.6
1260350 1949.4
1260360 1941.6
1260370 1941.6
1260380 1934.3
1260390 1927.3
1260400 1927.3
1260410 1920.0
1260420 1913.3
1260430 1913.3
1260440 1907.0
1260450 1900.7
1260460 1900.7
1260470 1894.5
1260480 1887.9
1260490 1887.9
1260500 1881.0
1260510 1873.8
1260520 1866.2
1260530 1866.2
1260540 1858.9
1260550 1851.6
1260560 1851.6
1260570 1843.9
1260580 1836.5
1260590 1836.5
1260600 1829.4
1260610 1822.3
1260620 1822.3
1260630 1815.5
1260640 1808.8
1260650 1808.8
1260660 1802.2
1260670 1796.1
1260680 1795.0
1260690 1789.2
1260700 1783.4
1260710 1783.4
1260720 1778.2
1260730 1773.3
1260740 1768.9
1260750 1768.9
1260760 1763.8
1260770 1757.7
1260780 1757.7
1260790 1751.5
1260800 1745.6
1260810 1745.6
1260820 1740.4
1260830 1735.7
1260840 1735.7
1260850 1730.5
1260860 1724.4
1260870 1724.4
1260880 1717.6
1260890 1710.7
1260900 1710.7
1260910 1704.0
1260920 1697.6
1260930 1697.6
1260940 1691.0
1260950 1684.3
1260960 1678.0
1260970 1678.0
1260980 1671.3
1260990 1664.6
1261000 1664.6
1261010 1658.4
1261020 1651.9
1261030 1651.9
1261040 1645.6
1261050 1639.2
1261060 1639.2
1261070 1632.8
1261080 1626.1
1261090 1626.1
1261100 1619.9
1261110 1613.4
1261120 1613.4
1261130 1607.2
1261140 1601.2
1261150 1601.2
1261160 1596.8
1261170 1593.4
1261180 1590.1
1261190 1590.1
1261200 1587.4
1261210 1585.2
1261220 1585.2
1261230 1582.8
1261240 1580.3
1261250 1580.3
1261260 1574.7
1261270 1568.2
1261280 1568.2
1261290 1562.6
1261300 1557.0
1261310 1557.0
1261320 1550.1
1261330 1543.4
1261340 1543.4
1261350 1537.2
1261360 1532.3
1261370 1532.3
1261380 1528.2
1261390 1524.0
1261400 1521.0
1261410 1521.0
1261420 1519.0
1261430 1519.2
1261440 1519.2
1261450 1519.2
1261460 1518.7
1261470 1518.7
1261480 1519.3
1261490 1519.6
1261500 1519.6
1261510 1519.3
1261520 1520.1
1261530 1520.1
1261540 1521.6
1261550 1523.2
1261560 1523.2
1261570 1525.5
1261580 1528.6
1261590 1528.6
1261600 1531.8
1261610 1533.8
1261620 1535.4
1261630 1535.4
1261640 1537.2
1261650 1539.4
1261660 1539.4
1261670 1541.8
1261680 1544.2
1261690 1544.2
1261700 1546.9
1261710 1549.5
1261720 1549.5
1261730 1551.9
1261740 1554.3
1261750 1554.3
1261760 1556.8
1261770 1560.3
1261780 1560.3
1261790 1564.2
1261800 1568.3
1261810 1568.8
1261820 1572.5
1261830 1575.4
1261840 1578.9
1261850 1578.9
1261860 1583.1
1261870 1587.4
1261880 1587.4
1261890 1592.2
1261900 1596.9
1261910 1596.9
1261920 1602.0
1261930 1607.2
1261940 1607.2
1261950 1613.1
1261960 1618.9
1261970 1618.9
1261980 1623.6
1261990 1627.1
1262000 1627.1
1262010 1630.6
1262020 1634.6
1262030 1634.6
1262040 1639.5
1262050 1644.3
1262060 1649.7
1262070 1649.7
1262080 1654.9
1262090 1660.0
1262100 1660.0
1262110 1665.1
1262120 1670.0
1262130 1670.0
1262140 1674.8
1262150 1679.9
1262160 1679.9
1262170 1684.9
1262180 1690.3
1262190 1690.3
1262200 1695.3
1262210 1699.9
1262220 1699.9
1262230 1704.2
1262240 1709.0
1262250 1709.0
1262260 1714.0
1262270 1719.5
1262280 1724.7
1262290 1724.7
1262300 1729.2
1262310 1733.2
1262320 1733.2
1262330 1737.3
1262340 1739.2
1262350 1739.2
1262360 1737.6
1262370 1736.5
1262380 1743.6
1262390 1742.3
1262400 1744.4
1262410 1744.4
1262420 1749.2
1262430 1756.9
1262440 1756.9
1262450 1770.5
1262460 1793.7
1262470 1793.7
1262480 1810.5
1262490 1829.2
1262500 1838.2
1262510 1838.2
1262520 1845.5
1262530 1859.9
1262540 1859.9
1262550 1880.3
1262560 1907.1
1262570 1907.1
1262580 1941.6
1262590 1956.7
1262600 1956.7
1262610 1959.2
1262620 1961.7
1262630 1961.7
1262640 1972.4
1262650 2000.2
1262660 2000.2
1262670 2025.5
1262680 2022.4
1262690 2022.4
1262700 2012.0
1262710 2022.9
1262720 2031.2
1262730 2031.2
1262740 2021.5
1262750 2005.3
1262760 2005.3
1262770 1989.1
1262780 1982.4
1262790 1982.4
1262800 1983.1
1262810 1989.4
1262820 1989.4
1262830 2006.5
1262840 2009.1
1262850 2009.1
1262860 2000.3
1262870 1993.4
1262880 1993.4
1262890 1991.6
1262900 1992.5
1262910 1992.5
1262920 1996.3
1262930 2001.5
1262940 2007.6
1262950 2006.8
1262960 2017.0
1262970 2031.8
1262980 2031.8
1262990 2064.5
1263000 2094.5
1263010 2094.5
1263020 2115.6
1263030 2143.8
1263040 2143.8
1263050 2165.6
1263060 2189.8
1263070 2189.8
1263080 2211.5
1263090 2235.2
1263100 2235.2
1263110 2273.0
1263120 2292.8
1263130 2292.8
1263140 2310.0
1263150 2324.3
1263160 2334.0
1263170 2334.0
1263180 2342.0
1263190 2349.7
1263200 2349.7
1263210 2356.1
1263220 2360.0
1263230 2360.0
1263240 2361.3
1263250 2365.7
1263260 2365.7
1263270 2373.9
1263280 2381.3
1263290 2381.3
1263300 2388.7
1263310 2395.3
1263320 2395.3
1263330 2402.7
1263340 2410.8
1263350 2410.8
1263360 2419.8
1263370 2426.2
1263380 2426.2
1263390 2433.4
1263400 2439.8
1263410 2443.9
1263420 2443.9
1263430 2446.3
1263440 2448.8
1263450 2448.8
1263460 2456.6
1263470 2467.0
1263480 2467.0
1263490 2475.1
1263500 2482.1
1263510 2482.1
1263520 2491.8
1263530 2499.0
1263540 2499.0
1263550 2506.4
1263560 2512.9
1263570 2512.9
1263580 2519.4
1263590 2520.6
1263600 2520.6
1263610 2521.4
1263620 2524.7
1263630 2526.9
1263640 2526.9
1263650 2528.6
1263660 2531.8
1263670 2531.8
1263680 2536.4
1263690 2538.7
1263700 2538.7
1263710 2542.9
1263720 2552.0
1263730 2552.0
1263740 2555.7
1263750 2557.9
1263760 2557.9
1263770 2570.6
1263780 2572.2
1263790 2572.2
1263800 2571.5
1263810 2567.9
1263820 2567.9
1263830 2563.7
1263840 2561.1
1263850 2561.6
1263860 2561.6
1263870 2562.2
1263880 2565.4
1263890 2565.4
1263900 2565.0
1263910 2568.0
1263920 2568.0
1263930 2570.7
1263940 2566.2
1263950 2566.2
1263960 2559.4
1263970 2551.3
1263980 2551.3
1263990 2541.8
1264000 2532.5
1264010 2532.5
1264020 2523.7
1264030 2515.0
1264040 2515.0
1264050 2506.8
1264060 2497.8
1264070 2489.3
1264080 2489.3
1264090 2482.0
1264100 2472.3
1264110 2472.3
1264120 2464.8
1264130 2456.4
1264140 2456.4
1264150 2448.3
1264160 2440.8
1264170 2440.8
1264180 2433.6
1264190 2424.6
1264200 2424.6
1264210 2414.5
1264220 2407.5
1264230 2407.5
1264240 2400.7
1264250 2393.8
1264260 2393.8
1264270 2386.8
1264280 2379.8
1264290 2372.9
1264300 2372.9
1264310 2365.8
1264320 2359.0
1264330 2359.0
1264340 2352.2
1264350 2345.4
1264360 2345.4
1264370 2337.9
1264380 2330.3
1264390 2330.3
1264400 2323.0
1264410 2315.7
1264420 2315.7
1264430 2309.3
1264440 2303.5
1264450 2303.5
1264460 2298.1
1264470 2292.7
1264480 2292.7
1264490 2288.1
1264500 2283.0
1264510 2277.5
1264520 2277.5
1264530 2272.4
1264540 2267.7
1264550 2267.7
1264560 2263.3
1264570 2259.4
1264580 2259.4
1264590 2256.0
1264600 2252.8
1264610 2252.8
1264620 2250.3
1264630 2248.5
1264640 2248.5
1264650 2248.2
1264660 2248.9
1264670 2247.9
1264680 2246.3
1264690 2242.5
1264700 2242.5
1264710 2241.7
1264720 2238.5
1264730 2239.5
1264740 2239.5
1264750 2239.6
1264760 2237.2
1264770 2237.2
1264780 2232.5
1264790 2227.2
1264800 2227.2
1264810 2224.0
1264820 2222.5
1264830 2222.5
1264840 2221.3
1264850 2219.7
1264860 2219.7
1264870 2218.1
1264880 2216.2
1264890 2216.2
1264900 2214.2
1264910 2213.6
1264920 2213.6
1264930 2213.2
1264940 2214.4
1264950 2215.3
1264960 2215.3
1264970 2215.3
1264980 2214.2
1264990 2214.2
1265000 2213.7
1265010 2213.7
1265020 2213.7
1265030 2212.6
1265040 2211.3
1265050 2211.3
1265060 2208.7
1265070 2206.2
1265080 2206.2
1265090 2203.5
1265100 2199.7
1265110 2199.7
1265120 2196.3
1265130 2193.3
1265140 2193.3
1265150 2190.2
1265160 2184.6
1265170 2178.4
1265180 2178.4
1265190 2174.1
1265200 2171.7
1265210 2171.7
1265220 2169.1
1265230 2166.8
1265240 2166.8
1265250 2161.7
1265260 2160.8
1265270 2160.8
1265280 2161.0
1265290 2161.3
1265300 2161.3
1265310 2161.7
1265320 2162.5
1265330 2162.5
1265340 2162.9
1265350 2162.7
1265360 2162.7
1265370 2161.8
1265380 2160.4
1265390 2157.8
1265400 2157.8
1265410 2154.1
1265420 2150.9
1265430 2150.9
1265440 2149.0
1265450 2146.7
1265460 2146.7
1265470 2143.9
1265480 2143.3
1265490 2143.3
1265500 2144.0
1265510 2142.2
1265520 2142.2
1265530 2139.9
1265540 2136.0
1265550 2136.0
1265560 2132.3
1265570 2129.6
1265580 2129.6
1265590 2128.2
1265600 2127.3
1265610 2126.2
1265620 2126.2
1265630 2124.3
1265640 2120.0
1265650 2120.0
1265660 2117.3
1265670 2114.7
1265680 2114.7
1265690 2111.5
1265700 2109.0
1265710 2109.0
1265720 2105.7
1265730 2103.0
1265740 2103.0
1265750 2100.1
1265760 2097.4
1265770 2097.4
1265780 2094.2
1265790 2091.6
1265800 2091.6
1265810 2088.0
1265820 2083.7
1265830 2082.1
1265840 2082.1
1265850 2079.2
1265860 2076.0
1265870 2076.0
1265880 2072.7
1265890 2067.6
1265900 2067.6
1265910 2062.3
1265920 2058.6
1265930 2058.6
1265940 2056.4
1265950 2053.2
1265960 2053.2
1265970 2050.0
1265980 2047.1
1265990 2047.1
1266000 2044.5
1266010 2042.2
1266020 2042.2
1266030 2040.4
1266040 2038.8
1266050 2036.6
1266060 2036.6
1266070 2029.9
1266080 2023.7
1266090 2023.7
1266100 2025.7
1266110 2020.8
1266120 2020.8
1266130 2010.2
1266140 2005.0
1266150 2005.0
1266160 2000.3
1266170 1990.4
1266180 1990.4
1266190 1983.2
1266200 1974.3
1266210 1974.3
1266220 1967.1
1266230 1960.6
1266240 1960.6
1266250 1954.2
1266260 1948.1
1266270 1942.2
1266280 1942.2
1266290 1936.7
1266300 1932.0
1266310 1932.0
1266320 1928.0
1266330 1923.6
1266340 1923.6
1266350 1918.9
1266360 1915.2
1266370 1915.2
1266380 1911.6
1266390 1908.5
1266400 1908.5
1266410 1902.5
1266420 1900.5
1266430 1900.5
1266440 1897.7
1266450 1893.6
1266460 1893.6
1266470 1889.5
1266480 1885.6
1266490 1881.9
1266500 1881.9
1266510 1878.6
1266520 1877.1
1266530 1877.1
1266540 1878.7
1266550 1881.3
1266560 1881.3
1266570 1883.8
1266580 1886.2
1266590 1886.2
1266600 1888.1
1266610 1890.0
1266620 1890.0
1266630 1891.9
1266640 1893.0
1266650 1893.0
1266660 1894.3
1266670 1895.9
1266680 1895.9
1266690 1896.9
1266700 1897.5
1266710 1898.8
1266720 1898.8
1266730 1901.6
1266740 1904.8
1266750 1904.8
1266760 1908.0
1266770 1909.6
1266780 1909.6
1266790 1907.5
1266800 1903.3
1266810 1903.3
1266820 1900.0
1266830 1898.9
1266840 1898.9
1266850 1897.8
1266860 1897.3
1266870 1897.3
1266880 1898.6
1266890 1900.0
1266900 1900.0
1266910 1902.7
1266920 1906.0
1266930 1909.8
1266940 1909.8
1266950 1913.4
1266960 1917.8
1266970 1917.8
1266980 1922.6
1266990 1931.3
1267000 1931.3
1267010 1936.1
1267020 1940.7
1267030 1940.7
1267040 1947.3
1267050 1954.4
1267060 1954.4
1267070 1960.4
1267080 1966.5
1267090 1966.5
1267100 1972.5
1267110 1978.9
1267120 1978.9
1267130 1985.0
1267140 1992.7
1267150 1999.1
1267160 1999.1
1267170 2006.2
1267180 2008.6
1267190 2008.6
1267200 2014.9
1267210 2019.4
1267220 2019.4
1267230 2023.5
1267240 2024.6
1267250 2024.6
1267260 2023.5
1267270 2017.7
1267280 2017.7
1267290 2011.5
1267300 2007.8
1267310 2007.8
1267320 2003.3
1267330 1997.9
1267340 1997.9
1267350 1988.8
1267360 1975.6
1267370 1963.6
1267380 1963.6
1267390 1955.3
1267400 1947.4
1267410 1947.4
1267420 1939.3
1267430 1931.5
1267440 1931.5
1267450 1923.8
1267460 1916.8
1267470 1916.8
1267480 1911.1
1267490 1906.0
1267500 1906.0
1267510 1901.0
1267520 1896.2
1267530 1896.2
1267540 1892.6
1267550 1889.0
1267560 1889.0
1267570 1886.4
1267580 1878.3
1267590 1880.0
1267600 1880.0
1267610 1877.2
1267620 1869.4
1267630 1869.4
1267640 1858.1
1267650 1847.3
1267660 1847.3
1267670 1836.3
1267680 1822.7
1267690 1822.7
1267700 1809.8
1267710 1800.9
1267720 1800.9
1267730 1793.9
1267740 1786.8
1267750 1786.8
1267760 1779.0
1267770 1771.3
1267780 1771.3
1267790 1764.8
1267800 1759.8
1267810 1756.2
1267820 1756.2
1267830 1754.6
1267840 1752.5
1267850 1752.5
1267860 1747.4
1267870 1742.1
1267880 1742.1
1267890 1738.0
1267900 1734.8
1267910 1734.8
1267920 1730.5
1267930 1724.6
1267940 1724.6
1267950 1717.6
1267960 1711.6
1267970 1711.6
1267980 1706.5
1267990 1701.0
1268000 1701.0
1268010 1694.1
1268020 1687.6
1268030 1682.2
1268040 1682.2
1268050 1678.1
1268060 1673.9
1268070 1673.9
1268080 1669.9
1268090 1664.5
1268100 1664.5
1268110 1658.9
1268120 1652.7
1268130 1652.7
1268140 1645.9
1268150 1638.4
1268160 1635.5
1268170 1627.2
1268180 1619.4
1268190 1619.4
1268200 1612.3
1268210 1605.6
1268220 1605.6
1268230 1599.6
1268240 1593.1
1268250 1586.7
1268260 1586.7
1268270 1581.2
1268280 1577.4
1268290 1577.4
1268300 1578.0
1268310 1579.0
1268320 1579.0
1268330 1575.6
1268340 1569.8
1268350 1569.8
1268360 1562.4
1268370 1556.1
1268380 1556.1
1268390 1550.7
1268400 1545.2
1268410 1545.2
1268420 1540.6
1268430 1537.0
1268440 1537.0
1268450 1534.0
1268460 1529.8
1268470 1524.3
1268480 1524.3
1268490 1519.1
1268500 1513.2
1268510 1513.2
1268520 1506.7
1268530 1500.4
1268540 1500.4
1268550 1492.0
1268560 1483.8
1268570 1483.8
1268580 1476.2
1268590 1469.6
1268600 1469.6
1268610 1462.9
1268620 1456.1
1268630 1456.1
1268640 1450.0
1268650 1445.0
1268660 1445.0
1268670 1441.2
1268680 1437.6
1268690 1433.2
1268700 1433.2
1268710 1429.3
1268720 1425.4
1268730 1425.4
1268740 1420.9
1268750 1413.7
1268760 1413.7
1268770 1413.0
1268780 1412.1
1268790 1412.1
1268800 1408.7
1268810 1403.4
1268820 1403.4
1268830 1397.4
1268840 1391.6
1268850 1391.6
1268860 1386.5
1268870 1381.8
1268880 1381.8
1268890 1377.5
1268900 1372.6
1268910 1367.2
1268920 1367.2
1268930 1361.8
1268940 1356.6
1268950 1356.6
1268960 1351.2
1268970 1345.4
1268980 1345.4
1268990 1339.5
1269000 1334.6
1269010 1334.6
1269020 1327.6
1269030 1320.6
1269040 1320.6
1269050 1313.2
1269060 1306.3
1269070 1306.3
1269080 1299.5
1269090 1292.9
1269100 1292.9
1269110 1287.8
1269120 1284.5
1269130 1283.3
1269140 1283.3
1269150 1282.9
1269160 1282.6
1269170 1282.6
1269180 1282.0
1269190 1281.9
1269200 1281.9
1269210 1281.6
1269220 1279.6
1269230 1279.6
1269240 1275.9
1269250 1274.1
1269260 1274.1
1269270 1273.1
1269280 1273.2
1269290 1273.2
1269300 1273.3
1269310 1272.6
1269320 1272.6
1269330 1272.5
1269340 1268.6
1269350 1268.3
1269360 1268.3
1269370 1267.3
1269380 1266.5
1269390 1266.5
1269400 1265.9
1269410 1265.6
1269420 1265.6
1269430 1265.6
1269440 1266.0
1269450 1266.0
1269460 1267.1
1269470 1268.7
1269480 1268.7
1269490 1270.3
1269500 1270.8
1269510 1270.8
1269520 1270.5
1269530 1270.6
1269540 1270.6
1269550 1270.5
1269560 1269.5
1269570 1268.2
1269580 1268.2
1269590 1266.7
1269600 1264.6
1269610 1264.6
1269620 1262.6
1269630 1261.3
1269640 1261.3
1269650 1260.3
1269660 1259.7
1269670 1259.7
1269680 1259.4
1269690 1259.0
1269700 1259.0
1269710 1258.2
1269720 1257.4
1269730 1257.4
1269740 1256.7
1269750 1256.0
1269760 1256.0
1269770 1255.0
1269780 1254.3
1269790 1253.4
1269800 1253.4
1269810 1252.2
1269820 1251.3
1269830 1251.3
1269840 1249.2
1269850 1244.9
1269860 1244.9
1269870 1241.9
1269880 1240.5
1269890 1240.5
1269900 1238.9
1269910 1237.2
1269920 1237.2
1269930 1234.0
1269940 1231.9
1269950 1231.9
1269960 1229.9
1269970 1228.1
1269980 1228.1
1269990 1225.9
1270000 1223.8
1270010 1222.2
1270020 1222.2
1270030 1220.8
1270040 1219.6
1270050 1219.6
1270060 1218.7
1270070 1217.8
1270080 1217.8
1270090 1217.1
1270100 1216.4
1270110 1216.4
1270120 1215.6
1270130 1215.0
1270140 1215.0
1270150 1214.2
1270160 1213.5
1270170 1213.5
1270180 1212.8
1270190 1212.1
1270200 1212.1
1270210 1211.5
1270220 1210.8
1270230 1210.0
1270240 1210.0
1270250 1209.3
1270260 1208.9
1270270 1208.9
1270280 1208.2
1270290 1207.5
1270300 1207.5
1270310 1206.8
1270320 1206.3
1270330 1206.3
1270340 1206.0
1270350 1205.8
1270360 1205.8
1270370 1205.9
1270380 1207.1
1270390 1207.1
1270400 1208.8
1270410 1209.6
1270420 1209.6
1270430 1210.0
1270440 1210.3
1270450 1210.6
1270460 1210.6
1270470 1210.9
1270480 1211.1
1270490 1211.1
1270500 1210.9
1270510 1209.0
1270520 1207.8
1270530 1202.1
1270540 1197.2
1270550 1197.2
1270560 1193.8
1270570 1191.5
1270580 1191.5
1270590 1189.2
1270600 1188.6
1270610 1188.6
1270620 1186.6
1270630 1185.0
1270640 1185.0
1270650 1187.5
1270660 1188.8
1270670 1190.7
1270680 1190.7
1270690 1195.9
1270700 1202.9
1270710 1202.9
1270720 1207.6
1270730 1205.2
1270740 1205.2
1270750 1200.9
1270760 1196.4
1270770 1196.4
1270780 1194.1
1270790 1193.8
1270800 1193.8
1270810 1193.2
1270820 1192.2
1270830 1192.2
1270840 1191.5
1270850 1190.9
1270860 1190.9
1270870 1190.8
1270880 1190.7
1270890 1190.7
1270900 1190.7
1270910 1190.7
1270920 1190.8
1270930 1190.8
1270940 1190.8
1270950 1190.8
1270960 1190.8
1270970 1190.8
1270980 1190.5
1270990 1190.5
1271000 1190.5
1271010 1190.5
1271020 1190.5
1271030 1190.4
1271040 1190.4
1271050 1190.4
1271060 1190.3
1271070 1190.2
1271080 1190.2
1271090 1190.2
1271100 1190.1
1271110 1190.3
1271120 1190.3
1271130 1190.3
1271140 1190.2
1271150 1190.2
1271160 1189.8
1271170 1189.5
1271180 1189.5
1271190 1189.4
1271200 1189.5
1271210 1189.5
1271220 1189.5
1271230 1189.4
1271240 1189.4
1271250 1189.0
1271260 1188.9
1271270 1188.9
1271280 1188.8
1271290 1188.7
1271300 1188.7
1271310 1188.7
1271320 1188.8
1271330 1188.5
1271340 1188.5
1271350 1188.3
1271360 1188.2
1271370 1188.2
1271380 1188.1
1271390 1188.1
1271400 1188.1
1271410 1188.1
1271420 1187.8
1271430 1187.8
1271440 1187.7
1271450 1187.5
1271460 1187.5
1271470 1187.4
1271480 1187.1
1271490 1187.1
1271500 1187.0
1271510 1186.7
1271520 1186.7
1271530 1186.4
1271540 1186.2
1271550 1186.1
1271560 1186.1
1271570 1186.0
1271580 1185.7
1271590 1185.7
1271600 1185.4
1271610 1185.2
1271620 1185.2
1271630 1185.2
1271640 1185.0
1271650 1185.0
1271660 1184.5
1271670 1183.9
1271680 1183.9
1271690 1183.2
1271700 1182.4
1271710 1182.9
1271720 1182.2
1271730 1181.7
1271740 1181.7
1271750 1181.2
1271760 1180.7
1271770 1183.3
1271780 1183.3
1271790 1187.1
1271800 1188.6
1271810 1188.6
1271820 1189.4
1271830 1190.5
1271840 1190.5
1271850 1192.4
1271860 1193.6
1271870 1193.6
1271880 1194.1
1271890 1194.9
1271900 1194.9
1271910 1195.5
1271920 1196.0
1271930 1196.0
1271940 1196.9
1271950 1198.1
1271960 1198.1
1271970 1199.5
1271980 1200.9
1271990 1201.8
1272000 1201.8
1272010 1202.9
1272020 1204.0
1272030 1204.0
1272040 1205.0
1272050 1205.8
1272060 1205.8
1272070 1207.1
1272080 1208.5
1272090 1208.5
1272100 1209.2
1272110 1209.7
1272120 1209.7
1272130 1210.3
1272140 1211.0
1272150 1211.0
1272160 1211.3
1272170 1211.7
1272180 1211.7
1272190 1212.4
1272200 1213.2
1272210 1213.8
1272220 1213.8
1272230 1214.2
1272240 1214.6
1272250 1214.6
1272260 1215.0
1272270 1215.3
1272280 1215.3
1272290 1215.5
1272300 1215.4
1272310 1218.2
1272320 1220.6
1272330 1223.5
1272340 1223.5
1272350 1225.7
1272360 1228.5
1272370 1228.5
1272380 1231.3
1272390 1234.8
1272400 1234.8
1272410 1238.2
1272420 1240.8
1272430 1242.7
1272440 1242.7
1272450 1244.0
1272460 1244.9
1272470 1244.9
1272480 1245.7
1272490 1246.8
1272500 1246.8
1272510 1247.3
1272520 1247.5
1272530 1247.5
1272540 1248.3
1272550 1248.3
1272560 1248.3
1272570 1248.4
1272580 1249.3
1272590 1249.3
1272600 1249.9
1272610 1250.1
1272620 1250.1
1272630 1249.7
1272640 1248.9
1272650 1248.9
1272660 1247.9
1272670 1246.9
1272680 1246.7
1272690 1246.7
1272700 1246.4
1272710 1246.6
1272720 1246.6
1272730 1247.1
1272740 1247.4
1272750 1247.4
1272760 1247.0
1272770 1245.7
1272780 1245.7
1272790 1245.7
1272800 1246.0
1272810 1246.0
1272820 1245.9
1272830 1245.2
1272840 1245.2
1272850 1243.8
1272860 1241.3
1272870 1241.3
1272880 1240.7
1272890 1239.1
1272900 1242.1
1272910 1242.1
1272920 1243.3
1272930 1244.9
1272940 1244.9
1272950 1247.5
1272960 1250.7
1272970 1250.7
1272980 1253.7
1272990 1257.6
1273000 1257.6
1273010 1262.1
1273020 1265.8
1273030 1265.8
1273040 1268.4
1273050 1270.5
1273060 1270.5
1273070 1272.7
1273080 1275.5
1273090 1275.5
1273100 1279.3
1273110 1282.9
1273120 1285.4
1273130 1285.4
1273140 1286.8
1273150 1288.2
1273160 1288.2
1273170 1290.0
1273180 1292.0
1273190 1292.0
1273200 1293.0
1273210 1293.5
1273220 1293.5
1273230 1294.1
1273240 1294.2
1273250 1294.2
1273260 1295.7
1273270 1295.8
1273280 1295.8
1273290 1295.3
1273300 1294.8
1273310 1294.8
1273320 1294.8
1273330 1290.2
1273340 1284.6
1273350 1284.6
1273360 1285.4
1273370 1291.9
1273380 1291.9
1273390 1299.4
1273400 1302.8
1273410 1302.8
1273420 1302.2
1273430 1301.8
1273440 1301.8
1273450 1300.6
1273460 1300.1
1273470 1300.1
1273480 1299.7
1273490 1298.2
1273500 1301.3
1273510 1299.7
1273520 1298.0
1273530 1298.0
1273540 1296.7
1273550 1296.4
1273560 1297.9
1273570 1297.9
1273580 1300.6
1273590 1302.0
1273600 1302.0
1273610 1302.9
1273620 1300.5
1273630 1300.5
1273640 1292.5
1273650 1289.5
1273660 1289.5
1273670 1295.7
1273680 1303.9
1273690 1303.9
1273700 1308.1
1273710 1311.9
1273720 1311.9
1273730 1315.2
1273740 1317.1
1273750 1317.1
1273760 1317.7
1273770 1316.8
1273780 1315.7
1273790 1315.7
1273800 1314.7
1273810 1314.6
1273820 1314.6
1273830 1314.3
1273840 1314.8
1273850 1314.8
1273860 1314.2
1273870 1316.1
1273880 1316.1
1273890 1319.9
1273900 1324.5
1273910 1324.5
1273920 1331.1
1273930 1336.2
1273940 1336.2
1273950 1340.1
1273960 1342.5
1273970 1342.5
1273980 1343.6
1273990 1344.1
1274000 1343.1
1274010 1343.1
1274020 1343.4
1274030 1345.8
1274040 1345.8
1274050 1349.1
1274060 1353.2
1274070 1353.2
1274080 1356.2
1274090 1358.1
1274100 1358.1
1274110 1364.8
1274120 1365.4
1274130 1365.4
1274140 1366.1
1274150 1368.3
1274160 1368.3
1274170 1371.0
1274180 1373.2
1274190 1373.2
1274200 1375.0
1274210 1377.2
1274220 1381.7
1274230 1381.7
1274240 1387.8
1274250 1392.0
1274260 1392.0
1274270 1393.7
1274280 1395.4
1274290 1395.4
1274300 1397.3
1274310 1398.7
1274320 1398.7
1274330 1399.4
1274340 1399.0
1274350 1399.0
1274360 1399.4
1274370 1401.0
1274380 1401.0
1274390 1401.0
1274400 1400.7
1274410 1400.7
1274420 1399.7
1274430 1403.6
1274440 1405.2
1274450 1405.2
1274460 1402.6
1274470 1401.7
1274480 1401.7
1274490 1406.1
1274500 1411.6
1274510 1411.6
1274520 1412.7
1274530 1412.5
1274540 1412.5
1274550 1414.2
1274560 1419.5
1274570 1419.5
1274580 1427.2
1274590 1433.2
1274600 1433.2
1274610 1437.4
1274620 1437.5
1274630 1437.5
1274640 1434.8
1274650 1432.7
1274660 1432.5
1274670 1432.5
1274680 1430.8
1274690 1427.8
1274700 1427.8
1274710 1435.0
1274720 1432.3
1274730 1432.3
1274740 1432.2
1274750 1434.5
1274760 1434.5
1274770 1436.5
1274780 1438.1
1274790 1438.1
1274800 1440.3
1274810 1445.5
1274820 1445.5
1274830 1447.8
1274840 1446.0
1274850 1446.0
1274860 1443.3
1274870 1439.2
1274880 1435.3
1274890 1435.3
1274900 1431.7
1274910 1426.0
1274920 1426.0
1274930 1423.9
1274940 1423.3
1274950 1423.3
1274960 1424.3
1274970 1422.2
1274980 1422.2
1274990 1419.8
1275000 1423.1
1275010 1423.1
1275020 1427.8
1275030 1436.7
1275040 1436.7
1275050 1440.4
1275060 1441.2
1275070 1441.2
1275080 1439.3
1275090 1437.3
1275100 1436.3
1275110 1436.3
1275120 1434.1
1275130 1430.4
1275140 1430.4
1275150 1425.6
1275160 1423.5
1275170 1423.5
1275180 1423.8
1275190 1423.5
1275200 1423.5
1275210 1423.7
1275220 1423.6
1275230 1423.6
1275240 1422.3
1275250 1419.9
1275260 1419.9
1275270 1416.4
1275280 1415.0
1275290 1415.0
1275300 1413.9
1275310 1417.1
1275320 1415.4
1275330 1415.4
1275340 1414.1
1275350 1413.7
1275360 1413.7
1275370 1415.5
1275380 1415.1
1275390 1415.1
1275400 1415.3
1275410 1416.5
1275420 1416.5
1275430 1417.7
1275440 1417.9
1275450 1417.9
1275460 1417.6
1275470 1417.1
1275480 1417.1
1275490 1416.3
1275500 1415.0
1275510 1415.0
1275520 1414.3
1275530 1413.9
1275540 1413.0
1275550 1413.0
1275560 1411.3
1275570 1408.0
1275580 1408.0
1275590 1403.2
1275600 1400.4
1275610 1400.4
1275620 1402.3
1275630 1403.8
1275640 1403.8
1275650 1402.0
1275660 1399.5
1275670 1399.5
1275680 1397.0
1275690 1394.4
1275700 1394.4
1275710 1391.7
1275720 1388.9
1275730 1388.9
1275740 1386.7
1275750 1384.1
1275760 1381.1
1275770 1381.1
1275780 1377.9
1275790 1375.2
1275800 1375.2
1275810 1372.7
1275820 1370.4
1275830 1370.4
1275840 1366.4
1275850 1361.3
1275860 1361.3
1275870 1356.5
1275880 1352.0
1275890 1352.0
1275900 1347.6
1275910 1344.6
1275920 1346.8
1275930 1344.5
1275940 1342.7
1275950 1342.7
1275960 1341.9
1275970 1341.4
1275980 1339.4
1275990 1339.4
1276000 1336.3
1276010 1333.5
1276020 1333.5
1276030 1331.7
1276040 1330.8
1276050 1330.8
1276060 1330.0
1276070 1327.4
1276080 1327.4
1276090 1323.0
1276100 1318.2
1276110 1318.2
1276120 1313.6
1276130 1309.5
1276140 1309.5
1276150 1308.4
1276160 1308.4
1276170 1308.4
1276180 1308.2
1276190 1307.7
1276200 1309.7
1276210 1309.7
1276220 1311.0
1276230 1311.2
1276240 1311.2
1276250 1309.6
1276260 1307.2
1276270 1307.2
1276280 1303.9
1276290 1299.7
1276300 1299.7
1276310 1296.0
1276320 1294.6
1276330 1294.6
1276340 1291.4
1276350 1285.2
1276360 1285.2
1276370 1278.1
1276380 1271.4
1276390 1271.4
1276400 1265.7
1276410 1268.8
1276420 1272.0
1276430 1272.0
1276440 1270.3
1276450 1266.7
1276460 1266.7
1276470 1264.9
1276480 1265.3
1276490 1265.3
1276500 1265.8
1276510 1266.1
1276520 1266.1
1276530 1272.4
1276540 1268.9
1276550 1268.9
1276560 1262.5
1276570 1255.7
1276580 1255.7
1276590 1249.0
1276600 1242.5
1276610 1242.5
1276620 1235.8
1276630 1230.0
1276640 1223.7
1276650 1223.7
1276660 1217.7
1276670 1212.3
1276680 1212.3
1276690 1207.9
1276700 1203.5
1276710 1203.5
1276720 1200.9
1276730 1201.1
1276740 1201.1
1276750 1201.3
1276760 1201.1
1276770 1201.1
1276780 1201.0
1276790 1200.9
1276800 1200.9
1276810 1201.3
1276820 1201.5
1276830 1201.5
1276840 1200.6
1276850 1199.1
1276860 1199.3
1276870 1199.3
1276880 1199.7
1276890 1199.5
1276900 1199.5
1276910 1198.0
1276920 1194.2
1276930 1194.2
1276940 1191.0
1276950 1187.9
1276960 1187.9
1276970 1184.1
1276980 1180.1
1276990 1180.1
1277000 1175.6
1277010 1171.0
1277020 1171.0
1277030 1166.0
1277040 1161.1
1277050 1161.1
1277060 1154.7
1277070 1149.4
1277080 1147.6
1277090 1147.6
1277100 1146.6
1277110 1145.7
1277120 1145.7
1277130 1144.5
1277140 1146.1
1277150 1146.1
1277160 1143.3
1277170 1137.5
1277180 1137.5
1277190 1131.8
1277200 1126.5
1277210 1126.5
1277220 1119.3
1277230 1112.1
1277240 1112.1
1277250 1108.4
1277260 1106.4
1277270 1106.4
1277280 1104.8
1277290 1103.6
1277300 1102.4
1277310 1102.4
1277320 1101.4
1277330 1100.3
1277340 1100.3
1277350 1098.5
1277360 1096.7
1277370 1096.7
1277380 1095.0
1277390 1093.6
1277400 1093.6
1277410 1092.1
1277420 1090.5
1277430 1090.5
1277440 1089.4
1277450 1088.2
1277460 1088.2
1277470 1085.7
1277480 1079.5
1277490 1079.5
1277500 1073.1
1277510 1068.0
1277520 1064.7
1277530 1064.7
1277540 1064.2
1277550 1063.0
1277560 1063.0
1277570 1061.5
1277580 1062.2
1277590 1062.2
1277600 1064.9
1277610 1066.4
1277620 1066.4
1277630 1067.3
1277640 1067.6
1277650 1067.6
1277660 1067.5
1277670 1067.2
1277680 1067.2
1277690 1067.4
1277700 1068.2
1277710 1068.2
1277720 1070.5
1277730 1071.8
1277740 1072.4
1277750 1070.8
1277760 1072.2
1277770 1072.8
1277780 1072.8
1277790 1073.6
1277800 1076.8
1277810 1076.8
1277820 1082.8
1277830 1091.5
1277840 1091.5
1277850 1098.0
1277860 1102.3
1277870 1102.3
1277880 1105.4
1277890 1107.7
1277900 1107.7
1277910 1109.2
1277920 1109.7
1277930 1109.7
1277940 1111.2
1277950 1113.8
1277960 1115.7
1277970 1115.7
1277980 1116.8
1277990 1118.1
1278000 1118.1
1278010 1119.6
1278020 1121.6
1278030 1121.6
1278040 1123.8
1278050 1126.6
1278060 1126.6
1278070 1128.4
1278080 1129.3
1278090 1129.3
1278100 1130.4
1278110 1132.6
1278120 1132.6
1278130 1136.1
1278140 1139.9
1278150 1139.9
1278160 1144.5
1278170 1149.7
1278180 1154.6
1278190 1154.6
1278200 1159.5
1278210 1165.0
1278220 1165.0
1278230 1170.6
1278240 1175.9
1278250 1175.9
1278260 1180.9
1278270 1187.0
1278280 1187.0
1278290 1194.4
1278300 1201.3
1278310 1201.3
1278320 1208.6
1278330 1216.5
1278340 1216.5
1278350 1224.1
1278360 1231.9
1278370 1228.5
1278380 1237.4
1278390 1247.0
1278400 1256.8
1278410 1256.8
1278420 1265.2
1278430 1272.4
1278440 1272.4
1278450 1279.5
1278460 1286.4
1278470 1286.4
1278480 1293.2
1278490 1300.8
1278500 1300.8
1278510 1309.1
1278520 1317.8
1278530 1317.8
1278540 1327.1
1278550 1336.4
1278560 1336.4
1278570 1345.0
1278580 1352.2
1278590 1352.2
1278600 1358.1
1278610 1363.0
1278620 1367.6
1278630 1367.6
1278640 1372.1
1278650 1376.6
1278660 1376.6
1278670 1381.8
1278680 1388.0
1278690 1388.0
1278700 1394.5
1278710 1400.6
1278720 1400.6
1278730 1406.2
1278740 1411.4
1278750 1411.4
1278760 1415.9
1278770 1419.1
1278780 1419.1
1278790 1424.0
1278800 1429.9
1278810 1429.9
1278820 1433.2
1278830 1437.2
1278840 1441.9
1278850 1441.9
1278860 1445.5
1278870 1449.1
1278880 1449.1
1278890 1454.0
1278900 1460.6
1278910 1460.6
1278920 1467.4
1278930 1470.6
1278940 1470.6
1278950 1472.7
1278960 1477.3
1278970 1477.3
1278980 1472.7
1278990 1477.9
1279000 1477.9
1279010 1483.7
1279020 1490.0
1279030 1490.0
1279040 1495.3
1279050 1498.2
1279060 1501.6
1279070 1501.6
1279080 1506.6
1279090 1511.3
1279100 1511.3
1279110 1516.2
1279120 1520.2
1279130 1520.2
1279140 1524.1
1279150 1529.3
1279160 1529.3
1279170 1535.4
1279180 1542.4
1279190 1542.4
1279200 1550.0
1279210 1557.4
1279220 1557.4
1279230 1562.2
1279240 1564.8
1279250 1564.8
1279260 1566.2
1279270 1568.0
1279280 1572.6
1279290 1572.6
1279300 1576.2
1279310 1579.1
1279320 1579.1
1279330 1580.8
1279340 1581.3
1279350 1581.3
1279360 1581.6
1279370 1582.3
1279380 1582.3
1279390 1585.4
1279400 1589.5
1279410 1589.5
1279420 1595.0
1279430 1598.6
1279440 1598.6
1279450 1597.8
1279460 1599.1
1279470 1599.1
1279480 1602.2
1279490 1604.9
1279500 1610.2
1279510 1610.2
1279520 1616.1
1279530 1621.5
1279540 1621.5
1279550 1622.5
1279560 1618.9
1279570 1618.9
1279580 1614.8
1279590 1609.5
1279600 1615.2
1279610 1609.0
1279620 1605.5
1279630 1605.5
1279640 1604.2
1279650 1602.8
1279660 1602.8
1279670 1601.1
1279680 1600.5
1279690 1600.5
1279700 1599.3
1279710 1598.5
1279720 1598.1
1279730 1598.1
1279740 1598.5
1279750 1599.9
1279760 1599.9
1279770 1601.6
1279780 1603.2
1279790 1603.2
1279800 1604.3
1279810 1606.3
1279820 1606.3
1279830 1608.6
1279840 1611.7
1279850 1611.7
1279860 1617.4
1279870 1623.6
1279880 1623.6
1279890 1629.1
1279900 1634.2
1279910 1634.2
1279920 1639.1
1279930 1644.2
1279940 1649.7
1279950 1649.7
1279960 1654.8
1279970 1660.4
1279980 1660.4
1279990 1666.5
