1260000 2166.7
1260010 2160.2
1260020 2154.3
1260030 2154.3
1260040 2148.5
1260050 2142.7
1260060 2142.7
1260070 2136.1
1260080 2128.8
1260090 2128.8
1260100 2121.3
1260110 2115.0
1260120 2115.0
1260130 2112.8
1260140 2108.8
1260150 2102.8
1260160 2102.8
1260170 2097.5
1260180 2093.4
1260190 2093.4
1260200 2088.7
1260210 2082.0
1260220 2082.0
1260230 2074.3
1260240 2066.4
1260250 2066.4
1260260 2058.8
1260270 2051.4
1260280 2051.4
1260290 2044.3
1260300 2037.8
1260310 2037.8
1260320 2030.7
1260330 2023.5
1260340 2023.5
1260350 2015.8
1260360 2007.2
1260370 1998.8
1260380 1998.8
1260390 1991.2
1260400 1983.5
1260410 1983.5
1260420 1976.1
1260430 1965.2
1260440 1965.2
1260450 1960.3
1260460 1955.9
1260470 1955.9
1260480 1949.3
1260490 1941.9
1260500 1941.9
1260510 1934.6
1260520 1927.7
1260530 1927.7
1260540 1921.4
1260550 1914.8
1260560 1914.8
1260570 1906.8
1260580 1898.6
1260590 1890.3
1260600 1890.3
1260610 1881.9
1260620 1873.5
1260630 1873.5
1260640 1866.4
1260650 1859.6
1260660 1859.6
1260670 1852.3
1260680 1844.3
1260690 1844.3
1260700 1836.9
1260710 1829.9
1260720 1829.9
1260730 1823.5
1260740 1817.4
1260750 1817.4
1260760 1811.1
1260770 1805.7
1260780 1805.7
1260790 1801.0
1260800 1795.9
1260810 1791.0
1260820 1791.0
1260830 1786.0
1260840 1779.6
1260850 1779.6
1260860 1772.6
1260870 1765.4
1260880 1765.4
1260890 1758.2
1260900 1751.1
1260910 1751.1
1260920 1744.0
1260930 1736.8
1260940 1736.8
1260950 1730.2
1260960 1723.9
1260970 1723.9
1260980 1717.8
1260990 1711.5
1261000 1717.3
1261010 1709.7
1261020 1702.5
1261030 1696.6
1261040 1696.6
1261050 1690.9
1261060 1684.8
1261070 1684.8
1261080 1678.0
1261090 1670.1
1261100 1670.1
1261110 1662.6
1261120 1655.2
1261130 1655.2
1261140 1647.5
1261150 1640.0
1261160 1640.0
1261170 1631.7
1261180 1623.0
1261190 1623.0
1261200 1615.6
1261210 1610.0
1261220 1610.0
1261230 1604.4
1261240 1599.3
1261250 1594.1
1261260 1594.1
1261270 1589.4
1261280 1585.8
1261290 1585.8
1261300 1583.9
1261310 1581.3
1261320 1581.3
1261330 1575.7
1261340 1568.5
1261350 1568.5
1261360 1560.4
1261370 1553.4
1261380 1553.4
1261390 1547.2
1261400 1541.1
1261410 1541.1
1261420 1535.0
1261430 1529.0
1261440 1529.0
1261450 1523.2
1261460 1517.9
1261470 1512.4
1261480 1512.4
1261490 1507.1
1261500 1501.5
1261510 1501.5
1261520 1496.0
1261530 1490.6
1261540 1490.6
1261550 1485.7
1261560 1481.7
1261570 1481.8
1261580 1480.3
1261590 1481.0
1261600 1481.0
1261610 1483.3
1261620 1485.4
1261630 1485.4
1261640 1485.5
1261650 1486.6
1261660 1486.6
1261670 1487.8
1261680 1489.0
1261690 1490.5
1261700 1490.5
1261710 1491.6
1261720 1493.0
1261730 1493.0
1261740 1494.2
1261750 1494.1
1261760 1494.1
1261770 1495.8
1261780 1498.7
1261790 1498.7
1261800 1501.1
1261810 1504.2
1261820 1504.2
1261830 1505.6
1261840 1506.8
1261850 1506.8
1261860 1508.0
1261870 1508.8
1261880 1508.8
1261890 1511.3
1261900 1513.7
1261910 1515.6
1261920 1515.6
1261930 1517.1
1261940 1517.8
1261950 1517.8
1261960 1519.3
1261970 1521.4
1261980 1521.4
1261990 1524.4
1262000 1528.2
1262010 1528.2
1262020 1531.6
1262030 1534.7
1262040 1534.7
1262050 1537.9
1262060 1541.2
1262070 1541.2
1262080 1544.9
1262090 1548.8
1262100 1548.8
1262110 1552.4
1262120 1556.5
1262130 1560.9
1262140 1562.3
1262150 1566.7
1262160 1571.6
1262170 1571.6
1262180 1576.0
1262190 1580.4
1262200 1580.4
1262210 1585.5
1262220 1590.5
1262230 1590.5
1262240 1595.3
1262250 1600.6
1262260 1600.6
1262270 1605.9
1262280 1611.9
1262290 1611.9
1262300 1617.8
1262310 1623.9
1262320 1623.9
1262330 1629.7
1262340 1635.3
1262350 1641.2
1262360 1641.2
1262370 1647.2
1262380 1652.9
1262390 1652.9
1262400 1659.3
1262410 1665.6
1262420 1665.6
1262430 1671.6
1262440 1677.9
1262450 1677.9
1262460 1684.3
1262470 1690.8
1262480 1690.8
1262490 1697.3
1262500 1703.7
1262510 1703.7
1262520 1710.2
1262530 1717.0
1262540 1717.0
1262550 1723.9
1262560 1730.7
1262570 1730.7
1262580 1737.4
1262590 1744.0
1262600 1750.7
1262610 1750.7
1262620 1757.3
1262630 1764.0
1262640 1764.0
1262650 1770.6
1262660 1777.0
1262670 1777.0
1262680 1783.5
1262690 1789.7
1262700 1789.7
1262710 1790.3
1262720 1803.8
1262730 1803.8
1262740 1826.6
1262750 1848.4
1262760 1848.4
1262770 1862.9
1262780 1866.3
1262790 1866.3
1262800 1867.4
1262810 1879.6
1262820 1890.1
1262830 1890.1
1262840 1895.8
1262850 1892.0
1262860 1892.0
1262870 1902.2
1262880 1913.1
1262890 1913.1
1262900 1923.7
1262910 1930.8
1262920 1930.8
1262930 1937.7
1262940 1943.1
1262950 1943.1
1262960 1948.8
1262970 1955.9
1262980 1955.9
1262990 1965.9
1263000 1971.6
1263010 1971.6
1263020 1976.2
1263030 1981.8
1263040 1987.3
1263050 1987.3
1263060 1991.6
1263070 1993.8
1263080 1993.8
1263090 1998.0
1263100 2005.1
1263110 2005.1
1263120 2014.8
1263130 2025.4
1263140 2025.4
1263150 2035.0
1263160 2047.0
1263170 2047.0
1263180 2058.0
1263190 2067.6
1263200 2067.6
1263210 2076.9
1263220 2088.4
1263230 2088.4
1263240 2100.2
1263250 2117.3
1263260 2135.7
1263270 2135.7
1263280 2154.8
1263290 2177.2
1263300 2177.2
1263310 2198.5
1263320 2219.9
1263330 2219.9
1263340 2244.9
1263350 2259.3
1263360 2259.3
1263370 2261.5
1263380 2254.0
1263390 2254.0
1263400 2246.0
1263410 2238.5
1263420 2238.5
1263430 2230.4
1263440 2221.8
1263450 2221.8
1263460 2219.2
1263470 2218.0
1263480 2220.3
1263490 2220.3
1263500 2223.6
1263510 2226.3
1263520 2226.3
1263530 2228.3
1263540 2234.2
1263550 2234.2
1263560 2239.6
1263570 2242.1
1263580 2242.1
1263590 2245.5
1263600 2249.3
1263610 2249.3
1263620 2251.6
1263630 2252.8
1263640 2252.8
1263650 2253.1
1263660 2254.1
1263670 2254.1
1263680 2254.3
1263690 2254.9
1263700 2255.9
1263710 2255.9
1263720 2256.4
1263730 2256.3
1263740 2256.3
1263750 2257.0
1263760 2257.8
1263770 2257.8
1263780 2258.5
1263790 2259.6
1263800 2259.6
1263810 2262.4
1263820 2265.1
1263830 2265.1
1263840 2267.9
1263850 2275.0
1263860 2275.0
1263870 2279.0
1263880 2283.8
1263890 2283.8
1263900 2289.3
1263910 2295.2
1263920 2301.7
1263930 2301.7
1263940 2309.8
1263950 2318.6
1263960 2318.6
1263970 2327.0
1263980 2336.6
1263990 2336.6
1264000 2348.2
1264010 2362.0
1264020 2362.0
1264030 2373.6
1264040 2385.6
1264050 2385.6
1264060 2401.3
1264070 2416.1
1264080 2416.1
1264090 2428.4
1264100 2439.9
1264110 2439.9
1264120 2450.4
1264130 2449.5
1264140 2444.1
1264150 2444.1
1264160 2436.6
1264170 2428.2
1264180 2428.2
1264190 2419.9
1264200 2411.3
1264210 2411.3
1264220 2403.1
1264230 2395.9
1264240 2395.9
1264250 2388.8
1264260 2381.7
1264270 2381.7
1264280 2373.5
1264290 2365.1
1264300 2365.1
1264310 2355.5
1264320 2346.5
1264330 2346.5
1264340 2333.5
1264350 2324.7
1264360 2318.8
1264370 2318.8
1264380 2313.6
1264390 2308.2
1264400 2308.2
1264410 2303.4
1264420 2299.0
1264430 2295.0
1264440 2290.9
1264450 2287.3
1264460 2287.3
1264470 2284.7
1264480 2283.2
1264490 2283.2
1264500 2282.4
1264510 2281.5
1264520 2281.5
1264530 2279.1
1264540 2276.8
1264550 2276.8
1264560 2274.7
1264570 2272.7
1264580 2270.7
1264590 2270.7
1264600 2268.1
1264610 2266.2
1264620 2266.2
1264630 2265.0
1264640 2265.7
1264650 2265.7
1264660 2266.7
1264670 2267.9
1264680 2267.9
1264690 2267.6
1264700 2267.2
1264710 2267.2
1264720 2266.4
1264730 2264.1
1264740 2264.1
1264750 2261.4
1264760 2261.1
1264770 2261.1
1264780 2260.7
1264790 2259.9
1264800 2257.7
1264810 2257.7
1264820 2255.4
1264830 2256.1
1264840 2256.1
1264850 2257.4
1264860 2257.9
1264870 2257.9
1264880 2256.8
1264890 2255.2
1264900 2255.2
1264910 2255.0
1264920 2256.1
1264930 2256.1
1264940 2256.3
1264950 2257.2
1264960 2257.2
1264970 2258.4
1264980 2260.4
1264990 2260.4
1265000 2263.7
1265010 2263.3
1265020 2267.9
1265030 2267.9
1265040 2271.5
1265050 2274.9
1265060 2274.9
1265070 2277.7
1265080 2279.3
1265090 2279.3
1265100 2280.9
1265110 2282.2
1265120 2282.2
1265130 2287.5
1265140 2292.3
1265150 2292.3
1265160 2289.2
1265170 2291.9
1265180 2291.9
1265190 2304.7
1265200 2312.7
1265210 2312.7
1265220 2306.1
1265230 2312.9
1265240 2315.6
1265250 2315.6
1265260 2315.7
1265270 2317.8
1265280 2317.8
1265290 2320.5
1265300 2322.1
1265310 2322.1
1265320 2324.6
1265330 2325.1
1265340 2325.1
1265350 2326.8
1265360 2327.8
1265370 2327.8
1265380 2325.4
1265390 2322.3
1265400 2322.3
1265410 2319.9
1265420 2316.7
1265430 2316.7
1265440 2313.8
1265450 2311.8
1265460 2308.7
1265470 2308.7
1265480 2304.0
1265490 2297.8
1265500 2297.8
1265510 2290.8
1265520 2284.2
1265530 2284.2
1265540 2278.1
1265550 2272.3
1265560 2272.3
1265570 2266.3
1265580 2257.9
1265590 2257.9
1265600 2254.4
1265610 2250.2
1265620 2250.2
1265630 2244.2
1265640 2238.3
1265650 2238.3
1265660 2233.6
1265670 2228.8
1265680 2222.9
1265690 2222.9
1265700 2218.0
1265710 2213.3
1265720 2213.3
1265730 2208.6
1265740 2203.6
1265750 2203.6
1265760 2200.0
1265770 2201.4
1265780 2201.4
1265790 2205.6
1265800 2206.4
1265810 2206.4
1265820 2202.4
1265830 2198.3
1265840 2198.3
1265850 2193.7
1265860 2188.5
1265870 2188.5
1265880 2182.9
1265890 2177.9
1265900 2172.3
1265910 2172.3
1265920 2165.5
1265930 2159.5
1265940 2159.5
1265950 2154.1
1265960 2148.0
1265970 2148.0
1265980 2142.3
1265990 2137.0
1266000 2137.0
1266010 2131.3
1266020 2124.9
1266030 2124.9
1266040 2117.3
1266050 2111.4
1266060 2111.4
1266070 2106.2
1266080 2101.0
1266090 2101.0
1266100 2096.8
1266110 2092.1
1266120 2087.7
1266130 2087.7
1266140 2085.1
1266150 2081.9
1266160 2078.8
1266170 2074.9
1266180 2068.3
1266190 2068.3
1266200 2059.8
1266210 2050.3
1266220 2050.3
1266230 2040.4
1266240 2030.7
1266250 2030.7
1266260 2021.9
1266270 2012.9
1266280 2012.9
1266290 2005.0
1266300 1996.8
1266310 1996.8
1266320 1990.2
1266330 1985.1
1266340 1982.6
1266350 1982.6
1266360 1980.1
1266370 1978.3
1266380 1978.3
1266390 1976.7
1266400 1973.1
1266410 1973.1
1266420 1967.0
1266430 1955.8
1266440 1955.8
1266450 1947.2
1266460 1939.8
1266470 1939.8
1266480 1933.6
1266490 1925.8
1266500 1925.8
1266510 1915.7
1266520 1908.4
1266530 1908.4
1266540 1902.0
1266550 1895.4
1266560 1895.4
1266570 1887.8
1266580 1882.2
1266590 1876.7
1266600 1876.7
1266610 1870.4
1266620 1864.9
1266630 1864.9
1266640 1860.2
1266650 1855.4
1266660 1855.4
1266670 1850.5
1266680 1844.6
1266690 1844.6
1266700 1838.3
1266710 1829.6
1266720 1829.6
1266730 1822.9
1266740 1817.6
1266750 1819.1
1266760 1813.0
1266770 1806.8
1266780 1806.8
1266790 1799.9
1266800 1792.7
1266810 1785.6
1266820 1785.6
1266830 1780.3
1266840 1776.0
1266850 1776.0
1266860 1773.4
1266870 1769.3
1266880 1769.3
1266890 1762.4
1266900 1756.7
1266910 1756.7
1266920 1752.4
1266930 1748.2
1266940 1748.2
1266950 1742.9
1266960 1738.0
1266970 1738.0
1266980 1732.4
1266990 1726.1
1267000 1726.1
1267010 1720.7
1267020 1715.9
1267030 1709.3
1267040 1709.3
1267050 1701.5
1267060 1693.9
1267070 1693.9
1267080 1686.9
1267090 1681.0
1267100 1681.0
1267110 1676.4
1267120 1671.7
1267130 1671.7
1267140 1667.5
1267150 1662.6
1267160 1662.6
1267170 1657.2
1267180 1650.8
1267190 1650.8
1267200 1643.4
1267210 1636.7
1267220 1636.7
1267230 1631.0
1267240 1626.5
1267250 1621.9
1267260 1621.9
1267270 1617.7
1267280 1614.4
1267290 1614.4
1267300 1611.5
1267310 1608.8
1267320 1608.8
1267330 1609.3
1267340 1604.5
1267350 1604.5
1267360 1599.4
1267370 1594.7
1267380 1594.7
1267390 1590.9
1267400 1587.9
1267410 1587.9
1267420 1585.1
1267430 1581.7
1267440 1581.7
1267450 1578.7
1267460 1576.4
1267470 1574.0
1267480 1574.0
1267490 1571.1
1267500 1567.9
1267510 1567.9
1267520 1565.1
1267530 1562.6
1267540 1562.6
1267550 1560.0
1267560 1557.5
1267570 1557.5
1267580 1555.3
1267590 1553.1
1267600 1553.1
1267610 1550.8
1267620 1548.2
1267630 1548.2
1267640 1545.9
1267650 1543.9
1267660 1543.9
1267670 1541.6
1267680 1539.5
1267690 1537.4
1267700 1537.4
1267710 1535.2
1267720 1532.3
1267730 1532.3
1267740 1529.3
1267750 1526.4
1267760 1526.4
1267770 1524.0
1267780 1521.8
1267790 1521.8
1267800 1519.6
1267810 1517.9
1267820 1517.9
1267830 1516.4
1267840 1514.7
1267850 1514.7
1267860 1512.5
1267870 1509.5
1267880 1509.5
1267890 1507.2
1267900 1505.4
1267910 1508.4
1267920 1508.4
1267930 1505.3
1267940 1501.2
1267950 1501.2
1267960 1497.1
1267970 1494.0
1267980 1494.0
1267990 1491.8
1268000 1490.4
1268010 1490.4
1268020 1488.7
1268030 1486.6
1268040 1486.6
1268050 1484.3
1268060 1482.3
1268070 1482.3
1268080 1480.3
1268090 1478.6
1268100 1478.6
1268110 1475.8
1268120 1472.7
1268130 1470.6
1268140 1470.6
1268150 1468.8
1268160 1467.2
1268170 1467.2
1268180 1467.6
1268190 1466.9
1268200 1466.9
1268210 1466.2
1268220 1464.4
1268230 1464.4
1268240 1461.7
1268250 1458.3
1268260 1458.3
1268270 1455.9
1268280 1452.5
1268290 1452.5
1268300 1449.4
1268310 1448.4
1268320 1448.4
1268330 1449.8
1268340 1452.5
1268350 1452.7
1268360 1452.7
1268370 1451.2
1268380 1447.6
1268390 1447.6
1268400 1440.1
1268410 1434.7
1268420 1434.7
1268430 1437.7
1268440 1444.1
1268450 1444.1
1268460 1449.0
1268470 1451.0
1268480 1451.0
1268490 1453.0
1268500 1450.3
1268510 1450.3
1268520 1453.0
1268530 1455.1
1268540 1455.1
1268550 1457.7
1268560 1461.2
1268570 1463.6
1268580 1463.6
1268590 1463.9
1268600 1463.0
1268610 1463.0
1268620 1462.2
1268630 1462.0
1268640 1462.0
1268650 1462.0
1268660 1461.8
1268670 1461.8
1268680 1461.9
1268690 1462.1
1268700 1462.1
1268710 1462.1
1268720 1461.9
1268730 1461.9
1268740 1462.9
1268750 1465.4
1268760 1465.4
1268770 1469.9
1268780 1474.7
1268790 1478.0
1268800 1478.0
1268810 1480.8
1268820 1483.0
1268830 1483.0
1268840 1484.4
1268850 1486.9
1268860 1486.9
1268870 1490.4
1268880 1493.6
1268890 1493.6
1268900 1496.4
1268910 1499.5
1268920 1499.5
1268930 1503.2
1268940 1506.9
1268950 1506.9
1268960 1509.6
1268970 1512.7
1268980 1512.7
1268990 1516.7
1269000 1517.3
1269010 1512.8
1269020 1512.8
1269030 1507.9
1269040 1503.4
1269050 1503.4
1269060 1499.7
1269070 1496.7
1269080 1496.7
1269090 1489.8
1269100 1488.5
1269110 1488.5
1269120 1488.2
1269130 1489.0
1269140 1489.0
1269150 1490.6
1269160 1492.1
1269170 1492.1
1269180 1493.0
1269190 1495.1
1269200 1495.1
1269210 1498.8
1269220 1502.0
1269230 1505.1
1269240 1505.1
1269250 1509.3
1269260 1513.7
1269270 1513.7
1269280 1518.1
1269290 1521.4
1269300 1521.4
1269310 1523.8
1269320 1526.0
1269330 1526.0
1269340 1527.2
1269350 1527.3
1269360 1527.3
1269370 1526.7
1269380 1526.3
1269390 1526.3
1269400 1527.1
1269410 1527.4
1269420 1527.4
1269430 1527.1
1269440 1526.7
1269450 1526.4
1269460 1526.4
1269470 1526.7
1269480 1525.1
1269490 1525.1
1269500 1520.8
1269510 1517.1
1269520 1517.1
1269530 1513.9
1269540 1510.7
1269550 1510.7
1269560 1507.4
1269570 1503.7
1269580 1503.7
1269590 1499.3
1269600 1495.0
1269610 1495.0
1269620 1491.7
1269630 1487.8
1269640 1487.8
1269650 1484.7
1269660 1483.9
1269670 1482.2
1269680 1475.4
1269690 1472.8
1269700 1470.2
1269710 1470.2
1269720 1467.7
1269730 1465.6
1269740 1465.6
1269750 1464.0
1269760 1462.3
1269770 1462.3
1269780 1460.0
1269790 1457.5
1269800 1457.5
1269810 1454.9
1269820 1451.9
1269830 1451.9
1269840 1448.3
1269850 1444.8
1269860 1444.8
1269870 1442.2
1269880 1439.4
1269890 1435.9
1269900 1435.9
1269910 1431.7
1269920 1427.8
1269930 1427.8
1269940 1423.5
1269950 1418.4
1269960 1418.4
1269970 1412.5
1269980 1404.9
1269990 1404.9
1270000 1396.7
1270010 1390.1
1270020 1390.1
1270030 1385.5
1270040 1381.0
1270050 1381.0
1270060 1377.0
1270070 1375.0
1270080 1375.0
1270090 1374.1
1270100 1374.5
1270110 1375.5
1270120 1375.5
1270130 1373.6
1270140 1369.6
1270150 1369.6
1270160 1365.0
1270170 1359.4
1270180 1359.4
1270190 1354.7
1270200 1348.8
1270210 1348.8
1270220 1342.4
1270230 1337.1
1270240 1337.1
1270250 1332.2
1270260 1327.8
1270270 1324.5
1270280 1321.6
1270290 1319.3
1270300 1319.3
1270310 1317.5
1270320 1317.4
1270330 1316.1
1270340 1316.1
1270350 1313.5
1270360 1308.2
1270370 1308.2
1270380 1301.7
1270390 1297.7
1270400 1297.7
1270410 1294.8
1270420 1292.0
1270430 1292.0
1270440 1290.7
1270450 1288.9
1270460 1288.9
1270470 1286.9
1270480 1285.1
1270490 1285.1
1270500 1284.1
1270510 1282.8
1270520 1282.8
1270530 1282.8
1270540 1284.5
1270550 1286.1
1270560 1286.1
1270570 1286.3
1270580 1285.7
1270590 1285.7
1270600 1284.2
1270610 1283.4
1270620 1283.4
1270630 1284.1
1270640 1284.3
1270650 1284.3
1270660 1283.6
1270670 1281.9
1270680 1281.9
1270690 1279.5
1270700 1276.7
1270710 1276.7
1270720 1274.0
1270730 1271.3
1270740 1271.3
1270750 1268.8
1270760 1266.2
1270770 1263.7
1270780 1263.7
1270790 1261.1
1270800 1259.2
1270810 1259.2
1270820 1257.5
1270830 1256.2
1270840 1256.2
1270850 1255.1
1270860 1249.3
1270870 1249.3
1270880 1247.6
1270890 1246.2
1270900 1246.2
1270910 1244.7
1270920 1243.9
1270930 1243.9
1270940 1242.5
1270950 1241.6
1270960 1241.6
1270970 1240.7
1270980 1239.5
1270990 1239.5
1271000 1237.9
1271010 1235.8
1271020 1234.6
1271030 1234.6
1271040 1234.1
1271050 1233.8
1271060 1233.8
1271070 1233.0
1271080 1230.5
1271090 1230.5
1271100 1228.4
1271110 1228.0
1271120 1228.0
1271130 1228.2
1271140 1228.3
1271150 1228.3
1271160 1228.5
1271170 1228.0
1271180 1228.0
1271190 1227.4
1271200 1226.8
1271210 1226.8
1271220 1226.0
1271230 1225.6
1271240 1225.2
1271250 1225.2
1271260 1225.1
1271270 1224.8
1271280 1224.8
1271290 1224.4
1271300 1223.7
1271310 1223.7
1271320 1223.8
1271330 1223.4
1271340 1223.4
1271350 1222.7
1271360 1222.1
1271370 1222.1
1271380 1221.7
1271390 1221.5
1271400 1221.5
1271410 1221.4
1271420 1221.5
1271430 1221.5
1271440 1221.7
1271450 1221.7
1271460 1220.1
1271470 1220.1
1271480 1219.6
1271490 1219.5
1271500 1219.5
1271510 1219.5
1271520 1219.4
1271530 1219.4
1271540 1219.2
1271550 1218.9
1271560 1218.9
1271570 1218.5
1271580 1218.1
1271590 1218.1
1271600 1217.6
1271610 1218.4
1271620 1218.4
1271630 1218.7
1271640 1217.9
1271650 1217.9
1271660 1217.1
1271670 1216.5
1271680 1215.9
1271690 1215.9
1271700 1214.7
1271710 1213.9
1271720 1213.9
1271730 1213.1
1271740 1212.6
1271750 1212.6
1271760 1212.1
1271770 1211.2
1271780 1211.2
1271790 1210.1
1271800 1209.2
1271810 1209.2
1271820 1208.6
1271830 1208.1
1271840 1208.1
1271850 1207.8
1271860 1207.9
1271870 1207.9
1271880 1207.2
1271890 1206.1
1271900 1204.6
1271910 1204.6
1271920 1202.6
1271930 1201.0
1271940 1201.0
1271950 1200.0
1271960 1199.1
1271970 1199.1
1271980 1198.3
1271990 1197.5
1272000 1197.5
1272010 1196.7
1272020 1195.6
1272030 1195.6
1272040 1194.4
1272050 1191.0
1272060 1191.0
1272070 1191.1
1272080 1190.4
1272090 1190.4
1272100 1189.7
1272110 1188.4
1272120 1185.7
1272130 1185.7
1272140 1183.0
1272150 1180.7
1272160 1180.7
1272170 1178.6
1272180 1176.9
1272190 1176.9
1272200 1175.1
1272210 1173.4
1272220 1173.4
1272230 1171.7
1272240 1170.1
1272250 1170.1
1272260 1168.5
1272270 1166.9
1272280 1166.9
1272290 1165.6
1272300 1165.1
1272310 1165.1
1272320 1164.4
1272330 1163.5
1272340 1162.5
1272350 1162.5
1272360 1161.4
1272370 1160.2
1272380 1160.2
1272390 1159.2
1272400 1158.4
1272410 1158.4
1272420 1157.8
1272430 1157.0
1272440 1157.0
1272450 1156.0
1272460 1154.9
1272470 1154.9
1272480 1154.0
1272490 1153.1
1272500 1153.1
1272510 1152.3
1272520 1151.5
1272530 1151.5
1272540 1151.0
1272550 1150.4
1272560 1149.6
1272570 1149.6
1272580 1148.4
1272590 1147.1
1272600 1147.1
1272610 1146.2
1272620 1145.3
1272630 1145.3
1272640 1144.3
1272650 1142.9
1272660 1142.9
1272670 1141.6
1272680 1140.3
1272690 1140.3
1272700 1139.1
1272710 1138.7
1272720 1138.7
1272730 1138.0
1272740 1137.1
1272750 1137.1
1272760 1135.5
1272770 1131.3
1272780 1130.0
1272790 1130.0
1272800 1130.1
1272810 1130.0
1272820 1130.0
1272830 1130.2
1272840 1131.5
1272850 1131.5
1272860 1133.2
1272870 1133.7
1272880 1133.7
1272890 1133.8
1272900 1133.7
1272910 1133.7
1272920 1134.5
1272930 1135.8
1272940 1135.8
1272950 1136.1
1272960 1137.3
1272970 1137.3
1272980 1138.4
1272990 1139.0
1273000 1140.0
1273010 1140.0
1273020 1141.5
1273030 1141.4
1273040 1141.4
1273050 1140.9
1273060 1139.9
1273070 1139.9
1273080 1138.8
1273090 1138.3
1273100 1138.3
1273110 1138.3
1273120 1138.2
1273130 1138.2
1273140 1138.0
1273150 1138.4
1273160 1138.4
1273170 1139.0
1273180 1139.4
1273190 1139.4
1273200 1139.8
1273210 1140.0
1273220 1139.9
1273230 1139.9
1273240 1140.0
1273250 1141.6
1273260 1141.6
1273270 1140.9
1273280 1139.6
1273290 1139.6
1273300 1138.5
1273310 1137.3
1273320 1137.3
1273330 1136.3
1273340 1135.8
1273350 1135.8
1273360 1134.9
1273370 1133.8
1273380 1133.8
1273390 1132.7
1273400 1131.9
1273410 1131.9
1273420 1131.2
1273430 1130.7
1273440 1130.3
1273450 1130.3
1273460 1130.7
1273470 1131.4
1273480 1131.4
1273490 1131.5
1273500 1131.4
1273510 1131.4
1273520 1131.3
1273530 1131.2
1273540 1131.2
1273550 1130.9
1273560 1130.4
1273570 1130.4
1273580 1129.7
1273590 1128.9
1273600 1128.9
1273610 1128.3
1273620 1128.2
1273630 1128.2
1273640 1127.8
1273650 1126.8
1273660 1125.8
1273670 1125.8
1273680 1127.6
1273690 1127.9
1273700 1127.9
1273710 1128.0
1273720 1127.6
1273730 1127.6
1273740 1127.5
1273750 1127.2
1273760 1127.2
1273770 1126.6
1273780 1126.0
1273790 1126.0
1273800 1125.5
1273810 1124.9
1273820 1124.9
1273830 1124.1
1273840 1123.2
1273850 1124.4
1273860 1123.8
1273870 1122.9
1273880 1122.0
1273890 1122.0
1273900 1121.4
1273910 1121.0
1273920 1121.0
1273930 1120.6
1273940 1120.9
1273950 1120.9
1273960 1122.1
1273970 1123.1
1273980 1123.1
1273990 1124.0
1274000 1125.0
1274010 1125.0
1274020 1126.0
1274030 1126.7
1274040 1126.7
1274050 1127.3
1274060 1127.8
1274070 1127.8
1274080 1128.1
1274090 1128.3
1274100 1128.7
1274110 1128.7
1274120 1129.2
1274130 1130.0
1274140 1130.0
1274150 1130.8
1274160 1131.8
1274170 1131.8
1274180 1133.7
1274190 1135.1
1274200 1135.1
1274210 1136.6
1274220 1137.9
1274230 1137.9
1274240 1138.9
1274250 1139.5
1274260 1139.5
1274270 1140.0
1274280 1141.0
1274290 1141.0
1274300 1141.9
1274310 1142.5
1274320 1142.9
1274330 1142.9
1274340 1143.0
1274350 1143.3
1274360 1143.3
1274370 1143.3
1274380 1143.2
1274390 1143.2
1274400 1143.9
1274410 1145.0
1274420 1145.0
1274430 1145.2
1274440 1146.4
1274450 1149.6
1274460 1150.5
1274470 1150.5
1274480 1150.5
1274490 1150.3
1274500 1150.1
1274510 1150.1
1274520 1150.2
1274530 1149.9
1274540 1148.9
1274550 1148.9
1274560 1147.6
1274570 1145.9
1274580 1145.9
1274590 1144.8
1274600 1144.1
1274610 1144.1
1274620 1143.5
1274630 1143.0
1274640 1143.0
1274650 1142.3
1274660 1141.0
1274670 1141.0
1274680 1141.2
1274690 1141.6
1274700 1141.6
1274710 1139.4
1274720 1140.7
1274730 1140.7
1274740 1141.3
1274750 1141.6
1274760 1143.0
1274770 1143.0
1274780 1143.6
1274790 1143.5
1274800 1143.5
1274810 1143.9
1274820 1144.5
1274830 1144.5
1274840 1144.1
1274850 1143.6
1274860 1143.6
1274870 1143.7
1274880 1143.6
1274890 1143.6
1274900 1142.5
1274910 1142.5
1274920 1142.5
1274930 1144.1
1274940 1144.5
1274950 1144.5
1274960 1145.5
1274970 1146.0
1274980 1148.7
1274990 1148.7
1275000 1150.3
1275010 1151.1
1275020 1151.1
1275030 1151.5
1275040 1152.8
1275050 1152.8
1275060 1158.9
1275070 1161.0
1275080 1161.0
1275090 1163.9
1275100 1166.7
1275110 1166.7
1275120 1169.0
1275130 1169.4
1275140 1169.4
1275150 1167.3
1275160 1165.2
1275170 1165.2
1275180 1163.9
1275190 1163.5
1275200 1164.5
1275210 1164.5
1275220 1164.4
1275230 1164.6
1275240 1164.6
1275250 1164.0
1275260 1162.2
1275270 1162.2
1275280 1164.3
1275290 1165.6
1275300 1165.6
1275310 1165.3
1275320 1165.5
1275330 1165.5
1275340 1168.8
1275350 1173.4
1275360 1173.4
1275370 1176.4
1275380 1175.3
1275390 1175.3
1275400 1172.9
1275410 1171.1
1275420 1170.1
1275430 1170.1
1275440 1169.1
1275450 1168.2
1275460 1168.2
1275470 1168.3
1275480 1168.9
1275490 1168.9
1275500 1168.8
1275510 1168.0
1275520 1168.0
1275530 1165.9
1275540 1165.0
1275550 1165.0
1275560 1166.1
1275570 1166.9
1275580 1166.9
1275590 1166.9
1275600 1166.1
1275610 1166.1
1275620 1165.3
1275630 1165.3
1275640 1164.5
1275650 1164.5
1275660 1168.3
1275670 1165.7
1275680 1165.7
1275690 1164.5
1275700 1165.1
1275710 1165.1
1275720 1165.3
1275730 1164.3
1275740 1164.3
1275750 1162.9
1275760 1161.8
1275770 1161.8
1275780 1160.8
1275790 1159.9
1275800 1159.9
1275810 1159.4
1275820 1159.0
1275830 1159.0
1275840 1158.5
1275850 1158.1
1275860 1158.3
1275870 1158.3
1275880 1157.7
1275890 1156.6
1275900 1156.6
1275910 1154.6
1275920 1154.0
1275930 1154.0
1275940 1154.0
1275950 1154.0
1275960 1154.0
1275970 1154.0
1275980 1154.3
1275990 1154.3
1276000 1154.6
1276010 1154.8
1276020 1154.8
1276030 1155.1
1276040 1155.4
1276050 1155.4
1276060 1155.0
1276070 1153.3
1276080 1153.3
1276090 1151.3
1276100 1150.3
1276110 1147.8
1276120 1147.8
1276130 1145.8
1276140 1144.4
1276150 1144.4
1276160 1143.2
1276170 1141.7
1276180 1141.7
1276190 1140.1
1276200 1138.6
1276210 1138.6
1276220 1137.3
1276230 1136.2
1276240 1136.2
1276250 1135.0
1276260 1134.0
1276270 1135.6
1276280 1134.7
1276290 1133.5
1276300 1133.5
1276310 1132.4
1276320 1131.7
1276330 1131.2
1276340 1131.2
1276350 1130.9
1276360 1130.7
1276370 1130.7
1276380 1130.5
1276390 1130.4
1276400 1130.4
1276410 1130.3
1276420 1130.1
1276430 1130.1
1276440 1129.6
1276450 1129.0
1276460 1129.0
1276470 1129.0
1276480 1129.0
1276490 1129.0
1276500 1128.7
1276510 1128.5
1276520 1128.5
1276530 1128.3
1276540 1128.2
1276550 1128.0
1276560 1128.0
1276570 1127.8
1276580 1127.6
1276590 1127.6
1276600 1126.7
1276610 1121.8
1276620 1121.8
1276630 1116.6
1276640 1110.6
1276650 1110.6
1276660 1104.7
1276670 1100.0
1276680 1100.0
1276690 1095.8
1276700 1090.9
1276710 1090.9
1276720 1085.7
1276730 1081.1
1276740 1081.1
1276750 1079.5
1276760 1078.8
1276770 1077.7
1276780 1077.7
1276790 1074.8
1276800 1069.8
1276810 1069.8
1276820 1064.9
1276830 1060.9
1276840 1060.9
1276850 1058.6
1276860 1055.7
1276870 1055.7
1276880 1055.8
1276890 1055.3
1276900 1055.3
1276910 1055.1
1276920 1055.1
1276930 1055.1
1276940 1054.9
1276950 1054.8
1276960 1054.8
1276970 1054.8
1276980 1054.7
1276990 1054.6
1277000 1054.6
1277010 1054.4
1277020 1054.2
1277030 1054.2
1277040 1054.1
1277050 1053.4
1277060 1053.4
1277070 1051.7
1277080 1052.4
1277090 1052.4
1277100 1054.0
1277110 1054.2
1277120 1054.2
1277130 1054.4
1277140 1054.6
1277150 1054.6
1277160 1054.8
1277170 1055.2
1277180 1055.2
1277190 1055.4
1277200 1055.8
1277210 1056.8
1277220 1056.8
1277230 1057.2
1277240 1057.3
1277250 1057.3
1277260 1057.4
1277270 1056.5
1277280 1056.5
1277290 1055.4
1277300 1057.6
1277310 1057.6
1277320 1058.2
1277330 1058.6
1277340 1058.6
1277350 1059.2
1277360 1060.2
1277370 1060.2
1277380 1061.1
1277390 1061.4
1277400 1061.4
1277410 1062.6
1277420 1064.6
1277430 1068.6
1277440 1068.6
1277450 1073.9
1277460 1079.5
1277470 1079.5
1277480 1084.5
1277490 1083.8
1277500 1083.8
1277510 1088.5
1277520 1095.5
1277530 1095.5
1277540 1103.5
1277550 1111.4
1277560 1111.4
1277570 1118.4
1277580 1123.9
1277590 1123.9
1277600 1128.1
1277610 1130.7
1277620 1130.7
1277630 1133.2
1277640 1136.1
1277650 1140.2
1277660 1140.2
1277670 1145.1
1277680 1151.0
1277690 1151.0
1277700 1156.8
1277710 1162.7
1277720 1162.7
1277730 1167.7
1277740 1173.6
1277750 1173.6
1277760 1179.4
1277770 1184.4
1277780 1184.4
1277790 1188.8
1277800 1193.8
1277810 1193.8
1277820 1198.7
1277830 1202.9
1277840 1202.9
1277850 1207.6
1277860 1212.4
1277870 1216.7
1277880 1216.7
1277890 1219.2
1277900 1220.8
1277910 1220.8
1277920 1220.4
1277930 1211.6
1277940 1211.6
1277950 1201.9
1277960 1192.3
1277970 1192.3
1277980 1184.4
1277990 1178.4
1278000 1178.4
1278010 1173.9
1278020 1171.4
1278030 1171.4
1278040 1171.8
1278050 1173.0
1278060 1173.0
1278070 1173.9
1278080 1174.6
1278090 1175.4
1278100 1175.4
1278110 1154.7
1278120 1145.4
1278130 1145.4
1278140 1141.0
1278150 1139.3
1278160 1139.3
1278170 1139.7
1278180 1140.3
1278190 1140.3
1278200 1139.9
1278210 1137.3
1278220 1137.3
1278230 1133.5
1278240 1131.0
1278250 1131.0
1278260 1129.4
1278270 1128.5
1278280 1128.5
1278290 1127.6
1278300 1126.9
1278310 1126.6
1278320 1126.6
1278330 1126.6
1278340 1126.6
1278350 1126.6
1278360 1126.8
1278370 1127.1
1278380 1127.1
1278390 1127.1
1278400 1126.3
1278410 1126.3
1278420 1125.2
1278430 1124.7
1278440 1124.7
1278450 1124.7
1278460 1125.2
1278470 1125.2
1278480 1126.3
1278490 1127.7
1278500 1127.7
1278510 1128.5
1278520 1130.7
1278530 1134.3
1278540 1134.3
1278550 1139.4
1278560 1143.9
1278570 1143.9
1278580 1146.6
1278590 1149.4
1278600 1149.4
1278610 1153.8
1278620 1157.8
1278630 1157.8
1278640 1164.0
1278650 1170.6
1278660 1170.6
1278670 1176.9
1278680 1179.7
1278690 1179.7
1278700 1167.5
1278710 1155.7
1278720 1171.4
1278730 1164.4
1278740 1163.5
1278750 1162.7
1278760 1162.7
1278770 1163.7
1278780 1166.3
1278790 1166.3
1278800 1169.0
1278810 1170.7
1278820 1170.7
1278830 1171.1
1278840 1169.7
1278850 1169.7
1278860 1169.6
1278870 1172.4
1278880 1172.4
1278890 1174.6
1278900 1176.7
1278910 1176.7
1278920 1180.4
1278930 1183.9
1278940 1183.9
1278950 1187.7
1278960 1192.3
1278970 1196.8
1278980 1196.8
1278990 1201.5
1279000 1206.4
1279010 1206.4
1279020 1210.8
1279030 1212.8
1279040 1212.8
1279050 1213.4
1279060 1214.6
1279070 1214.6
1279080 1219.5
1279090 1223.2
1279100 1223.2
1279110 1225.6
1279120 1228.1
1279130 1228.1
1279140 1230.3
1279150 1233.0
1279160 1233.0
1279170 1235.4
1279180 1238.6
1279190 1241.8
1279200 1241.8
1279210 1244.8
1279220 1247.3
1279230 1247.3
1279240 1249.3
1279250 1251.2
1279260 1251.2
1279270 1253.5
1279280 1257.5
1279290 1257.5
1279300 1261.1
1279310 1262.1
1279320 1262.1
1279330 1262.9
1279340 1270.1
1279350 1270.1
1279360 1273.2
1279370 1276.0
1279380 1276.0
1279390 1280.2
1279400 1284.8
1279410 1287.2
1279420 1287.2
1279430 1285.2
1279440 1281.9
1279450 1281.9
1279460 1282.0
1279470 1281.9
1279480 1281.9
1279490 1280.8
1279500 1278.6
1279510 1278.6
1279520 1282.6
1279530 1288.8
1279540 1288.8
1279550 1297.9
1279560 1306.1
1279570 1306.1
1279580 1313.0
1279590 1317.9
1279600 1317.9
1279610 1321.7
1279620 1327.4
1279630 1334.4
1279640 1334.4
1279650 1341.4
1279660 1348.7
1279670 1348.7
1279680 1356.2
1279690 1363.0
1279700 1363.0
1279710 1370.2
1279720 1377.2
1279730 1377.2
1279740 1384.4
1279750 1390.7
1279760 1390.7
1279770 1394.5
1279780 1397.2
1279790 1397.2
1279800 1401.6
1279810 1407.4
1279820 1407.4
1279830 1412.9
1279840 1417.0
1279850 1417.2
1279860 1417.2
1279870 1420.4
1279880 1426.0
1279890 1426.0
1279900 1432.4
1279910 1438.7
1279920 1438.7
1279930 1443.2
1279940 1447.1
1279950 1447.1
1279960 1456.5
1279970 1460.4
1279980 1460.4
1279990 1466.3
