1260000 2191.0
1260010 2191.0
1260020 2183.8
1260030 2176.5
1260040 2169.0
1260050 2169.0
1260060 2162.5
1260070 2155.5
1260080 2155.5
1260090 2148.8
1260100 2142.3
1260110 2142.3
1260120 2135.5
1260130 2128.7
1260140 2128.7
1260150 2122.3
1260160 2115.8
1260170 2115.8
1260180 2109.3
1260190 2102.7
1260200 2102.7
1260210 2096.0
1260220 2089.1
1260230 2089.1
1260240 2082.3
1260250 2075.3
1260260 2068.5
1260270 2070.2
1260280 2063.2
1260290 2056.3
1260300 2056.3
1260310 2049.6
1260320 2043.3
1260330 2043.3
1260340 2037.0
1260350 2032.1
1260360 2032.1
1260370 2025.5
1260380 2016.6
1260390 2016.6
1260400 2004.2
1260410 1992.3
1260420 1992.3
1260430 1989.3
1260440 1986.7
1260450 1986.7
1260460 1984.7
1260470 1987.2
1260480 1986.7
1260490 1986.7
1260500 1982.9
1260510 1976.9
1260520 1976.9
1260530 1969.9
1260540 1961.7
1260550 1961.7
1260560 1951.6
1260570 1939.6
1260580 1939.6
1260590 1932.8
1260600 1931.5
1260610 1931.5
1260620 1925.6
1260630 1917.5
1260640 1917.5
1260650 1911.8
1260660 1907.7
1260670 1907.7
1260680 1904.2
1260690 1900.2
1260700 1894.1
1260710 1894.1
1260720 1888.8
1260730 1883.9
1260740 1883.9
1260750 1879.7
1260760 1875.4
1260770 1875.4
1260780 1871.5
1260790 1867.4
1260800 1867.4
1260810 1862.7
1260820 1857.0
1260830 1852.8
1260840 1848.2
1260850 1846.9
1260860 1846.9
1260870 1844.3
1260880 1840.6
1260890 1840.6
1260900 1836.5
1260910 1831.8
1260920 1827.3
1260930 1827.3
1260940 1823.2
1260950 1819.4
1260960 1819.4
1260970 1815.9
1260980 1811.7
1260990 1811.7
1261000 1803.2
1261010 1792.5
1261020 1792.5
1261030 1785.1
1261040 1779.9
1261050 1779.9
1261060 1774.7
1261070 1766.9
1261080 1766.9
1261090 1759.7
1261100 1752.4
1261110 1752.4
1261120 1745.8
1261130 1739.2
1261140 1732.6
1261150 1732.6
1261160 1725.3
1261170 1716.6
1261180 1716.6
1261190 1708.4
1261200 1701.0
1261210 1701.0
1261220 1693.5
1261230 1680.9
1261240 1680.9
1261250 1665.5
1261260 1653.5
1261270 1653.5
1261280 1644.2
1261290 1635.1
1261300 1635.1
1261310 1626.4
1261320 1618.2
1261330 1618.2
1261340 1610.0
1261350 1601.3
1261360 1592.3
1261370 1592.3
1261380 1584.4
1261390 1574.7
1261400 1571.2
1261410 1563.1
1261420 1554.9
1261430 1554.9
1261440 1546.4
1261450 1538.1
1261460 1538.1
1261470 1530.1
1261480 1522.3
1261490 1522.3
1261500 1515.2
1261510 1508.4
1261520 1508.4
1261530 1501.8
1261540 1496.1
1261550 1496.1
1261560 1490.6
1261570 1484.3
1261580 1477.5
1261590 1477.5
1261600 1469.9
1261610 1463.4
1261620 1463.4
1261630 1458.5
1261640 1458.6
1261650 1458.6
1261660 1459.8
1261670 1460.8
1261680 1460.8
1261690 1462.0
1261700 1463.0
1261710 1463.0
1261720 1463.1
1261730 1462.8
1261740 1462.8
1261750 1463.5
1261760 1463.0
1261770 1463.0
1261780 1462.6
1261790 1463.0
1261800 1463.0
1261810 1463.0
1261820 1462.6
1261830 1462.9
1261840 1462.9
1261850 1463.5
1261860 1463.8
1261870 1463.8
1261880 1465.3
1261890 1466.1
1261900 1466.1
1261910 1466.4
1261920 1467.0
1261930 1467.0
1261940 1469.4
1261950 1472.9
1261960 1472.9
1261970 1477.6
1261980 1480.5
1261990 1480.5
1262000 1484.2
1262010 1488.1
1262020 1491.9
1262030 1491.9
1262040 1495.5
1262050 1499.7
1262060 1499.7
1262070 1503.8
1262080 1508.5
1262090 1508.5
1262100 1513.5
1262110 1518.8
1262120 1518.8
1262130 1524.2
1262140 1529.6
1262150 1529.6
1262160 1535.0
1262170 1540.4
1262180 1540.4
1262190 1546.1
1262200 1551.9
1262210 1551.9
1262220 1558.0
1262230 1564.3
1262240 1570.4
1262250 1570.4
1262260 1576.5
1262270 1582.4
1262280 1582.4
1262290 1588.5
1262300 1594.5
1262310 1594.5
1262320 1600.4
1262330 1606.3
1262340 1606.3
1262350 1612.2
1262360 1618.3
1262370 1618.3
1262380 1624.8
1262390 1631.4
1262400 1631.4
1262410 1637.8
1262420 1644.2
1262430 1644.2
1262440 1650.8
1262450 1657.3
1262460 1663.7
1262470 1663.7
1262480 1670.3
1262490 1676.9
1262500 1676.9
1262510 1683.3
1262520 1688.3
1262530 1688.3
1262540 1697.1
1262550 1703.1
1262560 1703.1
1262570 1708.7
1262580 1714.2
1262590 1714.2
1262600 1720.2
1262610 1726.5
1262620 1726.5
1262630 1733.1
1262640 1739.4
1262650 1739.4
1262660 1745.2
1262670 1751.2
1262680 1757.1
1262690 1757.1
1262700 1762.8
1262710 1768.5
1262720 1768.5
1262730 1774.5
1262740 1779.7
1262750 1779.7
1262760 1785.4
1262770 1792.8
1262780 1792.8
1262790 1799.0
1262800 1804.2
1262810 1804.2
1262820 1808.6
1262830 1812.0
1262840 1812.0
1262850 1817.2
1262860 1825.0
1262870 1825.0
1262880 1832.7
1262890 1843.5
1262900 1870.3
1262910 1870.3
1262920 1887.2
1262930 1900.9
1262940 1900.9
1262950 1926.8
1262960 1945.0
1262970 1945.0
1262980 1959.2
1262990 1978.3
1263000 1978.3
1263010 1992.8
1263020 2005.4
1263030 2005.4
1263040 2018.2
1263050 2028.6
1263060 2028.6
1263070 2038.1
1263080 2046.5
1263090 2046.5
1263100 2063.3
1263110 2083.1
1263120 2083.1
1263130 2095.4
1263140 2114.1
1263150 2135.5
1263160 2135.5
1263170 2144.4
1263180 2142.2
1263190 2142.2
1263200 2139.2
1263210 2128.1
1263220 2128.1
1263230 2120.4
1263240 2119.4
1263250 2119.4
1263260 2119.3
1263270 2118.7
1263280 2118.7
1263290 2117.8
1263300 2115.5
1263310 2115.5
1263320 2112.4
1263330 2109.5
1263340 2109.5
1263350 2106.9
1263360 2104.3
1263370 2101.7
1263380 2101.7
1263390 2099.1
1263400 2098.2
1263410 2098.2
1263420 2099.5
1263430 2101.6
1263440 2101.6
1263450 2103.5
1263460 2106.0
1263470 2106.0
1263480 2109.0
1263490 2114.3
1263500 2114.3
1263510 2121.1
1263520 2126.6
1263530 2126.6
1263540 2129.8
1263550 2132.7
1263560 2132.7
1263570 2136.6
1263580 2142.7
1263590 2149.1
1263600 2149.1
1263610 2155.2
1263620 2160.7
1263630 2160.7
1263640 2166.1
1263650 2171.1
1263660 2171.1
1263670 2175.5
1263680 2178.9
1263690 2182.1
1263700 2186.2
1263710 2189.5
1263720 2189.5
1263730 2193.4
1263740 2197.8
1263750 2197.8
1263760 2202.8
1263770 2208.4
1263780 2208.4
1263790 2213.8
1263800 2219.8
1263810 2225.9
1263820 2225.9
1263830 2232.2
1263840 2238.9
1263850 2238.9
1263860 2245.7
1263870 2252.7
1263880 2252.7
1263890 2260.0
1263900 2268.3
1263910 2268.3
1263920 2276.7
1263930 2285.1
1263940 2285.1
1263950 2294.4
1263960 2307.0
1263970 2307.0
1263980 2334.2
1263990 2359.1
1264000 2359.1
1264010 2379.7
1264020 2405.7
1264030 2432.1
1264040 2432.1
1264050 2447.2
1264060 2458.2
1264070 2458.2
1264080 2470.0
1264090 2480.0
1264100 2480.0
1264110 2487.6
1264120 2495.7
1264130 2495.7
1264140 2502.9
1264150 2502.7
1264160 2502.7
1264170 2495.8
1264180 2490.6
1264190 2490.6
1264200 2487.9
1264210 2481.7
1264220 2481.7
1264230 2474.8
1264240 2467.3
1264250 2459.3
1264260 2457.8
1264270 2447.8
1264280 2437.7
1264290 2437.7
1264300 2428.8
1264310 2421.1
1264320 2421.1
1264330 2414.1
1264340 2408.1
1264350 2408.1
1264360 2402.7
1264370 2397.3
1264380 2397.3
1264390 2392.1
1264400 2388.0
1264410 2388.0
1264420 2384.2
1264430 2379.2
1264440 2379.2
1264450 2375.4
1264460 2372.0
1264470 2368.8
1264480 2368.8
1264490 2365.8
1264500 2363.2
1264510 2363.2
1264520 2360.8
1264530 2359.1
1264540 2359.1
1264550 2357.1
1264560 2356.0
1264570 2356.0
1264580 2356.9
1264590 2360.3
1264600 2360.3
1264610 2363.2
1264620 2362.9
1264630 2362.9
1264640 2362.7
1264650 2363.8
1264660 2363.8
1264670 2365.2
1264680 2367.8
1264690 2371.3
1264700 2371.3
1264710 2375.0
1264720 2379.4
1264730 2379.4
1264740 2383.8
1264750 2388.6
1264760 2388.6
1264770 2394.9
1264780 2402.5
1264790 2402.5
1264800 2412.8
1264810 2421.0
1264820 2421.0
1264830 2424.5
1264840 2416.4
1264850 2416.4
1264860 2417.0
1264870 2420.0
1264880 2420.0
1264890 2416.4
1264900 2412.5
1264910 2411.6
1264920 2411.6
1264930 2411.7
1264940 2407.1
1264950 2407.1
1264960 2396.0
1264970 2391.6
1264980 2391.6
1264990 2386.7
1265000 2381.1
1265010 2381.1
1265020 2378.1
1265030 2377.6
1265040 2377.6
1265050 2373.5
1265060 2369.4
1265070 2369.4
1265080 2367.7
1265090 2367.2
1265100 2367.2
1265110 2372.7
1265120 2374.6
1265130 2369.4
1265140 2369.4
1265150 2363.4
1265160 2357.4
1265170 2357.4
1265180 2353.1
1265190 2350.9
1265200 2350.9
1265210 2347.9
1265220 2347.6
1265230 2347.6
1265240 2348.5
1265250 2348.8
1265260 2348.8
1265270 2346.2
1265280 2345.6
1265290 2345.6
1265300 2347.0
1265310 2349.6
1265320 2349.6
1265330 2354.4
1265340 2355.9
1265350 2352.5
1265360 2352.5
1265370 2346.1
1265380 2338.9
1265390 2338.9
1265400 2332.3
1265410 2328.1
1265420 2334.9
1265430 2331.8
1265440 2327.4
1265450 2327.4
1265460 2324.2
1265470 2321.8
1265480 2321.8
1265490 2319.4
1265500 2316.4
1265510 2316.4
1265520 2312.3
1265530 2305.4
1265540 2305.4
1265550 2297.4
1265560 2290.5
1265570 2285.3
1265580 2285.3
1265590 2280.3
1265600 2275.4
1265610 2275.4
1265620 2270.5
1265630 2265.5
1265640 2265.5
1265650 2261.0
1265660 2256.5
1265670 2256.5
1265680 2251.5
1265690 2246.1
1265700 2246.1
1265710 2240.0
1265720 2233.4
1265730 2233.4
1265740 2226.8
1265750 2219.8
1265760 2219.8
1265770 2211.6
1265780 2204.9
1265790 2197.2
1265800 2197.2
1265810 2189.8
1265820 2182.5
1265830 2182.5
1265840 2176.2
1265850 2171.8
1265860 2171.8
1265870 2167.9
1265880 2164.4
1265890 2164.4
1265900 2161.3
1265910 2155.9
1265920 2155.9
1265930 2151.4
1265940 2148.2
1265950 2148.2
1265960 2144.6
1265970 2140.5
1265980 2140.5
1265990 2135.7
1266000 2137.5
1266010 2135.1
1266020 2135.1
1266030 2132.8
1266040 2130.0
1266050 2130.0
1266060 2125.8
1266070 2119.7
1266080 2119.7
1266090 2112.2
1266100 2102.5
1266110 2102.5
1266120 2092.7
1266130 2082.4
1266140 2082.4
1266150 2075.3
1266160 2067.6
1266170 2067.6
1266180 2059.6
1266190 2052.0
1266200 2052.0
1266210 2044.4
1266220 2036.6
1266230 2027.7
1266240 2027.7
1266250 2018.5
1266260 2011.1
1266270 2011.1
1266280 2002.9
1266290 1994.8
1266300 1994.8
1266310 1986.5
1266320 1978.0
1266330 1978.0
1266340 1969.5
1266350 1961.3
1266360 1961.3
1266370 1954.1
1266380 1947.5
1266390 1947.5
1266400 1940.9
1266410 1934.2
1266420 1934.2
1266430 1927.1
1266440 1920.0
1266450 1920.0
1266460 1912.8
1266470 1904.9
1266480 1897.6
1266490 1897.6
1266500 1891.3
1266510 1884.8
1266520 1884.8
1266530 1878.9
1266540 1871.4
1266550 1871.4
1266560 1863.6
1266570 1856.1
1266580 1857.7
1266590 1850.7
1266600 1842.5
1266610 1842.5
1266620 1836.1
1266630 1829.8
1266640 1829.8
1266650 1822.8
1266660 1815.0
1266670 1815.0
1266680 1805.6
1266690 1798.8
1266700 1791.5
1266710 1791.5
1266720 1784.2
1266730 1777.7
1266740 1777.7
1266750 1771.8
1266760 1765.9
1266770 1765.9
1266780 1760.0
1266790 1754.1
1266800 1754.1
1266810 1746.9
1266820 1743.0
1266830 1743.0
1266840 1737.7
1266850 1731.9
1266860 1731.9
1266870 1726.5
1266880 1721.3
1266890 1721.3
1266900 1716.3
1266910 1711.5
1266920 1706.2
1266930 1706.2
1266940 1701.3
1266950 1696.6
1266960 1696.6
1266970 1691.6
1266980 1686.7
1266990 1686.7
1267000 1682.0
1267010 1677.4
1267020 1677.4
1267030 1672.9
1267040 1669.4
1267050 1669.4
1267060 1665.6
1267070 1662.0
1267080 1662.0
1267090 1658.7
1267100 1655.8
1267110 1655.8
1267120 1653.1
1267130 1650.4
1267140 1647.6
1267150 1647.6
1267160 1644.3
1267170 1641.7
1267180 1641.7
1267190 1638.9
1267200 1636.2
1267210 1636.2
1267220 1633.5
1267230 1630.9
1267240 1630.9
1267250 1628.3
1267260 1625.4
1267270 1625.4
1267280 1622.1
1267290 1618.4
1267300 1618.4
1267310 1615.5
1267320 1613.0
1267330 1613.0
1267340 1610.2
1267350 1607.3
1267360 1604.6
1267370 1604.6
1267380 1602.5
1267390 1600.8
1267400 1600.8
1267410 1599.9
1267420 1599.6
1267430 1599.6
1267440 1599.0
1267450 1598.3
1267460 1598.3
1267470 1597.6
1267480 1596.9
1267490 1596.9
1267500 1596.4
1267510 1594.4
1267520 1594.4
1267530 1594.7
1267540 1594.4
1267550 1594.4
1267560 1593.0
1267570 1590.9
1267580 1588.4
1267590 1588.4
1267600 1585.9
1267610 1583.5
1267620 1583.5
1267630 1581.1
1267640 1578.4
1267650 1578.4
1267660 1575.8
1267670 1573.3
1267680 1573.3
1267690 1571.6
1267700 1570.5
1267710 1570.5
1267720 1569.7
1267730 1569.4
1267740 1564.0
1267750 1563.7
1267760 1563.7
1267770 1563.7
1267780 1563.8
1267790 1563.6
1267800 1563.4
1267810 1563.4
1267820 1562.8
1267830 1561.1
1267840 1561.1
1267850 1558.7
1267860 1556.3
1267870 1556.3
1267880 1554.7
1267890 1553.5
1267900 1553.5
1267910 1553.1
1267920 1553.1
1267930 1553.1
1267940 1552.3
1267950 1551.4
1267960 1551.4
1267970 1550.3
1267980 1549.7
1267990 1549.7
1268000 1549.8
1268010 1549.6
1268020 1549.1
1268030 1549.1
1268040 1548.7
1268050 1548.2
1268060 1548.2
1268070 1547.6
1268080 1546.4
1268090 1546.4
1268100 1545.2
1268110 1544.2
1268120 1544.2
1268130 1543.0
1268140 1541.6
1268150 1541.6
1268160 1539.6
1268170 1537.5
1268180 1537.5
1268190 1535.1
1268200 1532.7
1268210 1532.7
1268220 1530.5
1268230 1528.4
1268240 1526.1
1268250 1526.1
1268260 1523.6
1268270 1520.6
1268280 1520.6
1268290 1517.3
1268300 1513.4
1268310 1513.4
1268320 1508.8
1268330 1496.9
1268340 1496.9
1268350 1495.2
1268360 1501.9
1268370 1501.9
1268380 1509.4
1268390 1513.9
1268400 1513.9
1268410 1516.8
1268420 1520.0
1268430 1520.0
1268440 1522.9
1268450 1523.8
1268460 1525.2
1268470 1525.2
1268480 1526.9
1268490 1527.8
1268500 1527.8
1268510 1528.1
1268520 1528.5
1268530 1528.5
1268540 1529.6
1268550 1531.3
1268560 1531.3
1268570 1533.2
1268580 1536.0
1268590 1536.0
1268600 1539.7
1268610 1543.1
1268620 1543.1
1268630 1544.9
1268640 1545.6
1268650 1545.6
1268660 1547.0
1268670 1550.4
1268680 1553.6
1268690 1553.6
1268700 1556.7
1268710 1561.3
1268720 1561.3
1268730 1566.5
1268740 1571.9
1268750 1571.9
1268760 1576.5
1268770 1580.2
1268780 1580.2
1268790 1583.9
1268800 1588.4
1268810 1588.4
1268820 1592.6
1268830 1596.6
1268840 1596.6
1268850 1601.2
1268860 1605.9
1268870 1605.9
1268880 1611.6
1268890 1616.9
1268900 1621.6
1268910 1621.6
1268920 1619.4
1268930 1623.0
1268940 1623.0
1268950 1626.7
1268960 1630.1
1268970 1630.1
1268980 1631.7
1268990 1632.4
1269000 1632.4
1269010 1632.3
1269020 1630.8
1269030 1630.8
1269040 1627.7
1269050 1624.3
1269060 1624.3
1269070 1621.5
1269080 1618.9
1269090 1618.9
1269100 1616.1
1269110 1612.9
1269120 1610.7
1269130 1610.7
1269140 1608.5
1269150 1606.9
1269160 1606.9
1269170 1607.3
1269180 1608.8
1269190 1608.8
1269200 1611.6
1269210 1614.4
1269220 1614.4
1269230 1616.6
1269240 1618.7
1269250 1618.7
1269260 1621.3
1269270 1623.2
1269280 1623.2
1269290 1625.0
1269300 1626.5
1269310 1626.5
1269320 1627.4
1269330 1628.5
1269340 1630.3
1269350 1630.3
1269360 1632.2
1269370 1632.9
1269380 1632.9
1269390 1633.7
1269400 1634.2
1269410 1634.2
1269420 1634.3
1269430 1633.7
1269440 1633.7
1269450 1633.4
1269460 1632.7
1269470 1632.7
1269480 1631.0
1269490 1628.5
1269500 1628.5
1269510 1620.1
1269520 1617.9
1269530 1617.9
1269540 1616.2
1269550 1615.8
1269560 1615.6
1269570 1615.6
1269580 1615.0
1269590 1613.8
1269600 1613.8
1269610 1610.9
1269620 1607.0
1269630 1607.0
1269640 1603.1
1269650 1599.3
1269660 1599.3
1269670 1596.4
1269680 1594.0
1269690 1594.0
1269700 1591.6
1269710 1588.6
1269720 1588.6
1269730 1584.4
1269740 1579.4
1269750 1579.4
1269760 1574.1
1269770 1569.0
1269780 1564.0
1269790 1564.0
1269800 1559.2
1269810 1554.3
1269820 1554.3
1269830 1549.0
1269840 1543.3
1269850 1543.3
1269860 1537.7
1269870 1532.0
1269880 1532.0
1269890 1526.3
1269900 1520.9
1269910 1520.9
1269920 1515.2
1269930 1509.2
1269940 1509.2
1269950 1503.7
1269960 1498.7
1269970 1498.7
1269980 1494.4
1269990 1491.5
1270000 1491.5
1270010 1487.6
1270020 1482.5
1270030 1477.2
1270040 1477.2
1270050 1471.4
1270060 1465.3
1270070 1465.3
1270080 1458.9
1270090 1452.2
1270100 1451.8
1270110 1444.7
1270120 1437.5
1270130 1437.5
1270140 1430.4
1270150 1423.8
1270160 1423.8
1270170 1417.3
1270180 1411.3
1270190 1411.3
1270200 1405.2
1270210 1398.2
1270220 1398.2
1270230 1391.2
1270240 1383.7
1270250 1376.2
1270260 1376.2
1270270 1368.7
1270280 1361.3
1270290 1361.3
1270300 1354.4
1270310 1351.4
1270320 1351.4
1270330 1350.4
1270340 1351.1
1270350 1351.1
1270360 1353.0
1270370 1355.4
1270380 1355.4
1270390 1361.6
1270400 1366.6
1270410 1366.6
1270420 1367.0
1270430 1371.8
1270440 1371.8
1270450 1378.2
1270460 1382.6
1270470 1387.3
1270480 1387.3
1270490 1391.1
1270500 1392.7
1270510 1392.7
1270520 1392.9
1270530 1392.2
1270540 1392.2
1270550 1391.4
1270560 1389.8
1270570 1389.8
1270580 1388.6
1270590 1387.3
1270600 1387.3
1270610 1385.7
1270620 1382.7
1270630 1382.7
1270640 1378.7
1270650 1374.5
1270660 1374.5
1270670 1369.1
1270680 1365.2
1270690 1359.2
1270700 1359.2
1270710 1359.7
1270720 1360.6
1270730 1360.6
1270740 1360.8
1270750 1360.5
1270760 1360.5
1270770 1359.5
1270780 1358.2
1270790 1358.2
1270800 1356.5
1270810 1354.5
1270820 1354.5
1270830 1352.2
1270840 1349.9
1270850 1349.9
1270860 1347.7
1270870 1345.7
1270880 1345.7
1270890 1343.8
1270900 1342.0
1270910 1340.6
1270920 1340.6
1270930 1339.2
1270940 1337.5
1270950 1337.5
1270960 1334.5
1270970 1334.7
1270980 1334.7
1270990 1333.2
1271000 1331.2
1271010 1331.2
1271020 1329.9
1271030 1329.0
1271040 1329.0
1271050 1328.1
1271060 1327.3
1271070 1327.3
1271080 1326.3
1271090 1324.9
1271100 1324.9
1271110 1323.2
1271120 1321.7
1271130 1320.7
1271140 1320.7
1271150 1319.6
1271160 1320.0
1271170 1320.0
1271180 1318.3
1271190 1316.6
1271200 1316.6
1271210 1315.8
1271220 1314.4
1271230 1314.4
1271240 1311.0
1271250 1306.2
1271260 1306.2
1271270 1304.1
1271280 1296.7
1271290 1296.7
1271300 1294.4
1271310 1291.6
1271320 1291.6
1271330 1289.0
1271340 1286.6
1271350 1284.5
1271360 1284.5
1271370 1282.7
1271380 1281.2
1271390 1281.2
1271400 1280.1
1271410 1279.8
1271420 1279.8
1271430 1279.7
1271440 1279.8
1271450 1279.8
1271460 1279.8
1271470 1278.7
1271480 1278.7
1271490 1276.3
1271500 1274.2
1271510 1274.2
1271520 1272.1
1271530 1270.3
1271540 1270.3
1271550 1268.7
1271560 1266.2
1271570 1264.7
1271580 1264.7
1271590 1263.7
1271600 1262.4
1271610 1262.4
1271620 1260.4
1271630 1259.1
1271640 1259.1
1271650 1258.7
1271660 1257.2
1271670 1257.2
1271680 1254.9
1271690 1253.2
1271700 1253.2
1271710 1251.9
1271720 1250.8
1271730 1250.8
1271740 1249.4
1271750 1248.2
1271760 1248.2
1271770 1247.5
1271780 1246.6
1271790 1245.7
1271800 1245.7
1271810 1244.8
1271820 1243.9
1271830 1243.9
1271840 1243.6
1271850 1243.8
1271860 1243.8
1271870 1243.1
1271880 1240.7
1271890 1240.7
1271900 1240.3
1271910 1239.6
1271920 1239.6
1271930 1239.2
1271940 1238.9
1271950 1238.9
1271960 1238.3
1271970 1237.1
1271980 1237.1
1271990 1234.8
1272000 1232.3
1272010 1231.5
1272020 1231.5
1272030 1230.9
1272040 1230.2
1272050 1230.2
1272060 1229.7
1272070 1229.4
1272080 1229.4
1272090 1229.1
1272100 1228.5
1272110 1228.5
1272120 1228.1
1272130 1227.6
1272140 1227.6
1272150 1227.2
1272160 1226.7
1272170 1226.7
1272180 1226.3
1272190 1225.8
1272200 1225.8
1272210 1225.1
1272220 1224.5
1272230 1223.5
1272240 1223.5
1272250 1221.9
1272260 1220.6
1272270 1220.6
1272280 1219.5
1272290 1218.5
1272300 1218.5
1272310 1217.3
1272320 1216.1
1272330 1216.1
1272340 1214.4
1272350 1212.7
1272360 1212.7
1272370 1211.5
1272380 1209.5
1272390 1209.5
1272400 1207.2
1272410 1205.1
1272420 1205.1
1272430 1203.6
1272440 1201.9
1272450 1199.8
1272460 1199.8
1272470 1194.6
1272480 1192.9
1272490 1192.9
1272500 1190.6
1272510 1188.2
1272520 1188.2
1272530 1186.3
1272540 1184.7
1272550 1184.7
1272560 1182.4
1272570 1179.8
1272580 1179.8
1272590 1177.6
1272600 1175.5
1272610 1175.5
1272620 1173.5
1272630 1172.3
1272640 1172.3
1272650 1171.2
1272660 1169.5
1272670 1167.6
1272680 1167.6
1272690 1165.6
1272700 1163.7
1272710 1163.7
1272720 1162.5
1272730 1161.7
1272740 1161.7
1272750 1161.2
1272760 1161.0
1272770 1161.0
1272780 1160.9
1272790 1160.9
1272800 1160.9
1272810 1161.1
1272820 1160.5
1272830 1160.5
1272840 1158.1
1272850 1156.1
1272860 1156.1
1272870 1154.8
1272880 1154.1
1272890 1152.3
1272900 1152.3
1272910 1149.9
1272920 1148.1
1272930 1148.1
1272940 1147.3
1272950 1145.7
1272960 1145.7
1272970 1143.5
1272980 1142.2
1272990 1142.2
1273000 1140.6
1273010 1139.1
1273020 1139.1
1273030 1137.8
1273040 1135.9
1273050 1135.9
1273060 1134.5
1273070 1130.9
1273080 1130.9
1273090 1129.4
1273100 1128.7
1273110 1127.9
1273120 1127.9
1273130 1127.3
1273140 1126.7
1273150 1126.7
1273160 1126.3
1273170 1125.9
1273180 1125.9
1273190 1125.3
1273200 1125.1
1273210 1125.1
1273220 1125.3
1273230 1126.0
1273240 1126.0
1273250 1126.3
1273260 1124.8
1273270 1124.8
1273280 1123.9
1273290 1123.8
1273300 1123.8
1273310 1124.2
1273320 1125.2
1273330 1126.2
1273340 1126.2
1273350 1125.8
1273360 1125.8
1273370 1125.8
1273380 1126.9
1273390 1126.7
1273400 1126.7
1273410 1125.5
1273420 1125.1
1273430 1125.1
1273440 1124.8
1273450 1124.8
1273460 1124.8
1273470 1125.4
1273480 1126.0
1273490 1126.0
1273500 1126.7
1273510 1127.9
1273520 1127.9
1273530 1129.2
1273540 1129.1
1273550 1128.2
1273560 1128.2
1273570 1127.4
1273580 1127.3
1273590 1127.3
1273600 1126.8
1273610 1125.4
1273620 1125.4
1273630 1123.5
1273640 1121.2
1273650 1121.2
1273660 1119.4
1273670 1115.7
1273680 1115.7
1273690 1114.6
1273700 1114.0
1273710 1114.0
1273720 1113.8
1273730 1113.7
1273740 1113.7
1273750 1113.2
1273760 1112.5
1273770 1112.5
1273780 1111.5
1273790 1110.4
1273800 1109.3
1273810 1109.3
1273820 1108.9
1273830 1108.6
1273840 1108.6
1273850 1106.9
1273860 1104.7
1273870 1104.7
1273880 1103.5
1273890 1102.4
1273900 1102.4
1273910 1101.3
1273920 1100.6
1273930 1100.6
1273940 1100.4
1273950 1099.7
1273960 1099.7
1273970 1099.2
1273980 1098.4
1273990 1098.4
1274000 1098.4
1274010 1098.1
1274020 1097.4
1274030 1097.4
1274040 1096.8
1274050 1096.2
1274060 1096.2
1274070 1095.6
1274080 1095.1
1274090 1095.1
1274100 1095.0
1274110 1094.6
1274120 1094.6
1274130 1093.3
1274140 1092.0
1274150 1092.0
1274160 1091.4
1274170 1091.3
1274180 1091.3
1274190 1092.1
1274200 1092.5
1274210 1092.5
1274220 1093.6
1274230 1094.1
1274240 1094.2
1274250 1094.2
1274260 1094.4
1274270 1094.7
1274280 1096.8
1274290 1096.7
1274300 1096.4
1274310 1096.4
1274320 1096.4
1274330 1096.5
1274340 1096.5
1274350 1096.1
1274360 1095.7
1274370 1095.7
1274380 1095.4
1274390 1094.9
1274400 1094.9
1274410 1094.2
1274420 1093.7
1274430 1093.7
1274440 1093.3
1274450 1092.4
1274460 1090.9
1274470 1090.9
1274480 1088.5
1274490 1086.2
1274500 1086.2
1274510 1084.2
1274520 1083.0
1274530 1083.0
1274540 1082.6
1274550 1082.5
1274560 1082.5
1274570 1082.6
1274580 1082.6
1274590 1082.6
1274600 1082.5
1274610 1082.2
1274620 1082.2
1274630 1081.8
1274640 1081.1
1274650 1081.1
1274660 1080.5
1274670 1080.7
1274680 1081.7
1274690 1081.7
1274700 1082.8
1274710 1085.1
1274720 1085.1
1274730 1086.6
1274740 1087.1
1274750 1087.1
1274760 1087.0
1274770 1086.8
1274780 1086.8
1274790 1086.6
1274800 1086.8
1274810 1086.8
1274820 1087.6
1274830 1088.3
1274840 1088.3
1274850 1088.9
1274860 1089.8
1274870 1089.8
1274880 1091.4
1274890 1092.3
1274900 1092.7
1274910 1092.7
1274920 1092.7
1274930 1092.8
1274940 1092.8
1274950 1092.7
1274960 1092.2
1274970 1092.2
1274980 1091.7
1274990 1090.9
1275000 1090.9
1275010 1090.2
1275020 1091.1
1275030 1091.1
1275040 1091.8
1275050 1094.4
1275060 1094.4
1275070 1095.9
1275080 1094.5
1275090 1094.5
1275100 1094.9
1275110 1097.1
1275120 1098.4
1275130 1098.4
1275140 1099.1
1275150 1097.6
1275160 1097.6
1275170 1096.3
1275180 1096.0
1275190 1096.0
1275200 1094.1
1275210 1093.1
1275220 1093.1
1275230 1092.9
1275240 1092.9
1275250 1092.9
1275260 1094.6
1275270 1095.9
1275280 1095.9
1275290 1095.9
1275300 1095.7
1275310 1095.7
1275320 1096.1
1275330 1095.6
1275340 1095.1
1275350 1095.1
1275360 1095.9
1275370 1095.3
1275380 1095.3
1275390 1095.3
1275400 1094.2
1275410 1094.2
1275420 1092.5
1275430 1092.1
1275440 1092.1
1275450 1092.6
1275460 1093.3
1275470 1093.3
1275480 1093.0
1275490 1095.0
1275500 1095.0
1275510 1095.4
1275520 1096.0
1275530 1096.0
1275540 1096.7
1275550 1097.3
1275560 1098.3
1275570 1098.3
1275580 1100.0
1275590 1102.0
1275600 1102.0
1275610 1103.4
1275620 1103.7
1275630 1103.7
1275640 1103.5
1275650 1103.9
1275660 1103.9
1275670 1105.1
1275680 1107.4
1275690 1107.4
1275700 1110.1
1275710 1113.1
1275720 1113.1
1275730 1114.8
1275740 1116.7
1275750 1116.7
1275760 1118.1
1275770 1120.1
1275780 1122.3
1275790 1122.3
1275800 1124.4
1275810 1125.3
1275820 1125.3
1275830 1124.9
1275840 1123.1
1275850 1123.1
1275860 1117.8
1275870 1117.2
1275880 1117.2
1275890 1121.3
1275900 1124.0
1275910 1124.0
1275920 1124.9
1275930 1125.2
1275940 1125.2
1275950 1125.2
1275960 1125.4
1275970 1125.4
1275980 1125.5
1275990 1125.6
1276000 1125.6
1276010 1125.6
1276020 1125.6
1276030 1125.4
1276040 1125.4
1276050 1125.0
1276060 1124.6
1276070 1124.6
1276080 1124.4
1276090 1124.6
1276100 1124.6
1276110 1124.6
1276120 1124.7
1276130 1124.7
1276140 1124.7
1276150 1124.6
1276160 1124.6
1276170 1124.3
1276180 1124.0
1276190 1124.0
1276200 1123.7
1276210 1123.7
1276220 1124.1
1276230 1124.1
1276240 1124.5
1276250 1124.9
1276260 1124.9
1276270 1125.2
1276280 1125.2
1276290 1125.2
1276300 1125.1
1276310 1124.6
1276320 1124.6
1276330 1123.4
1276340 1121.1
1276350 1121.1
1276360 1118.3
1276370 1115.7
1276380 1115.7
1276390 1113.6
1276400 1111.7
1276410 1111.7
1276420 1109.6
1276430 1108.0
1276440 1106.3
1276450 1106.3
1276460 1103.5
1276470 1099.8
1276480 1099.8
1276490 1097.3
1276500 1095.8
1276510 1095.8
1276520 1094.9
1276530 1094.5
1276540 1094.5
1276550 1094.4
1276560 1093.2
1276570 1093.2
1276580 1091.7
1276590 1087.8
1276600 1087.8
1276610 1085.8
1276620 1085.6
1276630 1085.6
1276640 1085.3
1276650 1082.2
1276660 1075.9
1276670 1075.9
1276680 1069.6
1276690 1063.4
1276700 1062.5
1276710 1060.2
1276720 1060.1
1276730 1060.1
1276740 1058.4
1276750 1053.2
1276760 1053.2
1276770 1051.3
1276780 1051.3
1276790 1051.3
1276800 1051.0
1276810 1050.6
1276820 1050.6
1276830 1049.1
1276840 1049.9
1276850 1049.9
1276860 1051.6
1276870 1051.8
1276880 1051.8
1276890 1051.8
1276900 1051.7
1276910 1051.7
1276920 1051.7
1276930 1051.7
1276940 1051.7
1276950 1051.7
1276960 1051.9
1276970 1051.8
1276980 1051.8
1276990 1051.9
1277000 1052.2
1277010 1052.2
1277020 1052.5
1277030 1053.4
1277040 1053.4
1277050 1053.9
1277060 1054.7
1277070 1054.7
1277080 1056.1
1277090 1058.2
1277100 1061.0
1277110 1061.0
1277120 1063.9
1277130 1066.6
1277140 1066.6
1277150 1070.1
1277160 1074.4
1277170 1074.4
1277180 1076.0
1277190 1077.9
1277200 1077.9
1277210 1079.3
1277220 1082.0
1277230 1082.0
1277240 1084.7
1277250 1087.8
1277260 1087.8
1277270 1091.7
1277280 1095.9
1277290 1095.9
1277300 1100.7
1277310 1107.0
1277320 1112.7
1277330 1112.7
1277340 1117.4
1277350 1119.7
1277360 1119.7
1277370 1121.1
1277380 1122.8
1277390 1122.8
1277400 1123.9
1277410 1125.0
1277420 1125.0
1277430 1127.7
1277440 1132.7
1277450 1132.7
1277460 1138.1
1277470 1142.8
1277480 1142.8
1277490 1148.8
1277500 1154.6
1277510 1154.6
1277520 1160.0
1277530 1165.3
1277540 1170.9
1277550 1170.9
1277560 1176.3
1277570 1181.4
1277580 1181.4
1277590 1186.4
1277600 1191.8
1277610 1191.8
1277620 1197.7
1277630 1203.7
1277640 1203.7
1277650 1208.5
1277660 1212.7
1277670 1212.7
1277680 1218.1
1277690 1223.5
1277700 1223.5
1277710 1228.5
1277720 1233.6
1277730 1233.6
1277740 1239.2
1277750 1245.4
1277760 1251.8
1277770 1251.8
1277780 1256.1
1277790 1258.9
1277800 1258.9
1277810 1262.0
1277820 1266.2
1277830 1266.2
1277840 1271.3
1277850 1275.8
1277860 1275.8
1277870 1279.4
1277880 1282.8
1277890 1282.8
1277900 1286.1
1277910 1289.4
1277920 1289.4
1277930 1287.8
1277940 1291.6
1277950 1291.6
1277960 1293.8
1277970 1296.4
1277980 1296.4
1277990 1299.2
1278000 1300.7
1278010 1301.0
1278020 1301.0
1278030 1301.3
1278040 1302.2
1278050 1302.2
1278060 1303.3
1278070 1304.6
1278080 1304.6
1278090 1305.5
1278100 1298.0
1278110 1298.0
1278120 1282.9
1278130 1275.7
1278140 1275.7
1278150 1272.7
1278160 1268.8
1278170 1268.8
1278180 1265.6
1278190 1264.2
1278200 1264.2
1278210 1264.3
1278220 1263.3
1278230 1264.5
1278240 1264.5
1278250 1266.4
1278260 1261.5
1278270 1261.5
1278280 1249.6
1278290 1243.1
1278300 1243.1
1278310 1242.7
1278320 1242.4
1278330 1242.4
1278340 1240.9
1278350 1238.9
1278360 1238.9
1278370 1235.8
1278380 1230.6
1278390 1230.6
1278400 1223.7
1278410 1221.2
1278420 1221.2
1278430 1224.1
1278440 1227.7
1278450 1232.3
1278460 1232.3
1278470 1233.1
1278480 1227.9
1278490 1227.9
1278500 1222.7
1278510 1220.7
1278520 1220.7
1278530 1218.7
1278540 1209.1
1278550 1209.1
1278560 1204.6
1278570 1206.2
1278580 1206.2
1278590 1210.2
1278600 1214.9
1278610 1214.9
1278620 1219.7
1278630 1223.8
1278640 1223.8
1278650 1224.3
1278660 1218.7
1278670 1213.4
1278680 1213.4
1278690 1210.0
1278700 1205.2
1278710 1205.2
1278720 1203.6
1278730 1210.8
1278740 1210.8
1278750 1218.1
1278760 1222.6
1278770 1222.6
1278780 1225.3
1278790 1226.1
1278800 1226.1
1278810 1229.5
1278820 1236.5
1278830 1236.5
1278840 1242.6
1278850 1247.2
1278860 1247.2
1278870 1252.0
1278880 1255.9
1278890 1250.3
1278900 1250.3
1278910 1243.2
1278920 1241.2
1278930 1241.2
1278940 1239.7
1278950 1238.3
1278960 1238.3
1278970 1237.4
1278980 1235.8
1278990 1235.8
1279000 1234.6
1279010 1234.4
1279020 1234.4
1279030 1233.2
1279040 1227.7
1279050 1227.7
1279060 1223.8
1279070 1221.2
1279080 1221.2
1279090 1218.9
1279100 1218.1
1279110 1215.9
1279120 1215.9
1279130 1211.9
1279140 1210.7
1279150 1210.7
1279160 1206.2
1279170 1207.1
1279180 1207.1
1279190 1209.4
1279200 1210.3
1279210 1210.3
1279220 1210.1
1279230 1208.7
1279240 1208.7
1279250 1207.6
1279260 1208.1
1279270 1208.1
1279280 1209.7
1279290 1211.4
1279300 1211.4
1279310 1213.3
1279320 1214.6
1279330 1214.9
1279340 1214.9
1279350 1214.0
1279360 1213.5
1279370 1213.5
1279380 1215.9
1279390 1216.2
1279400 1216.2
1279410 1213.3
1279420 1210.3
1279430 1210.3
1279440 1208.7
1279450 1209.5
1279460 1209.5
1279470 1210.6
1279480 1211.6
1279490 1211.6
1279500 1213.0
1279510 1214.7
1279520 1214.7
1279530 1215.7
1279540 1216.1
1279550 1216.0
1279560 1216.0
1279570 1218.6
1279580 1220.5
1279590 1220.5
1279600 1222.0
1279610 1224.6
1279620 1224.6
1279630 1228.5
1279640 1235.7
1279650 1235.7
1279660 1242.7
1279670 1248.5
1279680 1248.5
1279690 1254.0
1279700 1259.0
1279710 1259.0
1279720 1264.3
1279730 1269.8
1279740 1269.8
1279750 1275.0
1279760 1280.2
1279770 1284.7
1279780 1289.9
1279790 1295.1
1279800 1298.8
1279810 1298.8
1279820 1303.4
1279830 1309.9
1279840 1309.9
1279850 1318.5
1279860 1327.4
1279870 1327.4
1279880 1334.3
1279890 1340.4
1279900 1340.4
1279910 1347.3
1279920 1353.2
1279930 1353.2
1279940 1358.8
1279950 1365.1
1279960 1365.1
1279970 1371.9
1279980 1378.4
1279990 1383.7
1260000 2191
1260010 2186
1260020 2181
1260030 2176
1260040 2171
1260050 2166
1260060 2162
1260070 2157
1260080 2153
1260090 2148
1260100 2144
1260110 2139
1260120 2134
1260130 2130
1260140 2125
1260150 2121
1260160 2116
1260170 2112
1260180 2108
1260190 2103
1260200 2098
1260210 2094
1260220 2089
1260230 2084
1260240 2080
1260250 2075
1260260 2071
1260270 2066
1260280 2062
1260290 2058
1260300 2053
1260310 2049
1260320 2045
1260330 2042
1260340 2039
1260350 2037
1260360 2035
1260370 2029
1260380 2022
1260390 2015
1260400 2006
1260410 2000
1260420 1995
1260430 1998
1260440 1997
1260450 1993
1260460 1991
1260470 1991
1260480 1991
1260490 1987
1260500 1983
1260510 1979
1260520 1974
1260530 1968
1260540 1963
1260550 1957
1260560 1950
1260570 1944
1260580 1939
1260590 1936
1260600 1933
1260610 1930
1260620 1924
1260630 1919
1260640 1914
1260650 1911
1260660 1908
1260670 1905
1260680 1903
1260690 1900
1260700 1896
1260710 1892
1260720 1888
1260730 1885
1260740 1881
1260750 1879
1260760 1876
1260770 1872
1260780 1870
1260790 1867
1260800 1864
1260810 1861
1260820 1857
1260830 1853
1260840 1852
1260850 1851
1260860 1849
1260870 1846
1260880 1842
1260890 1839
1260900 1836
1260910 1834
1260920 1831
1260930 1828
1260940 1826
1260950 1824
1260960 1822
1260970 1819
1260980 1816
1260990 1812
1261000 1805
1261010 1799
1261020 1792
1261030 1787
1261040 1783
1261050 1778
1261060 1773
1261070 1768
1261080 1763
1261090 1758
1261100 1753
1261110 1748
1261120 1744
1261130 1740
1261140 1735
1261150 1731
1261160 1726
1261170 1720
1261180 1715
1261190 1709
1261200 1703
1261210 1699
1261220 1694
1261230 1685
1261240 1673
1261250 1663
1261260 1655
1261270 1649
1261280 1642
1261290 1636
1261300 1630
1261310 1624
1261320 1618
1261330 1613
1261340 1607
1261350 1601
1261360 1594
1261370 1587
1261380 1582
1261390 1576
1261400 1569
1261410 1563
1261420 1558
1261430 1552
1261440 1546
1261450 1540
1261460 1535
1261470 1529
1261480 1524
1261490 1519
1261500 1514
1261510 1509
1261520 1504
1261530 1500
1261540 1496
1261550 1493
1261560 1489
1261570 1485
1261580 1480
1261590 1475
1261600 1470
1261610 1466
1261620 1461
1261630 1458
1261640 1457
1261650 1459
1261660 1459
1261670 1459
1261680 1460
1261690 1461
1261700 1462
1261710 1462
1261720 1462
1261730 1462
1261740 1462
1261750 1463
1261760 1463
1261770 1462
1261780 1462
1261790 1462
1261800 1463
1261810 1463
1261820 1463
1261830 1462
1261840 1462
1261850 1463
1261860 1464
1261870 1464
1261880 1465
1261890 1466
1261900 1466
1261910 1466
1261920 1467
1261930 1467
1261940 1470
1261950 1472
1261960 1475
1261970 1477
1261980 1479
1261990 1481
1262000 1483
1262010 1486
1262020 1488
1262030 1491
1262040 1494
1262050 1496
1262060 1500
1262070 1503
1262080 1506
1262090 1509
1262100 1513
1262110 1517
1262120 1520
1262130 1524
1262140 1528
1262150 1531
1262160 1535
1262170 1539
1262180 1542
1262190 1546
1262200 1550
1262210 1554
1262220 1559
1262230 1563
1262240 1568
1262250 1571
1262260 1575
1262270 1579
1262280 1583
1262290 1588
1262300 1592
1262310 1596
1262320 1600
1262330 1604
1262340 1608
1262350 1612
1262360 1616
1262370 1620
1262380 1625
1262390 1630
1262400 1634
1262410 1639
1262420 1643
1262430 1648
1262440 1652
1262450 1656
1262460 1661
1262470 1665
1262480 1670
1262490 1674
1262500 1679
1262510 1683
1262520 1687
1262530 1690
1262540 1694
1262550 1698
1262560 1703
1262570 1707
1262580 1711
1262590 1715
1262600 1720
1262610 1724
1262620 1728
1262630 1732
1262640 1736
1262650 1740
1262660 1744
1262670 1748
1262680 1752
1262690 1756
1262700 1760
1262710 1764
1262720 1768
1262730 1772
1262740 1776
1262750 1779
1262760 1784
1262770 1789
1262780 1794
1262790 1797
1262800 1801
1262810 1804
1262820 1807
1262830 1809
1262840 1813
1262850 1818
1262860 1823
1262870 1828
1262880 1834
1262890 1842
1262900 1855
1262910 1878
1262920 1885
1262930 1892
1262940 1905
1262950 1926
1262960 1940
1262970 1947
1262980 1962
1262990 1975
1263000 1986
1263010 1993
1263020 2002
1263030 2013
1263040 2019
1263050 2026
1263060 2033
1263070 2038
1263080 2044
1263090 2052
1263100 2068
1263110 2084
1263120 2097
1263130 2101
1263140 2111
1263150 2123
1263160 2134
1263170 2135
1263180 2134
1263190 2132
1263200 2130
1263210 2124
1263220 2116
1263230 2115
1263240 2115
1263250 2114
1263260 2115
1263270 2115
1263280 2114
1263290 2114
1263300 2112
1263310 2110
1263320 2108
1263330 2106
1263340 2105
1263350 2103
1263360 2102
1263370 2100
1263380 2098
1263390 2097
1263400 2096
1263410 2096
1263420 2098
1263430 2100
1263440 2100
1263450 2102
1263460 2104
1263470 2106
1263480 2108
1263490 2112
1263500 2117
1263510 2121
1263520 2125
1263530 2128
1263540 2129
1263550 2132
1263560 2134
1263570 2138
1263580 2142
1263590 2147
1263600 2151
1263610 2155
1263620 2159
1263630 2163
1263640 2167
1263650 2170
1263660 2173
1263670 2175
1263680 2178
1263690 2180
1263700 2183
1263710 2186
1263720 2188
1263730 2192
1263740 2195
1263750 2198
1263760 2202
1263770 2206
1263780 2209
1263790 2213
1263800 2218
1263810 2222
1263820 2226
1263830 2231
1263840 2235
1263850 2240
1263860 2245
1263870 2250
1263880 2255
1263890 2260
1263900 2266
1263910 2272
1263920 2277
1263930 2283
1263940 2289
1263950 2296
1263960 2303
1263970 2315
1263980 2337
1263990 2352
1264000 2366
1264010 2379
1264020 2396
1264030 2416
1264040 2439
1264050 2448
1264060 2456
1264070 2463
1264080 2471
1264090 2478
1264100 2483
1264110 2488
1264120 2493
1264130 2498
1264140 2503
1264150 2502
1264160 2499
1264170 2494
1264180 2491
1264190 2488
1264200 2486
1264210 2482
1264220 2477
1264230 2472
1264240 2467
1264250 2462
1264260 2456
1264270 2449
1264280 2442
1264290 2436
1264300 2429
1264310 2425
1264320 2421
1264330 2416
1264340 2412
1264350 2409
1264360 2405
1264370 2401
1264380 2397
1264390 2394
1264400 2391
1264410 2389
1264420 2385
1264430 2382
1264440 2379
1264450 2376
1264460 2374
1264470 2372
1264480 2369
1264490 2367
1264500 2366
1264510 2364
1264520 2362
1264530 2361
1264540 2360
1264550 2358
1264560 2357
1264570 2357
1264580 2358
1264590 2361
1264600 2363
1264610 2364
1264620 2363
1264630 2363
1264640 2363
1264650 2364
1264660 2365
1264670 2365
1264680 2367
1264690 2369
1264700 2372
1264710 2374
1264720 2377
1264730 2380
1264740 2383
1264750 2386
1264760 2390
1264770 2394
1264780 2400
1264790 2406
1264800 2414
1264810 2418
1264820 2421
1264830 2422
1264840 2423
1264850 2422
1264860 2421
1264870 2423
1264880 2422
1264890 2417
1264900 2416
1264910 2415
1264920 2413
1264930 2413
1264940 2409
1264950 2401
1264960 2393
1264970 2388
1264980 2386
1264990 2382
1265000 2378
1265010 2375
1265020 2374
1265030 2374
1265040 2373
1265050 2369
1265060 2367
1265070 2365
1265080 2364
1265090 2364
1265100 2366
1265110 2372
1265120 2371
1265130 2369
1265140 2366
1265150 2361
1265160 2357
1265170 2354
1265180 2351
1265190 2349
1265200 2348
1265210 2346
1265220 2346
1265230 2347
1265240 2348
1265250 2348
1265260 2347
1265270 2345
1265280 2345
1265290 2346
1265300 2347
1265310 2349
1265320 2352
1265330 2356
1265340 2356
1265350 2354
1265360 2351
1265370 2346
1265380 2342
1265390 2337
1265400 2333
1265410 2330
1265420 2328
1265430 2327
1265440 2326
1265450 2325
1265460 2322
1265470 2320
1265480 2318
1265490 2316
1265500 2314
1265510 2311
1265520 2308
1265530 2303
1265540 2297
1265550 2292
1265560 2288
1265570 2284
1265580 2281
1265590 2277
1265600 2275
1265610 2272
1265620 2269
1265630 2266
1265640 2263
1265650 2260
1265660 2257
1265670 2253
1265680 2250
1265690 2246
1265700 2242
1265710 2238
1265720 2234
1265730 2229
1265740 2225
1265750 2220
1265760 2215
1265770 2210
1265780 2205
1265790 2200
1265800 2195
1265810 2190
1265820 2185
1265830 2180
1265840 2175
1265850 2172
1265860 2170
1265870 2167
1265880 2165
1265890 2163
1265900 2160
1265910 2157
1265920 2153
1265930 2151
1265940 2149
1265950 2146
1265960 2144
1265970 2141
1265980 2138
1265990 2135
1266000 2133
1266010 2131
1266020 2129
1266030 2127
1266040 2126
1266050 2124
1266060 2122
1266070 2119
1266080 2115
1266090 2109
1266100 2103
1266110 2096
1266120 2089
1266130 2082
1266140 2076
1266150 2073
1266160 2067
1266170 2062
1266180 2056
1266190 2051
1266200 2046
1266210 2041
1266220 2036
1266230 2030
1266240 2024
1266250 2018
1266260 2013
1266270 2008
1266280 2002
1266290 1997
1266300 1991
1266310 1986
1266320 1980
1266330 1975
1266340 1968
1266350 1962
1266360 1957
1266370 1952
1266380 1948
1266390 1943
1266400 1939
1266410 1934
1266420 1930
1266430 1925
1266440 1920
1266450 1916
1266460 1911
1266470 1905
1266480 1900
1266490 1895
1266500 1891
1266510 1886
1266520 1882
1266530 1878
1266540 1873
1266550 1868
1266560 1863
1266570 1858
1266580 1853
1266590 1848
1266600 1843
1266610 1838
1266620 1834
1266630 1829
1266640 1824
1266650 1819
1266660 1815
1266670 1810
1266680 1803
1266690 1799
1266700 1794
1266710 1788
1266720 1784
1266730 1779
1266740 1775
1266750 1771
1266760 1767
1266770 1763
1266780 1759
1266790 1755
1266800 1750
1266810 1744
1266820 1743
1266830 1741
1266840 1736
1266850 1732
1266860 1728
1266870 1725
1266880 1721
1266890 1718
1266900 1714
1266910 1711
1266920 1707
1266930 1703
1266940 1701
1266950 1698
1266960 1694
1266970 1691
1266980 1687
1266990 1684
1267000 1681
1267010 1678
1267020 1675
1267030 1672
1267040 1669
1267050 1667
1267060 1664
1267070 1662
1267080 1660
1267090 1657
1267100 1655
1267110 1653
1267120 1652
1267130 1650
1267140 1648
1267150 1646
1267160 1644
1267170 1642
1267180 1641
1267190 1639
1267200 1637
1267210 1635
1267220 1634
1267230 1632
1267240 1630
1267250 1628
1267260 1626
1267270 1623
1267280 1621
1267290 1619
1267300 1617
1267310 1615
1267320 1613
1267330 1612
1267340 1609
1267350 1608
1267360 1606
1267370 1605
1267380 1603
1267390 1602
1267400 1601
1267410 1601
1267420 1601
1267430 1600
1267440 1600
1267450 1599
1267460 1599
1267470 1598
1267480 1598
1267490 1597
1267500 1597
1267510 1595
1267520 1595
1267530 1595
1267540 1594
1267550 1594
1267560 1592
1267570 1591
1267580 1589
1267590 1587
1267600 1585
1267610 1584
1267620 1582
1267630 1580
1267640 1579
1267650 1577
1267660 1575
1267670 1573
1267680 1572
1267690 1570
1267700 1569
1267710 1569
1267720 1568
1267730 1568
1267740 1568
1267750 1567
1267760 1568
1267770 1567
1267780 1567
1267790 1567
1267800 1566
1267810 1566
1267820 1565
1267830 1564
1267840 1563
1267850 1561
1267860 1559
1267870 1558
1267880 1557
1267890 1556
1267900 1556
1267910 1555
1267920 1555
1267930 1554
1267940 1554
1267950 1553
1267960 1552
1267970 1551
1267980 1551
1267990 1551
1268000 1551
1268010 1551
1268020 1550
1268030 1550
1268040 1550
1268050 1549
1268060 1549
1268070 1548
1268080 1547
1268090 1546
1268100 1545
1268110 1545
1268120 1544
1268130 1543
1268140 1542
1268150 1541
1268160 1539
1268170 1537
1268180 1536
1268190 1534
1268200 1532
1268210 1531
1268220 1529
1268230 1528
1268240 1526
1268250 1524
1268260 1523
1268270 1521
1268280 1518
1268290 1516
1268300 1513
1268310 1510
1268320 1507
1268330 1503
1268340 1499
1268350 1495
1268360 1499
1268370 1504
1268380 1509
1268390 1513
1268400 1517
1268410 1519
1268420 1521
1268430 1523
1268440 1524
1268450 1524
1268460 1526
1268470 1527
1268480 1528
1268490 1529
1268500 1530
1268510 1530
1268520 1530
1268530 1531
1268540 1532
1268550 1533
1268560 1534
1268570 1535
1268580 1537
1268590 1539
1268600 1542
1268610 1544
1268620 1545
1268630 1546
1268640 1546
1268650 1547
1268660 1548
1268670 1550
1268680 1553
1268690 1555
1268700 1557
1268710 1560
1268720 1563
1268730 1566
1268740 1570
1268750 1573
1268760 1576
1268770 1579
1268780 1581
1268790 1584
1268800 1587
1268810 1590
1268820 1592
1268830 1595
1268840 1598
1268850 1601
1268860 1604
1268870 1608
1268880 1612
1268890 1615
1268900 1618
1268910 1621
1268920 1624
1268930 1626
1268940 1629
1268950 1631
1268960 1633
1268970 1635
1268980 1636
1268990 1636
1269000 1636
1269010 1635
1269020 1634
1269030 1632
1269040 1630
1269050 1627
1269060 1626
1269070 1624
1269080 1622
1269090 1620
1269100 1618
1269110 1615
1269120 1614
1269130 1612
1269140 1610
1269150 1609
1269160 1609
1269170 1609
1269180 1610
1269190 1611
1269200 1613
1269210 1615
1269220 1617
1269230 1618
1269240 1619
1269250 1621
1269260 1622
1269270 1624
1269280 1625
1269290 1626
1269300 1627
1269310 1627
1269320 1628
1269330 1628
1269340 1629
1269350 1631
1269360 1632
1269370 1632
1269380 1632
1269390 1633
1269400 1633
1269410 1633
1269420 1633
1269430 1633
1269440 1632
1269450 1632
1269460 1631
1269470 1630
1269480 1629
1269490 1627
1269500 1625
1269510 1623
1269520 1622
1269530 1620
1269540 1619
1269550 1620
1269560 1619
1269570 1619
1269580 1618
1269590 1617
1269600 1616
1269610 1614
1269620 1611
1269630 1608
1269640 1605
1269650 1603
1269660 1600
1269670 1598
1269680 1597
1269690 1595
1269700 1593
1269710 1591
1269720 1588
1269730 1585
1269740 1581
1269750 1577
1269760 1574
1269770 1570
1269780 1567
1269790 1563
1269800 1560
1269810 1556
1269820 1553
1269830 1549
1269840 1545
1269850 1542
1269860 1538
1269870 1534
1269880 1530
1269890 1526
1269900 1522
1269910 1518
1269920 1514
1269930 1510
1269940 1506
1269950 1503
1269960 1499
1269970 1496
1269980 1493
1269990 1491
1270000 1489
1270010 1486
1270020 1482
1270030 1478
1270040 1475
1270050 1471
1270060 1466
1270070 1462
1270080 1458
1270090 1454
1270100 1449
1270110 1443
1270120 1438
1270130 1434
1270140 1429
1270150 1425
1270160 1420
1270170 1415
1270180 1411
1270190 1407
1270200 1402
1270210 1398
1270220 1393
1270230 1388
1270240 1383
1270250 1378
1270260 1373
1270270 1368
1270280 1363
1270290 1358
1270300 1354
1270310 1353
1270320 1352
1270330 1351
1270340 1352
1270350 1353
1270360 1355
1270370 1357
1270380 1360
1270390 1364
1270400 1368
1270410 1368
1270420 1369
1270430 1372
1270440 1376
1270450 1380
1270460 1383
1270470 1386
1270480 1389
1270490 1391
1270500 1392
1270510 1393
1270520 1393
1270530 1392
1270540 1391
1270550 1391
1270560 1390
1270570 1389
1270580 1388
1270590 1387
1270600 1386
1270610 1384
1270620 1382
1270630 1380
1270640 1377
1270650 1374
1270660 1370
1270670 1367
1270680 1364
1270690 1364
1270700 1364
1270710 1364
1270720 1365
1270730 1365
1270740 1365
1270750 1365
1270760 1364
1270770 1364
1270780 1362
1270790 1361
1270800 1360
1270810 1358
1270820 1357
1270830 1355
1270840 1354
1270850 1352
1270860 1350
1270870 1349
1270880 1348
1270890 1346
1270900 1345
1270910 1344
1270920 1342
1270930 1341
1270940 1340
1270950 1338
1270960 1336
1270970 1336
1270980 1336
1270990 1334
1271000 1333
1271010 1332
1271020 1331
1271030 1330
1271040 1329
1271050 1329
1271060 1328
1271070 1327
1271080 1326
1271090 1325
1271100 1324
1271110 1323
1271120 1322
1271130 1321
1271140 1320
1271150 1319
1271160 1319
1271170 1319
1271180 1317
1271190 1316
1271200 1315
1271210 1315
1271220 1314
1271230 1312
1271240 1309
1271250 1306
1271260 1304
1271270 1302
1271280 1302
1271290 1301
1271300 1300
1271310 1297
1271320 1295
1271330 1294
1271340 1292
1271350 1290
1271360 1288
1271370 1287
1271380 1285
1271390 1284
1271400 1282
1271410 1281
1271420 1280
1271430 1279
1271440 1279
1271450 1280
1271460 1281
1271470 1280
1271480 1280
1271490 1278
1271500 1277
1271510 1275
1271520 1273
1271530 1272
1271540 1271
1271550 1270
1271560 1268
1271570 1266
1271580 1265
1271590 1264
1271600 1263
1271610 1262
1271620 1261
1271630 1260
1271640 1259
1271650 1258
1271660 1258
1271670 1256
1271680 1255
1271690 1254
1271700 1253
1271710 1251
1271720 1251
1271730 1250
1271740 1249
1271750 1248
1271760 1247
1271770 1247
1271780 1246
1271790 1245
1271800 1245
1271810 1244
1271820 1244
1271830 1243
1271840 1243
1271850 1242
1271860 1242
1271870 1242
1271880 1241
1271890 1241
1271900 1240
1271910 1240
1271920 1240
1271930 1239
1271940 1239
1271950 1239
1271960 1239
1271970 1239
1271980 1237
1271990 1235
1272000 1234
1272010 1232
1272020 1231
1272030 1231
1272040 1231
1272050 1230
1272060 1230
1272070 1229
1272080 1229
1272090 1229
1272100 1229
1272110 1228
1272120 1228
1272130 1228
1272140 1227
1272150 1227
1272160 1227
1272170 1227
1272180 1226
1272190 1226
1272200 1226
1272210 1225
1272220 1225
1272230 1224
1272240 1223
1272250 1222
1272260 1221
1272270 1220
1272280 1220
1272290 1219
1272300 1218
1272310 1217
1272320 1216
1272330 1215
1272340 1214
1272350 1212
1272360 1212
1272370 1211
1272380 1209
1272390 1208
1272400 1206
1272410 1205
1272420 1204
1272430 1203
1272440 1201
1272450 1199
1272460 1198
1272470 1197
1272480 1195
1272490 1194
1272500 1192
1272510 1190
1272520 1189
1272530 1187
1272540 1186
1272550 1185
1272560 1183
1272570 1182
1272580 1180
1272590 1178
1272600 1177
1272610 1175
1272620 1174
1272630 1173
1272640 1172
1272650 1172
1272660 1171
1272670 1170
1272680 1169
1272690 1168
1272700 1165
1272710 1164
1272720 1163
1272730 1162
1272740 1162
1272750 1161
1272760 1161
1272770 1161
1272780 1161
1272790 1161
1272800 1161
1272810 1161
1272820 1161
1272830 1159
1272840 1158
1272850 1156
1272860 1155
1272870 1154
1272880 1154
1272890 1153
1272900 1151
1272910 1149
1272920 1148
1272930 1148
1272940 1147
1272950 1146
1272960 1144
1272970 1143
1272980 1142
1272990 1141
1273000 1140
1273010 1139
1273020 1138
1273030 1137
1273040 1135
1273050 1134
1273060 1133
1273070 1132
1273080 1132
1273090 1131
1273100 1130
1273110 1130
1273120 1130
1273130 1129
1273140 1129
1273150 1128
1273160 1128
1273170 1127
1273180 1127
1273190 1126
1273200 1126
1273210 1126
1273220 1126
1273230 1126
1273240 1127
1273250 1127
1273260 1126
1273270 1125
1273280 1124
1273290 1125
1273300 1125
1273310 1125
1273320 1126
1273330 1126
1273340 1127
1273350 1127
1273360 1126
1273370 1127
1273380 1127
1273390 1127
1273400 1127
1273410 1127
1273420 1126
1273430 1126
1273440 1125
1273450 1125
1273460 1125
1273470 1126
1273480 1126
1273490 1126
1273500 1127
1273510 1127
1273520 1128
1273530 1129
1273540 1129
1273550 1128
1273560 1127
1273570 1127
1273580 1127
1273590 1127
1273600 1126
1273610 1125
1273620 1124
1273630 1123
1273640 1121
1273650 1120
1273660 1118
1273670 1117
1273680 1116
1273690 1116
1273700 1115
1273710 1115
1273720 1115
1273730 1115
1273740 1114
1273750 1114
1273760 1113
1273770 1112
1273780 1112
1273790 1111
1273800 1110
1273810 1110
1273820 1110
1273830 1110
1273840 1109
1273850 1108
1273860 1107
1273870 1105
1273880 1104
1273890 1103
1273900 1103
1273910 1102
1273920 1101
1273930 1100
1273940 1100
1273950 1099
1273960 1099
1273970 1099
1273980 1099
1273990 1098
1274000 1098
1274010 1098
1274020 1097
1274030 1097
1274040 1097
1274050 1096
1274060 1096
1274070 1095
1274080 1095
1274090 1094
1274100 1094
1274110 1094
1274120 1093
1274130 1093
1274140 1092
1274150 1091
1274160 1091
1274170 1091
1274180 1092
1274190 1092
1274200 1092
1274210 1093
1274220 1094
1274230 1094
1274240 1094
1274250 1094
1274260 1095
1274270 1095
1274280 1095
1274290 1095
1274300 1095
1274310 1095
1274320 1095
1274330 1095
1274340 1095
1274350 1095
1274360 1094
1274370 1094
1274380 1094
1274390 1094
1274400 1093
1274410 1092
1274420 1092
1274430 1092
1274440 1092
1274450 1091
1274460 1090
1274470 1088
1274480 1086
1274490 1084
1274500 1083
1274510 1083
1274520 1083
1274530 1083
1274540 1083
1274550 1083
1274560 1083
1274570 1083
1274580 1082
1274590 1082
1274600 1082
1274610 1082
1274620 1082
1274630 1082
1274640 1081
1274650 1081
1274660 1080
1274670 1080
1274680 1081
1274690 1081
1274700 1082
1274710 1084
1274720 1085
1274730 1086
1274740 1087
1274750 1087
1274760 1087
1274770 1086
1274780 1086
1274790 1086
1274800 1087
1274810 1087
1274820 1088
1274830 1088
1274840 1088
1274850 1089
1274860 1090
1274870 1089
1274880 1089
1274890 1090
1274900 1090
1274910 1091
1274920 1090
1274930 1091
1274940 1091
1274950 1091
1274960 1090
1274970 1090
1274980 1090
1274990 1090
1275000 1089
1275010 1089
1275020 1089
1275030 1089
1275040 1090
1275050 1091
1275060 1093
1275070 1093
1275080 1092
1275090 1093
1275100 1094
1275110 1095
1275120 1096
1275130 1096
1275140 1097
1275150 1096
1275160 1095
1275170 1094
1275180 1095
1275190 1093
1275200 1092
1275210 1092
1275220 1092
1275230 1092
1275240 1091
1275250 1092
1275260 1094
1275270 1096
1275280 1095
1275290 1095
1275300 1095
1275310 1095
1275320 1096
1275330 1096
1275340 1094
1275350 1095
1275360 1096
1275370 1095
1275380 1095
1275390 1095
1275400 1095
1275410 1093
1275420 1092
1275430 1092
1275440 1092
1275450 1093
1275460 1093
1275470 1093
1275480 1093
1275490 1092
1275500 1092
1275510 1093
1275520 1093
1275530 1094
1275540 1094
1275550 1094
1275560 1095
1275570 1096
1275580 1097
1275590 1098
1275600 1099
1275610 1100
1275620 1100
1275630 1100
1275640 1101
1275650 1101
1275660 1102
1275670 1103
1275680 1104
1275690 1105
1275700 1107
1275710 1109
1275720 1110
1275730 1112
1275740 1113
1275750 1114
1275760 1115
1275770 1117
1275780 1119
1275790 1120
1275800 1122
1275810 1123
1275820 1124
1275830 1124
1275840 1124
1275850 1120
1275860 1117
1275870 1115
1275880 1118
1275890 1120
1275900 1123
1275910 1124
1275920 1124
1275930 1125
1275940 1125
1275950 1125
1275960 1125
1275970 1125
1275980 1125
1275990 1125
1276000 1125
1276010 1125
1276020 1125
1276030 1125
1276040 1125
1276050 1125
1276060 1124
1276070 1124
1276080 1124
1276090 1124
1276100 1124
1276110 1124
1276120 1124
1276130 1124
1276140 1124
1276150 1124
1276160 1124
1276170 1123
1276180 1123
1276190 1123
1276200 1123
1276210 1123
1276220 1123
1276230 1124
1276240 1124
1276250 1124
1276260 1124
1276270 1125
1276280 1125
1276290 1125
1276300 1125
1276310 1124
1276320 1124
1276330 1122
1276340 1121
1276350 1119
1276360 1117
1276370 1115
1276380 1114
1276390 1113
1276400 1111
1276410 1110
1276420 1108
1276430 1107
1276440 1106
1276450 1105
1276460 1103
1276470 1100
1276480 1098
1276490 1097
1276500 1096
1276510 1095
1276520 1094
1276530 1094
1276540 1094
1276550 1094
1276560 1093
1276570 1092
1276580 1090
1276590 1088
1276600 1086
1276610 1085
1276620 1085
1276630 1085
1276640 1084
1276650 1082
1276660 1078
1276670 1073
1276680 1069
1276690 1065
1276700 1061
1276710 1059
1276720 1059
1276730 1058
1276740 1056
1276750 1052
1276760 1051
1276770 1051
1276780 1051
1276790 1051
1276800 1050
1276810 1050
1276820 1049
1276830 1049
1276840 1050
1276850 1051
1276860 1051
1276870 1051
1276880 1051
1276890 1051
1276900 1051
1276910 1051
1276920 1051
1276930 1051
1276940 1051
1276950 1051
1276960 1051
1276970 1051
1276980 1051
1276990 1052
1277000 1052
1277010 1052
1277020 1052
1277030 1053
1277040 1053
1277050 1054
1277060 1054
1277070 1055
1277080 1056
1277090 1058
1277100 1060
1277110 1061
1277120 1063
1277130 1065
1277140 1067
1277150 1069
1277160 1073
1277170 1075
1277180 1076
1277190 1077
1277200 1078
1277210 1079
1277220 1081
1277230 1082
1277240 1084
1277250 1087
1277260 1089
1277270 1092
1277280 1095
1277290 1098
1277300 1102
1277310 1106
1277320 1111
1277330 1115
1277340 1118
1277350 1119
1277360 1120
1277370 1121
1277380 1123
1277390 1123
1277400 1124
1277410 1125
1277420 1127
1277430 1130
1277440 1133
1277450 1137
1277460 1140
1277470 1143
1277480 1147
1277490 1151
1277500 1155
1277510 1159
1277520 1162
1277530 1166
1277540 1170
1277550 1174
1277560 1178
1277570 1181
1277580 1184
1277590 1188
1277600 1191
1277610 1195
1277620 1199
1277630 1203
1277640 1206
1277650 1209
1277660 1212
1277670 1215
1277680 1219
1277690 1223
1277700 1226
1277710 1230
1277720 1233
1277730 1237
1277740 1241
1277750 1245
1277760 1249
1277770 1253
1277780 1256
1277790 1258
1277800 1259
1277810 1261
1277820 1264
1277830 1267
1277840 1271
1277850 1274
1277860 1276
1277870 1279
1277880 1281
1277890 1283
1277900 1285
1277910 1287
1277920 1290
1277930 1293
1277940 1295
1277950 1296
1277960 1297
1277970 1299
1277980 1301
1277990 1303
1278000 1304
1278010 1305
1278020 1305
1278030 1306
1278040 1306
1278050 1306
1278060 1307
1278070 1308
1278080 1309
1278090 1308
1278100 1304
1278110 1293
1278120 1285
1278130 1279
1278140 1277
1278150 1275
1278160 1272
1278170 1269
1278180 1267
1278190 1267
1278200 1268
1278210 1267
1278220 1265
1278230 1266
1278240 1267
1278250 1267
1278260 1265
1278270 1257
1278280 1250
1278290 1245
1278300 1244
1278310 1243
1278320 1243
1278330 1242
1278340 1241
1278350 1239
1278360 1237
1278370 1235
1278380 1231
1278390 1227
1278400 1222
1278410 1220
1278420 1222
1278430 1224
1278440 1226
1278450 1230
1278460 1231
1278470 1231
1278480 1229
1278490 1224
1278500 1221
1278510 1219
1278520 1218
1278530 1216
1278540 1214
1278550 1209
1278560 1208
1278570 1209
1278580 1212
1278590 1216
1278600 1219
1278610 1222
1278620 1226
1278630 1228
1278640 1230
1278650 1227
1278660 1223
1278670 1219
1278680 1216
1278690 1214
1278700 1210
1278710 1205
1278720 1205
1278730 1209
1278740 1215
1278750 1219
1278760 1223
1278770 1225
1278780 1227
1278790 1227
1278800 1229
1278810 1233
1278820 1237
1278830 1242
1278840 1245
1278850 1248
1278860 1251
1278870 1255
1278880 1257
1278890 1257
1278900 1251
1278910 1246
1278920 1243
1278930 1241
1278940 1240
1278950 1239
1278960 1238
1278970 1237
1278980 1236
1278990 1235
1279000 1234
1279010 1234
1279020 1234
1279030 1231
1279040 1228
1279050 1225
1279060 1222
1279070 1220
1279080 1219
1279090 1217
1279100 1216
1279110 1216
1279120 1213
1279130 1211
1279140 1210
1279150 1209
1279160 1210
1279170 1211
1279180 1212
1279190 1214
1279200 1215
1279210 1214
1279220 1214
1279230 1213
1279240 1212
1279250 1212
1279260 1212
1279270 1212
1279280 1213
1279290 1214
1279300 1215
1279310 1216
1279320 1217
1279330 1217
1279340 1217
1279350 1216
1279360 1214
1279370 1215
1279380 1217
1279390 1219
1279400 1217
1279410 1215
1279420 1213
1279430 1211
1279440 1209
1279450 1209
1279460 1210
1279470 1211
1279480 1211
1279490 1212
1279500 1213
1279510 1214
1279520 1215
1279530 1216
1279540 1217
1279550 1215
1279560 1216
1279570 1218
1279580 1220
1279590 1220
1279600 1222
1279610 1223
1279620 1225
1279630 1229
1279640 1233
1279650 1238
1279660 1243
1279670 1247
1279680 1251
1279690 1254
1279700 1258
1279710 1262
1279720 1266
1279730 1269
1279740 1273
1279750 1277
1279760 1280
1279770 1283
1279780 1287
1279790 1290
1279800 1293
1279810 1296
1279820 1300
1279830 1305
1279840 1311
1279850 1317
1279860 1323
1279870 1330
1279880 1335
1279890 1339
1279900 1342
1279910 1346
1279920 1350
1279930 1354
1279940 1358
1279950 1362
1279960 1366
1279970 1370
1279980 1375
1279990 1378
