1260000 2202.1
1260010 2202.1
1260020 2194.9
1260030 2186.8
1260040 2186.8
1260050 2179.3
1260060 2172.2
1260070 2172.2
1260080 2165.3
1260090 2158.4
1260100 2151.6
1260110 2151.6
1260120 2144.3
1260130 2136.1
1260140 2136.1
1260150 2128.2
1260160 2119.6
1260170 2119.6
1260180 2112.7
1260190 2106.1
1260200 2106.1
1260210 2099.8
1260220 2093.3
1260230 2093.3
1260240 2086.2
1260250 2078.9
1260260 2078.9
1260270 2071.4
1260280 2062.5
1260290 2062.5
1260300 2053.9
1260310 2046.3
1260320 2038.8
1260330 2038.8
1260340 2030.3
1260350 2022.3
1260360 2022.3
1260370 2013.9
1260380 2005.7
1260390 2005.7
1260400 1996.8
1260410 1987.5
1260420 1987.5
1260430 1979.3
1260440 1971.7
1260450 1971.7
1260460 1963.9
1260470 1955.9
1260480 1955.9
1260490 1949.0
1260500 1941.1
1260510 1941.1
1260520 1933.2
1260530 1927.2
1260540 1921.7
1260550 1921.7
1260560 1915.7
1260570 1909.1
1260580 1909.1
1260590 1902.9
1260600 1896.6
1260610 1896.6
1260620 1890.6
1260630 1884.1
1260640 1884.1
1260650 1878.1
1260660 1874.2
1260670 1874.2
1260680 1870.5
1260690 1866.5
1260700 1866.5
1260710 1863.9
1260720 1859.3
1260730 1859.3
1260740 1855.4
1260750 1853.0
1260760 1849.5
1260770 1849.5
1260780 1845.0
1260790 1832.4
1260800 1832.4
1260810 1830.6
1260820 1828.7
1260830 1828.7
1260840 1826.1
1260850 1822.8
1260860 1822.8
1260870 1817.8
1260880 1815.6
1260890 1815.6
1260900 1816.4
1260910 1815.3
1260920 1815.3
1260930 1814.2
1260940 1812.4
1260950 1812.4
1260960 1809.0
1260970 1803.9
1260980 1794.2
1260990 1794.2
1261000 1783.4
1261010 1773.3
1261020 1773.3
1261030 1763.6
1261040 1753.7
1261050 1753.7
1261060 1744.9
1261070 1738.0
1261080 1738.0
1261090 1734.2
1261100 1730.4
1261110 1730.4
1261120 1723.1
1261130 1713.2
1261140 1713.2
1261150 1704.2
1261160 1695.2
1261170 1695.2
1261180 1685.4
1261190 1678.8
1261200 1672.1
1261210 1672.1
1261220 1665.2
1261230 1656.4
1261240 1656.4
1261250 1648.0
1261260 1639.3
1261270 1639.3
1261280 1630.3
1261290 1622.3
1261300 1622.3
1261310 1614.9
1261320 1606.7
1261330 1606.7
1261340 1599.1
1261350 1591.1
1261360 1590.0
1261370 1582.2
1261380 1574.4
1261390 1574.4
1261400 1566.7
1261410 1559.1
1261420 1551.7
1261430 1551.7
1261440 1544.2
1261450 1536.3
1261460 1536.3
1261470 1528.7
1261480 1521.6
1261490 1521.6
1261500 1514.3
1261510 1507.4
1261520 1507.4
1261530 1501.0
1261540 1494.5
1261550 1494.5
1261560 1488.1
1261570 1480.8
1261580 1480.8
1261590 1473.1
1261600 1464.9
1261610 1464.9
1261620 1462.4
1261630 1462.7
1261640 1461.9
1261650 1461.9
1261660 1463.5
1261670 1465.2
1261680 1465.2
1261690 1466.3
1261700 1467.1
1261710 1467.1
1261720 1468.2
1261730 1467.8
1261740 1467.8
1261750 1469.0
1261760 1470.6
1261770 1470.6
1261780 1471.4
1261790 1471.8
1261800 1471.8
1261810 1470.9
1261820 1471.5
1261830 1471.5
1261840 1472.1
1261850 1473.3
1261860 1474.0
1261870 1474.0
1261880 1474.6
1261890 1476.1
1261900 1476.1
1261910 1476.7
1261920 1477.8
1261930 1480.4
1261940 1482.6
1261950 1485.2
1261960 1485.2
1261970 1487.8
1261980 1490.3
1261990 1490.3
1262000 1492.7
1262010 1495.3
1262020 1495.3
1262030 1499.6
1262040 1503.5
1262050 1503.5
1262060 1507.5
1262070 1511.6
1262080 1511.6
1262090 1516.2
1262100 1521.0
1262110 1526.2
1262120 1526.2
1262130 1532.0
1262140 1537.0
1262150 1537.0
1262160 1542.4
1262170 1548.1
1262180 1548.1
1262190 1553.5
1262200 1559.5
1262210 1559.5
1262220 1565.6
1262230 1571.8
1262240 1571.8
1262250 1578.1
1262260 1584.4
1262270 1584.4
1262280 1591.1
1262290 1597.4
1262300 1597.4
1262310 1603.5
1262320 1609.6
1262330 1615.6
1262340 1615.6
1262350 1621.9
1262360 1628.3
1262370 1628.3
1262380 1634.7
1262390 1640.9
1262400 1640.9
1262410 1647.1
1262420 1653.3
1262430 1653.3
1262440 1659.5
1262450 1665.6
1262460 1665.6
1262470 1671.8
1262480 1678.0
1262490 1678.0
1262500 1686.9
1262510 1693.2
1262520 1693.2
1262530 1699.8
1262540 1706.5
1262550 1713.3
1262560 1713.3
1262570 1719.8
1262580 1726.3
1262590 1726.3
1262600 1732.9
1262610 1739.4
1262620 1739.4
1262630 1746.1
1262640 1752.5
1262650 1752.5
1262660 1757.7
1262670 1761.6
1262680 1761.6
1262690 1767.0
1262700 1774.2
1262710 1774.2
1262720 1781.9
1262730 1789.7
1262740 1789.7
1262750 1797.3
1262760 1803.7
1262770 1809.5
1262780 1809.5
1262790 1815.3
1262800 1821.4
1262810 1821.4
1262820 1827.1
1262830 1833.0
1262840 1833.0
1262850 1839.6
1262860 1845.3
1262870 1845.3
1262880 1848.9
1262890 1852.5
1262900 1852.5
1262910 1862.7
1262920 1875.2
1262930 1875.2
1262940 1893.0
1262950 1912.9
1262960 1912.9
1262970 1926.5
1262980 1947.6
1262990 1959.3
1263000 1959.3
1263010 1972.0
1263020 1990.4
1263030 1990.4
1263040 2001.4
1263050 1996.2
1263060 1996.2
1263070 2006.2
1263080 2027.4
1263090 2027.4
1263100 2035.3
1263110 2045.9
1263120 2045.9
1263130 2077.6
1263140 2101.3
1263150 2101.3
1263160 2108.9
1263170 2121.5
1263180 2121.5
1263190 2142.4
1263200 2155.8
1263210 2153.6
1263220 2153.6
1263230 2153.9
1263240 2152.0
1263250 2152.0
1263260 2151.0
1263270 2150.0
1263280 2150.0
1263290 2147.3
1263300 2143.7
1263310 2143.7
1263320 2141.2
1263330 2137.9
1263340 2137.9
1263350 2134.4
1263360 2130.8
1263370 2130.8
1263380 2127.4
1263390 2124.6
1263400 2124.6
1263410 2121.9
1263420 2121.0
1263430 2121.6
1263440 2121.6
1263450 2125.3
1263460 2128.9
1263470 2128.9
1263480 2132.0
1263490 2135.2
1263500 2135.2
1263510 2139.6
1263520 2144.9
1263530 2144.9
1263540 2149.6
1263550 2153.9
1263560 2153.9
1263570 2157.2
1263580 2158.6
1263590 2158.6
1263600 2160.5
1263610 2163.7
1263620 2163.7
1263630 2168.7
1263640 2178.5
1263650 2182.2
1263660 2182.2
1263670 2187.0
1263680 2192.4
1263690 2192.4
1263700 2198.3
1263710 2200.6
1263720 2200.6
1263730 2203.2
1263740 2207.9
1263750 2207.9
1263760 2213.3
1263770 2218.8
1263780 2218.8
1263790 2224.3
1263800 2230.4
1263810 2230.4
1263820 2236.9
1263830 2243.3
1263840 2243.3
1263850 2250.0
1263860 2256.6
1263870 2262.4
1263880 2262.4
1263890 2268.1
1263900 2276.4
1263910 2276.4
1263920 2292.9
1263930 2311.1
1263940 2311.1
1263950 2328.4
1263960 2352.7
1263970 2352.7
1263980 2371.2
1263990 2384.8
1264000 2384.8
1264010 2397.8
1264020 2409.4
1264030 2409.4
1264040 2425.9
1264050 2440.1
1264060 2440.1
1264070 2452.9
1264080 2462.0
1264090 2471.4
1264100 2471.4
1264110 2479.0
1264120 2486.2
1264130 2486.2
1264140 2488.5
1264150 2481.0
1264160 2481.0
1264170 2472.8
1264180 2465.7
1264190 2465.7
1264200 2458.3
1264210 2450.9
1264220 2447.4
1264230 2439.9
1264240 2433.2
1264250 2433.2
1264260 2426.5
1264270 2420.6
1264280 2420.6
1264290 2414.0
1264300 2408.4
1264310 2401.5
1264320 2401.5
1264330 2394.3
1264340 2387.7
1264350 2387.7
1264360 2381.0
1264370 2374.5
1264380 2374.5
1264390 2370.2
1264400 2366.0
1264410 2366.0
1264420 2362.6
1264430 2358.6
1264440 2358.6
1264450 2354.6
1264460 2351.0
1264470 2351.0
1264480 2347.2
1264490 2344.6
1264500 2344.6
1264510 2341.7
1264520 2339.2
1264530 2337.1
1264540 2337.1
1264550 2335.2
1264560 2333.6
1264570 2333.6
1264580 2331.3
1264590 2328.7
1264600 2328.7
1264610 2328.4
1264620 2330.6
1264630 2330.6
1264640 2334.0
1264650 2337.4
1264660 2337.4
1264670 2340.1
1264680 2342.5
1264690 2342.5
1264700 2345.6
1264710 2348.8
1264720 2348.8
1264730 2351.6
1264740 2355.8
1264750 2369.3
1264760 2369.3
1264770 2376.3
1264780 2376.8
1264790 2364.7
1264800 2375.9
1264810 2386.3
1264820 2386.3
1264830 2384.4
1264840 2378.6
1264850 2378.6
1264860 2380.2
1264870 2381.4
1264880 2381.4
1264890 2382.3
1264900 2382.7
1264910 2382.7
1264920 2378.9
1264930 2379.6
1264940 2379.6
1264950 2382.9
1264960 2388.5
1264970 2391.3
1264980 2391.3
1264990 2391.5
1265000 2393.2
1265010 2393.2
1265020 2394.7
1265030 2392.9
1265040 2392.9
1265050 2392.4
1265060 2393.9
1265070 2393.9
1265080 2396.0
1265090 2399.5
1265100 2399.5
1265110 2402.7
1265120 2403.2
1265130 2403.2
1265140 2403.7
1265150 2405.6
1265160 2405.6
1265170 2403.4
1265180 2395.8
1265190 2391.8
1265200 2391.8
1265210 2390.0
1265220 2387.6
1265230 2387.6
1265240 2383.0
1265250 2380.0
1265260 2380.0
1265270 2377.6
1265280 2376.2
1265290 2376.2
1265300 2375.7
1265310 2376.4
1265320 2376.4
1265330 2376.6
1265340 2373.8
1265350 2373.8
1265360 2369.7
1265370 2366.2
1265380 2366.2
1265390 2358.9
1265400 2354.6
1265410 2354.6
1265420 2351.8
1265430 2349.5
1265440 2344.8
1265450 2344.8
1265460 2340.8
1265470 2337.7
1265480 2337.7
1265490 2334.3
1265500 2331.1
1265510 2331.1
1265520 2326.9
1265530 2320.7
1265540 2320.7
1265550 2313.1
1265560 2304.8
1265570 2304.8
1265580 2296.2
1265590 2288.0
1265600 2288.0
1265610 2281.1
1265620 2274.8
1265630 2274.8
1265640 2268.9
1265650 2263.5
1265660 2258.5
1265670 2258.5
1265680 2253.0
1265690 2245.3
1265700 2245.3
1265710 2238.2
1265720 2232.2
1265730 2232.2
1265740 2226.5
1265750 2219.6
1265760 2219.6
1265770 2211.7
1265780 2205.2
1265790 2205.2
1265800 2199.4
1265810 2193.8
1265820 2193.8
1265830 2189.4
1265840 2186.6
1265850 2186.6
1265860 2182.6
1265870 2178.1
1265880 2173.7
1265890 2173.7
1265900 2170.5
1265910 2168.7
1265920 2168.7
1265930 2167.1
1265940 2164.5
1265950 2163.6
1265960 2159.9
1265970 2156.0
1265980 2156.0
1265990 2151.9
1266000 2148.0
1266010 2148.0
1266020 2144.6
1266030 2140.0
1266040 2140.0
1266050 2134.7
1266060 2128.4
1266070 2128.4
1266080 2122.2
1266090 2116.4
1266100 2109.0
1266110 2109.0
1266120 2100.4
1266130 2091.7
1266140 2091.7
1266150 2084.1
1266160 2077.4
1266170 2077.4
1266180 2070.9
1266190 2063.2
1266200 2063.2
1266210 2055.6
1266220 2046.8
1266230 2046.8
1266240 2037.8
1266250 2028.5
1266260 2028.5
1266270 2019.4
1266280 2010.2
1266290 2010.2
1266300 2003.2
1266310 1996.2
1266320 1988.0
1266330 1988.0
1266340 1978.9
1266350 1968.1
1266360 1968.1
1266370 1960.0
1266380 1952.7
1266390 1952.7
1266400 1945.3
1266410 1938.2
1266420 1938.2
1266430 1930.7
1266440 1924.3
1266450 1924.3
1266460 1918.7
1266470 1911.9
1266480 1911.9
1266490 1903.9
1266500 1897.0
1266510 1897.0
1266520 1890.0
1266530 1886.2
1266540 1879.1
1266550 1879.1
1266560 1872.0
1266570 1865.2
1266580 1865.2
1266590 1857.4
1266600 1849.3
1266610 1849.3
1266620 1841.4
1266630 1833.0
1266640 1833.0
1266650 1824.3
1266660 1816.2
1266670 1816.2
1266680 1808.8
1266690 1803.3
1266700 1803.3
1266710 1797.5
1266720 1791.1
1266730 1791.1
1266740 1783.9
1266750 1777.0
1266760 1771.0
1266770 1771.0
1266780 1765.2
1266790 1759.2
1266800 1759.2
1266810 1753.6
1266820 1747.8
1266830 1747.8
1266840 1741.4
1266850 1735.7
1266860 1735.7
1266870 1730.1
1266880 1724.5
1266890 1724.5
1266900 1718.9
1266910 1713.8
1266920 1713.8
1266930 1709.0
1266940 1704.2
1266950 1704.2
1266960 1699.4
1266970 1694.9
1266980 1689.4
1266990 1689.4
1267000 1683.4
1267010 1678.4
1267020 1678.4
1267030 1674.0
1267040 1670.3
1267050 1670.3
1267060 1666.4
1267070 1662.8
1267080 1662.8
1267090 1659.0
1267100 1655.4
1267110 1656.0
1267120 1652.6
1267130 1649.0
1267140 1649.0
1267150 1645.9
1267160 1642.6
1267170 1642.6
1267180 1639.8
1267190 1636.6
1267200 1633.5
1267210 1633.5
1267220 1630.1
1267230 1626.6
1267240 1626.6
1267250 1623.2
1267260 1620.2
1267270 1620.2
1267280 1617.9
1267290 1615.5
1267300 1615.5
1267310 1613.1
1267320 1610.9
1267330 1610.9
1267340 1608.7
1267350 1605.9
1267360 1605.9
1267370 1603.1
1267380 1600.5
1267390 1600.5
1267400 1597.9
1267410 1594.6
1267420 1591.1
1267430 1591.1
1267440 1588.4
1267450 1585.9
1267460 1585.9
1267470 1583.5
1267480 1581.4
1267490 1581.4
1267500 1579.0
1267510 1576.7
1267520 1576.7
1267530 1575.0
1267540 1573.7
1267550 1573.7
1267560 1572.7
1267570 1572.1
1267580 1572.1
1267590 1569.6
1267600 1567.3
1267610 1567.3
1267620 1566.7
1267630 1564.8
1267640 1563.3
1267650 1563.3
1267660 1561.1
1267670 1558.3
1267680 1558.3
1267690 1557.3
1267700 1552.4
1267710 1552.4
1267720 1552.2
1267730 1551.2
1267740 1551.2
1267750 1549.8
1267760 1548.2
1267770 1548.2
1267780 1546.8
1267790 1546.4
1267800 1546.4
1267810 1546.0
1267820 1545.7
1267830 1545.7
1267840 1544.7
1267850 1542.7
1267860 1540.8
1267870 1540.8
1267880 1538.4
1267890 1536.2
1267900 1536.2
1267910 1534.8
1267920 1534.2
1267930 1534.2
1267940 1533.6
1267950 1532.7
1267960 1532.7
1267970 1532.4
1267980 1532.3
1267990 1532.3
1268000 1531.0
1268010 1529.5
1268020 1529.5
1268030 1528.1
1268040 1527.0
1268050 1527.0
1268060 1526.2
1268070 1525.3
1268080 1524.3
1268090 1524.3
1268100 1522.7
1268110 1521.1
1268120 1521.1
1268130 1519.5
1268140 1518.1
1268150 1518.1
1268160 1516.4
1268170 1514.4
1268180 1514.4
1268190 1512.3
1268200 1510.4
1268210 1510.4
1268220 1509.0
1268230 1507.9
1268240 1507.9
1268250 1507.5
1268260 1506.4
1268270 1506.4
1268280 1499.0
1268290 1494.7
1268300 1487.6
1268310 1487.6
1268320 1481.3
1268330 1487.5
1268340 1487.5
1268350 1496.5
1268360 1500.1
1268370 1500.1
1268380 1500.4
1268390 1501.2
1268400 1501.2
1268410 1503.2
1268420 1506.2
1268430 1506.2
1268440 1509.1
1268450 1512.1
1268460 1512.1
1268470 1514.8
1268480 1512.9
1268490 1512.9
1268500 1511.1
1268510 1510.3
1268520 1511.3
1268530 1511.3
1268540 1511.8
1268550 1510.5
1268560 1510.5
1268570 1511.1
1268580 1513.7
1268590 1513.7
1268600 1516.1
1268610 1518.1
1268620 1518.1
1268630 1520.7
1268640 1524.0
1268650 1524.0
1268660 1526.8
1268670 1529.3
1268680 1529.3
1268690 1532.4
1268700 1536.8
1268710 1536.8
1268720 1541.9
1268730 1547.2
1268740 1550.5
1268750 1550.5
1268760 1552.7
1268770 1555.3
1268780 1555.3
1268790 1558.6
1268800 1562.4
1268810 1562.4
1268820 1568.1
1268830 1575.2
1268840 1575.2
1268850 1582.6
1268860 1588.0
1268870 1582.8
1268880 1585.4
1268890 1587.6
1268900 1587.6
1268910 1589.9
1268920 1593.3
1268930 1593.3
1268940 1597.8
1268950 1601.3
1268960 1602.3
1268970 1602.3
1268980 1602.8
1268990 1603.0
1269000 1603.0
1269010 1603.3
1269020 1604.6
1269030 1604.6
1269040 1603.4
1269050 1602.1
1269060 1602.1
1269070 1598.7
1269080 1594.7
1269090 1594.7
1269100 1590.9
1269110 1588.1
1269120 1588.1
1269130 1586.1
1269140 1583.5
1269150 1583.5
1269160 1582.4
1269170 1583.5
1269180 1583.5
1269190 1584.3
1269200 1586.6
1269210 1590.2
1269220 1590.2
1269230 1594.5
1269240 1597.9
1269250 1597.9
1269260 1599.7
1269270 1601.0
1269280 1601.0
1269290 1602.4
1269300 1603.9
1269310 1603.9
1269320 1605.5
1269330 1607.3
1269340 1607.3
1269350 1609.9
1269360 1611.4
1269370 1611.4
1269380 1612.1
1269390 1612.8
1269400 1612.8
1269410 1612.9
1269420 1612.3
1269430 1611.7
1269440 1611.7
1269450 1611.3
1269460 1603.9
1269470 1603.9
1269480 1601.9
1269490 1599.8
1269500 1599.8
1269510 1597.9
1269520 1596.2
1269530 1596.2
1269540 1594.4
1269550 1592.7
1269560 1592.7
1269570 1591.9
1269580 1591.2
1269590 1591.2
1269600 1590.2
1269610 1588.1
1269620 1588.1
1269630 1585.7
1269640 1583.4
1269650 1580.8
1269660 1580.8
1269670 1578.0
1269680 1575.0
1269690 1575.0
1269700 1571.9
1269710 1568.9
1269720 1568.9
1269730 1566.4
1269740 1563.3
1269750 1563.3
1269760 1558.8
1269770 1553.1
1269780 1553.1
1269790 1547.3
1269800 1541.6
1269810 1541.6
1269820 1535.9
1269830 1530.4
1269840 1530.4
1269850 1524.6
1269860 1519.6
1269870 1514.9
1269880 1514.9
1269890 1509.8
1269900 1505.2
1269910 1505.2
1269920 1500.4
1269930 1495.4
1269940 1495.4
1269950 1490.5
1269960 1485.2
1269970 1485.2
1269980 1479.7
1269990 1474.6
1270000 1474.6
1270010 1469.8
1270020 1465.1
1270030 1465.1
1270040 1461.2
1270050 1452.8
1270060 1452.8
1270070 1449.8
1270080 1445.9
1270090 1442.2
1270100 1442.2
1270110 1438.0
1270120 1433.2
1270130 1433.2
1270140 1428.0
1270150 1422.1
1270160 1422.1
1270170 1416.4
1270180 1411.6
1270190 1411.6
1270200 1406.8
1270210 1400.6
1270220 1400.6
1270230 1394.0
1270240 1386.9
1270250 1386.9
1270260 1379.7
1270270 1372.5
1270280 1372.5
1270290 1365.4
1270300 1357.8
1270310 1349.9
1270320 1349.9
1270330 1342.6
1270340 1337.5
1270350 1337.5
1270360 1335.3
1270370 1335.0
1270380 1335.0
1270390 1337.5
1270400 1341.4
1270410 1341.4
1270420 1345.9
1270430 1350.3
1270440 1350.3
1270450 1354.8
1270460 1358.6
1270470 1358.6
1270480 1361.8
1270490 1365.4
1270500 1365.4
1270510 1370.1
1270520 1374.4
1270530 1377.5
1270540 1377.5
1270550 1379.0
1270560 1376.0
1270570 1376.0
1270580 1372.8
1270590 1369.6
1270600 1369.6
1270610 1366.2
1270620 1363.3
1270630 1363.3
1270640 1355.3
1270650 1352.4
1270660 1352.4
1270670 1348.3
1270680 1343.2
1270690 1343.2
1270700 1339.0
1270710 1335.6
1270720 1335.6
1270730 1333.9
1270740 1332.9
1270750 1333.1
1270760 1333.1
1270770 1333.2
1270780 1332.6
1270790 1332.6
1270800 1331.3
1270810 1329.2
1270820 1329.2
1270830 1326.5
1270840 1324.5
1270850 1324.5
1270860 1322.3
1270870 1320.2
1270880 1320.2
1270890 1318.3
1270900 1316.7
1270910 1316.7
1270920 1315.5
1270930 1314.7
1270940 1314.7
1270950 1314.1
1270960 1312.5
1270970 1309.8
1270980 1309.8
1270990 1309.3
1271000 1307.8
1271010 1307.8
1271020 1305.2
1271030 1303.2
1271040 1303.2
1271050 1301.4
1271060 1299.8
1271070 1299.8
1271080 1298.9
1271090 1298.5
1271100 1298.5
1271110 1298.7
1271120 1298.8
1271130 1298.8
1271140 1298.1
1271150 1296.2
1271160 1296.2
1271170 1296.4
1271180 1294.4
1271190 1292.5
1271200 1292.5
1271210 1291.3
1271220 1290.0
1271230 1290.0
1271240 1284.2
1271250 1281.7
1271260 1281.7
1271270 1279.4
1271280 1278.8
1271290 1278.8
1271300 1278.2
1271310 1276.9
1271320 1276.9
1271330 1275.8
1271340 1274.7
1271350 1274.7
1271360 1273.7
1271370 1272.9
1271380 1272.9
1271390 1270.6
1271400 1267.2
1271410 1263.6
1271420 1263.6
1271430 1261.8
1271440 1261.5
1271450 1261.5
1271460 1261.2
1271470 1259.5
1271480 1259.5
1271490 1257.4
1271500 1256.5
1271510 1256.5
1271520 1254.3
1271530 1251.6
1271540 1251.6
1271550 1250.2
1271560 1248.9
1271570 1248.9
1271580 1247.0
1271590 1245.3
1271600 1245.3
1271610 1244.2
1271620 1243.5
1271630 1242.9
1271640 1242.9
1271650 1242.3
1271660 1241.6
1271670 1241.6
1271680 1240.9
1271690 1240.3
1271700 1240.3
1271710 1239.7
1271720 1239.2
1271730 1239.2
1271740 1238.2
1271750 1237.4
1271760 1237.4
1271770 1236.8
1271780 1236.3
1271790 1236.3
1271800 1236.5
1271810 1237.1
1271820 1237.1
1271830 1236.2
1271840 1236.7
1271850 1237.1
1271860 1237.1
1271870 1236.9
1271880 1235.2
1271890 1235.2
1271900 1232.2
1271910 1229.9
1271920 1229.9
1271930 1229.2
1271940 1228.8
1271950 1228.8
1271960 1228.1
1271970 1227.6
1271980 1227.6
1271990 1227.2
1272000 1226.7
1272010 1226.7
1272020 1226.4
1272030 1226.0
1272040 1226.0
1272050 1225.6
1272060 1225.1
1272070 1224.4
1272080 1224.4
1272090 1223.4
1272100 1221.9
1272110 1221.9
1272120 1219.9
1272130 1217.9
1272140 1217.9
1272150 1215.8
1272160 1213.8
1272170 1213.8
1272180 1212.4
1272190 1211.8
1272200 1211.8
1272210 1211.3
1272220 1210.2
1272230 1210.2
1272240 1209.0
1272250 1208.4
1272260 1208.4
1272270 1208.1
1272280 1208.1
1272290 1208.2
1272300 1208.2
1272310 1208.7
1272320 1207.9
1272330 1207.9
1272340 1205.7
1272350 1203.6
1272360 1203.6
1272370 1201.5
1272380 1199.2
1272390 1199.2
1272400 1196.8
1272410 1194.5
1272420 1194.5
1272430 1190.0
1272440 1188.2
1272450 1188.2
1272460 1186.1
1272470 1183.8
1272480 1183.8
1272490 1181.4
1272500 1179.6
1272510 1178.7
1272520 1178.7
1272530 1178.3
1272540 1176.5
1272550 1176.5
1272560 1174.0
1272570 1172.1
1272580 1172.1
1272590 1170.7
1272600 1168.4
1272610 1168.4
1272620 1166.2
1272630 1165.0
1272640 1165.0
1272650 1163.0
1272660 1160.4
1272670 1160.4
1272680 1158.8
1272690 1157.6
1272700 1157.6
1272710 1156.0
1272720 1154.4
1272730 1153.1
1272740 1153.1
1272750 1152.7
1272760 1152.5
1272770 1152.5
1272780 1152.0
1272790 1151.1
1272800 1151.1
1272810 1150.2
1272820 1149.0
1272830 1149.0
1272840 1148.3
1272850 1148.6
1272860 1148.6
1272870 1147.3
1272880 1145.2
1272890 1145.2
1272900 1142.4
1272910 1139.2
1272920 1139.2
1272930 1136.9
1272940 1135.6
1272950 1134.0
1272960 1134.0
1272970 1133.1
1272980 1132.1
1272990 1132.1
1273000 1131.3
1273010 1130.2
1273020 1130.2
1273030 1128.2
1273040 1127.9
1273050 1127.9
1273060 1127.0
1273070 1125.1
1273080 1125.1
1273090 1122.4
1273100 1121.6
1273110 1121.6
1273120 1120.5
1273130 1119.7
1273140 1119.7
1273150 1120.5
1273160 1120.4
1273170 1120.4
1273180 1119.4
1273190 1118.7
1273200 1118.8
1273210 1118.8
1273220 1120.8
1273230 1120.9
1273240 1120.9
1273250 1120.2
1273260 1119.5
1273270 1119.5
1273280 1118.7
1273290 1117.5
1273300 1117.5
1273310 1115.7
1273320 1114.7
1273330 1114.7
1273340 1114.2
1273350 1113.9
1273360 1113.9
1273370 1114.0
1273380 1115.1
1273390 1115.1
1273400 1117.2
1273410 1118.0
1273420 1117.7
1273430 1117.7
1273440 1117.4
1273450 1117.2
1273460 1117.2
1273470 1117.1
1273480 1117.4
1273490 1117.4
1273500 1117.7
1273510 1118.9
1273520 1118.9
1273530 1120.0
1273540 1119.7
1273550 1119.7
1273560 1119.0
1273570 1118.4
1273580 1118.4
1273590 1118.3
1273600 1118.8
1273610 1118.8
1273620 1117.7
1273630 1112.3
1273640 1109.7
1273650 1109.7
1273660 1108.8
1273670 1108.2
1273680 1108.2
1273690 1107.5
1273700 1107.0
1273710 1107.0
1273720 1106.4
1273730 1106.1
1273740 1106.1
1273750 1105.5
1273760 1104.0
1273770 1104.0
1273780 1101.9
1273790 1100.1
1273800 1100.1
1273810 1099.3
1273820 1099.1
1273830 1099.1
1273840 1099.1
1273850 1099.5
1273860 1100.2
1273870 1100.2
1273880 1099.7
1273890 1099.7
1273900 1099.7
1273910 1099.5
1273920 1099.2
1273930 1099.2
1273940 1098.8
1273950 1098.4
1273960 1098.4
1273970 1098.0
1273980 1097.7
1273990 1097.7
1274000 1097.7
1274010 1097.3
1274020 1097.3
1274030 1096.8
1274040 1095.9
1274050 1095.9
1274060 1095.3
1274070 1095.0
1274080 1095.1
1274090 1095.1
1274100 1096.0
1274110 1097.6
1274120 1097.6
1274130 1098.2
1274140 1098.8
1274150 1098.8
1274160 1099.2
1274170 1099.5
1274180 1099.5
1274190 1100.1
1274200 1100.5
1274210 1100.5
1274220 1100.9
1274230 1102.0
1274240 1102.0
1274250 1101.9
1274260 1102.2
1274270 1102.2
1274280 1102.7
1274290 1102.8
1274300 1102.4
1274310 1102.4
1274320 1102.5
1274330 1102.7
1274340 1102.7
1274350 1102.9
1274360 1103.8
1274370 1103.8
1274380 1103.7
1274390 1103.2
1274400 1103.2
1274410 1102.6
1274420 1101.9
1274430 1101.9
1274440 1100.4
1274450 1100.2
1274460 1100.2
1274470 1099.5
1274480 1097.9
1274490 1097.9
1274500 1096.7
1274510 1095.2
1274520 1093.8
1274530 1093.8
1274540 1092.2
1274550 1091.5
1274560 1091.5
1274570 1090.8
1274580 1090.8
1274590 1090.8
1274600 1091.3
1274610 1091.1
1274620 1091.1
1274630 1091.0
1274640 1091.3
1274650 1091.3
1274660 1093.6
1274670 1095.8
1274680 1095.8
1274690 1096.3
1274700 1096.1
1274710 1096.1
1274720 1095.9
1274730 1094.5
1274740 1093.7
1274750 1093.7
1274760 1093.4
1274770 1093.4
1274780 1093.4
1274790 1094.0
1274800 1094.8
1274810 1094.8
1274820 1095.4
1274830 1098.2
1274840 1098.2
1274850 1099.6
1274860 1100.3
1274870 1100.3
1274880 1100.7
1274890 1101.2
1274900 1101.2
1274910 1102.1
1274920 1102.7
1274930 1102.7
1274940 1102.3
1274950 1101.4
1274960 1100.7
1274970 1100.7
1274980 1100.6
1274990 1103.8
1275000 1103.8
1275010 1108.3
1275020 1108.7
1275030 1108.7
1275040 1106.8
1275050 1107.0
1275060 1107.0
1275070 1108.2
1275080 1108.3
1275090 1108.3
1275100 1109.2
1275110 1110.1
1275120 1110.1
1275130 1109.1
1275140 1108.7
1275150 1108.7
1275160 1108.9
1275170 1111.3
1275180 1115.1
1275190 1115.1
1275200 1116.3
1275210 1116.8
1275220 1116.8
1275230 1116.8
1275240 1117.2
1275250 1117.2
1275260 1117.0
1275270 1115.6
1275280 1115.6
1275290 1113.1
1275300 1111.8
1275310 1111.8
1275320 1111.2
1275330 1111.0
1275340 1111.0
1275350 1110.1
1275360 1109.9
1275370 1109.9
1275380 1109.9
1275390 1109.0
1275400 1107.8
1275410 1107.8
1275420 1106.8
1275430 1105.5
1275440 1107.4
1275450 1107.5
1275460 1108.8
1275470 1108.8
1275480 1110.1
1275490 1110.7
1275500 1110.7
1275510 1110.9
1275520 1112.3
1275530 1112.3
1275540 1113.2
1275550 1114.7
1275560 1114.7
1275570 1117.6
1275580 1121.0
1275590 1121.0
1275600 1123.5
1275610 1125.6
1275620 1125.5
1275630 1125.5
1275640 1123.3
1275650 1121.0
1275660 1121.0
1275670 1121.1
1275680 1123.0
1275690 1123.0
1275700 1126.4
1275710 1130.7
1275720 1130.7
1275730 1134.3
1275740 1136.0
1275750 1136.0
1275760 1135.7
1275770 1133.8
1275780 1133.8
1275790 1131.7
1275800 1130.1
1275810 1130.1
1275820 1128.9
1275830 1128.2
1275840 1127.9
1275850 1127.9
1275860 1127.8
1275870 1127.7
1275880 1127.7
1275890 1127.9
1275900 1128.3
1275910 1128.3
1275920 1128.6
1275930 1128.6
1275940 1128.6
1275950 1128.8
1275960 1129.1
1275970 1129.1
1275980 1128.9
1275990 1128.5
1276000 1128.5
1276010 1128.1
1276020 1127.7
1276030 1127.7
1276040 1127.4
1276050 1128.0
1276060 1128.0
1276070 1128.0
1276080 1127.9
1276090 1127.7
1276100 1127.7
1276110 1127.5
1276120 1127.3
1276130 1127.3
1276140 1127.0
1276150 1126.1
1276160 1126.1
1276170 1125.7
1276180 1126.4
1276190 1126.4
1276200 1127.0
1276210 1126.9
1276220 1126.9
1276230 1126.4
1276240 1126.1
1276250 1126.1
1276260 1125.8
1276270 1125.6
1276280 1125.5
1276290 1125.5
1276300 1125.4
1276310 1125.2
1276320 1125.2
1276330 1124.7
1276340 1123.9
1276350 1123.9
1276360 1122.3
1276370 1120.4
1276380 1120.4
1276390 1118.4
1276400 1116.5
1276410 1116.5
1276420 1114.7
1276430 1113.2
1276440 1113.2
1276450 1111.8
1276460 1110.1
1276470 1110.1
1276480 1107.8
1276490 1105.8
1276500 1104.2
1276510 1104.2
1276520 1103.1
1276530 1102.7
1276540 1102.7
1276550 1101.4
1276560 1098.8
1276570 1098.8
1276580 1096.0
1276590 1091.6
1276600 1091.6
1276610 1088.1
1276620 1086.4
1276630 1086.4
1276640 1086.2
1276650 1085.2
1276660 1085.1
1276670 1082.9
1276680 1077.6
1276690 1077.6
1276700 1071.2
1276710 1065.2
1276720 1061.5
1276730 1061.5
1276740 1060.9
1276750 1058.1
1276760 1058.1
1276770 1052.8
1276780 1051.7
1276790 1051.7
1276800 1051.5
1276810 1051.5
1276820 1051.5
1276830 1051.5
1276840 1051.7
1276850 1051.7
1276860 1051.7
1276870 1050.1
1276880 1050.1
1276890 1049.8
1276900 1051.3
1276910 1051.3
1276920 1052.2
1276930 1052.4
1276940 1052.4
1276950 1052.4
1276960 1052.4
1276970 1052.6
1276980 1052.6
1276990 1052.7
1277000 1052.8
1277010 1052.8
1277020 1052.8
1277030 1053.0
1277040 1053.0
1277050 1053.1
1277060 1053.3
1277070 1053.3
1277080 1053.8
1277090 1054.6
1277100 1054.6
1277110 1055.6
1277120 1057.0
1277130 1057.0
1277140 1059.1
1277150 1062.6
1277160 1065.1
1277170 1065.1
1277180 1068.5
1277190 1074.0
1277200 1074.0
1277210 1076.0
1277220 1077.4
1277230 1077.4
1277240 1079.3
1277250 1081.3
1277260 1081.3
1277270 1082.5
1277280 1085.8
1277290 1085.8
1277300 1091.3
1277310 1096.9
1277320 1096.9
1277330 1102.1
1277340 1107.2
1277350 1107.2
1277360 1112.1
1277370 1116.9
1277380 1116.9
1277390 1119.7
1277400 1121.3
1277410 1122.7
1277420 1122.7
1277430 1124.1
1277440 1126.0
1277450 1126.0
1277460 1128.4
1277470 1131.5
1277480 1131.5
1277490 1136.4
1277500 1141.9
1277510 1141.9
1277520 1147.2
1277530 1152.6
1277540 1152.6
1277550 1156.9
1277560 1162.0
1277570 1162.0
1277580 1167.3
1277590 1172.0
1277600 1172.0
1277610 1176.6
1277620 1181.4
1277630 1186.3
1277640 1186.3
1277650 1191.5
1277660 1196.5
1277670 1196.5
1277680 1201.4
1277690 1206.9
1277700 1206.9
1277710 1212.4
1277720 1218.1
1277730 1218.1
1277740 1223.3
1277750 1227.4
1277760 1227.4
1277770 1231.2
1277780 1234.7
1277790 1234.7
1277800 1238.1
1277810 1241.2
1277820 1241.2
1277830 1244.4
1277840 1248.2
1277850 1252.9
1277860 1252.9
1277870 1257.5
1277880 1257.5
1277890 1257.5
1277900 1261.6
1277910 1265.4
1277920 1265.4
1277930 1268.7
1277940 1271.4
1277950 1271.4
1277960 1273.3
1277970 1274.2
1277980 1274.2
1277990 1275.1
1278000 1275.5
1278010 1275.5
1278020 1274.5
1278030 1274.2
1278040 1274.2
1278050 1274.5
1278060 1274.5
1278070 1273.4
1278080 1273.4
1278090 1271.7
1278100 1267.9
1278110 1267.9
1278120 1261.4
1278130 1250.0
1278140 1250.0
1278150 1243.5
1278160 1239.8
1278170 1239.8
1278180 1238.6
1278190 1234.7
1278200 1234.7
1278210 1231.8
1278220 1232.3
1278230 1232.3
1278240 1235.3
1278250 1235.2
1278260 1235.2
1278270 1224.4
1278280 1215.2
1278290 1212.4
1278300 1212.4
1278310 1211.6
1278320 1211.0
1278330 1211.0
1278340 1210.4
1278350 1210.2
1278360 1210.2
1278370 1209.0
1278380 1207.1
1278390 1207.1
1278400 1204.9
1278410 1201.8
1278420 1201.8
1278430 1197.8
1278440 1195.2
1278450 1195.2
1278460 1196.3
1278470 1195.9
1278480 1195.9
1278490 1190.7
1278500 1188.9
1278510 1188.1
1278520 1188.1
1278530 1187.3
1278540 1187.3
1278550 1187.3
1278560 1188.0
1278570 1187.4
1278580 1187.4
1278590 1187.3
1278600 1189.3
1278610 1189.3
1278620 1192.6
1278630 1196.0
1278640 1196.0
1278650 1199.2
1278660 1199.1
1278670 1199.1
1278680 1188.6
1278690 1186.4
1278700 1186.4
1278710 1191.1
1278720 1195.3
1278730 1199.3
1278740 1199.3
1278750 1204.1
1278760 1207.1
1278770 1207.1
1278780 1209.5
1278790 1210.2
1278800 1210.2
1278810 1211.7
1278820 1213.6
1278830 1213.6
1278840 1213.9
1278850 1213.2
1278860 1213.2
1278870 1212.7
1278880 1212.9
1278890 1212.9
1278900 1212.2
1278910 1211.6
1278920 1211.6
1278930 1211.1
1278940 1210.3
1278950 1209.3
1278960 1209.3
1278970 1209.1
1278980 1208.4
1278990 1208.4
1279000 1206.8
1279010 1205.4
1279020 1205.4
1279030 1204.5
1279040 1202.0
1279050 1202.0
1279060 1197.4
1279070 1194.7
1279080 1194.7
1279090 1194.0
1279100 1192.5
1279110 1188.0
1279120 1189.0
1279130 1189.1
1279140 1189.1
1279150 1190.0
1279160 1190.5
1279170 1190.9
1279180 1190.9
1279190 1190.5
1279200 1190.3
1279210 1190.3
1279220 1190.3
1279230 1190.9
1279240 1190.9
1279250 1192.2
1279260 1193.8
1279270 1193.8
1279280 1195.5
1279290 1197.4
1279300 1197.4
1279310 1199.4
1279320 1200.7
1279330 1200.7
1279340 1201.6
1279350 1202.2
1279360 1202.2
1279370 1201.6
1279380 1201.3
1279390 1201.7
1279400 1201.7
1279410 1201.4
1279420 1201.8
1279430 1201.8
1279440 1204.2
1279450 1206.1
1279460 1206.1
1279470 1208.6
1279480 1210.6
1279490 1210.6
1279500 1212.5
1279510 1215.5
1279520 1215.5
1279530 1219.4
1279540 1223.6
1279550 1223.6
1279560 1226.0
1279570 1229.3
1279580 1229.3
1279590 1235.5
1279600 1240.8
1279610 1247.5
1279620 1247.5
1279630 1255.2
1279640 1257.3
1279650 1257.3
1279660 1257.4
1279670 1261.2
1279680 1261.2
1279690 1267.4
1279700 1274.0
1279710 1274.0
1279720 1281.1
1279730 1291.7
1279740 1291.7
1279750 1299.9
1279760 1307.1
1279770 1307.1
1279780 1313.1
1279790 1317.6
1279800 1317.6
1279810 1322.2
1279820 1326.1
1279830 1331.1
1279840 1331.1
1279850 1336.8
1279860 1342.2
1279870 1342.2
1279880 1348.4
1279890 1355.4
1279900 1355.4
1279910 1364.0
1279920 1371.3
1279930 1371.3
1279940 1377.4
1279950 1382.0
1279960 1382.0
1279970 1387.1
1279980 1394.4
1279990 1394.4
1260000 2202
1260010 2198
1260020 2193
1260030 2187
1260040 2182
1260050 2177
1260060 2172
1260070 2168
1260080 2163
1260090 2159
1260100 2154
1260110 2149
1260120 2144
1260130 2139
1260140 2134
1260150 2128
1260160 2122
1260170 2116
1260180 2112
1260190 2108
1260200 2103
1260210 2099
1260220 2094
1260230 2089
1260240 2085
1260250 2079
1260260 2074
1260270 2068
1260280 2062
1260290 2057
1260300 2051
1260310 2047
1260320 2041
1260330 2036
1260340 2031
1260350 2025
1260360 2020
1260370 2014
1260380 2008
1260390 2002
1260400 1995
1260410 1988
1260420 1982
1260430 1977
1260440 1972
1260450 1967
1260460 1962
1260470 1957
1260480 1952
1260490 1947
1260500 1942
1260510 1936
1260520 1932
1260530 1928
1260540 1925
1260550 1921
1260560 1917
1260570 1912
1260580 1908
1260590 1904
1260600 1899
1260610 1895
1260620 1890
1260630 1885
1260640 1881
1260650 1877
1260660 1874
1260670 1871
1260680 1869
1260690 1867
1260700 1864
1260710 1861
1260720 1858
1260730 1855
1260740 1853
1260750 1851
1260760 1849
1260770 1846
1260780 1843
1260790 1840
1260800 1838
1260810 1836
1260820 1834
1260830 1832
1260840 1830
1260850 1827
1260860 1824
1260870 1820
1260880 1820
1260890 1820
1260900 1820
1260910 1819
1260920 1818
1260930 1817
1260940 1814
1260950 1812
1260960 1809
1260970 1804
1260980 1798
1260990 1790
1261000 1781
1261010 1773
1261020 1767
1261030 1760
1261040 1755
1261050 1750
1261060 1745
1261070 1742
1261080 1738
1261090 1737
1261100 1734
1261110 1730
1261120 1723
1261130 1715
1261140 1709
1261150 1704
1261160 1697
1261170 1690
1261180 1684
1261190 1679
1261200 1674
1261210 1670
1261220 1665
1261230 1659
1261240 1652
1261250 1647
1261260 1641
1261270 1635
1261280 1629
1261290 1624
1261300 1619
1261310 1613
1261320 1608
1261330 1603
1261340 1597
1261350 1591
1261360 1585
1261370 1580
1261380 1575
1261390 1570
1261400 1565
1261410 1560
1261420 1555
1261430 1550
1261440 1545
1261450 1540
1261460 1534
1261470 1529
1261480 1524
1261490 1519
1261500 1514
1261510 1509
1261520 1504
1261530 1499
1261540 1495
1261550 1491
1261560 1487
1261570 1482
1261580 1477
1261590 1471
1261600 1465
1261610 1462
1261620 1462
1261630 1462
1261640 1462
1261650 1461
1261660 1463
1261670 1464
1261680 1465
1261690 1466
1261700 1466
1261710 1466
1261720 1467
1261730 1468
1261740 1468
1261750 1468
1261760 1470
1261770 1470
1261780 1471
1261790 1471
1261800 1471
1261810 1471
1261820 1471
1261830 1472
1261840 1472
1261850 1473
1261860 1474
1261870 1474
1261880 1475
1261890 1476
1261900 1476
1261910 1477
1261920 1478
1261930 1479
1261940 1480
1261950 1482
1261960 1483
1261970 1485
1261980 1487
1261990 1489
1262000 1490
1262010 1493
1262020 1496
1262030 1499
1262040 1501
1262050 1504
1262060 1507
1262070 1510
1262080 1513
1262090 1517
1262100 1520
1262110 1523
1262120 1527
1262130 1530
1262140 1534
1262150 1537
1262160 1541
1262170 1545
1262180 1549
1262190 1553
1262200 1557
1262210 1562
1262220 1565
1262230 1570
1262240 1574
1262250 1578
1262260 1583
1262270 1587
1262280 1592
1262290 1596
1262300 1600
1262310 1604
1262320 1609
1262330 1613
1262340 1617
1262350 1621
1262360 1626
1262370 1630
1262380 1635
1262390 1639
1262400 1643
1262410 1647
1262420 1652
1262430 1656
1262440 1660
1262450 1664
1262460 1669
1262470 1673
1262480 1677
1262490 1681
1262500 1686
1262510 1691
1262520 1695
1262530 1700
1262540 1704
1262550 1709
1262560 1713
1262570 1717
1262580 1722
1262590 1726
1262600 1731
1262610 1736
1262620 1740
1262630 1745
1262640 1749
1262650 1752
1262660 1755
1262670 1758
1262680 1762
1262690 1767
1262700 1773
1262710 1778
1262720 1783
1262730 1788
1262740 1793
1262750 1797
1262760 1801
1262770 1805
1262780 1810
1262790 1814
1262800 1818
1262810 1822
1262820 1826
1262830 1830
1262840 1834
1262850 1839
1262860 1843
1262870 1846
1262880 1848
1262890 1851
1262900 1856
1262910 1865
1262920 1872
1262930 1883
1262940 1899
1262950 1911
1262960 1922
1262970 1933
1262980 1948
1262990 1957
1263000 1963
1263010 1972
1263020 1982
1263030 1991
1263040 2000
1263050 1996
1263060 1995
1263070 2011
1263080 2020
1263090 2027
1263100 2034
1263110 2054
1263120 2076
1263130 2098
1263140 2111
1263150 2120
1263160 2126
1263170 2141
1263180 2150
1263190 2154
1263200 2153
1263210 2151
1263220 2149
1263230 2148
1263240 2148
1263250 2147
1263260 2147
1263270 2146
1263280 2146
1263290 2143
1263300 2141
1263310 2140
1263320 2138
1263330 2136
1263340 2134
1263350 2132
1263360 2129
1263370 2127
1263380 2125
1263390 2123
1263400 2121
1263410 2120
1263420 2120
1263430 2120
1263440 2122
1263450 2124
1263460 2127
1263470 2129
1263480 2132
1263490 2134
1263500 2136
1263510 2140
1263520 2143
1263530 2147
1263540 2150
1263550 2153
1263560 2156
1263570 2158
1263580 2159
1263590 2160
1263600 2162
1263610 2164
1263620 2167
1263630 2170
1263640 2174
1263650 2178
1263660 2182
1263670 2186
1263680 2190
1263690 2193
1263700 2196
1263710 2198
1263720 2199
1263730 2201
1263740 2205
1263750 2208
1263760 2212
1263770 2216
1263780 2220
1263790 2224
1263800 2228
1263810 2232
1263820 2237
1263830 2241
1263840 2245
1263850 2250
1263860 2254
1263870 2258
1263880 2262
1263890 2266
1263900 2271
1263910 2278
1263920 2289
1263930 2304
1263940 2317
1263950 2324
1263960 2342
1263970 2359
1263980 2373
1263990 2383
1264000 2392
1264010 2399
1264020 2409
1264030 2420
1264040 2431
1264050 2438
1264060 2446
1264070 2455
1264080 2461
1264090 2467
1264100 2473
1264110 2478
1264120 2483
1264130 2487
1264140 2488
1264150 2483
1264160 2477
1264170 2472
1264180 2466
1264190 2461
1264200 2456
1264210 2451
1264220 2446
1264230 2442
1264240 2438
1264250 2434
1264260 2430
1264270 2426
1264280 2423
1264290 2419
1264300 2412
1264310 2407
1264320 2402
1264330 2397
1264340 2392
1264350 2387
1264360 2382
1264370 2378
1264380 2375
1264390 2372
1264400 2369
1264410 2367
1264420 2365
1264430 2361
1264440 2358
1264450 2356
1264460 2353
1264470 2350
1264480 2348
1264490 2346
1264500 2344
1264510 2342
1264520 2340
1264530 2339
1264540 2337
1264550 2336
1264560 2335
1264570 2333
1264580 2331
1264590 2329
1264600 2328
1264610 2328
1264620 2330
1264630 2332
1264640 2335
1264650 2337
1264660 2339
1264670 2340
1264680 2341
1264690 2343
1264700 2345
1264710 2347
1264720 2349
1264730 2351
1264740 2353
1264750 2358
1264760 2364
1264770 2371
1264780 2373
1264790 2375
1264800 2381
1264810 2388
1264820 2392
1264830 2389
1264840 2386
1264850 2385
1264860 2386
1264870 2388
1264880 2389
1264890 2388
1264900 2387
1264910 2384
1264920 2382
1264930 2383
1264940 2385
1264950 2387
1264960 2391
1264970 2394
1264980 2395
1264990 2394
1265000 2394
1265010 2395
1265020 2396
1265030 2395
1265040 2393
1265050 2393
1265060 2393
1265070 2394
1265080 2395
1265090 2398
1265100 2400
1265110 2402
1265120 2401
1265130 2401
1265140 2402
1265150 2404
1265160 2403
1265170 2401
1265180 2395
1265190 2391
1265200 2389
1265210 2388
1265220 2388
1265230 2387
1265240 2382
1265250 2382
1265260 2381
1265270 2378
1265280 2377
1265290 2376
1265300 2376
1265310 2377
1265320 2377
1265330 2377
1265340 2375
1265350 2372
1265360 2369
1265370 2365
1265380 2361
1265390 2356
1265400 2352
1265410 2349
1265420 2347
1265430 2345
1265440 2343
1265450 2341
1265460 2338
1265470 2336
1265480 2334
1265490 2332
1265500 2330
1265510 2328
1265520 2325
1265530 2321
1265540 2316
1265550 2311
1265560 2305
1265570 2299
1265580 2294
1265590 2288
1265600 2283
1265610 2278
1265620 2274
1265630 2270
1265640 2267
1265650 2263
1265660 2260
1265670 2257
1265680 2253
1265690 2248
1265700 2243
1265710 2238
1265720 2234
1265730 2229
1265740 2225
1265750 2221
1265760 2215
1265770 2210
1265780 2206
1265790 2202
1265800 2198
1265810 2194
1265820 2191
1265830 2188
1265840 2187
1265850 2184
1265860 2181
1265870 2178
1265880 2175
1265890 2173
1265900 2170
1265910 2169
1265920 2168
1265930 2167
1265940 2165
1265950 2162
1265960 2160
1265970 2157
1265980 2154
1265990 2150
1266000 2147
1266010 2145
1266020 2142
1266030 2139
1266040 2136
1266050 2133
1266060 2129
1266070 2125
1266080 2121
1266090 2117
1266100 2112
1266110 2107
1266120 2101
1266130 2094
1266140 2088
1266150 2083
1266160 2079
1266170 2075
1266180 2070
1266190 2065
1266200 2059
1266210 2054
1266220 2048
1266230 2042
1266240 2035
1266250 2029
1266260 2023
1266270 2016
1266280 2010
1266290 2005
1266300 2001
1266310 1996
1266320 1990
1266330 1984
1266340 1979
1266350 1971
1266360 1964
1266370 1959
1266380 1954
1266390 1949
1266400 1944
1266410 1939
1266420 1934
1266430 1930
1266440 1925
1266450 1921
1266460 1917
1266470 1913
1266480 1908
1266490 1903
1266500 1898
1266510 1893
1266520 1888
1266530 1884
1266540 1879
1266550 1875
1266560 1869
1266570 1866
1266580 1861
1266590 1856
1266600 1851
1266610 1846
1266620 1840
1266630 1835
1266640 1829
1266650 1822
1266660 1817
1266670 1811
1266680 1805
1266690 1802
1266700 1798
1266710 1794
1266720 1790
1266730 1785
1266740 1780
1266750 1776
1266760 1771
1266770 1767
1266780 1764
1266790 1760
1266800 1756
1266810 1752
1266820 1748
1266830 1744
1266840 1740
1266850 1737
1266860 1733
1266870 1729
1266880 1725
1266890 1721
1266900 1717
1266910 1714
1266920 1710
1266930 1707
1266940 1704
1266950 1701
1266960 1698
1266970 1695
1266980 1691
1266990 1687
1267000 1683
1267010 1679
1267020 1676
1267030 1673
1267040 1671
1267050 1668
1267060 1665
1267070 1663
1267080 1661
1267090 1658
1267100 1656
1267110 1653
1267120 1651
1267130 1648
1267140 1646
1267150 1644
1267160 1642
1267170 1640
1267180 1638
1267190 1636
1267200 1635
1267210 1633
1267220 1630
1267230 1627
1267240 1625
1267250 1623
1267260 1621
1267270 1619
1267280 1618
1267290 1616
1267300 1614
1267310 1613
1267320 1611
1267330 1610
1267340 1608
1267350 1606
1267360 1604
1267370 1602
1267380 1600
1267390 1599
1267400 1597
1267410 1595
1267420 1592
1267430 1590
1267440 1588
1267450 1586
1267460 1585
1267470 1583
1267480 1582
1267490 1580
1267500 1578
1267510 1577
1267520 1576
1267530 1575
1267540 1574
1267550 1573
1267560 1572
1267570 1572
1267580 1570
1267590 1568
1267600 1567
1267610 1566
1267620 1565
1267630 1564
1267640 1563
1267650 1562
1267660 1560
1267670 1558
1267680 1557
1267690 1556
1267700 1556
1267710 1555
1267720 1555
1267730 1553
1267740 1552
1267750 1551
1267760 1550
1267770 1549
1267780 1549
1267790 1549
1267800 1548
1267810 1548
1267820 1548
1267830 1547
1267840 1545
1267850 1544
1267860 1543
1267870 1541
1267880 1539
1267890 1538
1267900 1537
1267910 1536
1267920 1535
1267930 1535
1267940 1535
1267950 1534
1267960 1534
1267970 1533
1267980 1533
1267990 1533
1268000 1532
1268010 1531
1268020 1529
1268030 1528
1268040 1528
1268050 1527
1268060 1526
1268070 1525
1268080 1525
1268090 1524
1268100 1523
1268110 1522
1268120 1520
1268130 1519
1268140 1518
1268150 1517
1268160 1516
1268170 1514
1268180 1513
1268190 1511
1268200 1510
1268210 1509
1268220 1508
1268230 1507
1268240 1506
1268250 1506
1268260 1506
1268270 1503
1268280 1500
1268290 1497
1268300 1494
1268310 1489
1268320 1483
1268330 1486
1268340 1491
1268350 1497
1268360 1500
1268370 1502
1268380 1502
1268390 1502
1268400 1503
1268410 1504
1268420 1506
1268430 1509
1268440 1511
1268450 1513
1268460 1515
1268470 1516
1268480 1513
1268490 1512
1268500 1512
1268510 1511
1268520 1512
1268530 1512
1268540 1513
1268550 1512
1268560 1511
1268570 1512
1268580 1514
1268590 1515
1268600 1517
1268610 1518
1268620 1520
1268630 1521
1268640 1523
1268650 1525
1268660 1527
1268670 1529
1268680 1531
1268690 1533
1268700 1536
1268710 1539
1268720 1543
1268730 1547
1268740 1549
1268750 1551
1268760 1552
1268770 1554
1268780 1555
1268790 1557
1268800 1560
1268810 1563
1268820 1567
1268830 1572
1268840 1577
1268850 1582
1268860 1585
1268870 1588
1268880 1590
1268890 1592
1268900 1593
1268910 1594
1268920 1597
1268930 1599
1268940 1602
1268950 1605
1268960 1606
1268970 1606
1268980 1607
1268990 1607
1269000 1607
1269010 1607
1269020 1608
1269030 1608
1269040 1606
1269050 1606
1269060 1604
1269070 1601
1269080 1598
1269090 1595
1269100 1592
1269110 1591
1269120 1589
1269130 1587
1269140 1585
1269150 1584
1269160 1583
1269170 1584
1269180 1585
1269190 1585
1269200 1587
1269210 1589
1269220 1592
1269230 1595
1269240 1597
1269250 1599
1269260 1600
1269270 1601
1269280 1601
1269290 1602
1269300 1603
1269310 1604
1269320 1605
1269330 1606
1269340 1608
1269350 1610
1269360 1610
1269370 1611
1269380 1611
1269390 1612
1269400 1612
1269410 1612
1269420 1611
1269430 1610
1269440 1610
1269450 1610
1269460 1609
1269470 1607
1269480 1606
1269490 1604
1269500 1602
1269510 1601
1269520 1600
1269530 1599
1269540 1597
1269550 1596
1269560 1595
1269570 1595
1269580 1595
1269590 1594
1269600 1592
1269610 1591
1269620 1589
1269630 1587
1269640 1585
1269650 1584
1269660 1582
1269670 1579
1269680 1577
1269690 1575
1269700 1573
1269710 1571
1269720 1569
1269730 1567
1269740 1565
1269750 1562
1269760 1559
1269770 1555
1269780 1551
1269790 1547
1269800 1543
1269810 1539
1269820 1535
1269830 1531
1269840 1527
1269850 1523
1269860 1520
1269870 1517
1269880 1513
1269890 1509
1269900 1506
1269910 1503
1269920 1500
1269930 1496
1269940 1493
1269950 1489
1269960 1486
1269970 1482
1269980 1478
1269990 1475
1270000 1471
1270010 1468
1270020 1465
1270030 1462
1270040 1459
1270050 1457
1270060 1455
1270070 1452
1270080 1450
1270090 1447
1270100 1444
1270110 1441
1270120 1437
1270130 1433
1270140 1429
1270150 1425
1270160 1421
1270170 1417
1270180 1414
1270190 1410
1270200 1406
1270210 1401
1270220 1397
1270230 1392
1270240 1387
1270250 1382
1270260 1377
1270270 1372
1270280 1368
1270290 1363
1270300 1357
1270310 1352
1270320 1347
1270330 1342
1270340 1339
1270350 1337
1270360 1335
1270370 1335
1270380 1336
1270390 1338
1270400 1341
1270410 1344
1270420 1347
1270430 1350
1270440 1353
1270450 1356
1270460 1358
1270470 1361
1270480 1363
1270490 1366
1270500 1368
1270510 1371
1270520 1374
1270530 1376
1270540 1378
1270550 1379
1270560 1377
1270570 1375
1270580 1371
1270590 1369
1270600 1366
1270610 1364
1270620 1362
1270630 1361
1270640 1359
1270650 1356
1270660 1353
1270670 1350
1270680 1347
1270690 1343
1270700 1341
1270710 1338
1270720 1338
1270730 1337
1270740 1337
1270750 1337
1270760 1337
1270770 1337
1270780 1336
1270790 1335
1270800 1334
1270810 1332
1270820 1331
1270830 1329
1270840 1327
1270850 1326
1270860 1324
1270870 1322
1270880 1321
1270890 1320
1270900 1319
1270910 1318
1270920 1317
1270930 1316
1270940 1316
1270950 1315
1270960 1314
1270970 1311
1270980 1310
1270990 1310
1271000 1309
1271010 1307
1271020 1306
1271030 1304
1271040 1303
1271050 1301
1271060 1300
1271070 1300
1271080 1299
1271090 1299
1271100 1298
1271110 1298
1271120 1298
1271130 1298
1271140 1297
1271150 1295
1271160 1296
1271170 1295
1271180 1294
1271190 1292
1271200 1290
1271210 1289
1271220 1289
1271230 1289
1271240 1288
1271250 1286
1271260 1285
1271270 1284
1271280 1284
1271290 1283
1271300 1283
1271310 1282
1271320 1281
1271330 1280
1271340 1279
1271350 1278
1271360 1277
1271370 1276
1271380 1274
1271390 1271
1271400 1269
1271410 1266
1271420 1265
1271430 1264
1271440 1262
1271450 1262
1271460 1262
1271470 1261
1271480 1259
1271490 1257
1271500 1257
1271510 1256
1271520 1255
1271530 1253
1271540 1252
1271550 1251
1271560 1250
1271570 1249
1271580 1247
1271590 1246
1271600 1245
1271610 1244
1271620 1244
1271630 1243
1271640 1243
1271650 1242
1271660 1242
1271670 1241
1271680 1241
1271690 1240
1271700 1240
1271710 1239
1271720 1239
1271730 1238
1271740 1237
1271750 1237
1271760 1237
1271770 1236
1271780 1236
1271790 1235
1271800 1236
1271810 1236
1271820 1237
1271830 1237
1271840 1237
1271850 1237
1271860 1237
1271870 1237
1271880 1237
1271890 1236
1271900 1235
1271910 1233
1271920 1231
1271930 1230
1271940 1229
1271950 1229
1271960 1228
1271970 1228
1271980 1227
1271990 1227
1272000 1227
1272010 1226
1272020 1226
1272030 1226
1272040 1226
1272050 1226
1272060 1225
1272070 1225
1272080 1224
1272090 1224
1272100 1223
1272110 1222
1272120 1220
1272130 1219
1272140 1217
1272150 1216
1272160 1215
1272170 1214
1272180 1213
1272190 1212
1272200 1212
1272210 1211
1272220 1210
1272230 1209
1272240 1209
1272250 1209
1272260 1209
1272270 1209
1272280 1209
1272290 1209
1272300 1209
1272310 1209
1272320 1208
1272330 1207
1272340 1205
1272350 1204
1272360 1202
1272370 1201
1272380 1199
1272390 1197
1272400 1196
1272410 1194
1272420 1192
1272430 1191
1272440 1190
1272450 1188
1272460 1187
1272470 1186
1272480 1184
1272490 1182
1272500 1181
1272510 1179
1272520 1179
1272530 1179
1272540 1177
1272550 1176
1272560 1174
1272570 1173
1272580 1172
1272590 1171
1272600 1170
1272610 1168
1272620 1166
1272630 1165
1272640 1164
1272650 1163
1272660 1161
1272670 1160
1272680 1159
1272690 1158
1272700 1157
1272710 1156
1272720 1155
1272730 1154
1272740 1153
1272750 1153
1272760 1153
1272770 1153
1272780 1152
1272790 1151
1272800 1151
1272810 1150
1272820 1149
1272830 1148
1272840 1148
1272850 1148
1272860 1148
1272870 1147
1272880 1145
1272890 1143
1272900 1141
1272910 1139
1272920 1137
1272930 1136
1272940 1135
1272950 1134
1272960 1133
1272970 1132
1272980 1132
1272990 1131
1273000 1131
1273010 1130
1273020 1129
1273030 1128
1273040 1128
1273050 1128
1273060 1127
1273070 1126
1273080 1125
1273090 1123
1273100 1122
1273110 1121
1273120 1120
1273130 1120
1273140 1120
1273150 1120
1273160 1120
1273170 1119
1273180 1119
1273190 1119
1273200 1119
1273210 1120
1273220 1121
1273230 1121
1273240 1120
1273250 1120
1273260 1119
1273270 1119
1273280 1118
1273290 1118
1273300 1117
1273310 1115
1273320 1114
1273330 1114
1273340 1114
1273350 1114
1273360 1113
1273370 1114
1273380 1115
1273390 1117
1273400 1118
1273410 1118
1273420 1117
1273430 1117
1273440 1117
1273450 1117
1273460 1117
1273470 1117
1273480 1117
1273490 1117
1273500 1117
1273510 1118
1273520 1119
1273530 1119
1273540 1119
1273550 1119
1273560 1118
1273570 1118
1273580 1117
1273590 1117
1273600 1117
1273610 1117
1273620 1116
1273630 1115
1273640 1112
1273650 1111
1273660 1110
1273670 1109
1273680 1108
1273690 1108
1273700 1107
1273710 1107
1273720 1106
1273730 1106
1273740 1106
1273750 1105
1273760 1105
1273770 1103
1273780 1102
1273790 1101
1273800 1100
1273810 1099
1273820 1099
1273830 1098
1273840 1098
1273850 1099
1273860 1099
1273870 1099
1273880 1098
1273890 1098
1273900 1099
1273910 1099
1273920 1099
1273930 1099
1273940 1098
1273950 1098
1273960 1098
1273970 1098
1273980 1097
1273990 1097
1274000 1097
1274010 1097
1274020 1096
1274030 1096
1274040 1095
1274050 1095
1274060 1095
1274070 1094
1274080 1095
1274090 1095
1274100 1095
1274110 1097
1274120 1098
1274130 1098
1274140 1098
1274150 1099
1274160 1099
1274170 1099
1274180 1099
1274190 1100
1274200 1100
1274210 1100
1274220 1101
1274230 1101
1274240 1101
1274250 1101
1274260 1101
1274270 1101
1274280 1101
1274290 1101
1274300 1101
1274310 1101
1274320 1101
1274330 1101
1274340 1101
1274350 1101
1274360 1102
1274370 1102
1274380 1102
1274390 1101
1274400 1101
1274410 1101
1274420 1101
1274430 1100
1274440 1099
1274450 1099
1274460 1099
1274470 1098
1274480 1097
1274490 1096
1274500 1095
1274510 1094
1274520 1093
1274530 1092
1274540 1091
1274550 1091
1274560 1090
1274570 1090
1274580 1090
1274590 1090
1274600 1090
1274610 1090
1274620 1090
1274630 1090
1274640 1090
1274650 1091
1274660 1093
1274670 1095
1274680 1096
1274690 1096
1274700 1096
1274710 1096
1274720 1095
1274730 1095
1274740 1094
1274750 1093
1274760 1093
1274770 1093
1274780 1093
1274790 1094
1274800 1095
1274810 1095
1274820 1095
1274830 1096
1274840 1097
1274850 1098
1274860 1099
1274870 1099
1274880 1099
1274890 1099
1274900 1099
1274910 1100
1274920 1101
1274930 1101
1274940 1101
1274950 1100
1274960 1099
1274970 1099
1274980 1099
1274990 1101
1275000 1105
1275010 1107
1275020 1107
1275030 1105
1275040 1105
1275050 1105
1275060 1106
1275070 1107
1275080 1107
1275090 1107
1275100 1108
1275110 1108
1275120 1107
1275130 1107
1275140 1107
1275150 1108
1275160 1108
1275170 1109
1275180 1112
1275190 1114
1275200 1115
1275210 1116
1275220 1116
1275230 1116
1275240 1117
1275250 1117
1275260 1116
1275270 1115
1275280 1114
1275290 1112
1275300 1111
1275310 1111
1275320 1111
1275330 1111
1275340 1110
1275350 1110
1275360 1109
1275370 1110
1275380 1110
1275390 1110
1275400 1109
1275410 1108
1275420 1107
1275430 1106
1275440 1105
1275450 1104
1275460 1105
1275470 1105
1275480 1105
1275490 1106
1275500 1107
1275510 1107
1275520 1108
1275530 1108
1275540 1109
1275550 1110
1275560 1112
1275570 1114
1275580 1116
1275590 1119
1275600 1121
1275610 1122
1275620 1123
1275630 1122
1275640 1121
1275650 1119
1275660 1119
1275670 1119
1275680 1120
1275690 1123
1275700 1126
1275710 1129
1275720 1131
1275730 1133
1275740 1134
1275750 1134
1275760 1134
1275770 1133
1275780 1132
1275790 1131
1275800 1130
1275810 1129
1275820 1128
1275830 1128
1275840 1127
1275850 1127
1275860 1127
1275870 1127
1275880 1127
1275890 1127
1275900 1128
1275910 1128
1275920 1128
1275930 1128
1275940 1128
1275950 1128
1275960 1129
1275970 1129
1275980 1128
1275990 1128
1276000 1128
1276010 1128
1276020 1128
1276030 1127
1276040 1127
1276050 1127
1276060 1127
1276070 1127
1276080 1127
1276090 1127
1276100 1127
1276110 1127
1276120 1127
1276130 1126
1276140 1126
1276150 1125
1276160 1125
1276170 1125
1276180 1125
1276190 1126
1276200 1126
1276210 1126
1276220 1126
1276230 1126
1276240 1126
1276250 1125
1276260 1125
1276270 1125
1276280 1125
1276290 1125
1276300 1125
1276310 1125
1276320 1124
1276330 1124
1276340 1124
1276350 1123
1276360 1121
1276370 1120
1276380 1119
1276390 1117
1276400 1116
1276410 1115
1276420 1114
1276430 1113
1276440 1112
1276450 1111
1276460 1110
1276470 1108
1276480 1106
1276490 1105
1276500 1104
1276510 1103
1276520 1103
1276530 1102
1276540 1102
1276550 1101
1276560 1099
1276570 1098
1276580 1096
1276590 1092
1276600 1090
1276610 1087
1276620 1086
1276630 1086
1276640 1086
1276650 1085
1276660 1084
1276670 1080
1276680 1075
1276690 1071
1276700 1067
1276710 1063
1276720 1061
1276730 1060
1276740 1060
1276750 1060
1276760 1055
1276770 1052
1276780 1051
1276790 1051
1276800 1051
1276810 1051
1276820 1051
1276830 1051
1276840 1051
1276850 1051
1276860 1050
1276870 1050
1276880 1049
1276890 1050
1276900 1051
1276910 1051
1276920 1052
1276930 1052
1276940 1052
1276950 1052
1276960 1052
1276970 1052
1276980 1052
1276990 1052
1277000 1052
1277010 1052
1277020 1052
1277030 1053
1277040 1053
1277050 1053
1277060 1053
1277070 1053
1277080 1054
1277090 1054
1277100 1055
1277110 1055
1277120 1056
1277130 1058
1277140 1060
1277150 1062
1277160 1063
1277170 1065
1277180 1068
1277190 1072
1277200 1074
1277210 1075
1277220 1076
1277230 1078
1277240 1079
1277250 1080
1277260 1082
1277270 1083
1277280 1085
1277290 1090
1277300 1094
1277310 1098
1277320 1102
1277330 1105
1277340 1108
1277350 1110
1277360 1114
1277370 1117
1277380 1119
1277390 1120
1277400 1121
1277410 1122
1277420 1123
1277430 1124
1277440 1125
1277450 1127
1277460 1129
1277470 1131
1277480 1134
1277490 1138
1277500 1142
1277510 1145
1277520 1149
1277530 1153
1277540 1156
1277550 1158
1277560 1162
1277570 1166
1277580 1169
1277590 1172
1277600 1176
1277610 1179
1277620 1182
1277630 1185
1277640 1188
1277650 1192
1277660 1195
1277670 1198
1277680 1202
1277690 1205
1277700 1209
1277710 1213
1277720 1217
1277730 1220
1277740 1224
1277750 1226
1277760 1229
1277770 1232
1277780 1234
1277790 1236
1277800 1238
1277810 1240
1277820 1242
1277830 1244
1277840 1247
1277850 1250
1277860 1253
1277870 1256
1277880 1259
1277890 1261
1277900 1264
1277910 1267
1277920 1269
1277930 1271
1277940 1273
1277950 1274
1277960 1275
1277970 1276
1277980 1276
1277990 1277
1278000 1278
1278010 1278
1278020 1278
1278030 1278
1278040 1278
1278050 1278
1278060 1277
1278070 1277
1278080 1276
1278090 1275
1278100 1274
1278110 1270
1278120 1264
1278130 1257
1278140 1249
1278150 1245
1278160 1242
1278170 1241
1278180 1239
1278190 1237
1278200 1234
1278210 1233
1278220 1233
1278230 1235
1278240 1237
1278250 1236
1278260 1231
1278270 1221
1278280 1216
1278290 1213
1278300 1212
1278310 1212
1278320 1211
1278330 1211
1278340 1210
1278350 1210
1278360 1209
1278370 1208
1278380 1207
1278390 1206
1278400 1204
1278410 1201
1278420 1199
1278430 1195
1278440 1194
1278450 1194
1278460 1194
1278470 1194
1278480 1194
1278490 1193
1278500 1192
1278510 1191
1278520 1191
1278530 1190
1278540 1190
1278550 1190
1278560 1190
1278570 1189
1278580 1189
1278590 1190
1278600 1192
1278610 1194
1278620 1196
1278630 1198
1278640 1200
1278650 1202
1278660 1200
1278670 1195
1278680 1189
1278690 1188
1278700 1190
1278710 1193
1278720 1196
1278730 1198
1278740 1202
1278750 1205
1278760 1208
1278770 1209
1278780 1210
1278790 1211
1278800 1211
1278810 1212
1278820 1214
1278830 1215
1278840 1215
1278850 1214
1278860 1214
1278870 1213
1278880 1213
1278890 1213
1278900 1212
1278910 1212
1278920 1211
1278930 1211
1278940 1210
1278950 1209
1278960 1209
1278970 1209
1278980 1208
1278990 1207
1279000 1206
1279010 1205
1279020 1204
1279030 1203
1279040 1201
1279050 1198
1279060 1195
1279070 1193
1279080 1193
1279090 1192
1279100 1191
1279110 1191
1279120 1191
1279130 1191
1279140 1192
1279150 1192
1279160 1192
1279170 1192
1279180 1192
1279190 1192
1279200 1191
1279210 1191
1279220 1191
1279230 1191
1279240 1192
1279250 1193
1279260 1194
1279270 1195
1279280 1196
1279290 1197
1279300 1198
1279310 1200
1279320 1201
1279330 1202
1279340 1202
1279350 1203
1279360 1203
1279370 1201
1279380 1201
1279390 1202
1279400 1202
1279410 1201
1279420 1200
1279430 1202
1279440 1203
1279450 1203
1279460 1205
1279470 1207
1279480 1209
1279490 1209
1279500 1211
1279510 1213
1279520 1216
1279530 1220
1279540 1223
1279550 1225
1279560 1225
1279570 1228
1279580 1233
1279590 1236
1279600 1240
1279610 1244
1279620 1250
1279630 1255
1279640 1258
1279650 1258
1279660 1259
1279670 1260
1279680 1264
1279690 1268
1279700 1272
1279710 1277
1279720 1282
1279730 1287
1279740 1292
1279750 1298
1279760 1302
1279770 1306
1279780 1309
1279790 1313
1279800 1316
1279810 1320
1279820 1323
1279830 1325
1279840 1328
1279850 1332
1279860 1336
1279870 1340
1279880 1345
1279890 1350
1279900 1356
1279910 1362
1279920 1367
1279930 1371
1279940 1375
1279950 1379
1279960 1382
1279970 1387
1279980 1392
1279990 1397
