1260000 1778.0
1260010 1779.8
1260020 1780.4
1260030 1780.4
1260040 1782.1
1260050 1785.2
1260060 1785.2
1260070 1787.4
1260080 1789.9
1260090 1789.9
1260100 1792.1
1260110 1793.8
1260120 1793.8
1260130 1794.5
1260140 1797.1
1260150 1797.1
1260160 1801.2
1260170 1805.4
1260180 1805.4
1260190 1809.2
1260200 1812.9
1260210 1812.9
1260220 1816.8
1260230 1820.7
1260240 1824.5
1260250 1824.5
1260260 1828.5
1260270 1832.2
1260280 1832.2
1260290 1835.5
1260300 1838.9
1260310 1838.9
1260320 1843.2
1260330 1853.6
1260340 1853.6
1260350 1855.9
1260360 1857.2
1260370 1857.2
1260380 1858.2
1260390 1857.8
1260400 1857.8
1260410 1857.0
1260420 1855.1
1260430 1855.1
1260440 1852.4
1260450 1849.5
1260460 1847.4
1260470 1847.4
1260480 1846.3
1260490 1846.3
1260500 1846.3
1260510 1846.9
1260520 1847.8
1260530 1847.8
1260540 1848.2
1260550 1847.9
1260560 1847.9
1260570 1847.0
1260580 1846.0
1260590 1846.0
1260600 1844.9
1260610 1843.6
1260620 1843.6
1260630 1839.3
1260640 1833.1
1260650 1833.1
1260660 1826.8
1260670 1820.2
1260680 1813.8
1260690 1813.8
1260700 1807.4
1260710 1806.4
1260720 1806.4
1260730 1803.8
1260740 1799.6
1260750 1799.6
1260760 1795.8
1260770 1792.7
1260780 1792.7
1260790 1789.5
1260800 1785.6
1260810 1785.6
1260820 1780.6
1260830 1775.6
1260840 1775.6
1260850 1771.8
1260860 1766.7
1260870 1766.7
1260880 1761.3
1260890 1753.5
1260900 1748.1
1260910 1748.1
1260920 1741.8
1260930 1735.1
1260940 1735.1
1260950 1728.6
1260960 1722.4
1260970 1722.4
1260980 1716.1
1260990 1709.5
1261000 1709.5
1261010 1702.9
1261020 1695.9
1261030 1695.9
1261040 1689.2
1261050 1682.9
1261060 1682.9
1261070 1677.0
1261080 1671.4
1261090 1671.4
1261100 1666.2
1261110 1661.6
1261120 1661.6
1261130 1657.8
1261140 1653.3
1261150 1649.2
1261160 1649.2
1261170 1644.7
1261180 1640.2
1261190 1640.2
1261200 1635.7
1261210 1631.0
1261220 1631.0
1261230 1624.5
1261240 1617.6
1261250 1617.6
1261260 1609.9
1261270 1601.9
1261280 1601.9
1261290 1594.6
1261300 1587.7
1261310 1587.7
1261320 1582.5
1261330 1575.9
1261340 1575.9
1261350 1569.2
1261360 1563.0
1261370 1556.7
1261380 1556.7
1261390 1550.5
1261400 1544.4
1261410 1544.4
1261420 1538.6
1261430 1531.8
1261440 1531.8
1261450 1524.7
1261460 1515.0
1261470 1515.0
1261480 1509.1
1261490 1504.9
1261500 1504.9
1261510 1501.0
1261520 1497.3
1261530 1497.3
1261540 1493.6
1261550 1489.9
1261560 1489.9
1261570 1486.1
1261580 1482.4
1261590 1478.6
1261600 1478.6
1261610 1475.2
1261620 1471.9
1261630 1471.9
1261640 1468.3
1261650 1464.7
1261660 1464.7
1261670 1460.8
1261680 1457.3
1261690 1457.3
1261700 1453.8
1261710 1449.8
1261720 1449.8
1261730 1445.6
1261740 1441.5
1261750 1441.5
1261760 1437.8
1261770 1434.4
1261780 1434.4
1261790 1430.4
1261800 1426.7
1261810 1422.9
1261820 1422.9
1261830 1420.4
1261840 1417.7
1261850 1417.7
1261860 1413.4
1261870 1407.4
1261880 1407.4
1261890 1400.7
1261900 1395.2
1261910 1395.2
1261920 1391.7
1261930 1389.8
1261940 1389.8
1261950 1386.5
1261960 1382.4
1261970 1382.4
1261980 1377.7
1261990 1372.7
1262000 1372.7
1262010 1367.1
1262020 1362.8
1262030 1362.9
1262040 1362.9
1262050 1361.0
1262060 1356.5
1262070 1356.5
1262080 1351.1
1262090 1349.5
1262100 1349.5
1262110 1352.9
1262120 1356.6
1262130 1356.6
1262140 1353.1
1262150 1349.9
1262160 1349.9
1262170 1351.1
1262180 1357.5
1262190 1357.5
1262200 1361.7
1262210 1363.5
1262220 1363.5
1262230 1365.0
1262240 1367.1
1262250 1369.1
1262260 1369.1
1262270 1370.7
1262280 1372.0
1262290 1372.0
1262300 1374.1
1262310 1375.9
1262320 1375.9
1262330 1377.5
1262340 1376.5
1262350 1376.5
1262360 1375.9
1262370 1377.9
1262380 1377.9
1262390 1379.4
1262400 1381.9
1262410 1381.9
1262420 1388.1
1262430 1395.7
1262440 1395.7
1262450 1400.0
1262460 1401.9
1262470 1404.4
1262480 1404.4
1262490 1408.2
1262500 1412.1
1262510 1412.1
1262520 1416.1
1262530 1420.4
1262540 1420.4
1262550 1424.7
1262560 1430.6
1262570 1430.6
1262580 1438.1
1262590 1445.9
1262600 1444.4
1262610 1451.8
1262620 1458.4
1262630 1458.4
1262640 1465.4
1262650 1472.5
1262660 1472.5
1262670 1479.1
1262680 1485.7
1262690 1485.7
1262700 1492.2
1262710 1498.7
1262720 1505.6
1262730 1505.6
1262740 1512.6
1262750 1520.4
1262760 1520.4
1262770 1529.0
1262780 1536.8
1262790 1536.8
1262800 1544.5
1262810 1551.9
1262820 1551.9
1262830 1558.5
1262840 1564.0
1262850 1564.0
1262860 1569.8
1262870 1575.4
1262880 1575.4
1262890 1583.3
1262900 1593.5
1262910 1593.5
1262920 1603.4
1262930 1607.1
1262940 1612.4
1262950 1612.4
1262960 1615.8
1262970 1615.4
1262980 1615.4
1262990 1617.5
1263000 1624.0
1263010 1624.0
1263020 1631.1
1263030 1638.0
1263040 1638.0
1263050 1644.4
1263060 1647.4
1263070 1647.4
1263080 1647.1
1263090 1657.5
1263100 1657.5
1263110 1670.9
1263120 1680.7
1263130 1680.7
1263140 1687.7
1263150 1695.2
1263160 1703.8
1263170 1710.3
1263180 1720.6
1263190 1728.2
1263200 1728.2
1263210 1739.9
1263220 1755.6
1263230 1755.6
1263240 1764.2
1263250 1760.3
1263260 1760.3
1263270 1756.9
1263280 1768.7
1263290 1768.7
1263300 1783.2
1263310 1802.6
1263320 1802.6
1263330 1825.5
1263340 1841.7
1263350 1841.7
1263360 1852.1
1263370 1858.9
1263380 1869.8
1263390 1869.8
1263400 1885.2
1263410 1889.4
1263420 1889.4
1263430 1896.9
1263440 1915.8
1263450 1915.8
1263460 1938.0
1263470 1950.0
1263480 1950.0
1263490 1974.2
1263500 1998.1
1263510 1998.1
1263520 2008.2
1263530 2009.6
1263540 2009.6
1263550 2007.9
1263560 2008.1
1263570 2008.1
1263580 2008.9
1263590 2001.3
1263600 1995.1
1263610 1995.1
1263620 1992.1
1263630 2011.0
1263640 2011.0
1263650 2035.1
1263660 2051.7
1263670 2051.7
1263680 2080.9
1263690 2114.3
1263700 2114.3
1263710 2156.1
1263720 2177.2
1263730 2177.2
1263740 2194.2
1263750 2194.6
1263760 2194.6
1263770 2197.7
1263780 2198.6
1263790 2198.6
1263800 2194.9
1263810 2192.8
1263820 2195.3
1263830 2195.3
1263840 2199.7
1263850 2205.5
1263860 2205.5
1263870 2211.0
1263880 2214.8
1263890 2214.8
1263900 2220.6
1263910 2230.3
1263920 2230.3
1263930 2246.2
1263940 2268.2
1263950 2268.2
1263960 2291.2
1263970 2311.8
1263980 2311.8
1263990 2326.8
1264000 2344.2
1264010 2344.2
1264020 2354.0
1264030 2365.1
1264040 2372.0
1264050 2372.0
1264060 2382.2
1264070 2382.8
1264080 2382.8
1264090 2385.8
1264100 2391.9
1264110 2391.9
1264120 2398.6
1264130 2405.1
1264140 2405.1
1264150 2412.0
1264160 2419.1
1264170 2419.1
1264180 2425.5
1264190 2432.1
1264200 2432.1
1264210 2439.2
1264220 2446.2
1264230 2446.2
1264240 2453.0
1264250 2460.0
1264260 2460.0
1264270 2467.4
1264280 2475.2
1264290 2483.2
1264300 2483.2
1264310 2490.6
1264320 2494.3
1264330 2494.3
1264340 2501.8
1264350 2507.4
1264360 2507.4
1264370 2512.2
1264380 2511.6
1264390 2511.6
1264400 2507.0
1264410 2500.7
1264420 2500.7
1264430 2493.7
1264440 2487.0
1264450 2487.0
1264460 2480.1
1264470 2472.8
1264480 2472.8
1264490 2465.7
1264500 2459.6
1264510 2454.0
1264520 2454.0
1264530 2449.5
1264540 2445.3
1264550 2445.3
1264560 2442.4
1264570 2439.8
1264580 2439.8
1264590 2437.7
1264600 2436.6
1264610 2436.6
1264620 2436.6
1264630 2436.8
1264640 2436.8
1264650 2435.1
1264660 2432.4
1264670 2432.4
1264680 2430.6
1264690 2429.7
1264700 2429.7
1264710 2428.8
1264720 2427.4
1264730 2426.7
1264740 2426.7
1264750 2426.5
1264760 2426.9
1264770 2426.9
1264780 2426.4
1264790 2427.6
1264800 2427.6
1264810 2428.8
1264820 2428.9
1264830 2428.9
1264840 2429.1
1264850 2430.1
1264860 2430.1
1264870 2429.6
1264880 2429.1
1264890 2429.1
1264900 2421.7
1264910 2422.0
1264920 2422.0
1264930 2421.8
1264940 2421.0
1264950 2420.8
1264960 2420.8
1264970 2421.1
1264980 2423.5
1264990 2423.5
1265000 2426.4
1265010 2431.6
1265020 2431.6
1265030 2440.9
1265040 2448.6
1265050 2448.6
1265060 2448.8
1265070 2449.7
1265080 2449.7
1265090 2452.5
1265100 2459.2
1265110 2459.2
1265120 2462.6
1265130 2462.5
1265140 2462.5
1265150 2461.3
1265160 2459.3
1265170 2456.6
1265180 2456.6
1265190 2453.3
1265200 2450.0
1265210 2450.0
1265220 2453.9
1265230 2457.2
1265240 2457.2
1265250 2458.9
1265260 2461.1
1265270 2461.1
1265280 2463.5
1265290 2465.6
1265300 2465.6
1265310 2466.6
1265320 2468.2
1265330 2468.2
1265340 2469.5
1265350 2471.2
1265360 2471.2
1265370 2475.0
1265380 2478.1
1265390 2479.6
1265400 2479.6
1265410 2482.1
1265420 2484.0
1265430 2484.0
1265440 2485.5
1265450 2486.1
1265460 2486.1
1265470 2483.1
1265480 2473.6
1265490 2473.6
1265500 2478.6
1265510 2482.3
1265520 2482.3
1265530 2483.3
1265540 2484.0
1265550 2484.0
1265560 2484.8
1265570 2482.6
1265580 2482.6
1265590 2483.9
1265600 2486.0
1265610 2491.8
1265620 2491.8
1265630 2499.9
1265640 2503.1
1265650 2503.1
1265660 2504.7
1265670 2511.6
1265680 2511.6
1265690 2528.3
1265700 2528.0
1265710 2528.0
1265720 2537.7
1265730 2544.7
1265740 2544.7
1265750 2547.6
1265760 2546.0
1265770 2546.0
1265780 2540.7
1265790 2532.9
1265800 2532.9
1265810 2526.4
1265820 2526.2
1265830 2526.2
1265840 2528.4
1265850 2528.8
1265860 2526.9
1265870 2526.9
1265880 2526.6
1265890 2528.7
1265900 2528.7
1265910 2531.0
1265920 2539.9
1265930 2539.9
1265940 2539.4
1265950 2534.5
1265960 2534.5
1265970 2529.8
1265980 2523.4
1265990 2523.4
1266000 2516.5
1266010 2511.0
1266020 2511.0
1266030 2504.1
1266040 2497.3
1266050 2497.3
1266060 2493.9
1266070 2485.7
1266080 2478.6
1266090 2478.6
1266100 2471.3
1266110 2461.0
1266120 2461.0
1266130 2448.8
1266140 2439.4
1266150 2439.4
1266160 2431.5
1266170 2424.7
1266180 2424.7
1266190 2418.9
1266200 2410.8
1266210 2410.8
1266220 2405.5
1266230 2401.3
1266240 2401.3
1266250 2395.0
1266260 2387.7
1266270 2387.7
1266280 2384.1
1266290 2380.6
1266300 2375.5
1266310 2375.5
1266320 2370.7
1266330 2363.4
1266340 2363.4
1266350 2355.3
1266360 2347.2
1266370 2347.2
1266380 2336.2
1266390 2324.7
1266400 2324.7
1266410 2315.3
1266420 2306.5
1266430 2306.5
1266440 2297.5
1266450 2288.8
1266460 2288.8
1266470 2281.5
1266480 2275.2
1266490 2275.2
1266500 2269.1
1266510 2263.2
1266520 2255.5
1266530 2255.5
1266540 2244.9
1266550 2232.7
1266560 2232.7
1266570 2219.6
1266580 2210.6
1266590 2210.6
1266600 2202.1
1266610 2193.2
1266620 2193.2
1266630 2184.5
1266640 2179.3
1266650 2179.3
1266660 2172.2
1266670 2165.2
1266680 2165.2
1266690 2158.3
1266700 2151.6
1266710 2151.6
1266720 2145.1
1266730 2139.0
1266740 2132.9
1266750 2132.9
1266760 2125.3
1266770 2117.7
1266780 2117.7
1266790 2110.7
1266800 2103.6
1266810 2103.6
1266820 2096.7
1266830 2089.8
1266840 2089.8
1266850 2083.0
1266860 2076.1
1266870 2076.1
1266880 2069.6
1266890 2062.9
1266900 2062.9
1266910 2056.7
1266920 2050.6
1266930 2050.6
1266940 2044.9
1266950 2038.8
1266960 2033.2
1266970 2033.2
1266980 2028.4
1266990 2023.8
1267000 2023.8
1267010 2018.8
1267020 2012.8
1267030 2012.8
1267040 2006.5
1267050 2001.2
1267060 2001.2
1267070 1996.3
1267080 1991.5
1267090 1991.5
1267100 1986.7
1267110 1982.0
1267120 1982.0
1267130 1977.6
1267140 1973.3
1267150 1973.3
1267160 1969.6
1267170 1966.3
1267180 1963.2
1267190 1963.2
1267200 1960.3
1267210 1957.8
1267220 1955.2
1267230 1953.1
1267240 1951.0
1267250 1951.0
1267260 1948.2
1267270 1945.6
1267280 1945.6
1267290 1943.5
1267300 1942.1
1267310 1942.1
1267320 1940.5
1267330 1938.8
1267340 1938.8
1267350 1937.0
1267360 1935.4
1267370 1935.4
1267380 1933.8
1267390 1932.2
1267400 1931.2
1267410 1931.2
1267420 1929.1
1267430 1925.0
1267440 1925.0
1267450 1922.7
1267460 1922.1
1267470 1922.1
1267480 1923.1
1267490 1922.5
1267500 1922.5
1267510 1920.6
1267520 1920.2
1267530 1920.2
1267540 1921.7
1267550 1923.3
1267560 1923.3
1267570 1926.0
1267580 1930.5
1267590 1930.5
1267600 1935.8
1267610 1941.8
1267620 1941.8
1267630 1948.5
1267640 1955.0
1267650 1960.1
1267660 1960.1
1267670 1963.9
1267680 1967.3
1267690 1967.3
1267700 1970.5
1267710 1972.3
1267720 1972.3
1267730 1972.1
1267740 1969.3
1267750 1969.3
1267760 1967.5
1267770 1966.8
1267780 1966.8
1267790 1966.9
1267800 1968.3
1267810 1962.6
1267820 1968.7
1267830 1974.5
1267840 1974.5
1267850 1980.6
1267860 1985.0
1267870 1989.3
1267880 1989.3
1267890 1994.5
1267900 2001.1
1267910 2001.1
1267920 2005.3
1267930 2003.3
1267940 2003.3
1267950 1996.8
1267960 1990.6
1267970 1990.6
1267980 1984.7
1267990 1980.0
1268000 1980.0
1268010 1979.4
1268020 1982.2
1268030 1982.2
1268040 1984.8
1268050 1981.7
1268060 1981.7
1268070 1973.3
1268080 1976.7
1268090 1983.4
1268100 1983.4
1268110 1989.9
1268120 1998.3
1268130 1998.3
1268140 2002.2
1268150 2005.1
1268160 2005.1
1268170 2008.1
1268180 2010.5
1268190 2010.5
1268200 2009.3
1268210 2004.4
1268220 2004.4
1268230 2001.9
1268240 2000.3
1268250 2000.3
1268260 1996.5
1268270 2000.5
1268280 2000.5
1268290 2005.3
1268300 2014.8
1268310 2036.1
1268320 2036.1
1268330 2047.8
1268340 2051.5
1268350 2051.5
1268360 2055.0
1268370 2061.6
1268380 2061.6
1268390 2064.8
1268400 2071.2
1268410 2071.2
1268420 2071.3
1268430 2071.7
1268440 2071.7
1268450 2073.1
1268460 2070.8
1268470 2070.8
1268480 2067.4
1268490 2062.9
1268500 2062.9
1268510 2059.0
1268520 2056.7
1268530 2054.1
1268540 2054.1
1268550 2050.8
1268560 2046.1
1268570 2046.1
1268580 2041.3
1268590 2036.6
1268600 2036.6
1268610 2031.7
1268620 2026.7
1268630 2026.7
1268640 2021.3
1268650 2016.1
1268660 2016.1
1268670 2010.1
1268680 2004.8
1268690 2004.8
1268700 1998.8
1268710 1993.5
1268720 1993.5
1268730 1988.5
1268740 1984.0
1268750 1978.4
1268760 1978.4
1268770 1972.5
1268780 1966.3
1268790 1966.3
1268800 1958.9
1268810 1950.2
1268820 1950.2
1268830 1943.9
1268840 1944.9
1268850 1944.9
1268860 1951.8
1268870 1957.8
1268880 1957.8
1268890 1962.8
1268900 1964.5
1268910 1964.5
1268920 1962.3
1268930 1961.1
1268940 1961.1
1268950 1960.3
1268960 1960.8
1268970 1962.1
1268980 1958.4
1268990 1960.0
1269000 1961.3
1269010 1961.3
1269020 1960.8
1269030 1958.9
1269040 1958.9
1269050 1955.7
1269060 1951.8
1269070 1951.8
1269080 1947.1
1269090 1941.3
1269100 1941.3
1269110 1935.4
1269120 1930.8
1269130 1930.8
1269140 1928.4
1269150 1925.8
1269160 1925.8
1269170 1921.7
1269180 1916.6
1269190 1916.6
1269200 1911.5
1269210 1910.4
1269220 1909.0
1269230 1909.0
1269240 1907.3
1269250 1911.3
1269260 1911.3
1269270 1916.6
1269280 1922.7
1269290 1922.7
1269300 1928.4
1269310 1933.7
1269320 1933.7
1269330 1939.0
1269340 1945.1
1269350 1945.1
1269360 1953.3
1269370 1964.2
1269380 1964.2
1269390 1969.4
1269400 1972.3
1269410 1972.3
1269420 1977.7
1269430 1981.7
1269440 1985.0
1269450 1985.0
1269460 1986.9
1269470 1989.4
1269480 1989.4
1269490 1993.1
1269500 1996.9
1269510 1996.9
1269520 2000.8
1269530 2005.1
1269540 2005.1
1269550 2009.4
1269560 2013.3
1269570 2009.5
1269580 2012.9
1269590 2015.4
1269600 2015.4
1269610 2016.4
1269620 2016.1
1269630 2016.1
1269640 2014.4
1269650 2012.7
1269660 2011.2
1269670 2011.2
1269680 2009.3
1269690 2007.3
1269700 2007.3
1269710 2004.5
1269720 2001.0
1269730 2001.0
1269740 1997.3
1269750 1992.9
1269760 1992.9
1269770 1987.5
1269780 1980.7
1269790 1980.7
1269800 1976.5
1269810 1979.2
1269820 1979.2
1269830 1979.9
1269840 1979.2
1269850 1979.2
1269860 1977.9
1269870 1974.2
1269880 1969.9
1269890 1969.9
1269900 1965.6
1269910 1961.9
1269920 1961.9
1269930 1959.5
1269940 1958.4
1269950 1958.4
1269960 1958.9
1269970 1959.9
1269980 1959.9
1269990 1960.3
1270000 1959.9
1270010 1959.9
1270020 1958.9
1270030 1957.5
1270040 1957.5
1270050 1956.2
1270060 1954.9
1270070 1954.9
1270080 1953.1
1270090 1951.4
1270100 1950.0
1270110 1950.0
1270120 1949.4
1270130 1949.2
1270140 1949.2
1270150 1948.4
1270160 1942.6
1270170 1942.6
1270180 1943.3
1270190 1945.8
1270200 1945.8
1270210 1947.7
1270220 1950.1
1270230 1950.1
1270240 1953.0
1270250 1956.1
1270260 1956.1
1270270 1959.1
1270280 1962.5
1270290 1962.5
1270300 1965.6
1270310 1969.3
1270320 1973.0
1270330 1973.0
1270340 1976.5
1270350 1979.8
1270360 1979.8
1270370 1983.8
1270380 1989.1
1270390 1989.1
1270400 1994.9
1270410 1996.6
1270420 1996.6
1270430 1995.5
1270440 1993.2
1270450 1993.2
1270460 1988.9
1270470 1982.4
1270480 1982.4
1270490 1976.6
1270500 1971.8
1270510 1971.8
1270520 1967.7
1270530 1963.5
1270540 1959.8
1270550 1959.8
1270560 1956.0
1270570 1951.6
1270580 1951.6
1270590 1947.0
1270600 1942.3
1270610 1942.3
1270620 1937.4
1270630 1933.7
1270640 1933.7
1270650 1932.6
1270660 1934.4
1270670 1934.4
1270680 1938.6
1270690 1942.6
1270700 1942.6
1270710 1944.2
1270720 1944.1
1270730 1944.1
1270740 1942.8
1270750 1936.4
1270760 1935.0
1270770 1935.0
1270780 1934.3
1270790 1932.4
1270800 1932.4
1270810 1932.0
1270820 1931.4
1270830 1931.4
1270840 1930.8
1270850 1930.0
1270860 1930.0
1270870 1928.7
1270880 1926.8
1270890 1926.8
1270900 1925.7
1270910 1924.8
1270920 1924.8
1270930 1923.5
1270940 1922.4
1270950 1922.4
1270960 1920.7
1270970 1918.9
1270980 1918.9
1270990 1917.0
1271000 1914.9
1271010 1913.0
1271020 1913.0
1271030 1911.2
1271040 1909.2
1271050 1909.2
1271060 1907.1
1271070 1904.4
1271080 1904.4
1271090 1900.8
1271100 1897.6
1271110 1897.6
1271120 1895.2
1271130 1893.1
1271140 1893.1
1271150 1891.2
1271160 1889.6
1271170 1889.6
1271180 1888.3
1271190 1887.3
1271200 1887.3
1271210 1886.0
1271220 1884.2
1271230 1882.5
1271240 1882.5
1271250 1880.8
1271260 1879.8
1271270 1879.8
1271280 1880.3
1271290 1881.2
1271300 1881.2
1271310 1881.2
1271320 1879.5
1271330 1879.5
1271340 1875.7
1271350 1868.1
1271360 1868.1
1271370 1866.2
1271380 1864.5
1271390 1864.5
1271400 1863.1
1271410 1861.4
1271420 1861.4
1271430 1859.1
1271440 1857.1
1271450 1856.2
1271460 1856.2
1271470 1855.6
1271480 1856.5
1271490 1856.5
1271500 1857.2
1271510 1857.5
1271520 1857.5
1271530 1857.3
1271540 1857.8
1271550 1857.8
1271560 1858.8
1271570 1860.4
1271580 1860.4
1271590 1861.8
1271600 1861.8
1271610 1861.8
1271620 1862.1
1271630 1861.7
1271640 1861.7
1271650 1861.6
1271660 1862.2
1271670 1862.4
1271680 1862.4
1271690 1862.8
1271700 1862.8
1271710 1862.8
1271720 1861.9
1271730 1860.2
1271740 1860.2
1271750 1858.9
1271760 1857.5
1271770 1857.5
1271780 1855.9
1271790 1853.7
1271800 1853.7
1271810 1851.3
1271820 1848.4
1271830 1848.4
1271840 1845.7
1271850 1843.1
1271860 1843.1
1271870 1840.5
1271880 1837.9
1271890 1835.2
1271900 1835.2
1271910 1832.4
1271920 1831.5
1271930 1831.5
1271940 1827.1
1271950 1825.7
1271960 1825.7
1271970 1824.1
1271980 1821.7
1271990 1821.7
1272000 1819.1
1272010 1816.7
1272020 1816.7
1272030 1813.9
1272040 1811.1
1272050 1811.1
1272060 1808.8
1272070 1806.5
1272080 1806.5
1272090 1804.8
1272100 1802.9
1272110 1802.8
1272120 1802.8
1272130 1802.9
1272140 1802.5
1272150 1802.5
1272160 1801.5
1272170 1799.7
1272180 1799.7
1272190 1797.4
1272200 1796.4
1272210 1796.4
1272220 1795.8
1272230 1794.3
1272240 1794.3
1272250 1791.9
1272260 1788.9
1272270 1788.9
1272280 1786.5
1272290 1783.2
1272300 1783.2
1272310 1778.5
1272320 1776.9
1272330 1780.4
1272340 1780.4
1272350 1782.2
1272360 1782.9
1272370 1782.9
1272380 1782.6
1272390 1782.1
1272400 1782.1
1272410 1781.2
1272420 1780.3
1272430 1780.3
1272440 1779.6
1272450 1778.6
1272460 1778.6
1272470 1777.5
1272480 1776.2
1272490 1776.2
1272500 1774.8
1272510 1773.1
1272520 1773.1
1272530 1771.5
1272540 1769.2
1272550 1769.2
1272560 1769.2
1272570 1769.5
1272580 1769.7
1272590 1769.7
1272600 1768.9
1272610 1767.9
1272620 1767.9
1272630 1767.0
1272640 1765.5
1272650 1765.5
1272660 1763.2
1272670 1760.8
1272680 1760.8
1272690 1758.7
1272700 1755.7
1272710 1755.7
1272720 1751.7
1272730 1746.9
1272740 1746.9
1272750 1742.7
1272760 1738.6
1272770 1738.6
1272780 1734.4
1272790 1730.1
1272800 1725.0
1272810 1725.0
1272820 1723.7
1272830 1727.3
1272840 1727.3
1272850 1730.1
1272860 1732.4
1272870 1732.4
1272880 1736.2
1272890 1740.1
1272900 1740.1
1272910 1742.6
1272920 1743.5
1272930 1743.5
1272940 1742.2
1272950 1740.0
1272960 1740.0
1272970 1737.1
1272980 1733.5
1272990 1733.5
1273000 1729.3
1273010 1724.2
1273020 1719.8
1273030 1719.8
1273040 1716.1
1273050 1711.5
1273060 1711.5
1273070 1706.3
1273080 1701.7
1273090 1701.7
1273100 1698.1
1273110 1695.6
1273120 1695.6
1273130 1694.4
1273140 1689.1
1273150 1689.1
1273160 1687.8
1273170 1686.6
1273180 1686.6
1273190 1686.6
1273200 1683.5
1273210 1683.5
1273220 1679.8
1273230 1676.2
1273240 1672.2
1273250 1672.2
1273260 1668.3
1273270 1664.6
1273280 1664.6
1273290 1660.8
1273300 1656.8
1273310 1656.8
1273320 1652.7
1273330 1647.3
1273340 1647.3
1273350 1641.3
1273360 1635.9
1273370 1635.9
1273380 1630.0
1273390 1624.2
1273400 1624.2
1273410 1621.0
1273420 1618.0
1273430 1618.0
1273440 1615.9
1273450 1614.9
1273460 1613.8
1273470 1613.8
1273480 1611.6
1273490 1608.9
1273500 1608.9
1273510 1606.3
1273520 1603.9
1273530 1603.9
1273540 1600.7
1273550 1598.6
1273560 1598.6
1273570 1598.4
1273580 1597.0
1273590 1597.0
1273600 1594.4
1273610 1590.9
1273620 1590.9
1273630 1587.2
1273640 1583.8
1273650 1583.8
1273660 1580.5
1273670 1577.4
1273680 1573.9
1273690 1573.9
1273700 1572.5
1273710 1570.7
1273720 1570.7
1273730 1567.8
1273740 1560.5
1273750 1560.5
1273760 1557.7
1273770 1555.3
1273780 1555.3
1273790 1552.0
1273800 1548.1
1273810 1548.1
1273820 1545.3
1273830 1543.7
1273840 1543.7
1273850 1543.3
1273860 1541.8
1273870 1541.8
1273880 1540.1
1273890 1538.6
1273900 1536.7
1273910 1536.7
1273920 1534.9
1273930 1533.2
1273940 1533.2
1273950 1528.7
1273960 1522.5
1273970 1522.5
1273980 1516.0
1273990 1509.6
1274000 1509.6
1274010 1503.5
1274020 1497.9
1274030 1497.9
1274040 1492.7
1274050 1487.9
1274060 1487.9
1274070 1484.3
1274080 1483.6
1274090 1483.6
1274100 1483.1
1274110 1480.6
1274120 1477.3
1274130 1477.3
1274140 1473.1
1274150 1468.7
1274160 1468.7
1274170 1464.3
1274180 1460.0
1274190 1460.0
1274200 1455.1
1274210 1449.0
1274220 1449.0
1274230 1442.6
1274240 1436.3
1274250 1436.3
1274260 1431.8
1274270 1427.5
1274280 1427.5
1274290 1422.6
1274300 1417.7
1274310 1417.7
1274320 1414.1
1274330 1411.0
1274340 1409.2
1274350 1405.6
1274360 1401.5
1274370 1396.5
1274380 1396.5
1274390 1391.2
1274400 1386.7
1274410 1386.7
1274420 1382.9
1274430 1380.2
1274440 1380.2
1274450 1378.7
1274460 1377.0
1274470 1377.0
1274480 1375.4
1274490 1373.5
1274500 1373.5
1274510 1371.8
1274520 1370.3
1274530 1370.3
1274540 1368.9
1274550 1367.4
1274560 1367.4
1274570 1366.0
1274580 1364.8
1274590 1362.8
1274600 1362.8
1274610 1359.7
1274620 1355.7
1274630 1355.7
1274640 1352.2
1274650 1350.0
1274660 1350.0
1274670 1349.0
1274680 1348.3
1274690 1348.3
1274700 1347.5
1274710 1346.5
1274720 1346.5
1274730 1345.3
1274740 1343.9
1274750 1343.9
1274760 1342.6
1274770 1341.2
1274780 1341.2
1274790 1339.4
1274800 1337.7
1274810 1335.7
1274820 1335.7
1274830 1333.6
1274840 1331.9
1274850 1331.9
1274860 1330.4
1274870 1329.1
1274880 1329.1
1274890 1327.7
1274900 1326.1
1274910 1326.1
1274920 1324.6
1274930 1323.2
1274940 1323.2
1274950 1321.3
1274960 1320.3
1274970 1320.3
1274980 1319.1
1274990 1316.9
1275000 1316.9
1275010 1314.2
1275020 1312.0
1275030 1310.0
1275040 1310.0
1275050 1308.2
1275060 1307.0
1275070 1307.0
1275080 1305.6
1275090 1303.8
1275100 1303.8
1275110 1301.9
1275120 1300.6
1275130 1300.6
1275140 1299.9
1275150 1299.3
1275160 1299.3
1275170 1298.3
1275180 1296.9
1275190 1296.9
1275200 1295.2
1275210 1293.8
1275220 1293.8
1275230 1292.2
1275240 1291.5
1275250 1290.9
1275260 1290.9
1275270 1290.2
1275280 1289.5
1275290 1289.5
1275300 1288.4
1275310 1286.7
1275320 1286.7
1275330 1284.5
1275340 1281.7
1275350 1281.7
1275360 1279.2
1275370 1276.4
1275380 1276.4
1275390 1273.4
1275400 1269.6
1275410 1269.6
1275420 1265.2
1275430 1260.5
1275440 1260.5
1275450 1256.2
1275460 1252.9
1275470 1249.8
1275480 1249.8
1275490 1246.0
1275500 1242.1
1275510 1242.1
1275520 1238.4
1275530 1234.8
1275540 1234.8
1275550 1232.3
1275560 1228.2
1275570 1228.2
1275580 1224.0
1275590 1219.9
1275600 1219.9
1275610 1216.6
1275620 1213.0
1275630 1213.0
1275640 1208.2
1275650 1202.7
1275660 1202.7
1275670 1196.7
1275680 1190.9
1275690 1185.3
1275700 1185.3
1275710 1180.3
1275720 1177.1
1275730 1177.1
1275740 1177.4
1275750 1178.8
1275760 1178.8
1275770 1176.6
1275780 1173.2
1275790 1173.2
1275800 1169.2
1275810 1164.1
1275820 1164.1
1275830 1159.5
1275840 1155.0
1275850 1155.0
1275860 1150.3
1275870 1145.3
1275880 1145.3
1275890 1139.5
1275900 1133.7
1275910 1128.4
1275920 1128.4
1275930 1123.1
1275940 1120.5
1275950 1120.5
1275960 1118.3
1275970 1113.3
1275980 1113.3
1275990 1112.7
1276000 1113.3
1276010 1113.3
1276020 1111.2
1276030 1107.0
1276040 1107.0
1276050 1105.7
1276060 1105.1
1276070 1105.1
1276080 1104.5
1276090 1103.0
1276100 1103.0
1276110 1098.9
1276120 1093.4
1276130 1093.4
1276140 1086.3
1276150 1079.1
1276160 1075.8
1276170 1075.8
1276180 1069.7
1276190 1062.3
1276200 1062.3
1276210 1055.0
1276220 1048.7
1276230 1048.7
1276240 1043.6
1276250 1041.1
1276260 1041.1
1276270 1040.5
1276280 1040.4
1276290 1040.4
1276300 1039.0
1276310 1037.3
1276320 1037.3
1276330 1036.4
1276340 1035.7
1276350 1035.7
1276360 1035.6
1276370 1033.1
1276380 1033.2
1276390 1033.2
1276400 1033.6
1276410 1033.6
1276420 1033.6
1276430 1033.5
1276440 1033.4
1276450 1033.4
1276460 1033.1
1276470 1033.1
1276480 1033.1
1276490 1033.1
1276500 1032.7
1276510 1032.7
1276520 1030.9
1276530 1029.6
1276540 1029.6
1276550 1031.5
1276560 1033.5
1276570 1033.5
1276580 1034.9
1276590 1036.6
1276600 1041.0
1276610 1041.0
1276620 1047.5
1276630 1055.2
1276640 1055.2
1276650 1063.0
1276660 1070.1
1276670 1070.1
1276680 1072.8
1276690 1073.5
1276700 1073.5
1276710 1074.4
1276720 1075.4
1276730 1075.4
1276740 1076.6
1276750 1078.0
1276760 1078.0
1276770 1079.7
1276780 1081.1
1276790 1081.1
1276800 1082.4
1276810 1083.8
1276820 1085.6
1276830 1085.6
1276840 1087.7
1276850 1088.9
1276860 1088.9
1276870 1089.7
1276880 1091.1
1276890 1091.1
1276900 1092.9
1276910 1094.0
1276920 1094.0
1276930 1095.7
1276940 1096.6
1276950 1096.6
1276960 1098.1
1276970 1100.0
1276980 1100.0
1276990 1101.2
1277000 1102.0
1277010 1102.0
1277020 1102.9
1277030 1104.6
1277040 1106.4
1277050 1106.4
1277060 1108.2
1277070 1110.3
1277080 1110.3
1277090 1112.2
1277100 1113.1
1277110 1113.1
1277120 1114.4
1277130 1115.9
1277140 1115.9
1277150 1117.4
1277160 1119.0
1277170 1119.0
1277180 1120.5
1277190 1122.1
1277200 1122.1
1277210 1123.9
1277220 1125.7
1277230 1125.7
1277240 1127.4
1277250 1129.1
1277260 1130.8
1277270 1130.8
1277280 1132.4
1277290 1134.2
1277300 1134.2
1277310 1135.9
1277320 1137.8
1277330 1137.8
1277340 1139.9
1277350 1141.6
1277360 1141.6
1277370 1143.3
1277380 1145.9
1277390 1145.9
1277400 1148.6
1277410 1151.8
1277420 1151.8
1277430 1154.8
1277440 1158.7
1277450 1158.7
1277460 1162.7
1277470 1165.1
1277480 1166.8
1277490 1166.8
1277500 1168.8
1277510 1170.7
1277520 1170.7
1277530 1172.4
1277540 1174.3
1277550 1174.3
1277560 1176.8
1277570 1181.2
1277580 1181.2
1277590 1186.9
1277600 1193.6
1277610 1193.6
1277620 1199.9
1277630 1204.9
1277640 1204.9
1277650 1209.9
1277660 1214.1
1277670 1214.1
1277680 1216.2
1277690 1218.6
1277700 1221.1
1277710 1221.1
1277720 1223.0
1277730 1224.7
1277740 1224.7
1277750 1226.7
1277760 1228.5
1277770 1228.5
1277780 1230.2
1277790 1231.3
1277800 1231.3
1277810 1231.4
1277820 1231.4
1277830 1231.4
1277840 1231.8
1277850 1232.9
1277860 1232.9
1277870 1234.4
1277880 1236.3
1277890 1236.3
1277900 1238.6
1277910 1241.5
1277920 1241.5
1277930 1245.4
1277940 1251.3
1277950 1258.3
1277960 1258.3
1277970 1265.0
1277980 1271.1
1277990 1271.1
1278000 1279.3
1278010 1285.6
1278020 1285.6
1278030 1291.5
1278040 1296.9
1278050 1296.9
1278060 1302.5
1278070 1308.7
1278080 1308.7
1278090 1314.2
1278100 1319.6
1278110 1319.6
1278120 1324.8
1278130 1329.9
1278140 1329.9
1278150 1334.9
1278160 1339.5
1278170 1344.6
1278180 1344.6
1278190 1349.6
1278200 1353.5
1278210 1353.5
1278220 1356.5
1278230 1359.7
1278240 1359.7
1278250 1363.3
1278260 1365.9
1278270 1365.9
1278280 1367.2
1278290 1367.6
1278300 1367.6
1278310 1369.6
1278320 1372.7
1278330 1372.7
1278340 1377.4
1278350 1382.3
1278360 1382.3
1278370 1386.8
1278380 1392.0
1278390 1397.1
1278400 1397.1
1278410 1402.6
1278420 1408.5
1278430 1408.5
1278440 1411.0
1278450 1414.9
1278460 1414.9
1278470 1422.4
1278480 1428.4
1278490 1428.4
1278500 1433.8
1278510 1438.5
1278520 1438.5
1278530 1443.4
1278540 1447.3
1278550 1447.3
1278560 1451.9
1278570 1457.8
1278580 1457.8
1278590 1463.5
1278600 1467.8
1278610 1465.2
1278620 1465.2
1278630 1468.6
1278640 1471.8
1278650 1471.8
1278660 1474.5
1278670 1477.8
1278680 1477.8
1278690 1481.3
1278700 1484.1
1278710 1484.1
1278720 1486.3
1278730 1487.3
1278740 1487.3
1278750 1488.8
1278760 1491.3
1278770 1491.3
1278780 1493.0
1278790 1493.3
1278800 1493.3
1278810 1493.3
1278820 1495.3
1278830 1499.0
1278840 1499.0
1278850 1503.2
1278860 1505.1
1278870 1505.1
1278880 1505.8
1278890 1509.9
1278900 1509.9
1278910 1515.2
1278920 1521.4
1278930 1521.4
1278940 1527.9
1278950 1533.9
1278960 1533.9
1278970 1539.0
1278980 1544.5
1278990 1544.5
1279000 1548.3
1279010 1549.9
1279020 1549.9
1279030 1552.7
1279040 1558.8
1279050 1564.8
1279060 1564.8
1279070 1571.1
1279080 1576.6
1279090 1576.6
1279100 1582.4
1279110 1588.2
1279120 1588.2
1279130 1593.1
1279140 1597.8
1279150 1597.8
1279160 1601.5
1279170 1606.5
1279180 1606.5
1279190 1613.0
1279200 1620.1
1279210 1620.1
1279220 1626.6
1279230 1633.9
1279240 1633.9
1279250 1638.5
1279260 1643.4
1279270 1648.2
1279280 1648.2
1279290 1654.0
1279300 1659.6
1279310 1659.6
1279320 1665.6
1279330 1669.9
1279340 1669.9
1279350 1672.8
1279360 1676.7
1279370 1676.7
1279380 1680.7
1279390 1684.2
1279400 1684.2
1279410 1687.2
1279420 1690.4
1279430 1690.4
1279440 1694.4
1279450 1700.0
1279460 1700.0
1279470 1705.8
1279480 1711.5
1279490 1718.1
1279500 1718.1
1279510 1724.1
1279520 1731.2
1279530 1731.2
1279540 1738.3
1279550 1744.8
1279560 1744.8
1279570 1751.8
1279580 1759.4
1279590 1759.4
1279600 1766.2
1279610 1772.9
1279620 1772.9
1279630 1777.7
1279640 1782.3
1279650 1782.3
1279660 1786.3
1279670 1790.0
1279680 1790.0
1279690 1794.8
1279700 1800.6
1279710 1800.6
1279720 1806.1
1279730 1811.9
1279740 1817.0
1279750 1817.0
1279760 1821.3
1279770 1824.7
1279780 1824.7
1279790 1830.3
1279800 1837.9
1279810 1837.9
1279820 1843.0
1279830 1847.9
1279840 1847.9
1279850 1854.5
1279860 1857.9
1279870 1857.9
1279880 1862.6
1279890 1868.8
1279900 1868.8
1279910 1874.1
1279920 1877.6
1279930 1877.6
1279940 1881.4
1279950 1886.6
1279960 1891.5
1279970 1891.5
1279980 1893.7
1279990 1895.2
1260000 1776
1260010 1777
1260020 1777
1260030 1778
1260040 1780
1260050 1782
1260060 1784
1260070 1786
1260080 1787
1260090 1789
1260100 1791
1260110 1792
1260120 1793
1260130 1793
1260140 1795
1260150 1798
1260160 1801
1260170 1804
1260180 1807
1260190 1809
1260200 1812
1260210 1815
1260220 1818
1260230 1820
1260240 1823
1260250 1826
1260260 1829
1260270 1831
1260280 1833
1260290 1836
1260300 1838
1260310 1841
1260320 1845
1260330 1848
1260340 1850
1260350 1852
1260360 1853
1260370 1853
1260380 1854
1260390 1854
1260400 1853
1260410 1853
1260420 1852
1260430 1851
1260440 1849
1260450 1847
1260460 1845
1260470 1844
1260480 1844
1260490 1843
1260500 1844
1260510 1844
1260520 1845
1260530 1846
1260540 1846
1260550 1846
1260560 1846
1260570 1845
1260580 1844
1260590 1844
1260600 1843
1260610 1842
1260620 1841
1260630 1837
1260640 1833
1260650 1829
1260660 1825
1260670 1820
1260680 1816
1260690 1811
1260700 1808
1260710 1806
1260720 1806
1260730 1803
1260740 1800
1260750 1798
1260760 1795
1260770 1793
1260780 1791
1260790 1788
1260800 1786
1260810 1783
1260820 1779
1260830 1776
1260840 1773
1260850 1770
1260860 1767
1260870 1763
1260880 1759
1260890 1755
1260900 1752
1260910 1748
1260920 1744
1260930 1739
1260940 1735
1260950 1731
1260960 1726
1260970 1722
1260980 1718
1260990 1713
1261000 1708
1261010 1703
1261020 1699
1261030 1694
1261040 1690
1261050 1685
1261060 1681
1261070 1677
1261080 1673
1261090 1671
1261100 1667
1261110 1664
1261120 1661
1261130 1658
1261140 1655
1261150 1652
1261160 1649
1261170 1646
1261180 1643
1261190 1640
1261200 1636
1261210 1633
1261220 1629
1261230 1624
1261240 1619
1261250 1614
1261260 1609
1261270 1603
1261280 1598
1261290 1593
1261300 1589
1261310 1584
1261320 1580
1261330 1576
1261340 1571
1261350 1567
1261360 1563
1261370 1558
1261380 1554
1261390 1550
1261400 1545
1261410 1541
1261420 1537
1261430 1533
1261440 1528
1261450 1523
1261460 1518
1261470 1514
1261480 1510
1261490 1507
1261500 1503
1261510 1500
1261520 1498
1261530 1495
1261540 1493
1261550 1490
1261560 1488
1261570 1485
1261580 1482
1261590 1480
1261600 1477
1261610 1475
1261620 1473
1261630 1470
1261640 1468
1261650 1465
1261660 1463
1261670 1460
1261680 1458
1261690 1456
1261700 1453
1261710 1451
1261720 1448
1261730 1445
1261740 1442
1261750 1440
1261760 1437
1261770 1435
1261780 1432
1261790 1429
1261800 1427
1261810 1424
1261820 1421
1261830 1420
1261840 1418
1261850 1416
1261860 1412
1261870 1408
1261880 1404
1261890 1399
1261900 1395
1261910 1393
1261920 1391
1261930 1390
1261940 1388
1261950 1385
1261960 1382
1261970 1379
1261980 1376
1261990 1372
1262000 1369
1262010 1365
1262020 1363
1262030 1361
1262040 1360
1262050 1359
1262060 1357
1262070 1354
1262080 1351
1262090 1348
1262100 1347
1262110 1350
1262120 1352
1262130 1352
1262140 1350
1262150 1348
1262160 1348
1262170 1352
1262180 1356
1262190 1360
1262200 1361
1262210 1362
1262220 1363
1262230 1364
1262240 1366
1262250 1367
1262260 1369
1262270 1370
1262280 1370
1262290 1372
1262300 1373
1262310 1374
1262320 1375
1262330 1377
1262340 1376
1262350 1374
1262360 1376
1262370 1377
1262380 1378
1262390 1379
1262400 1381
1262410 1384
1262420 1389
1262430 1394
1262440 1398
1262450 1400
1262460 1401
1262470 1403
1262480 1405
1262490 1408
1262500 1410
1262510 1413
1262520 1416
1262530 1419
1262540 1422
1262550 1425
1262560 1429
1262570 1433
1262580 1438
1262590 1443
1262600 1449
1262610 1454
1262620 1459
1262630 1464
1262640 1469
1262650 1473
1262660 1478
1262670 1483
1262680 1487
1262690 1492
1262700 1496
1262710 1500
1262720 1505
1262730 1509
1262740 1514
1262750 1519
1262760 1525
1262770 1530
1262780 1535
1262790 1541
1262800 1546
1262810 1551
1262820 1555
1262830 1560
1262840 1564
1262850 1568
1262860 1573
1262870 1576
1262880 1581
1262890 1586
1262900 1594
1262910 1601
1262920 1606
1262930 1608
1262940 1610
1262950 1615
1262960 1616
1262970 1616
1262980 1616
1262990 1618
1263000 1622
1263010 1626
1263020 1631
1263030 1636
1263040 1641
1263050 1644
1263060 1646
1263070 1647
1263080 1647
1263090 1655
1263100 1665
1263110 1675
1263120 1680
1263130 1685
1263140 1690
1263150 1695
1263160 1701
1263170 1708
1263180 1713
1263190 1719
1263200 1726
1263210 1736
1263220 1745
1263230 1754
1263240 1751
1263250 1749
1263260 1749
1263270 1754
1263280 1763
1263290 1774
1263300 1785
1263310 1801
1263320 1817
1263330 1830
1263340 1843
1263350 1853
1263360 1856
1263370 1859
1263380 1864
1263390 1871
1263400 1876
1263410 1881
1263420 1886
1263430 1898
1263440 1910
1263450 1923
1263460 1938
1263470 1950
1263480 1962
1263490 1982
1263500 1996
1263510 2005
1263520 2010
1263530 2009
1263540 2007
1263550 2010
1263560 2011
1263570 2010
1263580 2008
1263590 2001
1263600 1996
1263610 1995
1263620 1991
1263630 2001
1263640 2024
1263650 2034
1263660 2044
1263670 2055
1263680 2079
1263690 2110
1263700 2143
1263710 2155
1263720 2169
1263730 2182
1263740 2191
1263750 2198
1263760 2202
1263770 2202
1263780 2203
1263790 2203
1263800 2200
1263810 2200
1263820 2200
1263830 2201
1263840 2204
1263850 2207
1263860 2211
1263870 2215
1263880 2218
1263890 2222
1263900 2224
1263910 2230
1263920 2239
1263930 2250
1263940 2266
1263950 2282
1263960 2293
1263970 2307
1263980 2320
1263990 2332
1264000 2341
1264010 2348
1264020 2355
1264030 2362
1264040 2368
1264050 2373
1264060 2381
1264070 2385
1264080 2384
1264090 2386
1264100 2390
1264110 2394
1264120 2399
1264130 2403
1264140 2408
1264150 2412
1264160 2417
1264170 2422
1264180 2426
1264190 2430
1264200 2435
1264210 2440
1264220 2445
1264230 2449
1264240 2454
1264250 2459
1264260 2464
1264270 2469
1264280 2474
1264290 2479
1264300 2485
1264310 2489
1264320 2494
1264330 2499
1264340 2504
1264350 2508
1264360 2511
1264370 2514
1264380 2514
1264390 2511
1264400 2507
1264410 2502
1264420 2498
1264430 2493
1264440 2489
1264450 2484
1264460 2479
1264470 2474
1264480 2469
1264490 2465
1264500 2461
1264510 2457
1264520 2454
1264530 2451
1264540 2448
1264550 2445
1264560 2443
1264570 2441
1264580 2440
1264590 2439
1264600 2438
1264610 2437
1264620 2438
1264630 2438
1264640 2437
1264650 2435
1264660 2433
1264670 2432
1264680 2431
1264690 2430
1264700 2429
1264710 2429
1264720 2428
1264730 2427
1264740 2426
1264750 2426
1264760 2426
1264770 2426
1264780 2426
1264790 2426
1264800 2427
1264810 2428
1264820 2428
1264830 2427
1264840 2428
1264850 2428
1264860 2428
1264870 2428
1264880 2427
1264890 2427
1264900 2426
1264910 2426
1264920 2426
1264930 2425
1264940 2425
1264950 2425
1264960 2425
1264970 2426
1264980 2427
1264990 2430
1265000 2432
1265010 2435
1265020 2439
1265030 2447
1265040 2452
1265050 2454
1265060 2454
1265070 2454
1265080 2455
1265090 2457
1265100 2461
1265110 2464
1265120 2465
1265130 2464
1265140 2464
1265150 2463
1265160 2461
1265170 2459
1265180 2457
1265190 2455
1265200 2452
1265210 2451
1265220 2455
1265230 2457
1265240 2459
1265250 2460
1265260 2461
1265270 2462
1265280 2464
1265290 2465
1265300 2466
1265310 2467
1265320 2468
1265330 2469
1265340 2469
1265350 2470
1265360 2472
1265370 2475
1265380 2477
1265390 2478
1265400 2479
1265410 2481
1265420 2482
1265430 2483
1265440 2484
1265450 2484
1265460 2483
1265470 2481
1265480 2479
1265490 2479
1265500 2484
1265510 2486
1265520 2488
1265530 2488
1265540 2489
1265550 2489
1265560 2489
1265570 2487
1265580 2487
1265590 2489
1265600 2491
1265610 2493
1265620 2498
1265630 2512
1265640 2513
1265650 2506
1265660 2507
1265670 2510
1265680 2516
1265690 2532
1265700 2532
1265710 2531
1265720 2539
1265730 2544
1265740 2547
1265750 2549
1265760 2547
1265770 2544
1265780 2540
1265790 2534
1265800 2530
1265810 2526
1265820 2527
1265830 2528
1265840 2530
1265850 2529
1265860 2529
1265870 2528
1265880 2527
1265890 2528
1265900 2529
1265910 2530
1265920 2536
1265930 2540
1265940 2538
1265950 2535
1265960 2531
1265970 2528
1265980 2524
1265990 2519
1266000 2515
1266010 2511
1266020 2507
1266030 2502
1266040 2498
1266050 2493
1266060 2488
1266070 2483
1266080 2478
1266090 2474
1266100 2469
1266110 2462
1266120 2455
1266130 2447
1266140 2441
1266150 2435
1266160 2430
1266170 2424
1266180 2418
1266190 2414
1266200 2408
1266210 2404
1266220 2401
1266230 2398
1266240 2395
1266250 2391
1266260 2385
1266270 2381
1266280 2379
1266290 2377
1266300 2374
1266310 2371
1266320 2369
1266330 2364
1266340 2360
1266350 2354
1266360 2349
1266370 2343
1266380 2335
1266390 2328
1266400 2321
1266410 2315
1266420 2309
1266430 2302
1266440 2296
1266450 2290
1266460 2285
1266470 2280
1266480 2276
1266490 2272
1266500 2268
1266510 2264
1266520 2258
1266530 2252
1266540 2244
1266550 2235
1266560 2225
1266570 2219
1266580 2213
1266590 2207
1266600 2201
1266610 2195
1266620 2189
1266630 2183
1266640 2178
1266650 2173
1266660 2169
1266670 2164
1266680 2160
1266690 2155
1266700 2149
1266710 2145
1266720 2141
1266730 2136
1266740 2132
1266750 2128
1266760 2124
1266770 2119
1266780 2114
1266790 2109
1266800 2104
1266810 2100
1266820 2095
1266830 2091
1266840 2086
1266850 2082
1266860 2077
1266870 2073
1266880 2069
1266890 2064
1266900 2060
1266910 2056
1266920 2051
1266930 2047
1266940 2043
1266950 2039
1266960 2035
1266970 2032
1266980 2028
1266990 2025
1267000 2022
1267010 2018
1267020 2014
1267030 2010
1267040 2006
1267050 2002
1267060 1999
1267070 1995
1267080 1992
1267090 1989
1267100 1985
1267110 1982
1267120 1979
1267130 1976
1267140 1973
1267150 1970
1267160 1968
1267170 1966
1267180 1963
1267190 1961
1267200 1959
1267210 1958
1267220 1956
1267230 1955
1267240 1953
1267250 1951
1267260 1949
1267270 1947
1267280 1945
1267290 1944
1267300 1943
1267310 1942
1267320 1941
1267330 1939
1267340 1938
1267350 1937
1267360 1936
1267370 1935
1267380 1934
1267390 1933
1267400 1932
1267410 1931
1267420 1929
1267430 1926
1267440 1924
1267450 1923
1267460 1923
1267470 1923
1267480 1924
1267490 1923
1267500 1923
1267510 1922
1267520 1921
1267530 1921
1267540 1923
1267550 1924
1267560 1925
1267570 1927
1267580 1930
1267590 1933
1267600 1937
1267610 1941
1267620 1946
1267630 1950
1267640 1954
1267650 1958
1267660 1961
1267670 1963
1267680 1966
1267690 1968
1267700 1970
1267710 1971
1267720 1971
1267730 1971
1267740 1969
1267750 1967
1267760 1965
1267770 1966
1267780 1965
1267790 1965
1267800 1966
1267810 1969
1267820 1973
1267830 1977
1267840 1981
1267850 1985
1267860 1989
1267870 1992
1267880 1994
1267890 1998
1267900 2002
1267910 2005
1267920 2008
1267930 2006
1267940 2003
1267950 1998
1267960 1994
1267970 1990
1267980 1986
1267990 1984
1268000 1982
1268010 1982
1268020 1985
1268030 1987
1268040 1988
1268050 1985
1268060 1979
1268070 1974
1268080 1979
1268090 1983
1268100 1987
1268110 1991
1268120 1996
1268130 2001
1268140 2003
1268150 2005
1268160 2007
1268170 2009
1268180 2010
1268190 2011
1268200 2009
1268210 2005
1268220 2003
1268230 2001
1268240 2000
1268250 1998
1268260 1996
1268270 1998
1268280 2002
1268290 2007
1268300 2012
1268310 2027
1268320 2042
1268330 2046
1268340 2049
1268350 2051
1268360 2054
1268370 2059
1268380 2064
1268390 2069
1268400 2073
1268410 2075
1268420 2075
1268430 2075
1268440 2075
1268450 2074
1268460 2072
1268470 2069
1268480 2067
1268490 2063
1268500 2061
1268510 2059
1268520 2058
1268530 2056
1268540 2054
1268550 2052
1268560 2049
1268570 2045
1268580 2042
1268590 2039
1268600 2035
1268610 2032
1268620 2028
1268630 2025
1268640 2021
1268650 2017
1268660 2014
1268670 2010
1268680 2006
1268690 2002
1268700 1998
1268710 1994
1268720 1991
1268730 1987
1268740 1984
1268750 1980
1268760 1976
1268770 1973
1268780 1968
1268790 1964
1268800 1958
1268810 1952
1268820 1947
1268830 1943
1268840 1944
1268850 1947
1268860 1952
1268870 1956
1268880 1960
1268890 1963
1268900 1963
1268910 1963
1268920 1961
1268930 1960
1268940 1960
1268950 1959
1268960 1960
1268970 1960
1268980 1961
1268990 1962
1269000 1963
1269010 1964
1269020 1963
1269030 1961
1269040 1960
1269050 1957
1269060 1954
1269070 1951
1269080 1948
1269090 1943
1269100 1939
1269110 1936
1269120 1934
1269130 1932
1269140 1930
1269150 1928
1269160 1925
1269170 1921
1269180 1917
1269190 1914
1269200 1912
1269210 1913
1269220 1912
1269230 1910
1269240 1908
1269250 1910
1269260 1913
1269270 1916
1269280 1920
1269290 1925
1269300 1928
1269310 1932
1269320 1935
1269330 1939
1269340 1943
1269350 1949
1269360 1956
1269370 1963
1269380 1967
1269390 1970
1269400 1972
1269410 1975
1269420 1978
1269430 1981
1269440 1984
1269450 1985
1269460 1986
1269470 1988
1269480 1990
1269490 1992
1269500 1995
1269510 1998
1269520 2000
1269530 2003
1269540 2006
1269550 2008
1269560 2011
1269570 2013
1269580 2015
1269590 2016
1269600 2017
1269610 2017
1269620 2017
1269630 2016
1269640 2015
1269650 2014
1269660 2013
1269670 2012
1269680 2010
1269690 2009
1269700 2007
1269710 2005
1269720 2003
1269730 2000
1269740 1998
1269750 1994
1269760 1991
1269770 1987
1269780 1982
1269790 1979
1269800 1978
1269810 1980
1269820 1981
1269830 1981
1269840 1980
1269850 1979
1269860 1978
1269870 1975
1269880 1972
1269890 1969
1269900 1966
1269910 1964
1269920 1961
1269930 1960
1269940 1959
1269950 1959
1269960 1959
1269970 1959
1269980 1960
1269990 1960
1270000 1960
1270010 1959
1270020 1958
1270030 1957
1270040 1956
1270050 1955
1270060 1954
1270070 1953
1270080 1952
1270090 1951
1270100 1950
1270110 1949
1270120 1948
1270130 1948
1270140 1948
1270150 1948
1270160 1945
1270170 1944
1270180 1944
1270190 1946
1270200 1948
1270210 1950
1270220 1951
1270230 1952
1270240 1954
1270250 1955
1270260 1957
1270270 1959
1270280 1961
1270290 1963
1270300 1966
1270310 1968
1270320 1971
1270330 1974
1270340 1976
1270350 1978
1270360 1981
1270370 1983
1270380 1987
1270390 1991
1270400 1995
1270410 1997
1270420 1997
1270430 1996
1270440 1994
1270450 1992
1270460 1988
1270470 1984
1270480 1980
1270490 1976
1270500 1972
1270510 1970
1270520 1967
1270530 1964
1270540 1961
1270550 1959
1270560 1956
1270570 1953
1270580 1950
1270590 1947
1270600 1943
1270610 1940
1270620 1936
1270630 1934
1270640 1932
1270650 1932
1270660 1933
1270670 1935
1270680 1939
1270690 1941
1270700 1943
1270710 1943
1270720 1943
1270730 1942
1270740 1941
1270750 1939
1270760 1939
1270770 1938
1270780 1936
1270790 1936
1270800 1935
1270810 1935
1270820 1934
1270830 1934
1270840 1933
1270850 1933
1270860 1932
1270870 1932
1270880 1930
1270890 1929
1270900 1928
1270910 1928
1270920 1927
1270930 1926
1270940 1925
1270950 1924
1270960 1922
1270970 1921
1270980 1920
1270990 1918
1271000 1916
1271010 1915
1271020 1913
1271030 1912
1271040 1911
1271050 1909
1271060 1908
1271070 1906
1271080 1903
1271090 1901
1271100 1899
1271110 1897
1271120 1895
1271130 1894
1271140 1892
1271150 1891
1271160 1890
1271170 1889
1271180 1888
1271190 1887
1271200 1886
1271210 1885
1271220 1884
1271230 1882
1271240 1881
1271250 1880
1271260 1879
1271270 1879
1271280 1879
1271290 1880
1271300 1881
1271310 1880
1271320 1879
1271330 1876
1271340 1874
1271350 1872
1271360 1870
1271370 1869
1271380 1868
1271390 1867
1271400 1866
1271410 1865
1271420 1863
1271430 1861
1271440 1859
1271450 1858
1271460 1857
1271470 1857
1271480 1857
1271490 1857
1271500 1858
1271510 1858
1271520 1858
1271530 1857
1271540 1858
1271550 1858
1271560 1859
1271570 1860
1271580 1861
1271590 1861
1271600 1862
1271610 1862
1271620 1861
1271630 1861
1271640 1861
1271650 1861
1271660 1862
1271670 1862
1271680 1862
1271690 1863
1271700 1862
1271710 1862
1271720 1861
1271730 1860
1271740 1859
1271750 1858
1271760 1857
1271770 1856
1271780 1855
1271790 1854
1271800 1852
1271810 1850
1271820 1848
1271830 1846
1271840 1845
1271850 1843
1271860 1841
1271870 1839
1271880 1837
1271890 1836
1271900 1834
1271910 1831
1271920 1831
1271930 1830
1271940 1829
1271950 1828
1271960 1827
1271970 1826
1271980 1824
1271990 1822
1272000 1820
1272010 1819
1272020 1817
1272030 1815
1272040 1813
1272050 1812
1272060 1810
1272070 1809
1272080 1807
1272090 1806
1272100 1804
1272110 1804
1272120 1804
1272130 1804
1272140 1804
1272150 1803
1272160 1802
1272170 1801
1272180 1799
1272190 1798
1272200 1797
1272210 1796
1272220 1796
1272230 1795
1272240 1793
1272250 1792
1272260 1789
1272270 1788
1272280 1786
1272290 1783
1272300 1780
1272310 1778
1272320 1776
1272330 1779
1272340 1781
1272350 1782
1272360 1782
1272370 1783
1272380 1782
1272390 1782
1272400 1781
1272410 1781
1272420 1780
1272430 1780
1272440 1779
1272450 1778
1272460 1777
1272470 1776
1272480 1775
1272490 1774
1272500 1773
1272510 1772
1272520 1771
1272530 1770
1272540 1770
1272550 1770
1272560 1770
1272570 1770
1272580 1770
1272590 1770
1272600 1769
1272610 1769
1272620 1768
1272630 1767
1272640 1767
1272650 1765
1272660 1764
1272670 1762
1272680 1761
1272690 1759
1272700 1758
1272710 1755
1272720 1752
1272730 1749
1272740 1746
1272750 1743
1272760 1740
1272770 1737
1272780 1734
1272790 1731
1272800 1728
1272810 1725
1272820 1724
1272830 1727
1272840 1729
1272850 1731
1272860 1733
1272870 1735
1272880 1737
1272890 1740
1272900 1742
1272910 1743
1272920 1744
1272930 1743
1272940 1742
1272950 1740
1272960 1739
1272970 1736
1272980 1734
1272990 1731
1273000 1728
1273010 1724
1273020 1721
1273030 1718
1273040 1715
1273050 1712
1273060 1709
1273070 1705
1273080 1702
1273090 1699
1273100 1697
1273110 1695
1273120 1693
1273130 1693
1273140 1692
1273150 1691
1273160 1690
1273170 1689
1273180 1688
1273190 1687
1273200 1686
1273210 1682
1273220 1680
1273230 1678
1273240 1675
1273250 1673
1273260 1670
1273270 1668
1273280 1665
1273290 1662
1273300 1660
1273310 1657
1273320 1654
1273330 1650
1273340 1646
1273350 1642
1273360 1638
1273370 1634
1273380 1630
1273390 1626
1273400 1624
1273410 1622
1273420 1620
1273430 1618
1273440 1617
1273450 1616
1273460 1615
1273470 1614
1273480 1612
1273490 1611
1273500 1609
1273510 1607
1273520 1605
1273530 1603
1273540 1601
1273550 1599
1273560 1598
1273570 1598
1273580 1597
1273590 1595
1273600 1593
1273610 1591
1273620 1588
1273630 1586
1273640 1583
1273650 1581
1273660 1579
1273670 1577
1273680 1575
1273690 1573
1273700 1571
1273710 1571
1273720 1569
1273730 1566
1273740 1564
1273750 1562
1273760 1560
1273770 1558
1273780 1556
1273790 1554
1273800 1551
1273810 1549
1273820 1548
1273830 1546
1273840 1546
1273850 1546
1273860 1545
1273870 1543
1273880 1542
1273890 1541
1273900 1539
1273910 1538
1273920 1536
1273930 1536
1273940 1533
1273950 1530
1273960 1525
1273970 1520
1273980 1516
1273990 1512
1274000 1507
1274010 1503
1274020 1499
1274030 1495
1274040 1492
1274050 1488
1274060 1486
1274070 1484
1274080 1484
1274090 1483
1274100 1482
1274110 1481
1274120 1479
1274130 1476
1274140 1473
1274150 1470
1274160 1467
1274170 1464
1274180 1461
1274190 1458
1274200 1454
1274210 1450
1274220 1446
1274230 1441
1274240 1437
1274250 1433
1274260 1430
1274270 1428
1274280 1424
1274290 1421
1274300 1417
1274310 1415
1274320 1413
1274330 1411
1274340 1408
1274350 1405
1274360 1403
1274370 1399
1274380 1395
1274390 1392
1274400 1388
1274410 1385
1274420 1383
1274430 1380
1274440 1379
1274450 1378
1274460 1377
1274470 1376
1274480 1375
1274490 1374
1274500 1372
1274510 1371
1274520 1370
1274530 1369
1274540 1368
1274550 1367
1274560 1366
1274570 1365
1274580 1364
1274590 1363
1274600 1361
1274610 1359
1274620 1357
1274630 1354
1274640 1352
1274650 1350
1274660 1349
1274670 1348
1274680 1348
1274690 1347
1274700 1347
1274710 1346
1274720 1345
1274730 1345
1274740 1343
1274750 1343
1274760 1342
1274770 1341
1274780 1340
1274790 1339
1274800 1337
1274810 1336
1274820 1335
1274830 1333
1274840 1332
1274850 1331
1274860 1330
1274870 1329
1274880 1328
1274890 1327
1274900 1326
1274910 1325
1274920 1324
1274930 1323
1274940 1322
1274950 1321
1274960 1320
1274970 1320
1274980 1319
1274990 1317
1275000 1315
1275010 1313
1275020 1312
1275030 1311
1275040 1309
1275050 1308
1275060 1307
1275070 1306
1275080 1305
1275090 1304
1275100 1303
1275110 1301
1275120 1300
1275130 1300
1275140 1299
1275150 1299
1275160 1299
1275170 1298
1275180 1297
1275190 1295
1275200 1294
1275210 1293
1275220 1292
1275230 1291
1275240 1291
1275250 1290
1275260 1290
1275270 1290
1275280 1289
1275290 1288
1275300 1287
1275310 1286
1275320 1285
1275330 1284
1275340 1282
1275350 1280
1275360 1278
1275370 1276
1275380 1274
1275390 1272
1275400 1270
1275410 1267
1275420 1264
1275430 1260
1275440 1257
1275450 1255
1275460 1253
1275470 1251
1275480 1248
1275490 1246
1275500 1243
1275510 1241
1275520 1238
1275530 1236
1275540 1233
1275550 1230
1275560 1227
1275570 1224
1275580 1222
1275590 1219
1275600 1217
1275610 1215
1275620 1213
1275630 1209
1275640 1206
1275650 1202
1275660 1198
1275670 1194
1275680 1190
1275690 1186
1275700 1183
1275710 1180
1275720 1177
1275730 1175
1275740 1175
1275750 1176
1275760 1177
1275770 1176
1275780 1174
1275790 1171
1275800 1168
1275810 1164
1275820 1161
1275830 1158
1275840 1155
1275850 1152
1275860 1149
1275870 1145
1275880 1141
1275890 1137
1275900 1134
1275910 1130
1275920 1126
1275930 1122
1275940 1120
1275950 1120
1275960 1118
1275970 1113
1275980 1112
1275990 1112
1276000 1113
1276010 1112
1276020 1110
1276030 1107
1276040 1106
1276050 1105
1276060 1105
1276070 1104
1276080 1104
1276090 1103
1276100 1100
1276110 1097
1276120 1094
1276130 1089
1276140 1084
1276150 1079
1276160 1075
1276170 1071
1276180 1067
1276190 1062
1276200 1057
1276210 1052
1276220 1048
1276230 1044
1276240 1042
1276250 1041
1276260 1040
1276270 1040
1276280 1040
1276290 1040
1276300 1039
1276310 1037
1276320 1036
1276330 1036
1276340 1035
1276350 1035
1276360 1034
1276370 1032
1276380 1032
1276390 1033
1276400 1033
1276410 1033
1276420 1033
1276430 1033
1276440 1033
1276450 1032
1276460 1032
1276470 1032
1276480 1032
1276490 1032
1276500 1032
1276510 1031
1276520 1030
1276530 1029
1276540 1030
1276550 1031
1276560 1033
1276570 1034
1276580 1035
1276590 1036
1276600 1039
1276610 1043
1276620 1047
1276630 1052
1276640 1057
1276650 1062
1276660 1068
1276670 1071
1276680 1072
1276690 1073
1276700 1074
1276710 1074
1276720 1075
1276730 1076
1276740 1077
1276750 1077
1276760 1078
1276770 1079
1276780 1080
1276790 1081
1276800 1082
1276810 1083
1276820 1085
1276830 1086
1276840 1087
1276850 1088
1276860 1089
1276870 1090
1276880 1090
1276890 1091
1276900 1092
1276910 1093
1276920 1094
1276930 1095
1276940 1096
1276950 1097
1276960 1098
1276970 1099
1276980 1100
1276990 1101
1277000 1102
1277010 1102
1277020 1103
1277030 1104
1277040 1105
1277050 1106
1277060 1108
1277070 1109
1277080 1111
1277090 1112
1277100 1112
1277110 1113
1277120 1114
1277130 1116
1277140 1117
1277150 1118
1277160 1118
1277170 1119
1277180 1120
1277190 1121
1277200 1122
1277210 1124
1277220 1125
1277230 1126
1277240 1127
1277250 1128
1277260 1129
1277270 1130
1277280 1132
1277290 1133
1277300 1134
1277310 1135
1277320 1137
1277330 1138
1277340 1140
1277350 1141
1277360 1142
1277370 1143
1277380 1144
1277390 1146
1277400 1148
1277410 1151
1277420 1152
1277430 1155
1277440 1158
1277450 1162
1277460 1164
1277470 1166
1277480 1167
1277490 1168
1277500 1169
1277510 1170
1277520 1171
1277530 1173
1277540 1174
1277550 1175
1277560 1177
1277570 1179
1277580 1183
1277590 1187
1277600 1191
1277610 1195
1277620 1200
1277630 1203
1277640 1207
1277650 1210
1277660 1214
1277670 1216
1277680 1218
1277690 1219
1277700 1221
1277710 1222
1277720 1224
1277730 1225
1277740 1226
1277750 1228
1277760 1229
1277770 1229
1277780 1230
1277790 1231
1277800 1231
1277810 1231
1277820 1231
1277830 1231
1277840 1232
1277850 1232
1277860 1233
1277870 1234
1277880 1235
1277890 1237
1277900 1239
1277910 1241
1277920 1243
1277930 1247
1277940 1251
1277950 1256
1277960 1260
1277970 1265
1277980 1269
1277990 1273
1278000 1277
1278010 1281
1278020 1285
1278030 1290
1278040 1294
1278050 1297
1278060 1301
1278070 1306
1278080 1310
1278090 1314
1278100 1318
1278110 1322
1278120 1326
1278130 1329
1278140 1333
1278150 1336
1278160 1339
1278170 1343
1278180 1347
1278190 1350
1278200 1352
1278210 1355
1278220 1357
1278230 1359
1278240 1361
1278250 1364
1278260 1367
1278270 1367
1278280 1368
1278290 1369
1278300 1369
1278310 1370
1278320 1372
1278330 1375
1278340 1378
1278350 1382
1278360 1385
1278370 1388
1278380 1391
1278390 1395
1278400 1398
1278410 1402
1278420 1407
1278430 1409
1278440 1411
1278450 1413
1278460 1417
1278470 1422
1278480 1426
1278490 1430
1278500 1434
1278510 1437
1278520 1440
1278530 1443
1278540 1446
1278550 1448
1278560 1452
1278570 1456
1278580 1459
1278590 1462
1278600 1465
1278610 1468
1278620 1470
1278630 1472
1278640 1474
1278650 1475
1278660 1477
1278670 1479
1278680 1481
1278690 1483
1278700 1485
1278710 1487
1278720 1488
1278730 1489
1278740 1490
1278750 1492
1278760 1494
1278770 1495
1278780 1496
1278790 1497
1278800 1496
1278810 1496
1278820 1497
1278830 1499
1278840 1501
1278850 1504
1278860 1507
1278870 1507
1278880 1508
1278890 1509
1278900 1513
1278910 1516
1278920 1520
1278930 1524
1278940 1528
1278950 1532
1278960 1536
1278970 1540
1278980 1544
1278990 1547
1279000 1549
1279010 1551
1279020 1551
1279030 1554
1279040 1558
1279050 1562
1279060 1566
1279070 1570
1279080 1574
1279090 1578
1279100 1582
1279110 1586
1279120 1589
1279130 1593
1279140 1596
1279150 1599
1279160 1601
1279170 1603
1279180 1609
1279190 1614
1279200 1619
1279210 1624
1279220 1628
1279230 1632
1279240 1636
1279250 1640
1279260 1644
1279270 1648
1279280 1652
1279290 1656
1279300 1660
1279310 1664
1279320 1668
1279330 1671
1279340 1673
1279350 1675
1279360 1678
1279370 1681
1279380 1683
1279390 1685
1279400 1687
1279410 1689
1279420 1691
1279430 1693
1279440 1696
1279450 1700
1279460 1704
1279470 1707
1279480 1711
1279490 1716
1279500 1719
1279510 1724
1279520 1729
1279530 1734
1279540 1738
1279550 1743
1279560 1747
1279570 1752
1279580 1757
1279590 1762
1279600 1766
1279610 1771
1279620 1775
1279630 1778
1279640 1781
1279650 1784
1279660 1787
1279670 1789
1279680 1792
1279690 1796
1279700 1800
1279710 1803
1279720 1807
1279730 1811
1279740 1815
1279750 1818
1279760 1821
1279770 1823
1279780 1826
1279790 1830
1279800 1835
1279810 1839
1279820 1843
1279830 1847
1279840 1850
1279850 1853
1279860 1856
1279870 1859
1279880 1862
1279890 1866
1279900 1870
1279910 1873
1279920 1875
1279930 1878
1279940 1883
1279950 1887
1279960 1890
1279970 1892
1279980 1893
1279990 1894
