1260000 2124.9
1260010 2124.9
1260020 2128.2
1260030 2131.1
1260040 2131.1
1260050 2133.1
1260060 2135.3
1260070 2135.3
1260080 2134.9
1260090 2131.7
1260100 2131.7
1260110 2128.7
1260120 2126.5
1260130 2126.5
1260140 2122.8
1260150 2116.7
1260160 2116.7
1260170 2106.8
1260180 2098.7
1260190 2091.1
1260200 2091.1
1260210 2085.1
1260220 2079.7
1260230 2079.7
1260240 2077.2
1260250 2071.5
1260260 2071.5
1260270 2065.4
1260280 2060.0
1260290 2060.0
1260300 2055.3
1260310 2051.0
1260320 2051.0
1260330 2047.3
1260340 2043.9
1260350 2043.9
1260360 2040.2
1260370 2035.5
1260380 2035.5
1260390 2031.2
1260400 2026.5
1260410 2021.0
1260420 2021.0
1260430 2015.6
1260440 2010.5
1260450 2010.5
1260460 2005.8
1260470 2001.1
1260480 2001.1
1260490 1996.9
1260500 1992.5
1260510 1992.5
1260520 1987.9
1260530 1982.8
1260540 1982.8
1260550 1977.3
1260560 1971.5
1260570 1971.5
1260580 1966.3
1260590 1961.2
1260600 1961.2
1260610 1955.4
1260620 1949.7
1260630 1944.1
1260640 1944.1
1260650 1938.2
1260660 1932.2
1260670 1932.2
1260680 1926.1
1260690 1919.7
1260700 1919.7
1260710 1912.9
1260720 1905.8
1260730 1905.8
1260740 1898.3
1260750 1890.8
1260760 1890.8
1260770 1883.7
1260780 1876.6
1260790 1876.6
1260800 1869.6
1260810 1862.5
1260820 1862.5
1260830 1855.9
1260840 1849.8
1260850 1844.5
1260860 1844.5
1260870 1838.8
1260880 1833.2
1260890 1833.2
1260900 1827.1
1260910 1821.1
1260920 1821.1
1260930 1814.7
1260940 1808.0
1260950 1808.0
1260960 1800.9
1260970 1794.2
1260980 1794.2
1260990 1787.3
1261000 1780.3
1261010 1780.3
1261020 1772.7
1261030 1765.5
1261040 1765.5
1261050 1758.6
1261060 1751.7
1261070 1745.2
1261080 1745.2
1261090 1738.8
1261100 1732.3
1261110 1732.3
1261120 1725.8
1261130 1718.8
1261140 1718.8
1261150 1712.3
1261160 1705.9
1261170 1705.9
1261180 1699.0
1261190 1692.4
1261200 1692.4
1261210 1685.8
1261220 1679.8
1261230 1679.8
1261240 1674.0
1261250 1667.7
1261260 1667.7
1261270 1661.6
1261280 1655.5
1261290 1649.5
1261300 1649.5
1261310 1643.7
1261320 1637.9
1261330 1637.9
1261340 1632.1
1261350 1626.1
1261360 1626.1
1261370 1620.5
1261380 1612.9
1261390 1612.9
1261400 1607.4
1261410 1601.9
1261420 1601.9
1261430 1596.3
1261440 1590.2
1261450 1590.2
1261460 1583.6
1261470 1576.6
1261480 1576.6
1261490 1569.6
1261500 1562.9
1261510 1562.9
1261520 1556.2
1261530 1549.3
1261540 1542.8
1261550 1542.8
1261560 1536.8
1261570 1530.8
1261580 1530.8
1261590 1525.2
1261600 1520.0
1261610 1520.0
1261620 1515.8
1261630 1511.8
1261640 1511.8
1261650 1506.7
1261660 1501.6
1261670 1501.6
1261680 1495.5
1261690 1490.5
1261700 1490.5
1261710 1485.0
1261720 1478.7
1261730 1478.7
1261740 1472.4
1261750 1466.9
1261760 1461.0
1261770 1461.0
1261780 1454.8
1261790 1448.5
1261800 1448.5
1261810 1441.4
1261820 1434.2
1261830 1434.2
1261840 1426.8
1261850 1419.3
1261860 1419.3
1261870 1411.8
1261880 1404.6
1261890 1404.6
1261900 1399.5
1261910 1398.8
1261920 1398.8
1261930 1398.6
1261940 1399.0
1261950 1399.0
1261960 1398.6
1261970 1398.4
1261980 1398.8
1261990 1398.8
1262000 1399.2
1262010 1399.3
1262020 1399.3
1262030 1399.4
1262040 1399.4
1262050 1399.4
1262060 1399.5
1262070 1399.4
1262080 1399.4
1262090 1399.5
1262100 1399.8
1262110 1399.8
1262120 1400.1
1262130 1401.2
1262140 1401.2
1262150 1398.9
1262160 1397.3
1262170 1397.3
1262180 1396.9
1262190 1398.3
1262200 1402.1
1262210 1402.1
1262220 1405.8
1262230 1410.0
1262240 1410.0
1262250 1415.0
1262260 1420.3
1262270 1420.3
1262280 1425.5
1262290 1430.9
1262300 1430.9
1262310 1436.5
1262320 1442.3
1262330 1442.3
1262340 1448.4
1262350 1454.2
1262360 1454.2
1262370 1460.0
1262380 1465.8
1262390 1465.8
1262400 1471.9
1262410 1477.6
1262420 1483.3
1262430 1483.3
1262440 1489.1
1262450 1494.6
1262460 1494.6
1262470 1500.2
1262480 1505.4
1262490 1505.4
1262500 1510.6
1262510 1519.3
1262520 1519.3
1262530 1524.4
1262540 1529.5
1262550 1529.5
1262560 1534.9
1262570 1540.2
1262580 1540.2
1262590 1544.6
1262600 1549.1
1262610 1549.1
1262620 1553.5
1262630 1558.1
1262640 1562.5
1262650 1562.5
1262660 1567.7
1262670 1576.0
1262680 1576.0
1262690 1588.6
1262700 1599.8
1262710 1599.8
1262720 1606.3
1262730 1615.6
1262740 1615.6
1262750 1625.6
1262760 1634.8
1262770 1634.8
1262780 1643.5
1262790 1652.9
1262800 1652.9
1262810 1664.7
1262820 1676.1
1262830 1676.1
1262840 1685.5
1262850 1696.1
1262860 1706.5
1262870 1706.5
1262880 1712.4
1262890 1717.4
1262900 1717.4
1262910 1721.1
1262920 1726.4
1262930 1726.4
1262940 1734.1
1262950 1741.9
1262960 1741.9
1262970 1749.8
1262980 1754.7
1262990 1754.7
1263000 1759.8
1263010 1768.6
1263020 1768.6
1263030 1779.9
1263040 1789.0
1263050 1789.0
1263060 1792.0
1263070 1797.2
1263080 1804.7
1263090 1809.9
1263100 1818.3
1263110 1822.4
1263120 1822.4
1263130 1827.5
1263140 1829.8
1263150 1829.8
1263160 1828.6
1263170 1836.8
1263180 1836.8
1263190 1853.1
1263200 1857.0
1263210 1857.0
1263220 1860.3
1263230 1865.1
1263240 1865.1
1263250 1876.6
1263260 1895.6
1263270 1895.6
1263280 1909.0
1263290 1920.1
1263300 1928.0
1263310 1928.0
1263320 1938.9
1263330 1951.9
1263340 1951.9
1263350 1971.6
1263360 1984.9
1263370 1984.9
1263380 1993.4
1263390 2004.5
1263400 2004.5
1263410 2020.0
1263420 2035.7
1263430 2035.7
1263440 2030.0
1263450 2018.9
1263460 2018.9
1263470 2014.8
1263480 2028.0
1263490 2028.0
1263500 2042.9
1263510 2059.1
1263520 2069.4
1263530 2069.4
1263540 2064.1
1263550 2054.0
1263560 2054.0
1263570 2044.0
1263580 2040.7
1263590 2040.7
1263600 2034.7
1263610 2030.3
1263620 2030.3
1263630 2017.3
1263640 2004.6
1263650 2004.6
1263660 2008.7
1263670 2000.7
1263680 2000.7
1263690 1986.7
1263700 1969.5
1263710 1969.5
1263720 1973.5
1263730 1981.8
1263740 1981.8
1263750 1985.4
1263760 1993.7
1263770 2007.9
1263780 2007.9
1263790 2021.8
1263800 2031.7
1263810 2031.7
1263820 2041.9
1263830 2054.9
1263840 2054.9
1263850 2063.3
1263860 2071.0
1263870 2071.0
1263880 2081.6
1263890 2091.8
1263900 2091.8
1263910 2105.0
1263920 2126.3
1263930 2126.3
1263940 2141.1
1263950 2152.1
1263960 2152.1
1263970 2163.1
1263980 2174.9
1263990 2184.7
1264000 2184.7
1264010 2193.3
1264020 2201.0
1264030 2201.0
1264040 2208.9
1264050 2221.2
1264060 2221.2
1264070 2238.8
1264080 2245.5
1264090 2245.5
1264100 2243.7
1264110 2253.4
1264120 2253.4
1264130 2265.9
1264140 2279.4
1264150 2279.4
1264160 2294.8
1264170 2310.1
1264180 2310.1
1264190 2326.2
1264200 2338.0
1264210 2342.4
1264220 2342.4
1264230 2367.3
1264240 2370.9
1264250 2370.9
1264260 2375.0
1264270 2384.9
1264280 2384.9
1264290 2398.4
1264300 2407.9
1264310 2407.9
1264320 2413.2
1264330 2412.9
1264340 2412.9
1264350 2417.4
1264360 2427.1
1264370 2427.1
1264380 2436.0
1264390 2438.4
1264400 2438.4
1264410 2434.8
1264420 2430.8
1264430 2426.2
1264440 2426.2
1264450 2421.5
1264460 2417.2
1264470 2417.2
1264480 2412.9
1264490 2407.3
1264500 2407.3
1264510 2397.6
1264520 2378.2
1264530 2378.2
1264540 2369.0
1264550 2359.7
1264560 2359.7
1264570 2347.9
1264580 2340.3
1264590 2340.3
1264600 2336.3
1264610 2329.1
1264620 2329.1
1264630 2318.3
1264640 2313.3
1264650 2308.9
1264660 2308.9
1264670 2304.1
1264680 2299.7
1264690 2299.7
1264700 2297.3
1264710 2295.1
1264720 2295.1
1264730 2292.1
1264740 2288.1
1264750 2288.1
1264760 2283.5
1264770 2279.1
1264780 2279.1
1264790 2274.5
1264800 2269.1
1264810 2266.5
1264820 2261.9
1264830 2257.6
1264840 2257.6
1264850 2255.1
1264860 2251.6
1264870 2247.6
1264880 2247.6
1264890 2243.9
1264900 2242.9
1264910 2242.9
1264920 2243.8
1264930 2244.1
1264940 2244.1
1264950 2243.7
1264960 2242.8
1264970 2242.8
1264980 2241.7
1264990 2240.2
1265000 2240.2
1265010 2239.6
1265020 2239.7
1265030 2239.7
1265040 2238.7
1265050 2237.3
1265060 2237.3
1265070 2236.0
1265080 2234.9
1265090 2233.3
1265100 2233.3
1265110 2231.3
1265120 2228.9
1265130 2228.9
1265140 2226.8
1265150 2224.7
1265160 2224.7
1265170 2224.0
1265180 2223.4
1265190 2223.4
1265200 2222.2
1265210 2220.7
1265220 2220.7
1265230 2221.9
1265240 2220.8
1265250 2220.8
1265260 2217.4
1265270 2215.7
1265280 2215.7
1265290 2214.8
1265300 2212.9
1265310 2209.9
1265320 2209.9
1265330 2206.4
1265340 2203.2
1265350 2203.2
1265360 2200.1
1265370 2196.4
1265380 2196.4
1265390 2194.2
1265400 2190.0
1265410 2190.0
1265420 2185.5
1265430 2180.6
1265440 2180.6
1265450 2174.1
1265460 2168.3
1265470 2168.3
1265480 2164.7
1265490 2161.5
1265500 2161.5
1265510 2158.4
1265520 2155.7
1265530 2153.1
1265540 2153.1
1265550 2151.0
1265560 2148.6
1265570 2148.6
1265580 2146.0
1265590 2143.0
1265600 2143.0
1265610 2139.8
1265620 2136.0
1265630 2136.0
1265640 2132.2
1265650 2127.5
1265660 2127.5
1265670 2122.1
1265680 2116.3
1265690 2116.3
1265700 2110.1
1265710 2107.6
1265720 2107.6
1265730 2106.3
1265740 2106.0
1265750 2106.0
1265760 2106.4
1265770 2106.6
1265780 2106.7
1265790 2106.7
1265800 2107.0
1265810 2107.2
1265820 2107.2
1265830 2107.1
1265840 2106.7
1265850 2106.7
1265860 2105.9
1265870 2105.5
1265880 2105.5
1265890 2105.6
1265900 2105.6
1265910 2105.6
1265920 2105.3
1265930 2105.1
1265940 2105.1
1265950 2104.6
1265960 2103.8
1265970 2098.7
1265980 2097.7
1265990 2096.9
1266000 2096.1
1266010 2096.1
1266020 2094.9
1266030 2093.0
1266040 2093.0
1266050 2091.3
1266060 2089.5
1266070 2089.5
1266080 2087.0
1266090 2084.4
1266100 2084.4
1266110 2083.2
1266120 2083.1
1266130 2083.1
1266140 2080.9
1266150 2081.1
1266160 2081.1
1266170 2083.9
1266180 2083.3
1266190 2083.3
1266200 2081.4
1266210 2082.2
1266220 2083.4
1266230 2083.4
1266240 2078.6
1266250 2072.1
1266260 2072.1
1266270 2065.8
1266280 2059.1
1266290 2059.1
1266300 2052.7
1266310 2053.0
1266320 2053.0
1266330 2053.7
1266340 2056.0
1266350 2056.0
1266360 2058.6
1266370 2057.6
1266380 2057.6
1266390 2055.1
1266400 2047.7
1266410 2047.7
1266420 2046.0
1266430 2035.7
1266440 2026.9
1266450 2026.9
1266460 2024.7
1266470 2023.9
1266480 2023.9
1266490 2023.4
1266500 2022.6
1266510 2022.6
1266520 2022.1
1266530 2021.8
1266540 2021.8
1266550 2018.3
1266560 2024.5
1266570 2024.5
1266580 2030.9
1266590 2032.6
1266600 2032.6
1266610 2031.4
1266620 2029.0
1266630 2029.0
1266640 2031.1
1266650 2031.0
1266660 2027.9
1266670 2027.9
1266680 2028.1
1266690 2031.2
1266700 2031.2
1266710 2035.3
1266720 2038.6
1266730 2038.6
1266740 2042.4
1266750 2044.3
1266760 2044.3
1266770 2046.1
1266780 2047.0
1266790 2047.0
1266800 2048.3
1266810 2048.3
1266820 2048.3
1266830 2048.7
1266840 2049.2
1266850 2049.2
1266860 2049.4
1266870 2049.3
1266880 2047.2
1266890 2047.2
1266900 2043.8
1266910 2039.6
1266920 2039.6
1266930 2035.7
1266940 2035.1
1266950 2035.1
1266960 2035.3
1266970 2035.5
1266980 2035.5
1266990 2035.5
1267000 2035.3
1267010 2035.3
1267020 2036.0
1267030 2036.8
1267040 2036.8
1267050 2035.1
1267060 2032.3
1267070 2032.3
1267080 2029.9
1267090 2028.0
1267100 2026.6
1267110 2026.6
1267120 2024.7
1267130 2020.4
1267140 2020.4
1267150 2017.8
1267160 2012.8
1267170 2012.8
1267180 2007.6
1267190 2002.1
1267200 2002.1
1267210 1996.4
1267220 1991.7
1267230 1991.7
1267240 1988.8
1267250 1984.6
1267260 1984.6
1267270 1977.8
1267280 1970.6
1267290 1970.6
1267300 1965.1
1267310 1960.8
1267320 1956.3
1267330 1956.3
1267340 1952.3
1267350 1947.2
1267360 1947.2
1267370 1940.9
1267380 1934.2
1267390 1934.2
1267400 1927.1
1267410 1919.7
1267420 1919.7
1267430 1913.0
1267440 1906.9
1267450 1906.9
1267460 1900.9
1267470 1894.0
1267480 1894.0
1267490 1887.8
1267500 1881.6
1267510 1881.6
1267520 1875.1
1267530 1868.8
1267540 1862.4
1267550 1862.4
1267560 1855.3
1267570 1848.6
1267580 1848.6
1267590 1842.4
1267600 1836.3
1267610 1836.3
1267620 1829.7
1267630 1823.0
1267640 1823.0
1267650 1816.6
1267660 1810.7
1267670 1810.7
1267680 1805.5
1267690 1800.8
1267700 1800.8
1267710 1795.3
1267720 1791.8
1267730 1791.8
1267740 1786.0
1267750 1779.7
1267760 1773.4
1267770 1773.4
1267780 1766.6
1267790 1760.4
1267800 1760.4
1267810 1754.4
1267820 1748.9
1267830 1748.9
1267840 1744.0
1267850 1738.8
1267860 1738.8
1267870 1733.2
1267880 1727.5
1267890 1727.5
1267900 1722.4
1267910 1717.8
1267920 1717.8
1267930 1713.4
1267940 1708.8
1267950 1708.8
1267960 1703.8
1267970 1700.9
1267980 1700.9
1267990 1700.0
1268000 1699.1
1268010 1698.5
1268020 1698.5
1268030 1697.9
1268040 1697.0
1268050 1697.0
1268060 1696.0
1268070 1695.0
1268080 1695.0
1268090 1694.2
1268100 1693.8
1268110 1693.8
1268120 1693.8
1268130 1693.4
1268140 1693.4
1268150 1692.7
1268160 1691.7
1268170 1691.7
1268180 1690.8
1268190 1690.4
1268200 1690.4
1268210 1690.7
1268220 1690.7
1268230 1690.7
1268240 1690.7
1268250 1691.3
1268260 1691.9
1268270 1691.9
1268280 1692.4
1268290 1691.4
1268300 1688.6
1268310 1689.6
1268320 1690.8
1268330 1690.8
1268340 1692.1
1268350 1693.2
1268360 1693.2
1268370 1693.2
1268380 1694.1
1268390 1694.1
1268400 1697.9
1268410 1703.0
1268420 1703.0
1268430 1708.1
1268440 1713.4
1268450 1718.2
1268460 1718.2
1268470 1722.2
1268480 1725.6
1268490 1725.6
1268500 1729.0
1268510 1732.8
1268520 1732.8
1268530 1736.0
1268540 1740.1
1268550 1740.1
1268560 1743.9
1268570 1748.6
1268580 1748.6
1268590 1752.7
1268600 1753.9
1268610 1753.9
1268620 1756.8
1268630 1762.4
1268640 1762.4
1268650 1768.7
1268660 1774.2
1268670 1780.9
1268680 1780.9
1268690 1789.2
1268700 1797.1
1268710 1797.1
1268720 1805.1
1268730 1812.7
1268740 1812.7
1268750 1818.8
1268760 1824.8
1268770 1824.8
1268780 1830.9
1268790 1836.5
1268800 1836.5
1268810 1841.0
1268820 1845.3
1268830 1845.3
1268840 1849.9
1268850 1854.4
1268860 1854.4
1268870 1859.9
1268880 1865.7
1268890 1866.2
1268900 1866.2
1268910 1872.0
1268920 1877.0
1268930 1877.0
1268940 1882.0
1268950 1886.8
1268960 1886.8
1268970 1891.0
1268980 1894.3
1268990 1894.3
1269000 1896.3
1269010 1897.8
1269020 1897.8
1269030 1899.0
1269040 1900.4
1269050 1900.4
1269060 1902.5
1269070 1905.7
1269080 1905.7
1269090 1907.1
1269100 1906.3
1269110 1903.2
1269120 1903.2
1269130 1899.3
1269140 1897.6
1269150 1897.6
1269160 1895.9
1269170 1894.6
1269180 1894.6
1269190 1892.5
1269200 1889.6
1269210 1889.6
1269220 1886.6
1269230 1882.8
1269240 1882.8
1269250 1877.8
1269260 1873.2
1269270 1873.2
1269280 1869.7
1269290 1867.1
1269300 1867.1
1269310 1863.8
1269320 1859.7
1269330 1854.5
1269340 1854.5
1269350 1846.3
1269360 1838.8
1269370 1838.8
1269380 1831.5
1269390 1824.0
1269400 1824.0
1269410 1816.1
1269420 1808.4
1269430 1808.4
1269440 1799.5
1269450 1789.9
1269460 1789.9
1269470 1780.9
1269480 1775.8
1269490 1775.8
1269500 1767.7
1269510 1760.8
1269520 1760.8
1269530 1752.6
1269540 1744.3
1269550 1735.6
1269560 1735.6
1269570 1726.9
1269580 1713.2
1269590 1713.2
1269600 1701.7
1269610 1692.3
1269620 1692.3
1269630 1683.6
1269640 1676.1
1269650 1676.1
1269660 1671.6
1269670 1671.2
1269680 1671.2
1269690 1674.2
1269700 1678.8
1269710 1678.8
1269720 1680.0
1269730 1680.7
1269740 1680.7
1269750 1684.1
1269760 1694.9
1269770 1707.5
1269780 1707.5
1269790 1701.0
1269800 1694.8
1269810 1694.8
1269820 1691.1
1269830 1687.5
1269840 1687.5
1269850 1683.8
1269860 1683.1
1269870 1683.1
1269880 1686.5
1269890 1692.5
1269900 1692.5
1269910 1699.7
1269920 1707.1
1269930 1707.1
1269940 1714.3
1269950 1721.7
1269960 1721.7
1269970 1729.8
1269980 1739.1
1269990 1744.6
1270000 1744.6
1270010 1748.4
1270020 1752.7
1270030 1752.7
1270040 1758.0
1270050 1764.6
1270060 1764.6
1270070 1769.3
1270080 1776.2
1270090 1776.2
1270100 1780.4
1270110 1782.8
1270120 1782.8
1270130 1785.1
1270140 1787.5
1270150 1787.5
1270160 1790.7
1270170 1795.1
1270180 1795.1
1270190 1799.7
1270200 1804.8
1270210 1804.8
1270220 1809.8
1270230 1813.3
1270240 1816.1
1270250 1816.1
1270260 1819.1
1270270 1819.6
1270280 1819.6
1270290 1819.0
1270300 1818.1
1270310 1818.1
1270320 1816.0
1270330 1813.0
1270340 1813.0
1270350 1810.5
1270360 1808.9
1270370 1808.9
1270380 1803.2
1270390 1796.6
1270400 1796.6
1270410 1792.3
1270420 1788.5
1270430 1788.5
1270440 1784.3
1270450 1779.4
1270460 1774.1
1270470 1774.1
1270480 1768.3
1270490 1761.9
1270500 1761.9
1270510 1755.6
1270520 1749.4
1270530 1749.4
1270540 1743.9
1270550 1738.2
1270560 1738.2
1270570 1731.6
1270580 1724.8
1270590 1724.8
1270600 1719.0
1270610 1713.4
1270620 1713.4
1270630 1708.1
1270640 1703.1
1270650 1703.1
1270660 1696.9
1270670 1691.9
1270680 1686.9
1270690 1686.9
1270700 1681.7
1270710 1677.6
1270720 1677.6
1270730 1673.0
1270740 1669.8
1270750 1669.8
1270760 1667.1
1270770 1664.0
1270780 1664.0
1270790 1661.5
1270800 1658.7
1270810 1658.7
1270820 1655.5
1270830 1653.1
1270840 1653.1
1270850 1652.7
1270860 1651.0
1270870 1651.0
1270880 1648.3
1270890 1646.9
1270900 1644.9
1270910 1644.9
1270920 1643.3
1270930 1642.6
1270940 1642.6
1270950 1644.1
1270960 1647.1
1270970 1647.1
1270980 1647.6
1270990 1646.1
1271000 1646.1
1271010 1643.5
1271020 1640.8
1271030 1640.8
1271040 1639.9
1271050 1642.8
1271060 1642.8
1271070 1645.2
1271080 1645.8
1271090 1645.8
1271100 1645.3
1271110 1643.6
1271120 1644.0
1271130 1644.0
1271140 1644.7
1271150 1645.1
1271160 1645.1
1271170 1645.3
1271180 1645.3
1271190 1645.3
1271200 1645.3
1271210 1645.7
1271220 1645.7
1271230 1646.0
1271240 1645.2
1271250 1645.2
1271260 1641.5
1271270 1641.0
1271280 1641.0
1271290 1641.4
1271300 1642.7
1271310 1642.7
1271320 1644.6
1271330 1646.1
1271340 1647.0
1271350 1647.0
1271360 1647.8
1271370 1648.0
1271380 1648.0
1271390 1647.8
1271400 1646.2
1271410 1646.2
1271420 1646.9
1271430 1648.6
1271440 1648.6
1271450 1650.0
1271460 1652.0
1271470 1652.0
1271480 1654.0
1271490 1656.2
1271500 1656.2
1271510 1658.7
1271520 1661.0
1271530 1661.0
1271540 1662.7
1271550 1663.4
1271560 1663.7
1271570 1663.7
1271580 1664.2
1271590 1664.9
1271600 1664.9
1271610 1665.2
1271620 1664.6
1271630 1664.6
1271640 1664.2
1271650 1663.0
1271660 1663.0
1271670 1660.9
1271680 1659.3
1271690 1659.3
1271700 1656.8
1271710 1651.8
1271720 1651.8
1271730 1644.9
1271740 1637.1
1271750 1637.1
1271760 1631.1
1271770 1627.3
1271780 1623.1
1271790 1623.1
1271800 1619.7
1271810 1611.3
1271820 1611.3
1271830 1602.0
1271840 1592.6
1271850 1586.5
1271860 1581.0
1271870 1576.0
1271880 1576.0
1271890 1570.9
1271900 1568.4
1271910 1568.4
1271920 1565.2
1271930 1563.6
1271940 1563.6
1271950 1560.1
1271960 1552.9
1271970 1552.9
1271980 1545.4
1271990 1538.5
1272000 1533.3
1272010 1533.3
1272020 1530.0
1272030 1525.9
1272040 1525.9
1272050 1521.7
1272060 1517.3
1272070 1517.3
1272080 1513.2
1272090 1510.0
1272100 1510.0
1272110 1507.4
1272120 1505.3
1272130 1505.3
1272140 1502.5
1272150 1499.1
1272160 1499.1
1272170 1496.0
1272180 1493.6
1272190 1493.6
1272200 1490.3
1272210 1486.7
1272220 1483.0
1272230 1483.0
1272240 1480.0
1272250 1478.2
1272260 1478.2
1272270 1476.9
1272280 1475.6
1272290 1475.6
1272300 1473.7
1272310 1473.2
1272320 1473.2
1272330 1473.5
1272340 1472.4
1272350 1472.4
1272360 1469.7
1272370 1465.1
1272380 1465.1
1272390 1459.3
1272400 1454.6
1272410 1454.6
1272420 1451.8
1272430 1448.9
1272440 1445.6
1272450 1439.7
1272460 1437.6
1272470 1437.0
1272480 1437.0
1272490 1435.4
1272500 1431.1
1272510 1431.1
1272520 1424.5
1272530 1417.2
1272540 1417.2
1272550 1411.5
1272560 1409.3
1272570 1409.3
1272580 1408.6
1272590 1409.3
1272600 1409.3
1272610 1413.9
1272620 1417.2
1272630 1417.2
1272640 1415.9
1272650 1412.8
1272660 1412.8
1272670 1408.9
1272680 1404.8
1272690 1401.3
1272700 1401.3
1272710 1398.5
1272720 1396.2
1272730 1396.2
1272740 1393.9
1272750 1391.5
1272760 1391.5
1272770 1389.7
1272780 1388.4
1272790 1388.4
1272800 1386.6
1272810 1384.8
1272820 1384.8
1272830 1383.6
1272840 1382.2
1272850 1382.2
1272860 1380.9
1272870 1379.6
1272880 1379.6
1272890 1378.6
1272900 1377.5
1272910 1376.7
1272920 1376.7
1272930 1376.0
1272940 1375.5
1272950 1375.5
1272960 1374.6
1272970 1373.8
1272980 1373.8
1272990 1372.5
1273000 1371.0
1273010 1371.0
1273020 1368.9
1273030 1367.3
1273040 1367.3
1273050 1360.0
1273060 1358.3
1273070 1358.3
1273080 1355.7
1273090 1352.9
1273100 1352.9
1273110 1350.4
1273120 1348.5
1273130 1346.8
1273140 1346.8
1273150 1346.0
1273160 1346.1
1273170 1346.1
1273180 1346.3
1273190 1345.0
1273200 1345.0
1273210 1342.0
1273220 1337.6
1273230 1337.6
1273240 1333.2
1273250 1330.5
1273260 1330.5
1273270 1329.8
1273280 1328.4
1273290 1328.4
1273300 1327.0
1273310 1326.1
1273320 1326.1
1273330 1326.9
1273340 1325.1
1273350 1322.9
1273360 1322.9
1273370 1320.5
1273380 1317.8
1273390 1317.8
1273400 1316.9
1273410 1317.3
1273420 1317.3
1273430 1317.3
1273440 1316.3
1273450 1316.3
1273460 1314.9
1273470 1313.7
1273480 1313.7
1273490 1311.8
1273500 1310.0
1273510 1310.0
1273520 1309.4
1273530 1308.9
1273540 1308.9
1273550 1307.9
1273560 1306.3
1273570 1304.9
1273580 1304.9
1273590 1303.9
1273600 1302.8
1273610 1302.8
1273620 1301.3
1273630 1298.5
1273640 1298.5
1273650 1290.3
1273660 1289.2
1273670 1289.2
1273680 1289.9
1273690 1290.8
1273700 1290.8
1273710 1291.7
1273720 1289.7
1273730 1289.7
1273740 1286.3
1273750 1283.7
1273760 1283.7
1273770 1281.9
1273780 1281.4
1273790 1282.1
1273800 1282.1
1273810 1283.4
1273820 1284.8
1273830 1284.8
1273840 1286.0
1273850 1286.2
1273860 1286.2
1273870 1283.4
1273880 1280.2
1273890 1280.2
1273900 1278.0
1273910 1276.4
1273920 1276.4
1273930 1274.5
1273940 1272.6
1273950 1272.6
1273960 1270.7
1273970 1269.1
1273980 1269.1
1273990 1267.9
1274000 1267.2
1274010 1266.6
1274020 1266.6
1274030 1265.2
1274040 1263.9
1274050 1263.9
1274060 1262.8
1274070 1262.1
1274080 1262.1
1274090 1261.3
1274100 1260.0
1274110 1260.0
1274120 1258.3
1274130 1256.7
1274140 1256.7
1274150 1255.4
1274160 1254.7
1274170 1254.7
1274180 1254.5
1274190 1255.0
1274200 1255.0
1274210 1255.0
1274220 1254.6
1274230 1254.2
1274240 1254.2
1274250 1249.0
1274260 1249.2
1274270 1249.2
1274280 1249.7
1274290 1250.3
1274300 1250.3
1274310 1250.7
1274320 1251.3
1274330 1251.3
1274340 1251.9
1274350 1252.3
1274360 1252.3
1274370 1252.4
1274380 1252.4
1274390 1252.4
1274400 1252.4
1274410 1252.2
1274420 1252.2
1274430 1251.7
1274440 1251.2
1274450 1250.5
1274460 1250.5
1274470 1249.0
1274480 1247.4
1274490 1247.4
1274500 1246.2
1274510 1246.3
1274520 1246.3
1274530 1245.2
1274540 1244.0
1274550 1244.0
1274560 1244.5
1274570 1244.7
1274580 1244.7
1274590 1244.6
1274600 1244.6
1274610 1244.6
1274620 1245.3
1274630 1246.0
1274640 1246.0
1274650 1246.4
1274660 1246.5
1274670 1246.7
1274680 1246.7
1274690 1246.7
1274700 1247.0
1274710 1247.0
1274720 1247.6
1274730 1247.7
1274740 1247.7
1274750 1247.5
1274760 1247.0
1274770 1247.0
1274780 1246.3
1274790 1245.5
1274800 1245.5
1274810 1244.6
1274820 1243.3
1274830 1243.3
1274840 1241.5
1274850 1236.7
1274860 1236.7
1274870 1235.5
1274880 1234.3
1274890 1232.4
1274900 1232.4
1274910 1229.4
1274920 1226.0
1274930 1226.0
1274940 1223.5
1274950 1220.9
1274960 1220.9
1274970 1216.5
1274980 1214.0
1274990 1214.0
1275000 1213.1
1275010 1213.7
1275020 1213.7
1275030 1214.3
1275040 1216.5
1275050 1216.5
1275060 1218.8
1275070 1219.4
1275080 1219.4
1275090 1218.7
1275100 1218.5
1275110 1218.5
1275120 1218.8
1275130 1219.0
1275140 1219.3
1275150 1219.3
1275160 1219.3
1275170 1218.7
1275180 1218.7
1275190 1218.5
1275200 1219.1
1275210 1219.1
1275220 1219.9
1275230 1220.5
1275240 1220.5
1275250 1220.9
1275260 1221.0
1275270 1221.0
1275280 1220.7
1275290 1220.0
1275300 1220.0
1275310 1219.5
1275320 1218.8
1275330 1218.8
1275340 1218.5
1275350 1218.9
1275360 1219.4
1275370 1219.4
1275380 1220.5
1275390 1223.2
1275400 1223.2
1275410 1224.1
1275420 1220.5
1275430 1220.5
1275440 1214.6
1275450 1208.9
1275460 1206.6
1275470 1200.2
1275480 1194.2
1275490 1194.2
1275500 1189.5
1275510 1184.4
1275520 1184.4
1275530 1179.7
1275540 1174.0
1275550 1174.0
1275560 1168.6
1275570 1164.3
1275580 1160.2
1275590 1160.2
1275600 1154.8
1275610 1149.4
1275620 1149.4
1275630 1143.6
1275640 1136.8
1275650 1136.8
1275660 1134.8
1275670 1134.0
1275680 1134.0
1275690 1132.1
1275700 1131.2
1275710 1131.2
1275720 1130.5
1275730 1129.6
1275740 1129.6
1275750 1129.4
1275760 1129.1
1275770 1129.1
1275780 1127.1
1275790 1122.4
1275800 1118.5
1275810 1118.5
1275820 1116.1
1275830 1114.6
1275840 1114.6
1275850 1112.9
1275860 1109.3
1275870 1109.3
1275880 1105.0
1275890 1100.4
1275900 1100.4
1275910 1097.1
1275920 1094.8
1275930 1094.8
1275940 1092.5
1275950 1088.5
1275960 1088.5
1275970 1084.1
1275980 1079.8
1275990 1079.8
1276000 1075.6
1276010 1071.9
1276020 1067.5
1276030 1067.5
1276040 1064.4
1276050 1062.6
1276060 1062.6
1276070 1059.9
1276080 1057.0
1276090 1057.0
1276100 1055.6
1276110 1054.0
1276120 1054.0
1276130 1050.8
1276140 1048.7
1276150 1048.7
1276160 1048.2
1276170 1048.0
1276180 1048.0
1276190 1047.6
1276200 1047.2
1276210 1047.2
1276220 1047.0
1276230 1046.8
1276240 1046.6
1276250 1046.6
1276260 1046.3
1276270 1046.0
1276280 1046.0
1276290 1045.9
1276300 1045.0
1276310 1045.0
1276320 1044.1
1276330 1046.2
1276340 1046.2
1276350 1047.2
1276360 1048.6
1276370 1048.6
1276380 1050.1
1276390 1051.0
1276400 1051.0
1276410 1051.3
1276420 1051.5
1276430 1051.5
1276440 1051.6
1276450 1051.6
1276460 1051.2
1276470 1051.2
1276480 1051.1
1276490 1051.6
1276500 1051.6
1276510 1051.3
1276520 1051.1
1276530 1051.1
1276540 1051.3
1276550 1051.0
1276560 1051.0
1276570 1047.9
1276580 1041.8
1276590 1041.8
1276600 1040.7
1276610 1040.5
1276620 1040.5
1276630 1040.5
1276640 1040.5
1276650 1040.5
1276660 1040.6
1276670 1039.0
1276680 1040.4
1276690 1040.4
1276700 1041.6
1276710 1043.5
1276720 1043.5
1276730 1046.3
1276740 1046.7
1276750 1046.7
1276760 1046.7
1276770 1047.2
1276780 1047.2
1276790 1048.3
1276800 1049.6
1276810 1049.6
1276820 1052.9
1276830 1059.1
1276840 1059.1
1276850 1065.5
1276860 1072.3
1276870 1072.3
1276880 1079.4
1276890 1082.1
1276900 1083.1
1276910 1083.1
1276920 1084.1
1276930 1085.0
1276940 1085.0
1276950 1085.7
1276960 1087.1
1276970 1087.1
1276980 1088.6
1276990 1092.1
1277000 1092.1
1277010 1097.6
1277020 1103.0
1277030 1103.0
1277040 1104.6
1277050 1105.7
1277060 1105.7
1277070 1106.7
1277080 1107.8
1277090 1107.8
1277100 1109.1
1277110 1111.9
1277120 1113.3
1277130 1113.3
1277140 1114.3
1277150 1115.4
1277160 1115.4
1277170 1116.8
1277180 1119.1
1277190 1119.1
1277200 1121.0
1277210 1122.7
1277220 1122.7
1277230 1125.3
1277240 1127.9
1277250 1127.9
1277260 1129.6
1277270 1132.3
1277280 1132.3
1277290 1136.5
1277300 1141.3
1277310 1141.3
1277320 1146.4
1277330 1150.5
1277340 1150.5
1277350 1154.6
1277360 1156.5
1277370 1157.6
1277380 1157.6
1277390 1159.1
1277400 1161.3
1277410 1161.3
1277420 1164.0
1277430 1167.0
1277440 1167.0
1277450 1168.8
1277460 1170.8
1277470 1170.8
1277480 1173.3
1277490 1175.5
1277500 1175.5
1277510 1177.7
1277520 1180.1
1277530 1180.1
1277540 1182.8
1277550 1184.7
1277560 1184.7
1277570 1186.1
1277580 1187.0
1277590 1188.0
1277600 1188.0
1277610 1189.4
1277620 1190.8
1277630 1190.8
1277640 1193.4
1277650 1196.4
1277660 1196.4
1277670 1198.6
1277680 1201.3
1277690 1201.3
1277700 1204.4
1277710 1207.4
1277720 1207.4
1277730 1210.1
1277740 1212.7
1277750 1212.7
1277760 1217.9
1277770 1224.0
1277780 1224.0
1277790 1228.6
1277800 1232.3
1277810 1235.1
1277820 1235.1
1277830 1238.1
1277840 1242.7
1277850 1242.7
1277860 1247.6
1277870 1250.5
1277880 1250.5
1277890 1252.8
1277900 1262.5
1277910 1262.5
1277920 1267.0
1277930 1270.1
1277940 1270.1
1277950 1273.6
1277960 1277.7
1277970 1277.7
1277980 1282.1
1277990 1286.7
1278000 1286.7
1278010 1291.1
1278020 1293.5
1278030 1296.7
1278040 1296.7
1278050 1300.2
1278060 1304.7
1278070 1304.7
1278080 1308.7
1278090 1312.9
1278100 1312.9
1278110 1317.5
1278120 1321.6
1278130 1321.6
1278140 1327.3
1278150 1331.6
1278160 1331.6
1278170 1335.5
1278180 1340.8
1278190 1340.8
1278200 1345.4
1278210 1350.2
1278220 1350.2
1278230 1355.4
1278240 1360.2
1278250 1364.7
1278260 1364.7
1278270 1368.9
1278280 1372.5
1278290 1372.5
1278300 1376.5
1278310 1381.2
1278320 1381.2
1278330 1385.1
1278340 1389.4
1278350 1389.4
1278360 1393.9
1278370 1398.5
1278380 1398.5
1278390 1402.7
1278400 1407.5
1278410 1407.5
1278420 1412.3
1278430 1417.4
1278440 1417.4
1278450 1422.5
1278460 1426.4
1278470 1430.4
1278480 1430.4
1278490 1435.5
1278500 1440.3
1278510 1440.3
1278520 1448.8
1278530 1452.8
1278540 1452.8
1278550 1457.1
1278560 1462.2
1278570 1462.2
1278580 1467.5
1278590 1472.6
1278600 1472.6
1278610 1479.0
1278620 1485.5
1278630 1485.5
1278640 1492.2
1278650 1499.2
1278660 1499.2
1278670 1507.0
1278680 1514.9
1278690 1522.9
1278700 1522.9
1278710 1530.3
1278720 1536.4
1278730 1536.4
1278740 1541.4
1278750 1546.1
1278760 1546.1
1278770 1551.2
1278780 1556.2
1278790 1556.2
1278800 1560.8
1278810 1565.3
1278820 1565.3
1278830 1569.5
1278840 1574.1
1278850 1574.1
1278860 1579.6
1278870 1586.3
1278880 1586.3
1278890 1591.9
1278900 1596.2
1278910 1598.8
1278920 1598.8
1278930 1601.0
1278940 1602.7
1278950 1602.7
1278960 1605.1
1278970 1609.0
1278980 1609.0
1278990 1612.9
1279000 1616.5
1279010 1616.5
1279020 1619.1
1279030 1620.5
1279040 1620.5
1279050 1621.3
1279060 1624.1
1279070 1624.1
1279080 1628.4
1279090 1632.1
1279100 1632.1
1279110 1636.1
1279120 1638.6
1279130 1637.3
1279140 1637.3
1279150 1639.7
1279160 1642.4
1279170 1642.4
1279180 1645.9
1279190 1648.7
1279200 1648.7
1279210 1651.5
1279220 1654.4
1279230 1654.4
1279240 1656.2
1279250 1657.7
1279260 1657.7
1279270 1657.7
1279280 1656.4
1279290 1656.4
1279300 1654.8
1279310 1652.7
1279320 1652.7
1279330 1650.3
1279340 1648.3
1279350 1648.2
1279360 1648.2
1279370 1649.6
1279380 1650.1
1279390 1650.1
1279400 1648.4
1279410 1645.1
1279420 1645.1
1279430 1640.5
1279440 1634.3
1279450 1634.3
1279460 1626.5
1279470 1618.7
1279480 1618.7
1279490 1610.9
1279500 1604.0
1279510 1604.0
1279520 1600.4
1279530 1601.5
1279540 1601.5
1279550 1603.3
1279560 1601.7
1279570 1597.1
1279580 1597.1
1279590 1590.3
1279600 1584.3
1279610 1584.3
1279620 1581.5
1279630 1583.0
1279640 1583.0
1279650 1586.7
1279660 1589.9
1279670 1589.9
1279680 1592.1
1279690 1592.9
1279700 1592.9
1279710 1591.9
1279720 1587.4
1279730 1587.4
1279740 1576.5
1279750 1562.2
1279760 1562.2
1279770 1568.3
1279780 1577.2
1279790 1586.1
1279800 1586.1
1279810 1594.6
1279820 1600.3
1279830 1600.3
1279840 1605.9
1279850 1609.9
1279860 1609.9
1279870 1609.8
1279880 1607.1
1279890 1607.1
1279900 1604.8
1279910 1602.8
1279920 1602.8
1279930 1593.8
1279940 1588.5
1279950 1588.5
1279960 1595.5
1279970 1601.1
1279980 1601.1
1279990 1605.4
1260000 2122
1260010 2125
1260020 2127
1260030 2130
1260040 2131
1260050 2132
1260060 2134
1260070 2134
1260080 2134
1260090 2131
1260100 2129
1260110 2128
1260120 2126
1260130 2124
1260140 2122
1260150 2118
1260160 2111
1260170 2104
1260180 2098
1260190 2094
1260200 2089
1260210 2085
1260220 2082
1260230 2078
1260240 2074
1260250 2071
1260260 2067
1260270 2062
1260280 2058
1260290 2055
1260300 2051
1260310 2048
1260320 2045
1260330 2043
1260340 2041
1260350 2038
1260360 2035
1260370 2032
1260380 2029
1260390 2027
1260400 2024
1260410 2020
1260420 2017
1260430 2014
1260440 2011
1260450 2007
1260460 2004
1260470 2001
1260480 1998
1260490 1995
1260500 1992
1260510 1989
1260520 1986
1260530 1983
1260540 1980
1260550 1976
1260560 1972
1260570 1968
1260580 1965
1260590 1961
1260600 1957
1260610 1954
1260620 1950
1260630 1946
1260640 1942
1260650 1938
1260660 1934
1260670 1929
1260680 1926
1260690 1921
1260700 1916
1260710 1912
1260720 1907
1260730 1902
1260740 1897
1260750 1892
1260760 1887
1260770 1882
1260780 1877
1260790 1872
1260800 1868
1260810 1863
1260820 1859
1260830 1855
1260840 1851
1260850 1847
1260860 1843
1260870 1839
1260880 1836
1260890 1832
1260900 1828
1260910 1823
1260920 1819
1260930 1815
1260940 1810
1260950 1806
1260960 1801
1260970 1796
1260980 1792
1260990 1787
1261000 1782
1261010 1777
1261020 1772
1261030 1767
1261040 1762
1261050 1757
1261060 1752
1261070 1747
1261080 1743
1261090 1739
1261100 1734
1261110 1730
1261120 1725
1261130 1721
1261140 1716
1261150 1712
1261160 1707
1261170 1703
1261180 1698
1261190 1693
1261200 1689
1261210 1685
1261220 1680
1261230 1677
1261240 1673
1261250 1668
1261260 1664
1261270 1660
1261280 1656
1261290 1651
1261300 1647
1261310 1643
1261320 1640
1261330 1636
1261340 1632
1261350 1627
1261360 1623
1261370 1619
1261380 1616
1261390 1612
1261400 1608
1261410 1604
1261420 1600
1261430 1596
1261440 1591
1261450 1587
1261460 1583
1261470 1578
1261480 1573
1261490 1568
1261500 1564
1261510 1559
1261520 1555
1261530 1550
1261540 1545
1261550 1541
1261560 1537
1261570 1533
1261580 1529
1261590 1525
1261600 1521
1261610 1518
1261620 1515
1261630 1513
1261640 1509
1261650 1505
1261660 1502
1261670 1498
1261680 1494
1261690 1491
1261700 1487
1261710 1483
1261720 1479
1261730 1474
1261740 1470
1261750 1467
1261760 1463
1261770 1459
1261780 1454
1261790 1450
1261800 1445
1261810 1441
1261820 1436
1261830 1431
1261840 1426
1261850 1420
1261860 1415
1261870 1410
1261880 1405
1261890 1402
1261900 1399
1261910 1398
1261920 1398
1261930 1398
1261940 1398
1261950 1398
1261960 1397
1261970 1397
1261980 1398
1261990 1398
1262000 1398
1262010 1398
1262020 1398
1262030 1398
1262040 1398
1262050 1398
1262060 1398
1262070 1398
1262080 1398
1262090 1399
1262100 1399
1262110 1399
1262120 1399
1262130 1401
1262140 1399
1262150 1398
1262160 1397
1262170 1396
1262180 1396
1262190 1397
1262200 1400
1262210 1402
1262220 1404
1262230 1408
1262240 1411
1262250 1414
1262260 1418
1262270 1422
1262280 1425
1262290 1429
1262300 1433
1262310 1436
1262320 1441
1262330 1445
1262340 1449
1262350 1453
1262360 1457
1262370 1461
1262380 1465
1262390 1469
1262400 1473
1262410 1477
1262420 1481
1262430 1485
1262440 1488
1262450 1492
1262460 1496
1262470 1500
1262480 1504
1262490 1508
1262500 1511
1262510 1515
1262520 1518
1262530 1522
1262540 1526
1262550 1530
1262560 1533
1262570 1536
1262580 1539
1262590 1542
1262600 1545
1262610 1548
1262620 1551
1262630 1554
1262640 1557
1262650 1560
1262660 1564
1262670 1570
1262680 1578
1262690 1587
1262700 1594
1262710 1600
1262720 1603
1262730 1611
1262740 1618
1262750 1625
1262760 1631
1262770 1638
1262780 1644
1262790 1650
1262800 1659
1262810 1667
1262820 1675
1262830 1681
1262840 1688
1262850 1693
1262860 1702
1262870 1708
1262880 1711
1262890 1714
1262900 1717
1262910 1720
1262920 1724
1262930 1728
1262940 1734
1262950 1740
1262960 1745
1262970 1750
1262980 1753
1262990 1756
1263000 1760
1263010 1767
1263020 1775
1263030 1782
1263040 1788
1263050 1792
1263060 1795
1263070 1798
1263080 1802
1263090 1807
1263100 1812
1263110 1815
1263120 1818
1263130 1822
1263140 1823
1263150 1824
1263160 1826
1263170 1832
1263180 1841
1263190 1850
1263200 1852
1263210 1855
1263220 1857
1263230 1861
1263240 1867
1263250 1876
1263260 1893
1263270 1901
1263280 1909
1263290 1917
1263300 1923
1263310 1929
1263320 1935
1263330 1943
1263340 1955
1263350 1969
1263360 1979
1263370 1987
1263380 1992
1263390 1999
1263400 2007
1263410 2016
1263420 2031
1263430 2033
1263440 2028
1263450 2019
1263460 2014
1263470 2015
1263480 2026
1263490 2036
1263500 2046
1263510 2057
1263520 2066
1263530 2069
1263540 2064
1263550 2057
1263560 2049
1263570 2042
1263580 2044
1263590 2042
1263600 2038
1263610 2037
1263620 2031
1263630 2022
1263640 2010
1263650 2000
1263660 1994
1263670 1996
1263680 1987
1263690 1972
1263700 1952
1263710 1949
1263720 1956
1263730 1975
1263740 1980
1263750 1986
1263760 1992
1263770 2000
1263780 2008
1263790 2016
1263800 2026
1263810 2033
1263820 2041
1263830 2052
1263840 2059
1263850 2065
1263860 2070
1263870 2077
1263880 2084
1263890 2092
1263900 2099
1263910 2108
1263920 2122
1263930 2133
1263940 2142
1263950 2149
1263960 2158
1263970 2166
1263980 2174
1263990 2181
1264000 2187
1264010 2193
1264020 2198
1264030 2203
1264040 2209
1264050 2216
1264060 2228
1264070 2240
1264080 2243
1264090 2244
1264100 2246
1264110 2253
1264120 2260
1264130 2268
1264140 2277
1264150 2287
1264160 2298
1264170 2310
1264180 2320
1264190 2329
1264200 2338
1264210 2342
1264220 2347
1264230 2354
1264240 2362
1264250 2367
1264260 2372
1264270 2378
1264280 2389
1264290 2400
1264300 2404
1264310 2405
1264320 2405
1264330 2407
1264340 2413
1264350 2420
1264360 2429
1264370 2436
1264380 2440
1264390 2442
1264400 2439
1264410 2436
1264420 2434
1264430 2430
1264440 2427
1264450 2424
1264460 2421
1264470 2417
1264480 2414
1264490 2409
1264500 2404
1264510 2397
1264520 2381
1264530 2373
1264540 2368
1264550 2365
1264560 2355
1264570 2346
1264580 2341
1264590 2339
1264600 2336
1264610 2330
1264620 2323
1264630 2317
1264640 2314
1264650 2310
1264660 2307
1264670 2304
1264680 2300
1264690 2298
1264700 2297
1264710 2295
1264720 2293
1264730 2291
1264740 2288
1264750 2285
1264760 2282
1264770 2279
1264780 2276
1264790 2273
1264800 2269
1264810 2265
1264820 2262
1264830 2260
1264840 2258
1264850 2256
1264860 2254
1264870 2251
1264880 2248
1264890 2246
1264900 2246
1264910 2246
1264920 2247
1264930 2246
1264940 2246
1264950 2245
1264960 2245
1264970 2244
1264980 2243
1264990 2242
1265000 2241
1265010 2241
1265020 2241
1265030 2240
1265040 2239
1265050 2238
1265060 2237
1265070 2236
1265080 2235
1265090 2234
1265100 2232
1265110 2231
1265120 2229
1265130 2227
1265140 2226
1265150 2225
1265160 2224
1265170 2223
1265180 2223
1265190 2223
1265200 2222
1265210 2221
1265220 2221
1265230 2221
1265240 2221
1265250 2219
1265260 2217
1265270 2215
1265280 2214
1265290 2213
1265300 2212
1265310 2210
1265320 2208
1265330 2206
1265340 2204
1265350 2202
1265360 2200
1265370 2197
1265380 2195
1265390 2192
1265400 2190
1265410 2187
1265420 2184
1265430 2181
1265440 2177
1265450 2173
1265460 2169
1265470 2166
1265480 2163
1265490 2161
1265500 2159
1265510 2157
1265520 2155
1265530 2154
1265540 2152
1265550 2150
1265560 2149
1265570 2147
1265580 2145
1265590 2143
1265600 2141
1265610 2139
1265620 2137
1265630 2134
1265640 2132
1265650 2129
1265660 2126
1265670 2122
1265680 2118
1265690 2113
1265700 2110
1265710 2108
1265720 2107
1265730 2106
1265740 2106
1265750 2106
1265760 2107
1265770 2107
1265780 2106
1265790 2107
1265800 2107
1265810 2107
1265820 2107
1265830 2106
1265840 2106
1265850 2106
1265860 2105
1265870 2105
1265880 2105
1265890 2104
1265900 2104
1265910 2104
1265920 2104
1265930 2104
1265940 2103
1265950 2103
1265960 2102
1265970 2101
1265980 2101
1265990 2100
1266000 2100
1266010 2099
1266020 2098
1266030 2096
1266040 2095
1266050 2094
1266060 2093
1266070 2091
1266080 2089
1266090 2087
1266100 2085
1266110 2085
1266120 2086
1266130 2084
1266140 2083
1266150 2082
1266160 2085
1266170 2086
1266180 2086
1266190 2084
1266200 2084
1266210 2084
1266220 2085
1266230 2084
1266240 2080
1266250 2075
1266260 2070
1266270 2066
1266280 2061
1266290 2056
1266300 2053
1266310 2055
1266320 2054
1266330 2055
1266340 2057
1266350 2057
1266360 2058
1266370 2057
1266380 2056
1266390 2052
1266400 2047
1266410 2047
1266420 2043
1266430 2036
1266440 2028
1266450 2025
1266460 2024
1266470 2023
1266480 2023
1266490 2022
1266500 2021
1266510 2021
1266520 2020
1266530 2020
1266540 2020
1266550 2022
1266560 2025
1266570 2030
1266580 2034
1266590 2037
1266600 2037
1266610 2035
1266620 2033
1266630 2034
1266640 2035
1266650 2035
1266660 2032
1266670 2031
1266680 2032
1266690 2034
1266700 2036
1266710 2039
1266720 2042
1266730 2044
1266740 2046
1266750 2047
1266760 2048
1266770 2049
1266780 2049
1266790 2049
1266800 2050
1266810 2050
1266820 2050
1266830 2050
1266840 2050
1266850 2050
1266860 2051
1266870 2051
1266880 2048
1266890 2046
1266900 2044
1266910 2042
1266920 2038
1266930 2036
1266940 2035
1266950 2035
1266960 2035
1266970 2035
1266980 2035
1266990 2035
1267000 2034
1267010 2035
1267020 2035
1267030 2036
1267040 2035
1267050 2033
1267060 2032
1267070 2030
1267080 2028
1267090 2027
1267100 2026
1267110 2025
1267120 2024
1267130 2022
1267140 2020
1267150 2017
1267160 2013
1267170 2009
1267180 2005
1267190 2001
1267200 1997
1267210 1993
1267220 1990
1267230 1988
1267240 1986
1267250 1983
1267260 1979
1267270 1974
1267280 1970
1267290 1966
1267300 1963
1267310 1960
1267320 1956
1267330 1953
1267340 1950
1267350 1947
1267360 1943
1267370 1939
1267380 1935
1267390 1930
1267400 1925
1267410 1920
1267420 1916
1267430 1911
1267440 1907
1267450 1904
1267460 1899
1267470 1894
1267480 1890
1267490 1886
1267500 1882
1267510 1877
1267520 1873
1267530 1869
1267540 1865
1267550 1860
1267560 1855
1267570 1850
1267580 1846
1267590 1842
1267600 1838
1267610 1833
1267620 1829
1267630 1824
1267640 1820
1267650 1816
1267660 1812
1267670 1808
1267680 1805
1267690 1802
1267700 1798
1267710 1794
1267720 1791
1267730 1787
1267740 1783
1267750 1779
1267760 1775
1267770 1770
1267780 1765
1267790 1762
1267800 1758
1267810 1754
1267820 1750
1267830 1746
1267840 1743
1267850 1739
1267860 1735
1267870 1732
1267880 1728
1267890 1725
1267900 1722
1267910 1718
1267920 1715
1267930 1712
1267940 1709
1267950 1705
1267960 1703
1267970 1701
1267980 1700
1267990 1700
1268000 1699
1268010 1699
1268020 1698
1268030 1698
1268040 1697
1268050 1697
1268060 1696
1268070 1695
1268080 1695
1268090 1694
1268100 1693
1268110 1694
1268120 1693
1268130 1693
1268140 1693
1268150 1692
1268160 1691
1268170 1691
1268180 1690
1268190 1690
1268200 1690
1268210 1690
1268220 1690
1268230 1690
1268240 1690
1268250 1691
1268260 1691
1268270 1691
1268280 1691
1268290 1690
1268300 1691
1268310 1692
1268320 1692
1268330 1693
1268340 1694
1268350 1695
1268360 1696
1268370 1696
1268380 1696
1268390 1699
1268400 1702
1268410 1705
1268420 1708
1268430 1712
1268440 1715
1268450 1718
1268460 1722
1268470 1724
1268480 1726
1268490 1729
1268500 1731
1268510 1733
1268520 1736
1268530 1738
1268540 1740
1268550 1743
1268560 1746
1268570 1748
1268580 1752
1268590 1754
1268600 1755
1268610 1756
1268620 1759
1268630 1762
1268640 1766
1268650 1770
1268660 1774
1268670 1778
1268680 1783
1268690 1789
1268700 1794
1268710 1800
1268720 1805
1268730 1810
1268740 1815
1268750 1819
1268760 1823
1268770 1827
1268780 1831
1268790 1834
1268800 1838
1268810 1840
1268820 1843
1268830 1846
1268840 1849
1268850 1852
1268860 1856
1268870 1860
1268880 1864
1268890 1868
1268900 1871
1268910 1875
1268920 1879
1268930 1883
1268940 1886
1268950 1890
1268960 1892
1268970 1894
1268980 1896
1268990 1897
1269000 1898
1269010 1899
1269020 1900
1269030 1900
1269040 1901
1269050 1902
1269060 1904
1269070 1906
1269080 1907
1269090 1907
1269100 1906
1269110 1905
1269120 1902
1269130 1900
1269140 1898
1269150 1897
1269160 1896
1269170 1895
1269180 1893
1269190 1891
1269200 1889
1269210 1888
1269220 1885
1269230 1883
1269240 1880
1269250 1876
1269260 1873
1269270 1871
1269280 1869
1269290 1867
1269300 1865
1269310 1862
1269320 1860
1269330 1857
1269340 1852
1269350 1846
1269360 1841
1269370 1836
1269380 1832
1269390 1827
1269400 1821
1269410 1815
1269420 1810
1269430 1805
1269440 1799
1269450 1792
1269460 1786
1269470 1780
1269480 1774
1269490 1768
1269500 1762
1269510 1757
1269520 1752
1269530 1747
1269540 1742
1269550 1738
1269560 1733
1269570 1726
1269580 1716
1269590 1707
1269600 1700
1269610 1694
1269620 1688
1269630 1682
1269640 1677
1269650 1675
1269660 1674
1269670 1674
1269680 1676
1269690 1679
1269700 1682
1269710 1683
1269720 1683
1269730 1683
1269740 1684
1269750 1691
1269760 1699
1269770 1709
1269780 1707
1269790 1703
1269800 1698
1269810 1694
1269820 1692
1269830 1689
1269840 1686
1269850 1684
1269860 1683
1269870 1684
1269880 1687
1269890 1691
1269900 1695
1269910 1700
1269920 1706
1269930 1710
1269940 1715
1269950 1720
1269960 1725
1269970 1731
1269980 1737
1269990 1742
1270000 1744
1270010 1747
1270020 1750
1270030 1753
1270040 1757
1270050 1761
1270060 1766
1270070 1771
1270080 1776
1270090 1781
1270100 1784
1270110 1787
1270120 1788
1270130 1790
1270140 1791
1270150 1793
1270160 1795
1270170 1798
1270180 1801
1270190 1804
1270200 1807
1270210 1811
1270220 1814
1270230 1817
1270240 1818
1270250 1820
1270260 1821
1270270 1822
1270280 1821
1270290 1821
1270300 1820
1270310 1819
1270320 1817
1270330 1815
1270340 1812
1270350 1811
1270360 1809
1270370 1806
1270380 1802
1270390 1798
1270400 1794
1270410 1792
1270420 1789
1270430 1786
1270440 1783
1270450 1779
1270460 1776
1270470 1772
1270480 1768
1270490 1763
1270500 1759
1270510 1755
1270520 1751
1270530 1747
1270540 1743
1270550 1739
1270560 1735
1270570 1730
1270580 1726
1270590 1721
1270600 1717
1270610 1714
1270620 1710
1270630 1706
1270640 1703
1270650 1699
1270660 1696
1270670 1693
1270680 1689
1270690 1686
1270700 1682
1270710 1679
1270720 1677
1270730 1675
1270740 1672
1270750 1670
1270760 1668
1270770 1666
1270780 1664
1270790 1662
1270800 1660
1270810 1658
1270820 1656
1270830 1655
1270840 1655
1270850 1654
1270860 1652
1270870 1650
1270880 1649
1270890 1647
1270900 1647
1270910 1645
1270920 1644
1270930 1643
1270940 1644
1270950 1645
1270960 1647
1270970 1648
1270980 1648
1270990 1647
1271000 1645
1271010 1643
1271020 1641
1271030 1640
1271040 1640
1271050 1642
1271060 1644
1271070 1645
1271080 1646
1271090 1645
1271100 1644
1271110 1644
1271120 1644
1271130 1644
1271140 1644
1271150 1645
1271160 1645
1271170 1645
1271180 1644
1271190 1644
1271200 1644
1271210 1644
1271220 1645
1271230 1645
1271240 1644
1271250 1644
1271260 1643
1271270 1644
1271280 1644
1271290 1644
1271300 1645
1271310 1647
1271320 1648
1271330 1649
1271340 1649
1271350 1649
1271360 1649
1271370 1649
1271380 1649
1271390 1649
1271400 1648
1271410 1647
1271420 1648
1271430 1649
1271440 1650
1271450 1651
1271460 1652
1271470 1654
1271480 1655
1271490 1656
1271500 1658
1271510 1659
1271520 1661
1271530 1662
1271540 1663
1271550 1663
1271560 1664
1271570 1664
1271580 1664
1271590 1665
1271600 1665
1271610 1665
1271620 1665
1271630 1665
1271640 1664
1271650 1663
1271660 1662
1271670 1661
1271680 1659
1271690 1658
1271700 1656
1271710 1652
1271720 1648
1271730 1643
1271740 1638
1271750 1633
1271760 1629
1271770 1626
1271780 1623
1271790 1621
1271800 1618
1271810 1614
1271820 1606
1271830 1599
1271840 1592
1271850 1589
1271860 1585
1271870 1582
1271880 1577
1271890 1576
1271900 1576
1271910 1572
1271920 1570
1271930 1568
1271940 1566
1271950 1562
1271960 1557
1271970 1552
1271980 1548
1271990 1543
1272000 1537
1272010 1535
1272020 1533
1272030 1530
1272040 1527
1272050 1524
1272060 1521
1272070 1518
1272080 1515
1272090 1513
1272100 1511
1272110 1509
1272120 1507
1272130 1506
1272140 1503
1272150 1501
1272160 1498
1272170 1496
1272180 1495
1272190 1493
1272200 1490
1272210 1487
1272220 1485
1272230 1482
1272240 1480
1272250 1479
1272260 1478
1272270 1477
1272280 1476
1272290 1475
1272300 1473
1272310 1473
1272320 1473
1272330 1472
1272340 1472
1272350 1470
1272360 1468
1272370 1465
1272380 1461
1272390 1457
1272400 1454
1272410 1451
1272420 1450
1272430 1447
1272440 1445
1272450 1443
1272460 1442
1272470 1441
1272480 1440
1272490 1438
1272500 1434
1272510 1429
1272520 1424
1272530 1420
1272540 1415
1272550 1413
1272560 1412
1272570 1411
1272580 1411
1272590 1411
1272600 1413
1272610 1417
1272620 1419
1272630 1419
1272640 1417
1272650 1414
1272660 1412
1272670 1409
1272680 1406
1272690 1404
1272700 1402
1272710 1400
1272720 1398
1272730 1397
1272740 1395
1272750 1393
1272760 1392
1272770 1391
1272780 1390
1272790 1388
1272800 1387
1272810 1386
1272820 1384
1272830 1384
1272840 1383
1272850 1382
1272860 1381
1272870 1380
1272880 1379
1272890 1378
1272900 1377
1272910 1376
1272920 1376
1272930 1375
1272940 1375
1272950 1374
1272960 1373
1272970 1373
1272980 1372
1272990 1371
1273000 1370
1273010 1369
1273020 1367
1273030 1366
1273040 1365
1273050 1364
1273060 1362
1273070 1361
1273080 1359
1273090 1357
1273100 1355
1273110 1353
1273120 1352
1273130 1351
1273140 1350
1273150 1349
1273160 1349
1273170 1349
1273180 1349
1273190 1348
1273200 1347
1273210 1344
1273220 1341
1273230 1337
1273240 1334
1273250 1333
1273260 1332
1273270 1331
1273280 1330
1273290 1329
1273300 1328
1273310 1327
1273320 1328
1273330 1327
1273340 1326
1273350 1325
1273360 1323
1273370 1321
1273380 1319
1273390 1318
1273400 1317
1273410 1318
1273420 1318
1273430 1318
1273440 1317
1273450 1316
1273460 1315
1273470 1314
1273480 1313
1273490 1311
1273500 1310
1273510 1310
1273520 1309
1273530 1308
1273540 1307
1273550 1306
1273560 1305
1273570 1304
1273580 1304
1273590 1303
1273600 1302
1273610 1301
1273620 1300
1273630 1298
1273640 1296
1273650 1294
1273660 1292
1273670 1292
1273680 1293
1273690 1293
1273700 1293
1273710 1292
1273720 1291
1273730 1289
1273740 1287
1273750 1286
1273760 1285
1273770 1284
1273780 1284
1273790 1284
1273800 1284
1273810 1285
1273820 1286
1273830 1286
1273840 1287
1273850 1287
1273860 1286
1273870 1284
1273880 1282
1273890 1280
1273900 1279
1273910 1277
1273920 1276
1273930 1275
1273940 1273
1273950 1272
1273960 1271
1273970 1270
1273980 1269
1273990 1268
1274000 1267
1274010 1267
1274020 1266
1274030 1265
1274040 1264
1274050 1263
1274060 1262
1274070 1262
1274080 1261
1274090 1261
1274100 1260
1274110 1259
1274120 1258
1274130 1256
1274140 1255
1274150 1254
1274160 1253
1274170 1253
1274180 1254
1274190 1254
1274200 1254
1274210 1253
1274220 1253
1274230 1253
1274240 1252
1274250 1252
1274260 1252
1274270 1253
1274280 1253
1274290 1253
1274300 1253
1274310 1254
1274320 1254
1274330 1255
1274340 1255
1274350 1255
1274360 1256
1274370 1256
1274380 1256
1274390 1255
1274400 1255
1274410 1254
1274420 1253
1274430 1253
1274440 1252
1274450 1252
1274460 1251
1274470 1251
1274480 1249
1274490 1248
1274500 1247
1274510 1247
1274520 1247
1274530 1246
1274540 1245
1274550 1245
1274560 1246
1274570 1246
1274580 1245
1274590 1245
1274600 1245
1274610 1245
1274620 1245
1274630 1246
1274640 1246
1274650 1246
1274660 1246
1274670 1246
1274680 1246
1274690 1246
1274700 1247
1274710 1247
1274720 1247
1274730 1247
1274740 1247
1274750 1247
1274760 1246
1274770 1246
1274780 1245
1274790 1245
1274800 1244
1274810 1243
1274820 1242
1274830 1241
1274840 1240
1274850 1239
1274860 1238
1274870 1236
1274880 1235
1274890 1234
1274900 1233
1274910 1231
1274920 1230
1274930 1228
1274940 1226
1274950 1223
1274960 1220
1274970 1217
1274980 1216
1274990 1215
1275000 1216
1275010 1216
1275020 1216
1275030 1217
1275040 1217
1275050 1218
1275060 1219
1275070 1219
1275080 1219
1275090 1219
1275100 1219
1275110 1219
1275120 1219
1275130 1220
1275140 1220
1275150 1220
1275160 1219
1275170 1219
1275180 1219
1275190 1219
1275200 1219
1275210 1219
1275220 1220
1275230 1220
1275240 1220
1275250 1220
1275260 1220
1275270 1220
1275280 1220
1275290 1220
1275300 1219
1275310 1219
1275320 1218
1275330 1218
1275340 1218
1275350 1218
1275360 1218
1275370 1219
1275380 1220
1275390 1221
1275400 1223
1275410 1223
1275420 1221
1275430 1217
1275440 1213
1275450 1209
1275460 1206
1275470 1202
1275480 1197
1275490 1193
1275500 1190
1275510 1187
1275520 1184
1275530 1180
1275540 1176
1275550 1172
1275560 1169
1275570 1166
1275580 1164
1275590 1160
1275600 1157
1275610 1153
1275620 1149
1275630 1145
1275640 1140
1275650 1136
1275660 1134
1275670 1133
1275680 1133
1275690 1132
1275700 1131
1275710 1131
1275720 1130
1275730 1129
1275740 1129
1275750 1129
1275760 1129
1275770 1128
1275780 1126
1275790 1123
1275800 1120
1275810 1117
1275820 1116
1275830 1115
1275840 1114
1275850 1112
1275860 1110
1275870 1107
1275880 1104
1275890 1101
1275900 1098
1275910 1096
1275920 1095
1275930 1093
1275940 1091
1275950 1089
1275960 1086
1275970 1083
1275980 1080
1275990 1077
1276000 1074
1276010 1071
1276020 1069
1276030 1066
1276040 1064
1276050 1062
1276060 1061
1276070 1059
1276080 1058
1276090 1056
1276100 1055
1276110 1054
1276120 1053
1276130 1050
1276140 1049
1276150 1047
1276160 1047
1276170 1047
1276180 1047
1276190 1047
1276200 1047
1276210 1046
1276220 1046
1276230 1046
1276240 1046
1276250 1046
1276260 1046
1276270 1045
1276280 1045
1276290 1045
1276300 1045
1276310 1043
1276320 1043
1276330 1044
1276340 1046
1276350 1047
1276360 1048
1276370 1049
1276380 1050
1276390 1050
1276400 1051
1276410 1051
1276420 1051
1276430 1051
1276440 1051
1276450 1051
1276460 1051
1276470 1050
1276480 1051
1276490 1051
1276500 1051
1276510 1051
1276520 1051
1276530 1051
1276540 1051
1276550 1050
1276560 1049
1276570 1047
1276580 1044
1276590 1041
1276600 1040
1276610 1040
1276620 1040
1276630 1040
1276640 1040
1276650 1040
1276660 1041
1276670 1039
1276680 1038
1276690 1040
1276700 1042
1276710 1043
1276720 1045
1276730 1046
1276740 1046
1276750 1047
1276760 1047
1276770 1047
1276780 1048
1276790 1048
1276800 1049
1276810 1050
1276820 1055
1276830 1059
1276840 1063
1276850 1067
1276860 1072
1276870 1077
1276880 1081
1276890 1082
1276900 1082
1276910 1083
1276920 1084
1276930 1084
1276940 1085
1276950 1086
1276960 1087
1276970 1087
1276980 1089
1276990 1091
1277000 1094
1277010 1099
1277020 1102
1277030 1104
1277040 1104
1277050 1105
1277060 1106
1277070 1107
1277080 1107
1277090 1108
1277100 1109
1277110 1111
1277120 1112
1277130 1113
1277140 1114
1277150 1115
1277160 1115
1277170 1116
1277180 1118
1277190 1120
1277200 1121
1277210 1122
1277220 1123
1277230 1125
1277240 1127
1277250 1128
1277260 1130
1277270 1131
1277280 1134
1277290 1136
1277300 1139
1277310 1142
1277320 1145
1277330 1147
1277340 1150
1277350 1154
1277360 1156
1277370 1157
1277380 1157
1277390 1158
1277400 1159
1277410 1160
1277420 1163
1277430 1165
1277440 1167
1277450 1168
1277460 1169
1277470 1170
1277480 1172
1277490 1173
1277500 1175
1277510 1176
1277520 1178
1277530 1179
1277540 1181
1277550 1182
1277560 1183
1277570 1184
1277580 1185
1277590 1186
1277600 1187
1277610 1188
1277620 1189
1277630 1191
1277640 1193
1277650 1195
1277660 1197
1277670 1198
1277680 1200
1277690 1202
1277700 1204
1277710 1206
1277720 1208
1277730 1210
1277740 1212
1277750 1215
1277760 1219
1277770 1223
1277780 1226
1277790 1229
1277800 1232
1277810 1234
1277820 1235
1277830 1238
1277840 1241
1277850 1245
1277860 1248
1277870 1250
1277880 1252
1277890 1254
1277900 1257
1277910 1260
1277920 1263
1277930 1266
1277940 1268
1277950 1271
1277960 1273
1277970 1276
1277980 1279
1277990 1283
1278000 1286
1278010 1289
1278020 1290
1278030 1292
1278040 1295
1278050 1298
1278060 1301
1278070 1304
1278080 1307
1278090 1310
1278100 1312
1278110 1315
1278120 1318
1278130 1322
1278140 1325
1278150 1328
1278160 1331
1278170 1334
1278180 1338
1278190 1342
1278200 1345
1278210 1348
1278220 1352
1278230 1355
1278240 1359
1278250 1362
1278260 1365
1278270 1368
1278280 1370
1278290 1372
1278300 1376
1278310 1379
1278320 1382
1278330 1385
1278340 1388
1278350 1391
1278360 1394
1278370 1397
1278380 1400
1278390 1403
1278400 1406
1278410 1410
1278420 1413
1278430 1417
1278440 1420
1278450 1424
1278460 1426
1278470 1429
1278480 1432
1278490 1435
1278500 1439
1278510 1442
1278520 1445
1278530 1448
1278540 1451
1278550 1455
1278560 1458
1278570 1462
1278580 1465
1278590 1469
1278600 1473
1278610 1478
1278620 1483
1278630 1487
1278640 1492
1278650 1497
1278660 1502
1278670 1507
1278680 1512
1278690 1518
1278700 1523
1278710 1528
1278720 1533
1278730 1536
1278740 1539
1278750 1543
1278760 1546
1278770 1550
1278780 1553
1278790 1557
1278800 1560
1278810 1563
1278820 1566
1278830 1569
1278840 1572
1278850 1576
1278860 1580
1278870 1585
1278880 1589
1278890 1593
1278900 1595
1278910 1597
1278920 1599
1278930 1600
1278940 1601
1278950 1603
1278960 1605
1278970 1607
1278980 1610
1278990 1613
1279000 1615
1279010 1617
1279020 1619
1279030 1620
1279040 1620
1279050 1621
1279060 1623
1279070 1626
1279080 1629
1279090 1631
1279100 1634
1279110 1636
1279120 1637
1279130 1638
1279140 1639
1279150 1641
1279160 1643
1279170 1644
1279180 1647
1279190 1648
1279200 1650
1279210 1652
1279220 1653
1279230 1655
1279240 1657
1279250 1658
1279260 1659
1279270 1660
1279280 1659
1279290 1658
1279300 1657
1279310 1656
1279320 1654
1279330 1653
1279340 1651
1279350 1651
1279360 1651
1279370 1652
1279380 1652
1279390 1651
1279400 1649
1279410 1646
1279420 1643
1279430 1640
1279440 1635
1279450 1630
1279460 1625
1279470 1620
1279480 1615
1279490 1610
1279500 1605
1279510 1602
1279520 1600
1279530 1602
1279540 1603
1279550 1604
1279560 1602
1279570 1599
1279580 1595
1279590 1590
1279600 1586
1279610 1582
1279620 1581
1279630 1581
1279640 1584
1279650 1586
1279660 1588
1279670 1590
1279680 1591
1279690 1591
1279700 1591
1279710 1590
1279720 1587
1279730 1581
1279740 1571
1279750 1568
1279760 1568
1279770 1573
1279780 1579
1279790 1586
1279800 1594
1279810 1597
1279820 1601
1279830 1605
1279840 1609
1279850 1612
1279860 1615
1279870 1616
1279880 1615
1279890 1613
1279900 1609
1279910 1605
1279920 1600
1279930 1593
1279940 1591
1279950 1594
1279960 1599
1279970 1603
1279980 1606
1279990 1609
