1260000 1509.6
1260010 1511.5
1260020 1514.8
1260030 1514.8
1260040 1520.2
1260050 1525.4
1260060 1529.2
1260070 1529.2
1260080 1531.9
1260090 1534.3
1260100 1539.5
1260110 1542.8
1260120 1546.2
1260130 1546.2
1260140 1549.9
1260150 1554.1
1260160 1554.1
1260170 1558.4
1260180 1562.1
1260190 1562.1
1260200 1565.8
1260210 1568.8
1260220 1568.8
1260230 1570.8
1260240 1572.7
1260250 1572.7
1260260 1575.2
1260270 1577.3
1260280 1578.7
1260290 1578.7
1260300 1580.3
1260310 1582.7
1260320 1582.7
1260330 1585.4
1260340 1587.4
1260350 1587.4
1260360 1588.8
1260370 1589.8
1260380 1589.8
1260390 1591.5
1260400 1595.5
1260410 1595.5
1260420 1600.3
1260430 1604.1
1260440 1604.1
1260450 1606.2
1260460 1607.9
1260470 1607.9
1260480 1612.0
1260490 1616.9
1260500 1621.0
1260510 1621.0
1260520 1625.0
1260530 1628.3
1260540 1628.3
1260550 1630.2
1260560 1632.0
1260570 1632.0
1260580 1633.7
1260590 1636.3
1260600 1636.3
1260610 1638.6
1260620 1640.3
1260630 1640.3
1260640 1641.8
1260650 1643.6
1260660 1646.0
1260670 1647.8
1260680 1649.8
1260690 1649.8
1260700 1651.5
1260710 1653.3
1260720 1655.2
1260730 1655.2
1260740 1657.3
1260750 1659.8
1260760 1659.8
1260770 1662.3
1260780 1664.0
1260790 1664.0
1260800 1664.5
1260810 1665.1
1260820 1665.1
1260830 1668.9
1260840 1675.4
1260850 1675.4
1260860 1684.0
1260870 1693.3
1260880 1693.3
1260890 1698.8
1260900 1694.2
1260910 1694.2
1260920 1687.3
1260930 1680.4
1260940 1674.0
1260950 1674.0
1260960 1667.7
1260970 1661.9
1260980 1661.9
1260990 1656.9
1261000 1651.2
1261010 1651.2
1261020 1644.6
1261030 1637.7
1261040 1637.7
1261050 1630.6
1261060 1623.8
1261070 1623.8
1261080 1617.3
1261090 1611.4
1261100 1611.4
1261110 1605.8
1261120 1600.3
1261130 1600.3
1261140 1594.9
1261150 1589.3
1261160 1584.0
1261170 1584.0
1261180 1578.6
1261190 1572.7
1261200 1572.7
1261210 1567.1
1261220 1561.1
1261230 1559.2
1261240 1553.4
1261250 1547.5
1261260 1547.5
1261270 1541.7
1261280 1535.8
1261290 1535.8
1261300 1529.9
1261310 1523.8
1261320 1523.8
1261330 1518.6
1261340 1514.4
1261350 1514.4
1261360 1510.8
1261370 1506.5
1261380 1506.5
1261390 1501.9
1261400 1497.6
1261410 1493.3
1261420 1493.3
1261430 1489.2
1261440 1485.4
1261450 1485.4
1261460 1481.1
1261470 1475.9
1261480 1475.9
1261490 1470.3
1261500 1464.1
1261510 1464.1
1261520 1457.3
1261530 1449.5
1261540 1449.5
1261550 1444.0
1261560 1438.9
1261570 1438.9
1261580 1433.8
1261590 1428.4
1261600 1428.4
1261610 1423.2
1261620 1418.1
1261630 1412.6
1261640 1412.6
1261650 1406.6
1261660 1400.7
1261670 1400.7
1261680 1395.1
1261690 1389.6
1261700 1389.6
1261710 1383.7
1261720 1377.7
1261730 1377.7
1261740 1372.1
1261750 1366.4
1261760 1366.4
1261770 1360.8
1261780 1357.1
1261790 1357.1
1261800 1357.5
1261810 1355.4
1261820 1355.4
1261830 1352.9
1261840 1350.7
1261850 1347.5
1261860 1347.5
1261870 1342.2
1261880 1337.5
1261890 1337.5
1261900 1333.3
1261910 1328.5
1261920 1328.5
1261930 1323.7
1261940 1317.6
1261950 1317.6
1261960 1312.3
1261970 1308.1
1261980 1308.1
1261990 1303.1
1262000 1296.3
1262010 1296.3
1262020 1288.8
1262030 1283.6
1262040 1283.6
1262050 1280.0
1262060 1279.0
1262070 1280.9
1262080 1280.9
1262090 1286.5
1262100 1295.5
1262110 1295.5
1262120 1301.6
1262130 1302.0
1262140 1302.0
1262150 1301.6
1262160 1302.3
1262170 1302.3
1262180 1304.8
1262190 1307.0
1262200 1307.0
1262210 1308.5
1262220 1309.1
1262230 1309.1
1262240 1309.5
1262250 1311.3
1262260 1311.3
1262270 1310.3
1262280 1310.5
1262290 1313.0
1262300 1313.0
1262310 1316.5
1262320 1319.8
1262330 1319.8
1262340 1323.6
1262350 1328.2
1262360 1328.2
1262370 1332.2
1262380 1337.2
1262390 1337.2
1262400 1342.3
1262410 1348.4
1262420 1348.4
1262430 1354.4
1262440 1360.4
1262450 1360.4
1262460 1366.6
1262470 1373.3
1262480 1373.3
1262490 1379.5
1262500 1386.0
1262510 1392.6
1262520 1392.6
1262530 1399.1
1262540 1405.5
1262550 1405.5
1262560 1412.4
1262570 1419.4
1262580 1419.4
1262590 1426.4
1262600 1433.2
1262610 1433.2
1262620 1440.3
1262630 1447.8
1262640 1447.8
1262650 1455.3
1262660 1462.7
1262670 1462.7
1262680 1471.1
1262690 1478.4
1262700 1478.4
1262710 1485.5
1262720 1498.9
1262730 1498.9
1262740 1511.8
1262750 1523.2
1262760 1537.7
1262770 1537.7
1262780 1543.8
1262790 1549.6
1262800 1549.6
1262810 1555.3
1262820 1562.9
1262830 1562.9
1262840 1572.1
1262850 1580.1
1262860 1580.1
1262870 1590.9
1262880 1609.0
1262890 1609.0
1262900 1624.7
1262910 1627.1
1262920 1627.1
1262930 1625.0
1262940 1637.3
1262950 1637.3
1262960 1642.1
1262970 1650.9
1262980 1648.2
1262990 1648.2
1263000 1657.4
1263010 1669.0
1263020 1669.0
1263030 1680.7
1263040 1690.7
1263050 1690.7
1263060 1699.9
1263070 1713.6
1263080 1713.6
1263090 1726.8
1263100 1738.6
1263110 1738.6
1263120 1749.4
1263130 1760.4
1263140 1760.4
1263150 1773.7
1263160 1783.6
1263170 1783.6
1263180 1792.2
1263190 1801.4
1263200 1809.5
1263210 1809.5
1263220 1817.9
1263230 1823.2
1263240 1823.2
1263250 1829.6
1263260 1837.3
1263270 1837.3
1263280 1844.1
1263290 1850.5
1263300 1850.5
1263310 1858.0
1263320 1865.8
1263330 1865.8
1263340 1874.1
1263350 1882.7
1263360 1882.7
1263370 1903.0
1263380 1926.8
1263390 1926.8
1263400 1947.7
1263410 1968.9
1263420 1990.4
1263430 1990.4
1263440 2033.4
1263450 2049.2
1263460 2049.2
1263470 2054.1
1263480 2051.9
1263490 2051.9
1263500 2047.1
1263510 2047.7
1263520 2047.7
1263530 2041.9
1263540 2035.0
1263550 2035.0
1263560 2027.2
1263570 2015.6
1263580 2015.6
1263590 2006.8
1263600 2003.1
1263610 2003.1
1263620 1996.4
1263630 1990.2
1263640 1981.9
1263650 1981.9
1263660 1971.6
1263670 1956.7
1263680 1956.7
1263690 1939.0
1263700 1939.3
1263710 1939.3
1263720 1946.5
1263730 1954.0
1263740 1954.0
1263750 1967.7
1263760 1997.4
1263770 1997.4
1263780 2021.1
1263790 2054.6
1263800 2054.6
1263810 2088.7
1263820 2131.7
1263830 2131.7
1263840 2144.2
1263850 2155.6
1263860 2166.6
1263870 2166.6
1263880 2173.1
1263890 2180.7
1263900 2180.7
1263910 2189.7
1263920 2198.7
1263930 2198.7
1263940 2206.8
1263950 2214.4
1263960 2214.4
1263970 2222.1
1263980 2228.4
1263990 2228.4
1264000 2233.5
1264010 2238.6
1264020 2238.6
1264030 2244.3
1264040 2250.0
1264050 2250.0
1264060 2256.6
1264070 2262.8
1264080 2262.8
1264090 2269.8
1264100 2275.7
1264110 2281.8
1264120 2281.8
1264130 2287.2
1264140 2292.7
1264150 2292.7
1264160 2297.5
1264170 2302.2
1264180 2302.2
1264190 2307.3
1264200 2313.2
1264210 2313.2
1264220 2319.7
1264230 2327.4
1264240 2327.4
1264250 2335.5
1264260 2342.5
1264270 2342.5
1264280 2350.1
1264290 2358.2
1264300 2358.2
1264310 2365.7
1264320 2373.3
1264330 2380.8
1264340 2380.8
1264350 2387.7
1264360 2394.9
1264370 2394.9
1264380 2402.0
1264390 2408.9
1264400 2408.9
1264410 2415.8
1264420 2422.7
1264430 2422.7
1264440 2430.0
1264450 2436.9
1264460 2436.9
1264470 2443.8
1264480 2451.2
1264490 2451.2
1264500 2459.8
1264510 2467.7
1264520 2467.7
1264530 2476.8
1264540 2487.1
1264550 2497.4
1264560 2497.4
1264570 2513.8
1264580 2526.5
1264590 2526.5
1264600 2533.2
1264610 2541.4
1264620 2541.4
1264630 2548.1
1264640 2555.2
1264650 2555.2
1264660 2564.0
1264670 2583.0
1264680 2583.0
1264690 2585.6
1264700 2579.4
1264710 2579.4
1264720 2573.2
1264730 2566.9
1264740 2566.9
1264750 2559.4
1264760 2552.6
1264770 2543.6
1264780 2543.6
1264790 2535.2
1264800 2527.8
1264810 2527.8
1264820 2520.3
1264830 2509.1
1264840 2509.1
1264850 2500.6
1264860 2496.4
1264870 2496.4
1264880 2490.9
1264890 2477.8
1264900 2477.8
1264910 2476.6
1264920 2531.2
1264930 2531.2
1264940 2599.3
1264950 2606.7
1264960 2606.7
1264970 2600.2
1264980 2596.2
1264990 2589.3
1265000 2589.3
1265010 2576.0
1265020 2569.1
1265030 2569.1
1265040 2573.5
1265050 2587.1
1265060 2587.1
1265070 2606.3
1265080 2617.0
1265090 2617.0
1265100 2609.2
1265110 2606.5
1265120 2606.5
1265130 2612.7
1265140 2623.1
1265150 2623.1
1265160 2630.5
1265170 2636.1
1265180 2636.1
1265190 2639.7
1265200 2643.8
1265210 2648.5
1265220 2648.5
1265230 2652.8
1265240 2651.2
1265250 2651.2
1265260 2645.7
1265270 2640.1
1265280 2640.1
1265290 2633.8
1265300 2627.6
1265310 2627.6
1265320 2622.0
1265330 2616.6
1265340 2616.6
1265350 2610.7
1265360 2604.6
1265370 2604.6
1265380 2599.4
1265390 2596.6
1265400 2596.6
1265410 2594.5
1265420 2591.2
1265430 2591.2
1265440 2588.4
1265450 2586.2
1265460 2584.0
1265470 2584.0
1265480 2579.4
1265490 2574.1
1265500 2574.1
1265510 2566.8
1265520 2556.6
1265530 2556.6
1265540 2545.8
1265550 2533.1
1265560 2533.1
1265570 2518.7
1265580 2510.4
1265590 2510.4
1265600 2503.3
1265610 2496.5
1265620 2496.5
1265630 2489.9
1265640 2483.8
1265650 2483.8
1265660 2478.6
1265670 2474.5
1265680 2470.8
1265690 2470.8
1265700 2467.5
1265710 2464.5
1265720 2464.5
1265730 2461.9
1265740 2459.5
1265750 2459.5
1265760 2456.5
1265770 2452.9
1265780 2452.9
1265790 2448.6
1265800 2443.9
1265810 2443.9
1265820 2435.5
1265830 2431.7
1265840 2431.7
1265850 2429.2
1265860 2426.5
1265870 2426.5
1265880 2424.4
1265890 2423.2
1265900 2421.9
1265910 2421.9
1265920 2420.5
1265930 2418.9
1265940 2418.9
1265950 2416.4
1265960 2414.7
1265970 2414.7
1265980 2417.3
1265990 2420.9
1266000 2420.9
1266010 2417.6
1266020 2414.7
1266030 2414.7
1266040 2414.5
1266050 2418.5
1266060 2418.5
1266070 2432.1
1266080 2442.4
1266090 2442.4
1266100 2445.7
1266110 2444.1
1266120 2442.2
1266130 2442.2
1266140 2441.6
1266150 2439.6
1266160 2439.6
1266170 2437.8
1266180 2438.3
1266190 2438.3
1266200 2437.9
1266210 2436.8
1266220 2436.8
1266230 2434.5
1266240 2431.6
1266250 2431.6
1266260 2428.1
1266270 2424.0
1266280 2424.0
1266290 2416.8
1266300 2404.8
1266310 2404.8
1266320 2385.6
1266330 2373.3
1266340 2366.8
1266350 2366.8
1266360 2361.2
1266370 2357.8
1266380 2357.8
1266390 2354.4
1266400 2354.3
1266410 2354.3
1266420 2356.1
1266430 2358.0
1266440 2358.0
1266450 2343.9
1266460 2317.2
1266470 2317.2
1266480 2308.6
1266490 2301.3
1266500 2301.3
1266510 2293.8
1266520 2286.9
1266530 2286.9
1266540 2280.6
1266550 2274.4
1266560 2268.6
1266570 2268.6
1266580 2262.5
1266590 2256.0
1266600 2256.0
1266610 2248.8
1266620 2242.7
1266630 2242.7
1266640 2237.1
1266650 2230.6
1266660 2230.6
1266670 2226.2
1266680 2222.4
1266690 2222.4
1266700 2218.4
1266710 2214.5
1266720 2214.5
1266730 2209.5
1266740 2207.1
1266750 2207.1
1266760 2204.9
1266770 2204.4
1266780 2204.4
1266790 2205.7
1266800 2206.6
1266810 2203.6
1266820 2203.6
1266830 2197.6
1266840 2191.1
1266850 2191.1
1266860 2186.9
1266870 2184.3
1266880 2184.3
1266890 2181.5
1266900 2179.1
1266910 2179.1
1266920 2178.3
1266930 2175.2
1266940 2175.2
1266950 2169.1
1266960 2163.4
1266970 2163.4
1266980 2158.8
1266990 2153.4
1267000 2153.4
1267010 2149.3
1267020 2145.6
1267030 2142.2
1267040 2142.2
1267050 2139.8
1267060 2137.6
1267070 2137.6
1267080 2136.8
1267090 2136.5
1267100 2136.5
1267110 2137.2
1267120 2138.7
1267130 2138.7
1267140 2139.5
1267150 2140.0
1267160 2140.0
1267170 2140.0
1267180 2139.3
1267190 2139.3
1267200 2137.6
1267210 2136.2
1267220 2136.2
1267230 2136.2
1267240 2137.8
1267250 2140.6
1267260 2140.6
1267270 2143.8
1267280 2146.6
1267290 2146.6
1267300 2147.9
1267310 2147.6
1267320 2147.6
1267330 2146.3
1267340 2144.9
1267350 2144.9
1267360 2144.4
1267370 2143.8
1267380 2143.8
1267390 2142.6
1267400 2144.2
1267410 2144.2
1267420 2146.1
1267430 2147.3
1267440 2147.3
1267450 2147.6
1267460 2146.7
1267470 2146.6
1267480 2146.6
1267490 2147.3
1267500 2148.5
1267510 2148.5
1267520 2149.4
1267530 2153.1
1267540 2153.1
1267550 2158.3
1267560 2164.2
1267570 2157.0
1267580 2158.9
1267590 2156.1
1267600 2156.1
1267610 2176.9
1267620 2205.2
1267630 2205.2
1267640 2230.4
1267650 2253.3
1267660 2253.3
1267670 2247.0
1267680 2227.3
1267690 2214.8
1267700 2214.8
1267710 2212.9
1267720 2214.8
1267730 2214.8
1267740 2220.5
1267750 2226.5
1267760 2226.5
1267770 2230.8
1267780 2237.2
1267790 2237.2
1267800 2246.6
1267810 2257.9
1267820 2257.9
1267830 2268.8
1267840 2277.6
1267850 2277.6
1267860 2279.6
1267870 2285.5
1267880 2285.5
1267890 2290.8
1267900 2295.1
1267910 2299.9
1267920 2299.9
1267930 2306.3
1267940 2314.0
1267950 2314.0
1267960 2323.0
1267970 2333.3
1267980 2333.3
1267990 2341.3
1268000 2339.4
1268010 2339.4
1268020 2335.2
1268030 2331.1
1268040 2331.1
1268050 2327.6
1268060 2324.4
1268070 2324.4
1268080 2321.8
1268090 2319.6
1268100 2319.6
1268110 2317.4
1268120 2316.2
1268130 2316.2
1268140 2315.5
1268150 2314.9
1268160 2307.9
1268170 2307.9
1268180 2307.3
1268190 2306.1
1268200 2306.1
1268210 2303.4
1268220 2299.0
1268230 2299.0
1268240 2294.1
1268250 2289.2
1268260 2289.2
1268270 2284.1
1268280 2278.5
1268290 2278.5
1268300 2272.8
1268310 2266.9
1268320 2266.9
1268330 2260.9
1268340 2255.7
1268350 2255.7
1268360 2250.1
1268370 2244.2
1268380 2238.4
1268390 2238.4
1268400 2232.6
1268410 2227.1
1268420 2227.1
1268430 2221.9
1268440 2216.4
1268450 2216.4
1268460 2210.9
1268470 2205.8
1268480 2205.8
1268490 2202.2
1268500 2198.5
1268510 2198.5
1268520 2194.5
1268530 2190.5
1268540 2190.5
1268550 2186.1
1268560 2181.8
1268570 2181.8
1268580 2180.6
1268590 2182.4
1268600 2184.5
1268610 2184.5
1268620 2186.9
1268630 2188.0
1268640 2188.0
1268650 2186.7
1268660 2184.5
1268670 2184.5
1268680 2182.0
1268690 2179.3
1268700 2179.3
1268710 2176.5
1268720 2173.5
1268730 2173.5
1268740 2166.3
1268750 2163.5
1268760 2163.5
1268770 2161.1
1268780 2158.6
1268790 2158.6
1268800 2155.6
1268810 2152.7
1268820 2153.5
1268830 2153.5
1268840 2154.8
1268850 2154.7
1268860 2154.7
1268870 2153.7
1268880 2153.1
1268890 2153.1
1268900 2152.2
1268910 2150.9
1268920 2150.9
1268930 2148.7
1268940 2146.4
1268950 2146.4
1268960 2144.5
1268970 2142.1
1268980 2142.1
1268990 2139.3
1269000 2136.4
1269010 2136.4
1269020 2133.4
1269030 2129.3
1269040 2123.1
1269050 2123.1
1269060 2116.6
1269070 2112.8
1269080 2112.8
1269090 2111.2
1269100 2109.8
1269110 2109.8
1269120 2108.3
1269130 2106.1
1269140 2106.1
1269150 2103.0
1269160 2101.0
1269170 2101.0
1269180 2099.0
1269190 2096.3
1269200 2096.3
1269210 2094.0
1269220 2091.9
1269230 2091.9
1269240 2089.7
1269250 2087.0
1269260 2084.2
1269270 2084.2
1269280 2082.7
1269290 2081.3
1269300 2081.3
1269310 2080.2
1269320 2079.3
1269330 2077.3
1269340 2076.8
1269350 2076.6
1269360 2076.6
1269370 2075.5
1269380 2077.0
1269390 2077.0
1269400 2080.9
1269410 2083.5
1269420 2083.5
1269430 2085.6
1269440 2087.9
1269450 2087.9
1269460 2090.5
1269470 2093.0
1269480 2093.0
1269490 2095.1
1269500 2097.1
1269510 2099.5
1269520 2099.5
1269530 2102.1
1269540 2105.3
1269550 2105.3
1269560 2108.7
1269570 2112.6
1269580 2112.6
1269590 2116.5
1269600 2121.0
1269610 2121.0
1269620 2126.0
1269630 2130.6
1269640 2130.6
1269650 2134.7
1269660 2137.5
1269670 2137.5
1269680 2139.5
1269690 2141.3
1269700 2141.3
1269710 2143.7
1269720 2144.8
1269730 2145.4
1269740 2145.4
1269750 2146.7
1269760 2148.9
1269770 2148.9
1269780 2150.2
1269790 2150.3
1269800 2150.3
1269810 2148.8
1269820 2149.6
1269830 2149.6
1269840 2152.8
1269850 2154.6
1269860 2154.6
1269870 2155.3
1269880 2155.1
1269890 2155.1
1269900 2154.4
1269910 2152.0
1269920 2147.6
1269930 2143.2
1269940 2139.3
1269950 2136.3
1269960 2136.3
1269970 2134.4
1269980 2134.0
1269990 2134.0
1270000 2134.1
1270010 2134.0
1270020 2134.0
1270030 2133.7
1270040 2133.1
1270050 2133.1
1270060 2132.9
1270070 2133.6
1270080 2133.6
1270090 2134.4
1270100 2135.7
1270110 2135.7
1270120 2136.1
1270130 2136.2
1270140 2136.2
1270150 2136.5
1270160 2135.3
1270170 2133.7
1270180 2133.7
1270190 2131.6
1270200 2129.0
1270210 2129.0
1270220 2123.8
1270230 2116.4
1270240 2116.4
1270250 2109.7
1270260 2106.7
1270270 2106.7
1270280 2109.7
1270290 2111.0
1270300 2111.0
1270310 2109.1
1270320 2107.2
1270330 2107.2
1270340 2108.3
1270350 2108.2
1270360 2108.2
1270370 2108.3
1270380 2108.3
1270390 2108.2
1270400 2108.2
1270410 2107.4
1270420 2106.7
1270430 2106.7
1270440 2106.7
1270450 2106.3
1270460 2106.3
1270470 2104.5
1270480 2101.6
1270490 2101.6
1270500 2098.4
1270510 2095.0
1270520 2095.0
1270530 2094.7
1270540 2093.7
1270550 2093.7
1270560 2092.9
1270570 2092.8
1270580 2092.8
1270590 2093.3
1270600 2093.7
1270610 2093.1
1270620 2093.1
1270630 2091.7
1270640 2089.9
1270650 2089.9
1270660 2090.0
1270670 2091.3
1270680 2091.3
1270690 2091.8
1270700 2091.8
1270710 2091.8
1270720 2091.0
1270730 2089.9
1270740 2089.9
1270750 2088.3
1270760 2086.1
1270770 2086.1
1270780 2084.2
1270790 2083.3
1270800 2083.3
1270810 2083.5
1270820 2084.1
1270830 2084.1
1270840 2084.3
1270850 2082.9
1270860 2080.9
1270870 2080.9
1270880 2078.6
1270890 2075.0
1270900 2075.0
1270910 2070.2
1270920 2065.8
1270930 2065.8
1270940 2062.5
1270950 2059.8
1270960 2059.8
1270970 2056.5
1270980 2052.6
1270990 2052.6
1271000 2048.6
1271010 2045.3
1271020 2045.3
1271030 2042.8
1271040 2041.6
1271050 2041.6
1271060 2040.9
1271070 2039.2
1271080 2036.9
1271090 2036.9
1271100 2034.4
1271110 2031.4
1271120 2031.4
1271130 2029.4
1271140 2027.0
1271150 2027.0
1271160 2021.6
1271170 2014.6
1271180 2014.6
1271190 2009.4
1271200 2005.2
1271210 2005.2
1271220 1999.9
1271230 1993.2
1271240 1993.2
1271250 1988.5
1271260 1983.9
1271270 1983.9
1271280 1977.4
1271290 1971.9
1271300 1967.7
1271310 1967.7
1271320 1963.1
1271330 1958.6
1271340 1958.6
1271350 1955.2
1271360 1952.6
1271370 1952.6
1271380 1949.9
1271390 1946.6
1271400 1946.6
1271410 1942.8
1271420 1938.4
1271430 1938.4
1271440 1934.5
1271450 1931.3
1271460 1931.3
1271470 1929.1
1271480 1927.4
1271490 1927.4
1271500 1926.1
1271510 1926.0
1271520 1925.6
1271530 1925.6
1271540 1922.8
1271550 1919.2
1271560 1919.2
1271570 1915.1
1271580 1911.9
1271590 1911.9
1271600 1911.3
1271610 1912.4
1271620 1912.4
1271630 1914.3
1271640 1916.0
1271650 1916.0
1271660 1916.4
1271670 1916.9
1271680 1916.9
1271690 1919.1
1271700 1919.0
1271710 1919.0
1271720 1918.3
1271730 1917.1
1271740 1915.4
1271750 1915.4
1271760 1914.8
1271770 1915.5
1271780 1915.5
1271790 1917.2
1271800 1919.7
1271810 1919.7
1271820 1922.8
1271830 1925.7
1271840 1925.7
1271850 1927.5
1271860 1928.3
1271870 1928.3
1271880 1928.5
1271890 1927.9
1271900 1927.9
1271910 1927.1
1271920 1925.9
1271930 1925.9
1271940 1924.8
1271950 1924.3
1271960 1923.8
1271970 1923.8
1271980 1923.3
1271990 1921.9
1272000 1921.9
1272010 1920.5
1272020 1918.9
1272030 1918.9
1272040 1918.3
1272050 1918.5
1272060 1918.5
1272070 1919.1
1272080 1919.6
1272090 1919.6
1272100 1919.0
1272110 1918.6
1272120 1918.6
1272130 1918.8
1272140 1919.0
1272150 1919.0
1272160 1918.9
1272170 1919.2
1272180 1919.2
1272190 1919.6
1272200 1919.9
1272210 1920.2
1272220 1920.2
1272230 1920.8
1272240 1921.4
1272250 1921.4
1272260 1921.6
1272270 1920.6
1272280 1920.6
1272290 1919.6
1272300 1917.2
1272310 1917.2
1272320 1916.0
1272330 1915.5
1272340 1915.5
1272350 1914.5
1272360 1912.4
1272370 1912.4
1272380 1911.1
1272390 1910.1
1272400 1910.1
1272410 1908.8
1272420 1908.1
1272430 1907.9
1272440 1907.9
1272450 1906.8
1272460 1904.8
1272470 1904.8
1272480 1902.6
1272490 1901.0
1272500 1901.0
1272510 1900.4
1272520 1900.3
1272530 1900.3
1272540 1900.6
1272550 1901.2
1272560 1901.2
1272570 1900.8
1272580 1899.5
1272590 1899.5
1272600 1898.8
1272610 1898.1
1272620 1898.1
1272630 1898.1
1272640 1897.8
1272650 1897.4
1272660 1897.4
1272670 1896.0
1272680 1893.6
1272690 1893.6
1272700 1892.9
1272710 1890.4
1272720 1890.4
1272730 1886.6
1272740 1883.1
1272750 1883.1
1272760 1879.2
1272770 1879.2
1272780 1879.2
1272790 1879.8
1272800 1879.5
1272810 1879.5
1272820 1877.9
1272830 1872.7
1272840 1872.7
1272850 1866.9
1272860 1863.8
1272870 1868.4
1272880 1868.4
1272890 1869.1
1272900 1872.5
1272910 1872.5
1272920 1872.0
1272930 1873.4
1272940 1873.4
1272950 1876.2
1272960 1876.2
1272970 1876.2
1272980 1876.7
1272990 1877.8
1273000 1877.8
1273010 1877.8
1273020 1876.4
1273030 1876.4
1273040 1873.1
1273050 1870.8
1273060 1870.8
1273070 1869.1
1273080 1867.8
1273090 1864.5
1273100 1864.5
1273110 1862.6
1273120 1862.0
1273130 1862.0
1273140 1864.2
1273150 1867.1
1273160 1867.1
1273170 1870.7
1273180 1871.1
1273190 1871.1
1273200 1869.4
1273210 1865.9
1273220 1865.9
1273230 1861.0
1273240 1853.8
1273250 1853.8
1273260 1845.2
1273270 1838.0
1273280 1838.0
1273290 1831.2
1273300 1824.4
1273310 1817.7
1273320 1817.7
1273330 1812.4
1273340 1809.1
1273350 1809.1
1273360 1805.6
1273370 1801.7
1273380 1801.7
1273390 1798.2
1273400 1795.2
1273410 1795.2
1273420 1789.8
1273430 1785.6
1273440 1785.6
1273450 1781.9
1273460 1778.5
1273470 1778.5
1273480 1775.2
1273490 1770.4
1273500 1771.2
1273510 1764.9
1273520 1758.4
1273530 1754.1
1273540 1754.1
1273550 1751.8
1273560 1747.6
1273570 1747.6
1273580 1738.8
1273590 1729.8
1273600 1729.8
1273610 1720.4
1273620 1710.0
1273630 1710.0
1273640 1696.0
1273650 1687.7
1273660 1687.7
1273670 1683.4
1273680 1674.8
1273690 1674.8
1273700 1665.4
1273710 1656.2
1273720 1656.2
1273730 1647.9
1273740 1639.9
1273750 1639.9
1273760 1631.2
1273770 1622.6
1273780 1615.0
1273790 1615.0
1273800 1608.4
1273810 1601.8
1273820 1601.8
1273830 1594.6
1273840 1587.2
1273850 1587.2
1273860 1579.7
1273870 1572.5
1273880 1572.5
1273890 1566.2
1273900 1562.0
1273910 1562.0
1273920 1558.5
1273930 1554.8
1273940 1554.8
1273950 1550.1
1273960 1544.4
1273970 1544.4
1273980 1538.3
1273990 1531.7
1274000 1524.8
1274010 1524.8
1274020 1518.0
1274030 1511.2
1274040 1511.2
1274050 1504.5
1274060 1497.9
1274070 1497.9
1274080 1491.6
1274090 1486.4
1274100 1487.0
1274110 1483.4
1274120 1478.4
1274130 1478.4
1274140 1472.3
1274150 1466.0
1274160 1466.0
1274170 1459.6
1274180 1453.1
1274190 1453.1
1274200 1446.4
1274210 1440.7
1274220 1435.0
1274230 1435.0
1274240 1428.6
1274250 1422.5
1274260 1422.5
1274270 1416.6
1274280 1412.3
1274290 1412.3
1274300 1408.7
1274310 1405.4
1274320 1405.4
1274330 1401.9
1274340 1397.8
1274350 1397.8
1274360 1395.0
1274370 1392.7
1274380 1392.7
1274390 1389.1
1274400 1384.7
1274410 1384.7
1274420 1380.6
1274430 1379.3
1274440 1379.2
1274450 1379.2
1274460 1376.4
1274470 1372.0
1274480 1372.0
1274490 1367.4
1274500 1362.0
1274510 1362.0
1274520 1356.2
1274530 1350.0
1274540 1350.0
1274550 1343.5
1274560 1338.4
1274570 1338.4
1274580 1334.1
1274590 1330.6
1274600 1330.6
1274610 1328.7
1274620 1329.9
1274630 1329.9
1274640 1334.2
1274650 1338.2
1274660 1339.0
1274670 1339.0
1274680 1336.4
1274690 1332.8
1274700 1334.5
1274710 1331.0
1274720 1327.6
1274730 1327.6
1274740 1324.4
1274750 1320.7
1274760 1320.7
1274770 1316.6
1274780 1313.6
1274790 1313.6
1274800 1311.0
1274810 1307.7
1274820 1307.7
1274830 1304.0
1274840 1300.3
1274850 1300.3
1274860 1297.1
1274870 1293.9
1274880 1290.6
1274890 1290.6
1274900 1286.4
1274910 1281.4
1274920 1281.4
1274930 1276.2
1274940 1271.4
1274950 1271.4
1274960 1266.6
1274970 1261.1
1274980 1261.1
1274990 1256.0
1275000 1251.0
1275010 1251.0
1275020 1246.2
1275030 1241.2
1275040 1241.2
1275050 1236.0
1275060 1230.8
1275070 1230.8
1275080 1226.0
1275090 1221.5
1275100 1221.5
1275110 1217.2
1275120 1214.1
1275130 1211.0
1275140 1211.0
1275150 1208.2
1275160 1205.2
1275170 1205.2
1275180 1201.1
1275190 1196.2
1275200 1196.2
1275210 1190.9
1275220 1185.6
1275230 1185.6
1275240 1180.4
1275250 1175.6
1275260 1175.6
1275270 1171.3
1275280 1167.1
1275290 1167.1
1275300 1163.1
1275310 1163.0
1275320 1163.0
1275330 1160.5
1275340 1156.7
1275350 1153.1
1275360 1153.1
1275370 1150.0
1275380 1147.4
1275390 1147.4
1275400 1145.3
1275410 1142.9
1275420 1142.9
1275430 1140.7
1275440 1137.4
1275450 1137.4
1275460 1133.4
1275470 1129.7
1275480 1129.7
1275490 1124.6
1275500 1118.8
1275510 1118.8
1275520 1113.9
1275530 1109.2
1275540 1109.2
1275550 1105.7
1275560 1103.4
1275570 1099.4
1275580 1099.4
1275590 1096.4
1275600 1096.2
1275610 1096.2
1275620 1096.1
1275630 1093.3
1275640 1093.3
1275650 1088.5
1275660 1084.9
1275670 1084.9
1275680 1082.8
1275690 1081.3
1275700 1081.3
1275710 1080.1
1275720 1078.7
1275730 1078.7
1275740 1076.7
1275750 1074.5
1275760 1074.5
1275770 1073.0
1275780 1072.3
1275790 1071.7
1275800 1071.7
1275810 1069.8
1275820 1064.6
1275830 1064.6
1275840 1060.4
1275850 1057.6
1275860 1057.6
1275870 1055.4
1275880 1054.3
1275890 1054.3
1275900 1053.3
1275910 1050.5
1275920 1051.9
1275930 1049.9
1275940 1049.0
1275950 1049.0
1275960 1046.0
1275970 1040.3
1275980 1040.3
1275990 1034.0
1276000 1030.9
1276010 1029.7
1276020 1029.7
1276030 1028.2
1276040 1027.9
1276050 1027.9
1276060 1027.4
1276070 1027.2
1276080 1027.2
1276090 1026.7
1276100 1026.0
1276110 1026.0
1276120 1025.4
1276130 1023.7
1276140 1023.7
1276150 1022.8
1276160 1023.9
1276170 1023.9
1276180 1024.6
1276190 1025.0
1276200 1025.0
1276210 1025.6
1276220 1026.0
1276230 1026.1
1276240 1026.1
1276250 1026.2
1276260 1026.4
1276270 1026.4
1276280 1026.8
1276290 1026.8
1276300 1026.8
1276310 1026.8
1276320 1026.8
1276330 1026.8
1276340 1027.1
1276350 1028.8
1276360 1028.8
1276370 1035.6
1276380 1042.1
1276390 1042.1
1276400 1050.4
1276410 1058.8
1276420 1058.8
1276430 1066.5
1276440 1072.2
1276450 1076.6
1276460 1076.6
1276470 1079.6
1276480 1082.1
1276490 1082.1
1276500 1084.5
1276510 1087.4
1276520 1087.4
1276530 1087.7
1276540 1091.4
1276550 1091.4
1276560 1095.9
1276570 1100.2
1276580 1100.2
1276590 1104.9
1276600 1110.7
1276610 1110.7
1276620 1116.4
1276630 1119.9
1276640 1119.9
1276650 1122.1
1276660 1124.2
1276670 1124.2
1276680 1127.4
1276690 1129.2
1276700 1131.7
1276710 1131.7
1276720 1134.1
1276730 1136.1
1276740 1136.1
1276750 1137.8
1276760 1139.5
1276770 1139.5
1276780 1141.0
1276790 1142.4
1276800 1142.4
1276810 1144.0
1276820 1146.0
1276830 1146.0
1276840 1147.3
1276850 1148.9
1276860 1148.9
1276870 1154.3
1276880 1158.2
1276890 1158.2
1276900 1162.2
1276910 1165.3
1276920 1169.9
1276930 1169.9
1276940 1173.8
1276950 1178.5
1276960 1178.5
1276970 1183.3
1276980 1187.4
1276990 1187.4
1277000 1191.5
1277010 1194.4
1277020 1194.4
1277030 1197.0
1277040 1200.0
1277050 1200.0
1277060 1203.0
1277070 1206.0
1277080 1206.0
1277090 1208.8
1277100 1212.1
1277110 1212.1
1277120 1215.2
1277130 1218.3
1277140 1220.2
1277150 1220.2
1277160 1224.9
1277170 1230.2
1277180 1230.2
1277190 1236.6
1277200 1241.4
1277210 1241.4
1277220 1244.2
1277230 1246.2
1277240 1246.2
1277250 1248.0
1277260 1249.8
1277270 1249.8
1277280 1251.7
1277290 1252.6
1277300 1252.6
1277310 1252.9
1277320 1252.9
1277330 1252.9
1277340 1253.9
1277350 1255.4
1277360 1257.7
1277370 1257.7
1277380 1260.8
1277390 1265.4
1277400 1265.4
1277410 1269.7
1277420 1273.2
1277430 1273.2
1277440 1276.8
1277450 1281.9
1277460 1281.9
1277470 1286.8
1277480 1290.6
1277490 1290.6
1277500 1294.6
1277510 1299.2
1277520 1299.2
1277530 1303.2
1277540 1307.3
1277550 1307.3
1277560 1311.8
1277570 1315.6
1277580 1318.0
1277590 1318.0
1277600 1320.2
1277610 1322.4
1277620 1322.4
1277630 1324.8
1277640 1327.4
1277650 1327.4
1277660 1330.0
1277670 1332.0
1277680 1332.0
1277690 1334.3
1277700 1337.1
1277710 1337.1
1277720 1340.1
1277730 1343.3
1277740 1343.3
1277750 1347.4
1277760 1351.2
1277770 1351.2
1277780 1354.9
1277790 1358.4
1277800 1361.5
1277810 1361.5
1277820 1364.6
1277830 1368.0
1277840 1368.0
1277850 1371.6
1277860 1374.7
1277870 1374.7
1277880 1377.0
1277890 1378.1
1277900 1378.1
1277910 1379.3
1277920 1381.3
1277930 1381.3
1277940 1383.5
1277950 1386.8
1277960 1386.8
1277970 1388.3
1277980 1390.1
1277990 1390.1
1278000 1395.7
1278010 1401.9
1278020 1401.9
1278030 1407.2
1278040 1411.8
1278050 1416.6
1278060 1416.6
1278070 1421.5
1278080 1427.1
1278090 1427.1
1278100 1432.8
1278110 1438.1
1278120 1438.1
1278130 1443.1
1278140 1447.9
1278150 1447.9
1278160 1453.4
1278170 1458.6
1278180 1458.6
1278190 1463.1
1278200 1466.5
1278210 1466.5
1278220 1469.7
1278230 1473.4
1278240 1473.4
1278250 1477.4
1278260 1480.4
1278270 1482.7
1278280 1482.7
1278290 1485.1
1278300 1487.0
1278310 1487.0
1278320 1490.3
1278330 1494.5
1278340 1494.5
1278350 1498.9
1278360 1500.3
1278370 1500.3
1278380 1503.8
1278390 1507.5
1278400 1507.5
1278410 1512.3
1278420 1517.7
1278430 1517.7
1278440 1523.3
1278450 1528.3
1278460 1528.3
1278470 1532.4
1278480 1535.3
1278490 1537.9
1278500 1537.9
1278510 1542.8
1278520 1548.3
1278530 1548.3
1278540 1553.9
1278550 1559.3
1278560 1559.3
1278570 1564.6
1278580 1569.5
1278590 1569.5
1278600 1573.8
1278610 1578.4
1278620 1578.4
1278630 1584.1
1278640 1591.3
1278650 1591.3
1278660 1596.4
1278670 1601.4
1278680 1601.4
1278690 1605.8
1278700 1610.4
1278710 1615.8
1278720 1615.8
1278730 1621.3
1278740 1626.0
1278750 1626.0
1278760 1628.9
1278770 1631.3
1278780 1631.3
1278790 1633.6
1278800 1635.4
1278810 1635.4
1278820 1637.8
1278830 1640.8
1278840 1640.8
1278850 1642.9
1278860 1644.5
1278870 1644.5
1278880 1645.8
1278890 1646.8
1278900 1646.8
1278910 1649.2
1278920 1654.9
1278930 1661.7
1278940 1661.7
1278950 1668.5
1278960 1674.8
1278970 1674.8
1278980 1678.5
1278990 1683.9
1279000 1683.9
1279010 1690.5
1279020 1696.4
1279030 1696.4
1279040 1701.6
1279050 1706.2
1279060 1706.2
1279070 1710.8
1279080 1716.3
1279090 1716.3
1279100 1721.5
1279110 1726.9
1279120 1726.9
1279130 1732.1
1279140 1736.6
1279150 1741.1
1279160 1741.1
1279170 1746.5
1279180 1751.5
1279190 1751.5
1279200 1755.5
1279210 1759.5
1279220 1759.5
1279230 1763.7
1279240 1766.8
1279250 1766.8
1279260 1769.2
1279270 1771.6
1279280 1771.6
1279290 1774.2
1279300 1777.0
1279310 1777.0
1279320 1779.8
1279330 1782.4
1279340 1782.4
1279350 1784.6
1279360 1786.5
1279370 1788.8
1279380 1788.8
1279390 1792.2
1279400 1796.3
1279410 1796.3
1279420 1800.7
1279430 1804.7
1279440 1804.7
1279450 1807.7
1279460 1810.1
1279470 1810.1
1279480 1812.2
1279490 1814.9
1279500 1814.9
1279510 1817.7
1279520 1821.1
1279530 1821.1
1279540 1824.8
1279550 1828.1
1279560 1828.1
1279570 1832.5
1279580 1837.7
1279590 1837.7
1279600 1842.3
1279610 1847.4
1279620 1852.3
1279630 1852.3
1279640 1858.4
1279650 1863.2
1279660 1863.2
1279670 1867.1
1279680 1869.6
1279690 1869.6
1279700 1871.8
1279710 1873.5
1279720 1873.5
1279730 1875.7
1279740 1877.8
1279750 1877.8
1279760 1880.1
1279770 1882.0
1279780 1882.0
1279790 1883.3
1279800 1884.6
1279810 1884.6
1279820 1886.9
1279830 1890.0
1279840 1894.2
1279850 1894.2
1279860 1898.1
1279870 1901.2
1279880 1901.2
1279890 1904.5
1279900 1908.9
1279910 1908.9
1279920 1913.2
1279930 1916.3
1279940 1916.3
1279950 1920.6
1279960 1921.8
1279970 1921.8
1279980 1924.0
1279990 1927.5
