1260000 975.3
1260010 975.0
1260020 975.0
1260030 973.9
1260040 972.9
1260050 972.9
1260060 973.5
1260070 974.4
1260080 974.4
1260090 974.2
1260100 973.6
1260110 973.6
1260120 973.1
1260130 972.8
1260140 972.8
1260150 972.5
1260160 972.3
1260170 972.3
1260180 972.5
1260190 972.3
1260200 972.2
1260210 972.2
1260220 972.2
1260230 973.1
1260240 973.1
1260250 975.0
1260260 976.9
1260270 976.9
1260280 978.7
1260290 981.1
1260300 981.1
1260310 983.1
1260320 985.6
1260330 985.6
1260340 988.9
1260350 993.3
1260360 993.3
1260370 997.7
1260380 1000.3
1260390 1000.3
1260400 1001.5
1260410 1003.0
1260420 1004.5
1260430 1004.5
1260440 1006.0
1260450 1007.7
1260460 1007.7
1260470 1009.7
1260480 1011.9
1260490 1011.9
1260500 1014.2
1260510 1016.6
1260520 1016.6
1260530 1019.1
1260540 1021.7
1260550 1021.7
1260560 1024.0
1260570 1025.7
1260580 1025.7
1260590 1026.9
1260600 1027.6
1260610 1027.6
1260620 1028.1
1260630 1028.1
1260640 1028.3
1260650 1028.3
1260660 1028.8
1260670 1029.3
1260680 1029.3
1260690 1030.0
1260700 1031.3
1260710 1031.3
1260720 1032.5
1260730 1033.4
1260740 1036.4
1260750 1037.2
1260760 1037.8
1260770 1037.8
1260780 1038.5
1260790 1039.0
1260800 1039.0
1260810 1039.4
1260820 1039.9
1260830 1039.9
1260840 1040.5
1260850 1041.1
1260860 1041.6
1260870 1041.6
1260880 1042.7
1260890 1043.6
1260900 1043.6
1260910 1044.6
1260920 1045.2
1260930 1045.2
1260940 1045.8
1260950 1046.8
1260960 1046.8
1260970 1048.1
1260980 1049.6
1260990 1049.6
1261000 1051.3
1261010 1053.7
1261020 1053.7
1261030 1055.3
1261040 1056.5
1261050 1056.5
1261060 1057.8
1261070 1059.2
1261080 1059.2
1261090 1060.6
1261100 1062.6
1261110 1066.0
1261120 1066.0
1261130 1069.2
1261140 1072.9
1261150 1072.9
1261160 1076.7
1261170 1079.7
1261180 1079.7
1261190 1082.3
1261200 1085.4
1261210 1085.4
1261220 1089.6
1261230 1093.6
1261240 1093.6
1261250 1097.3
1261260 1100.3
1261270 1100.3
1261280 1101.2
1261290 1099.7
1261300 1099.7
1261310 1104.0
1261320 1101.4
1261330 1100.9
1261340 1100.9
1261350 1101.6
1261360 1103.9
1261370 1103.9
1261380 1107.3
1261390 1109.3
1261400 1109.3
1261410 1109.9
1261420 1111.3
1261430 1111.3
1261440 1106.8
1261450 1100.6
1261460 1100.6
1261470 1093.3
1261480 1082.6
1261490 1082.6
1261500 1071.9
1261510 1066.1
1261520 1066.1
1261530 1068.4
1261540 1070.3
1261550 1076.9
1261560 1076.9
1261570 1085.7
1261580 1094.8
1261590 1094.8
1261600 1103.8
1261610 1112.9
1261620 1112.9
1261630 1120.8
1261640 1128.4
1261650 1128.4
1261660 1135.3
1261670 1141.0
1261680 1141.0
1261690 1147.0
1261700 1152.9
1261710 1152.9
1261720 1160.0
1261730 1167.0
1261740 1167.0
1261750 1173.9
1261760 1181.0
1261770 1187.5
1261780 1187.5
1261790 1194.8
1261800 1202.3
1261810 1202.3
1261820 1209.1
1261830 1214.1
1261840 1214.1
1261850 1218.4
1261860 1222.4
1261870 1222.4
1261880 1229.0
1261890 1233.0
1261900 1233.0
1261910 1238.6
1261920 1244.4
1261930 1244.4
1261940 1249.2
1261950 1252.1
1261960 1252.1
1261970 1254.8
1261980 1258.6
1261990 1258.6
1262000 1262.6
1262010 1266.7
1262020 1270.2
1262030 1270.2
1262040 1272.2
1262050 1272.4
1262060 1272.4
1262070 1272.4
1262080 1274.9
1262090 1274.9
1262100 1278.0
1262110 1280.9
1262120 1280.9
1262130 1284.5
1262140 1288.6
1262150 1288.6
1262160 1291.8
1262170 1294.2
1262180 1294.2
1262190 1296.2
1262200 1299.2
1262210 1299.2
1262220 1304.1
1262230 1309.2
1262240 1314.4
1262250 1314.4
1262260 1319.5
1262270 1324.3
1262280 1324.3
1262290 1329.9
1262300 1334.7
1262310 1334.7
1262320 1339.5
1262330 1344.8
1262340 1344.8
1262350 1350.2
1262360 1355.9
1262370 1355.9
1262380 1361.2
1262390 1366.5
1262400 1366.5
1262410 1371.4
1262420 1373.8
1262430 1373.8
1262440 1372.7
1262450 1380.2
1262460 1381.5
1262470 1381.5
1262480 1382.7
1262490 1383.6
1262500 1383.6
1262510 1386.4
1262520 1392.5
1262530 1392.5
1262540 1400.0
1262550 1408.2
1262560 1408.2
1262570 1416.0
1262580 1423.4
1262590 1423.4
1262600 1431.0
1262610 1439.3
1262620 1439.3
1262630 1447.2
1262640 1454.1
1262650 1454.1
1262660 1460.2
1262670 1465.1
1262680 1469.5
1262690 1469.5
1262700 1473.8
1262710 1477.7
1262720 1477.7
1262730 1482.0
1262740 1486.9
1262750 1486.9
1262760 1491.7
1262770 1495.8
1262780 1495.8
1262790 1499.8
1262800 1504.3
1262810 1504.3
1262820 1511.0
1262830 1517.6
1262840 1517.6
1262850 1525.2
1262860 1532.4
1262870 1532.4
1262880 1538.7
1262890 1546.7
1262900 1546.7
1262910 1554.1
1262920 1562.2
1262930 1572.4
1262940 1572.4
1262950 1580.6
1262960 1587.5
1262970 1587.5
1262980 1590.1
1262990 1592.0
1263000 1592.0
1263010 1596.7
1263020 1608.7
1263030 1608.7
1263040 1613.0
1263050 1616.1
1263060 1616.1
1263070 1621.6
1263080 1627.2
1263090 1627.2
1263100 1631.0
1263110 1634.6
1263120 1634.6
1263130 1640.4
1263140 1647.4
1263150 1653.3
1263160 1653.3
1263170 1657.2
1263180 1661.1
1263190 1661.1
1263200 1665.8
1263210 1670.8
1263220 1670.8
1263230 1677.5
1263240 1685.2
1263250 1685.2
1263260 1692.3
1263270 1699.4
1263280 1699.4
1263290 1706.4
1263300 1712.9
1263310 1712.9
1263320 1719.4
1263330 1726.0
1263340 1726.0
1263350 1732.4
1263360 1738.7
1263370 1743.9
1263380 1743.9
1263390 1749.5
1263400 1753.6
1263410 1753.6
1263420 1758.8
1263430 1762.2
1263440 1762.2
1263450 1759.2
1263460 1756.3
1263470 1756.3
1263480 1753.3
1263490 1751.2
1263500 1751.2
1263510 1750.0
1263520 1749.5
1263530 1749.5
1263540 1748.7
1263550 1748.9
1263560 1748.9
1263570 1751.8
1263580 1750.4
1263590 1750.2
1263600 1766.3
1263610 1763.8
1263620 1758.6
1263630 1758.6
1263640 1756.4
1263650 1756.1
1263660 1756.1
1263670 1748.6
1263680 1739.2
1263690 1739.2
1263700 1734.7
1263710 1735.0
1263720 1735.0
1263730 1730.9
1263740 1721.6
1263750 1721.6
1263760 1715.1
1263770 1709.3
1263780 1709.3
1263790 1704.8
1263800 1701.0
1263810 1701.0
1263820 1696.1
1263830 1690.4
1263840 1686.2
1263850 1686.2
1263860 1682.9
1263870 1678.6
1263880 1678.6
1263890 1673.9
1263900 1668.9
1263910 1668.9
1263920 1664.1
1263930 1658.7
1263940 1658.7
1263950 1653.8
1263960 1648.4
1263970 1648.4
1263980 1643.6
1263990 1639.1
1264000 1639.1
1264010 1634.9
1264020 1631.1
1264030 1631.1
1264040 1626.3
1264050 1621.4
1264060 1616.9
1264070 1616.9
1264080 1612.7
1264090 1609.2
1264100 1609.2
1264110 1608.6
1264120 1607.5
1264130 1607.5
1264140 1606.8
1264150 1604.2
1264160 1604.2
1264170 1601.7
1264180 1599.0
1264190 1599.0
1264200 1597.0
1264210 1595.0
1264220 1595.0
1264230 1591.2
1264240 1587.3
1264250 1587.3
1264260 1582.3
1264270 1574.9
1264280 1570.6
1264290 1570.6
1264300 1571.5
1264310 1574.2
1264320 1574.2
1264330 1577.3
1264340 1579.3
1264350 1579.3
1264360 1582.1
1264370 1588.0
1264380 1588.0
1264390 1594.7
1264400 1601.0
1264410 1601.0
1264420 1607.4
1264430 1615.5
1264440 1615.5
1264450 1624.7
1264460 1633.7
1264470 1633.7
1264480 1641.6
1264490 1649.0
1264500 1664.2
1264510 1664.2
1264520 1673.8
1264530 1681.9
1264540 1681.9
1264550 1687.4
1264560 1691.0
1264570 1691.0
1264580 1692.7
1264590 1692.9
1264600 1692.9
1264610 1700.6
1264620 1713.1
1264630 1713.1
1264640 1726.0
1264650 1735.7
1264660 1735.7
1264670 1741.8
1264680 1746.8
1264690 1746.8
1264700 1754.0
1264710 1758.9
1264720 1758.9
1264730 1763.4
1264740 1771.5
1264750 1769.2
1264760 1769.2
1264770 1773.3
1264780 1784.9
1264790 1784.9
1264800 1793.3
1264810 1802.7
1264820 1802.7
1264830 1816.0
1264840 1838.6
1264850 1838.6
1264860 1853.4
1264870 1860.5
1264880 1860.5
1264890 1865.9
1264900 1870.9
1264910 1870.9
1264920 1876.1
1264930 1880.9
1264940 1880.9
1264950 1885.3
1264960 1889.9
1264970 1893.9
1264980 1893.9
1264990 1896.3
1265000 1890.0
1265010 1890.0
1265020 1887.8
1265030 1898.2
1265040 1898.2
1265050 1891.7
1265060 1898.7
1265070 1898.7
1265080 1897.0
1265090 1889.4
1265100 1889.4
1265110 1886.1
1265120 1877.9
1265130 1877.9
1265140 1890.8
1265150 1911.7
1265160 1911.7
1265170 1930.0
1265180 1940.4
1265190 1947.0
1265200 1947.0
1265210 1950.6
1265220 1956.1
1265230 1956.1
1265240 1962.2
1265250 1968.3
1265260 1968.3
1265270 1972.8
1265280 1976.9
1265290 1976.9
1265300 1981.6
1265310 1986.5
1265320 1986.5
1265330 1984.9
1265340 1990.9
1265350 1990.9
1265360 1998.0
1265370 2005.5
1265380 2005.5
1265390 2011.2
1265400 2015.7
1265410 2020.1
1265420 2020.1
1265430 2024.7
1265440 2030.3
1265450 2030.3
1265460 2037.2
1265470 2042.3
1265480 2042.3
1265490 2047.4
1265500 2050.2
1265510 2050.2
1265520 2054.3
1265530 2063.0
1265540 2063.0
1265550 2072.2
1265560 2078.7
1265570 2078.7
1265580 2081.2
1265590 2086.2
1265600 2086.2
1265610 2096.2
1265620 2107.2
1265630 2107.2
1265640 2114.1
1265650 2123.0
1265660 2136.0
1265670 2136.0
1265680 2146.5
1265690 2156.6
1265700 2156.6
1265710 2165.4
1265720 2169.8
1265730 2169.8
1265740 2175.0
1265750 2180.4
1265760 2180.4
1265770 2183.8
1265780 2185.7
1265790 2185.7
1265800 2189.1
1265810 2195.5
1265820 2195.5
1265830 2203.7
1265840 2212.0
1265850 2212.0
1265860 2220.2
1265870 2228.7
1265880 2236.9
1265890 2236.9
1265900 2246.4
1265910 2259.2
1265920 2259.2
1265930 2264.1
1265940 2269.2
1265950 2269.2
1265960 2275.0
1265970 2281.0
1265980 2281.0
1265990 2286.3
1266000 2290.4
1266010 2290.4
1266020 2295.4
1266030 2302.8
1266040 2302.8
1266050 2310.5
1266060 2317.4
1266070 2317.4
1266080 2324.9
1266090 2340.3
1266100 2353.9
1266110 2353.9
1266120 2360.5
1266130 2365.2
1266140 2365.2
1266150 2372.0
1266160 2380.7
1266170 2380.7
1266180 2389.2
1266190 2397.1
1266200 2397.1
1266210 2406.9
1266220 2418.9
1266230 2418.9
1266240 2428.6
1266250 2439.2
1266260 2439.2
1266270 2449.5
1266280 2460.4
1266290 2460.4
1266300 2476.7
1266310 2491.3
1266320 2508.8
1266330 2508.8
1266340 2524.5
1266350 2516.1
1266360 2516.1
1266370 2520.2
1266380 2528.4
1266390 2528.4
1266400 2524.8
1266410 2510.1
1266420 2510.1
1266430 2488.8
1266440 2470.2
1266450 2470.2
1266460 2462.0
1266470 2452.4
1266480 2452.4
1266490 2435.6
1266500 2422.8
1266510 2422.8
1266520 2410.1
1266530 2401.6
1266540 2401.6
1266550 2393.8
1266560 2386.4
1266570 2380.3
1266580 2380.3
1266590 2373.9
1266600 2367.5
1266610 2367.5
1266620 2360.7
1266630 2353.7
1266640 2353.7
1266650 2346.9
1266660 2339.6
1266670 2339.6
1266680 2333.0
1266690 2326.9
1266700 2326.9
1266710 2321.3
1266720 2316.4
1266730 2316.4
1266740 2312.2
1266750 2308.1
1266760 2308.1
1266770 2303.7
1266780 2299.1
1266790 2294.5
1266800 2294.5
1266810 2289.5
1266820 2284.7
1266830 2284.7
1266840 2280.0
1266850 2275.3
1266860 2275.3
1266870 2270.5
1266880 2265.7
1266890 2265.7
1266900 2260.8
1266910 2255.9
1266920 2255.9
1266930 2250.8
1266940 2245.9
1266950 2245.9
1266960 2241.3
1266970 2237.5
1266980 2237.5
1266990 2233.6
1267000 2229.1
1267010 2224.3
1267020 2224.3
1267030 2219.7
1267040 2214.8
1267050 2214.8
1267060 2209.3
1267070 2206.6
1267080 2206.6
1267090 2200.9
1267100 2196.0
1267110 2196.0
1267120 2191.5
1267130 2187.0
1267140 2187.0
1267150 2182.2
1267160 2177.3
1267170 2177.3
1267180 2172.7
1267190 2168.4
1267200 2168.4
1267210 2164.0
1267220 2159.4
1267230 2154.5
1267240 2154.5
1267250 2150.6
1267260 2147.7
1267270 2147.7
1267280 2146.5
1267290 2146.9
1267300 2146.9
1267310 2147.9
1267320 2148.0
1267330 2148.0
1267340 2147.0
1267350 2147.0
1267360 2147.0
1267370 2147.6
1267380 2148.0
1267390 2148.0
1267400 2148.9
1267410 2150.0
1267420 2150.0
1267430 2152.3
1267440 2153.9
1267450 2153.9
1267460 2153.9
1267470 2154.3
1267480 2154.6
1267490 2154.6
1267500 2153.5
1267510 2153.6
1267520 2153.6
1267530 2152.2
1267540 2151.3
1267550 2151.3
1267560 2151.3
1267570 2153.9
1267580 2153.9
1267590 2153.9
1267600 2148.8
1267610 2148.8
1267620 2143.4
1267630 2140.4
1267640 2140.4
1267650 2134.0
1267660 2124.7
1267670 2124.7
1267680 2117.3
1267690 2109.8
1267700 2102.2
1267710 2102.2
1267720 2095.4
1267730 2088.0
1267740 2088.0
1267750 2080.8
1267760 2073.8
1267770 2073.8
1267780 2065.1
1267790 2056.3
1267800 2056.3
1267810 2047.8
1267820 2038.9
1267830 2038.9
1267840 2029.8
1267850 2020.9
1267860 2020.9
1267870 2011.2
1267880 2000.4
1267890 2000.4
1267900 1991.4
1267910 1986.4
1267920 1979.9
1267930 1979.9
1267940 1972.9
1267950 1971.0
1267960 1971.0
1267970 1972.8
1267980 1969.5
1267990 1969.5
1268000 1963.6
1268010 1952.5
1268020 1952.5
1268030 1942.4
1268040 1936.4
1268050 1936.4
1268060 1929.4
1268070 1915.0
1268080 1915.0
1268090 1898.0
1268100 1885.9
1268110 1885.9
1268120 1876.8
1268130 1868.4
1268140 1859.9
1268150 1859.9
1268160 1852.6
1268170 1845.6
1268180 1845.6
1268190 1838.9
1268200 1833.2
1268210 1833.2
1268220 1828.2
1268230 1823.5
1268240 1826.4
1268250 1821.4
1268260 1816.4
1268270 1816.4
1268280 1811.4
1268290 1806.5
1268300 1806.5
1268310 1801.5
1268320 1797.3
1268330 1797.3
1268340 1794.3
1268350 1791.1
1268360 1791.1
1268370 1787.4
1268380 1784.2
1268390 1781.3
1268400 1781.3
1268410 1778.5
1268420 1776.4
1268430 1776.4
1268440 1775.1
1268450 1774.6
1268460 1774.6
1268470 1774.6
1268480 1775.3
1268490 1775.3
1268500 1775.6
1268510 1774.8
1268520 1774.8
1268530 1774.7
1268540 1774.6
1268550 1774.6
1268560 1774.7
1268570 1775.3
1268580 1775.3
1268590 1774.8
1268600 1774.0
1268610 1773.6
1268620 1773.6
1268630 1772.9
1268640 1772.5
1268650 1772.5
1268660 1772.0
1268670 1771.5
1268680 1771.5
1268690 1771.3
1268700 1771.3
1268710 1771.3
1268720 1770.8
1268730 1770.1
1268740 1770.1
1268750 1769.4
1268760 1767.6
1268770 1767.6
1268780 1766.1
1268790 1765.5
1268800 1765.5
1268810 1764.7
1268820 1763.8
1268830 1766.4
1268840 1766.4
1268850 1768.6
1268860 1769.0
1268870 1769.0
1268880 1765.9
1268890 1764.3
1268900 1764.3
1268910 1767.6
1268920 1771.3
1268930 1771.3
1268940 1774.2
1268950 1776.7
1268960 1776.7
1268970 1779.4
1268980 1781.7
1268990 1781.7
1269000 1784.4
1269010 1787.1
1269020 1787.1
1269030 1790.1
1269040 1792.7
1269050 1794.7
1269060 1794.7
1269070 1796.4
1269080 1798.6
1269090 1798.6
1269100 1800.5
1269110 1802.9
1269120 1802.9
1269130 1805.6
1269140 1808.1
1269150 1808.1
1269160 1811.1
1269170 1814.1
1269180 1814.1
1269190 1817.2
1269200 1821.8
1269210 1821.8
1269220 1827.6
1269230 1834.6
1269240 1834.6
1269250 1842.2
1269260 1853.1
1269270 1855.4
1269280 1855.4
1269290 1854.5
1269300 1857.6
1269310 1857.6
1269320 1852.0
1269330 1848.5
1269340 1848.5
1269350 1846.7
1269360 1853.3
1269370 1853.3
1269380 1867.6
1269390 1871.6
1269400 1871.6
1269410 1874.5
1269420 1880.3
1269430 1880.3
1269440 1875.3
1269450 1878.0
1269460 1878.0
1269470 1881.2
1269480 1885.0
1269490 1885.0
1269500 1888.3
1269510 1889.9
1269520 1892.3
1269530 1892.3
1269540 1886.7
1269550 1880.2
1269560 1880.2
1269570 1872.5
1269580 1864.8
1269590 1864.8
1269600 1857.8
1269610 1850.8
1269620 1850.8
1269630 1843.8
1269640 1835.8
1269650 1835.8
1269660 1827.8
1269670 1820.2
1269680 1820.2
1269690 1812.9
1269700 1805.4
1269710 1805.4
1269720 1798.1
1269730 1791.1
1269740 1784.6
1269750 1784.6
1269760 1777.9
1269770 1770.9
1269780 1770.9
1269790 1763.8
1269800 1756.8
1269810 1756.8
1269820 1750.0
1269830 1743.8
1269840 1743.8
1269850 1737.8
1269860 1733.4
1269870 1733.4
1269880 1730.7
1269890 1726.5
1269900 1726.5
1269910 1721.1
1269920 1715.1
1269930 1715.1
1269940 1708.5
1269950 1704.8
1269960 1702.7
1269970 1702.7
1269980 1701.4
1269990 1701.2
1270000 1701.2
1270010 1704.0
1270020 1703.7
1270030 1703.7
1270040 1702.7
1270050 1702.5
1270060 1702.5
1270070 1703.2
1270080 1703.6
1270090 1703.6
1270100 1702.7
1270110 1702.7
1270120 1702.7
1270130 1706.0
1270140 1708.9
1270150 1708.9
1270160 1712.2
1270170 1715.0
1270180 1717.4
1270190 1717.4
1270200 1720.3
1270210 1723.9
1270220 1723.9
1270230 1728.3
1270240 1731.9
1270250 1731.9
1270260 1736.3
1270270 1740.0
1270280 1740.0
1270290 1744.0
1270300 1749.0
1270310 1749.0
1270320 1752.4
1270330 1755.5
1270340 1755.5
1270350 1760.2
1270360 1764.1
1270370 1764.1
1270380 1769.6
1270390 1776.4
1270400 1776.4
1270410 1783.3
1270420 1783.7
1270430 1786.1
1270440 1786.1
1270450 1789.8
1270460 1792.5
1270470 1792.5
1270480 1795.8
1270490 1798.7
1270500 1798.7
1270510 1800.6
1270520 1802.7
1270530 1802.7
1270540 1805.8
1270550 1806.9
1270560 1806.9
1270570 1808.5
1270580 1809.2
1270590 1809.2
1270600 1816.7
1270610 1817.1
1270620 1817.1
1270630 1820.2
1270640 1824.8
1270650 1831.1
1270660 1831.1
1270670 1838.1
1270680 1845.6
1270690 1845.6
1270700 1852.8
1270710 1859.8
1270720 1859.8
1270730 1867.9
1270740 1874.7
1270750 1874.7
1270760 1880.5
1270770 1885.6
1270780 1885.6
1270790 1890.5
1270800 1893.7
1270810 1893.7
1270820 1896.1
1270830 1900.3
1270840 1900.3
1270850 1904.2
1270860 1909.0
1270870 1911.2
1270880 1911.2
1270890 1917.4
1270900 1923.3
1270910 1923.3
1270920 1927.9
1270930 1930.5
1270940 1930.5
1270950 1930.8
1270960 1927.8
1270970 1927.8
1270980 1924.7
1270990 1923.1
1271000 1923.1
1271010 1924.2
1271020 1925.4
1271030 1925.4
1271040 1925.2
1271050 1923.8
1271060 1923.8
1271070 1918.8
1271080 1912.8
1271090 1908.3
1271100 1908.3
1271110 1903.4
1271120 1898.2
1271130 1898.2
1271140 1892.9
1271150 1886.7
1271160 1886.7
1271170 1880.1
1271180 1873.4
1271190 1872.7
1271200 1866.6
1271210 1860.8
1271220 1860.8
1271230 1855.7
1271240 1850.3
1271250 1850.3
1271260 1844.3
1271270 1838.0
1271280 1838.0
1271290 1831.5
1271300 1824.7
1271310 1824.7
1271320 1817.9
1271330 1811.2
1271340 1805.2
1271350 1805.2
1271360 1799.2
1271370 1792.3
1271380 1792.3
1271390 1786.2
1271400 1780.7
1271410 1780.7
1271420 1775.1
1271430 1769.2
1271440 1769.2
1271450 1763.2
1271460 1757.1
1271470 1757.1
1271480 1750.8
1271490 1744.6
1271500 1744.6
1271510 1738.1
1271520 1731.7
1271530 1731.7
1271540 1725.3
1271550 1719.0
1271560 1713.2
1271570 1713.2
1271580 1706.9
1271590 1700.7
1271600 1700.7
1271610 1694.9
1271620 1689.2
1271630 1689.2
1271640 1683.2
1271650 1677.0
1271660 1677.0
1271670 1670.8
1271680 1664.5
1271690 1664.5
1271700 1658.4
1271710 1652.6
1271720 1652.6
1271730 1646.5
1271740 1640.5
1271750 1640.5
1271760 1634.4
1271770 1628.3
1271780 1622.6
1271790 1620.8
1271800 1615.5
1271810 1610.0
1271820 1610.0
1271830 1604.6
1271840 1599.7
1271850 1599.7
1271860 1595.1
1271870 1590.4
1271880 1590.4
1271890 1585.9
1271900 1581.3
1271910 1581.3
1271920 1577.7
1271930 1573.6
1271940 1573.6
1271950 1569.8
1271960 1566.4
1271970 1566.4
1271980 1563.5
1271990 1561.0
1272000 1557.5
1272010 1557.5
1272020 1553.3
1272030 1549.8
1272040 1549.8
1272050 1546.0
1272060 1542.3
1272070 1542.3
1272080 1539.3
1272090 1537.0
1272100 1537.0
1272110 1534.0
1272120 1529.6
1272130 1529.6
1272140 1524.6
1272150 1521.3
1272160 1521.3
1272170 1519.1
1272180 1516.7
1272190 1516.7
1272200 1514.3
1272210 1511.3
1272220 1511.3
1272230 1508.4
1272240 1505.3
1272250 1502.0
1272260 1502.0
1272270 1499.5
1272280 1497.6
1272290 1497.6
1272300 1496.1
1272310 1495.0
1272320 1495.0
1272330 1494.0
1272340 1492.4
1272350 1492.4
1272360 1489.5
1272370 1486.0
1272380 1486.0
1272390 1479.7
1272400 1477.1
1272410 1477.1
1272420 1477.8
1272430 1477.4
1272440 1477.4
1272450 1473.9
1272460 1469.1
1272470 1465.8
1272480 1465.8
1272490 1466.3
1272500 1467.4
1272510 1467.4
1272520 1468.4
1272530 1469.1
1272540 1469.1
1272550 1467.9
1272560 1464.7
1272570 1464.7
1272580 1460.8
1272590 1456.6
1272600 1456.6
1272610 1453.0
1272620 1450.7
1272630 1450.7
1272640 1448.9
1272650 1447.1
1272660 1447.1
1272670 1445.2
1272680 1443.0
1272690 1440.3
1272700 1440.3
1272710 1437.5
1272720 1434.6
1272730 1434.6
1272740 1431.8
1272750 1429.1
1272760 1429.1
1272770 1426.6
1272780 1423.9
1272790 1423.9
1272800 1420.6
1272810 1416.6
1272820 1416.6
1272830 1412.8
1272840 1409.1
1272850 1409.1
1272860 1405.6
1272870 1402.5
1272880 1402.5
1272890 1398.4
1272900 1393.3
1272910 1391.0
1272920 1391.0
1272930 1389.4
1272940 1387.0
1272950 1387.0
1272960 1384.1
1272970 1381.2
1272980 1381.2
1272990 1372.2
1273000 1369.2
1273010 1369.2
1273020 1365.4
1273030 1360.8
1273040 1360.8
1273050 1355.4
1273060 1349.5
1273070 1349.5
1273080 1343.3
1273090 1337.1
1273100 1337.1
1273110 1331.8
1273120 1326.4
1273130 1326.4
1273140 1321.1
1273150 1315.9
1273160 1310.5
1273170 1310.5
1273180 1305.0
1273190 1299.3
1273200 1299.3
1273210 1293.8
1273220 1288.4
1273230 1288.4
1273240 1283.4
1273250 1279.2
1273260 1279.2
1273270 1275.5
1273280 1271.4
1273290 1271.4
1273300 1266.6
1273310 1262.1
1273320 1262.1
1273330 1258.2
1273340 1254.3
1273350 1254.3
1273360 1250.2
1273370 1245.6
1273380 1239.9
1273390 1239.9
1273400 1234.5
1273410 1229.3
1273420 1229.3
1273430 1226.2
1273440 1225.2
1273450 1225.2
1273460 1224.0
1273470 1221.8
1273480 1221.8
1273490 1219.9
1273500 1218.6
1273510 1218.6
1273520 1217.7
1273530 1216.9
1273540 1216.9
1273550 1216.6
1273560 1215.8
1273570 1215.8
1273580 1213.9
1273590 1210.0
1273600 1207.1
1273610 1207.1
1273620 1204.2
1273630 1201.7
1273640 1201.7
1273650 1198.5
1273660 1195.6
1273670 1195.6
1273680 1193.5
1273690 1192.2
1273700 1192.2
1273710 1188.7
1273720 1181.9
1273730 1181.9
1273740 1175.3
1273750 1170.5
1273760 1170.5
1273770 1167.3
1273780 1163.7
1273790 1163.7
1273800 1159.1
1273810 1156.2
1273820 1154.3
1273830 1154.3
1273840 1152.5
1273850 1150.3
1273860 1150.3
1273870 1148.3
1273880 1145.9
1273890 1145.9
1273900 1142.6
1273910 1138.9
1273920 1138.9
1273930 1134.4
1273940 1130.4
1273950 1130.4
1273960 1128.1
1273970 1126.5
1273980 1126.5
1273990 1125.2
1274000 1123.1
1274010 1123.1
1274020 1120.8
1274030 1119.8
1274040 1118.8
1274050 1118.8
1274060 1117.6
1274070 1116.3
1274080 1116.3
1274090 1114.9
1274100 1113.6
1274110 1113.6
1274120 1111.0
1274130 1108.7
1274140 1108.7
1274150 1107.6
1274160 1106.9
1274170 1106.9
1274180 1105.1
1274190 1103.8
1274200 1103.8
1274210 1102.2
1274220 1100.7
1274230 1100.7
1274240 1099.0
1274250 1097.5
1274260 1097.5
1274270 1096.0
1274280 1094.1
1274290 1092.7
1274300 1092.7
1274310 1091.9
1274320 1093.0
1274330 1093.0
1274340 1094.2
1274350 1093.8
1274360 1093.8
1274370 1094.0
1274380 1094.4
1274390 1094.4
1274400 1097.6
1274410 1099.5
1274420 1099.5
1274430 1097.7
1274440 1097.8
1274450 1097.8
1274460 1096.3
1274470 1094.8
1274480 1094.8
1274490 1095.2
1274500 1093.0
1274510 1090.7
1274520 1090.7
1274530 1090.4
1274540 1090.4
1274550 1090.4
1274560 1086.4
1274570 1080.6
1274580 1080.6
1274590 1074.9
1274600 1070.0
1274610 1070.0
1274620 1066.4
1274630 1063.5
1274640 1063.5
1274650 1060.2
1274660 1056.3
1274670 1056.3
1274680 1052.4
1274690 1046.4
1274700 1046.4
1274710 1039.6
1274720 1035.3
1274730 1034.9
1274740 1034.9
1274750 1034.7
1274760 1032.5
1274770 1032.5
1274780 1025.4
1274790 1018.2
1274800 1018.2
1274810 1014.4
1274820 1013.3
1274830 1013.3
1274840 1012.9
1274850 1011.5
1274860 1011.5
1274870 1009.4
1274880 1009.1
1274890 1009.1
1274900 1008.6
1274910 1007.7
1274920 1007.7
1274930 1006.9
1274940 1006.7
1274950 1005.4
1274960 1005.4
1274970 1004.9
1274980 1004.8
1274990 1004.8
1275000 1005.0
1275010 1005.3
1275020 1005.3
1275030 1006.0
1275040 1006.7
1275050 1006.7
1275060 1007.4
1275070 1007.9
1275080 1007.9
1275090 1007.9
1275100 1007.9
1275110 1007.9
1275120 1007.8
1275130 1007.7
1275140 1007.7
1275150 1007.8
1275160 1007.9
1275170 1007.9
1275180 1008.0
1275190 1008.3
1275200 1008.7
1275210 1008.7
1275220 1009.2
1275230 1009.8
1275240 1009.8
1275250 1010.5
1275260 1011.2
1275270 1011.2
1275280 1012.1
1275290 1012.9
1275300 1012.9
1275310 1014.2
1275320 1015.4
1275330 1015.4
1275340 1015.9
1275350 1016.4
1275360 1016.4
1275370 1017.1
1275380 1018.0
1275390 1018.0
1275400 1021.2
1275410 1023.4
1275420 1028.1
1275430 1028.1
1275440 1034.8
1275450 1040.9
1275460 1040.9
1275470 1046.4
1275480 1052.2
1275490 1052.2
1275500 1058.3
1275510 1061.4
1275520 1061.4
1275530 1063.2
1275540 1065.1
1275550 1065.1
1275560 1066.7
1275570 1068.0
1275580 1068.0
1275590 1069.1
1275600 1069.9
1275610 1069.9
1275620 1070.7
1275630 1071.4
1275640 1071.9
1275650 1071.9
1275660 1072.4
1275670 1072.8
1275680 1072.8
1275690 1073.1
1275700 1073.4
1275710 1073.4
1275720 1073.8
1275730 1073.9
1275740 1073.9
1275750 1073.1
1275760 1074.3
1275770 1074.3
1275780 1076.2
1275790 1077.1
1275800 1077.1
1275810 1078.8
1275820 1080.6
1275830 1080.6
1275840 1082.3
1275850 1083.7
1275860 1084.9
1275870 1084.9
1275880 1085.9
1275890 1086.6
1275900 1086.6
1275910 1087.5
1275920 1088.4
1275930 1088.4
1275940 1089.2
1275950 1090.6
1275960 1090.6
1275970 1092.6
1275980 1095.4
1275990 1095.4
1276000 1097.8
1276010 1104.8
1276020 1104.8
1276030 1107.8
1276040 1111.0
1276050 1111.0
1276060 1114.4
1276070 1117.7
1276080 1117.7
1276090 1121.0
1276100 1124.1
1276110 1127.0
1276120 1127.0
1276130 1127.9
1276140 1127.5
1276150 1127.5
1276160 1128.8
1276170 1130.4
1276180 1130.4
1276190 1130.6
1276200 1130.8
1276210 1130.8
1276220 1131.7
1276230 1132.4
1276240 1132.4
1276250 1133.6
1276260 1134.6
1276270 1134.6
1276280 1136.7
1276290 1139.8
1276300 1139.8
1276310 1142.9
1276320 1146.5
1276330 1149.7
1276340 1149.7
1276350 1150.7
1276360 1152.9
1276370 1152.9
1276380 1154.7
1276390 1157.0
1276400 1157.0
1276410 1159.4
1276420 1160.6
1276430 1160.6
1276440 1158.0
1276450 1158.1
1276460 1158.1
1276470 1151.9
1276480 1145.8
1276490 1145.8
1276500 1150.0
1276510 1155.3
1276520 1155.3
1276530 1159.8
1276540 1162.6
1276550 1161.3
1276560 1161.3
1276570 1157.4
1276580 1156.6
1276590 1156.6
1276600 1158.8
1276610 1165.8
1276620 1165.8
1276630 1165.5
1276640 1166.8
1276650 1166.8
1276660 1168.9
1276670 1172.7
1276680 1172.7
1276690 1176.7
1276700 1180.1
1276710 1180.1
1276720 1183.7
1276730 1186.6
1276740 1186.6
1276750 1187.9
1276760 1189.0
1276770 1189.9
1276780 1189.9
1276790 1190.5
1276800 1191.8
1276810 1191.8
1276820 1193.6
1276830 1195.3
1276840 1195.3
1276850 1196.7
1276860 1198.4
1276870 1198.4
1276880 1200.7
1276890 1204.2
1276900 1204.2
1276910 1208.6
1276920 1211.8
1276930 1211.8
1276940 1214.3
1276950 1216.5
1276960 1216.5
1276970 1218.2
1276980 1219.1
1276990 1219.1
1277000 1219.1
1277010 1219.3
1277020 1220.6
1277030 1220.6
1277040 1222.0
1277050 1223.2
1277060 1223.2
1277070 1224.8
1277080 1226.6
1277090 1226.6
1277100 1229.0
1277110 1230.8
1277120 1230.8
1277130 1232.2
1277140 1233.7
1277150 1233.7
1277160 1235.3
1277170 1236.2
1277180 1236.2
1277190 1236.1
1277200 1236.3
1277210 1236.3
1277220 1237.9
1277230 1243.7
1277240 1245.8
1277250 1245.8
1277260 1247.8
1277270 1249.1
1277280 1249.1
1277290 1251.8
1277300 1255.5
1277310 1255.5
1277320 1258.5
1277330 1260.7
1277340 1260.7
1277350 1262.4
1277360 1264.1
1277370 1264.1
1277380 1266.6
1277390 1269.7
1277400 1269.7
1277410 1273.2
1277420 1276.2
1277430 1276.2
1277440 1278.3
1277450 1280.4
1277460 1284.6
1277470 1284.6
1277480 1288.3
1277490 1291.9
1277500 1291.9
1277510 1295.7
1277520 1300.4
1277530 1300.4
1277540 1305.9
1277550 1312.2
1277560 1312.2
1277570 1317.8
1277580 1322.3
1277590 1322.3
1277600 1326.4
1277610 1329.8
1277620 1329.8
1277630 1332.7
1277640 1335.9
1277650 1335.9
1277660 1339.0
1277670 1341.7
1277680 1343.5
1277690 1343.5
1277700 1345.1
1277710 1346.7
1277720 1346.7
1277730 1346.8
1277740 1346.5
1277750 1346.5
1277760 1346.6
1277770 1347.0
1277780 1347.0
1277790 1348.1
1277800 1349.7
1277810 1349.7
1277820 1351.0
1277830 1351.5
1277840 1357.7
1277850 1358.3
1277860 1358.4
1277870 1358.4
1277880 1357.6
1277890 1356.0
1277900 1353.3
1277910 1353.3
1277920 1350.3
1277930 1347.3
1277940 1347.3
1277950 1344.6
1277960 1342.5
1277970 1342.5
1277980 1340.2
1277990 1337.8
1278000 1337.8
1278010 1335.6
1278020 1334.0
1278030 1334.0
1278040 1332.7
1278050 1330.8
1278060 1330.8
1278070 1328.1
1278080 1325.3
1278090 1325.3
1278100 1323.1
1278110 1321.0
1278120 1321.0
1278130 1319.5
1278140 1317.3
1278150 1314.6
1278160 1314.6
1278170 1311.8
1278180 1308.9
1278190 1308.9
1278200 1306.1
1278210 1303.7
1278220 1303.7
1278230 1301.9
1278240 1300.3
1278250 1300.3
1278260 1298.9
1278270 1297.4
1278280 1297.4
1278290 1295.6
1278300 1293.1
1278310 1293.1
1278320 1289.4
1278330 1286.1
1278340 1286.1
1278350 1281.8
1278360 1279.5
1278370 1277.3
1278380 1277.3
1278390 1273.4
1278400 1269.0
1278410 1269.0
1278420 1265.1
1278430 1262.5
1278440 1262.5
1278450 1268.9
1278460 1266.4
1278470 1266.4
1278480 1265.4
1278490 1266.2
1278500 1266.2
1278510 1266.2
1278520 1267.4
1278530 1267.4
1278540 1268.9
1278550 1269.5
1278560 1269.5
1278570 1270.7
1278580 1273.7
1278590 1272.2
1278600 1272.2
1278610 1269.8
1278620 1270.3
1278630 1270.3
1278640 1271.2
1278650 1275.6
1278660 1275.6
1278670 1280.8
1278680 1285.5
1278690 1285.5
1278700 1290.5
1278710 1295.0
1278720 1295.0
1278730 1299.0
1278740 1299.5
1278750 1299.5
1278760 1298.6
1278770 1299.2
1278780 1299.2
1278790 1302.2
1278800 1305.6
1278810 1306.2
1278820 1306.2
1278830 1304.5
1278840 1301.5
1278850 1301.5
1278860 1299.6
1278870 1299.3
1278880 1299.3
1278890 1300.5
1278900 1303.9
1278910 1303.9
1278920 1307.9
1278930 1310.4
1278940 1310.4
1278950 1311.2
1278960 1311.5
1278970 1311.5
1278980 1311.4
1278990 1312.8
1279000 1312.8
1279010 1313.3
1279020 1311.9
1279030 1311.9
1279040 1308.6
1279050 1303.3
1279060 1301.8
1279070 1307.0
1279080 1307.3
1279090 1309.8
1279100 1309.8
1279110 1312.3
1279120 1315.6
1279130 1315.6
1279140 1319.2
1279150 1323.4
1279160 1323.4
1279170 1329.2
1279180 1335.0
1279190 1335.0
1279200 1339.4
1279210 1342.0
1279220 1342.0
1279230 1342.9
1279240 1343.6
1279250 1343.6
1279260 1345.0
1279270 1347.0
1279280 1349.9
1279290 1349.9
1279300 1352.7
1279310 1355.0
1279320 1355.0
1279330 1357.5
1279340 1360.6
1279350 1360.6
1279360 1363.3
1279370 1365.4
1279380 1365.4
1279390 1367.2
1279400 1370.7
1279410 1370.7
1279420 1376.0
1279430 1381.6
1279440 1381.6
1279450 1385.9
1279460 1388.8
1279470 1388.8
1279480 1391.2
1279490 1393.2
1279500 1394.9
1279510 1394.9
1279520 1395.5
1279530 1394.8
1279540 1394.8
1279550 1396.4
1279560 1400.1
1279570 1400.1
1279580 1403.6
1279590 1405.3
1279600 1405.3
1279610 1406.4
1279620 1407.4
1279630 1407.4
1279640 1407.6
1279650 1407.3
1279660 1407.3
1279670 1407.3
1279680 1406.4
1279690 1413.7
1279700 1411.5
1279710 1409.0
1279720 1406.6
1279730 1406.6
1279740 1404.1
1279750 1402.3
1279760 1402.3
1279770 1400.9
1279780 1398.3
1279790 1398.3
1279800 1395.6
1279810 1396.0
1279820 1396.0
1279830 1396.8
1279840 1396.4
1279850 1396.4
1279860 1397.1
1279870 1401.7
1279880 1401.7
1279890 1407.8
1279900 1411.7
1279910 1411.7
1279920 1414.6
1279930 1417.3
1279940 1420.1
1279950 1420.1
1279960 1422.8
1279970 1425.2
1279980 1425.2
1279990 1427.6
