1260000 971.5
1260010 971.4
1260020 971.3
1260030 971.3
1260040 971.4
1260050 971.3
1260060 971.3
1260070 971.3
1260080 971.9
1260090 972.4
1260100 972.4
1260110 972.6
1260120 972.7
1260130 972.7
1260140 972.7
1260150 972.6
1260160 972.6
1260170 972.5
1260180 972.4
1260190 972.4
1260200 972.4
1260210 972.5
1260220 972.5
1260230 972.7
1260240 973.2
1260250 973.2
1260260 973.6
1260270 972.1
1260280 972.1
1260290 971.2
1260300 972.4
1260310 972.9
1260320 972.9
1260330 971.8
1260340 971.4
1260350 971.4
1260360 971.2
1260370 971.0
1260380 971.0
1260390 970.9
1260400 970.9
1260410 970.9
1260420 970.7
1260430 970.4
1260440 970.4
1260450 970.2
1260460 970.2
1260470 970.2
1260480 970.0
1260490 969.9
1260500 969.9
1260510 969.9
1260520 970.0
1260530 970.2
1260540 970.2
1260550 970.5
1260560 971.0
1260570 970.7
1260580 971.1
1260590 971.3
1260600 971.3
1260610 971.4
1260620 971.7
1260630 971.7
1260640 972.6
1260650 974.3
1260660 974.3
1260670 977.9
1260680 981.7
1260690 981.7
1260700 985.3
1260710 989.4
1260720 989.4
1260730 993.7
1260740 997.2
1260750 998.8
1260760 998.8
1260770 1001.1
1260780 1004.1
1260790 1004.1
1260800 1007.7
1260810 1012.7
1260820 1012.7
1260830 1018.5
1260840 1021.1
1260850 1021.1
1260860 1020.3
1260870 1018.9
1260880 1018.9
1260890 1017.8
1260900 1016.8
1260910 1016.8
1260920 1015.3
1260930 1013.4
1260940 1013.4
1260950 1011.6
1260960 1010.6
1260970 1011.1
1260980 1011.1
1260990 1011.9
1261000 1012.4
1261010 1012.4
1261020 1012.9
1261030 1013.0
1261040 1013.0
1261050 1012.3
1261060 1011.6
1261070 1011.6
1261080 1011.8
1261090 1012.8
1261100 1012.8
1261110 1012.7
1261120 1011.4
1261130 1011.4
1261140 1013.0
1261150 1015.5
1261160 1015.5
1261170 1018.8
1261180 1021.2
1261190 1021.2
1261200 1022.6
1261210 1023.5
1261220 1025.1
1261230 1025.1
1261240 1029.0
1261250 1032.1
1261260 1032.1
1261270 1035.1
1261280 1037.4
1261290 1037.4
1261300 1039.1
1261310 1040.4
1261320 1040.4
1261330 1041.3
1261340 1042.1
1261350 1042.1
1261360 1043.6
1261370 1045.4
1261380 1045.4
1261390 1046.7
1261400 1050.1
1261410 1050.1
1261420 1054.2
1261430 1057.6
1261440 1061.1
1261450 1061.1
1261460 1064.2
1261470 1068.0
1261480 1068.0
1261490 1072.4
1261500 1077.7
1261510 1077.7
1261520 1082.5
1261530 1086.6
1261540 1086.6
1261550 1089.8
1261560 1091.2
1261570 1091.2
1261580 1092.0
1261590 1095.8
1261600 1095.8
1261610 1101.9
1261620 1107.9
1261630 1107.9
1261640 1113.9
1261650 1119.6
1261660 1125.3
1261670 1125.3
1261680 1131.1
1261690 1137.1
1261700 1137.1
1261710 1141.6
1261720 1147.1
1261730 1147.1
1261740 1152.7
1261750 1158.0
1261760 1158.0
1261770 1163.2
1261780 1169.1
1261790 1169.1
1261800 1175.0
1261810 1180.7
1261820 1180.7
1261830 1185.1
1261840 1185.1
1261850 1185.1
1261860 1181.5
1261870 1179.0
1261880 1179.0
1261890 1179.0
1261900 1180.5
1261910 1182.5
1261920 1182.5
1261930 1184.3
1261940 1186.0
1261950 1186.0
1261960 1190.8
1261970 1193.0
1261980 1193.0
1261990 1194.3
1262000 1198.0
1262010 1198.0
1262020 1200.3
1262030 1200.5
1262040 1200.5
1262050 1201.1
1262060 1201.0
1262070 1201.0
1262080 1200.1
1262090 1200.2
1262100 1200.2
1262110 1201.0
1262120 1203.7
1262130 1207.7
1262140 1207.7
1262150 1213.3
1262160 1219.6
1262170 1219.6
1262180 1225.3
1262190 1229.7
1262200 1229.7
1262210 1234.5
1262220 1239.7
1262230 1239.7
1262240 1244.8
1262250 1249.8
1262260 1249.8
1262270 1255.1
1262280 1266.0
1262290 1266.0
1262300 1270.5
1262310 1274.7
1262320 1274.7
1262330 1276.1
1262340 1275.5
1262350 1278.8
1262360 1278.8
1262370 1282.3
1262380 1288.1
1262390 1288.1
1262400 1294.7
1262410 1302.0
1262420 1302.0
1262430 1309.0
1262440 1315.7
1262450 1315.7
1262460 1322.1
1262470 1328.0
1262480 1328.0
1262490 1334.2
1262500 1339.7
1262510 1339.7
1262520 1344.6
1262530 1349.5
1262540 1349.5
1262550 1354.3
1262560 1359.1
1262570 1364.0
1262580 1364.0
1262590 1369.2
1262600 1373.1
1262610 1373.1
1262620 1375.9
1262630 1378.5
1262640 1378.5
1262650 1379.1
1262660 1379.2
1262670 1379.2
1262680 1383.3
1262690 1390.6
1262700 1390.6
1262710 1398.2
1262720 1405.3
1262730 1405.3
1262740 1412.3
1262750 1419.6
1262760 1419.6
1262770 1426.6
1262780 1433.3
1262790 1440.4
1262800 1440.4
1262810 1447.5
1262820 1454.8
1262830 1454.8
1262840 1461.9
1262850 1470.2
1262860 1470.2
1262870 1477.4
1262880 1484.3
1262890 1484.3
1262900 1489.8
1262910 1494.5
1262920 1494.5
1262930 1499.6
1262940 1504.8
1262950 1504.8
1262960 1511.2
1262970 1521.2
1262980 1521.2
1262990 1535.1
1263000 1542.0
1263010 1542.0
1263020 1548.6
1263030 1554.5
1263040 1560.9
1263050 1560.9
1263060 1566.9
1263070 1573.0
1263080 1573.0
1263090 1580.1
1263100 1589.1
1263110 1589.1
1263120 1597.6
1263130 1604.9
1263140 1604.9
1263150 1611.5
1263160 1618.8
1263170 1618.8
1263180 1627.2
1263190 1635.6
1263200 1635.6
1263210 1643.9
1263220 1650.9
1263230 1650.9
1263240 1657.4
1263250 1664.0
1263260 1670.2
1263270 1670.2
1263280 1676.3
1263290 1682.3
1263300 1682.3
1263310 1686.0
1263320 1688.3
1263330 1688.3
1263340 1689.6
1263350 1688.3
1263360 1688.3
1263370 1683.6
1263380 1678.6
1263390 1678.6
1263400 1677.1
1263410 1673.5
1263420 1676.7
1263430 1674.7
1263440 1671.2
1263450 1671.2
1263460 1666.8
1263470 1665.0
1263480 1662.8
1263490 1662.8
1263500 1660.4
1263510 1657.0
1263520 1657.0
1263530 1652.1
1263540 1646.0
1263550 1646.0
1263560 1640.7
1263570 1638.1
1263580 1638.1
1263590 1636.2
1263600 1635.3
1263610 1635.3
1263620 1634.0
1263630 1631.9
1263640 1631.9
1263650 1628.9
1263660 1625.0
1263670 1625.0
1263680 1622.0
1263690 1619.0
1263700 1615.3
1263710 1615.3
1263720 1612.8
1263730 1609.8
1263740 1609.8
1263750 1607.3
1263760 1603.7
1263770 1603.7
1263780 1601.6
1263790 1598.8
1263800 1598.8
1263810 1595.1
1263820 1592.0
1263830 1592.0
1263840 1588.6
1263850 1585.8
1263860 1585.8
1263870 1584.5
1263880 1582.4
1263890 1582.4
1263900 1579.1
1263910 1575.2
1263920 1575.2
1263930 1572.1
1263940 1569.4
1263950 1567.1
1263960 1567.1
1263970 1564.8
1263980 1563.4
1263990 1563.4
1264000 1561.5
1264010 1555.0
1264020 1555.0
1264030 1548.4
1264040 1540.4
1264050 1540.4
1264060 1531.5
1264070 1523.9
1264080 1523.9
1264090 1517.6
1264100 1515.9
1264110 1515.9
1264120 1511.7
1264130 1511.7
1264140 1511.7
1264150 1512.9
1264160 1517.3
1264170 1524.8
1264180 1524.8
1264190 1533.3
1264200 1540.4
1264210 1540.4
1264220 1546.9
1264230 1553.7
1264240 1553.7
1264250 1561.0
1264260 1568.7
1264270 1568.7
1264280 1576.9
1264290 1585.1
1264300 1585.1
1264310 1593.1
1264320 1602.5
1264330 1602.5
1264340 1614.4
1264350 1626.0
1264360 1626.0
1264370 1640.0
1264380 1658.8
1264390 1671.1
1264400 1671.1
1264410 1677.3
1264420 1688.8
1264430 1688.8
1264440 1723.5
1264450 1745.3
1264460 1745.3
1264470 1760.9
1264480 1769.6
1264490 1769.6
1264500 1775.4
1264510 1782.9
1264520 1782.9
1264530 1788.3
1264540 1792.6
1264550 1792.6
1264560 1796.5
1264570 1796.6
1264580 1796.6
1264590 1803.2
1264600 1809.8
1264610 1815.8
1264620 1815.8
1264630 1822.3
1264640 1829.2
1264650 1829.2
1264660 1835.9
1264670 1847.3
1264680 1847.3
1264690 1859.2
1264700 1868.9
1264710 1868.9
1264720 1877.4
1264730 1886.6
1264740 1886.6
1264750 1895.9
1264760 1903.5
1264770 1903.5
1264780 1909.2
1264790 1914.5
1264800 1914.5
1264810 1919.5
1264820 1923.9
1264830 1923.9
1264840 1929.6
1264850 1935.0
1264860 1939.6
1264870 1939.6
1264880 1945.7
1264890 1953.2
1264900 1953.2
1264910 1960.6
1264920 1970.1
1264930 1970.1
1264940 1976.9
1264950 1983.5
1264960 1983.5
1264970 1989.8
1264980 1995.9
1264990 1995.9
1265000 2000.6
1265010 2002.4
1265020 2002.4
1265030 2003.1
1265040 2004.9
1265050 2004.9
1265060 2008.3
1265070 2012.0
1265080 2018.3
1265090 2018.3
1265100 2025.3
1265110 2031.9
1265120 2031.9
1265130 2038.4
1265140 2045.0
1265150 2042.4
1265160 2048.3
1265170 2052.6
1265180 2052.6
1265190 2055.2
1265200 2056.0
1265210 2056.0
1265220 2056.0
1265230 2053.2
1265240 2053.2
1265250 2044.5
1265260 2035.9
1265270 2035.9
1265280 2032.9
1265290 2032.0
1265300 2032.9
1265310 2032.9
1265320 2041.1
1265330 2057.7
1265340 2057.7
1265350 2071.7
1265360 2088.5
1265370 2088.5
1265380 2098.0
1265390 2105.7
1265400 2105.7
1265410 2112.2
1265420 2118.9
1265430 2118.9
1265440 2125.6
1265450 2132.9
1265460 2132.9
1265470 2139.9
1265480 2147.7
1265490 2147.7
1265500 2154.3
1265510 2161.4
1265520 2168.5
1265530 2168.5
1265540 2176.0
1265550 2183.6
1265560 2183.6
1265570 2190.7
1265580 2198.4
1265590 2198.4
1265600 2205.9
1265610 2213.3
1265620 2213.3
1265630 2220.1
1265640 2227.2
1265650 2227.2
1265660 2234.0
1265670 2240.6
1265680 2240.6
1265690 2247.2
1265700 2253.4
1265710 2253.4
1265720 2259.0
1265730 2260.1
1265740 2260.1
1265750 2266.9
1265760 2273.3
1265770 2278.4
1265780 2278.4
1265790 2282.3
1265800 2286.3
1265810 2286.3
1265820 2290.3
1265830 2293.2
1265840 2293.2
1265850 2295.3
1265860 2300.0
1265870 2300.0
1265880 2308.2
1265890 2315.7
1265900 2315.7
1265910 2322.0
1265920 2328.3
1265930 2328.3
1265940 2335.0
1265950 2341.3
1265960 2341.3
1265970 2347.1
1265980 2352.2
1265990 2357.6
1266000 2357.6
1266010 2363.8
1266020 2372.0
1266030 2372.0
1266040 2384.5
1266050 2399.5
1266060 2399.5
1266070 2407.8
1266080 2416.2
1266090 2416.2
1266100 2422.7
1266110 2428.8
1266120 2428.8
1266130 2435.3
1266140 2442.2
1266150 2442.2
1266160 2450.2
1266170 2459.2
1266180 2459.2
1266190 2468.2
1266200 2476.7
1266210 2484.8
1266220 2484.8
1266230 2493.5
1266240 2504.4
1266250 2504.4
1266260 2510.8
1266270 2501.2
1266280 2501.2
1266290 2488.2
1266300 2477.9
1266310 2480.1
1266320 2469.4
1266330 2459.1
1266340 2459.1
1266350 2449.8
1266360 2440.4
1266370 2440.4
1266380 2431.7
1266390 2423.1
1266400 2423.1
1266410 2415.3
1266420 2407.7
1266430 2407.7
1266440 2400.2
1266450 2392.9
1266460 2385.6
1266470 2385.6
1266480 2379.0
1266490 2372.0
1266500 2372.0
1266510 2365.0
1266520 2357.4
1266530 2357.4
1266540 2349.6
1266550 2342.5
1266560 2342.5
1266570 2335.6
1266580 2329.0
1266590 2329.0
1266600 2322.6
1266610 2316.3
1266620 2316.3
1266630 2310.1
1266640 2303.9
1266650 2303.9
1266660 2297.7
1266670 2291.6
1266680 2285.6
1266690 2285.6
1266700 2279.8
1266710 2274.0
1266720 2274.0
1266730 2268.3
1266740 2262.4
1266750 2262.4
1266760 2256.7
1266770 2251.1
1266780 2251.1
1266790 2245.6
1266800 2240.0
1266810 2240.0
1266820 2234.6
1266830 2229.2
1266840 2229.2
1266850 2223.9
1266860 2218.5
1266870 2218.5
1266880 2213.2
1266890 2209.6
1266900 2205.0
1266910 2205.0
1266920 2200.7
1266930 2196.5
1266940 2196.5
1266950 2192.5
1266960 2188.6
1266970 2188.6
1266980 2184.8
1266990 2181.0
1267000 2181.0
1267010 2177.2
1267020 2173.3
1267030 2173.3
1267040 2169.3
1267050 2165.3
1267060 2165.3
1267070 2161.1
1267080 2157.0
1267090 2157.0
1267100 2152.9
1267110 2149.1
1267120 2145.5
1267130 2145.5
1267140 2142.3
1267150 2139.1
1267160 2139.1
1267170 2136.0
1267180 2133.0
1267190 2133.0
1267200 2130.1
1267210 2127.1
1267220 2127.1
1267230 2124.0
1267240 2120.7
1267250 2120.7
1267260 2117.3
1267270 2114.6
1267280 2114.6
1267290 2112.1
1267300 2109.8
1267310 2109.8
1267320 2108.1
1267330 2107.0
1267340 2107.0
1267350 2105.8
1267360 2104.3
1267370 2103.0
1267380 2103.0
1267390 2101.7
1267400 2098.0
1267410 2098.0
1267420 2094.8
1267430 2092.0
1267440 2092.0
1267450 2087.7
1267460 2084.3
1267470 2084.3
1267480 2084.3
1267490 2082.0
1267500 2082.0
1267510 2079.7
1267520 2077.1
1267530 2077.1
1267540 2074.5
1267550 2073.6
1267560 2073.6
1267570 2073.2
1267580 2071.7
1267590 2066.2
1267600 2066.2
1267610 2058.8
1267620 2051.6
1267630 2051.6
1267640 2044.8
1267650 2038.3
1267660 2038.3
1267670 2032.2
1267680 2027.2
1267690 2027.2
1267700 2023.9
1267710 2020.3
1267720 2020.3
1267730 2015.4
1267740 2009.5
1267750 2009.5
1267760 2002.9
1267770 1996.5
1267780 1996.5
1267790 1990.6
1267800 1984.5
1267810 1977.7
1267820 1977.7
1267830 1971.0
1267840 1964.5
1267850 1964.5
1267860 1958.5
1267870 1953.1
1267880 1953.1
1267890 1947.9
1267900 1942.9
1267910 1942.9
1267920 1938.4
1267930 1934.3
1267940 1934.3
1267950 1930.9
1267960 1927.8
1267970 1927.8
1267980 1924.6
1267990 1920.9
1268000 1920.9
1268010 1914.8
1268020 1903.6
1268030 1888.6
1268040 1888.6
1268050 1879.5
1268060 1869.8
1268070 1869.8
1268080 1864.6
1268090 1860.7
1268100 1860.7
1268110 1857.0
1268120 1853.3
1268130 1853.3
1268140 1849.6
1268150 1845.9
1268160 1845.9
1268170 1842.7
1268180 1839.3
1268190 1839.3
1268200 1837.3
1268210 1837.5
1268220 1837.5
1268230 1835.5
1268240 1831.4
1268250 1831.4
1268260 1826.6
1268270 1821.8
1268280 1817.5
1268290 1817.5
1268300 1813.3
1268310 1809.0
1268320 1809.0
1268330 1805.7
1268340 1802.6
1268350 1802.6
1268360 1798.7
1268370 1795.1
1268380 1795.1
1268390 1791.3
1268400 1787.5
1268410 1787.5
1268420 1782.9
1268430 1777.6
1268440 1777.6
1268450 1774.0
1268460 1771.1
1268470 1771.1
1268480 1768.6
1268490 1766.4
1268500 1763.7
1268510 1763.7
1268520 1760.7
1268530 1757.6
1268540 1757.6
1268550 1754.0
1268560 1750.7
1268570 1750.7
1268580 1747.0
1268590 1742.8
1268600 1742.8
1268610 1738.3
1268620 1734.4
1268630 1734.4
1268640 1731.7
1268650 1730.9
1268660 1730.9
1268670 1729.9
1268680 1729.2
1268690 1729.2
1268700 1728.9
1268710 1728.1
1268720 1726.9
1268730 1726.9
1268740 1725.7
1268750 1724.5
1268760 1724.5
1268770 1723.3
1268780 1722.2
1268790 1722.2
1268800 1720.9
1268810 1719.6
1268820 1719.6
1268830 1718.8
1268840 1718.0
1268850 1718.0
1268860 1716.7
1268870 1715.6
1268880 1715.6
1268890 1714.3
1268900 1713.7
1268910 1713.7
1268920 1712.9
1268930 1711.9
1268940 1711.4
1268950 1711.4
1268960 1710.3
1268970 1709.2
1268980 1709.2
1268990 1708.2
1269000 1707.2
1269010 1707.2
1269020 1705.7
1269030 1703.6
1269040 1703.6
1269050 1701.8
1269060 1699.8
1269070 1699.8
1269080 1698.6
1269090 1697.4
1269100 1697.4
1269110 1695.6
1269120 1694.0
1269130 1694.0
1269140 1692.6
1269150 1691.6
1269160 1691.6
1269170 1692.2
1269180 1694.2
1269190 1696.1
1269200 1696.1
1269210 1698.4
1269220 1700.4
1269230 1700.4
1269240 1706.7
1269250 1707.4
1269260 1707.4
1269270 1709.2
1269280 1710.8
1269290 1710.8
1269300 1713.3
1269310 1716.8
1269320 1716.8
1269330 1720.0
1269340 1722.8
1269350 1722.8
1269360 1725.4
1269370 1728.5
1269380 1728.5
1269390 1731.4
1269400 1733.4
1269410 1736.1
1269420 1736.1
1269430 1739.5
1269440 1742.8
1269450 1742.8
1269460 1746.2
1269470 1749.8
1269480 1749.8
1269490 1753.0
1269500 1756.0
1269510 1756.0
1269520 1758.6
1269530 1761.1
1269540 1761.1
1269550 1763.5
1269560 1766.1
1269570 1766.1
1269580 1768.8
1269590 1771.9
1269600 1771.9
1269610 1775.1
1269620 1778.1
1269630 1781.0
1269640 1781.0
1269650 1784.3
1269660 1787.4
1269670 1787.4
1269680 1789.0
1269690 1789.6
1269700 1789.6
1269710 1789.7
1269720 1789.1
1269730 1789.1
1269740 1787.3
1269750 1784.1
1269760 1784.1
1269770 1779.7
1269780 1774.9
1269790 1774.9
1269800 1769.9
1269810 1764.7
1269820 1764.7
1269830 1755.4
1269840 1750.0
1269850 1744.5
1269860 1744.5
1269870 1738.7
1269880 1732.0
1269890 1732.0
1269900 1725.3
1269910 1718.4
1269920 1718.4
1269930 1710.6
1269940 1703.0
1269950 1703.0
1269960 1695.2
1269970 1687.8
1269980 1687.8
1269990 1682.6
1270000 1680.0
1270010 1680.0
1270020 1678.3
1270030 1676.8
1270040 1676.8
1270050 1674.7
1270060 1671.1
1270070 1671.1
1270080 1666.8
1270090 1661.6
1270100 1655.6
1270110 1655.6
1270120 1650.7
1270130 1649.4
1270140 1649.4
1270150 1648.3
1270160 1647.3
1270170 1647.3
1270180 1646.7
1270190 1646.8
1270200 1646.8
1270210 1646.3
1270220 1647.9
1270230 1647.9
1270240 1651.0
1270250 1654.4
1270260 1654.4
1270270 1658.1
1270280 1661.3
1270290 1661.3
1270300 1664.6
1270310 1668.3
1270320 1671.7
1270330 1671.7
1270340 1676.3
1270350 1682.7
1270360 1682.7
1270370 1688.4
1270380 1694.3
1270390 1694.3
1270400 1699.5
1270410 1703.9
1270420 1707.8
1270430 1712.3
1270440 1716.9
1270450 1716.9
1270460 1722.5
1270470 1728.7
1270480 1728.7
1270490 1735.7
1270500 1742.5
1270510 1742.5
1270520 1749.2
1270530 1755.9
1270540 1762.3
1270550 1762.3
1270560 1768.1
1270570 1773.7
1270580 1773.7
1270590 1779.5
1270600 1785.1
1270610 1785.1
1270620 1791.0
1270630 1796.7
1270640 1796.7
1270650 1802.4
1270660 1808.2
1270670 1808.2
1270680 1814.3
1270690 1820.5
1270700 1820.5
1270710 1826.4
1270720 1832.6
1270730 1832.6
1270740 1838.4
1270750 1843.6
1270760 1849.2
1270770 1849.2
1270780 1854.8
1270790 1860.8
1270800 1860.8
1270810 1867.3
1270820 1874.3
1270830 1874.3
1270840 1881.5
1270850 1888.2
1270860 1888.2
1270870 1895.0
1270880 1899.0
1270890 1899.0
1270900 1897.6
1270910 1891.6
1270920 1891.6
1270930 1883.6
1270940 1877.1
1270950 1877.1
1270960 1871.5
1270970 1866.7
1270980 1866.7
1270990 1862.3
1271000 1855.1
1271010 1861.7
1271020 1861.7
1271030 1861.5
1271040 1858.7
1271050 1858.7
1271060 1855.4
1271070 1850.9
1271080 1850.9
1271090 1846.6
1271100 1842.0
1271110 1842.0
1271120 1837.6
1271130 1833.4
1271140 1833.4
1271150 1828.6
1271160 1824.1
1271170 1824.1
1271180 1819.4
1271190 1814.7
1271200 1814.7
1271210 1810.3
1271220 1806.1
1271230 1801.9
1271240 1801.9
1271250 1798.4
1271260 1796.0
1271270 1796.0
1271280 1794.1
1271290 1796.5
1271300 1796.5
1271310 1800.7
1271320 1805.3
1271330 1805.3
1271340 1810.1
1271350 1815.0
1271360 1815.0
1271370 1819.7
1271380 1822.7
1271390 1822.7
1271400 1820.0
1271410 1814.9
1271420 1814.9
1271430 1808.5
1271440 1801.8
1271450 1794.7
1271460 1794.7
1271470 1788.5
1271480 1782.9
1271490 1782.9
1271500 1776.2
1271510 1769.2
1271520 1769.2
1271530 1762.4
1271540 1755.2
1271550 1755.2
1271560 1748.0
1271570 1741.1
1271580 1741.1
1271590 1734.1
1271600 1726.9
1271610 1726.3
1271620 1719.3
1271630 1712.1
1271640 1712.1
1271650 1705.0
1271660 1697.7
1271670 1690.9
1271680 1690.9
1271690 1684.0
1271700 1677.4
1271710 1677.4
1271720 1670.7
1271730 1663.8
1271740 1663.8
1271750 1657.4
1271760 1651.1
1271770 1651.1
1271780 1645.3
1271790 1640.1
1271800 1640.1
1271810 1635.0
1271820 1630.7
1271830 1630.7
1271840 1626.2
1271850 1621.5
1271860 1621.5
1271870 1617.0
1271880 1612.9
1271890 1612.9
1271900 1609.5
1271910 1606.3
1271920 1602.5
1271930 1602.5
1271940 1597.9
1271950 1593.3
1271960 1593.3
1271970 1589.8
1271980 1586.3
1271990 1586.3
1272000 1582.7
1272010 1580.4
1272020 1580.4
1272030 1578.4
1272040 1575.4
1272050 1575.4
1272060 1572.2
1272070 1569.1
1272080 1569.1
1272090 1565.9
1272100 1562.6
1272110 1562.6
1272120 1559.2
1272130 1555.6
1272140 1551.5
1272150 1551.5
1272160 1547.3
1272170 1543.2
1272180 1543.2
1272190 1539.0
1272200 1533.7
1272210 1533.7
1272220 1529.7
1272230 1525.6
1272240 1525.6
1272250 1521.5
1272260 1518.1
1272270 1518.1
1272280 1515.6
1272290 1513.9
1272300 1513.9
1272310 1512.3
1272320 1510.6
1272330 1510.6
1272340 1508.8
1272350 1507.2
1272360 1505.6
1272370 1505.6
1272380 1504.4
1272390 1503.3
1272400 1503.3
1272410 1502.0
1272420 1500.4
1272430 1500.4
1272440 1498.5
1272450 1496.6
1272460 1496.6
1272470 1494.7
1272480 1492.5
1272490 1492.5
1272500 1489.9
1272510 1486.4
1272520 1486.4
1272530 1483.3
1272540 1480.5
1272550 1480.5
1272560 1477.0
1272570 1473.9
1272580 1470.9
1272590 1470.9
1272600 1467.8
1272610 1465.0
1272620 1465.0
1272630 1461.9
1272640 1458.5
1272650 1458.5
1272660 1454.7
1272670 1450.9
1272680 1450.9
1272690 1447.7
1272700 1445.0
1272710 1445.0
1272720 1442.6
1272730 1439.9
1272740 1439.9
1272750 1438.0
1272760 1436.4
1272770 1436.4
1272780 1433.8
1272790 1430.9
1272800 1432.3
1272810 1429.8
1272820 1427.5
1272830 1425.5
1272840 1425.5
1272850 1423.4
1272860 1421.4
1272870 1421.4
1272880 1419.5
1272890 1417.4
1272900 1417.4
1272910 1414.6
1272920 1411.3
1272930 1411.3
1272940 1406.5
1272950 1400.5
1272960 1400.5
1272970 1394.7
1272980 1389.4
1272990 1389.4
1273000 1385.1
1273010 1381.4
1273020 1381.4
1273030 1376.9
1273040 1372.7
1273050 1368.7
1273060 1368.7
1273070 1364.4
1273080 1360.3
1273090 1360.3
1273100 1357.7
1273110 1354.6
1273120 1354.6
1273130 1350.4
1273140 1345.6
1273150 1345.6
1273160 1340.2
1273170 1334.8
1273180 1334.8
1273190 1329.4
1273200 1324.1
1273210 1324.1
1273220 1319.2
1273230 1314.5
1273240 1314.5
1273250 1310.2
1273260 1306.0
1273270 1301.8
1273280 1301.8
1273290 1297.6
1273300 1293.5
1273310 1293.5
1273320 1290.1
1273330 1286.7
1273340 1286.7
1273350 1282.8
1273360 1278.9
1273370 1278.9
1273380 1275.2
1273390 1272.5
1273400 1270.7
1273410 1267.8
1273420 1265.0
1273430 1265.0
1273440 1262.3
1273450 1261.5
1273460 1261.5
1273470 1260.9
1273480 1258.0
1273490 1254.7
1273500 1254.7
1273510 1251.8
1273520 1249.6
1273530 1249.6
1273540 1248.4
1273550 1247.4
1273560 1247.4
1273570 1243.7
1273580 1237.5
1273590 1237.5
1273600 1232.8
1273610 1229.0
1273620 1229.0
1273630 1226.3
1273640 1222.8
1273650 1222.8
1273660 1218.9
1273670 1215.0
1273680 1215.0
1273690 1211.2
1273700 1207.3
1273710 1207.3
1273720 1204.1
1273730 1200.7
1273740 1196.9
1273750 1196.9
1273760 1192.9
1273770 1188.8
1273780 1188.8
1273790 1184.3
1273800 1180.0
1273810 1180.0
1273820 1175.9
1273830 1172.0
1273840 1172.0
1273850 1168.0
1273860 1164.4
1273870 1164.4
1273880 1160.8
1273890 1155.7
1273900 1155.7
1273910 1150.4
1273920 1146.5
1273930 1146.5
1273940 1143.7
1273950 1140.8
1273960 1139.1
1273970 1139.1
1273980 1139.1
1273990 1140.6
1274000 1140.6
1274010 1143.1
1274020 1139.3
1274030 1139.3
1274040 1135.7
1274050 1133.0
1274060 1133.0
1274070 1130.4
1274080 1127.5
1274090 1127.5
1274100 1124.1
1274110 1119.0
1274120 1119.0
1274130 1113.2
1274140 1107.5
1274150 1107.5
1274160 1102.8
1274170 1098.6
1274180 1095.1
1274190 1095.1
1274200 1091.3
1274210 1087.3
1274220 1087.3
1274230 1085.0
1274240 1083.3
1274250 1083.3
1274260 1082.0
1274270 1080.4
1274280 1080.4
1274290 1077.9
1274300 1076.2
1274310 1076.2
1274320 1074.8
1274330 1072.5
1274340 1072.5
1274350 1070.6
1274360 1069.2
1274370 1069.2
1274380 1067.5
1274390 1067.3
1274400 1066.5
1274410 1066.5
1274420 1064.8
1274430 1063.5
1274440 1063.5
1274450 1062.2
1274460 1060.8
1274470 1060.8
1274480 1059.5
1274490 1058.3
1274500 1058.3
1274510 1057.2
1274520 1055.8
1274530 1055.8
1274540 1054.3
1274550 1053.0
1274560 1053.0
1274570 1051.8
1274580 1050.6
1274590 1050.6
1274600 1049.2
1274610 1048.8
1274620 1048.8
1274630 1047.6
1274640 1046.5
1274650 1045.7
1274660 1045.7
1274670 1045.1
1274680 1041.4
1274690 1041.4
1274700 1034.2
1274710 1029.8
1274720 1029.8
1274730 1030.0
1274740 1030.3
1274750 1030.3
1274760 1028.0
1274770 1022.5
1274780 1022.5
1274790 1016.0
1274800 1014.1
1274810 1014.1
1274820 1012.0
1274830 1011.0
1274840 1011.0
1274850 1008.6
1274860 1006.6
1274870 1006.3
1274880 1006.3
1274890 1005.9
1274900 1005.8
1274910 1005.8
1274920 1005.8
1274930 1005.6
1274940 1005.6
1274950 1005.5
1274960 1005.3
1274970 1005.3
1274980 1004.8
1274990 1003.8
1275000 1003.8
1275010 1003.7
1275020 1003.6
1275030 1003.6
1275040 1003.6
1275050 1003.7
1275060 1003.7
1275070 1003.7
1275080 1003.8
1275090 1003.9
1275100 1003.9
1275110 1004.1
1275120 1004.6
1275130 1004.6
1275140 1003.3
1275150 1002.0
1275160 1002.0
1275170 1003.7
1275180 1004.5
1275190 1004.5
1275200 1004.8
1275210 1005.4
1275220 1005.4
1275230 1005.5
1275240 1005.7
1275250 1005.7
1275260 1006.0
1275270 1006.2
1275280 1006.2
1275290 1006.5
1275300 1006.8
1275310 1007.1
1275320 1007.1
1275330 1007.5
1275340 1007.8
1275350 1007.8
1275360 1008.0
1275370 1008.1
1275380 1008.1
1275390 1008.2
1275400 1008.4
1275410 1008.4
1275420 1008.6
1275430 1009.0
1275440 1009.0
1275450 1009.3
1275460 1009.7
1275470 1009.7
1275480 1010.0
1275490 1010.3
1275500 1010.3
1275510 1010.7
1275520 1011.4
1275530 1011.4
1275540 1011.9
1275550 1012.0
1275560 1012.0
1275570 1012.0
1275580 1012.2
1275590 1013.3
1275600 1013.3
1275610 1015.0
1275620 1016.2
1275630 1016.2
1275640 1017.1
1275650 1018.3
1275660 1018.3
1275670 1018.9
1275680 1019.1
1275690 1019.1
1275700 1019.6
1275710 1020.6
1275720 1020.6
1275730 1021.6
1275740 1022.0
1275750 1022.0
1275760 1021.8
1275770 1021.4
1275780 1021.0
1275790 1021.0
1275800 1020.4
1275810 1019.7
1275820 1023.6
1275830 1022.5
1275840 1021.7
1275850 1021.7
1275860 1021.0
1275870 1020.7
1275880 1020.7
1275890 1020.8
1275900 1020.9
1275910 1020.9
1275920 1021.0
1275930 1021.3
1275940 1021.3
1275950 1021.1
1275960 1021.2
1275970 1021.2
1275980 1021.0
1275990 1019.7
1276000 1018.3
1276010 1018.3
1276020 1018.7
1276030 1019.8
1276040 1019.8
1276050 1020.7
1276060 1021.4
1276070 1021.4
1276080 1021.9
1276090 1022.9
1276100 1022.9
1276110 1023.6
1276120 1024.3
1276130 1024.3
1276140 1024.7
1276150 1024.8
1276160 1024.8
1276170 1026.2
1276180 1028.7
1276190 1028.7
1276200 1032.5
1276210 1038.1
1276220 1042.8
1276230 1042.8
1276240 1044.8
1276250 1047.6
1276260 1047.6
1276270 1054.0
1276280 1061.2
1276290 1061.2
1276300 1066.3
1276310 1070.0
1276320 1070.0
1276330 1073.3
1276340 1076.6
1276350 1076.6
1276360 1079.4
1276370 1082.7
1276380 1082.7
1276390 1085.3
1276400 1086.9
1276410 1086.9
1276420 1086.9
1276430 1076.2
1276440 1074.9
1276450 1074.9
1276460 1077.4
1276470 1079.9
1276480 1079.9
1276490 1080.8
1276500 1079.0
1276510 1079.0
1276520 1069.1
1276530 1058.0
1276540 1058.0
1276550 1052.9
1276560 1050.3
1276570 1050.3
1276580 1042.0
1276590 1036.8
1276600 1036.8
1276610 1034.9
1276620 1037.5
1276630 1037.5
1276640 1041.5
1276650 1044.6
1276660 1044.6
1276670 1046.6
1276680 1049.4
1276690 1055.0
1276700 1055.0
1276710 1062.9
1276720 1070.5
1276730 1070.5
1276740 1075.4
1276750 1081.1
1276760 1081.1
1276770 1087.5
1276780 1093.3
1276790 1093.3
1276800 1098.7
1276810 1104.0
1276820 1104.0
1276830 1109.4
1276840 1114.4
1276850 1114.4
1276860 1116.9
1276870 1117.0
1276880 1117.0
1276890 1116.9
1276900 1117.6
1276910 1118.5
1276920 1118.5
1276930 1119.9
1276940 1122.2
1276950 1122.2
1276960 1125.0
1276970 1127.8
1276980 1127.8
1276990 1131.1
1277000 1135.3
1277010 1135.3
1277020 1139.2
1277030 1141.7
1277040 1146.2
1277050 1147.5
1277060 1147.6
1277070 1147.6
1277080 1148.7
1277090 1149.9
1277100 1149.9
1277110 1150.9
1277120 1151.8
1277130 1152.9
1277140 1152.9
1277150 1154.2
1277160 1155.8
1277170 1155.8
1277180 1156.5
1277190 1156.5
1277200 1156.5
1277210 1158.1
1277220 1160.2
1277230 1160.2
1277240 1161.5
1277250 1162.6
1277260 1162.6
1277270 1164.2
1277280 1166.1
1277290 1166.1
1277300 1166.8
1277310 1167.6
1277320 1167.6
1277330 1169.5
1277340 1172.1
1277350 1175.1
1277360 1175.1
1277370 1176.7
1277380 1179.2
1277390 1179.2
1277400 1181.9
1277410 1183.7
1277420 1183.7
1277430 1185.3
1277440 1187.8
1277450 1187.8
1277460 1189.7
1277470 1191.8
1277480 1191.8
1277490 1193.7
1277500 1195.4
1277510 1195.4
1277520 1197.2
1277530 1198.9
1277540 1198.9
1277550 1200.0
1277560 1200.4
1277570 1200.4
1277580 1201.4
1277590 1203.8
1277600 1207.1
1277610 1207.1
1277620 1209.3
1277630 1211.5
1277640 1211.5
1277650 1219.0
1277660 1222.5
1277670 1222.5
1277680 1225.6
1277690 1227.7
1277700 1227.7
1277710 1229.7
1277720 1231.0
1277730 1231.0
1277740 1232.1
1277750 1233.3
1277760 1233.3
1277770 1234.4
1277780 1236.2
1277790 1236.2
1277800 1237.2
1277810 1237.0
1277820 1235.7
1277830 1235.7
1277840 1234.4
1277850 1233.2
1277860 1233.2
1277870 1231.1
1277880 1228.7
1277890 1228.7
1277900 1226.5
1277910 1223.7
1277920 1223.7
1277930 1221.6
1277940 1219.3
1277950 1219.3
1277960 1216.5
1277970 1214.0
1277980 1214.0
1277990 1215.1
1278000 1217.1
1278010 1217.1
1278020 1215.5
1278030 1212.4
1278040 1208.8
1278050 1208.8
1278060 1205.7
1278070 1205.2
1278080 1205.2
1278090 1205.0
1278100 1201.9
1278110 1201.9
1278120 1197.4
1278130 1194.3
1278140 1194.3
1278150 1192.6
1278160 1190.8
1278170 1190.8
1278180 1188.4
1278190 1183.8
1278200 1183.8
1278210 1179.6
1278220 1177.8
1278230 1177.8
1278240 1177.3
1278250 1177.6
1278260 1178.7
1278270 1182.7
1278280 1184.3
1278290 1186.6
1278300 1186.6
1278310 1189.1
1278320 1191.0
1278330 1191.0
1278340 1192.8
1278350 1194.7
1278360 1194.7
1278370 1197.9
1278380 1202.2
1278390 1202.2
1278400 1204.0
1278410 1204.1
1278420 1204.1
1278430 1204.9
1278440 1206.4
1278450 1206.4
1278460 1208.6
1278470 1209.9
1278480 1209.9
1278490 1210.4
1278500 1211.0
1278510 1211.4
1278520 1211.4
1278530 1210.8
1278540 1209.6
1278550 1209.6
1278560 1206.7
1278570 1202.1
1278580 1202.1
1278590 1200.7
1278600 1201.1
1278610 1201.1
1278620 1200.8
1278630 1200.8
1278640 1200.8
1278650 1201.1
1278660 1203.1
1278670 1203.1
1278680 1205.9
1278690 1208.2
1278700 1208.2
1278710 1211.6
1278720 1215.6
1278730 1217.4
1278740 1217.4
1278750 1218.9
1278760 1219.6
1278770 1219.6
1278780 1220.1
1278790 1220.1
1278800 1220.1
1278810 1220.4
1278820 1220.6
1278830 1220.6
1278840 1220.7
1278850 1219.7
1278860 1219.7
1278870 1219.2
1278880 1222.0
1278890 1222.0
1278900 1220.4
1278910 1220.3
1278920 1220.3
1278930 1220.7
1278940 1220.7
1278950 1220.8
1278960 1220.8
1278970 1221.7
1278980 1222.5
1278990 1222.5
1279000 1224.5
1279010 1227.2
1279020 1227.2
1279030 1230.2
1279040 1233.4
1279050 1233.4
1279060 1237.0
1279070 1240.9
1279080 1240.9
1279090 1245.1
1279100 1248.8
1279110 1248.8
1279120 1251.5
1279130 1254.2
1279140 1254.2
1279150 1259.2
1279160 1264.7
1279170 1269.0
1279180 1269.0
1279190 1268.4
1279200 1265.8
1279210 1265.8
1279220 1264.8
1279230 1265.5
1279240 1265.5
1279250 1267.2
1279260 1270.6
1279270 1270.6
1279280 1276.0
1279290 1281.2
1279300 1281.2
1279310 1284.9
1279320 1287.3
1279330 1287.3
1279340 1288.3
1279350 1289.3
1279360 1289.3
1279370 1290.0
1279380 1289.4
1279390 1289.4
1279400 1288.7
1279410 1288.8
1279420 1290.3
1279430 1290.3
1279440 1292.3
1279450 1293.7
1279460 1293.7
1279470 1296.1
1279480 1298.2
1279490 1298.2
1279500 1302.9
1279510 1304.1
1279520 1304.1
1279530 1305.4
1279540 1306.5
1279550 1306.5
1279560 1307.3
1279570 1307.5
1279580 1307.5
1279590 1307.0
1279600 1306.8
1279610 1306.8
1279620 1306.1
1279630 1304.3
1279640 1300.3
1279650 1300.3
1279660 1295.7
1279670 1291.4
1279680 1291.4
1279690 1287.6
1279700 1283.9
1279710 1283.9
1279720 1281.1
1279730 1278.8
1279740 1278.8
1279750 1273.6
1279760 1269.5
1279770 1269.5
1279780 1269.0
1279790 1271.0
1279800 1271.0
1279810 1276.9
1279820 1282.1
1279830 1282.1
1279840 1285.9
1279850 1287.4
1279860 1287.1
1279870 1287.1
1279880 1288.9
1279890 1292.3
1279900 1292.3
1279910 1295.4
1279920 1297.8
1279930 1297.8
1279940 1299.7
1279950 1300.3
1279960 1300.3
1279970 1304.6
1279980 1308.5
1279990 1308.5
