1260000 971.3
1260010 971.3
1260020 971.2
1260030 971.1
1260040 971.1
1260050 971.1
1260060 971.1
1260070 971.1
1260080 971.0
1260090 971.3
1260100 971.3
1260110 971.6
1260120 971.8
1260130 971.8
1260140 971.8
1260150 971.7
1260160 971.7
1260170 971.6
1260180 971.6
1260190 971.6
1260200 971.5
1260210 971.6
1260220 971.6
1260230 971.6
1260240 971.7
1260250 972.0
1260260 972.0
1260270 972.8
1260280 973.2
1260290 973.2
1260300 972.4
1260310 970.9
1260320 970.9
1260330 971.6
1260340 972.2
1260350 972.2
1260360 971.5
1260370 971.3
1260380 971.3
1260390 971.0
1260400 970.9
1260410 970.8
1260420 970.8
1260430 970.5
1260440 970.5
1260450 970.1
1260460 970.2
1260470 970.1
1260480 970.1
1260490 970.0
1260500 970.0
1260510 970.0
1260520 970.1
1260530 970.5
1260540 970.5
1260550 971.1
1260560 971.8
1260570 971.8
1260580 972.3
1260590 972.8
1260600 972.8
1260610 973.5
1260620 974.1
1260630 974.1
1260640 974.8
1260650 975.9
1260660 975.9
1260670 977.6
1260680 980.3
1260690 984.0
1260700 984.0
1260710 986.4
1260720 987.5
1260730 987.5
1260740 988.5
1260750 990.2
1260760 990.2
1260770 992.4
1260780 995.1
1260790 995.1
1260800 997.7
1260810 1001.2
1260820 1001.2
1260830 1005.4
1260840 1009.2
1260850 1009.2
1260860 1011.4
1260870 1010.9
1260880 1010.9
1260890 1008.4
1260900 1005.1
1260910 1005.1
1260920 1002.0
1260930 1000.7
1260940 1001.3
1260950 1001.3
1260960 1002.8
1260970 1004.2
1260980 1004.6
1260990 1005.9
1261000 1007.3
1261010 1007.3
1261020 1008.8
1261030 1009.5
1261040 1009.5
1261050 1010.0
1261060 1010.2
1261070 1010.2
1261080 1009.9
1261090 1008.4
1261100 1008.4
1261110 1008.8
1261120 1011.7
1261130 1011.7
1261140 1013.6
1261150 1015.9
1261160 1017.7
1261170 1017.7
1261180 1019.6
1261190 1021.1
1261200 1021.1
1261210 1023.0
1261220 1025.8
1261230 1025.8
1261240 1030.1
1261250 1033.2
1261260 1033.2
1261270 1034.9
1261280 1035.4
1261290 1035.4
1261300 1035.6
1261310 1037.6
1261320 1037.6
1261330 1041.0
1261340 1043.9
1261350 1043.9
1261360 1047.0
1261370 1050.5
1261380 1051.7
1261390 1051.7
1261400 1049.8
1261410 1051.1
1261420 1051.1
1261430 1053.9
1261440 1057.0
1261450 1057.0
1261460 1061.5
1261470 1066.4
1261480 1066.4
1261490 1069.9
1261500 1071.7
1261510 1071.7
1261520 1073.5
1261530 1075.1
1261540 1075.1
1261550 1080.0
1261560 1085.0
1261570 1085.0
1261580 1091.0
1261590 1097.2
1261600 1103.8
1261610 1103.8
1261620 1110.1
1261630 1116.1
1261640 1116.1
1261650 1122.1
1261660 1128.0
1261670 1128.0
1261680 1134.3
1261690 1140.4
1261700 1140.4
1261710 1146.3
1261720 1152.1
1261730 1152.1
1261740 1156.6
1261750 1159.3
1261760 1159.3
1261770 1160.7
1261780 1162.4
1261790 1162.4
1261800 1165.1
1261810 1168.0
1261820 1168.0
1261830 1170.5
1261840 1170.7
1261850 1167.2
1261860 1167.2
1261870 1163.4
1261880 1161.2
1261890 1161.2
1261900 1162.0
1261910 1164.4
1261920 1164.4
1261930 1165.7
1261940 1170.1
1261950 1170.1
1261960 1171.7
1261970 1173.7
1261980 1173.7
1261990 1177.0
1262000 1179.3
1262010 1179.3
1262020 1180.3
1262030 1179.3
1262040 1179.3
1262050 1178.6
1262060 1181.7
1262070 1187.2
1262080 1187.2
1262090 1193.2
1262100 1197.9
1262110 1197.9
1262120 1204.7
1262130 1209.5
1262140 1209.5
1262150 1213.1
1262160 1216.1
1262170 1216.1
1262180 1218.3
1262190 1222.0
1262200 1222.0
1262210 1226.3
1262220 1230.1
1262230 1230.1
1262240 1234.7
1262250 1240.7
1262260 1240.7
1262270 1246.3
1262280 1250.2
1262290 1251.4
1262300 1251.4
1262310 1252.9
1262320 1255.9
1262330 1255.9
1262340 1260.2
1262350 1266.0
1262360 1266.0
1262370 1272.8
1262380 1280.0
1262390 1280.0
1262400 1286.3
1262410 1292.2
1262420 1292.2
1262430 1297.6
1262440 1302.6
1262450 1302.6
1262460 1307.3
1262470 1311.8
1262480 1311.8
1262490 1316.4
1262500 1321.0
1262510 1321.0
1262520 1326.0
1262530 1331.6
1262540 1337.1
1262550 1337.1
1262560 1342.3
1262570 1345.5
1262580 1345.5
1262590 1348.0
1262600 1350.7
1262610 1350.7
1262620 1353.2
1262630 1358.0
1262640 1358.0
1262650 1366.1
1262660 1374.3
1262670 1374.3
1262680 1381.6
1262690 1389.5
1262700 1389.5
1262710 1396.1
1262720 1402.5
1262730 1402.5
1262740 1409.2
1262750 1416.3
1262760 1423.2
1262770 1423.2
1262780 1430.1
1262790 1436.8
1262800 1436.8
1262810 1443.2
1262820 1449.2
1262830 1449.2
1262840 1455.4
1262850 1461.8
1262860 1461.8
1262870 1468.9
1262880 1475.8
1262890 1475.8
1262900 1482.7
1262910 1488.8
1262920 1488.8
1262930 1494.7
1262940 1501.0
1262950 1501.0
1262960 1507.8
1262970 1515.7
1262980 1525.2
1262990 1525.2
1263000 1534.7
1263010 1543.9
1263020 1543.9
1263030 1554.4
1263040 1562.5
1263050 1562.5
1263060 1569.9
1263070 1576.9
1263080 1576.9
1263090 1582.8
1263100 1588.6
1263110 1588.6
1263120 1594.7
1263130 1601.5
1263140 1601.5
1263150 1608.3
1263160 1615.5
1263170 1615.5
1263180 1622.6
1263190 1629.4
1263200 1636.8
1263210 1636.8
1263220 1644.7
1263230 1652.0
1263240 1652.0
1263250 1658.8
1263260 1668.0
1263270 1668.0
1263280 1674.4
1263290 1679.3
1263300 1679.3
1263310 1683.1
1263320 1682.9
1263330 1682.9
1263340 1681.9
1263350 1680.2
1263360 1680.2
1263370 1677.3
1263380 1671.4
1263390 1671.4
1263400 1666.9
1263410 1664.4
1263420 1664.4
1263430 1665.0
1263440 1664.1
1263450 1660.2
1263460 1660.2
1263470 1655.9
1263480 1652.5
1263490 1652.5
1263500 1649.5
1263510 1645.8
1263520 1645.8
1263530 1639.7
1263540 1633.6
1263550 1633.6
1263560 1629.3
1263570 1628.4
1263580 1628.4
1263590 1627.4
1263600 1625.6
1263610 1625.6
1263620 1622.4
1263630 1617.0
1263640 1617.0
1263650 1612.6
1263660 1609.5
1263670 1607.0
1263680 1607.0
1263690 1603.1
1263700 1598.8
1263710 1598.8
1263720 1596.7
1263730 1595.2
1263740 1595.2
1263750 1592.8
1263760 1590.7
1263770 1590.7
1263780 1589.4
1263790 1586.4
1263800 1586.4
1263810 1581.7
1263820 1578.7
1263830 1583.6
1263840 1581.4
1263850 1575.9
1263860 1575.9
1263870 1571.8
1263880 1571.5
1263890 1571.4
1263900 1571.4
1263910 1567.4
1263920 1562.8
1263930 1562.8
1263940 1560.2
1263950 1559.6
1263960 1559.6
1263970 1559.0
1263980 1557.6
1263990 1557.6
1264000 1551.9
1264010 1542.9
1264020 1542.9
1264030 1534.7
1264040 1526.5
1264050 1526.5
1264060 1518.7
1264070 1511.2
1264080 1511.2
1264090 1506.4
1264100 1503.3
1264110 1504.6
1264120 1504.6
1264130 1508.6
1264140 1516.0
1264150 1516.0
1264160 1522.9
1264170 1528.9
1264180 1528.9
1264190 1535.6
1264200 1542.6
1264210 1542.6
1264220 1550.0
1264230 1558.0
1264240 1558.0
1264250 1566.5
1264260 1573.9
1264270 1573.9
1264280 1581.2
1264290 1588.7
1264300 1588.7
1264310 1596.3
1264320 1604.0
1264330 1604.0
1264340 1614.2
1264350 1627.8
1264360 1634.9
1264370 1634.9
1264380 1643.9
1264390 1655.8
1264400 1655.8
1264410 1669.2
1264420 1688.3
1264430 1688.3
1264440 1732.2
1264450 1760.5
1264460 1760.5
1264470 1773.3
1264480 1780.5
1264490 1780.5
1264500 1787.9
1264510 1793.9
1264520 1793.9
1264530 1797.2
1264540 1794.5
1264550 1794.5
1264560 1792.2
1264570 1804.4
1264580 1816.1
1264590 1816.1
1264600 1822.3
1264610 1828.8
1264620 1828.8
1264630 1835.9
1264640 1843.2
1264650 1843.2
1264660 1851.3
1264670 1860.1
1264680 1860.1
1264690 1869.3
1264700 1878.2
1264710 1878.2
1264720 1886.2
1264730 1894.1
1264740 1894.1
1264750 1901.9
1264760 1910.1
1264770 1910.1
1264780 1919.8
1264790 1927.8
1264800 1934.9
1264810 1934.9
1264820 1939.8
1264830 1945.0
1264840 1945.0
1264850 1949.7
1264860 1955.2
1264870 1955.2
1264880 1962.6
1264890 1969.3
1264900 1969.3
1264910 1978.4
1264920 1989.1
1264930 1989.1
1264940 1992.6
1264950 1997.2
1264960 1997.2
1264970 2004.0
1264980 2012.3
1264990 2006.1
1265000 2014.2
1265010 2017.9
1265020 2018.6
1265030 2018.6
1265040 2019.3
1265050 2021.0
1265060 2021.0
1265070 2024.8
1265080 2028.8
1265090 2028.8
1265100 2032.8
1265110 2037.9
1265120 2037.9
1265130 2044.3
1265140 2050.9
1265150 2050.9
1265160 2057.6
1265170 2063.9
1265180 2063.9
1265190 2069.0
1265200 2072.9
1265210 2072.9
1265220 2076.5
1265230 2078.5
1265240 2078.5
1265250 2079.0
1265260 2077.2
1265270 2066.6
1265280 2066.6
1265290 2070.2
1265300 2066.6
1265310 2066.6
1265320 2059.3
1265330 2056.5
1265340 2056.5
1265350 2061.3
1265360 2074.3
1265370 2074.3
1265380 2088.4
1265390 2098.6
1265400 2098.6
1265410 2112.4
1265420 2120.9
1265430 2120.9
1265440 2127.9
1265450 2135.0
1265460 2135.0
1265470 2142.3
1265480 2150.0
1265490 2157.4
1265500 2157.4
1265510 2164.8
1265520 2172.7
1265530 2172.7
1265540 2180.2
1265550 2187.7
1265560 2187.7
1265570 2194.5
1265580 2202.3
1265590 2202.3
1265600 2209.5
1265610 2216.7
1265620 2216.7
1265630 2224.3
1265640 2231.3
1265650 2231.3
1265660 2238.5
1265670 2245.7
1265680 2245.7
1265690 2252.7
1265700 2259.8
1265710 2267.0
1265720 2267.0
1265730 2273.8
1265740 2280.0
1265750 2280.0
1265760 2285.9
1265770 2291.8
1265780 2291.8
1265790 2298.6
1265800 2306.1
1265810 2306.1
1265820 2312.2
1265830 2316.1
1265840 2316.1
1265850 2319.5
1265860 2322.7
1265870 2322.7
1265880 2326.1
1265890 2330.1
1265900 2330.1
1265910 2335.3
1265920 2341.9
1265930 2349.0
1265940 2349.0
1265950 2355.2
1265960 2361.2
1265970 2361.2
1265980 2367.6
1265990 2375.3
1266000 2375.3
1266010 2382.6
1266020 2395.0
1266030 2395.0
1266040 2402.3
1266050 2408.5
1266060 2408.5
1266070 2416.5
1266080 2425.3
1266090 2425.3
1266100 2433.4
1266110 2441.0
1266120 2441.0
1266130 2447.6
1266140 2453.6
1266150 2450.0
1266160 2456.9
1266170 2465.1
1266180 2473.6
1266190 2473.6
1266200 2481.7
1266210 2489.9
1266220 2489.9
1266230 2498.1
1266240 2506.6
1266250 2506.6
1266260 2505.7
1266270 2497.2
1266280 2497.2
1266290 2488.9
1266300 2479.4
1266310 2479.4
1266320 2466.9
1266330 2451.9
1266340 2451.9
1266350 2443.3
1266360 2436.2
1266370 2436.2
1266380 2429.8
1266390 2423.3
1266400 2416.7
1266410 2416.7
1266420 2409.2
1266430 2400.5
1266440 2400.5
1266450 2392.0
1266460 2384.2
1266470 2384.2
1266480 2376.3
1266490 2368.9
1266500 2368.9
1266510 2359.6
1266520 2352.2
1266530 2352.2
1266540 2345.7
1266550 2339.2
1266560 2339.2
1266570 2333.2
1266580 2327.4
1266590 2327.4
1266600 2321.4
1266610 2315.1
1266620 2308.6
1266630 2308.6
1266640 2302.3
1266650 2295.8
1266660 2295.8
1266670 2289.5
1266680 2283.2
1266690 2283.2
1266700 2276.9
1266710 2270.8
1266720 2270.8
1266730 2265.6
1266740 2259.9
1266750 2259.9
1266760 2254.3
1266770 2249.0
1266780 2249.0
1266790 2243.7
1266800 2238.5
1266810 2238.5
1266820 2233.4
1266830 2228.3
1266840 2223.4
1266850 2223.4
1266860 2218.6
1266870 2213.9
1266880 2213.9
1266890 2209.4
1266900 2205.0
1266910 2205.0
1266920 2200.8
1266930 2196.6
1266940 2196.6
1266950 2192.8
1266960 2189.2
1266970 2189.2
1266980 2185.8
1266990 2182.6
1267000 2182.6
1267010 2179.4
1267020 2176.1
1267030 2176.1
1267040 2172.6
1267050 2168.7
1267060 2168.7
1267070 2164.8
1267080 2160.3
1267090 2155.3
1267100 2155.3
1267110 2149.9
1267120 2143.8
1267130 2143.8
1267140 2137.8
1267150 2132.9
1267160 2132.9
1267170 2129.8
1267180 2128.0
1267190 2128.0
1267200 2126.5
1267210 2124.7
1267220 2124.7
1267230 2122.8
1267240 2120.9
1267250 2120.9
1267260 2119.1
1267270 2117.2
1267280 2117.2
1267290 2115.4
1267300 2113.8
1267310 2109.4
1267320 2109.4
1267330 2106.6
1267340 2103.4
1267350 2103.4
1267360 2100.3
1267370 2098.1
1267380 2098.1
1267390 2095.9
1267400 2093.5
1267410 2093.5
1267420 2091.0
1267430 2088.6
1267440 2088.6
1267450 2085.9
1267460 2083.7
1267470 2083.7
1267480 2079.8
1267490 2076.2
1267500 2076.2
1267510 2072.9
1267520 2068.9
1267530 2066.8
1267540 2066.8
1267550 2064.9
1267560 2061.4
1267570 2061.4
1267580 2060.1
1267590 2059.5
1267600 2059.5
1267610 2056.9
1267620 2053.6
1267630 2053.6
1267640 2049.8
1267650 2043.2
1267660 2043.2
1267670 2036.2
1267680 2029.1
1267690 2029.1
1267700 2021.9
1267710 2015.2
1267720 2015.2
1267730 2009.8
1267740 2005.7
1267750 2001.0
1267760 2001.0
1267770 1995.3
1267780 1990.0
1267790 1990.0
1267800 1984.7
1267810 1979.4
1267820 1979.4
1267830 1973.9
1267840 1968.5
1267850 1968.5
1267860 1963.2
1267870 1957.9
1267880 1957.9
1267890 1952.7
1267900 1943.7
1267910 1943.7
1267920 1938.9
1267930 1933.9
1267940 1933.9
1267950 1928.6
1267960 1923.5
1267970 1923.5
1267980 1919.9
1267990 1914.4
1268000 1905.6
1268010 1905.6
1268020 1897.3
1268030 1889.8
1268040 1889.8
1268050 1883.8
1268060 1878.7
1268070 1878.7
1268080 1874.0
1268090 1869.9
1268100 1869.9
1268110 1866.2
1268120 1862.7
1268130 1862.7
1268140 1858.7
1268150 1855.1
1268160 1855.1
1268170 1852.2
1268180 1849.9
1268190 1849.9
1268200 1847.4
1268210 1845.2
1268220 1843.4
1268230 1843.4
1268240 1841.0
1268250 1836.1
1268260 1836.1
1268270 1830.8
1268280 1825.9
1268290 1825.9
1268300 1821.1
1268310 1817.6
1268320 1817.6
1268330 1814.2
1268340 1810.8
1268350 1810.8
1268360 1807.5
1268370 1803.6
1268380 1803.6
1268390 1799.6
1268400 1796.1
1268410 1796.1
1268420 1793.9
1268430 1792.5
1268440 1791.4
1268450 1791.4
1268460 1789.8
1268470 1787.2
1268480 1780.9
1268490 1778.7
1268500 1776.0
1268510 1776.0
1268520 1772.9
1268530 1769.4
1268540 1769.4
1268550 1766.1
1268560 1762.5
1268570 1762.5
1268580 1758.6
1268590 1753.9
1268600 1753.9
1268610 1748.9
1268620 1743.7
1268630 1743.7
1268640 1738.2
1268650 1732.4
1268660 1732.4
1268670 1727.2
1268680 1725.1
1268690 1723.8
1268700 1723.8
1268710 1722.5
1268720 1721.2
1268730 1721.2
1268740 1719.9
1268750 1718.9
1268760 1718.9
1268770 1717.9
1268780 1716.8
1268790 1716.8
1268800 1715.8
1268810 1714.6
1268820 1714.6
1268830 1713.3
1268840 1712.0
1268850 1712.0
1268860 1710.4
1268870 1709.5
1268880 1709.5
1268890 1708.3
1268900 1707.4
1268910 1706.4
1268920 1706.4
1268930 1705.3
1268940 1704.8
1268950 1704.8
1268960 1704.7
1268970 1703.5
1268980 1703.5
1268990 1701.4
1269000 1700.4
1269010 1700.4
1269020 1699.5
1269030 1699.0
1269040 1699.0
1269050 1697.7
1269060 1695.8
1269070 1696.6
1269080 1695.0
1269090 1693.6
1269100 1693.6
1269110 1692.4
1269120 1690.8
1269130 1689.4
1269140 1689.4
1269150 1688.0
1269160 1687.2
1269170 1687.2
1269180 1688.1
1269190 1689.4
1269200 1689.4
1269210 1689.8
1269220 1690.2
1269230 1690.2
1269240 1690.0
1269250 1690.3
1269260 1690.3
1269270 1691.1
1269280 1692.8
1269290 1692.8
1269300 1694.8
1269310 1697.9
1269320 1697.9
1269330 1700.9
1269340 1704.4
1269350 1707.9
1269360 1707.9
1269370 1711.0
1269380 1714.1
1269390 1714.1
1269400 1717.5
1269410 1721.2
1269420 1721.2
1269430 1724.6
1269440 1727.7
1269450 1727.7
1269460 1730.7
1269470 1734.2
1269480 1734.2
1269490 1737.3
1269500 1740.0
1269510 1740.0
1269520 1742.5
1269530 1744.7
1269540 1744.7
1269550 1747.2
1269560 1750.6
1269570 1750.6
1269580 1754.3
1269590 1758.0
1269600 1761.2
1269610 1761.2
1269620 1764.7
1269630 1768.4
1269640 1768.4
1269650 1771.6
1269660 1779.2
1269670 1779.2
1269680 1782.0
1269690 1783.7
1269700 1783.7
1269710 1784.5
1269720 1784.3
1269730 1784.3
1269740 1783.7
1269750 1782.4
1269760 1782.4
1269770 1778.9
1269780 1774.5
1269790 1774.5
1269800 1770.1
1269810 1764.9
1269820 1760.3
1269830 1760.3
1269840 1755.5
1269850 1749.3
1269860 1749.3
1269870 1742.8
1269880 1736.3
1269890 1736.3
1269900 1729.9
1269910 1722.9
1269920 1722.9
1269930 1716.0
1269940 1708.7
1269950 1708.7
1269960 1699.5
1269970 1690.3
1269980 1690.3
1269990 1682.2
1270000 1675.6
1270010 1675.6
1270020 1670.7
1270030 1668.4
1270040 1665.3
1270050 1665.3
1270060 1661.6
1270070 1657.8
1270080 1657.8
1270090 1654.0
1270100 1650.7
1270110 1650.7
1270120 1647.1
1270130 1644.0
1270140 1644.0
1270150 1642.6
1270160 1641.8
1270170 1641.8
1270180 1641.1
1270190 1640.4
1270200 1640.4
1270210 1640.1
1270220 1641.9
1270230 1641.9
1270240 1644.3
1270250 1649.4
1270260 1651.6
1270270 1651.6
1270280 1654.0
1270290 1657.5
1270300 1657.5
1270310 1661.0
1270320 1666.0
1270330 1666.0
1270340 1671.9
1270350 1677.5
1270360 1677.5
1270370 1682.5
1270380 1686.9
1270390 1686.9
1270400 1690.8
1270410 1695.4
1270420 1695.4
1270430 1700.3
1270440 1706.3
1270450 1706.3
1270460 1713.6
1270470 1721.1
1270480 1721.1
1270490 1727.3
1270500 1733.7
1270510 1739.6
1270520 1739.6
1270530 1745.0
1270540 1750.6
1270550 1750.6
1270560 1755.8
1270570 1761.2
1270580 1761.2
1270590 1767.7
1270600 1773.5
1270610 1773.5
1270620 1779.2
1270630 1785.1
1270640 1785.1
1270650 1790.8
1270660 1796.3
1270670 1796.3
1270680 1801.9
1270690 1807.4
1270700 1807.4
1270710 1812.8
1270720 1818.5
1270730 1824.3
1270740 1824.3
1270750 1830.1
1270760 1837.0
1270770 1837.0
1270780 1844.7
1270790 1852.6
1270800 1852.6
1270810 1860.5
1270820 1869.5
1270830 1869.5
1270840 1879.2
1270850 1887.0
1270860 1887.0
1270870 1889.3
1270880 1886.7
1270890 1886.7
1270900 1883.2
1270910 1878.7
1270920 1878.7
1270930 1871.3
1270940 1866.1
1270950 1860.7
1270960 1860.7
1270970 1855.8
1270980 1852.3
1270990 1852.3
1271000 1848.3
1271010 1841.3
1271020 1841.3
1271030 1838.0
1271040 1838.6
1271050 1838.6
1271060 1836.9
1271070 1833.7
1271080 1833.7
1271090 1830.0
1271100 1826.4
1271110 1826.4
1271120 1822.3
1271130 1818.4
1271140 1818.4
1271150 1814.8
1271160 1811.3
1271170 1806.8
1271180 1806.8
1271190 1802.6
1271200 1798.2
1271210 1798.2
1271220 1794.3
1271230 1790.5
1271240 1790.5
1271250 1787.2
1271260 1785.9
1271270 1785.9
1271280 1790.7
1271290 1796.4
1271300 1796.4
1271310 1802.9
1271320 1810.1
1271330 1810.1
1271340 1817.1
1271350 1822.2
1271360 1822.2
1271370 1825.5
1271380 1826.0
1271390 1826.0
1271400 1820.7
1271410 1813.9
1271420 1807.0
1271430 1807.0
1271440 1802.9
1271450 1796.7
1271460 1796.7
1271470 1791.0
1271480 1785.1
1271490 1785.1
1271500 1778.6
1271510 1771.6
1271520 1771.6
1271530 1764.4
1271540 1756.9
1271550 1756.9
1271560 1749.5
1271570 1742.1
1271580 1742.1
1271590 1735.0
1271600 1727.8
1271610 1727.8
1271620 1720.8
1271630 1713.9
1271640 1707.3
1271650 1707.3
1271660 1700.6
1271670 1694.0
1271680 1694.0
1271690 1687.5
1271700 1681.2
1271710 1681.2
1271720 1675.0
1271730 1668.8
1271740 1668.8
1271750 1662.7
1271760 1657.1
1271770 1657.1
1271780 1652.3
1271790 1648.3
1271800 1648.3
1271810 1642.7
1271820 1636.6
1271830 1636.6
1271840 1630.5
1271850 1625.0
1271860 1620.7
1271870 1620.7
1271880 1617.4
1271890 1614.3
1271900 1614.3
1271910 1611.1
1271920 1607.9
1271930 1607.9
1271940 1605.1
1271950 1602.5
1271960 1602.5
1271970 1599.1
1271980 1595.3
1271990 1595.3
1272000 1591.9
1272010 1588.6
1272020 1588.6
1272030 1585.1
1272040 1580.5
1272050 1580.5
1272060 1576.9
1272070 1572.6
1272080 1568.2
1272090 1568.2
1272100 1564.3
1272110 1561.2
1272120 1561.2
1272130 1558.2
1272140 1554.6
1272150 1554.6
1272160 1550.3
1272170 1545.6
1272180 1545.6
1272190 1540.6
1272200 1535.9
1272210 1535.9
1272220 1531.1
1272230 1527.0
1272240 1527.0
1272250 1523.8
1272260 1520.6
1272270 1520.6
1272280 1517.7
1272290 1515.2
1272300 1515.2
1272310 1512.9
1272320 1510.7
1272330 1508.6
1272340 1508.6
1272350 1506.9
1272360 1505.7
1272370 1505.7
1272380 1504.7
1272390 1503.6
1272400 1503.6
1272410 1502.6
1272420 1502.5
1272430 1502.5
1272440 1502.0
1272450 1500.7
1272460 1500.7
1272470 1498.9
1272480 1496.6
1272490 1496.6
1272500 1492.6
1272510 1488.1
1272520 1488.1
1272530 1483.8
1272540 1479.6
1272550 1476.2
1272560 1476.2
1272570 1473.0
1272580 1470.2
1272590 1470.2
1272600 1467.4
1272610 1464.1
1272620 1464.1
1272630 1460.6
1272640 1456.7
1272650 1456.7
1272660 1452.7
1272670 1448.5
1272680 1448.5
1272690 1445.1
1272700 1442.5
1272710 1442.5
1272720 1440.2
1272730 1438.0
1272740 1438.0
1272750 1435.8
1272760 1433.6
1272770 1431.8
1272780 1431.8
1272790 1430.1
1272800 1428.3
1272810 1428.3
1272820 1426.5
1272830 1424.7
1272840 1424.7
1272850 1422.9
1272860 1421.5
1272870 1421.5
1272880 1420.2
1272890 1418.4
1272900 1418.4
1272910 1415.7
1272920 1412.3
1272930 1412.3
1272940 1408.7
1272950 1405.9
1272960 1405.9
1272970 1401.9
1272980 1399.4
1272990 1396.4
1273000 1396.4
1273010 1391.2
1273020 1385.3
1273030 1385.3
1273040 1379.3
1273050 1373.3
1273060 1373.3
1273070 1367.3
1273080 1362.1
1273090 1362.1
1273100 1357.0
1273110 1353.4
1273120 1353.4
1273130 1350.3
1273140 1346.8
1273150 1346.8
1273160 1343.0
1273170 1339.2
1273180 1339.2
1273190 1335.0
1273200 1331.9
1273210 1331.9
1273220 1329.1
1273230 1320.5
1273240 1315.9
1273250 1315.9
1273260 1311.0
1273270 1306.3
1273280 1306.3
1273290 1302.6
1273300 1299.1
1273310 1299.1
1273320 1295.9
1273330 1292.0
1273340 1292.0
1273350 1287.8
1273360 1284.0
1273370 1284.0
1273380 1280.9
1273390 1278.8
1273400 1278.8
1273410 1276.7
1273420 1274.9
1273430 1274.9
1273440 1273.2
1273450 1271.6
1273460 1269.0
1273470 1269.0
1273480 1265.9
1273490 1262.7
1273500 1262.7
1273510 1259.7
1273520 1257.0
1273530 1257.0
1273540 1254.2
1273550 1250.3
1273560 1250.3
1273570 1245.3
1273580 1240.7
1273590 1240.7
1273600 1238.2
1273610 1234.7
1273620 1234.7
1273630 1231.5
1273640 1227.9
1273650 1227.9
1273660 1225.4
1273670 1223.2
1273680 1218.9
1273690 1218.9
1273700 1214.0
1273710 1210.5
1273720 1210.5
1273730 1205.6
1273740 1201.5
1273750 1201.5
1273760 1197.3
1273770 1193.5
1273780 1193.5
1273790 1189.1
1273800 1184.1
1273810 1184.1
1273820 1179.1
1273830 1173.9
1273840 1173.5
1273850 1167.7
1273860 1162.7
1273870 1162.7
1273880 1158.5
1273890 1154.1
1273900 1148.9
1273910 1148.9
1273920 1144.0
1273930 1140.5
1273940 1140.5
1273950 1138.2
1273960 1136.0
1273970 1136.0
1273980 1134.2
1273990 1133.0
1274000 1133.0
1274010 1132.9
1274020 1132.2
1274030 1132.2
1274040 1130.3
1274050 1127.8
1274060 1127.8
1274070 1125.1
1274080 1122.4
1274090 1122.4
1274100 1119.7
1274110 1116.9
1274120 1116.9
1274130 1114.0
1274140 1110.9
1274150 1107.4
1274160 1107.4
1274170 1104.0
1274180 1100.9
1274190 1100.9
1274200 1097.8
1274210 1094.4
1274220 1094.4
1274230 1090.3
1274240 1087.5
1274250 1087.5
1274260 1084.9
1274270 1082.5
1274280 1082.5
1274290 1079.1
1274300 1075.3
1274310 1075.3
1274320 1073.8
1274330 1073.3
1274340 1073.3
1274350 1072.5
1274360 1069.6
1274370 1067.1
1274380 1067.1
1274390 1064.3
1274400 1063.2
1274410 1063.2
1274420 1062.3
1274430 1061.4
1274440 1062.1
1274450 1060.8
1274460 1059.5
1274470 1059.5
1274480 1058.2
1274490 1057.0
1274500 1057.0
1274510 1055.6
1274520 1054.0
1274530 1054.0
1274540 1052.5
1274550 1051.3
1274560 1051.3
1274570 1050.1
1274580 1048.7
1274590 1047.3
1274600 1047.3
1274610 1046.3
1274620 1045.0
1274630 1045.0
1274640 1043.9
1274650 1043.3
1274660 1043.3
1274670 1042.4
1274680 1037.9
1274690 1037.9
1274700 1031.1
1274710 1029.1
1274720 1029.1
1274730 1029.7
1274740 1029.6
1274750 1029.6
1274760 1025.8
1274770 1020.0
1274780 1020.0
1274790 1014.5
1274800 1013.3
1274810 1010.9
1274820 1010.9
1274830 1009.7
1274840 1006.7
1274850 1006.7
1274860 1006.2
1274870 1005.8
1274880 1005.8
1274890 1005.4
1274900 1005.4
1274910 1005.4
1274920 1005.3
1274930 1005.1
1274940 1005.1
1274950 1004.9
1274960 1004.6
1274970 1004.6
1274980 1004.1
1274990 1003.7
1275000 1003.7
1275010 1003.5
1275020 1003.5
1275030 1003.5
1275040 1003.4
1275050 1003.5
1275060 1003.7
1275070 1003.7
1275080 1003.7
1275090 1003.8
1275100 1003.8
1275110 1003.8
1275120 1003.7
1275130 1003.7
1275140 1002.0
1275150 1001.6
1275160 1001.6
1275170 1003.1
1275180 1004.9
1275190 1004.9
1275200 1005.0
1275210 1005.0
1275220 1005.0
1275230 1005.1
1275240 1005.3
1275250 1005.3
1275260 1005.6
1275270 1005.9
1275280 1006.1
1275290 1006.1
1275300 1006.3
1275310 1006.5
1275320 1006.5
1275330 1006.7
1275340 1006.7
1275350 1006.7
1275360 1006.7
1275370 1006.8
1275380 1006.8
1275390 1006.8
1275400 1007.1
1275410 1007.1
1275420 1007.8
1275430 1008.2
1275440 1008.2
1275450 1008.7
1275460 1009.1
1275470 1009.1
1275480 1009.5
1275490 1009.7
1275500 1010.3
1275510 1010.3
1275520 1011.2
1275530 1011.0
1275540 1011.0
1275550 1010.9
1275560 1010.9
1275570 1010.9
1275580 1011.0
1275590 1011.1
1275600 1011.1
1275610 1011.1
1275620 1011.1
1275630 1011.1
1275640 1011.0
1275650 1013.1
1275660 1013.1
1275670 1013.5
1275680 1013.8
1275690 1013.8
1275700 1014.3
1275710 1014.6
1275720 1014.7
1275730 1014.7
1275740 1014.4
1275750 1014.6
1275760 1014.6
1275770 1015.0
1275780 1015.7
1275790 1015.7
1275800 1014.7
1275810 1014.4
1275820 1014.4
1275830 1014.5
1275840 1014.7
1275850 1014.7
1275860 1015.0
1275870 1015.1
1275880 1015.1
1275890 1015.4
1275900 1015.8
1275910 1015.8
1275920 1016.2
1275930 1016.4
1275940 1016.4
1275950 1016.4
1275960 1017.3
1275970 1018.3
1275980 1018.3
1275990 1018.9
1276000 1019.5
1276010 1019.5
1276020 1020.0
1276030 1020.8
1276040 1020.8
1276050 1021.9
1276060 1023.1
1276070 1023.1
1276080 1023.5
1276090 1023.8
1276100 1023.8
1276110 1024.4
1276120 1025.0
1276130 1025.0
1276140 1026.3
1276150 1029.3
1276160 1029.3
1276170 1033.8
1276180 1037.7
1276190 1042.4
1276200 1042.4
1276210 1047.9
1276220 1053.0
1276230 1053.0
1276240 1057.1
1276250 1061.1
1276260 1058.5
1276270 1059.8
1276280 1061.4
1276290 1061.4
1276300 1064.2
1276310 1067.1
1276320 1067.1
1276330 1069.6
1276340 1072.4
1276350 1072.4
1276360 1075.9
1276370 1079.4
1276380 1079.4
1276390 1083.7
1276400 1088.4
1276410 1093.0
1276420 1093.0
1276430 1095.6
1276440 1096.0
1276450 1096.0
1276460 1098.7
1276470 1102.3
1276480 1102.3
1276490 1103.9
1276500 1105.0
1276510 1105.0
1276520 1104.1
1276530 1096.3
1276540 1096.3
1276550 1089.4
1276560 1085.8
1276570 1085.8
1276580 1082.5
1276590 1074.8
1276600 1074.8
1276610 1062.0
1276620 1051.5
1276630 1044.8
1276640 1044.8
1276650 1039.9
1276660 1036.2
1276670 1036.2
1276680 1039.6
1276690 1045.0
1276700 1045.0
1276710 1050.3
1276720 1054.9
1276730 1054.9
1276740 1060.7
1276750 1066.7
1276760 1066.7
1276770 1073.2
1276780 1079.6
1276790 1079.6
1276800 1085.8
1276810 1092.8
1276820 1092.8
1276830 1099.7
1276840 1105.0
1276850 1109.0
1276860 1109.0
1276870 1112.8
1276880 1113.8
1276890 1113.8
1276900 1114.6
1276910 1115.2
1276920 1115.2
1276930 1117.4
1276940 1118.9
1276950 1118.9
1276960 1119.6
1276970 1120.6
1276980 1120.6
1276990 1123.8
1277000 1128.8
1277010 1128.8
1277020 1133.0
1277030 1135.0
1277040 1135.0
1277050 1136.2
1277060 1136.5
1277070 1136.5
1277080 1136.9
1277090 1137.7
1277100 1138.9
1277110 1138.9
1277120 1139.5
1277130 1139.6
1277140 1139.6
1277150 1140.9
1277160 1142.3
1277170 1142.3
1277180 1142.6
1277190 1144.1
1277200 1144.1
1277210 1145.5
1277220 1146.2
1277230 1146.2
1277240 1147.4
1277250 1148.8
1277260 1148.8
1277270 1150.3
1277280 1151.6
1277290 1151.6
1277300 1151.8
1277310 1154.1
1277320 1157.5
1277330 1157.5
1277340 1160.6
1277350 1162.1
1277360 1162.1
1277370 1163.3
1277380 1164.5
1277390 1164.5
1277400 1166.6
1277410 1168.2
1277420 1168.2
1277430 1168.9
1277440 1170.6
1277450 1170.6
1277460 1175.5
1277470 1178.9
1277480 1183.3
1277490 1186.6
1277500 1188.7
1277510 1188.7
1277520 1190.2
1277530 1190.7
1277540 1189.8
1277550 1189.8
1277560 1189.9
1277570 1191.4
1277580 1191.4
1277590 1194.2
1277600 1196.5
1277610 1196.5
1277620 1198.3
1277630 1200.8
1277640 1200.8
1277650 1203.7
1277660 1206.8
1277670 1206.8
1277680 1210.1
1277690 1212.6
1277700 1212.6
1277710 1214.0
1277720 1215.1
1277730 1215.1
1277740 1216.6
1277750 1218.1
1277760 1220.2
1277770 1220.2
1277780 1222.2
1277790 1223.6
1277800 1223.6
1277810 1223.1
1277820 1221.6
1277830 1221.6
1277840 1219.6
1277850 1216.7
1277860 1216.7
1277870 1212.1
1277880 1209.5
1277890 1209.5
1277900 1208.5
1277910 1205.5
1277920 1205.5
1277930 1202.5
1277940 1200.3
1277950 1200.3
1277960 1197.3
1277970 1195.7
1277980 1195.7
1277990 1198.5
1278000 1200.0
1278010 1199.0
1278020 1199.0
1278030 1196.8
1278040 1193.8
1278050 1193.8
1278060 1190.9
1278070 1189.7
1278080 1189.7
1278090 1193.9
1278100 1191.4
1278110 1191.4
1278120 1189.0
1278130 1187.3
1278140 1187.3
1278150 1185.5
1278160 1182.7
1278170 1182.7
1278180 1178.1
1278190 1174.8
1278200 1174.8
1278210 1173.2
1278220 1173.7
1278230 1174.7
1278240 1174.7
1278250 1176.0
1278260 1177.4
1278270 1177.4
1278280 1178.8
1278290 1180.3
1278300 1180.3
1278310 1181.9
1278320 1183.4
1278330 1183.4
1278340 1184.9
1278350 1186.7
1278360 1186.7
1278370 1188.5
1278380 1191.2
1278390 1191.2
1278400 1193.9
1278410 1195.1
1278420 1195.1
1278430 1196.1
1278440 1195.5
1278450 1194.7
1278460 1194.7
1278470 1194.7
1278480 1194.8
1278490 1194.8
1278500 1194.1
1278510 1193.2
1278520 1193.2
1278530 1192.2
1278540 1190.3
1278550 1190.3
1278560 1189.5
1278570 1189.9
1278580 1189.9
1278590 1190.1
1278600 1190.5
1278610 1190.5
1278620 1191.2
1278630 1191.4
1278640 1191.4
1278650 1193.6
1278660 1196.6
1278670 1199.4
1278680 1199.4
1278690 1202.1
1278700 1204.8
1278710 1207.4
1278720 1209.1
1278730 1210.7
1278740 1210.7
1278750 1212.1
1278760 1213.1
1278770 1213.1
1278780 1214.5
1278790 1214.6
1278800 1214.6
1278810 1213.1
1278820 1212.5
1278830 1212.5
1278840 1211.8
1278850 1211.8
1278860 1211.8
1278870 1211.7
1278880 1210.7
1278890 1210.7
1278900 1210.5
1278910 1211.0
1278920 1211.2
1278930 1211.2
1278940 1212.0
1278950 1212.4
1278960 1212.4
1278970 1212.9
1278980 1213.5
1278990 1213.5
1279000 1215.0
1279010 1217.2
1279020 1217.2
1279030 1218.9
1279040 1220.2
1279050 1220.2
1279060 1222.8
1279070 1225.4
1279080 1225.4
1279090 1228.0
1279100 1230.9
1279110 1230.9
1279120 1234.4
1279130 1237.9
1279140 1241.7
1279150 1241.7
1279160 1246.1
1279170 1250.4
1279180 1250.4
1279190 1251.6
1279200 1251.7
1279210 1251.7
1279220 1253.4
1279230 1257.7
1279240 1257.7
1279250 1263.7
1279260 1269.4
1279270 1269.4
1279280 1273.9
1279290 1275.7
1279300 1275.7
1279310 1275.8
1279320 1276.0
1279330 1279.4
1279340 1279.8
1279350 1280.5
1279360 1280.6
1279370 1280.6
1279380 1280.0
1279390 1280.4
1279400 1280.4
1279410 1282.3
1279420 1284.6
1279430 1284.6
1279440 1286.8
1279450 1288.6
1279460 1288.6
1279470 1290.4
1279480 1292.0
1279490 1292.0
1279500 1293.3
1279510 1294.1
1279520 1294.1
1279530 1295.0
1279540 1295.4
1279550 1295.4
1279560 1295.2
1279570 1294.8
1279580 1294.5
1279590 1294.5
1279600 1294.4
1279610 1293.0
1279620 1293.0
1279630 1290.5
1279640 1287.9
1279650 1287.9
1279660 1283.4
1279670 1278.0
1279680 1278.0
1279690 1273.0
1279700 1268.8
1279710 1268.8
1279720 1265.5
1279730 1264.1
1279740 1264.1
1279750 1259.9
1279760 1255.8
1279770 1255.8
1279780 1255.1
1279790 1255.1
1279800 1255.1
1279810 1257.4
1279820 1260.3
1279830 1262.2
1279840 1262.2
1279850 1264.3
1279860 1267.8
1279870 1267.8
1279880 1271.1
1279890 1272.4
1279900 1272.4
1279910 1272.8
1279920 1274.9
1279930 1274.9
1279940 1280.7
1279950 1288.1
1279960 1288.1
1279970 1294.4
1279980 1301.4
1279990 1301.4
