1260000 1362.8
1260010 1360.6
1260020 1360.6
1260030 1358.0
1260040 1354.9
1260050 1354.9
1260060 1351.9
1260070 1348.3
1260080 1348.3
1260090 1344.3
1260100 1339.2
1260110 1339.2
1260120 1333.0
1260130 1326.5
1260140 1320.4
1260150 1320.4
1260160 1314.9
1260170 1309.9
1260180 1309.9
1260190 1304.6
1260200 1299.4
1260210 1299.4
1260220 1294.5
1260230 1289.7
1260240 1289.7
1260250 1285.7
1260260 1282.4
1260270 1282.4
1260280 1278.7
1260290 1274.8
1260300 1274.8
1260310 1268.8
1260320 1262.1
1260330 1262.1
1260340 1255.1
1260350 1249.0
1260360 1242.8
1260370 1242.8
1260380 1234.6
1260390 1226.1
1260400 1226.1
1260410 1218.7
1260420 1212.6
1260430 1212.6
1260440 1206.1
1260450 1199.0
1260460 1199.0
1260470 1192.3
1260480 1185.9
1260490 1185.9
1260500 1181.1
1260510 1178.9
1260520 1178.9
1260530 1172.2
1260540 1165.3
1260550 1165.3
1260560 1160.6
1260570 1155.8
1260580 1155.8
1260590 1150.7
1260600 1145.4
1260610 1141.5
1260620 1141.5
1260630 1139.2
1260640 1139.6
1260650 1139.6
1260660 1144.0
1260670 1150.3
1260680 1150.3
1260690 1154.4
1260700 1157.6
1260710 1157.6
1260720 1159.7
1260730 1164.1
1260740 1164.1
1260750 1166.7
1260760 1164.8
1260770 1164.8
1260780 1160.9
1260790 1155.8
1260800 1155.8
1260810 1150.0
1260820 1144.7
1260830 1138.0
1260840 1138.0
1260850 1131.3
1260860 1124.5
1260870 1124.5
1260880 1118.0
1260890 1111.7
1260900 1111.7
1260910 1105.1
1260920 1098.3
1260930 1098.3
1260940 1091.8
1260950 1085.1
1260960 1085.1
1260970 1078.8
1260980 1073.0
1260990 1073.0
1261000 1067.3
1261010 1061.9
1261020 1061.9
1261030 1056.5
1261040 1050.9
1261050 1046.2
1261060 1046.2
1261070 1040.3
1261080 1037.4
1261090 1037.4
1261100 1034.7
1261110 1032.0
1261120 1032.0
1261130 1029.3
1261140 1026.6
1261150 1026.6
1261160 1023.9
1261170 1021.3
1261180 1021.3
1261190 1018.8
1261200 1016.3
1261210 1016.3
1261220 1014.0
1261230 1012.0
1261240 1012.0
1261250 1010.1
1261260 1008.8
1261270 1008.8
1261280 1007.7
1261290 1006.0
1261300 1004.2
1261310 1004.2
1261320 1002.7
1261330 1001.7
1261340 1001.7
1261350 1000.8
1261360 999.9
1261370 999.9
1261380 999.2
1261390 998.4
1261400 998.4
1261410 997.9
1261420 998.1
1261430 998.1
1261440 998.1
1261450 996.9
1261460 996.9
1261470 995.5
1261480 994.0
1261490 994.0
1261500 992.4
1261510 990.9
1261520 988.9
1261530 988.9
1261540 986.1
1261550 985.4
1261560 985.4
1261570 984.5
1261580 982.1
1261590 982.1
1261600 979.8
1261610 977.8
1261620 977.8
1261630 976.0
1261640 973.8
1261650 973.8
1261660 972.3
1261670 970.8
1261680 970.8
1261690 969.4
1261700 968.4
1261710 968.4
1261720 968.1
1261730 967.2
1261740 967.2
1261750 966.6
1261760 965.8
1261770 965.0
1261780 965.0
1261790 964.1
1261800 963.5
1261810 963.5
1261820 962.8
1261830 962.2
1261840 962.2
1261850 961.6
1261860 960.7
1261870 960.7
1261880 960.0
1261890 959.8
1261900 959.8
1261910 959.5
1261920 958.5
1261930 958.5
1261940 957.3
1261950 956.1
1261960 956.1
1261970 955.2
1261980 954.4
1261990 953.8
1262000 953.8
1262010 953.2
1262020 952.6
1262030 952.6
1262040 951.3
1262050 950.0
1262060 950.0
1262070 949.8
1262080 950.0
1262090 950.0
1262100 949.8
1262110 947.6
1262120 947.6
1262130 946.1
1262140 946.7
1262150 946.7
1262160 950.4
1262170 951.6
1262180 951.6
1262190 951.8
1262200 951.7
1262210 951.6
1262220 951.6
1262230 951.3
1262240 950.9
1262250 950.9
1262260 954.0
1262270 960.5
1262280 960.5
1262290 963.5
1262300 963.9
1262310 963.9
1262320 964.4
1262330 964.8
1262340 964.8
1262350 965.2
1262360 966.5
1262370 966.5
1262380 969.5
1262390 970.2
1262400 970.2
1262410 969.3
1262420 967.3
1262430 967.3
1262440 966.8
1262450 966.9
1262460 967.3
1262470 967.3
1262480 967.3
1262490 967.2
1262500 967.2
1262510 967.1
1262520 966.9
1262530 966.9
1262540 966.8
1262550 966.8
1262560 966.8
1262570 967.0
1262580 967.2
1262590 967.2
1262600 967.4
1262610 967.7
1262620 967.7
1262630 968.4
1262640 970.5
1262650 970.5
1262660 973.3
1262670 976.5
1262680 979.7
1262690 979.7
1262700 982.6
1262710 985.1
1262720 985.1
1262730 988.3
1262740 990.6
1262750 990.6
1262760 993.5
1262770 996.8
1262780 997.1
1262790 1000.2
1262800 1004.0
1262810 1004.0
1262820 1008.9
1262830 1014.9
1262840 1014.9
1262850 1020.7
1262860 1025.5
1262870 1025.5
1262880 1030.6
1262890 1036.6
1262900 1043.0
1262910 1043.0
1262920 1048.9
1262930 1055.0
1262940 1055.0
1262950 1060.7
1262960 1066.1
1262970 1066.1
1262980 1071.5
1262990 1076.5
1263000 1076.5
1263010 1081.3
1263020 1086.2
1263030 1086.2
1263040 1091.2
1263050 1096.2
1263060 1096.2
1263070 1102.1
1263080 1107.2
1263090 1107.2
1263100 1111.4
1263110 1117.2
1263120 1117.2
1263130 1123.7
1263140 1130.6
1263150 1137.9
1263160 1137.9
1263170 1145.0
1263180 1152.2
1263190 1152.2
1263200 1158.6
1263210 1163.3
1263220 1163.3
1263230 1167.5
1263240 1172.7
1263250 1172.7
1263260 1178.7
1263270 1184.8
1263280 1184.8
1263290 1191.0
1263300 1196.9
1263310 1196.9
1263320 1202.4
1263330 1208.1
1263340 1208.1
1263350 1213.6
1263360 1221.4
1263370 1226.5
1263380 1226.5
1263390 1232.3
1263400 1238.8
1263410 1238.8
1263420 1245.8
1263430 1253.3
1263440 1253.3
1263450 1260.7
1263460 1267.5
1263470 1267.5
1263480 1274.1
1263490 1281.0
1263500 1281.0
1263510 1287.7
1263520 1294.5
1263530 1294.5
1263540 1301.3
1263550 1308.0
1263560 1308.0
1263570 1314.1
1263580 1318.8
1263590 1320.9
1263600 1320.9
1263610 1322.5
1263620 1323.4
1263630 1323.4
1263640 1324.2
1263650 1324.3
1263660 1324.3
1263670 1324.7
1263680 1326.3
1263690 1326.3
1263700 1329.8
1263710 1334.5
1263720 1334.5
1263730 1339.1
1263740 1342.2
1263750 1342.2
1263760 1344.1
1263770 1345.6
1263780 1345.6
1263790 1348.3
1263800 1351.9
1263810 1351.9
1263820 1354.9
1263830 1357.8
1263840 1360.4
1263850 1360.4
1263860 1362.7
1263870 1365.0
1263880 1365.0
1263890 1368.0
1263900 1370.9
1263910 1370.9
1263920 1373.7
1263930 1381.4
1263940 1381.4
1263950 1384.2
1263960 1387.0
1263970 1387.0
1263980 1390.3
1263990 1394.0
1264000 1394.0
1264010 1396.9
1264020 1399.3
1264030 1399.3
1264040 1402.9
1264050 1406.3
1264060 1408.6
1264070 1408.6
1264080 1412.0
1264090 1419.1
1264100 1419.1
1264110 1429.1
1264120 1428.3
1264130 1428.3
1264140 1430.1
1264150 1432.2
1264160 1432.2
1264170 1429.1
1264180 1421.5
1264190 1421.5
1264200 1422.0
1264210 1429.2
1264220 1429.2
1264230 1424.2
1264240 1423.8
1264250 1423.8
1264260 1421.0
1264270 1421.0
1264280 1421.0
1264290 1428.5
1264300 1432.1
1264310 1430.4
1264320 1430.4
1264330 1427.6
1264340 1422.9
1264350 1422.9
1264360 1415.0
1264370 1409.1
1264380 1409.1
1264390 1402.1
1264400 1400.3
1264410 1400.3
1264420 1402.2
1264430 1406.6
1264440 1406.6
1264450 1414.2
1264460 1421.8
1264470 1421.8
1264480 1430.3
1264490 1438.8
1264500 1438.8
1264510 1448.7
1264520 1457.1
1264530 1465.8
1264540 1465.8
1264550 1474.3
1264560 1482.1
1264570 1482.1
1264580 1490.1
1264590 1499.2
1264600 1499.2
1264610 1518.4
1264620 1538.6
1264630 1538.6
1264640 1540.5
1264650 1548.7
1264660 1548.7
1264670 1569.3
1264680 1585.1
1264690 1585.1
1264700 1595.2
1264710 1609.8
1264720 1609.8
1264730 1624.5
1264740 1637.3
1264750 1657.6
1264760 1657.6
1264770 1676.5
1264780 1692.1
1264790 1692.1
1264800 1703.5
1264810 1709.0
1264820 1709.0
1264830 1711.5
1264840 1711.1
1264850 1711.1
1264860 1694.5
1264870 1696.6
1264880 1696.6
1264890 1704.6
1264900 1704.8
1264910 1704.8
1264920 1709.3
1264930 1715.0
1264940 1715.0
1264950 1719.9
1264960 1723.9
1264970 1723.9
1264980 1729.9
1264990 1736.5
1265000 1742.6
1265010 1742.6
1265020 1750.9
1265030 1759.4
1265040 1759.4
1265050 1767.4
1265060 1775.2
1265070 1775.2
1265080 1782.9
1265090 1791.6
1265100 1791.6
1265110 1799.1
1265120 1805.0
1265130 1805.0
1265140 1811.4
1265150 1818.8
1265160 1818.8
1265170 1825.4
1265180 1829.6
1265190 1829.6
1265200 1833.0
1265210 1837.1
1265220 1841.8
1265230 1841.8
1265240 1849.1
1265250 1857.2
1265260 1857.2
1265270 1863.8
1265280 1869.5
1265290 1869.5
1265300 1875.0
1265310 1880.5
1265320 1880.5
1265330 1886.2
1265340 1892.1
1265350 1892.1
1265360 1898.7
1265370 1906.8
1265380 1906.8
1265390 1915.4
1265400 1923.9
1265410 1923.9
1265420 1931.7
1265430 1939.0
1265440 1946.4
1265450 1946.4
1265460 1954.5
1265470 1963.2
1265480 1963.2
1265490 1971.1
1265500 1978.3
1265510 1978.3
1265520 1985.5
1265530 1992.8
1265540 1992.8
1265550 2000.9
1265560 2011.4
1265570 2011.4
1265580 2022.7
1265590 2034.9
1265600 2034.9
1265610 2043.5
1265620 2050.8
1265630 2050.8
1265640 2060.0
1265650 2069.5
1265660 2065.6
1265670 2074.3
1265680 2082.3
1265690 2106.0
1265700 2106.0
1265710 2139.9
1265720 2150.5
1265730 2150.5
1265740 2164.2
1265750 2172.7
1265760 2172.7
1265770 2180.1
1265780 2186.1
1265790 2186.1
1265800 2190.0
1265810 2194.1
1265820 2194.1
1265830 2198.7
1265840 2203.0
1265850 2203.0
1265860 2208.0
1265870 2213.9
1265880 2213.9
1265890 2219.2
1265900 2223.1
1265910 2226.4
1265920 2226.4
1265930 2230.8
1265940 2235.4
1265950 2235.4
1265960 2240.5
1265970 2245.0
1265980 2245.0
1265990 2250.1
1266000 2256.3
1266010 2256.3
1266020 2263.0
1266030 2269.9
1266040 2269.9
1266050 2282.5
1266060 2294.4
1266070 2294.4
1266080 2304.5
1266090 2311.1
1266100 2311.1
1266110 2310.4
1266120 2315.3
1266130 2313.5
1266140 2313.5
1266150 2309.8
1266160 2300.4
1266170 2300.4
1266180 2289.8
1266190 2283.6
1266200 2283.6
1266210 2277.0
1266220 2271.6
1266230 2271.6
1266240 2279.7
1266250 2272.4
1266260 2272.4
1266270 2266.1
1266280 2270.8
1266290 2270.8
1266300 2281.4
1266310 2291.6
1266320 2291.6
1266330 2305.5
1266340 2314.7
1266350 2314.7
1266360 2322.3
1266370 2325.5
1266380 2327.2
1266390 2327.2
1266400 2336.3
1266410 2343.0
1266420 2343.0
1266430 2346.7
1266440 2349.9
1266450 2349.9
1266460 2358.9
1266470 2368.5
1266480 2368.5
1266490 2370.4
1266500 2367.5
1266510 2367.5
1266520 2376.1
1266530 2389.2
1266540 2389.2
1266550 2392.9
1266560 2382.6
1266570 2382.6
1266580 2362.4
1266590 2337.5
1266600 2333.9
1266610 2333.9
1266620 2337.0
1266630 2340.7
1266640 2340.7
1266650 2337.7
1266660 2334.5
1266670 2334.5
1266680 2330.9
1266690 2301.2
1266700 2301.2
1266710 2265.3
1266720 2248.4
1266730 2248.4
1266740 2236.4
1266750 2224.2
1266760 2224.2
1266770 2213.0
1266780 2185.9
1266790 2185.9
1266800 2153.3
1266810 2144.9
1266820 2144.9
1266830 2110.1
1266840 2082.4
1266850 2070.5
1266860 2070.5
1266870 2062.4
1266880 2055.0
1266890 2055.0
1266900 2048.8
1266910 2041.1
1266920 2041.1
1266930 2036.0
1266940 2032.0
1266950 2032.0
1266960 2024.6
1266970 2016.9
1266980 2016.9
1266990 2009.5
1267000 2005.1
1267010 2005.1
1267020 1999.9
1267030 1993.5
1267040 1993.5
1267050 1987.3
1267060 1978.8
1267070 1973.2
1267080 1973.2
1267090 1971.2
1267100 1969.8
1267110 1969.8
1267120 1966.0
1267130 1962.4
1267140 1962.4
1267150 1953.5
1267160 1948.1
1267170 1948.1
1267180 1935.4
1267190 1912.0
1267200 1912.0
1267210 1898.3
1267220 1891.8
1267230 1891.8
1267240 1888.1
1267250 1885.1
1267260 1885.1
1267270 1881.3
1267280 1876.5
1267290 1873.4
1267300 1873.4
1267310 1869.4
1267320 1869.7
1267330 1869.7
1267340 1868.0
1267350 1865.0
1267360 1865.0
1267370 1863.0
1267380 1861.5
1267390 1861.5
1267400 1859.2
1267410 1860.2
1267420 1860.2
1267430 1857.9
1267440 1855.4
1267450 1855.4
1267460 1853.1
1267470 1850.9
1267480 1850.9
1267490 1848.6
1267500 1845.5
1267510 1845.5
1267520 1841.6
1267530 1837.9
1267540 1833.4
1267550 1833.4
1267560 1828.5
1267570 1824.3
1267580 1824.3
1267590 1820.7
1267600 1817.4
1267610 1817.4
1267620 1814.7
1267630 1812.9
1267640 1812.9
1267650 1810.6
1267660 1807.3
1267670 1807.3
1267680 1804.1
1267690 1801.6
1267700 1801.6
1267710 1799.8
1267720 1798.6
1267730 1798.6
1267740 1798.4
1267750 1797.5
1267760 1795.8
1267770 1795.8
1267780 1793.4
1267790 1791.1
1267800 1791.1
1267810 1788.8
1267820 1786.8
1267830 1786.8
1267840 1785.0
1267850 1782.1
1267860 1782.1
1267870 1780.9
1267880 1780.0
1267890 1780.0
1267900 1781.3
1267910 1784.0
1267920 1784.0
1267930 1786.7
1267940 1788.8
1267950 1788.8
1267960 1791.7
1267970 1792.1
1267980 1792.0
1267990 1792.0
1268000 1798.3
1268010 1803.3
1268020 1803.3
1268030 1805.3
1268040 1806.5
1268050 1806.5
1268060 1805.0
1268070 1804.5
1268080 1804.5
1268090 1804.5
1268100 1805.2
1268110 1805.2
1268120 1808.2
1268130 1810.1
1268140 1810.1
1268150 1812.5
1268160 1815.4
1268170 1815.4
1268180 1818.3
1268190 1821.1
1268200 1821.1
1268210 1822.9
1268220 1825.7
1268230 1829.4
1268240 1829.4
1268250 1833.4
1268260 1836.3
1268270 1836.3
1268280 1837.9
1268290 1840.0
1268300 1840.0
1268310 1841.6
1268320 1841.4
1268330 1841.4
1268340 1841.1
1268350 1842.0
1268360 1842.0
1268370 1842.9
1268380 1842.1
1268390 1842.1
1268400 1842.7
1268410 1845.0
1268420 1845.0
1268430 1847.0
1268440 1849.6
1268450 1852.0
1268460 1852.0
1268470 1854.0
1268480 1855.9
1268490 1855.9
1268500 1857.9
1268510 1860.1
1268520 1860.1
1268530 1863.3
1268540 1866.5
1268550 1866.5
1268560 1867.9
1268570 1868.8
1268580 1875.0
1268590 1875.9
1268600 1876.7
1268610 1876.7
1268620 1876.9
1268630 1879.6
1268640 1879.6
1268650 1885.4
1268660 1890.7
1268670 1890.7
1268680 1890.7
1268690 1886.2
1268700 1881.2
1268710 1881.2
1268720 1876.7
1268730 1871.9
1268740 1871.9
1268750 1867.0
1268760 1862.4
1268770 1862.4
1268780 1858.8
1268790 1852.5
1268800 1852.5
1268810 1845.2
1268820 1838.5
1268830 1838.5
1268840 1832.3
1268850 1827.2
1268860 1827.2
1268870 1822.8
1268880 1820.2
1268890 1820.2
1268900 1818.0
1268910 1815.0
1268920 1811.3
1268930 1811.3
1268940 1806.8
1268950 1801.8
1268960 1801.8
1268970 1796.8
1268980 1792.2
1268990 1792.2
1269000 1787.5
1269010 1782.4
1269020 1782.4
1269030 1778.5
1269040 1774.3
1269050 1774.3
1269060 1771.1
1269070 1768.5
1269080 1768.5
1269090 1766.0
1269100 1763.2
1269110 1763.2
1269120 1760.5
1269130 1757.6
1269140 1754.2
1269150 1754.2
1269160 1750.9
1269170 1748.3
1269180 1748.3
1269190 1743.3
1269200 1738.6
1269210 1738.6
1269220 1732.7
1269230 1726.8
1269240 1726.8
1269250 1721.5
1269260 1716.3
1269270 1716.3
1269280 1711.4
1269290 1706.8
1269300 1706.8
1269310 1702.3
1269320 1698.7
1269330 1698.7
1269340 1694.8
1269350 1690.5
1269360 1687.2
1269370 1687.2
1269380 1683.5
1269390 1679.8
1269400 1679.8
1269410 1675.7
1269420 1672.2
1269430 1672.2
1269440 1667.2
1269450 1661.5
1269460 1661.5
1269470 1656.2
1269480 1652.4
1269490 1652.4
1269500 1650.1
1269510 1649.0
1269520 1649.0
1269530 1649.3
1269540 1649.6
1269550 1649.6
1269560 1650.1
1269570 1651.6
1269580 1651.6
1269590 1653.2
1269600 1654.4
1269610 1655.6
1269620 1655.6
1269630 1657.6
1269640 1659.8
1269650 1659.8
1269660 1661.9
1269670 1663.4
1269680 1663.4
1269690 1664.4
1269700 1665.7
1269710 1665.7
1269720 1667.6
1269730 1668.7
1269740 1668.7
1269750 1671.0
1269760 1669.2
1269770 1669.2
1269780 1670.6
1269790 1671.0
1269800 1671.0
1269810 1672.9
1269820 1675.1
1269830 1677.1
1269840 1677.1
1269850 1679.8
1269860 1682.3
1269870 1682.3
1269880 1684.6
1269890 1686.3
1269900 1686.3
1269910 1687.5
1269920 1687.5
1269930 1687.5
1269940 1687.3
1269950 1686.5
1269960 1686.5
1269970 1685.2
1269980 1683.7
1269990 1683.7
1270000 1682.3
1270010 1680.1
1270020 1680.1
1270030 1676.6
1270040 1673.2
1270050 1673.2
1270060 1671.8
1270070 1669.6
1270080 1667.3
1270090 1667.3
1270100 1665.3
1270110 1663.0
1270120 1663.0
1270130 1660.0
1270140 1657.1
1270150 1657.1
1270160 1654.6
1270170 1652.8
1270180 1652.8
1270190 1651.2
1270200 1649.4
1270210 1649.4
1270220 1647.3
1270230 1645.2
1270240 1645.2
1270250 1642.8
1270260 1640.6
1270270 1640.6
1270280 1637.9
1270290 1634.2
1270300 1630.9
1270310 1630.9
1270320 1627.2
1270330 1622.3
1270340 1622.3
1270350 1613.4
1270360 1609.2
1270370 1609.2
1270380 1605.0
1270390 1599.7
1270400 1599.7
1270410 1594.9
1270420 1592.7
1270430 1592.7
1270440 1589.9
1270450 1585.7
1270460 1585.7
1270470 1581.5
1270480 1576.9
1270490 1576.9
1270500 1573.5
1270510 1571.5
1270520 1570.2
1270530 1570.2
1270540 1569.0
1270550 1567.7
1270560 1567.7
1270570 1566.6
1270580 1565.5
1270590 1565.5
1270600 1564.5
1270610 1563.1
1270620 1563.1
1270630 1561.8
1270640 1560.8
1270650 1560.8
1270660 1558.5
1270670 1553.7
1270680 1553.7
1270690 1550.4
1270700 1547.5
1270710 1547.5
1270720 1544.9
1270730 1541.0
1270740 1541.0
1270750 1537.7
1270760 1535.7
1270770 1533.5
1270780 1533.5
1270790 1532.6
1270800 1533.5
1270810 1533.5
1270820 1534.8
1270830 1535.0
1270840 1535.0
1270850 1534.5
1270860 1534.5
1270870 1534.5
1270880 1537.1
1270890 1539.9
1270900 1539.9
1270910 1542.6
1270920 1542.3
1270930 1542.3
1270940 1540.8
1270950 1537.7
1270960 1537.7
1270970 1536.7
1270980 1535.5
1270990 1534.6
1271000 1534.6
1271010 1531.7
1271020 1525.6
1271030 1525.6
1271040 1521.2
1271050 1517.8
1271060 1517.8
1271070 1515.3
1271080 1515.0
1271090 1515.0
1271100 1517.3
1271110 1520.3
1271120 1520.3
1271130 1521.0
1271140 1519.1
1271150 1519.1
1271160 1516.0
1271170 1513.1
1271180 1513.1
1271190 1510.8
1271200 1508.7
1271210 1505.6
1271220 1505.6
1271230 1500.7
1271240 1495.1
1271250 1495.1
1271260 1489.8
1271270 1484.9
1271280 1484.9
1271290 1481.2
1271300 1477.8
1271310 1477.8
1271320 1474.8
1271330 1472.0
1271340 1472.0
1271350 1468.7
1271360 1465.3
1271370 1465.3
1271380 1461.6
1271390 1458.1
1271400 1458.1
1271410 1455.0
1271420 1451.9
1271430 1451.9
1271440 1449.1
1271450 1445.2
1271460 1439.3
1271470 1439.3
1271480 1432.9
1271490 1426.2
1271500 1426.2
1271510 1419.7
1271520 1413.5
1271530 1413.5
1271540 1412.0
1271550 1406.0
1271560 1406.0
1271570 1400.8
1271580 1396.7
1271590 1396.7
1271600 1394.4
1271610 1393.6
1271620 1393.6
1271630 1393.5
1271640 1394.1
1271650 1394.1
1271660 1395.5
1271670 1397.5
1271680 1400.2
1271690 1400.2
1271700 1403.1
1271710 1405.7
1271720 1405.7
1271730 1408.3
1271740 1411.4
1271750 1411.4
1271760 1414.4
1271770 1416.1
1271780 1416.1
1271790 1416.4
1271800 1414.1
1271810 1414.1
1271820 1410.7
1271830 1406.8
1271840 1406.8
1271850 1403.8
1271860 1401.5
1271870 1401.5
1271880 1398.3
1271890 1394.1
1271900 1389.6
1271910 1389.6
1271920 1384.6
1271930 1378.3
1271940 1378.3
1271950 1374.0
1271960 1371.9
1271970 1371.9
1271980 1373.1
1271990 1375.0
1272000 1375.0
1272010 1373.2
1272020 1371.3
1272030 1371.3
1272040 1369.7
1272050 1367.0
1272060 1367.0
1272070 1364.4
1272080 1362.2
1272090 1362.2
1272100 1359.6
1272110 1355.4
1272120 1355.4
1272130 1350.7
1272140 1343.7
1272150 1339.4
1272160 1339.4
1272170 1335.6
1272180 1332.2
1272190 1332.2
1272200 1328.1
1272210 1324.9
1272220 1324.9
1272230 1321.3
1272240 1318.0
1272250 1318.0
1272260 1315.6
1272270 1313.1
1272280 1313.1
1272290 1310.6
1272300 1308.3
1272310 1308.3
1272320 1307.0
1272330 1305.3
1272340 1305.3
1272350 1301.5
1272360 1295.7
1272370 1287.6
1272380 1287.6
1272390 1281.8
1272400 1276.7
1272410 1276.7
1272420 1274.6
1272430 1272.4
1272440 1272.4
1272450 1270.2
1272460 1268.9
1272470 1268.9
1272480 1268.1
1272490 1268.3
1272500 1268.3
1272510 1268.2
1272520 1265.6
1272530 1265.6
1272540 1265.4
1272550 1267.7
1272560 1267.7
1272570 1264.0
1272580 1260.1
1272590 1256.0
1272600 1256.0
1272610 1252.3
1272620 1250.5
1272630 1250.5
1272640 1248.9
1272650 1246.5
1272660 1246.5
1272670 1244.3
1272680 1241.1
1272690 1241.1
1272700 1238.0
1272710 1235.7
1272720 1235.7
1272730 1233.4
1272740 1229.7
1272750 1229.7
1272760 1227.0
1272770 1226.2
1272780 1226.2
1272790 1226.8
1272800 1229.8
1272810 1229.8
1272820 1231.3
1272830 1230.2
1272840 1229.5
1272850 1229.5
1272860 1230.3
1272870 1231.9
1272880 1231.9
1272890 1235.2
1272900 1238.0
1272910 1238.0
1272920 1241.8
1272930 1245.3
1272940 1245.3
1272950 1248.3
1272960 1251.3
1272970 1251.3
1272980 1254.7
1272990 1257.7
1273000 1257.7
1273010 1259.7
1273020 1263.0
1273030 1263.0
1273040 1267.3
1273050 1270.8
1273060 1275.6
1273070 1275.6
1273080 1281.1
1273090 1286.2
1273100 1286.2
1273110 1290.9
1273120 1295.3
1273130 1295.3
1273140 1298.3
1273150 1301.2
1273160 1301.2
1273170 1304.3
1273180 1308.6
1273190 1308.6
1273200 1313.4
1273210 1318.3
1273220 1318.3
1273230 1323.2
1273240 1328.0
1273250 1328.0
1273260 1332.9
1273270 1337.3
1273280 1337.3
1273290 1340.7
1273300 1343.3
1273310 1345.5
1273320 1345.5
1273330 1347.7
1273340 1351.4
1273350 1351.4
1273360 1353.8
1273370 1355.6
1273380 1355.6
1273390 1356.7
1273400 1357.6
1273410 1357.6
1273420 1357.5
1273430 1356.8
1273440 1356.8
1273450 1355.5
1273460 1353.3
1273470 1353.3
1273480 1351.3
1273490 1349.9
1273500 1349.9
1273510 1348.6
1273520 1347.4
1273530 1346.0
1273540 1346.0
1273550 1344.3
1273560 1342.1
1273570 1342.1
1273580 1338.1
1273590 1333.5
1273600 1333.5
1273610 1330.1
1273620 1328.2
1273630 1328.2
1273640 1326.6
1273650 1324.9
1273660 1324.9
1273670 1323.1
1273680 1321.1
1273690 1321.1
1273700 1319.0
1273710 1316.2
1273720 1316.2
1273730 1312.9
1273740 1309.7
1273750 1306.5
1273760 1306.5
1273770 1303.2
1273780 1299.2
1273790 1299.2
1273800 1295.1
1273810 1291.9
1273820 1291.9
1273830 1290.1
1273840 1288.5
1273850 1288.5
1273860 1286.5
1273870 1283.7
1273880 1283.7
1273890 1280.6
1273900 1277.0
1273910 1277.0
1273920 1273.2
1273930 1269.8
1273940 1271.2
1273950 1268.8
1273960 1266.5
1273970 1266.5
1273980 1263.8
1273990 1260.7
1274000 1255.2
1274010 1255.2
1274020 1249.0
1274030 1243.3
1274040 1243.3
1274050 1238.7
1274060 1235.4
1274070 1235.4
1274080 1233.4
1274090 1232.1
1274100 1232.1
1274110 1231.2
1274120 1229.6
1274130 1229.6
1274140 1226.8
1274150 1222.7
1274160 1222.7
1274170 1218.1
1274180 1214.0
1274190 1214.0
1274200 1206.9
1274210 1198.1
1274220 1189.7
1274230 1189.7
1274240 1181.9
1274250 1175.2
1274260 1175.2
1274270 1170.8
1274280 1168.2
1274290 1168.2
1274300 1164.4
1274310 1159.0
1274320 1159.0
1274330 1153.2
1274340 1147.5
1274350 1147.5
1274360 1143.1
1274370 1138.9
1274380 1138.9
1274390 1135.2
1274400 1131.6
1274410 1131.6
1274420 1128.8
1274430 1124.6
1274440 1119.9
1274450 1119.9
1274460 1114.3
1274470 1107.8
1274480 1107.8
1274490 1102.3
1274500 1096.9
1274510 1096.9
1274520 1090.7
1274530 1084.4
1274540 1084.0
1274550 1078.0
1274560 1069.2
1274570 1069.2
1274580 1055.6
1274590 1051.6
1274600 1051.6
1274610 1051.3
1274620 1050.6
1274630 1050.6
1274640 1046.2
1274650 1033.7
1274660 1033.7
1274670 1022.6
1274680 1015.0
1274690 1008.3
1274700 1008.3
1274710 1002.8
1274720 997.9
1274730 997.9
1274740 995.1
1274750 995.2
1274760 995.2
1274770 994.4
1274780 994.0
1274790 994.0
1274800 993.3
1274810 992.1
1274820 992.1
1274830 991.6
1274840 990.7
1274850 990.7
1274860 989.9
1274870 989.1
1274880 989.1
1274890 988.3
1274900 987.5
1274910 987.0
1274920 987.0
1274930 986.8
1274940 986.4
1274950 986.4
1274960 986.2
1274970 986.0
1274980 986.0
1274990 985.8
1275000 985.7
1275010 985.7
1275020 985.5
1275030 985.2
1275040 985.2
1275050 983.1
1275060 981.7
1275070 981.7
1275080 983.0
1275090 984.5
1275100 984.5
1275110 987.1
1275120 990.5
1275130 991.3
1275140 991.3
1275150 991.0
1275160 992.1
1275170 992.1
1275180 993.8
1275190 996.0
1275200 996.0
1275210 999.7
1275220 1001.8
1275230 1001.8
1275240 1003.2
1275250 1006.3
1275260 1006.3
1275270 1009.7
1275280 1011.4
1275290 1011.4
1275300 1012.5
1275310 1013.5
1275320 1013.5
1275330 1014.4
1275340 1015.3
1275350 1015.3
1275360 1016.2
1275370 1017.2
1275380 1018.5
1275390 1018.5
1275400 1021.5
1275410 1024.1
1275420 1024.1
1275430 1027.5
1275440 1031.5
1275450 1031.5
1275460 1034.7
1275470 1037.1
1275480 1037.1
1275490 1038.5
1275500 1039.4
1275510 1039.4
1275520 1040.2
1275530 1041.0
1275540 1041.0
1275550 1043.0
1275560 1046.8
1275570 1046.8
1275580 1049.6
1275590 1052.6
1275600 1055.6
1275610 1055.6
1275620 1057.6
1275630 1059.6
1275640 1059.6
1275650 1061.9
1275660 1063.9
1275670 1063.9
1275680 1065.6
1275690 1069.2
1275700 1069.2
1275710 1073.4
1275720 1075.5
1275730 1075.5
1275740 1078.2
1275750 1084.1
1275760 1084.1
1275770 1088.5
1275780 1093.9
1275790 1093.9
1275800 1098.8
1275810 1100.5
1275820 1102.4
1275830 1102.4
1275840 1104.5
1275850 1106.5
1275860 1106.5
1275870 1109.4
1275880 1113.0
1275890 1113.0
1275900 1114.9
1275910 1115.8
1275920 1115.8
1275930 1117.3
1275940 1119.4
1275950 1119.4
1275960 1122.2
1275970 1125.2
1275980 1125.2
1275990 1127.2
1276000 1130.5
1276010 1130.5
1276020 1132.9
1276030 1134.6
1276040 1134.6
1276050 1136.5
1276060 1139.3
1276070 1142.0
1276080 1142.0
1276090 1145.9
1276100 1149.8
1276110 1149.8
1276120 1154.6
1276130 1159.9
1276140 1159.9
1276150 1165.0
1276160 1170.3
1276170 1170.3
1276180 1175.6
1276190 1181.0
1276200 1181.0
1276210 1185.6
1276220 1189.7
1276230 1189.7
1276240 1193.3
1276250 1197.0
1276260 1197.0
1276270 1201.0
1276280 1205.7
1276290 1210.8
1276300 1210.8
1276310 1215.3
1276320 1219.0
1276330 1219.0
1276340 1222.8
1276350 1227.2
1276360 1229.7
1276370 1235.2
1276380 1240.3
1276390 1240.3
1276400 1245.9
1276410 1251.7
1276420 1251.7
1276430 1257.2
1276440 1261.2
1276450 1261.2
1276460 1264.9
1276470 1269.6
1276480 1269.6
1276490 1275.3
1276500 1281.1
1276510 1286.0
1276520 1286.0
1276530 1291.5
1276540 1296.9
1276550 1296.9
1276560 1299.1
1276570 1300.2
1276580 1300.2
1276590 1303.1
1276600 1307.5
1276610 1307.5
1276620 1310.2
1276630 1314.1
1276640 1314.1
1276650 1319.2
1276660 1323.4
1276670 1323.4
1276680 1328.0
1276690 1333.2
1276700 1333.2
1276710 1337.0
1276720 1340.7
1276730 1340.7
1276740 1344.6
1276750 1348.8
1276760 1353.7
1276770 1353.7
1276780 1358.6
1276790 1363.1
1276800 1363.1
1276810 1367.5
1276820 1370.7
1276830 1370.7
1276840 1373.8
1276850 1377.5
1276860 1377.5
1276870 1380.6
1276880 1381.9
1276890 1381.9
1276900 1384.0
1276910 1387.3
1276920 1387.3
1276930 1391.5
1276940 1396.8
1276950 1396.8
1276960 1401.8
1276970 1408.9
1276980 1414.1
1276990 1414.1
1277000 1420.3
1277010 1424.6
1277020 1424.6
1277030 1427.0
1277040 1427.8
1277050 1427.8
1277060 1428.7
1277070 1430.1
1277080 1430.1
1277090 1431.9
1277100 1433.7
1277110 1433.7
1277120 1435.9
1277130 1438.2
1277140 1438.2
1277150 1440.6
1277160 1442.9
1277170 1442.9
1277180 1445.0
1277190 1447.7
1277200 1451.2
1277210 1451.2
1277220 1454.1
1277230 1457.3
1277240 1457.3
1277250 1461.6
1277260 1465.3
1277270 1465.3
1277280 1468.0
1277290 1470.8
1277300 1470.8
1277310 1472.7
1277320 1475.8
1277330 1475.8
1277340 1480.0
1277350 1482.9
1277360 1482.9
1277370 1484.4
1277380 1488.1
1277390 1488.1
1277400 1492.1
1277410 1494.2
1277420 1494.2
1277430 1496.5
1277440 1500.2
1277450 1503.4
1277460 1503.4
1277470 1506.2
1277480 1510.7
1277490 1510.7
1277500 1515.1
1277510 1518.2
1277520 1518.2
1277530 1524.2
1277540 1531.4
1277550 1531.4
1277560 1539.3
1277570 1545.6
1277580 1545.6
1277590 1552.9
1277600 1555.7
1277610 1555.7
1277620 1556.2
1277630 1557.9
1277640 1557.9
1277650 1561.0
1277660 1563.3
1277670 1565.0
1277680 1565.0
1277690 1566.6
1277700 1569.1
1277710 1569.1
1277720 1571.9
1277730 1574.9
1277740 1574.9
1277750 1578.5
1277760 1582.9
1277770 1582.9
1277780 1587.0
1277790 1590.7
1277800 1590.7
1277810 1594.6
1277820 1598.3
1277830 1598.3
1277840 1602.1
1277850 1606.2
1277860 1606.2
1277870 1610.3
1277880 1614.0
1277890 1617.6
1277900 1617.6
1277910 1622.4
1277920 1627.2
1277930 1627.2
1277940 1630.6
1277950 1632.6
1277960 1632.6
1277970 1634.7
1277980 1636.7
1277990 1636.7
1278000 1639.1
1278010 1641.9
1278020 1641.9
1278030 1644.9
1278040 1647.5
1278050 1647.5
1278060 1649.3
1278070 1651.8
1278080 1651.8
1278090 1655.1
1278100 1658.6
1278110 1658.6
1278120 1661.5
1278130 1664.1
1278140 1666.3
1278150 1666.3
1278160 1668.2
1278170 1670.1
1278180 1670.1
1278190 1672.1
1278200 1673.6
1278210 1673.6
1278220 1675.7
1278230 1677.1
1278240 1677.1
1278250 1678.4
1278260 1680.2
1278270 1680.2
1278280 1682.5
1278290 1685.0
1278300 1685.0
1278310 1687.2
1278320 1689.0
1278330 1689.0
1278340 1690.9
1278350 1693.5
1278360 1695.3
1278370 1695.3
1278380 1695.5
1278390 1695.7
1278400 1695.7
1278410 1696.2
1278420 1696.5
1278430 1696.5
1278440 1697.2
1278450 1699.0
1278460 1699.0
1278470 1701.6
1278480 1704.1
1278490 1704.1
1278500 1706.5
1278510 1708.7
1278520 1708.7
1278530 1710.2
1278540 1712.0
1278550 1712.0
1278560 1713.9
1278570 1715.8
1278580 1716.8
1278590 1716.8
1278600 1717.4
1278610 1718.8
1278620 1718.8
1278630 1720.1
1278640 1720.7
1278650 1720.7
1278660 1721.2
1278670 1721.9
1278680 1721.9
1278690 1722.8
1278700 1723.5
1278710 1723.5
1278720 1724.3
1278730 1725.2
1278740 1725.2
1278750 1726.1
1278760 1727.0
1278770 1727.0
1278780 1728.1
1278790 1728.9
1278800 1728.9
1278810 1730.2
1278820 1728.6
1278830 1729.9
1278840 1729.9
1278850 1731.3
1278860 1732.4
1278870 1732.4
1278880 1733.2
1278890 1733.6
1278900 1733.6
1278910 1733.2
1278920 1732.4
1278930 1732.4
1278940 1730.9
1278950 1729.1
1278960 1729.1
1278970 1727.8
1278980 1726.5
1278990 1726.5
1279000 1725.0
1279010 1723.4
1279020 1723.4
1279030 1722.0
1279040 1721.0
1279050 1719.9
1279060 1719.9
1279070 1718.1
1279080 1715.3
1279090 1715.3
1279100 1711.9
1279110 1708.1
1279120 1708.1
1279130 1704.9
1279140 1702.3
1279150 1702.3
1279160 1699.5
1279170 1697.3
1279180 1697.3
1279190 1696.0
1279200 1695.0
1279210 1695.0
1279220 1693.8
1279230 1691.7
1279240 1691.7
1279250 1688.7
1279260 1687.4
1279270 1687.4
1279280 1685.9
1279290 1682.6
1279300 1680.0
1279310 1680.0
1279320 1677.7
1279330 1674.8
1279340 1674.8
1279350 1671.7
1279360 1668.9
1279370 1668.9
1279380 1666.7
1279390 1665.2
1279400 1665.2
1279410 1663.9
1279420 1662.2
1279430 1654.4
1279440 1651.6
1279450 1648.7
1279460 1648.7
1279470 1646.2
1279480 1644.3
1279490 1644.3
1279500 1642.2
1279510 1640.9
1279520 1640.0
1279530 1640.0
1279540 1639.9
1279550 1641.7
1279560 1641.7
1279570 1645.4
1279580 1650.4
1279590 1650.4
1279600 1654.6
1279610 1655.8
1279620 1655.8
1279630 1656.4
1279640 1657.5
1279650 1657.5
1279660 1659.0
1279670 1659.6
1279680 1659.6
1279690 1660.0
1279700 1659.6
1279710 1659.6
1279720 1657.7
1279730 1654.9
1279740 1652.5
1279750 1652.5
1279760 1650.7
1279770 1649.8
1279780 1649.8
1279790 1649.4
1279800 1648.8
1279810 1648.8
1279820 1647.9
1279830 1646.9
1279840 1646.9
1279850 1646.0
1279860 1645.3
1279870 1645.3
1279880 1644.2
1279890 1642.6
1279900 1642.6
1279910 1640.4
1279920 1638.0
1279930 1638.0
1279940 1635.9
1279950 1634.2
1279960 1634.2
1279970 1632.6
1279980 1630.8
1279990 1628.4
