1260000 1350.0
1260010 1350.0
1260020 1347.2
1260030 1343.3
1260040 1343.3
1260050 1338.8
1260060 1334.2
1260070 1334.2
1260080 1329.4
1260090 1324.6
1260100 1319.6
1260110 1319.6
1260120 1314.8
1260130 1309.9
1260140 1309.9
1260150 1305.0
1260160 1301.3
1260170 1301.3
1260180 1298.7
1260190 1296.9
1260200 1296.9
1260210 1296.0
1260220 1292.8
1260230 1292.8
1260240 1289.9
1260250 1288.1
1260260 1288.1
1260270 1286.2
1260280 1283.7
1260290 1283.7
1260300 1280.9
1260310 1278.0
1260320 1278.0
1260330 1275.0
1260340 1271.3
1260350 1266.8
1260360 1266.8
1260370 1261.2
1260380 1256.0
1260390 1256.0
1260400 1250.6
1260410 1245.4
1260420 1245.4
1260430 1240.4
1260440 1234.4
1260450 1234.4
1260460 1228.2
1260470 1221.7
1260480 1221.7
1260490 1214.5
1260500 1207.5
1260510 1207.5
1260520 1201.1
1260530 1195.7
1260540 1195.7
1260550 1191.2
1260560 1187.4
1260570 1183.9
1260580 1183.6
1260590 1179.6
1260600 1173.3
1260610 1173.3
1260620 1165.1
1260630 1156.6
1260640 1156.6
1260650 1149.0
1260660 1141.2
1260670 1141.2
1260680 1133.0
1260690 1127.6
1260700 1127.6
1260710 1121.0
1260720 1112.8
1260730 1112.8
1260740 1105.6
1260750 1098.6
1260760 1098.6
1260770 1090.8
1260780 1088.2
1260790 1090.5
1260800 1090.5
1260810 1092.9
1260820 1095.2
1260830 1095.2
1260840 1095.5
1260850 1094.6
1260860 1094.6
1260870 1092.3
1260880 1088.4
1260890 1088.4
1260900 1083.9
1260910 1079.4
1260920 1079.4
1260930 1074.8
1260940 1070.0
1260950 1070.0
1260960 1065.1
1260970 1060.3
1260980 1060.3
1260990 1055.7
1261000 1051.5
1261010 1051.5
1261020 1046.8
1261030 1041.9
1261040 1036.6
1261050 1036.6
1261060 1030.9
1261070 1025.6
1261080 1025.6
1261090 1020.8
1261100 1018.0
1261110 1018.0
1261120 1016.3
1261130 1014.6
1261140 1014.6
1261150 1012.8
1261160 1011.3
1261170 1011.3
1261180 1010.2
1261190 1008.8
1261200 1008.8
1261210 1006.0
1261220 1004.0
1261230 1004.0
1261240 1002.2
1261250 999.3
1261260 994.2
1261270 994.2
1261280 990.4
1261290 987.9
1261300 987.9
1261310 986.3
1261320 985.1
1261330 985.1
1261340 984.2
1261350 983.5
1261360 983.5
1261370 982.9
1261380 982.5
1261390 982.5
1261400 982.5
1261410 982.3
1261420 982.3
1261430 982.0
1261440 981.5
1261450 981.5
1261460 980.6
1261470 980.3
1261480 979.4
1261490 979.4
1261500 978.1
1261510 977.4
1261520 977.4
1261530 976.3
1261540 975.1
1261550 975.1
1261560 974.1
1261570 973.1
1261580 973.1
1261590 972.1
1261600 968.2
1261610 968.2
1261620 960.9
1261630 956.8
1261640 956.8
1261650 955.1
1261660 953.8
1261670 953.8
1261680 954.4
1261690 956.6
1261700 956.6
1261710 959.2
1261720 963.5
1261730 963.0
1261740 963.0
1261750 962.6
1261760 962.2
1261770 962.2
1261780 961.8
1261790 961.7
1261800 961.7
1261810 961.6
1261820 961.4
1261830 961.4
1261840 961.1
1261850 960.9
1261860 960.9
1261870 961.2
1261880 958.5
1261890 958.5
1261900 957.5
1261910 961.9
1261920 961.9
1261930 961.8
1261940 962.0
1261950 961.6
1261960 961.6
1261970 960.5
1261980 959.3
1261990 959.3
1262000 957.9
1262010 956.0
1262020 956.0
1262030 954.4
1262040 954.0
1262050 954.0
1262060 957.7
1262070 962.5
1262080 962.5
1262090 966.4
1262100 968.9
1262110 968.9
1262120 969.0
1262130 968.6
1262140 968.6
1262150 966.6
1262160 965.2
1262170 967.5
1262180 967.5
1262190 968.9
1262200 969.7
1262210 969.7
1262220 970.8
1262230 971.9
1262240 971.9
1262250 972.2
1262260 972.2
1262270 972.2
1262280 971.8
1262290 972.7
1262300 972.7
1262310 973.4
1262320 974.1
1262330 974.1
1262340 974.7
1262350 975.0
1262360 975.0
1262370 975.1
1262380 975.2
1262390 975.2
1262400 975.2
1262410 975.4
1262420 975.7
1262430 975.7
1262440 975.8
1262450 976.1
1262460 976.1
1262470 976.2
1262480 976.3
1262490 976.3
1262500 976.2
1262510 976.1
1262520 976.1
1262530 976.1
1262540 975.8
1262550 975.8
1262560 975.5
1262570 975.1
1262580 975.1
1262590 975.1
1262600 974.9
1262610 974.9
1262620 975.5
1262630 979.8
1262640 984.9
1262650 984.9
1262660 989.0
1262670 991.6
1262680 991.6
1262690 993.6
1262700 995.8
1262710 995.8
1262720 997.9
1262730 1001.3
1262740 1001.3
1262750 1005.1
1262760 1008.8
1262770 1008.8
1262780 1013.5
1262790 1018.3
1262800 1018.3
1262810 1023.5
1262820 1028.8
1262830 1028.8
1262840 1034.1
1262850 1039.1
1262860 1047.1
1262870 1047.1
1262880 1051.7
1262890 1056.5
1262900 1056.5
1262910 1062.7
1262920 1068.8
1262930 1068.8
1262940 1074.1
1262950 1079.4
1262960 1079.4
1262970 1084.7
1262980 1090.8
1262990 1090.8
1263000 1096.0
1263010 1101.1
1263020 1101.1
1263030 1106.7
1263040 1112.7
1263050 1112.7
1263060 1119.0
1263070 1125.4
1263080 1125.4
1263090 1131.4
1263100 1137.4
1263110 1143.4
1263120 1143.4
1263130 1149.3
1263140 1155.2
1263150 1155.2
1263160 1161.2
1263170 1167.3
1263180 1167.3
1263190 1173.3
1263200 1178.4
1263210 1178.4
1263220 1183.5
1263230 1189.2
1263240 1189.2
1263250 1195.0
1263260 1201.1
1263270 1201.1
1263280 1207.6
1263290 1214.2
1263300 1214.2
1263310 1221.3
1263320 1228.6
1263330 1235.2
1263340 1235.2
1263350 1240.4
1263360 1245.1
1263370 1245.1
1263380 1250.0
1263390 1256.2
1263400 1256.2
1263410 1262.4
1263420 1268.9
1263430 1268.9
1263440 1277.8
1263450 1284.3
1263460 1284.3
1263470 1291.5
1263480 1298.6
1263490 1298.6
1263500 1306.0
1263510 1313.2
1263520 1313.2
1263530 1320.2
1263540 1327.3
1263550 1333.9
1263560 1333.9
1263570 1340.3
1263580 1346.5
1263590 1346.5
1263600 1353.2
1263610 1360.6
1263620 1360.6
1263630 1368.1
1263640 1375.9
1263650 1375.9
1263660 1383.4
1263670 1390.9
1263680 1390.9
1263690 1398.1
1263700 1405.5
1263710 1405.5
1263720 1412.9
1263730 1417.2
1263740 1417.2
1263750 1417.9
1263760 1416.4
1263770 1416.4
1263780 1415.4
1263790 1415.8
1263800 1418.2
1263810 1418.2
1263820 1420.1
1263830 1422.7
1263840 1422.7
1263850 1426.8
1263860 1432.2
1263870 1432.2
1263880 1437.2
1263890 1441.0
1263900 1441.0
1263910 1444.9
1263920 1448.9
1263930 1448.9
1263940 1453.8
1263950 1457.0
1263960 1457.0
1263970 1459.7
1263980 1465.3
1263990 1465.3
1264000 1472.1
1264010 1482.3
1264020 1485.6
1264030 1485.6
1264040 1495.3
1264050 1511.2
1264060 1511.2
1264070 1521.9
1264080 1519.3
1264090 1519.3
1264100 1515.4
1264110 1514.7
1264120 1514.7
1264130 1517.9
1264140 1523.3
1264150 1523.3
1264160 1532.3
1264170 1530.3
1264180 1530.3
1264190 1533.0
1264200 1544.2
1264210 1544.2
1264220 1540.4
1264230 1540.4
1264240 1540.4
1264250 1536.6
1264260 1527.3
1264270 1523.7
1264280 1523.7
1264290 1522.3
1264300 1519.0
1264310 1519.0
1264320 1513.9
1264330 1522.5
1264340 1522.5
1264350 1523.3
1264360 1521.4
1264370 1521.4
1264380 1522.4
1264390 1520.2
1264400 1520.2
1264410 1514.4
1264420 1504.3
1264430 1504.3
1264440 1496.4
1264450 1488.9
1264460 1488.9
1264470 1475.2
1264480 1464.5
1264490 1455.2
1264500 1455.2
1264510 1453.1
1264520 1456.3
1264530 1456.3
1264540 1459.8
1264550 1466.3
1264560 1466.3
1264570 1472.3
1264580 1474.1
1264590 1486.9
1264600 1481.3
1264610 1484.8
1264620 1484.8
1264630 1494.3
1264640 1511.6
1264650 1511.6
1264660 1526.2
1264670 1544.8
1264680 1544.8
1264690 1568.9
1264700 1595.4
1264710 1617.4
1264720 1617.4
1264730 1632.5
1264740 1648.3
1264750 1648.3
1264760 1656.6
1264770 1670.4
1264780 1670.4
1264790 1679.1
1264800 1687.1
1264810 1687.1
1264820 1693.3
1264830 1696.7
1264840 1696.7
1264850 1701.5
1264860 1709.4
1264870 1709.4
1264880 1719.6
1264890 1730.6
1264900 1730.6
1264910 1739.6
1264920 1748.0
1264930 1748.0
1264940 1757.0
1264950 1764.9
1264960 1767.8
1264970 1767.8
1264980 1769.9
1264990 1774.0
1265000 1774.0
1265010 1778.8
1265020 1782.5
1265030 1782.5
1265040 1786.7
1265050 1789.2
1265060 1789.2
1265070 1790.9
1265080 1793.2
1265090 1793.2
1265100 1796.7
1265110 1800.5
1265120 1800.5
1265130 1805.6
1265140 1810.4
1265150 1810.4
1265160 1807.9
1265170 1812.9
1265180 1819.1
1265190 1819.1
1265200 1823.7
1265210 1828.0
1265220 1828.0
1265230 1831.9
1265240 1836.1
1265250 1836.1
1265260 1840.8
1265270 1846.7
1265280 1846.7
1265290 1853.3
1265300 1862.4
1265310 1862.4
1265320 1871.8
1265330 1880.1
1265340 1880.1
1265350 1888.6
1265360 1894.5
1265370 1894.5
1265380 1898.6
1265390 1903.0
1265400 1907.9
1265410 1907.9
1265420 1913.6
1265430 1920.4
1265440 1920.4
1265450 1927.6
1265460 1934.6
1265470 1934.6
1265480 1941.5
1265490 1948.2
1265500 1948.2
1265510 1954.6
1265520 1961.3
1265530 1961.3
1265540 1968.5
1265550 1975.7
1265560 1975.7
1265570 1982.5
1265580 1989.7
1265590 1989.7
1265600 1998.4
1265610 2007.6
1265620 2007.6
1265630 2016.2
1265640 2023.7
1265650 2025.8
1265660 2025.8
1265670 2031.4
1265680 2060.5
1265690 2060.5
1265700 2085.1
1265710 2096.1
1265720 2096.1
1265730 2103.6
1265740 2112.0
1265750 2112.0
1265760 2116.3
1265770 2110.7
1265780 2110.7
1265790 2114.6
1265800 2128.9
1265810 2128.9
1265820 2135.1
1265830 2137.0
1265840 2137.0
1265850 2138.3
1265860 2142.2
1265870 2147.4
1265880 2147.4
1265890 2152.8
1265900 2159.8
1265910 2159.8
1265920 2166.9
1265930 2173.6
1265940 2173.6
1265950 2178.6
1265960 2182.9
1265970 2182.9
1265980 2188.2
1265990 2193.3
1266000 2193.3
1266010 2197.4
1266020 2202.1
1266030 2202.1
1266040 2210.0
1266050 2215.7
1266060 2215.7
1266070 2222.2
1266080 2230.3
1266090 2237.8
1266100 2237.8
1266110 2245.7
1266120 2253.6
1266130 2253.6
1266140 2261.2
1266150 2269.6
1266160 2269.6
1266170 2278.7
1266180 2288.2
1266190 2288.2
1266200 2296.4
1266210 2304.5
1266220 2304.5
1266230 2314.3
1266240 2321.6
1266250 2321.6
1266260 2329.7
1266270 2337.8
1266280 2337.8
1266290 2345.9
1266300 2354.3
1266310 2354.3
1266320 2362.7
1266330 2369.5
1266340 2377.5
1266350 2377.5
1266360 2387.3
1266370 2394.5
1266380 2394.5
1266390 2401.1
1266400 2406.9
1266410 2406.9
1266420 2411.9
1266430 2417.3
1266440 2417.3
1266450 2423.6
1266460 2431.2
1266470 2431.2
1266480 2435.1
1266490 2417.9
1266500 2417.9
1266510 2401.6
1266520 2383.7
1266530 2383.7
1266540 2371.2
1266550 2350.9
1266560 2339.9
1266570 2339.9
1266580 2334.2
1266590 2330.9
1266600 2330.9
1266610 2325.8
1266620 2318.6
1266630 2318.6
1266640 2305.9
1266650 2285.2
1266660 2285.2
1266670 2274.5
1266680 2256.3
1266690 2256.3
1266700 2229.0
1266710 2210.5
1266720 2210.5
1266730 2201.0
1266740 2186.7
1266750 2186.7
1266760 2170.8
1266770 2140.4
1266780 2113.1
1266790 2113.1
1266800 2104.7
1266810 2091.7
1266820 2091.7
1266830 2076.2
1266840 2060.0
1266850 2060.0
1266860 2048.3
1266870 2041.8
1266880 2041.8
1266890 2035.4
1266900 2029.4
1266910 2032.7
1266920 2026.2
1266930 2019.8
1266940 2019.8
1266950 2013.4
1266960 2007.2
1266970 2007.2
1266980 2001.3
1266990 1995.7
1267000 1995.7
1267010 1990.0
1267020 1984.3
1267030 1979.1
1267040 1979.1
1267050 1973.9
1267060 1968.8
1267070 1968.8
1267080 1963.5
1267090 1959.3
1267100 1959.3
1267110 1955.9
1267120 1952.8
1267130 1952.8
1267140 1949.5
1267150 1946.3
1267160 1946.3
1267170 1941.7
1267180 1938.7
1267190 1938.7
1267200 1937.2
1267210 1933.9
1267220 1933.9
1267230 1930.0
1267240 1929.4
1267250 1929.0
1267260 1929.0
1267270 1927.5
1267280 1926.2
1267290 1926.2
1267300 1924.8
1267310 1923.6
1267320 1923.6
1267330 1923.3
1267340 1922.6
1267350 1922.6
1267360 1920.6
1267370 1918.4
1267380 1918.4
1267390 1916.4
1267400 1913.5
1267410 1913.5
1267420 1911.0
1267430 1907.6
1267440 1907.6
1267450 1904.0
1267460 1899.8
1267470 1899.8
1267480 1895.3
1267490 1893.1
1267500 1887.8
1267510 1887.8
1267520 1882.3
1267530 1876.9
1267540 1876.9
1267550 1872.7
1267560 1873.2
1267570 1873.2
1267580 1880.5
1267590 1890.3
1267600 1890.3
1267610 1888.6
1267620 1885.1
1267630 1885.1
1267640 1888.1
1267650 1891.7
1267660 1891.7
1267670 1892.8
1267680 1897.5
1267690 1897.5
1267700 1898.6
1267710 1880.8
1267720 1864.8
1267730 1864.8
1267740 1860.9
1267750 1862.2
1267760 1862.2
1267770 1888.8
1267780 1910.5
1267790 1910.5
1267800 1930.0
1267810 1955.7
1267820 1955.7
1267830 1979.9
1267840 1993.2
1267850 1993.2
1267860 1986.3
1267870 1964.6
1267880 1964.6
1267890 1952.2
1267900 1945.4
1267910 1945.4
1267920 1934.7
1267930 1935.1
1267940 1937.7
1267950 1937.7
1267960 1950.4
1267970 1946.2
1267980 1946.2
1267990 1940.6
1268000 1932.2
1268010 1932.2
1268020 1917.3
1268030 1894.5
1268040 1894.5
1268050 1878.2
1268060 1856.1
1268070 1856.1
1268080 1856.0
1268090 1871.0
1268100 1871.0
1268110 1895.0
1268120 1918.2
1268130 1918.2
1268140 1913.3
1268150 1901.1
1268160 1901.1
1268170 1910.3
1268180 1920.5
1268190 1911.1
1268200 1911.1
1268210 1894.5
1268220 1893.6
1268230 1893.6
1268240 1896.0
1268250 1899.9
1268260 1899.9
1268270 1902.3
1268280 1904.6
1268290 1904.6
1268300 1907.3
1268310 1908.8
1268320 1908.8
1268330 1910.2
1268340 1912.5
1268350 1912.5
1268360 1912.8
1268370 1911.0
1268380 1911.0
1268390 1905.4
1268400 1906.1
1268410 1912.6
1268420 1912.6
1268430 1915.1
1268440 1917.0
1268450 1917.0
1268460 1919.8
1268470 1922.2
1268480 1922.2
1268490 1923.2
1268500 1925.7
1268510 1925.7
1268520 1926.8
1268530 1928.0
1268540 1928.0
1268550 1931.2
1268560 1934.3
1268570 1934.3
1268580 1935.1
1268590 1933.4
1268600 1933.4
1268610 1929.3
1268620 1924.1
1268630 1919.0
1268640 1919.0
1268650 1914.5
1268660 1910.7
1268670 1910.7
1268680 1905.7
1268690 1901.0
1268700 1901.0
1268710 1895.1
1268720 1889.6
1268730 1889.6
1268740 1884.0
1268750 1878.6
1268760 1878.6
1268770 1873.9
1268780 1871.2
1268790 1871.2
1268800 1866.5
1268810 1860.8
1268820 1860.8
1268830 1857.1
1268840 1852.6
1268850 1852.6
1268860 1846.8
1268870 1840.5
1268880 1834.6
1268890 1834.6
1268900 1830.6
1268910 1827.8
1268920 1827.8
1268930 1824.3
1268940 1820.4
1268950 1820.4
1268960 1816.1
1268970 1811.5
1268980 1811.5
1268990 1807.0
1269000 1802.6
1269010 1802.6
1269020 1798.9
1269030 1795.8
1269040 1795.8
1269050 1793.2
1269060 1790.6
1269070 1790.6
1269080 1787.6
1269090 1784.5
1269100 1781.7
1269110 1781.7
1269120 1777.6
1269130 1772.4
1269140 1772.4
1269150 1767.5
1269160 1762.2
1269170 1762.2
1269180 1758.3
1269190 1754.9
1269200 1754.9
1269210 1750.6
1269220 1746.4
1269230 1746.4
1269240 1742.5
1269250 1739.0
1269260 1739.0
1269270 1735.2
1269280 1731.4
1269290 1731.4
1269300 1727.3
1269310 1723.6
1269320 1719.3
1269330 1719.3
1269340 1714.2
1269350 1708.8
1269360 1708.8
1269370 1703.4
1269380 1698.1
1269390 1698.1
1269400 1693.0
1269410 1687.7
1269420 1687.7
1269430 1683.6
1269440 1680.4
1269450 1680.4
1269460 1676.8
1269470 1672.8
1269480 1672.8
1269490 1668.8
1269500 1664.3
1269510 1664.3
1269520 1659.5
1269530 1655.8
1269540 1655.8
1269550 1652.9
1269560 1650.2
1269570 1644.7
1269580 1644.7
1269590 1637.9
1269600 1635.3
1269610 1635.3
1269620 1635.3
1269630 1634.9
1269640 1634.9
1269650 1633.3
1269660 1632.6
1269670 1632.6
1269680 1632.2
1269690 1631.9
1269700 1631.9
1269710 1631.7
1269720 1630.9
1269730 1630.9
1269740 1629.3
1269750 1628.5
1269760 1628.5
1269770 1628.7
1269780 1629.8
1269790 1631.0
1269800 1631.0
1269810 1632.1
1269820 1633.3
1269830 1633.3
1269840 1632.3
1269850 1633.2
1269860 1633.2
1269870 1634.0
1269880 1634.4
1269890 1634.4
1269900 1634.2
1269910 1634.1
1269920 1634.1
1269930 1634.3
1269940 1634.3
1269950 1634.3
1269960 1634.0
1269970 1633.6
1269980 1633.6
1269990 1633.3
1270000 1633.6
1270010 1634.1
1270020 1634.1
1270030 1634.8
1270040 1634.8
1270050 1634.8
1270060 1634.2
1270070 1633.2
1270080 1633.2
1270090 1631.6
1270100 1629.8
1270110 1629.8
1270120 1627.3
1270130 1624.1
1270140 1624.1
1270150 1620.3
1270160 1615.2
1270170 1615.2
1270180 1612.3
1270190 1611.6
1270200 1611.6
1270210 1611.0
1270220 1609.4
1270230 1609.4
1270240 1607.2
1270250 1605.1
1270260 1601.9
1270270 1601.9
1270280 1599.6
1270290 1596.6
1270300 1596.6
1270310 1593.2
1270320 1590.4
1270330 1590.4
1270340 1587.4
1270350 1584.1
1270360 1584.1
1270370 1580.8
1270380 1577.9
1270390 1577.9
1270400 1575.3
1270410 1572.7
1270420 1572.7
1270430 1569.1
1270440 1567.1
1270450 1567.1
1270460 1565.0
1270470 1562.7
1270480 1561.0
1270490 1561.0
1270500 1559.8
1270510 1558.0
1270520 1558.0
1270530 1556.6
1270540 1555.5
1270550 1555.5
1270560 1554.4
1270570 1553.0
1270580 1553.0
1270590 1552.0
1270600 1551.0
1270610 1551.0
1270620 1548.1
1270630 1543.0
1270640 1543.0
1270650 1538.5
1270660 1534.0
1270670 1534.0
1270680 1529.2
1270690 1524.2
1270700 1519.1
1270710 1519.1
1270720 1514.5
1270730 1510.0
1270740 1510.0
1270750 1506.1
1270760 1503.0
1270770 1503.0
1270780 1500.1
1270790 1498.0
1270800 1498.0
1270810 1494.6
1270820 1490.0
1270830 1490.0
1270840 1485.6
1270850 1482.9
1270860 1482.9
1270870 1482.1
1270880 1482.1
1270890 1482.1
1270900 1482.3
1270910 1482.5
1270920 1482.5
1270930 1483.1
1270940 1483.0
1270950 1484.3
1270960 1484.3
1270970 1486.1
1270980 1487.6
1270990 1487.6
1271000 1488.9
1271010 1489.7
1271020 1489.7
1271030 1482.3
1271040 1479.5
1271050 1479.5
1271060 1473.7
1271070 1468.5
1271080 1468.5
1271090 1465.3
1271100 1461.5
1271110 1461.5
1271120 1457.3
1271130 1456.6
1271140 1456.6
1271150 1458.8
1271160 1460.7
1271170 1461.6
1271180 1461.6
1271190 1461.2
1271200 1460.1
1271210 1460.1
1271220 1458.4
1271230 1456.0
1271240 1456.0
1271250 1454.4
1271260 1453.1
1271270 1453.1
1271280 1452.0
1271290 1452.4
1271300 1452.4
1271310 1452.4
1271320 1449.3
1271330 1449.3
1271340 1442.6
1271350 1435.9
1271360 1435.9
1271370 1428.7
1271380 1421.9
1271390 1421.9
1271400 1416.2
1271410 1411.7
1271420 1406.4
1271430 1406.4
1271440 1402.7
1271450 1399.7
1271460 1399.7
1271470 1397.0
1271480 1394.6
1271490 1394.6
1271500 1392.9
1271510 1390.4
1271520 1390.4
1271530 1386.1
1271540 1382.0
1271550 1382.0
1271560 1379.2
1271570 1376.8
1271580 1376.8
1271590 1375.1
1271600 1373.3
1271610 1373.3
1271620 1365.8
1271630 1364.3
1271640 1363.2
1271650 1363.2
1271660 1363.2
1271670 1362.9
1271680 1362.9
1271690 1361.7
1271700 1359.9
1271710 1359.9
1271720 1357.8
1271730 1354.8
1271740 1354.8
1271750 1350.7
1271760 1346.8
1271770 1346.8
1271780 1343.8
1271790 1343.8
1271800 1343.8
1271810 1345.2
1271820 1346.0
1271830 1346.0
1271840 1346.0
1271850 1344.6
1271860 1343.0
1271870 1343.0
1271880 1341.3
1271890 1338.6
1271900 1338.6
1271910 1334.3
1271920 1331.0
1271930 1331.0
1271940 1328.7
1271950 1325.9
1271960 1325.9
1271970 1322.9
1271980 1319.5
1271990 1319.5
1272000 1316.9
1272010 1315.3
1272020 1315.3
1272030 1314.2
1272040 1313.9
1272050 1313.9
1272060 1314.1
1272070 1314.3
1272080 1314.3
1272090 1314.1
1272100 1313.4
1272110 1311.1
1272120 1311.1
1272130 1308.9
1272140 1306.5
1272150 1306.5
1272160 1303.4
1272170 1301.1
1272180 1301.1
1272190 1298.4
1272200 1295.4
1272210 1295.4
1272220 1286.9
1272230 1284.3
1272240 1284.3
1272250 1282.0
1272260 1279.8
1272270 1279.8
1272280 1278.3
1272290 1277.4
1272300 1277.4
1272310 1276.3
1272320 1275.6
1272330 1274.9
1272340 1274.9
1272350 1273.7
1272360 1272.8
1272370 1272.8
1272380 1272.3
1272390 1273.1
1272400 1273.1
1272410 1274.5
1272420 1275.4
1272430 1275.4
1272440 1275.5
1272450 1274.1
1272460 1274.1
1272470 1272.8
1272480 1272.2
1272490 1272.2
1272500 1271.8
1272510 1270.9
1272520 1270.9
1272530 1270.2
1272540 1269.7
1272550 1268.3
1272560 1268.3
1272570 1266.4
1272580 1263.8
1272590 1263.8
1272600 1262.1
1272610 1264.1
1272620 1264.1
1272630 1268.0
1272640 1267.4
1272650 1267.4
1272660 1266.1
1272670 1263.7
1272680 1263.7
1272690 1262.9
1272700 1265.7
1272710 1265.7
1272720 1267.5
1272730 1263.9
1272740 1263.9
1272750 1260.1
1272760 1259.6
1272770 1259.6
1272780 1261.0
1272790 1263.6
1272800 1266.9
1272810 1266.9
1272820 1273.2
1272830 1276.3
1272840 1276.3
1272850 1278.9
1272860 1281.4
1272870 1281.4
1272880 1283.7
1272890 1285.9
1272900 1285.9
1272910 1287.7
1272920 1288.9
1272930 1288.9
1272940 1291.4
1272950 1295.5
1272960 1295.5
1272970 1298.6
1272980 1299.4
1272990 1299.4
1273000 1299.6
1273010 1301.8
1273020 1306.0
1273030 1306.0
1273040 1309.3
1273050 1312.2
1273060 1312.2
1273070 1315.8
1273080 1319.2
1273090 1319.2
1273100 1321.8
1273110 1324.8
1273120 1324.8
1273130 1327.9
1273140 1329.9
1273150 1329.9
1273160 1332.3
1273170 1336.7
1273180 1336.7
1273190 1341.5
1273200 1345.6
1273210 1345.6
1273220 1348.2
1273230 1350.7
1273240 1353.3
1273250 1353.3
1273260 1355.5
1273270 1357.6
1273280 1357.6
1273290 1359.6
1273300 1361.6
1273310 1361.6
1273320 1363.7
1273330 1365.5
1273340 1365.5
1273350 1366.8
1273360 1367.4
1273370 1367.4
1273380 1367.1
1273390 1366.3
1273400 1366.3
1273410 1365.3
1273420 1363.6
1273430 1363.6
1273440 1361.6
1273450 1357.7
1273460 1357.7
1273470 1352.4
1273480 1347.7
1273490 1344.5
1273500 1344.5
1273510 1342.6
1273520 1341.4
1273530 1341.4
1273540 1340.2
1273550 1338.4
1273560 1338.4
1273570 1336.3
1273580 1334.2
1273590 1334.2
1273600 1331.8
1273610 1329.6
1273620 1329.6
1273630 1327.3
1273640 1324.8
1273650 1324.8
1273660 1322.7
1273670 1320.6
1273680 1320.6
1273690 1318.4
1273700 1316.0
1273710 1313.7
1273720 1313.7
1273730 1311.5
1273740 1309.5
1273750 1309.5
1273760 1306.8
1273770 1304.4
1273780 1304.4
1273790 1302.6
1273800 1300.2
1273810 1300.2
1273820 1296.8
1273830 1292.9
1273840 1292.9
1273850 1289.3
1273860 1286.5
1273870 1286.5
1273880 1283.5
1273890 1280.9
1273900 1280.9
1273910 1279.4
1273920 1278.5
1273930 1276.0
1273940 1276.0
1273950 1271.6
1273960 1267.7
1273970 1267.7
1273980 1265.7
1273990 1262.4
1274000 1262.4
1274010 1257.7
1274020 1251.9
1274030 1251.9
1274040 1245.5
1274050 1239.9
1274060 1239.9
1274070 1235.1
1274080 1231.7
1274090 1231.7
1274100 1228.8
1274110 1225.9
1274120 1225.9
1274130 1223.4
1274140 1221.2
1274150 1221.2
1274160 1218.0
1274170 1214.6
1274180 1211.2
1274190 1211.2
1274200 1206.3
1274210 1200.5
1274220 1200.5
1274230 1195.5
1274240 1190.2
1274250 1190.2
1274260 1185.7
1274270 1181.5
1274280 1181.5
1274290 1178.3
1274300 1174.5
1274310 1174.5
1274320 1170.2
1274330 1164.1
1274340 1164.1
1274350 1157.3
1274360 1150.9
1274370 1150.9
1274380 1145.4
1274390 1141.1
1274400 1137.6
1274410 1137.6
1274420 1131.2
1274430 1121.2
1274440 1121.2
1274450 1109.9
1274460 1101.2
1274470 1101.2
1274480 1093.7
1274490 1086.3
1274500 1086.3
1274510 1079.2
1274520 1073.4
1274530 1073.4
1274540 1065.9
1274550 1052.1
1274560 1052.1
1274570 1043.7
1274580 1041.2
1274590 1041.2
1274600 1040.2
1274610 1037.9
1274620 1032.1
1274630 1034.2
1274640 1027.2
1274650 1020.8
1274660 1020.8
1274670 1014.8
1274680 1009.6
1274690 1009.6
1274700 1005.3
1274710 1000.7
1274720 1000.7
1274730 995.8
1274740 995.5
1274750 995.5
1274760 995.6
1274770 995.6
1274780 995.6
1274790 995.5
1274800 995.4
1274810 995.4
1274820 994.8
1274830 992.7
1274840 992.7
1274850 992.2
1274860 992.0
1274870 991.4
1274880 991.4
1274890 990.0
1274900 989.6
1274910 989.6
1274920 989.0
1274930 988.6
1274940 988.6
1274950 988.5
1274960 988.5
1274970 988.5
1274980 988.6
1274990 988.3
1275000 988.3
1275010 988.1
1275020 988.0
1275030 988.0
1275040 988.0
1275050 988.1
1275060 988.1
1275070 988.1
1275080 988.1
1275090 990.6
1275100 990.6
1275110 991.5
1275120 990.9
1275130 990.9
1275140 987.3
1275150 986.8
1275160 986.8
1275170 986.7
1275180 986.7
1275190 986.7
1275200 986.3
1275210 984.0
1275220 984.0
1275230 984.0
1275240 986.8
1275250 986.8
1275260 988.7
1275270 990.7
1275280 990.7
1275290 993.5
1275300 997.0
1275310 1000.5
1275320 1000.5
1275330 1005.4
1275340 1011.5
1275350 1011.5
1275360 1015.0
1275370 1018.0
1275380 1018.0
1275390 1021.2
1275400 1024.9
1275410 1024.9
1275420 1030.0
1275430 1036.0
1275440 1036.0
1275450 1040.9
1275460 1042.2
1275470 1042.2
1275480 1043.2
1275490 1047.1
1275500 1047.1
1275510 1050.2
1275520 1054.2
1275530 1054.2
1275540 1061.0
1275550 1066.3
1275560 1068.5
1275570 1068.5
1275580 1070.5
1275590 1073.1
1275600 1073.1
1275610 1074.2
1275620 1075.4
1275630 1075.4
1275640 1076.3
1275650 1077.0
1275660 1077.0
1275670 1077.5
1275680 1079.1
1275690 1079.1
1275700 1081.7
1275710 1083.9
1275720 1083.9
1275730 1089.3
1275740 1094.9
1275750 1094.9
1275760 1097.6
1275770 1099.4
1275780 1101.7
1275790 1101.7
1275800 1104.7
1275810 1108.5
1275820 1108.5
1275830 1112.6
1275840 1115.9
1275850 1115.9
1275860 1118.1
1275870 1120.7
1275880 1120.7
1275890 1122.8
1275900 1125.3
1275910 1125.3
1275920 1128.2
1275930 1131.6
1275940 1131.6
1275950 1135.6
1275960 1140.4
1275970 1140.4
1275980 1144.2
1275990 1147.7
1276000 1150.3
1276010 1150.3
1276020 1152.6
1276030 1156.2
1276040 1156.2
1276050 1160.2
1276060 1162.8
1276070 1162.8
1276080 1165.3
1276090 1168.0
1276100 1168.0
1276110 1170.9
1276120 1174.6
1276130 1174.6
1276140 1178.8
1276150 1183.5
1276160 1183.5
1276170 1188.1
1276180 1192.5
1276190 1192.5
1276200 1196.9
1276210 1201.7
1276220 1201.7
1276230 1206.7
1276240 1210.7
1276250 1214.6
1276260 1214.6
1276270 1219.1
1276280 1224.4
1276290 1224.4
1276300 1230.5
1276310 1236.4
1276320 1236.4
1276330 1242.8
1276340 1249.0
1276350 1249.0
1276360 1254.4
1276370 1261.7
1276380 1261.7
1276390 1270.4
1276400 1280.1
1276410 1280.1
1276420 1290.6
1276430 1298.3
1276440 1298.3
1276450 1315.8
1276460 1319.5
1276470 1322.1
1276480 1322.1
1276490 1321.2
1276500 1319.6
1276510 1319.6
1276520 1319.9
1276530 1320.0
1276540 1320.0
1276550 1321.7
1276560 1323.9
1276570 1323.9
1276580 1326.3
1276590 1328.7
1276600 1328.7
1276610 1331.4
1276620 1334.4
1276630 1334.4
1276640 1337.2
1276650 1340.3
1276660 1340.3
1276670 1344.4
1276680 1350.2
1276690 1354.7
1276700 1354.7
1276710 1358.9
1276720 1363.3
1276730 1363.3
1276740 1367.8
1276750 1372.5
1276760 1372.5
1276770 1377.1
1276780 1380.9
1276790 1380.9
1276800 1384.8
1276810 1388.9
1276820 1388.9
1276830 1393.1
1276840 1396.8
1276850 1396.8
1276860 1400.4
1276870 1405.8
1276880 1405.8
1276890 1412.5
1276900 1417.8
1276910 1417.8
1276920 1422.1
1276930 1426.1
1276940 1430.4
1276950 1430.4
1276960 1435.9
1276970 1440.4
1276980 1440.4
1276990 1443.3
1277000 1446.4
1277010 1446.4
1277020 1448.8
1277030 1450.0
1277040 1450.0
1277050 1452.3
1277060 1457.0
1277070 1457.0
1277080 1458.2
1277090 1460.5
1277100 1460.5
1277110 1464.2
1277120 1469.2
1277130 1469.2
1277140 1474.8
1277150 1479.3
1277160 1481.2
1277170 1481.2
1277180 1481.6
1277190 1482.5
1277200 1482.5
1277210 1483.3
1277220 1485.0
1277230 1485.0
1277240 1487.5
1277250 1490.3
1277260 1490.3
1277270 1493.0
1277280 1495.6
1277290 1495.6
1277300 1498.1
1277310 1499.5
1277320 1499.5
1277330 1502.3
1277340 1505.9
1277350 1505.9
1277360 1511.1
1277370 1517.8
1277380 1524.0
1277390 1524.0
1277400 1528.8
1277410 1532.1
1277420 1532.1
1277430 1535.4
1277440 1539.6
1277450 1539.6
1277460 1545.4
1277470 1551.5
1277480 1551.5
1277490 1557.4
1277500 1563.1
1277510 1563.1
1277520 1567.0
1277530 1568.6
1277540 1568.6
1277550 1568.9
1277560 1570.1
1277570 1570.1
1277580 1573.0
1277590 1575.8
1277600 1575.8
1277610 1578.9
1277620 1580.6
1277630 1583.1
1277640 1583.1
1277650 1586.4
1277660 1588.6
1277670 1590.9
1277680 1594.7
1277690 1596.2
1277700 1596.2
1277710 1595.8
1277720 1594.9
1277730 1594.9
1277740 1594.8
1277750 1595.4
1277760 1595.4
1277770 1596.4
1277780 1598.1
1277790 1598.1
1277800 1599.7
1277810 1601.9
1277820 1601.9
1277830 1605.9
1277840 1610.4
1277850 1613.6
1277860 1613.6
1277870 1615.1
1277880 1616.6
1277890 1616.6
1277900 1618.6
1277910 1621.9
1277920 1621.9
1277930 1625.0
1277940 1627.6
1277950 1627.6
1277960 1631.0
1277970 1634.5
1277980 1634.5
1277990 1638.0
1278000 1642.0
1278010 1642.0
1278020 1646.3
1278030 1649.9
1278040 1649.9
1278050 1652.1
1278060 1653.5
1278070 1654.4
1278080 1654.4
1278090 1655.0
1278100 1656.8
1278110 1656.8
1278120 1659.7
1278130 1661.9
1278140 1661.9
1278150 1664.1
1278160 1664.6
1278170 1664.6
1278180 1664.4
1278190 1664.5
1278200 1664.5
1278210 1665.5
1278220 1666.8
1278230 1666.8
1278240 1667.6
1278250 1668.3
1278260 1668.3
1278270 1668.9
1278280 1669.0
1278290 1669.0
1278300 1669.9
1278310 1671.0
1278320 1672.1
1278330 1672.1
1278340 1673.3
1278350 1674.7
1278360 1674.7
1278370 1676.5
1278380 1679.2
1278390 1679.2
1278400 1682.7
1278410 1685.9
1278420 1685.9
1278430 1687.8
1278440 1689.3
1278450 1689.3
1278460 1690.4
1278470 1691.6
1278480 1691.6
1278490 1692.4
1278500 1693.4
1278510 1693.4
1278520 1694.2
1278530 1694.7
1278540 1695.6
1278550 1695.6
1278560 1695.8
1278570 1694.5
1278580 1694.5
1278590 1693.9
1278600 1694.3
1278610 1694.3
1278620 1694.0
1278630 1694.1
1278640 1694.1
1278650 1694.9
1278660 1696.3
1278670 1696.3
1278680 1698.0
1278690 1699.6
1278700 1699.6
1278710 1701.3
1278720 1702.6
1278730 1702.6
1278740 1703.9
1278750 1705.1
1278760 1706.9
1278770 1706.9
1278780 1709.3
1278790 1711.6
1278800 1711.6
1278810 1713.3
1278820 1714.2
1278830 1714.2
1278840 1714.5
1278850 1714.6
1278860 1714.6
1278870 1714.6
1278880 1714.4
1278890 1714.4
1278900 1707.5
1278910 1704.0
1278920 1704.0
1278930 1701.2
1278940 1700.1
1278950 1700.1
1278960 1699.4
1278970 1698.0
1278980 1698.0
1278990 1695.9
1279000 1693.5
1279010 1691.0
1279020 1691.0
1279030 1688.2
1279040 1685.6
1279050 1685.6
1279060 1682.4
1279070 1678.8
1279080 1678.8
1279090 1675.6
1279100 1672.1
1279110 1672.1
1279120 1668.7
1279130 1665.3
1279140 1665.3
1279150 1661.8
1279160 1658.1
1279170 1658.1
1279180 1654.0
1279190 1649.1
1279200 1649.1
1279210 1644.3
1279220 1639.5
1279230 1634.1
1279240 1634.1
1279250 1627.8
1279260 1621.4
1279270 1621.4
1279280 1616.0
1279290 1611.8
1279300 1611.8
1279310 1608.3
1279320 1605.3
1279330 1605.3
1279340 1602.2
1279350 1599.9
1279360 1599.9
1279370 1596.5
1279380 1593.3
1279390 1593.3
1279400 1591.5
1279410 1590.2
1279420 1590.2
1279430 1589.7
1279440 1589.5
1279450 1587.8
1279460 1587.8
1279470 1584.4
1279480 1580.6
1279490 1580.6
1279500 1577.4
1279510 1575.1
1279520 1568.9
1279530 1566.5
1279540 1565.4
1279550 1565.4
1279560 1566.9
1279570 1568.5
1279580 1568.5
1279590 1570.1
1279600 1572.0
1279610 1572.0
1279620 1573.7
1279630 1575.1
1279640 1575.1
1279650 1576.0
1279660 1578.0
1279670 1578.0
1279680 1580.8
1279690 1583.7
1279700 1586.6
1279710 1586.6
1279720 1589.1
1279730 1591.1
1279740 1591.1
1279750 1592.4
1279760 1593.0
1279770 1593.0
1279780 1592.7
1279790 1592.0
1279800 1592.0
1279810 1590.7
1279820 1589.7
1279830 1589.7
1279840 1588.5
1279850 1587.2
1279860 1587.2
1279870 1585.6
1279880 1583.7
1279890 1583.7
1279900 1581.4
1279910 1579.4
1279920 1577.7
1279930 1577.7
1279940 1575.5
1279950 1573.6
1279960 1573.6
1279970 1571.6
1279980 1569.3
1279990 1569.3
