1260000 1350.0
1260010 1350.0
1260020 1346.1
1260030 1342.1
1260040 1342.1
1260050 1337.8
1260060 1333.3
1260070 1333.3
1260080 1328.5
1260090 1323.9
1260100 1319.0
1260110 1319.0
1260120 1313.7
1260130 1308.6
1260140 1308.6
1260150 1304.1
1260160 1301.4
1260170 1301.4
1260180 1299.4
1260190 1297.4
1260200 1297.4
1260210 1296.5
1260220 1295.2
1260230 1295.2
1260240 1293.5
1260250 1290.7
1260260 1290.7
1260270 1287.9
1260280 1285.2
1260290 1285.2
1260300 1282.2
1260310 1279.2
1260320 1276.0
1260330 1276.0
1260340 1272.0
1260350 1267.2
1260360 1267.2
1260370 1262.0
1260380 1257.2
1260390 1257.2
1260400 1250.6
1260410 1245.4
1260420 1245.4
1260430 1240.4
1260440 1234.4
1260450 1234.4
1260460 1228.2
1260470 1221.7
1260480 1221.7
1260490 1214.5
1260500 1207.5
1260510 1207.5
1260520 1201.1
1260530 1195.7
1260540 1191.2
1260550 1191.2
1260560 1187.4
1260570 1183.9
1260580 1183.9
1260590 1179.7
1260600 1173.0
1260610 1173.0
1260620 1164.7
1260630 1156.3
1260640 1156.3
1260650 1147.5
1260660 1139.5
1260670 1139.5
1260680 1132.5
1260690 1126.6
1260700 1126.6
1260710 1119.1
1260720 1111.1
1260730 1111.1
1260740 1103.4
1260750 1095.9
1260760 1095.9
1260770 1093.0
1260780 1096.0
1260790 1099.1
1260800 1099.1
1260810 1101.3
1260820 1102.8
1260830 1102.8
1260840 1103.1
1260850 1101.6
1260860 1101.6
1260870 1098.5
1260880 1093.9
1260890 1093.9
1260900 1089.0
1260910 1084.0
1260920 1084.0
1260930 1078.7
1260940 1073.6
1260950 1073.6
1260960 1068.5
1260970 1060.3
1260980 1060.3
1260990 1055.7
1261000 1051.5
1261010 1046.8
1261020 1046.8
1261030 1041.9
1261040 1036.6
1261050 1036.6
1261060 1030.9
1261070 1025.6
1261080 1025.6
1261090 1020.8
1261100 1018.0
1261110 1018.0
1261120 1016.3
1261130 1014.6
1261140 1014.6
1261150 1013.1
1261160 1011.6
1261170 1011.6
1261180 1010.4
1261190 1009.4
1261200 1009.4
1261210 1006.8
1261220 1004.5
1261230 1004.5
1261240 1002.7
1261250 1000.7
1261260 996.4
1261270 996.4
1261280 992.3
1261290 989.8
1261300 989.8
1261310 988.1
1261320 986.8
1261330 986.8
1261340 985.6
1261350 984.8
1261360 984.8
1261370 984.2
1261380 984.0
1261390 984.0
1261400 983.7
1261410 983.2
1261420 983.2
1261430 982.9
1261440 982.5
1261450 982.5
1261460 982.0
1261470 981.4
1261480 980.1
1261490 980.1
1261500 979.1
1261510 978.4
1261520 978.4
1261530 977.2
1261540 975.1
1261550 975.1
1261560 974.1
1261570 973.1
1261580 973.1
1261590 972.1
1261600 968.2
1261610 968.2
1261620 960.9
1261630 956.8
1261640 956.8
1261650 955.1
1261660 953.8
1261670 953.8
1261680 954.4
1261690 956.6
1261700 959.2
1261710 959.2
1261720 961.4
1261730 962.3
1261740 962.3
1261750 962.5
1261760 962.3
1261770 962.3
1261780 961.9
1261790 961.6
1261800 961.6
1261810 961.5
1261820 961.2
1261830 961.2
1261840 960.8
1261850 960.3
1261860 960.3
1261870 960.7
1261880 957.9
1261890 957.9
1261900 955.8
1261910 960.0
1261920 960.0
1261930 960.7
1261940 959.2
1261950 957.5
1261960 957.5
1261970 956.3
1261980 955.2
1261990 955.2
1262000 954.1
1262010 953.5
1262020 953.5
1262030 952.9
1262040 952.4
1262050 952.4
1262060 953.1
1262070 956.0
1262080 956.0
1262090 960.1
1262100 962.7
1262110 968.9
1262120 969.0
1262130 968.6
1262140 968.6
1262150 966.6
1262160 965.2
1262170 967.5
1262180 967.5
1262190 968.9
1262200 969.7
1262210 969.7
1262220 970.8
1262230 971.9
1262240 971.9
1262250 972.2
1262260 972.2
1262270 972.2
1262280 971.8
1262290 972.0
1262300 972.0
1262310 972.6
1262320 973.1
1262330 973.1
1262340 973.5
1262350 973.8
1262360 973.8
1262370 974.0
1262380 974.1
1262390 974.3
1262400 974.3
1262410 974.6
1262420 974.9
1262430 974.9
1262440 975.0
1262450 975.2
1262460 975.2
1262470 975.5
1262480 975.6
1262490 975.6
1262500 975.2
1262510 975.2
1262520 975.2
1262530 975.1
1262540 975.0
1262550 975.0
1262560 974.7
1262570 974.3
1262580 974.3
1262590 974.2
1262600 974.0
1262610 974.0
1262620 974.6
1262630 978.3
1262640 983.6
1262650 983.6
1262660 987.7
1262670 990.7
1262680 991.6
1262690 993.6
1262700 995.8
1262710 995.8
1262720 997.9
1262730 1001.3
1262740 1001.3
1262750 1005.1
1262760 1008.8
1262770 1008.8
1262780 1013.5
1262790 1018.3
1262800 1018.3
1262810 1023.5
1262820 1028.8
1262830 1028.8
1262840 1034.1
1262850 1039.1
1262860 1044.9
1262870 1044.9
1262880 1050.2
1262890 1055.1
1262900 1055.1
1262910 1061.3
1262920 1067.4
1262930 1067.4
1262940 1072.4
1262950 1077.6
1262960 1077.6
1262970 1083.0
1262980 1088.8
1262990 1088.8
1263000 1094.2
1263010 1099.5
1263020 1099.5
1263030 1104.8
1263040 1110.5
1263050 1110.5
1263060 1116.7
1263070 1122.9
1263080 1128.9
1263090 1128.9
1263100 1134.4
1263110 1139.7
1263120 1139.7
1263130 1145.9
1263140 1152.9
1263150 1152.9
1263160 1159.3
1263170 1165.5
1263180 1165.5
1263190 1171.7
1263200 1176.7
1263210 1176.7
1263220 1181.5
1263230 1187.2
1263240 1187.2
1263250 1195.0
1263260 1201.1
1263270 1201.1
1263280 1207.6
1263290 1214.2
1263300 1214.2
1263310 1221.3
1263320 1228.6
1263330 1235.2
1263340 1235.2
1263350 1240.4
1263360 1245.1
1263370 1245.1
1263380 1250.0
1263390 1256.2
1263400 1256.2
1263410 1262.4
1263420 1268.9
1263430 1268.9
1263440 1275.3
1263450 1282.1
1263460 1282.1
1263470 1289.2
1263480 1296.4
1263490 1296.4
1263500 1303.7
1263510 1310.7
1263520 1310.7
1263530 1317.7
1263540 1324.7
1263550 1331.4
1263560 1331.4
1263570 1337.4
1263580 1343.9
1263590 1343.9
1263600 1351.1
1263610 1359.0
1263620 1359.0
1263630 1366.2
1263640 1373.8
1263650 1373.8
1263660 1381.1
1263670 1388.1
1263680 1388.1
1263690 1394.8
1263700 1401.7
1263710 1401.7
1263720 1407.1
1263730 1406.6
1263740 1406.6
1263750 1405.3
1263760 1406.0
1263770 1406.6
1263780 1406.6
1263790 1408.1
1263800 1410.5
1263810 1410.5
1263820 1412.6
1263830 1422.7
1263840 1422.7
1263850 1426.8
1263860 1432.2
1263870 1432.2
1263880 1437.2
1263890 1441.0
1263900 1441.0
1263910 1444.9
1263920 1448.9
1263930 1448.9
1263940 1453.8
1263950 1457.0
1263960 1457.0
1263970 1459.7
1263980 1465.3
1263990 1465.3
1264000 1472.1
1264010 1476.8
1264020 1478.6
1264030 1478.6
1264040 1483.6
1264050 1499.2
1264060 1499.2
1264070 1511.0
1264080 1509.7
1264090 1509.7
1264100 1506.7
1264110 1506.4
1264120 1506.4
1264130 1510.5
1264140 1520.0
1264150 1520.0
1264160 1526.7
1264170 1522.5
1264180 1522.5
1264190 1522.6
1264200 1532.2
1264210 1532.2
1264220 1529.9
1264230 1533.0
1264240 1530.5
1264250 1530.5
1264260 1522.2
1264270 1516.0
1264280 1516.0
1264290 1513.6
1264300 1504.6
1264310 1504.6
1264320 1497.4
1264330 1500.7
1264340 1500.7
1264350 1499.8
1264360 1510.0
1264370 1510.0
1264380 1512.4
1264390 1512.2
1264400 1520.2
1264410 1514.4
1264420 1504.3
1264430 1504.3
1264440 1496.4
1264450 1488.9
1264460 1488.9
1264470 1475.2
1264480 1464.5
1264490 1455.2
1264500 1455.2
1264510 1453.1
1264520 1456.3
1264530 1456.3
1264540 1459.8
1264550 1466.3
1264560 1466.3
1264570 1472.3
1264580 1474.1
1264590 1474.1
1264600 1479.9
1264610 1488.0
1264620 1488.0
1264630 1499.3
1264640 1513.7
1264650 1513.7
1264660 1530.6
1264670 1552.7
1264680 1552.7
1264690 1570.9
1264700 1590.3
1264710 1612.2
1264720 1612.2
1264730 1631.4
1264740 1655.1
1264750 1655.1
1264760 1665.7
1264770 1675.0
1264780 1675.0
1264790 1677.3
1264800 1680.7
1264810 1680.7
1264820 1684.6
1264830 1689.1
1264840 1689.1
1264850 1699.4
1264860 1711.2
1264870 1711.2
1264880 1720.2
1264890 1731.9
1264900 1731.9
1264910 1742.6
1264920 1751.1
1264930 1759.4
1264940 1759.4
1264950 1765.9
1264960 1769.8
1264970 1769.8
1264980 1769.9
1264990 1774.0
1265000 1774.0
1265010 1778.8
1265020 1782.5
1265030 1782.5
1265040 1786.7
1265050 1789.2
1265060 1789.2
1265070 1790.9
1265080 1793.2
1265090 1793.2
1265100 1796.7
1265110 1800.5
1265120 1800.5
1265130 1805.6
1265140 1810.4
1265150 1810.4
1265160 1815.1
1265170 1819.4
1265180 1823.8
1265190 1823.8
1265200 1827.7
1265210 1831.2
1265220 1831.2
1265230 1835.5
1265240 1838.7
1265250 1838.7
1265260 1842.7
1265270 1849.4
1265280 1849.4
1265290 1857.5
1265300 1866.5
1265310 1866.5
1265320 1873.9
1265330 1881.9
1265340 1881.9
1265350 1890.8
1265360 1897.8
1265370 1897.8
1265380 1903.2
1265390 1907.1
1265400 1912.2
1265410 1912.2
1265420 1917.8
1265430 1923.6
1265440 1923.6
1265450 1930.1
1265460 1936.2
1265470 1936.2
1265480 1942.8
1265490 1950.1
1265500 1950.1
1265510 1957.2
1265520 1963.0
1265530 1963.0
1265540 1969.9
1265550 1977.5
1265560 1975.7
1265570 1982.5
1265580 1989.7
1265590 1989.7
1265600 1998.4
1265610 2007.6
1265620 2016.2
1265630 2016.2
1265640 2023.7
1265650 2025.8
1265660 2025.8
1265670 2031.4
1265680 2060.5
1265690 2060.5
1265700 2085.1
1265710 2096.1
1265720 2096.1
1265730 2103.6
1265740 2112.9
1265750 2112.9
1265760 2122.0
1265770 2119.9
1265780 2119.9
1265790 2121.0
1265800 2133.8
1265810 2133.8
1265820 2140.6
1265830 2144.2
1265840 2144.2
1265850 2145.2
1265860 2147.8
1265870 2152.7
1265880 2152.7
1265890 2157.8
1265900 2162.8
1265910 2162.8
1265920 2169.7
1265930 2177.7
1265940 2177.7
1265950 2184.3
1265960 2188.8
1265970 2188.8
1265980 2193.3
1265990 2198.7
1266000 2198.7
1266010 2204.0
1266020 2207.2
1266030 2207.2
1266040 2211.5
1266050 2220.1
1266060 2220.1
1266070 2226.5
1266080 2234.2
1266090 2241.9
1266100 2241.9
1266110 2249.7
1266120 2256.1
1266130 2256.1
1266140 2261.2
1266150 2269.6
1266160 2269.6
1266170 2278.7
1266180 2288.2
1266190 2288.2
1266200 2296.4
1266210 2304.5
1266220 2304.5
1266230 2314.3
1266240 2321.6
1266250 2321.6
1266260 2329.7
1266270 2337.8
1266280 2337.8
1266290 2345.9
1266300 2354.3
1266310 2362.9
1266320 2362.9
1266330 2370.6
1266340 2378.3
1266350 2378.3
1266360 2387.2
1266370 2396.1
1266380 2396.1
1266390 2404.7
1266400 2412.3
1266410 2412.3
1266420 2417.7
1266430 2423.4
1266440 2423.4
1266450 2429.0
1266460 2435.6
1266470 2435.6
1266480 2432.9
1266490 2412.4
1266500 2412.4
1266510 2397.5
1266520 2384.2
1266530 2384.2
1266540 2375.4
1266550 2367.3
1266560 2355.2
1266570 2355.2
1266580 2344.1
1266590 2338.8
1266600 2338.8
1266610 2328.6
1266620 2318.6
1266630 2318.6
1266640 2302.7
1266650 2287.2
1266660 2287.2
1266670 2275.6
1266680 2259.9
1266690 2259.9
1266700 2236.5
1266710 2219.2
1266720 2210.5
1266730 2201.0
1266740 2186.7
1266750 2186.7
1266760 2170.8
1266770 2140.4
1266780 2113.1
1266790 2113.1
1266800 2104.7
1266810 2091.7
1266820 2091.7
1266830 2076.2
1266840 2060.0
1266850 2060.0
1266860 2048.3
1266870 2041.8
1266880 2041.8
1266890 2035.4
1266900 2029.4
1266910 2029.4
1266920 2022.1
1266930 2016.9
1266940 2016.9
1266950 2012.6
1266960 2007.7
1266970 2007.7
1266980 2002.5
1266990 1996.8
1267000 1991.0
1267010 1991.0
1267020 1985.2
1267030 1979.5
1267040 1979.5
1267050 1973.8
1267060 1968.0
1267070 1968.0
1267080 1962.3
1267090 1957.2
1267100 1957.2
1267110 1953.0
1267120 1949.1
1267130 1949.1
1267140 1945.8
1267150 1942.4
1267160 1942.4
1267170 1938.6
1267180 1934.0
1267190 1934.0
1267200 1933.2
1267210 1930.2
1267220 1930.2
1267230 1926.4
1267240 1923.9
1267250 1924.2
1267260 1924.2
1267270 1923.0
1267280 1921.0
1267290 1921.0
1267300 1924.8
1267310 1923.6
1267320 1923.6
1267330 1923.3
1267340 1922.6
1267350 1922.6
1267360 1920.6
1267370 1918.4
1267380 1918.4
1267390 1916.4
1267400 1913.5
1267410 1913.5
1267420 1911.0
1267430 1907.6
1267440 1907.6
1267450 1904.0
1267460 1899.8
1267470 1895.3
1267480 1895.3
1267490 1890.0
1267500 1884.6
1267510 1884.6
1267520 1879.4
1267530 1873.8
1267540 1873.8
1267550 1868.2
1267560 1867.1
1267570 1867.1
1267580 1869.1
1267590 1870.0
1267600 1870.0
1267610 1867.7
1267620 1865.1
1267630 1865.1
1267640 1863.9
1267650 1864.4
1267660 1864.4
1267670 1867.1
1267680 1872.8
1267690 1872.8
1267700 1872.7
1267710 1862.7
1267720 1858.7
1267730 1858.7
1267740 1854.4
1267750 1849.9
1267760 1849.9
1267770 1871.9
1267780 1900.7
1267790 1900.7
1267800 1920.6
1267810 1936.0
1267820 1936.0
1267830 1953.9
1267840 1967.3
1267850 1967.3
1267860 1970.9
1267870 1953.3
1267880 1953.3
1267890 1952.2
1267900 1945.4
1267910 1945.4
1267920 1934.7
1267930 1935.1
1267940 1937.7
1267950 1937.7
1267960 1950.4
1267970 1946.2
1267980 1946.2
1267990 1940.6
1268000 1932.2
1268010 1932.2
1268020 1917.3
1268030 1894.5
1268040 1894.5
1268050 1878.2
1268060 1856.1
1268070 1856.1
1268080 1848.4
1268090 1856.5
1268100 1856.5
1268110 1873.0
1268120 1882.1
1268130 1882.1
1268140 1881.8
1268150 1891.4
1268160 1906.0
1268170 1906.0
1268180 1904.8
1268190 1892.0
1268200 1892.0
1268210 1884.4
1268220 1886.7
1268230 1886.7
1268240 1890.2
1268250 1893.7
1268260 1893.7
1268270 1895.5
1268280 1898.2
1268290 1898.2
1268300 1901.0
1268310 1902.3
1268320 1902.3
1268330 1904.2
1268340 1906.3
1268350 1906.3
1268360 1906.2
1268370 1904.7
1268380 1904.7
1268390 1899.6
1268400 1900.3
1268410 1906.2
1268420 1906.2
1268430 1909.4
1268440 1911.9
1268450 1911.9
1268460 1914.4
1268470 1922.2
1268480 1922.2
1268490 1923.2
1268500 1925.7
1268510 1925.7
1268520 1926.8
1268530 1928.0
1268540 1928.0
1268550 1931.2
1268560 1934.3
1268570 1934.3
1268580 1935.1
1268590 1933.4
1268600 1933.4
1268610 1929.3
1268620 1924.1
1268630 1919.0
1268640 1919.0
1268650 1914.5
1268660 1908.7
1268670 1908.7
1268680 1903.6
1268690 1899.3
1268700 1899.3
1268710 1893.6
1268720 1888.0
1268730 1888.0
1268740 1882.9
1268750 1878.1
1268760 1878.1
1268770 1873.5
1268780 1869.7
1268790 1869.7
1268800 1865.2
1268810 1859.9
1268820 1859.9
1268830 1854.3
1268840 1849.7
1268850 1844.9
1268860 1844.9
1268870 1839.3
1268880 1833.2
1268890 1833.2
1268900 1828.1
1268910 1824.4
1268920 1824.4
1268930 1820.7
1268940 1816.6
1268950 1816.6
1268960 1812.6
1268970 1808.2
1268980 1808.2
1268990 1804.0
1269000 1799.9
1269010 1799.9
1269020 1796.5
1269030 1793.5
1269040 1793.5
1269050 1791.0
1269060 1790.6
1269070 1790.6
1269080 1787.6
1269090 1784.5
1269100 1781.7
1269110 1781.7
1269120 1777.6
1269130 1772.4
1269140 1772.4
1269150 1767.5
1269160 1762.2
1269170 1762.2
1269180 1758.3
1269190 1754.9
1269200 1754.9
1269210 1750.6
1269220 1746.4
1269230 1746.4
1269240 1742.5
1269250 1739.0
1269260 1739.0
1269270 1736.1
1269280 1733.0
1269290 1733.0
1269300 1728.6
1269310 1723.4
1269320 1718.7
1269330 1718.7
1269340 1713.2
1269350 1707.3
1269360 1707.3
1269370 1702.3
1269380 1696.9
1269390 1696.9
1269400 1691.3
1269410 1686.1
1269420 1686.1
1269430 1683.0
1269440 1680.1
1269450 1680.1
1269460 1676.3
1269470 1671.8
1269480 1671.8
1269490 1667.6
1269500 1663.1
1269510 1663.1
1269520 1658.3
1269530 1653.7
1269540 1650.3
1269550 1650.3
1269560 1647.8
1269570 1643.3
1269580 1643.3
1269590 1637.7
1269600 1636.3
1269610 1636.3
1269620 1636.2
1269630 1636.3
1269640 1636.3
1269650 1633.3
1269660 1632.6
1269670 1632.6
1269680 1632.2
1269690 1631.9
1269700 1631.9
1269710 1631.7
1269720 1630.9
1269730 1630.9
1269740 1629.3
1269750 1628.5
1269760 1628.5
1269770 1628.7
1269780 1629.8
1269790 1631.0
1269800 1631.0
1269810 1632.1
1269820 1633.3
1269830 1633.3
1269840 1634.7
1269850 1636.7
1269860 1636.7
1269870 1638.3
1269880 1639.1
1269890 1639.1
1269900 1639.0
1269910 1638.7
1269920 1638.7
1269930 1638.6
1269940 1638.5
1269950 1638.5
1269960 1638.3
1269970 1637.5
1269980 1637.5
1269990 1637.0
1270000 1637.8
1270010 1638.2
1270020 1638.2
1270030 1638.4
1270040 1638.2
1270050 1638.2
1270060 1637.7
1270070 1636.9
1270080 1636.9
1270090 1635.2
1270100 1632.5
1270110 1632.5
1270120 1630.1
1270130 1627.7
1270140 1627.7
1270150 1624.1
1270160 1620.2
1270170 1620.2
1270180 1617.4
1270190 1616.5
1270200 1616.5
1270210 1615.9
1270220 1613.5
1270230 1610.6
1270240 1607.2
1270250 1605.1
1270260 1601.9
1270270 1601.9
1270280 1599.6
1270290 1596.6
1270300 1596.6
1270310 1593.2
1270320 1590.4
1270330 1590.4
1270340 1587.4
1270350 1584.1
1270360 1584.1
1270370 1580.8
1270380 1577.9
1270390 1577.9
1270400 1575.3
1270410 1572.7
1270420 1572.7
1270430 1570.4
1270440 1568.4
1270450 1568.4
1270460 1566.2
1270470 1564.1
1270480 1562.6
1270490 1562.6
1270500 1561.0
1270510 1558.9
1270520 1558.9
1270530 1557.8
1270540 1556.6
1270550 1556.6
1270560 1555.2
1270570 1554.1
1270580 1554.1
1270590 1553.6
1270600 1552.2
1270610 1552.2
1270620 1548.7
1270630 1543.3
1270640 1543.3
1270650 1538.8
1270660 1534.0
1270670 1534.0
1270680 1528.7
1270690 1524.1
1270700 1520.2
1270710 1520.2
1270720 1516.8
1270730 1513.6
1270740 1513.6
1270750 1510.3
1270760 1506.2
1270770 1506.2
1270780 1502.7
1270790 1499.5
1270800 1499.5
1270810 1495.0
1270820 1490.4
1270830 1490.4
1270840 1485.6
1270850 1482.9
1270860 1482.9
1270870 1482.1
1270880 1482.1
1270890 1482.1
1270900 1482.3
1270910 1482.5
1270920 1483.1
1270930 1483.1
1270940 1483.0
1270950 1484.3
1270960 1484.3
1270970 1486.1
1270980 1487.6
1270990 1487.6
1271000 1488.9
1271010 1489.7
1271020 1489.7
1271030 1488.4
1271040 1483.2
1271050 1483.2
1271060 1477.0
1271070 1473.2
1271080 1473.2
1271090 1470.9
1271100 1466.3
1271110 1466.3
1271120 1462.2
1271130 1462.3
1271140 1462.3
1271150 1465.2
1271160 1467.4
1271170 1468.6
1271180 1468.6
1271190 1468.3
1271200 1467.1
1271210 1467.1
1271220 1465.1
1271230 1462.8
1271240 1462.8
1271250 1461.4
1271260 1459.7
1271270 1459.7
1271280 1458.8
1271290 1459.4
1271300 1459.4
1271310 1459.0
1271320 1454.2
1271330 1454.2
1271340 1447.2
1271350 1440.8
1271360 1440.8
1271370 1434.1
1271380 1427.2
1271390 1420.3
1271400 1420.3
1271410 1414.3
1271420 1409.1
1271430 1406.4
1271440 1402.7
1271450 1399.7
1271460 1399.7
1271470 1397.0
1271480 1394.6
1271490 1394.6
1271500 1392.9
1271510 1390.4
1271520 1390.4
1271530 1386.1
1271540 1382.0
1271550 1382.0
1271560 1379.2
1271570 1376.8
1271580 1376.8
1271590 1375.1
1271600 1373.3
1271610 1373.3
1271620 1371.3
1271630 1369.9
1271640 1369.1
1271650 1369.1
1271660 1369.8
1271670 1369.2
1271680 1369.2
1271690 1367.4
1271700 1365.0
1271710 1365.0
1271720 1362.0
1271730 1357.3
1271740 1357.3
1271750 1352.0
1271760 1348.7
1271770 1348.7
1271780 1348.2
1271790 1349.5
1271800 1349.5
1271810 1351.7
1271820 1353.8
1271830 1353.8
1271840 1353.6
1271850 1352.1
1271860 1350.3
1271870 1350.3
1271880 1348.5
1271890 1344.8
1271900 1344.8
1271910 1339.1
1271920 1335.8
1271930 1335.8
1271940 1333.7
1271950 1331.2
1271960 1331.2
1271970 1328.4
1271980 1325.5
1271990 1325.5
1272000 1322.0
1272010 1319.2
1272020 1319.2
1272030 1314.2
1272040 1313.9
1272050 1313.9
1272060 1314.1
1272070 1314.3
1272080 1314.1
1272090 1314.1
1272100 1313.4
1272110 1311.1
1272120 1311.1
1272130 1308.9
1272140 1306.5
1272150 1306.5
1272160 1303.4
1272170 1301.1
1272180 1301.1
1272190 1298.4
1272200 1295.4
1272210 1295.4
1272220 1291.7
1272230 1287.8
1272240 1287.8
1272250 1284.0
1272260 1281.3
1272270 1281.3
1272280 1278.5
1272290 1277.0
1272300 1277.0
1272310 1275.2
1272320 1273.6
1272330 1272.9
1272340 1272.9
1272350 1272.4
1272360 1271.0
1272370 1271.0
1272380 1270.6
1272390 1271.4
1272400 1271.4
1272410 1273.0
1272420 1273.8
1272430 1273.8
1272440 1273.8
1272450 1272.5
1272460 1272.5
1272470 1271.4
1272480 1270.2
1272490 1270.2
1272500 1269.6
1272510 1268.8
1272520 1268.8
1272530 1267.6
1272540 1265.7
1272550 1263.3
1272560 1263.3
1272570 1261.8
1272580 1260.3
1272590 1260.3
1272600 1259.1
1272610 1260.4
1272620 1260.4
1272630 1268.0
1272640 1267.4
1272650 1267.4
1272660 1266.1
1272670 1263.7
1272680 1263.7
1272690 1262.9
1272700 1265.7
1272710 1265.7
1272720 1267.5
1272730 1263.9
1272740 1263.9
1272750 1260.1
1272760 1259.6
1272770 1261.0
1272780 1261.0
1272790 1263.6
1272800 1266.9
1272810 1266.9
1272820 1270.2
1272830 1273.7
1272840 1273.7
1272850 1276.6
1272860 1278.6
1272870 1278.6
1272880 1280.7
1272890 1282.6
1272900 1282.6
1272910 1284.1
1272920 1285.0
1272930 1285.0
1272940 1288.1
1272950 1292.1
1272960 1292.1
1272970 1293.7
1272980 1294.0
1272990 1294.0
1273000 1295.0
1273010 1298.6
1273020 1302.7
1273030 1302.7
1273040 1305.6
1273050 1308.6
1273060 1308.6
1273070 1312.6
1273080 1316.1
1273090 1316.1
1273100 1318.9
1273110 1321.7
1273120 1321.7
1273130 1324.2
1273140 1326.3
1273150 1326.3
1273160 1328.6
1273170 1332.6
1273180 1332.6
1273190 1337.7
1273200 1342.3
1273210 1342.3
1273220 1346.4
1273230 1350.7
1273240 1353.3
1273250 1353.3
1273260 1355.5
1273270 1357.6
1273280 1357.6
1273290 1359.6
1273300 1361.6
1273310 1361.6
1273320 1363.7
1273330 1365.5
1273340 1365.5
1273350 1366.8
1273360 1367.4
1273370 1367.4
1273380 1367.1
1273390 1366.3
1273400 1366.3
1273410 1365.3
1273420 1364.0
1273430 1364.0
1273440 1361.9
1273450 1357.6
1273460 1352.3
1273470 1352.3
1273480 1348.0
1273490 1345.0
1273500 1345.0
1273510 1343.1
1273520 1341.9
1273530 1341.9
1273540 1340.5
1273550 1338.6
1273560 1338.6
1273570 1336.5
1273580 1334.4
1273590 1334.4
1273600 1332.3
1273610 1330.2
1273620 1330.2
1273630 1328.0
1273640 1325.7
1273650 1325.7
1273660 1323.6
1273670 1321.3
1273680 1321.3
1273690 1319.2
1273700 1317.1
1273710 1314.7
1273720 1314.7
1273730 1312.2
1273740 1309.9
1273750 1309.9
1273760 1307.5
1273770 1305.1
1273780 1305.1
1273790 1303.1
1273800 1300.4
1273810 1300.4
1273820 1296.9
1273830 1292.9
1273840 1292.9
1273850 1289.3
1273860 1286.5
1273870 1286.5
1273880 1283.5
1273890 1280.9
1273900 1280.9
1273910 1279.4
1273920 1278.5
1273930 1276.0
1273940 1276.0
1273950 1271.6
1273960 1267.7
1273970 1267.7
1273980 1265.7
1273990 1262.4
1274000 1262.4
1274010 1257.7
1274020 1251.8
1274030 1251.8
1274040 1245.7
1274050 1240.1
1274060 1240.1
1274070 1235.2
1274080 1232.0
1274090 1232.0
1274100 1229.4
1274110 1226.7
1274120 1226.7
1274130 1224.3
1274140 1222.1
1274150 1218.7
1274160 1218.7
1274170 1215.0
1274180 1210.2
1274190 1210.2
1274200 1204.9
1274210 1199.3
1274220 1199.3
1274230 1194.7
1274240 1189.8
1274250 1189.8
1274260 1184.8
1274270 1180.2
1274280 1180.2
1274290 1177.0
1274300 1173.2
1274310 1173.2
1274320 1168.7
1274330 1162.5
1274340 1162.5
1274350 1156.2
1274360 1150.1
1274370 1150.1
1274380 1144.4
1274390 1139.8
1274400 1136.3
1274410 1136.3
1274420 1130.8
1274430 1121.2
1274440 1121.2
1274450 1109.9
1274460 1101.2
1274470 1101.2
1274480 1093.7
1274490 1086.3
1274500 1086.3
1274510 1079.2
1274520 1073.4
1274530 1073.4
1274540 1065.9
1274550 1052.1
1274560 1052.1
1274570 1043.7
1274580 1041.2
1274590 1041.2
1274600 1040.2
1274610 1037.9
1274620 1032.1
1274630 1032.1
1274640 1025.4
1274650 1019.7
1274660 1019.7
1274670 1015.0
1274680 1010.6
1274690 1010.6
1274700 1005.8
1274710 1002.0
1274720 1002.0
1274730 996.1
1274740 995.5
1274750 995.5
1274760 995.5
1274770 995.5
1274780 995.5
1274790 995.5
1274800 995.4
1274810 995.4
1274820 995.0
1274830 992.8
1274840 992.3
1274850 992.3
1274860 992.1
1274870 991.5
1274880 991.5
1274890 989.9
1274900 989.5
1274910 989.5
1274920 989.2
1274930 988.8
1274940 988.8
1274950 988.5
1274960 988.4
1274970 988.4
1274980 988.7
1274990 988.4
1275000 988.4
1275010 988.1
1275020 988.0
1275030 988.0
1275040 988.0
1275050 988.1
1275060 988.1
1275070 988.1
1275080 988.1
1275090 990.6
1275100 990.6
1275110 991.5
1275120 990.9
1275130 990.9
1275140 987.3
1275150 986.8
1275160 986.8
1275170 986.7
1275180 986.7
1275190 986.7
1275200 986.3
1275210 984.0
1275220 984.0
1275230 984.2
1275240 987.7
1275250 987.7
1275260 990.3
1275270 993.4
1275280 993.4
1275290 995.5
1275300 998.6
1275310 1002.4
1275320 1002.4
1275330 1008.2
1275340 1013.1
1275350 1013.1
1275360 1016.3
1275370 1019.5
1275380 1019.5
1275390 1022.8
1275400 1027.9
1275410 1027.9
1275420 1034.2
1275430 1039.5
1275440 1039.5
1275450 1041.3
1275460 1041.9
1275470 1041.9
1275480 1042.6
1275490 1045.9
1275500 1045.9
1275510 1049.2
1275520 1051.8
1275530 1056.3
1275540 1056.3
1275550 1062.2
1275560 1067.5
1275570 1067.5
1275580 1069.8
1275590 1072.5
1275600 1072.5
1275610 1073.7
1275620 1074.9
1275630 1074.9
1275640 1076.3
1275650 1077.0
1275660 1077.0
1275670 1077.5
1275680 1079.1
1275690 1079.1
1275700 1081.7
1275710 1083.9
1275720 1083.9
1275730 1089.3
1275740 1094.9
1275750 1094.9
1275760 1097.6
1275770 1099.4
1275780 1101.7
1275790 1101.7
1275800 1104.7
1275810 1108.5
1275820 1108.5
1275830 1112.6
1275840 1114.7
1275850 1114.7
1275860 1116.4
1275870 1118.8
1275880 1118.8
1275890 1121.0
1275900 1123.3
1275910 1123.3
1275920 1126.0
1275930 1129.4
1275940 1129.4
1275950 1133.3
1275960 1137.6
1275970 1137.6
1275980 1141.2
1275990 1144.5
1276000 1147.4
1276010 1147.4
1276020 1150.5
1276030 1154.9
1276040 1154.9
1276050 1158.9
1276060 1161.2
1276070 1161.2
1276080 1163.1
1276090 1165.7
1276100 1165.7
1276110 1168.9
1276120 1172.5
1276130 1172.5
1276140 1176.8
1276150 1181.8
1276160 1181.8
1276170 1186.7
1276180 1191.0
1276190 1191.0
1276200 1195.7
1276210 1200.5
1276220 1205.3
1276230 1205.3
1276240 1209.2
1276250 1214.6
1276260 1214.6
1276270 1219.1
1276280 1224.4
1276290 1224.4
1276300 1230.5
1276310 1236.4
1276320 1236.4
1276330 1242.8
1276340 1249.0
1276350 1249.0
1276360 1254.4
1276370 1261.7
1276380 1261.7
1276390 1270.4
1276400 1280.1
1276410 1280.1
1276420 1290.6
1276430 1298.3
1276440 1298.3
1276450 1301.9
1276460 1306.6
1276470 1310.3
1276480 1310.3
1276490 1311.6
1276500 1312.7
1276510 1312.7
1276520 1314.0
1276530 1315.6
1276540 1315.6
1276550 1317.9
1276560 1320.6
1276570 1320.6
1276580 1323.4
1276590 1326.1
1276600 1326.1
1276610 1329.1
1276620 1332.2
1276630 1332.2
1276640 1335.3
1276650 1338.8
1276660 1338.8
1276670 1342.6
1276680 1347.6
1276690 1352.3
1276700 1352.3
1276710 1356.4
1276720 1360.6
1276730 1360.6
1276740 1365.2
1276750 1370.0
1276760 1370.0
1276770 1374.6
1276780 1378.4
1276790 1378.4
1276800 1381.9
1276810 1385.5
1276820 1385.5
1276830 1389.0
1276840 1392.9
1276850 1392.9
1276860 1400.4
1276870 1405.8
1276880 1405.8
1276890 1412.5
1276900 1417.8
1276910 1422.1
1276920 1422.1
1276930 1426.1
1276940 1430.4
1276950 1430.4
1276960 1435.9
1276970 1440.4
1276980 1440.4
1276990 1443.3
1277000 1446.4
1277010 1446.4
1277020 1448.8
1277030 1450.0
1277040 1450.0
1277050 1452.3
1277060 1454.1
1277070 1454.1
1277080 1455.7
1277090 1457.9
1277100 1457.9
1277110 1461.4
1277120 1465.9
1277130 1465.9
1277140 1470.9
1277150 1475.1
1277160 1476.8
1277170 1476.8
1277180 1476.9
1277190 1477.6
1277200 1477.6
1277210 1478.8
1277220 1480.7
1277230 1480.7
1277240 1483.6
1277250 1486.8
1277260 1486.8
1277270 1490.0
1277280 1492.9
1277290 1492.9
1277300 1495.4
1277310 1496.9
1277320 1496.9
1277330 1499.9
1277340 1503.5
1277350 1503.5
1277360 1508.6
1277370 1515.0
1277380 1521.2
1277390 1521.2
1277400 1526.0
1277410 1529.2
1277420 1529.2
1277430 1531.8
1277440 1535.6
1277450 1535.6
1277460 1540.8
1277470 1551.5
1277480 1551.5
1277490 1557.4
1277500 1563.1
1277510 1563.1
1277520 1567.0
1277530 1568.6
1277540 1568.6
1277550 1568.9
1277560 1570.1
1277570 1570.1
1277580 1573.0
1277590 1575.8
1277600 1578.9
1277610 1578.9
1277620 1580.6
1277630 1583.1
1277640 1583.1
1277650 1586.4
1277660 1588.6
1277670 1588.6
1277680 1591.9
1277690 1594.2
1277700 1594.2
1277710 1594.2
1277720 1594.0
1277730 1594.0
1277740 1594.3
1277750 1595.3
1277760 1595.3
1277770 1596.6
1277780 1597.9
1277790 1597.9
1277800 1599.9
1277810 1601.7
1277820 1601.7
1277830 1604.3
1277840 1608.2
1277850 1611.8
1277860 1611.8
1277870 1613.9
1277880 1615.6
1277890 1615.6
1277900 1617.8
1277910 1620.8
1277920 1620.8
1277930 1623.9
1277940 1626.6
1277950 1626.6
1277960 1629.7
1277970 1632.9
1277980 1632.9
1277990 1636.2
1278000 1639.7
1278010 1639.7
1278020 1643.5
1278030 1647.2
1278040 1647.2
1278050 1650.0
1278060 1651.8
1278070 1653.4
1278080 1653.4
1278090 1655.0
1278100 1656.8
1278110 1656.8
1278120 1659.7
1278130 1661.9
1278140 1661.9
1278150 1664.1
1278160 1664.6
1278170 1664.6
1278180 1664.4
1278190 1664.5
1278200 1664.5
1278210 1665.5
1278220 1666.8
1278230 1666.8
1278240 1667.6
1278250 1668.3
1278260 1668.3
1278270 1668.9
1278280 1669.9
1278290 1670.9
1278300 1670.9
1278310 1672.0
1278320 1673.1
1278330 1673.1
1278340 1674.4
1278350 1675.9
1278360 1675.9
1278370 1677.5
1278380 1679.7
1278390 1679.7
1278400 1683.0
1278410 1686.1
1278420 1686.1
1278430 1688.2
1278440 1689.6
1278450 1689.6
1278460 1690.9
1278470 1692.5
1278480 1692.5
1278490 1693.8
1278500 1694.9
1278510 1694.9
1278520 1695.8
1278530 1696.6
1278540 1697.7
1278550 1697.7
1278560 1698.9
1278570 1698.6
1278580 1698.6
1278590 1697.5
1278600 1697.0
1278610 1697.0
1278620 1697.2
1278630 1697.3
1278640 1697.3
1278650 1697.1
1278660 1697.9
1278670 1697.9
1278680 1699.7
1278690 1701.4
1278700 1699.6
1278710 1701.3
1278720 1702.6
1278730 1702.6
1278740 1703.9
1278750 1705.1
1278760 1706.9
1278770 1706.9
1278780 1709.3
1278790 1711.6
1278800 1711.6
1278810 1713.3
1278820 1714.2
1278830 1714.2
1278840 1714.5
1278850 1714.6
1278860 1714.6
1278870 1714.6
1278880 1714.4
1278890 1714.4
1278900 1712.8
1278910 1709.8
1278920 1709.8
1278930 1706.5
1278940 1704.5
1278950 1704.5
1278960 1703.7
1278970 1702.3
1278980 1699.7
1278990 1699.7
1279000 1697.2
1279010 1694.6
1279020 1694.6
1279030 1691.8
1279040 1689.2
1279050 1689.2
1279060 1686.4
1279070 1683.4
1279080 1683.4
1279090 1680.3
1279100 1677.2
1279110 1677.2
1279120 1673.4
1279130 1669.8
1279140 1669.8
1279150 1666.0
1279160 1662.3
1279170 1662.3
1279180 1657.9
1279190 1653.2
1279200 1653.2
1279210 1648.6
1279220 1643.8
1279230 1637.8
1279240 1637.8
1279250 1631.1
1279260 1625.6
1279270 1625.6
1279280 1621.4
1279290 1617.8
1279300 1617.8
1279310 1614.7
1279320 1605.3
1279330 1605.3
1279340 1602.2
1279350 1599.9
1279360 1599.9
1279370 1596.5
1279380 1593.3
1279390 1593.3
1279400 1591.5
1279410 1590.2
1279420 1590.2
1279430 1589.7
1279440 1589.5
1279450 1587.8
1279460 1587.8
1279470 1584.4
1279480 1580.6
1279490 1580.6
1279500 1577.4
1279510 1575.1
1279520 1575.1
1279530 1572.6
1279540 1571.9
1279550 1571.9
1279560 1573.3
1279570 1574.9
1279580 1574.9
1279590 1576.6
1279600 1578.6
1279610 1578.6
1279620 1580.2
1279630 1581.9
1279640 1581.9
1279650 1583.2
1279660 1585.3
1279670 1587.7
1279680 1587.7
1279690 1589.8
1279700 1592.6
1279710 1592.6
1279720 1595.9
1279730 1597.9
1279740 1597.9
1279750 1598.7
1279760 1598.7
1279770 1598.7
1279780 1598.2
1279790 1597.1
1279800 1597.1
1279810 1595.9
1279820 1595.1
1279830 1595.1
1279840 1593.8
1279850 1592.5
1279860 1592.5
1279870 1590.8
1279880 1588.6
1279890 1588.6
1279900 1586.1
1279910 1584.4
1279920 1582.8
1279930 1582.8
1279940 1575.5
1279950 1573.6
1279960 1573.6
1279970 1571.6
1279980 1569.3
1279990 1569.3
