1260000 1591.8
1260010 1591.8
1260020 1589.5
1260030 1586.2
1260040 1579.8
1260050 1576.6
1260060 1574.5
1260070 1574.5
1260080 1572.1
1260090 1567.9
1260100 1567.9
1260110 1563.2
1260120 1558.3
1260130 1558.3
1260140 1553.2
1260150 1547.0
1260160 1547.0
1260170 1540.3
1260180 1536.9
1260190 1537.7
1260200 1537.7
1260210 1538.0
1260220 1538.3
1260230 1538.3
1260240 1537.3
1260250 1535.0
1260260 1535.0
1260270 1531.0
1260280 1527.4
1260290 1527.4
1260300 1526.3
1260310 1526.2
1260320 1526.2
1260330 1525.4
1260340 1522.7
1260350 1522.7
1260360 1520.4
1260370 1517.5
1260380 1517.5
1260390 1514.8
1260400 1512.7
1260410 1512.2
1260420 1512.2
1260430 1511.6
1260440 1509.3
1260450 1509.3
1260460 1505.8
1260470 1502.6
1260480 1502.6
1260490 1499.8
1260500 1496.9
1260510 1496.9
1260520 1494.4
1260530 1492.2
1260540 1492.2
1260550 1489.6
1260560 1485.9
1260570 1485.9
1260580 1481.7
1260590 1478.5
1260600 1478.5
1260610 1475.5
1260620 1473.7
1260630 1473.7
1260640 1471.9
1260650 1469.3
1260660 1464.8
1260670 1464.8
1260680 1458.6
1260690 1452.8
1260700 1452.8
1260710 1449.1
1260720 1446.9
1260730 1446.9
1260740 1444.3
1260750 1441.5
1260760 1441.5
1260770 1438.1
1260780 1433.8
1260790 1433.8
1260800 1428.9
1260810 1422.9
1260820 1422.9
1260830 1417.3
1260840 1412.5
1260850 1412.5
1260860 1408.2
1260870 1404.0
1260880 1398.5
1260890 1398.5
1260900 1392.5
1260910 1386.2
1260920 1386.2
1260930 1380.8
1260940 1375.8
1260950 1375.8
1260960 1370.9
1260970 1366.4
1260980 1366.4
1260990 1361.0
1261000 1354.9
1261010 1354.9
1261020 1348.8
1261030 1342.5
1261040 1342.5
1261050 1336.1
1261060 1329.8
1261070 1329.8
1261080 1323.4
1261090 1316.9
1261100 1311.1
1261110 1311.1
1261120 1304.6
1261130 1295.6
1261140 1295.6
1261150 1287.1
1261160 1280.8
1261170 1285.1
1261180 1280.6
1261190 1276.3
1261200 1276.3
1261210 1271.0
1261220 1265.3
1261230 1265.3
1261240 1259.3
1261250 1253.3
1261260 1253.3
1261270 1247.3
1261280 1241.6
1261290 1241.6
1261300 1236.3
1261310 1231.2
1261320 1231.2
1261330 1227.1
1261340 1224.3
1261350 1220.0
1261360 1220.0
1261370 1213.6
1261380 1207.2
1261390 1207.2
1261400 1201.5
1261410 1197.3
1261420 1197.3
1261430 1194.3
1261440 1191.7
1261450 1191.7
1261460 1189.1
1261470 1185.4
1261480 1185.4
1261490 1180.7
1261500 1175.9
1261510 1175.9
1261520 1170.4
1261530 1163.7
1261540 1163.7
1261550 1157.6
1261560 1152.1
1261570 1147.2
1261580 1147.2
1261590 1143.1
1261600 1139.0
1261610 1139.0
1261620 1134.7
1261630 1130.2
1261640 1130.2
1261650 1125.8
1261660 1121.3
1261670 1121.3
1261680 1116.1
1261690 1110.6
1261700 1110.6
1261710 1105.4
1261720 1100.0
1261730 1100.0
1261740 1098.5
1261750 1092.7
1261760 1092.7
1261770 1086.8
1261780 1080.7
1261790 1080.7
1261800 1074.5
1261810 1067.9
1261820 1061.7
1261830 1061.7
1261840 1055.5
1261850 1049.4
1261860 1049.4
1261870 1043.4
1261880 1039.0
1261890 1039.0
1261900 1036.4
1261910 1034.7
1261920 1034.7
1261930 1033.0
1261940 1031.1
1261950 1031.1
1261960 1029.0
1261970 1027.1
1261980 1027.1
1261990 1025.3
1262000 1023.5
1262010 1023.5
1262020 1021.7
1262030 1020.1
1262040 1018.6
1262050 1018.6
1262060 1016.6
1262070 1014.3
1262080 1014.3
1262090 1010.9
1262100 1008.2
1262110 1008.2
1262120 1006.6
1262130 1003.1
1262140 1003.1
1262150 998.2
1262160 992.5
1262170 992.5
1262180 987.0
1262190 982.7
1262200 982.7
1262210 978.4
1262220 973.1
1262230 973.1
1262240 969.0
1262250 966.9
1262260 966.9
1262270 965.9
1262280 965.3
1262290 965.7
1262300 965.7
1262310 971.2
1262320 966.6
1262330 966.6
1262340 961.7
1262350 958.1
1262360 958.1
1262370 955.5
1262380 954.6
1262390 954.6
1262400 953.7
1262410 951.4
1262420 951.4
1262430 947.7
1262440 945.1
1262450 945.1
1262460 942.8
1262470 941.1
1262480 941.1
1262490 939.5
1262500 936.7
1262510 934.9
1262520 934.9
1262530 934.2
1262540 933.4
1262550 933.4
1262560 931.2
1262570 929.7
1262580 929.7
1262590 928.1
1262600 927.2
1262610 927.2
1262620 926.0
1262630 925.2
1262640 925.2
1262650 924.6
1262660 923.1
1262670 923.1
1262680 922.3
1262690 921.7
1262700 921.7
1262710 920.6
1262720 919.3
1262730 919.3
1262740 918.6
1262750 918.2
1262760 918.2
1262770 918.2
1262780 918.1
1262790 916.2
1262800 916.2
1262810 914.5
1262820 914.9
1262830 914.9
1262840 917.5
1262850 917.8
1262860 917.8
1262870 917.5
1262880 917.5
1262890 917.7
1262900 917.6
1262910 917.4
1262920 917.4
1262930 917.7
1262940 917.6
1262950 917.6
1262960 917.3
1262970 917.2
1262980 917.5
1262990 917.5
1263000 917.7
1263010 917.5
1263020 917.5
1263030 917.3
1263040 917.2
1263050 917.2
1263060 917.3
1263070 917.4
1263080 917.4
1263090 917.5
1263100 917.4
1263110 917.4
1263120 919.7
1263130 924.3
1263140 924.3
1263150 924.4
1263160 920.5
1263170 920.5
1263180 917.5
1263190 917.8
1263200 917.7
1263210 917.7
1263220 917.4
1263230 916.9
1263240 916.9
1263250 916.1
1263260 916.0
1263270 916.0
1263280 916.0
1263290 916.0
1263300 916.0
1263310 916.0
1263320 916.1
1263330 916.1
1263340 917.2
1263350 918.6
1263360 918.6
1263370 921.1
1263380 924.6
1263390 924.6
1263400 930.0
1263410 936.3
1263420 936.3
1263430 942.8
1263440 949.2
1263450 952.8
1263460 954.2
1263470 956.1
1263480 959.1
1263490 959.1
1263500 962.8
1263510 967.1
1263520 967.1
1263530 971.1
1263540 973.7
1263550 973.7
1263560 977.6
1263570 982.3
1263580 982.3
1263590 987.7
1263600 993.7
1263610 993.7
1263620 1000.0
1263630 1006.1
1263640 1006.1
1263650 1011.2
1263660 1017.0
1263670 1023.5
1263680 1023.5
1263690 1030.0
1263700 1035.2
1263710 1035.2
1263720 1034.9
1263730 1031.0
1263740 1031.0
1263750 1028.0
1263760 1030.2
1263770 1030.2
1263780 1035.5
1263790 1041.7
1263800 1041.7
1263810 1048.3
1263820 1055.9
1263830 1055.9
1263840 1062.4
1263850 1069.1
1263860 1069.1
1263870 1074.8
1263880 1079.8
1263890 1079.8
1263900 1084.9
1263910 1089.4
1263920 1094.4
1263930 1094.4
1263940 1099.2
1263950 1104.1
1263960 1104.1
1263970 1109.0
1263980 1113.6
1263990 1113.6
1264000 1118.2
1264010 1122.1
1264020 1122.1
1264030 1130.1
1264040 1134.4
1264050 1134.4
1264060 1137.7
1264070 1139.3
1264080 1139.3
1264090 1142.0
1264100 1147.4
1264110 1147.4
1264120 1154.5
1264130 1161.4
1264140 1168.5
1264150 1168.5
1264160 1174.9
1264170 1180.5
1264180 1180.5
1264190 1184.8
1264200 1187.0
1264210 1187.0
1264220 1189.0
1264230 1193.3
1264240 1193.3
1264250 1198.2
1264260 1201.9
1264270 1201.9
1264280 1204.2
1264290 1207.6
1264300 1207.6
1264310 1212.6
1264320 1219.2
1264330 1219.2
1264340 1226.3
1264350 1232.7
1264360 1232.7
1264370 1238.5
1264380 1243.8
1264390 1247.8
1264400 1247.8
1264410 1251.8
1264420 1255.6
1264430 1255.6
1264440 1259.1
1264450 1262.7
1264460 1262.7
1264470 1268.2
1264480 1272.4
1264490 1272.4
1264500 1275.8
1264510 1279.7
1264520 1279.7
1264530 1283.8
1264540 1288.7
1264550 1288.7
1264560 1294.3
1264570 1300.0
1264580 1300.0
1264590 1306.6
1264600 1313.3
1264610 1320.8
1264620 1320.8
1264630 1327.4
1264640 1332.0
1264650 1332.0
1264660 1335.4
1264670 1339.2
1264680 1339.2
1264690 1343.6
1264700 1347.0
1264710 1347.0
1264720 1350.3
1264730 1354.6
1264740 1354.6
1264750 1359.6
1264760 1364.5
1264770 1364.5
1264780 1369.1
1264790 1374.0
1264800 1374.0
1264810 1379.6
1264820 1383.9
1264830 1383.9
1264840 1388.7
1264850 1393.2
1264860 1397.0
1264870 1397.0
1264880 1400.9
1264890 1405.3
1264900 1405.3
1264910 1410.1
1264920 1414.6
1264930 1414.6
1264940 1419.1
1264950 1424.1
1264960 1424.1
1264970 1429.1
1264980 1433.4
1264990 1433.4
1265000 1437.1
1265010 1441.5
1265020 1441.5
1265030 1446.0
1265040 1449.9
1265050 1449.9
1265060 1453.7
1265070 1458.0
1265080 1464.0
1265090 1464.0
1265100 1471.5
1265110 1479.3
1265120 1479.3
1265130 1486.5
1265140 1491.7
1265150 1491.7
1265160 1497.2
1265170 1502.8
1265180 1502.8
1265190 1510.5
1265200 1512.1
1265210 1512.1
1265220 1510.4
1265230 1507.7
1265240 1507.7
1265250 1510.8
1265260 1513.4
1265270 1513.4
1265280 1514.4
1265290 1515.6
1265300 1516.9
1265310 1516.9
1265320 1517.0
1265330 1518.1
1265340 1518.1
1265350 1515.9
1265360 1513.9
1265370 1513.9
1265380 1512.2
1265390 1506.5
1265400 1506.5
1265410 1504.9
1265420 1505.8
1265430 1505.8
1265440 1500.8
1265450 1493.5
1265460 1493.5
1265470 1485.3
1265480 1477.9
1265490 1477.9
1265500 1471.4
1265510 1465.3
1265520 1465.3
1265530 1458.8
1265540 1452.4
1265550 1444.8
1265560 1444.8
1265570 1437.0
1265580 1429.3
1265590 1429.3
1265600 1420.6
1265610 1409.0
1265620 1409.0
1265630 1403.5
1265640 1410.7
1265650 1410.7
1265660 1432.0
1265670 1442.9
1265680 1442.9
1265690 1449.0
1265700 1447.4
1265710 1447.4
1265720 1446.8
1265730 1449.6
1265740 1449.6
1265750 1456.2
1265760 1464.1
1265770 1471.3
1265780 1471.3
1265790 1480.4
1265800 1484.4
1265810 1484.4
1265820 1486.2
1265830 1489.5
1265840 1489.5
1265850 1492.2
1265860 1494.6
1265870 1494.6
1265880 1493.1
1265890 1490.4
1265900 1490.4
1265910 1491.8
1265920 1494.4
1265930 1494.4
1265940 1497.0
1265950 1500.6
1265960 1500.6
1265970 1502.0
1265980 1501.5
1265990 1501.5
1266000 1500.7
1266010 1500.8
1266020 1505.3
1266030 1505.3
1266040 1509.8
1266050 1512.0
1266060 1512.0
1266070 1512.2
1266080 1511.4
1266090 1511.4
1266100 1509.9
1266110 1506.8
1266120 1506.8
1266130 1503.2
1266140 1500.4
1266150 1500.4
1266160 1496.8
1266170 1493.8
1266180 1493.8
1266190 1491.4
1266200 1489.5
1266210 1489.5
1266220 1488.1
1266230 1487.7
1266240 1486.0
1266250 1486.0
1266260 1483.2
1266270 1481.5
1266280 1481.5
1266290 1484.0
1266300 1483.6
1266310 1483.6
1266320 1478.2
1266330 1471.8
1266340 1471.8
1266350 1468.6
1266360 1462.8
1266370 1462.8
1266380 1458.5
1266390 1458.1
1266400 1458.1
1266410 1458.8
1266420 1459.3
1266430 1459.3
1266440 1456.8
1266450 1453.9
1266460 1453.9
1266470 1453.8
1266480 1453.7
1266490 1454.8
1266500 1454.8
1266510 1456.1
1266520 1456.2
1266530 1456.2
1266540 1455.4
1266550 1452.9
1266560 1452.9
1266570 1448.3
1266580 1442.4
1266590 1442.4
1266600 1435.9
1266610 1429.7
1266620 1429.7
1266630 1424.6
1266640 1421.4
1266650 1421.4
1266660 1420.5
1266670 1421.2
1266680 1421.2
1266690 1418.7
1266700 1415.2
1266710 1412.3
1266720 1412.3
1266730 1410.1
1266740 1408.3
1266750 1408.3
1266760 1406.9
1266770 1407.6
1266780 1407.6
1266790 1410.9
1266800 1409.3
1266810 1409.3
1266820 1404.1
1266830 1399.0
1266840 1399.0
1266850 1397.4
1266860 1397.1
1266870 1397.1
1266880 1396.7
1266890 1395.8
1266900 1395.8
1266910 1394.7
1266920 1393.5
1266930 1397.1
1266940 1398.5
1266950 1398.6
1266960 1396.4
1266970 1396.4
1266980 1393.9
1266990 1398.8
1267000 1398.8
1267010 1401.6
1267020 1399.9
1267030 1399.9
1267040 1396.2
1267050 1393.9
1267060 1393.9
1267070 1399.8
1267080 1401.8
1267090 1401.8
1267100 1400.8
1267110 1399.9
1267120 1399.9
1267130 1398.5
1267140 1397.6
1267150 1397.6
1267160 1397.4
1267170 1397.1
1267180 1396.7
1267190 1396.7
1267200 1396.0
1267210 1395.7
1267220 1395.7
1267230 1395.2
1267240 1394.0
1267250 1394.0
1267260 1392.5
1267270 1388.5
1267280 1388.5
1267290 1386.4
1267300 1387.8
1267310 1387.8
1267320 1387.3
1267330 1387.6
1267340 1387.6
1267350 1393.5
1267360 1399.7
1267370 1399.7
1267380 1400.9
1267390 1398.9
1267400 1398.9
1267410 1397.6
1267420 1397.4
1267430 1396.9
1267440 1396.9
1267450 1397.0
1267460 1397.0
1267470 1397.0
1267480 1397.1
1267490 1397.5
1267500 1397.5
1267510 1400.6
1267520 1400.5
1267530 1400.5
1267540 1401.2
1267550 1403.1
1267560 1403.1
1267570 1404.1
1267580 1405.7
1267590 1405.7
1267600 1406.7
1267610 1407.7
1267620 1407.7
1267630 1409.1
1267640 1410.5
1267650 1408.8
1267660 1408.8
1267670 1407.0
1267680 1407.5
1267690 1407.5
1267700 1411.9
1267710 1418.3
1267720 1418.3
1267730 1423.6
1267740 1428.0
1267750 1428.0
1267760 1431.9
1267770 1435.7
1267780 1435.7
1267790 1440.3
1267800 1444.8
1267810 1444.8
1267820 1449.1
1267830 1453.8
1267840 1453.8
1267850 1458.4
1267860 1462.4
1267870 1467.0
1267880 1467.0
1267890 1472.4
1267900 1477.1
1267910 1477.1
1267920 1481.4
1267930 1485.2
1267940 1485.2
1267950 1488.6
1267960 1491.4
1267970 1491.4
1267980 1494.2
1267990 1496.4
1268000 1496.4
1268010 1498.8
1268020 1501.2
1268030 1501.2
1268040 1502.8
1268050 1504.7
1268060 1504.7
1268070 1506.8
1268080 1509.0
1268090 1509.0
1268100 1511.8
1268110 1514.7
1268120 1518.0
1268130 1518.0
1268140 1522.3
1268150 1525.8
1268160 1525.8
1268170 1529.2
1268180 1533.0
1268190 1533.0
1268200 1536.2
1268210 1538.7
1268220 1538.7
1268230 1541.1
1268240 1543.6
1268250 1543.6
1268260 1545.9
1268270 1546.6
1268280 1546.6
1268290 1549.2
1268300 1553.2
1268310 1553.2
1268320 1557.5
1268330 1560.6
1268340 1564.6
1268350 1564.6
1268360 1568.4
1268370 1571.3
1268380 1571.3
1268390 1574.0
1268400 1576.6
1268410 1576.6
1268420 1579.0
1268430 1581.1
1268440 1581.1
1268450 1582.5
1268460 1585.3
1268470 1585.3
1268480 1588.8
1268490 1592.4
1268500 1592.4
1268510 1596.6
1268520 1601.0
1268530 1601.0
1268540 1605.3
1268550 1608.5
1268560 1608.5
1268570 1611.4
1268580 1613.7
1268590 1615.6
1268600 1615.6
1268610 1617.6
1268620 1620.2
1268630 1620.2
1268640 1623.5
1268650 1627.3
1268660 1627.3
1268670 1632.1
1268680 1636.8
1268690 1637.0
1268700 1640.2
1268710 1642.7
1268720 1642.7
1268730 1645.6
1268740 1649.1
1268750 1649.1
1268760 1651.4
1268770 1653.7
1268780 1653.7
1268790 1656.1
1268800 1658.7
1268810 1661.3
1268820 1661.3
1268830 1663.8
1268840 1668.4
1268850 1668.4
1268860 1672.4
1268870 1675.8
1268880 1675.8
1268890 1678.9
1268900 1681.3
1268910 1681.3
1268920 1683.1
1268930 1686.6
1268940 1686.6
1268950 1690.5
1268960 1693.3
1268970 1693.3
1268980 1696.5
1268990 1699.5
1269000 1699.5
1269010 1702.0
1269020 1705.2
1269030 1705.2
1269040 1710.3
1269050 1714.4
1269060 1715.4
1269070 1715.4
1269080 1713.6
1269090 1710.3
1269100 1710.3
1269110 1707.7
1269120 1705.0
1269130 1705.0
1269140 1702.9
1269150 1703.7
1269160 1703.7
1269170 1706.6
1269180 1709.9
1269190 1709.9
1269200 1712.9
1269210 1714.2
1269220 1714.2
1269230 1713.7
1269240 1712.6
1269250 1712.6
1269260 1711.4
1269270 1710.4
1269280 1712.4
1269290 1712.4
1269300 1710.7
1269310 1708.5
1269320 1708.5
1269330 1706.3
1269340 1704.0
1269350 1704.0
1269360 1702.3
1269370 1700.8
1269380 1700.8
1269390 1698.4
1269400 1695.9
1269410 1695.9
1269420 1693.3
1269430 1690.9
1269440 1690.9
1269450 1687.9
1269460 1684.9
1269470 1684.9
1269480 1682.2
1269490 1678.9
1269500 1678.9
1269510 1675.2
1269520 1671.4
1269530 1667.6
1269540 1667.6
1269550 1664.3
1269560 1661.9
1269570 1661.9
1269580 1660.1
1269590 1657.9
1269600 1657.9
1269610 1656.5
1269620 1655.9
1269630 1655.9
1269640 1655.1
1269650 1652.6
1269660 1652.6
1269670 1649.2
1269680 1644.8
1269690 1644.8
1269700 1638.7
1269710 1634.3
1269720 1634.3
1269730 1632.4
1269740 1630.5
1269750 1629.5
1269760 1629.5
1269770 1628.3
1269780 1626.1
1269790 1626.1
1269800 1624.6
1269810 1621.6
1269820 1621.6
1269830 1618.6
1269840 1618.2
1269850 1618.2
1269860 1618.1
1269870 1621.6
1269880 1621.6
1269890 1621.7
1269900 1623.1
1269910 1623.1
1269920 1626.6
1269930 1629.6
1269940 1629.6
1269950 1632.0
1269960 1634.1
1269970 1636.6
1269980 1636.6
1269990 1639.4
1270000 1642.1
1270010 1642.1
1270020 1645.0
1270030 1647.7
1270040 1647.7
1270050 1649.9
1270060 1652.7
1270070 1652.7
1270080 1656.0
1270090 1658.4
1270100 1658.4
1270110 1662.8
1270120 1666.7
1270130 1666.7
1270140 1671.2
1270150 1676.6
1270160 1676.6
1270170 1681.0
1270180 1686.2
1270190 1686.2
1270200 1691.0
1270210 1694.9
1270220 1698.0
1270230 1698.0
1270240 1700.8
1270250 1703.6
1270260 1703.6
1270270 1705.9
1270280 1708.0
1270290 1708.0
1270300 1709.1
1270310 1710.4
1270320 1710.4
1270330 1711.5
1270340 1712.5
1270350 1712.5
1270360 1713.2
1270370 1713.9
1270380 1713.9
1270390 1715.0
1270400 1716.1
1270410 1716.1
1270420 1717.1
1270430 1718.7
1270440 1720.1
1270450 1720.1
1270460 1723.8
1270470 1725.3
1270480 1725.3
1270490 1726.4
1270500 1726.8
1270510 1726.8
1270520 1726.5
1270530 1727.6
1270540 1727.6
1270550 1730.1
1270560 1731.3
1270570 1731.3
1270580 1732.2
1270590 1733.7
1270600 1733.7
1270610 1735.3
1270620 1736.3
1270630 1736.3
1270640 1737.0
1270650 1737.5
1270660 1737.5
1270670 1737.9
1270680 1737.8
1270690 1738.7
1270700 1738.7
1270710 1739.8
1270720 1741.5
1270730 1741.5
1270740 1743.1
1270750 1743.8
1270760 1743.8
1270770 1744.5
1270780 1744.7
1270790 1744.7
1270800 1745.6
1270810 1746.4
1270820 1746.4
1270830 1747.1
1270840 1748.9
1270850 1748.9
1270860 1750.2
1270870 1750.8
1270880 1750.8
1270890 1751.0
1270900 1751.2
1270910 1751.0
1270920 1751.0
1270930 1750.9
1270940 1752.0
1270950 1752.0
1270960 1752.2
1270970 1751.6
1270980 1751.6
1270990 1750.7
1271000 1750.3
1271010 1750.3
1271020 1749.9
1271030 1749.1
1271040 1749.1
1271050 1748.3
1271060 1747.2
1271070 1747.2
1271080 1745.1
1271090 1742.5
1271100 1742.5
1271110 1740.3
1271120 1737.2
1271130 1737.2
1271140 1733.3
1271150 1729.7
1271160 1727.4
1271170 1727.4
1271180 1724.8
1271190 1721.5
1271200 1721.5
1271210 1717.6
1271220 1713.8
1271230 1713.8
1271240 1710.6
1271250 1707.5
1271260 1707.5
1271270 1704.3
1271280 1700.8
1271290 1700.8
1271300 1697.7
1271310 1695.0
1271320 1695.0
1271330 1692.9
1271340 1690.2
1271350 1690.2
1271360 1687.6
1271370 1685.4
1271380 1683.2
1271390 1683.2
1271400 1681.5
1271410 1679.6
1271420 1679.6
1271430 1676.8
1271440 1674.3
1271450 1674.3
1271460 1671.8
1271470 1669.9
1271480 1669.9
1271490 1668.2
1271500 1665.4
1271510 1665.4
1271520 1662.1
1271530 1659.0
1271540 1659.0
1271550 1656.0
1271560 1653.2
1271570 1653.2
1271580 1650.3
1271590 1647.3
1271600 1647.3
1271610 1643.1
1271620 1638.2
1271630 1633.7
1271640 1633.7
1271650 1629.6
1271660 1625.8
1271670 1625.8
1271680 1622.8
1271690 1619.4
1271700 1619.4
1271710 1615.4
1271720 1611.6
1271730 1611.6
1271740 1607.9
1271750 1604.6
1271760 1604.6
1271770 1601.0
1271780 1596.8
1271790 1596.8
1271800 1592.8
1271810 1588.9
1271820 1588.9
1271830 1584.8
1271840 1582.1
1271850 1580.0
1271860 1580.0
1271870 1578.0
1271880 1575.7
1271890 1575.7
1271900 1573.1
1271910 1570.0
1271920 1570.0
1271930 1565.8
1271940 1562.7
1271950 1562.7
1271960 1562.4
1271970 1563.9
1271980 1563.9
1271990 1565.5
1272000 1566.0
1272010 1566.0
1272020 1565.9
1272030 1563.4
1272040 1563.4
1272050 1560.8
1272060 1562.0
1272070 1563.3
1272080 1563.3
1272090 1563.6
1272100 1564.4
1272110 1564.4
1272120 1564.7
1272130 1564.9
1272140 1564.9
1272150 1565.7
1272160 1566.6
1272170 1566.6
1272180 1567.0
1272190 1567.3
1272200 1567.3
1272210 1567.0
1272220 1565.9
1272230 1565.9
1272240 1562.8
1272250 1562.1
1272260 1562.1
1272270 1561.4
1272280 1561.1
1272290 1561.1
1272300 1561.0
1272310 1560.8
1272320 1561.3
1272330 1561.3
1272340 1562.8
1272350 1564.9
1272360 1564.9
1272370 1566.4
1272380 1566.8
1272390 1566.8
1272400 1566.7
1272410 1567.5
1272420 1567.5
1272430 1568.4
1272440 1568.8
1272450 1568.8
1272460 1568.9
1272470 1568.9
1272480 1568.9
1272490 1569.0
1272500 1568.3
1272510 1568.3
1272520 1566.7
1272530 1565.2
1272540 1563.8
1272550 1563.8
1272560 1562.4
1272570 1560.4
1272580 1560.4
1272590 1558.0
1272600 1556.2
1272610 1556.2
1272620 1553.9
1272630 1552.4
1272640 1552.4
1272650 1551.3
1272660 1548.6
1272670 1548.6
1272680 1544.8
1272690 1539.9
1272700 1539.9
1272710 1535.3
1272720 1531.2
1272730 1531.2
1272740 1527.7
1272750 1524.2
1272760 1524.2
1272770 1520.8
1272780 1516.8
1272790 1513.0
1272800 1513.0
1272810 1510.6
1272820 1510.1
1272830 1510.1
1272840 1506.6
1272850 1506.0
1272860 1506.0
1272870 1503.8
1272880 1500.9
1272890 1500.9
1272900 1500.5
1272910 1498.6
1272920 1498.6
1272930 1496.6
1272940 1495.8
1272950 1495.8
1272960 1495.0
1272970 1494.0
1272980 1494.0
1272990 1494.4
1273000 1494.6
1273010 1489.0
1273020 1489.0
1273030 1483.2
1273040 1479.0
1273050 1479.0
1273060 1475.7
1273070 1472.3
1273080 1472.3
1273090 1469.2
1273100 1465.4
1273110 1465.4
1273120 1460.9
1273130 1452.8
1273140 1452.8
1273150 1442.4
1273160 1434.6
1273170 1434.6
1273180 1429.5
1273190 1424.6
1273200 1424.6
1273210 1418.3
1273220 1412.4
1273230 1412.4
1273240 1407.1
1273250 1402.2
1273260 1397.6
1273270 1397.6
1273280 1390.9
1273290 1383.7
1273300 1383.7
1273310 1376.7
1273320 1368.0
1273330 1368.0
1273340 1358.2
1273350 1350.8
1273360 1350.8
1273370 1345.6
1273380 1341.7
1273390 1341.7
1273400 1338.5
1273410 1335.2
1273420 1335.2
1273430 1330.4
1273440 1322.2
1273450 1322.2
1273460 1314.9
1273470 1308.9
1273480 1303.9
1273490 1303.9
1273500 1297.3
1273510 1288.3
1273520 1288.3
1273530 1280.7
1273540 1274.6
1273550 1274.6
1273560 1269.6
1273570 1265.1
1273580 1265.1
1273590 1260.9
1273600 1256.2
1273610 1256.2
1273620 1251.1
1273630 1246.7
1273640 1246.7
1273650 1241.5
1273660 1236.5
1273670 1236.5
1273680 1231.6
1273690 1228.2
1273700 1228.2
1273710 1224.5
1273720 1220.0
1273730 1215.4
1273740 1215.4
1273750 1209.9
1273760 1204.5
1273770 1204.5
1273780 1201.7
1273790 1197.4
1273800 1197.4
1273810 1191.8
1273820 1187.2
1273830 1187.2
1273840 1184.0
1273850 1180.4
1273860 1180.4
1273870 1176.5
1273880 1171.5
1273890 1171.5
1273900 1167.1
1273910 1163.2
1273920 1163.2
1273930 1159.2
1273940 1153.5
1273950 1147.3
1273960 1147.3
1273970 1141.6
1273980 1134.0
1273990 1134.0
1274000 1124.0
1274010 1112.3
1274020 1112.3
1274030 1100.1
1274040 1089.0
1274050 1089.8
1274060 1079.8
1274070 1077.1
1274080 1077.1
1274090 1076.8
1274100 1076.5
1274110 1076.5
1274120 1074.1
1274130 1068.1
1274140 1068.1
1274150 1060.4
1274160 1052.1
1274170 1044.2
1274180 1044.2
1274190 1036.7
1274200 1029.1
1274210 1029.1
1274220 1021.2
1274230 1013.4
1274240 1013.4
1274250 1006.5
1274260 999.3
1274270 999.3
1274280 992.9
1274290 987.9
1274300 987.9
1274310 980.6
1274320 973.9
1274330 973.9
1274340 967.7
1274350 962.2
1274360 962.2
1274370 956.8
1274380 951.7
1274390 951.7
1274400 947.0
1274410 942.2
1274420 937.0
1274430 937.0
1274440 932.0
1274450 928.2
1274460 928.2
1274470 925.6
1274480 922.8
1274490 922.8
1274500 919.0
1274510 917.1
1274520 917.1
1274530 916.7
1274540 916.3
1274550 916.3
1274560 916.3
1274570 916.3
1274580 916.3
1274590 916.2
1274600 916.0
1274610 916.0
1274620 915.8
1274630 915.6
1274640 915.4
1274650 916.5
1274660 916.2
1274670 915.9
1274680 915.9
1274690 915.8
1274700 915.5
1274710 915.5
1274720 912.8
1274730 907.3
1274740 907.3
1274750 904.1
1274760 903.3
1274770 903.3
1274780 900.3
1274790 896.2
1274800 896.2
1274810 894.4
1274820 897.3
1274830 897.3
1274840 903.7
1274850 909.7
1274860 909.7
1274870 913.9
1274880 918.5
1274890 924.2
1274900 924.2
1274910 930.4
1274920 935.0
1274930 935.0
1274940 937.2
1274950 939.6
1274960 939.6
1274970 942.1
1274980 945.7
1274990 945.7
1275000 951.9
1275010 958.2
1275020 958.2
1275030 959.8
1275040 962.1
1275050 962.1
1275060 966.6
1275070 970.6
1275080 970.6
1275090 974.1
1275100 975.7
1275110 976.8
1275120 976.8
1275130 979.0
1275140 981.3
1275150 981.3
1275160 983.8
1275170 986.2
1275180 986.2
1275190 988.6
1275200 991.5
1275210 991.5
1275220 994.1
1275230 995.9
1275240 995.9
1275250 997.3
1275260 998.6
1275270 998.6
1275280 999.7
1275290 1000.3
1275300 1000.3
1275310 1000.6
1275320 1000.8
1275330 1000.8
1275340 1001.0
1275350 1001.0
1275360 1001.0
1275370 1001.0
1275380 1001.1
1275390 1001.3
1275400 1001.3
1275410 1001.4
1275420 1001.6
1275430 1001.6
1275440 1001.6
1275450 1001.8
1275460 1001.8
1275470 1002.9
1275480 1003.5
1275490 1003.5
1275500 1004.1
1275510 1004.8
1275520 1004.8
1275530 1006.8
1275540 1010.4
1275550 1010.4
1275560 1013.2
1275570 1018.5
1275580 1021.9
1275590 1021.9
1275600 1023.5
1275610 1025.3
1275620 1025.3
1275630 1030.2
1275640 1033.5
1275650 1033.5
1275660 1035.1
1275670 1037.2
1275680 1037.2
1275690 1039.9
1275700 1042.8
1275710 1042.8
1275720 1046.9
1275730 1052.5
1275740 1052.5
1275750 1056.3
1275760 1059.4
1275770 1059.4
1275780 1061.3
1275790 1061.9
1275800 1063.7
1275810 1063.7
1275820 1067.5
1275830 1072.4
1275840 1072.4
1275850 1077.1
1275860 1075.5
1275870 1075.5
1275880 1079.1
1275890 1083.3
1275900 1083.3
1275910 1088.2
1275920 1092.6
1275930 1092.6
1275940 1097.8
1275950 1103.5
1275960 1103.5
1275970 1107.7
1275980 1110.5
1275990 1110.5
1276000 1112.5
1276010 1113.4
1276020 1113.4
1276030 1115.5
1276040 1119.5
1276050 1123.5
1276060 1123.5
1276070 1127.6
1276080 1131.8
1276090 1131.8
1276100 1135.2
1276110 1137.7
1276120 1137.7
1276130 1139.6
1276140 1141.4
1276150 1141.4
1276160 1143.6
1276170 1145.5
1276180 1145.5
1276190 1147.5
1276200 1149.7
1276210 1149.7
1276220 1151.7
1276230 1153.8
1276240 1153.8
1276250 1156.3
1276260 1159.7
1276270 1164.6
1276280 1164.6
1276290 1169.9
1276300 1173.8
1276310 1173.8
1276320 1175.6
1276330 1177.6
1276340 1177.6
1276350 1180.4
1276360 1182.9
1276370 1182.9
1276380 1184.8
1276390 1187.7
1276400 1187.7
1276410 1190.3
1276420 1192.8
1276430 1192.8
1276440 1197.2
1276450 1201.0
1276460 1201.0
1276470 1202.4
1276480 1204.3
1276490 1204.3
1276500 1206.2
1276510 1208.5
1276520 1210.3
1276530 1210.3
1276540 1212.4
1276550 1215.5
1276560 1215.5
1276570 1218.8
1276580 1223.0
1276590 1223.0
1276600 1226.6
1276610 1230.1
1276620 1230.1
1276630 1233.0
1276640 1235.8
1276650 1235.8
1276660 1237.9
1276670 1240.0
1276680 1240.0
1276690 1241.8
1276700 1245.2
1276710 1245.2
1276720 1247.4
1276730 1249.2
1276740 1251.7
1276750 1251.7
1276760 1255.2
1276770 1259.8
1276780 1259.8
1276790 1264.0
1276800 1268.6
1276810 1268.6
1276820 1273.0
1276830 1277.8
1276840 1277.8
1276850 1283.8
1276860 1290.4
1276870 1290.4
1276880 1296.2
1276890 1301.0
1276900 1301.0
1276910 1307.9
1276920 1316.1
1276930 1316.1
1276940 1323.6
1276950 1330.4
1276960 1330.4
1276970 1335.1
1276980 1337.2
1276990 1338.2
1277000 1338.2
1277010 1340.3
1277020 1342.8
1277030 1342.8
1277040 1344.6
1277050 1345.1
1277060 1345.1
1277070 1346.1
1277080 1344.6
1277090 1344.6
1277100 1344.2
1277110 1344.2
1277120 1344.2
1277130 1346.6
1277140 1350.5
1277150 1350.5
1277160 1353.8
1277170 1356.3
1277180 1356.3
1277190 1358.4
1277200 1361.5
1277210 1365.3
1277220 1365.3
1277230 1368.2
1277240 1370.8
1277250 1370.8
1277260 1372.9
1277270 1376.3
1277280 1376.3
1277290 1380.5
1277300 1384.4
1277310 1384.4
1277320 1387.7
1277330 1391.1
1277340 1391.1
1277350 1394.8
1277360 1397.6
1277370 1397.6
1277380 1400.0
1277390 1402.9
1277400 1402.9
1277410 1406.6
1277420 1410.8
1277430 1413.9
1277440 1413.9
1277450 1415.2
1277460 1416.1
1277470 1416.1
1277480 1417.4
1277490 1420.5
1277500 1420.5
1277510 1424.2
1277520 1427.3
1277530 1427.3
1277540 1430.7
1277550 1434.0
1277560 1434.0
1277570 1435.9
1277580 1436.3
1277590 1436.3
1277600 1438.1
1277610 1440.1
1277620 1440.1
1277630 1440.6
1277640 1440.7
1277650 1440.7
1277660 1442.3
1277670 1444.7
1277680 1445.4
1277690 1445.4
1277700 1436.4
1277710 1434.5
1277720 1434.5
1277730 1433.1
1277740 1432.3
1277750 1432.3
1277760 1432.5
1277770 1432.2
1277780 1432.2
1277790 1431.6
1277800 1432.4
1277810 1432.4
1277820 1433.7
1277830 1435.5
1277840 1435.5
1277850 1439.5
1277860 1444.6
1277870 1444.6
1277880 1449.5
1277890 1453.8
1277900 1457.6
1277910 1457.6
1277920 1456.6
1277930 1455.4
1277940 1455.4
1277950 1457.7
1277960 1462.2
1277970 1462.2
1277980 1467.4
1277990 1472.1
1278000 1472.1
1278010 1480.2
1278020 1491.1
1278030 1491.1
1278040 1500.3
1278050 1507.5
1278060 1507.5
1278070 1515.4
1278080 1522.3
1278090 1522.3
1278100 1524.8
1278110 1529.7
1278120 1529.7
1278130 1536.5
1278140 1544.0
1278150 1550.5
1278160 1550.5
1278170 1554.8
1278180 1561.3
1278190 1561.3
1278200 1567.5
1278210 1573.5
1278220 1573.5
1278230 1579.9
1278240 1585.6
1278250 1585.6
1278260 1590.3
1278270 1595.9
1278280 1595.9
1278290 1602.2
1278300 1606.1
1278310 1607.9
1278320 1613.8
1278330 1621.4
1278340 1621.4
1278350 1625.3
1278360 1628.8
1278370 1633.6
1278380 1633.6
1278390 1639.4
1278400 1643.3
1278410 1643.3
1278420 1647.7
1278430 1654.2
1278440 1654.2
1278450 1659.5
1278460 1663.1
1278470 1663.1
1278480 1667.2
1278490 1673.2
1278500 1673.2
1278510 1679.6
1278520 1685.0
1278530 1685.0
1278540 1690.2
1278550 1695.7
1278560 1695.7
1278570 1701.6
1278580 1705.0
1278590 1709.2
1278600 1709.2
1278610 1713.9
1278620 1718.2
1278630 1718.2
1278640 1722.5
1278650 1727.2
1278660 1727.2
1278670 1732.0
1278680 1737.0
1278690 1737.0
1278700 1742.5
1278710 1748.5
1278720 1748.5
1278730 1754.2
1278740 1760.3
1278750 1760.3
1278760 1766.0
1278770 1771.3
1278780 1771.3
1278790 1775.9
1278800 1778.2
1278810 1778.2
1278820 1781.8
1278830 1786.4
1278840 1790.7
1278850 1790.7
1278860 1795.1
1278870 1799.6
1278880 1799.6
1278890 1803.0
1278900 1806.2
1278910 1806.2
1278920 1809.2
1278930 1811.9
1278940 1811.9
1278950 1815.4
1278960 1819.0
1278970 1819.0
1278980 1822.0
1278990 1824.6
1279000 1824.6
1279010 1828.1
1279020 1831.7
1279030 1831.7
1279040 1836.2
1279050 1841.3
1279060 1847.3
1279070 1847.3
1279080 1852.9
1279090 1856.9
1279100 1856.9
1279110 1860.2
1279120 1864.5
1279130 1864.5
1279140 1868.2
1279150 1871.6
1279160 1871.6
1279170 1875.5
1279180 1879.3
1279190 1879.3
1279200 1883.9
1279210 1888.1
1279220 1888.1
1279230 1891.7
1279240 1894.2
1279250 1894.2
1279260 1896.4
1279270 1899.1
1279280 1899.1
1279290 1901.6
1279300 1904.2
1279310 1907.5
1279320 1907.5
1279330 1910.5
1279340 1913.1
1279350 1913.1
1279360 1915.5
1279370 1918.1
1279380 1918.1
1279390 1921.5
1279400 1927.3
1279410 1927.3
1279420 1933.4
1279430 1938.0
1279440 1938.0
1279450 1941.9
1279460 1944.8
1279470 1944.8
1279480 1947.8
1279490 1950.5
1279500 1950.5
1279510 1952.2
1279520 1952.6
1279530 1952.4
1279540 1952.4
1279550 1950.9
1279560 1953.2
1279570 1953.2
1279580 1956.8
1279590 1962.1
1279600 1962.1
1279610 1968.4
1279620 1974.1
1279630 1974.1
1279640 1977.8
1279650 1979.3
1279660 1979.3
1279670 1982.3
1279680 1985.8
1279690 1985.8
1279700 1988.9
1279710 1992.5
1279720 1992.5
1279730 1996.6
1279740 2000.2
1279750 2000.2
1279760 2003.7
1279770 2006.9
1279780 2010.7
1279790 2010.7
1279800 2016.1
1279810 2020.4
1279820 2020.4
1279830 2024.3
1279840 2028.3
1279850 2028.3
1279860 2031.9
1279870 2035.2
1279880 2035.2
1279890 2038.3
1279900 2041.3
1279910 2041.3
1279920 2043.0
1279930 2044.1
1279940 2044.1
1279950 2047.3
1279960 2054.1
1279970 2054.1
1279980 2059.3
1279990 2062.2
