1260000 1705.3
1260010 1701.5
1260020 1698.1
1260030 1698.1
1260040 1693.4
1260050 1688.4
1260060 1683.2
1260070 1683.2
1260080 1677.7
1260090 1672.3
1260100 1672.3
1260110 1666.9
1260120 1661.7
1260130 1661.7
1260140 1656.8
1260150 1652.6
1260160 1652.6
1260170 1648.7
1260180 1644.3
1260190 1644.3
1260200 1639.6
1260210 1634.9
1260220 1634.9
1260230 1630.2
1260240 1625.2
1260250 1625.2
1260260 1620.7
1260270 1616.4
1260280 1616.4
1260290 1612.9
1260300 1608.7
1260310 1604.6
1260320 1604.6
1260330 1600.7
1260340 1597.9
1260350 1597.9
1260360 1593.5
1260370 1588.9
1260380 1588.9
1260390 1583.3
1260400 1576.9
1260410 1576.9
1260420 1570.3
1260430 1562.7
1260440 1562.7
1260450 1554.1
1260460 1544.2
1260470 1544.2
1260480 1535.7
1260490 1528.6
1260500 1528.6
1260510 1522.8
1260520 1516.3
1260530 1509.8
1260540 1509.8
1260550 1501.6
1260560 1495.3
1260570 1495.3
1260580 1491.8
1260590 1489.5
1260600 1489.5
1260610 1486.8
1260620 1483.2
1260630 1483.2
1260640 1478.6
1260650 1472.6
1260660 1472.6
1260670 1465.9
1260680 1457.3
1260690 1457.3
1260700 1448.3
1260710 1440.8
1260720 1440.8
1260730 1437.2
1260740 1437.3
1260750 1437.3
1260760 1435.6
1260770 1431.4
1260780 1428.1
1260790 1428.1
1260800 1425.2
1260810 1421.6
1260820 1421.6
1260830 1416.6
1260840 1411.5
1260850 1411.5
1260860 1406.4
1260870 1400.8
1260880 1400.8
1260890 1395.6
1260900 1391.6
1260910 1391.6
1260920 1388.4
1260930 1385.6
1260940 1385.6
1260950 1382.5
1260960 1378.9
1260970 1378.9
1260980 1374.2
1260990 1368.8
1261000 1363.9
1261010 1363.9
1261020 1360.4
1261030 1356.4
1261040 1356.4
1261050 1350.0
1261060 1342.5
1261070 1342.5
1261080 1335.6
1261090 1330.6
1261100 1330.6
1261110 1327.2
1261120 1319.8
1261130 1319.8
1261140 1316.8
1261150 1314.4
1261160 1314.4
1261170 1311.4
1261180 1308.1
1261190 1308.1
1261200 1305.2
1261210 1302.5
1261220 1302.5
1261230 1298.9
1261240 1293.5
1261250 1287.9
1261260 1287.9
1261270 1280.8
1261280 1274.2
1261290 1274.2
1261300 1268.3
1261310 1260.6
1261320 1260.6
1261330 1254.5
1261340 1250.6
1261350 1250.6
1261360 1246.8
1261370 1244.5
1261380 1244.5
1261390 1243.7
1261400 1243.0
1261410 1243.0
1261420 1241.1
1261430 1238.4
1261440 1238.4
1261450 1236.6
1261460 1235.5
1261470 1235.1
1261480 1235.1
1261490 1235.2
1261500 1234.5
1261510 1234.5
1261520 1233.9
1261530 1233.2
1261540 1233.2
1261550 1233.3
1261560 1233.3
1261570 1233.3
1261580 1231.8
1261590 1226.9
1261600 1226.9
1261610 1220.6
1261620 1214.3
1261630 1214.3
1261640 1208.2
1261650 1202.7
1261660 1202.7
1261670 1197.6
1261680 1192.7
1261690 1186.6
1261700 1186.6
1261710 1181.5
1261720 1175.6
1261730 1175.6
1261740 1169.5
1261750 1163.5
1261760 1163.5
1261770 1157.9
1261780 1153.3
1261790 1153.3
1261800 1148.2
1261810 1143.0
1261820 1143.0
1261830 1137.7
1261840 1132.2
1261850 1132.2
1261860 1127.2
1261870 1121.6
1261880 1121.6
1261890 1115.9
1261900 1110.9
1261910 1110.9
1261920 1106.1
1261930 1101.1
1261940 1095.9
1261950 1095.9
1261960 1090.5
1261970 1085.3
1261980 1085.3
1261990 1080.1
1262000 1075.0
1262010 1075.0
1262020 1069.6
1262030 1063.2
1262040 1063.2
1262050 1056.5
1262060 1050.3
1262070 1050.3
1262080 1044.5
1262090 1038.8
1262100 1038.8
1262110 1034.0
1262120 1029.5
1262130 1029.5
1262140 1024.7
1262150 1020.7
1262160 1017.5
1262170 1017.5
1262180 1015.4
1262190 1013.8
1262200 1013.8
1262210 1011.4
1262220 1007.7
1262230 1007.7
1262240 1003.4
1262250 1000.3
1262260 998.4
1262270 996.5
1262280 994.3
1262290 994.3
1262300 990.9
1262310 986.2
1262320 986.2
1262330 982.9
1262340 980.5
1262350 980.5
1262360 978.5
1262370 974.7
1262380 974.7
1262390 969.6
1262400 964.1
1262410 959.4
1262420 959.4
1262430 954.0
1262440 948.6
1262450 948.6
1262460 942.6
1262470 936.4
1262480 936.4
1262490 930.2
1262500 925.1
1262510 925.1
1262520 921.9
1262530 920.5
1262540 920.5
1262550 919.7
1262560 919.1
1262570 919.1
1262580 918.6
1262590 918.1
1262600 918.1
1262610 917.7
1262620 917.2
1262630 916.8
1262640 916.8
1262650 916.6
1262660 916.7
1262670 916.7
1262680 916.7
1262690 916.7
1262700 916.7
1262710 916.6
1262720 916.5
1262730 916.5
1262740 916.5
1262750 916.4
1262760 916.4
1262770 916.5
1262780 916.6
1262790 916.6
1262800 916.5
1262810 916.5
1262820 916.5
1262830 917.1
1262840 917.0
1262850 917.0
1262860 916.7
1262870 916.3
1262880 915.9
1262890 915.9
1262900 915.3
1262910 915.2
1262920 915.2
1262930 914.9
1262940 914.6
1262950 914.6
1262960 914.3
1262970 913.8
1262980 913.8
1262990 912.6
1263000 911.2
1263010 911.2
1263020 910.1
1263030 909.7
1263040 909.7
1263050 909.5
1263060 909.4
1263070 909.4
1263080 909.3
1263090 909.4
1263100 909.8
1263110 909.8
1263120 910.4
1263130 911.1
1263140 911.1
1263150 911.5
1263160 911.5
1263170 911.5
1263180 911.4
1263190 911.3
1263200 911.3
1263210 911.1
1263220 911.0
1263230 911.0
1263240 911.0
1263250 911.0
1263260 911.0
1263270 911.0
1263280 910.7
1263290 910.7
1263300 910.3
1263310 909.9
1263320 909.9
1263330 909.9
1263340 909.9
1263350 909.8
1263360 909.8
1263370 909.8
1263380 909.6
1263390 909.6
1263400 910.4
1263410 910.3
1263420 910.3
1263430 910.4
1263440 910.7
1263450 910.7
1263460 910.9
1263470 911.2
1263480 911.2
1263490 911.7
1263500 911.8
1263510 911.8
1263520 911.7
1263530 912.2
1263540 912.2
1263550 913.8
1263560 914.4
1263570 914.7
1263580 914.7
1263590 916.0
1263600 918.3
1263610 918.3
1263620 924.1
1263630 930.7
1263640 930.7
1263650 936.1
1263660 941.5
1263670 941.5
1263680 947.9
1263690 954.4
1263700 954.4
1263710 959.7
1263720 962.5
1263730 962.5
1263740 965.9
1263750 970.6
1263760 970.6
1263770 973.3
1263780 976.2
1263790 976.2
1263800 979.9
1263810 983.7
1263820 987.8
1263830 987.8
1263840 992.0
1263850 996.2
1263860 996.2
1263870 1000.7
1263880 1003.4
1263890 1003.4
1263900 1004.1
1263910 1005.2
1263920 1005.2
1263930 1008.2
1263940 1012.7
1263950 1012.7
1263960 1018.3
1263970 1023.8
1263980 1024.8
1263990 1030.0
1264000 1035.0
1264010 1035.0
1264020 1039.2
1264030 1043.4
1264040 1048.3
1264050 1048.3
1264060 1052.6
1264070 1056.1
1264080 1056.1
1264090 1057.7
1264100 1059.4
1264110 1059.4
1264120 1062.2
1264130 1065.6
1264140 1065.6
1264150 1069.8
1264160 1074.3
1264170 1074.3
1264180 1079.5
1264190 1086.0
1264200 1086.0
1264210 1092.7
1264220 1099.8
1264230 1099.8
1264240 1106.7
1264250 1113.4
1264260 1113.4
1264270 1119.3
1264280 1127.0
1264290 1134.7
1264300 1134.7
1264310 1141.6
1264320 1147.9
1264330 1147.9
1264340 1154.1
1264350 1159.8
1264360 1159.8
1264370 1164.5
1264380 1169.0
1264390 1169.0
1264400 1174.2
1264410 1179.0
1264420 1179.0
1264430 1183.4
1264440 1188.2
1264450 1188.2
1264460 1193.8
1264470 1199.2
1264480 1199.2
1264490 1204.5
1264500 1210.5
1264510 1216.4
1264520 1216.4
1264530 1222.2
1264540 1227.5
1264550 1227.1
1264560 1232.4
1264570 1237.1
1264580 1237.1
1264590 1242.6
1264600 1247.8
1264610 1247.8
1264620 1254.1
1264630 1258.6
1264640 1258.6
1264650 1260.9
1264660 1262.0
1264670 1262.0
1264680 1263.3
1264690 1264.9
1264700 1264.9
1264710 1268.6
1264720 1273.8
1264730 1273.8
1264740 1279.5
1264750 1284.3
1264760 1288.6
1264770 1288.6
1264780 1293.0
1264790 1296.9
1264800 1296.9
1264810 1299.4
1264820 1303.0
1264830 1303.0
1264840 1306.5
1264850 1309.1
1264860 1309.1
1264870 1312.3
1264880 1315.1
1264890 1315.1
1264900 1317.8
1264910 1320.7
1264920 1320.7
1264930 1323.3
1264940 1325.3
1264950 1325.3
1264960 1326.1
1264970 1327.9
1264980 1331.0
1264990 1331.0
1265000 1335.3
1265010 1339.1
1265020 1339.1
1265030 1341.5
1265040 1342.9
1265050 1342.9
1265060 1347.3
1265070 1351.5
1265080 1351.5
1265090 1352.5
1265100 1354.6
1265110 1354.6
1265120 1358.4
1265130 1367.3
1265140 1367.3
1265150 1370.8
1265160 1373.4
1265170 1373.4
1265180 1374.8
1265190 1375.3
1265200 1375.9
1265210 1375.9
1265220 1376.3
1265230 1376.5
1265240 1376.5
1265250 1378.4
1265260 1379.8
1265270 1379.8
1265280 1380.5
1265290 1381.3
1265300 1381.3
1265310 1379.5
1265320 1380.6
1265330 1380.6
1265340 1385.2
1265350 1388.0
1265360 1388.0
1265370 1392.3
1265380 1396.1
1265390 1396.1
1265400 1395.4
1265410 1392.6
1265420 1392.6
1265430 1396.3
1265440 1397.0
1265450 1391.7
1265460 1391.7
1265470 1385.3
1265480 1378.9
1265490 1378.9
1265500 1372.8
1265510 1367.1
1265520 1367.1
1265530 1361.6
1265540 1355.9
1265550 1355.9
1265560 1350.2
1265570 1343.7
1265580 1343.7
1265590 1335.1
1265600 1327.1
1265610 1327.1
1265620 1319.1
1265630 1310.2
1265640 1310.2
1265650 1304.7
1265660 1312.0
1265670 1321.2
1265680 1321.2
1265690 1328.9
1265700 1333.9
1265710 1337.4
1265720 1340.9
1265730 1345.3
1265740 1345.3
1265750 1348.6
1265760 1351.7
1265770 1351.7
1265780 1354.3
1265790 1357.0
1265800 1357.0
1265810 1360.3
1265820 1363.3
1265830 1363.3
1265840 1366.9
1265850 1370.9
1265860 1370.9
1265870 1368.5
1265880 1362.7
1265890 1362.7
1265900 1359.3
1265910 1361.6
1265920 1365.0
1265930 1365.0
1265940 1368.7
1265950 1369.5
1265960 1369.5
1265970 1367.1
1265980 1364.7
1265990 1364.7
1266000 1364.9
1266010 1367.0
1266020 1367.0
1266030 1368.9
1266040 1366.1
1266050 1366.1
1266060 1360.3
1266070 1354.4
1266080 1354.4
1266090 1348.3
1266100 1344.1
1266110 1344.1
1266120 1342.7
1266130 1344.0
1266140 1346.8
1266150 1346.8
1266160 1350.7
1266170 1352.7
1266180 1352.7
1266190 1352.7
1266200 1352.6
1266210 1352.6
1266220 1350.5
1266230 1346.8
1266240 1346.8
1266250 1342.1
1266260 1337.4
1266270 1337.4
1266280 1334.1
1266290 1335.1
1266300 1335.1
1266310 1332.2
1266320 1329.2
1266330 1329.2
1266340 1326.6
1266350 1324.9
1266360 1324.9
1266370 1324.9
1266380 1325.2
1266390 1326.1
1266400 1326.1
1266410 1328.1
1266420 1329.0
1266430 1329.0
1266440 1327.4
1266450 1325.5
1266460 1325.5
1266470 1323.8
1266480 1322.6
1266490 1322.6
1266500 1322.3
1266510 1322.8
1266520 1322.8
1266530 1323.6
1266540 1323.9
1266550 1323.9
1266560 1323.3
1266570 1320.6
1266580 1320.6
1266590 1317.2
1266600 1317.0
1266610 1319.4
1266620 1319.4
1266630 1320.1
1266640 1319.6
1266650 1319.6
1266660 1321.5
1266670 1323.7
1266680 1323.7
1266690 1323.5
1266700 1319.7
1266710 1319.7
1266720 1315.7
1266730 1314.3
1266740 1314.3
1266750 1313.1
1266760 1311.8
1266770 1311.8
1266780 1311.8
1266790 1311.6
1266800 1311.6
1266810 1311.3
1266820 1310.8
1266830 1310.8
1266840 1310.4
1266850 1310.1
1266860 1309.8
1266870 1312.1
1266880 1311.6
1266890 1311.6
1266900 1311.6
1266910 1312.2
1266920 1312.4
1266930 1312.4
1266940 1310.9
1266950 1309.7
1266960 1309.7
1266970 1308.1
1266980 1308.3
1266990 1308.3
1267000 1309.2
1267010 1305.5
1267020 1305.5
1267030 1298.9
1267040 1297.2
1267050 1297.2
1267060 1297.6
1267070 1295.3
1267080 1295.6
1267090 1295.6
1267100 1304.0
1267110 1310.0
1267120 1310.0
1267130 1314.6
1267140 1320.8
1267150 1320.8
1267160 1325.9
1267170 1331.4
1267180 1331.4
1267190 1334.9
1267200 1338.4
1267210 1338.4
1267220 1342.5
1267230 1347.2
1267240 1347.2
1267250 1349.7
1267260 1351.2
1267270 1351.2
1267280 1353.7
1267290 1357.0
1267300 1357.0
1267310 1360.5
1267320 1364.1
1267330 1368.1
1267340 1368.1
1267350 1371.2
1267360 1373.1
1267370 1373.1
1267380 1374.1
1267390 1376.0
1267400 1376.0
1267410 1378.6
1267420 1380.7
1267430 1380.7
1267440 1382.6
1267450 1384.3
1267460 1380.6
1267470 1383.0
1267480 1386.6
1267490 1386.6
1267500 1390.5
1267510 1393.8
1267520 1393.8
1267530 1396.3
1267540 1398.4
1267550 1400.2
1267560 1400.2
1267570 1402.3
1267580 1404.9
1267590 1404.9
1267600 1408.2
1267610 1411.4
1267620 1411.4
1267630 1414.7
1267640 1419.0
1267650 1419.0
1267660 1424.0
1267670 1428.8
1267680 1428.8
1267690 1432.4
1267700 1436.4
1267710 1436.4
1267720 1440.4
1267730 1443.9
1267740 1443.9
1267750 1447.7
1267760 1451.9
1267770 1451.9
1267780 1456.0
1267790 1459.6
1267800 1462.6
1267810 1462.6
1267820 1466.2
1267830 1470.5
1267840 1470.5
1267850 1474.5
1267860 1478.0
1267870 1478.0
1267880 1481.4
1267890 1484.5
1267900 1484.5
1267910 1487.2
1267920 1489.7
1267930 1489.7
1267940 1492.3
1267950 1495.3
1267960 1495.3
1267970 1497.7
1267980 1500.8
1267990 1500.8
1268000 1504.3
1268010 1508.4
1268020 1513.2
1268030 1513.2
1268040 1518.6
1268050 1523.5
1268060 1523.5
1268070 1528.2
1268080 1532.4
1268090 1532.4
1268100 1536.9
1268110 1540.4
1268120 1540.4
1268130 1541.0
1268140 1540.3
1268150 1540.3
1268160 1541.6
1268170 1543.6
1268180 1543.6
1268190 1545.8
1268200 1549.7
1268210 1549.7
1268220 1554.3
1268230 1557.9
1268240 1557.9
1268250 1561.3
1268260 1565.1
1268270 1569.7
1268280 1569.7
1268290 1573.6
1268300 1577.1
1268310 1577.1
1268320 1579.8
1268330 1582.6
1268340 1582.6
1268350 1585.1
1268360 1587.8
1268370 1587.8
1268380 1591.3
1268390 1594.8
1268400 1594.8
1268410 1598.1
1268420 1601.1
1268430 1601.1
1268440 1602.8
1268450 1604.1
1268460 1604.1
1268470 1605.1
1268480 1606.4
1268490 1608.7
1268500 1608.7
1268510 1611.8
1268520 1615.1
1268530 1615.1
1268540 1618.5
1268550 1623.0
1268560 1623.0
1268570 1627.8
1268580 1632.0
1268590 1632.0
1268600 1635.7
1268610 1638.7
1268620 1638.7
1268630 1643.9
1268640 1646.4
1268650 1646.4
1268660 1648.5
1268670 1650.2
1268680 1650.2
1268690 1651.8
1268700 1653.0
1268710 1653.0
1268720 1654.6
1268730 1655.8
1268740 1656.7
1268750 1656.7
1268760 1657.4
1268770 1658.1
1268780 1658.1
1268790 1658.7
1268800 1659.5
1268810 1659.5
1268820 1658.8
1268830 1658.1
1268840 1658.1
1268850 1657.2
1268860 1655.6
1268870 1655.6
1268880 1654.4
1268890 1653.4
1268900 1653.4
1268910 1652.5
1268920 1652.3
1268930 1652.3
1268940 1652.7
1268950 1653.2
1268960 1652.4
1268970 1652.4
1268980 1651.1
1268990 1649.3
1269000 1649.3
1269010 1647.7
1269020 1645.7
1269030 1645.7
1269040 1643.5
1269050 1641.4
1269060 1641.4
1269070 1639.4
1269080 1636.9
1269090 1636.9
1269100 1633.9
1269110 1631.2
1269120 1631.2
1269130 1628.9
1269140 1626.4
1269150 1626.4
1269160 1624.2
1269170 1621.8
1269180 1619.8
1269190 1619.8
1269200 1617.7
1269210 1615.5
1269220 1617.8
1269230 1615.6
1269240 1613.4
1269250 1613.4
1269260 1611.5
1269270 1609.2
1269280 1609.2
1269290 1606.8
1269300 1604.5
1269310 1604.5
1269320 1602.7
1269330 1600.7
1269340 1600.7
1269350 1598.1
1269360 1595.2
1269370 1595.2
1269380 1592.6
1269390 1590.2
1269400 1590.2
1269410 1587.7
1269420 1584.7
1269430 1582.7
1269440 1582.7
1269450 1580.2
1269460 1577.3
1269470 1577.3
1269480 1574.6
1269490 1572.4
1269500 1572.4
1269510 1570.5
1269520 1568.4
1269530 1568.4
1269540 1566.1
1269550 1563.7
1269560 1563.7
1269570 1561.5
1269580 1559.1
1269590 1559.1
1269600 1556.2
1269610 1554.1
1269620 1554.1
1269630 1553.3
1269640 1553.4
1269650 1553.7
1269660 1553.7
1269670 1553.5
1269680 1552.6
1269690 1552.6
1269700 1551.2
1269710 1551.3
1269720 1551.3
1269730 1555.1
1269740 1559.8
1269750 1559.8
1269760 1561.0
1269770 1561.2
1269780 1561.2
1269790 1561.8
1269800 1562.0
1269810 1565.1
1269820 1561.3
1269830 1555.2
1269840 1555.2
1269850 1550.8
1269860 1549.6
1269870 1549.6
1269880 1552.2
1269890 1555.2
1269900 1558.8
1269910 1558.8
1269920 1561.7
1269930 1563.1
1269940 1563.1
1269950 1563.9
1269960 1565.0
1269970 1565.0
1269980 1566.1
1269990 1567.7
1270000 1567.7
1270010 1569.4
1270020 1570.9
1270030 1570.9
1270040 1572.3
1270050 1573.5
1270060 1573.5
1270070 1574.4
1270080 1575.3
1270090 1575.3
1270100 1576.2
1270110 1576.8
1270120 1577.4
1270130 1577.4
1270140 1578.0
1270150 1578.7
1270160 1578.7
1270170 1579.5
1270180 1580.5
1270190 1580.5
1270200 1581.4
1270210 1582.0
1270220 1582.0
1270230 1582.6
1270240 1583.1
1270250 1583.1
1270260 1583.4
1270270 1583.9
1270280 1583.9
1270290 1584.9
1270300 1587.4
1270310 1587.4
1270320 1589.1
1270330 1590.7
1270340 1590.7
1270350 1592.7
1270360 1595.0
1270370 1596.8
1270380 1596.8
1270390 1598.6
1270400 1601.7
1270410 1601.7
1270420 1604.5
1270430 1607.6
1270440 1607.6
1270450 1611.3
1270460 1615.1
1270470 1615.1
1270480 1618.7
1270490 1623.1
1270500 1623.1
1270510 1627.4
1270520 1631.5
1270530 1631.5
1270540 1635.6
1270550 1639.8
1270560 1639.8
1270570 1644.1
1270580 1646.8
1270590 1649.5
1270600 1649.5
1270610 1651.6
1270620 1653.9
1270630 1653.9
1270640 1656.8
1270650 1660.8
1270660 1660.8
1270670 1665.3
1270680 1670.1
1270690 1670.1
1270700 1675.2
1270710 1680.6
1270720 1680.6
1270730 1687.1
1270740 1694.2
1270750 1694.2
1270760 1701.1
1270770 1707.4
1270780 1707.4
1270790 1713.2
1270800 1718.9
1270810 1718.9
1270820 1723.3
1270830 1725.9
1270840 1727.7
1270850 1727.7
1270860 1729.7
1270870 1731.7
1270880 1731.7
1270890 1732.6
1270900 1733.1
1270910 1733.1
1270920 1733.5
1270930 1733.7
1270940 1733.7
1270950 1733.9
1270960 1733.7
1270970 1733.7
1270980 1733.5
1270990 1733.4
1271000 1733.3
1271010 1733.1
1271020 1732.7
1271030 1732.7
1271040 1732.7
1271050 1732.5
1271060 1732.4
1271070 1732.4
1271080 1732.7
1271090 1732.6
1271100 1732.6
1271110 1732.4
1271120 1731.5
1271130 1731.5
1271140 1730.3
1271150 1728.1
1271160 1728.1
1271170 1725.0
1271180 1721.9
1271190 1721.9
1271200 1719.7
1271210 1716.3
1271220 1716.3
1271230 1714.1
1271240 1711.9
1271250 1711.9
1271260 1708.5
1271270 1704.5
1271280 1704.5
1271290 1700.1
1271300 1695.2
1271310 1690.5
1271320 1690.5
1271330 1687.1
1271340 1683.9
1271350 1683.9
1271360 1680.0
1271370 1675.5
1271380 1675.5
1271390 1671.6
1271400 1667.9
1271410 1667.9
1271420 1664.3
1271430 1661.3
1271440 1661.3
1271450 1658.7
1271460 1656.2
1271470 1656.2
1271480 1654.2
1271490 1651.9
1271500 1651.9
1271510 1648.8
1271520 1646.0
1271530 1642.8
1271540 1642.8
1271550 1639.3
1271560 1635.3
1271570 1635.3
1271580 1631.6
1271590 1629.3
1271600 1629.3
1271610 1625.6
1271620 1621.7
1271630 1621.7
1271640 1618.2
1271650 1615.5
1271660 1615.5
1271670 1613.2
1271680 1611.2
1271690 1611.2
1271700 1609.6
1271710 1608.2
1271720 1608.2
1271730 1607.0
1271740 1606.0
1271750 1606.0
1271760 1605.1
1271770 1604.0
1271780 1602.9
1271790 1602.9
1271800 1601.7
1271810 1600.5
1271820 1600.5
1271830 1599.5
1271840 1598.8
1271850 1598.8
1271860 1598.6
1271870 1599.6
1271880 1599.6
1271890 1600.9
1271900 1603.0
1271910 1603.0
1271920 1605.3
1271930 1607.5
1271940 1607.5
1271950 1610.6
1271960 1614.2
1271970 1614.2
1271980 1617.7
1271990 1620.7
1272000 1623.2
1272010 1623.2
1272020 1625.0
1272030 1626.1
1272040 1626.1
1272050 1625.5
1272060 1623.5
1272070 1623.5
1272080 1621.3
1272090 1619.4
1272100 1619.4
1272110 1618.0
1272120 1617.1
1272130 1617.1
1272140 1616.3
1272150 1615.3
1272160 1615.3
1272170 1613.5
1272180 1611.8
1272190 1610.1
1272200 1609.8
1272210 1609.8
1272220 1609.7
1272230 1609.7
1272240 1609.4
1272250 1609.1
1272260 1609.1
1272270 1608.7
1272280 1608.4
1272290 1608.4
1272300 1608.1
1272310 1608.7
1272320 1608.7
1272330 1609.2
1272340 1609.2
1272350 1609.2
1272360 1608.7
1272370 1608.7
1272380 1608.7
1272390 1609.4
1272400 1608.3
1272410 1608.3
1272420 1604.2
1272430 1599.6
1272440 1599.6
1272450 1595.8
1272460 1593.1
1272470 1591.6
1272480 1591.6
1272490 1590.4
1272500 1588.5
1272510 1588.5
1272520 1585.3
1272530 1581.2
1272540 1581.2
1272550 1577.0
1272560 1574.4
1272570 1574.4
1272580 1572.7
1272590 1570.0
1272600 1570.0
1272610 1565.7
1272620 1561.7
1272630 1561.7
1272640 1559.3
1272650 1557.7
1272660 1557.7
1272670 1556.0
1272680 1553.9
1272690 1552.1
1272700 1552.1
1272710 1550.6
1272720 1549.5
1272730 1549.5
1272740 1547.4
1272750 1545.7
1272760 1545.7
1272770 1544.0
1272780 1542.6
1272790 1543.1
1272800 1541.2
1272810 1537.8
1272820 1537.8
1272830 1533.5
1272840 1529.3
1272850 1529.3
1272860 1524.3
1272870 1518.8
1272880 1518.8
1272890 1512.5
1272900 1506.6
1272910 1506.6
1272920 1500.5
1272930 1495.4
1272940 1491.1
1272950 1491.1
1272960 1487.3
1272970 1484.4
1272980 1484.4
1272990 1481.7
1273000 1479.7
1273010 1479.7
1273020 1477.4
1273030 1472.4
1273040 1472.4
1273050 1465.7
1273060 1457.4
1273070 1457.4
1273080 1450.5
1273090 1444.4
1273100 1444.4
1273110 1437.4
1273120 1425.1
1273130 1425.1
1273140 1416.3
1273150 1408.2
1273160 1400.7
1273170 1400.7
1273180 1393.9
1273190 1387.6
1273200 1387.6
1273210 1381.9
1273220 1376.5
1273230 1376.5
1273240 1371.4
1273250 1365.9
1273260 1365.9
1273270 1360.6
1273280 1355.1
1273290 1355.1
1273300 1349.3
1273310 1345.8
1273320 1345.8
1273330 1342.6
1273340 1338.6
1273350 1338.6
1273360 1335.3
1273370 1331.5
1273380 1331.5
1273390 1326.3
1273400 1317.7
1273410 1307.9
1273420 1307.9
1273430 1299.3
1273440 1292.5
1273450 1292.5
1273460 1288.3
1273470 1285.1
1273480 1285.1
1273490 1281.8
1273500 1278.1
1273510 1278.1
1273520 1274.5
1273530 1270.3
1273540 1270.3
1273550 1265.4
1273560 1260.3
1273570 1260.3
1273580 1255.3
1273590 1251.6
1273600 1251.6
1273610 1248.5
1273620 1243.9
1273630 1240.2
1273640 1240.2
1273650 1234.7
1273660 1229.4
1273670 1229.4
1273680 1223.5
1273690 1215.7
1273700 1215.7
1273710 1208.6
1273720 1201.7
1273730 1201.7
1273740 1195.3
1273750 1189.6
1273760 1189.6
1273770 1184.0
1273780 1177.3
1273790 1177.3
1273800 1170.5
1273810 1163.3
1273820 1163.3
1273830 1155.3
1273840 1147.2
1273850 1147.2
1273860 1138.8
1273870 1131.1
1273880 1124.1
1273890 1124.1
1273900 1117.5
1273910 1112.0
1273920 1112.0
1273930 1106.3
1273940 1101.1
1273950 1101.1
1273960 1096.7
1273970 1094.2
1273980 1094.2
1273990 1091.2
1274000 1084.7
1274010 1084.7
1274020 1079.4
1274030 1078.9
1274040 1078.9
1274050 1076.0
1274060 1068.5
1274070 1068.5
1274080 1062.1
1274090 1056.7
1274100 1050.8
1274110 1050.8
1274120 1044.1
1274130 1039.4
1274140 1039.4
1274150 1037.1
1274160 1031.0
1274170 1031.0
1274180 1023.6
1274190 1018.8
1274200 1018.8
1274210 1014.2
1274220 1010.0
1274230 1010.0
1274240 1004.2
1274250 997.2
1274260 997.2
1274270 990.4
1274280 986.3
1274290 986.3
1274300 979.5
1274310 972.7
1274320 972.7
1274330 967.8
1274340 963.6
1274350 960.4
1274360 960.4
1274370 956.2
1274380 951.6
1274390 951.6
1274400 947.1
1274410 942.5
1274420 942.5
1274430 936.4
1274440 931.4
1274450 931.4
1274460 926.9
1274470 924.6
1274480 924.6
1274490 917.1
1274500 908.1
1274510 908.1
1274520 896.9
1274530 890.1
1274540 890.1
1274550 888.4
1274560 888.9
1274570 890.5
1274580 890.5
1274590 892.9
1274600 901.5
1274610 901.5
1274620 908.0
1274630 913.1
1274640 913.1
1274650 920.5
1274660 927.6
1274670 927.6
1274680 934.1
1274690 938.7
1274700 938.7
1274710 941.3
1274720 944.1
1274730 944.1
1274740 948.3
1274750 953.2
1274760 953.2
1274770 957.0
1274780 952.4
1274790 952.4
1274800 952.1
1274810 960.4
1274820 966.0
1274830 966.0
1274840 967.1
1274850 967.9
1274860 967.9
1274870 968.7
1274880 969.5
1274890 969.5
1274900 970.3
1274910 971.1
1274920 971.1
1274930 971.8
1274940 972.8
1274950 972.8
1274960 974.5
1274970 975.7
1274980 975.7
1274990 976.6
1275000 977.4
1275010 977.4
1275020 978.1
1275030 978.9
1275040 979.8
1275050 979.8
1275060 981.1
1275070 982.7
1275080 982.7
1275090 983.5
1275100 984.3
1275110 984.3
1275120 986.1
1275130 988.7
1275140 988.7
1275150 990.7
1275160 992.8
1275170 992.8
1275180 994.7
1275190 996.1
1275200 995.6
1275210 998.4
1275220 1000.9
1275230 1000.9
1275240 1002.6
1275250 1004.1
1275260 1005.7
1275270 1005.7
1275280 1007.2
1275290 1008.9
1275300 1008.9
1275310 1010.4
1275320 1011.6
1275330 1011.6
1275340 1012.8
1275350 1013.8
1275360 1013.8
1275370 1015.0
1275380 1017.4
1275390 1017.4
1275400 1020.5
1275410 1022.8
1275420 1022.8
1275430 1025.0
1275440 1027.3
1275450 1027.3
1275460 1030.5
1275470 1034.8
1275480 1034.8
1275490 1039.1
1275500 1044.9
1275510 1051.5
1275520 1051.5
1275530 1056.0
1275540 1060.9
1275550 1060.9
1275560 1065.5
1275570 1069.6
1275580 1069.6
1275590 1075.1
1275600 1080.5
1275610 1080.5
1275620 1082.8
1275630 1085.8
1275640 1085.8
1275650 1089.1
1275660 1091.2
1275670 1091.2
1275680 1093.3
1275690 1097.5
1275700 1097.5
1275710 1101.4
1275720 1102.9
1275730 1104.8
1275740 1104.8
1275750 1107.9
1275760 1111.4
1275770 1111.4
1275780 1115.0
1275790 1118.9
1275800 1118.9
1275810 1125.4
1275820 1129.4
1275830 1129.4
1275840 1130.9
1275850 1135.9
1275860 1135.9
1275870 1140.2
1275880 1143.2
1275890 1143.2
1275900 1147.1
1275910 1151.7
1275920 1151.7
1275930 1154.6
1275940 1157.6
1275950 1157.6
1275960 1160.4
1275970 1164.6
1275980 1168.2
1275990 1168.2
1276000 1171.5
1276010 1174.8
1276020 1174.8
1276030 1177.6
1276040 1180.4
1276050 1180.4
1276060 1184.0
1276070 1187.3
1276080 1187.3
1276090 1190.6
1276100 1194.3
1276110 1194.3
1276120 1199.3
1276130 1205.3
1276140 1205.3
1276150 1209.2
1276160 1212.7
1276170 1212.7
1276180 1216.8
1276190 1221.4
1276200 1224.9
1276210 1224.9
1276220 1227.7
1276230 1231.2
1276240 1231.2
1276250 1234.7
1276260 1237.3
1276270 1237.3
1276280 1239.8
1276290 1242.7
1276300 1242.7
1276310 1247.0
1276320 1251.4
1276330 1251.4
1276340 1253.8
1276350 1255.9
1276360 1255.9
1276370 1260.2
1276380 1265.8
1276390 1265.8
1276400 1269.7
1276410 1272.8
1276420 1272.8
1276430 1277.1
1276440 1281.0
1276450 1282.7
1276460 1282.7
1276470 1282.2
1276480 1287.3
1276490 1287.3
1276500 1291.9
1276510 1295.9
1276520 1295.9
1276530 1298.5
1276540 1300.1
1276550 1300.1
1276560 1303.2
1276570 1307.2
1276580 1307.2
1276590 1311.5
1276600 1313.2
1276610 1313.2
1276620 1315.1
1276630 1316.6
1276640 1316.6
1276650 1318.3
1276660 1320.4
1276670 1322.4
1276680 1322.4
1276690 1324.9
1276700 1327.8
1276710 1327.8
1276720 1331.0
1276730 1333.8
1276740 1333.8
1276750 1336.3
1276760 1339.1
1276770 1339.1
1276780 1342.3
1276790 1346.2
1276800 1346.2
1276810 1349.9
1276820 1353.4
1276830 1353.4
1276840 1357.7
1276850 1361.8
1276860 1361.8
1276870 1366.0
1276880 1370.8
1276890 1370.8
1276900 1375.1
1276910 1378.0
1276920 1380.1
1276930 1380.1
1276940 1382.4
1276950 1385.5
1276960 1385.5
1276970 1390.0
1276980 1395.0
1276990 1395.0
1277000 1399.4
1277010 1403.0
1277020 1403.0
1277030 1405.5
1277040 1409.7
1277050 1409.7
1277060 1412.8
1277070 1415.4
1277080 1415.4
1277090 1418.7
1277100 1422.9
1277110 1422.9
1277120 1427.6
1277130 1430.8
1277140 1432.9
1277150 1432.9
1277160 1435.7
1277170 1439.7
1277180 1439.7
1277190 1444.8
1277200 1449.2
1277210 1449.2
1277220 1453.5
1277230 1458.2
1277240 1458.2
1277250 1461.6
1277260 1463.8
1277270 1463.8
1277280 1466.3
1277290 1468.9
1277300 1468.9
1277310 1471.4
1277320 1474.5
1277330 1474.5
1277340 1477.6
1277350 1481.7
1277360 1485.7
1277370 1485.7
1277380 1489.8
1277390 1494.3
1277400 1494.3
1277410 1498.4
1277420 1502.1
1277430 1502.1
1277440 1505.4
1277450 1509.3
1277460 1509.3
1277470 1513.1
1277480 1516.9
1277490 1516.9
1277500 1520.8
1277510 1525.1
1277520 1525.1
1277530 1529.4
1277540 1533.4
1277550 1533.4
1277560 1536.5
1277570 1539.4
1277580 1539.4
1277590 1542.5
1277600 1546.0
1277610 1550.3
1277620 1550.3
1277630 1554.3
1277640 1555.1
1277650 1555.1
1277660 1558.8
1277670 1563.7
1277680 1563.7
1277690 1571.4
1277700 1576.3
1277710 1576.3
1277720 1579.0
1277730 1581.6
1277740 1581.6
1277750 1584.0
1277760 1586.0
1277770 1586.0
1277780 1588.1
1277790 1590.1
1277800 1590.1
1277810 1593.4
1277820 1597.3
1277830 1600.8
1277840 1600.8
1277850 1603.2
1277860 1606.5
1277870 1606.5
1277880 1610.9
1277890 1617.9
1277900 1617.9
1277910 1623.8
1277920 1626.4
1277930 1626.4
1277940 1629.1
1277950 1632.5
1277960 1632.5
1277970 1636.4
1277980 1640.0
1277990 1640.0
1278000 1642.8
1278010 1646.1
1278020 1646.1
1278030 1649.5
1278040 1651.6
1278050 1651.6
1278060 1652.7
1278070 1653.1
1278080 1653.9
1278090 1653.9
1278100 1655.2
1278110 1656.6
1278120 1656.6
1278130 1657.9
1278140 1661.1
1278150 1661.1
1278160 1665.1
1278170 1669.4
1278180 1669.4
1278190 1673.6
1278200 1677.5
1278210 1677.5
1278220 1679.9
1278230 1680.2
1278240 1680.2
1278250 1672.8
1278260 1671.1
1278270 1671.1
1278280 1668.4
1278290 1665.1
1278300 1665.6
1278310 1665.6
1278320 1669.1
1278330 1672.4
1278340 1672.4
1278350 1674.7
1278360 1675.6
1278370 1675.6
1278380 1676.5
1278390 1677.8
1278400 1677.8
1278410 1678.9
1278420 1680.4
1278430 1680.4
1278440 1682.0
1278450 1682.5
1278460 1682.5
1278470 1683.3
1278480 1685.5
1278490 1685.5
1278500 1687.2
1278510 1688.8
1278520 1688.8
1278530 1690.8
1278540 1691.9
1278550 1694.8
1278560 1694.8
1278570 1696.8
1278580 1696.8
1278590 1696.8
1278600 1696.4
1278610 1696.3
1278620 1696.3
1278630 1696.3
1278640 1695.9
1278650 1695.9
1278660 1697.5
1278670 1702.5
1278680 1702.5
1278690 1704.8
1278700 1705.1
1278710 1705.1
1278720 1704.7
1278730 1703.2
1278740 1703.2
1278750 1705.0
1278760 1708.2
1278770 1708.8
1278780 1708.8
1278790 1708.1
1278800 1707.7
1278810 1707.7
1278820 1706.8
1278830 1705.6
1278840 1705.6
1278850 1704.6
1278860 1702.9
1278870 1697.7
1278880 1701.4
1278890 1709.7
1278900 1709.7
1278910 1716.5
1278920 1721.2
1278930 1721.2
1278940 1727.0
1278950 1732.5
1278960 1732.5
1278970 1736.7
1278980 1742.4
1278990 1742.4
1279000 1747.8
1279010 1752.5
1279020 1756.2
1279030 1756.2
1279040 1762.3
1279050 1769.4
1279060 1769.4
1279070 1773.9
1279080 1778.7
1279090 1778.7
1279100 1784.2
1279110 1789.6
1279120 1789.6
1279130 1795.5
1279140 1803.1
1279150 1803.1
1279160 1811.4
1279170 1819.2
1279180 1819.2
1279190 1827.1
1279200 1833.1
1279210 1833.1
1279220 1837.9
1279230 1842.7
1279240 1849.2
1279250 1849.2
1279260 1856.8
1279270 1863.2
1279280 1863.2
1279290 1868.3
1279300 1872.4
1279310 1872.4
1279320 1878.1
1279330 1883.3
1279340 1883.3
1279350 1888.7
1279360 1894.4
1279370 1894.4
1279380 1900.3
1279390 1905.8
1279400 1905.8
1279410 1910.8
1279420 1916.4
1279430 1916.4
1279440 1921.5
1279450 1926.4
1279460 1931.0
1279470 1931.0
1279480 1934.8
1279490 1938.3
1279500 1938.3
1279510 1941.5
1279520 1946.7
1279530 1946.7
1279540 1951.1
1279550 1954.3
1279560 1954.3
1279570 1957.3
1279580 1960.6
1279590 1960.6
1279600 1964.5
1279610 1967.7
1279620 1967.7
1279630 1970.5
1279640 1972.9
1279650 1972.9
1279660 1975.3
1279670 1978.1
1279680 1978.1
1279690 1980.8
1279700 1983.6
1279710 1986.4
1279720 1986.4
1279730 1989.0
1279740 1991.8
1279750 1991.8
1279760 1994.4
1279770 1996.6
1279780 1996.6
1279790 1999.5
1279800 2003.1
1279810 2003.1
1279820 2007.1
1279830 2011.1
1279840 2011.1
1279850 2014.7
1279860 2018.4
1279870 2018.4
1279880 2021.9
1279890 2025.0
1279900 2025.0
1279910 2028.6
1279920 2032.1
1279930 2035.0
1279940 2035.0
1279950 2037.6
1279960 2040.3
1279970 2040.3
1279980 2043.0
1279990 2045.0
