1260000 1705.3
1260010 1701.5
1260020 1698.1
1260030 1698.1
1260040 1693.4
1260050 1688.4
1260060 1688.4
1260070 1683.2
1260080 1677.7
1260090 1672.3
1260100 1672.3
1260110 1666.9
1260120 1661.7
1260130 1661.7
1260140 1656.8
1260150 1652.6
1260160 1652.6
1260170 1645.9
1260180 1641.2
1260190 1641.2
1260200 1636.3
1260210 1631.7
1260220 1631.7
1260230 1627.3
1260240 1622.8
1260250 1622.8
1260260 1618.2
1260270 1613.6
1260280 1613.6
1260290 1609.1
1260300 1605.1
1260310 1601.3
1260320 1601.3
1260330 1598.1
1260340 1594.8
1260350 1594.8
1260360 1590.9
1260370 1586.6
1260380 1586.6
1260390 1581.6
1260400 1575.7
1260410 1575.7
1260420 1569.4
1260430 1562.9
1260440 1562.9
1260450 1555.5
1260460 1547.0
1260470 1547.0
1260480 1538.6
1260490 1531.0
1260500 1531.0
1260510 1524.1
1260520 1517.0
1260530 1517.0
1260540 1509.5
1260550 1501.6
1260560 1495.3
1260570 1495.3
1260580 1491.8
1260590 1489.5
1260600 1489.5
1260610 1486.8
1260620 1483.2
1260630 1483.2
1260640 1478.6
1260650 1472.6
1260660 1472.6
1260670 1465.9
1260680 1457.3
1260690 1457.3
1260700 1448.3
1260710 1440.8
1260720 1440.8
1260730 1431.8
1260740 1428.3
1260750 1428.3
1260760 1427.1
1260770 1425.1
1260780 1423.4
1260790 1423.4
1260800 1422.0
1260810 1419.4
1260820 1419.4
1260830 1415.0
1260840 1408.8
1260850 1408.8
1260860 1402.5
1260870 1396.9
1260880 1396.9
1260890 1391.9
1260900 1387.4
1260910 1387.4
1260920 1382.4
1260930 1378.1
1260940 1378.1
1260950 1374.4
1260960 1371.7
1260970 1371.7
1260980 1368.0
1260990 1363.4
1261000 1358.9
1261010 1358.9
1261020 1355.6
1261030 1352.0
1261040 1352.0
1261050 1346.8
1261060 1340.3
1261070 1340.3
1261080 1333.6
1261090 1327.9
1261100 1327.9
1261110 1323.6
1261120 1319.8
1261130 1319.8
1261140 1316.8
1261150 1314.4
1261160 1314.4
1261170 1311.4
1261180 1308.1
1261190 1308.1
1261200 1305.2
1261210 1302.5
1261220 1302.5
1261230 1298.9
1261240 1293.5
1261250 1287.9
1261260 1287.9
1261270 1280.8
1261280 1274.2
1261290 1274.2
1261300 1264.6
1261310 1258.8
1261320 1258.8
1261330 1250.5
1261340 1244.2
1261350 1244.2
1261360 1240.8
1261370 1239.2
1261380 1239.2
1261390 1237.6
1261400 1236.6
1261410 1236.6
1261420 1235.1
1261430 1232.9
1261440 1232.9
1261450 1230.4
1261460 1228.9
1261470 1228.5
1261480 1228.5
1261490 1228.4
1261500 1227.4
1261510 1227.4
1261520 1226.8
1261530 1226.1
1261540 1226.1
1261550 1226.8
1261560 1227.6
1261570 1227.6
1261580 1228.1
1261590 1225.7
1261600 1225.7
1261610 1220.7
1261620 1214.3
1261630 1214.3
1261640 1207.8
1261650 1202.0
1261660 1202.0
1261670 1196.6
1261680 1191.7
1261690 1191.7
1261700 1186.6
1261710 1181.5
1261720 1175.6
1261730 1175.6
1261740 1169.5
1261750 1163.5
1261760 1163.5
1261770 1157.9
1261780 1153.3
1261790 1153.3
1261800 1148.2
1261810 1143.0
1261820 1143.0
1261830 1137.7
1261840 1132.2
1261850 1132.2
1261860 1127.2
1261870 1122.4
1261880 1122.4
1261890 1116.8
1261900 1111.3
1261910 1111.3
1261920 1106.0
1261930 1100.5
1261940 1095.2
1261950 1095.2
1261960 1089.9
1261970 1084.5
1261980 1084.5
1261990 1079.2
1262000 1074.1
1262010 1074.1
1262020 1069.1
1262030 1063.4
1262040 1063.4
1262050 1057.4
1262060 1051.6
1262070 1051.6
1262080 1046.3
1262090 1041.6
1262100 1041.6
1262110 1037.2
1262120 1032.0
1262130 1032.0
1262140 1026.2
1262150 1021.3
1262160 1021.3
1262170 1016.4
1262180 1013.0
1262190 1011.6
1262200 1011.6
1262210 1009.0
1262220 1005.2
1262230 1005.2
1262240 1001.1
1262250 998.4
1262260 998.4
1262270 996.5
1262280 994.3
1262290 994.3
1262300 990.9
1262310 986.2
1262320 986.2
1262330 982.9
1262340 980.5
1262350 980.5
1262360 978.5
1262370 974.7
1262380 974.7
1262390 969.6
1262400 964.1
1262410 959.4
1262420 959.4
1262430 954.0
1262440 946.1
1262450 946.1
1262460 940.4
1262470 934.7
1262480 934.7
1262490 929.3
1262500 925.2
1262510 925.2
1262520 922.3
1262530 921.0
1262540 921.0
1262550 920.2
1262560 919.5
1262570 919.5
1262580 918.9
1262590 918.2
1262600 918.2
1262610 917.7
1262620 917.3
1262630 917.3
1262640 917.0
1262650 916.8
1262660 916.8
1262670 916.8
1262680 916.9
1262690 916.8
1262700 916.8
1262710 916.8
1262720 916.7
1262730 916.7
1262740 916.6
1262750 916.5
1262760 916.5
1262770 916.6
1262780 916.6
1262790 916.6
1262800 916.7
1262810 916.7
1262820 916.7
1262830 917.1
1262840 917.0
1262850 917.0
1262860 916.7
1262870 916.3
1262880 915.9
1262890 915.9
1262900 915.3
1262910 915.2
1262920 915.2
1262930 914.9
1262940 914.6
1262950 914.6
1262960 914.3
1262970 913.8
1262980 913.8
1262990 912.6
1263000 911.2
1263010 909.9
1263020 909.8
1263030 909.8
1263040 909.8
1263050 909.9
1263060 910.1
1263070 910.1
1263080 910.6
1263090 911.0
1263100 911.0
1263110 911.6
1263120 911.8
1263130 911.8
1263140 911.8
1263150 911.8
1263160 911.8
1263170 911.8
1263180 911.7
1263190 911.5
1263200 911.5
1263210 911.3
1263220 911.0
1263230 911.0
1263240 911.0
1263250 911.0
1263260 911.0
1263270 910.8
1263280 910.5
1263290 910.5
1263300 910.1
1263310 910.0
1263320 910.0
1263330 910.2
1263340 910.3
1263350 910.4
1263360 910.4
1263370 910.4
1263380 910.4
1263390 910.4
1263400 910.4
1263410 910.3
1263420 910.3
1263430 910.4
1263440 910.7
1263450 910.7
1263460 910.9
1263470 911.2
1263480 911.2
1263490 911.7
1263500 911.8
1263510 911.8
1263520 911.7
1263530 912.2
1263540 912.2
1263550 913.8
1263560 914.4
1263570 914.4
1263580 914.7
1263590 917.2
1263600 919.9
1263610 919.9
1263620 926.7
1263630 934.1
1263640 934.1
1263650 940.9
1263660 946.5
1263670 946.5
1263680 952.7
1263690 959.1
1263700 959.1
1263710 961.9
1263720 964.3
1263730 964.3
1263740 966.9
1263750 970.4
1263760 970.4
1263770 974.2
1263780 978.8
1263790 978.8
1263800 983.6
1263810 987.7
1263820 991.8
1263830 991.8
1263840 996.3
1263850 1000.5
1263860 1000.5
1263870 1004.5
1263880 1008.3
1263890 1008.3
1263900 1009.5
1263910 1009.7
1263920 1009.7
1263930 1011.5
1263940 1014.6
1263950 1014.6
1263960 1019.6
1263970 1024.8
1263980 1024.8
1263990 1030.0
1264000 1035.0
1264010 1035.0
1264020 1039.2
1264030 1043.4
1264040 1043.4
1264050 1048.3
1264060 1052.6
1264070 1056.1
1264080 1056.1
1264090 1057.7
1264100 1059.4
1264110 1059.4
1264120 1062.2
1264130 1065.6
1264140 1065.6
1264150 1069.8
1264160 1078.9
1264170 1078.9
1264180 1082.8
1264190 1087.0
1264200 1087.0
1264210 1091.9
1264220 1097.7
1264230 1097.7
1264240 1105.2
1264250 1112.6
1264260 1112.6
1264270 1119.1
1264280 1127.1
1264290 1134.6
1264300 1134.6
1264310 1141.8
1264320 1147.7
1264330 1147.7
1264340 1152.8
1264350 1158.4
1264360 1158.4
1264370 1163.9
1264380 1168.6
1264390 1168.6
1264400 1173.5
1264410 1178.8
1264420 1178.8
1264430 1183.9
1264440 1188.9
1264450 1188.9
1264460 1194.0
1264470 1198.6
1264480 1198.6
1264490 1203.9
1264500 1210.2
1264510 1216.1
1264520 1216.1
1264530 1221.7
1264540 1227.1
1264550 1227.1
1264560 1232.4
1264570 1237.1
1264580 1237.1
1264590 1242.6
1264600 1247.8
1264610 1247.8
1264620 1254.1
1264630 1258.6
1264640 1258.6
1264650 1260.9
1264660 1262.0
1264670 1262.0
1264680 1263.3
1264690 1264.9
1264700 1264.9
1264710 1268.6
1264720 1273.8
1264730 1273.8
1264740 1282.4
1264750 1287.9
1264760 1293.3
1264770 1293.3
1264780 1297.2
1264790 1301.2
1264800 1301.2
1264810 1304.3
1264820 1307.4
1264830 1307.4
1264840 1310.7
1264850 1313.6
1264860 1313.6
1264870 1316.1
1264880 1318.2
1264890 1318.2
1264900 1320.3
1264910 1323.4
1264920 1323.4
1264930 1326.2
1264940 1328.1
1264950 1328.1
1264960 1329.4
1264970 1331.3
1264980 1334.1
1264990 1334.1
1265000 1338.6
1265010 1342.5
1265020 1342.5
1265030 1344.2
1265040 1346.2
1265050 1346.2
1265060 1350.4
1265070 1354.0
1265080 1354.0
1265090 1357.1
1265100 1359.7
1265110 1359.7
1265120 1363.5
1265130 1367.3
1265140 1367.3
1265150 1370.8
1265160 1373.4
1265170 1373.4
1265180 1374.8
1265190 1375.3
1265200 1375.3
1265210 1375.9
1265220 1376.3
1265230 1376.5
1265240 1376.5
1265250 1378.4
1265260 1379.8
1265270 1379.8
1265280 1380.5
1265290 1381.3
1265300 1381.3
1265310 1379.5
1265320 1384.9
1265330 1384.9
1265340 1389.0
1265350 1392.0
1265360 1392.0
1265370 1397.3
1265380 1400.4
1265390 1400.4
1265400 1397.1
1265410 1395.8
1265420 1395.8
1265430 1398.9
1265440 1397.1
1265450 1391.4
1265460 1391.4
1265470 1385.0
1265480 1378.7
1265490 1378.7
1265500 1372.6
1265510 1366.8
1265520 1366.8
1265530 1361.4
1265540 1356.1
1265550 1356.1
1265560 1351.1
1265570 1345.8
1265580 1345.8
1265590 1338.0
1265600 1330.1
1265610 1330.1
1265620 1321.9
1265630 1312.5
1265640 1312.5
1265650 1307.8
1265660 1316.1
1265670 1316.1
1265680 1325.4
1265690 1332.7
1265700 1337.4
1265710 1337.4
1265720 1340.9
1265730 1345.3
1265740 1345.3
1265750 1348.6
1265760 1351.7
1265770 1351.7
1265780 1354.3
1265790 1357.0
1265800 1357.0
1265810 1360.3
1265820 1363.3
1265830 1363.3
1265840 1366.9
1265850 1370.9
1265860 1370.9
1265870 1368.5
1265880 1362.7
1265890 1362.7
1265900 1364.7
1265910 1367.8
1265920 1371.1
1265930 1371.1
1265940 1374.0
1265950 1374.9
1265960 1374.9
1265970 1372.7
1265980 1370.3
1265990 1370.3
1266000 1370.0
1266010 1372.4
1266020 1372.4
1266030 1371.8
1266040 1367.4
1266050 1367.4
1266060 1361.9
1266070 1356.0
1266080 1356.0
1266090 1350.5
1266100 1347.8
1266110 1347.8
1266120 1347.2
1266130 1349.3
1266140 1349.3
1266150 1352.2
1266160 1355.2
1266170 1356.9
1266180 1356.9
1266190 1356.3
1266200 1355.5
1266210 1355.5
1266220 1354.0
1266230 1349.8
1266240 1349.8
1266250 1344.5
1266260 1339.6
1266270 1339.6
1266280 1337.2
1266290 1335.1
1266300 1335.1
1266310 1332.2
1266320 1329.2
1266330 1329.2
1266340 1326.6
1266350 1324.9
1266360 1324.9
1266370 1324.9
1266380 1325.2
1266390 1326.1
1266400 1326.1
1266410 1328.1
1266420 1329.0
1266430 1329.0
1266440 1327.4
1266450 1325.5
1266460 1325.5
1266470 1323.8
1266480 1328.0
1266490 1328.0
1266500 1327.5
1266510 1327.4
1266520 1327.4
1266530 1327.1
1266540 1326.4
1266550 1326.4
1266560 1325.7
1266570 1322.9
1266580 1322.9
1266590 1320.0
1266600 1319.7
1266610 1319.7
1266620 1321.5
1266630 1322.2
1266640 1321.6
1266650 1321.6
1266660 1322.5
1266670 1324.8
1266680 1324.8
1266690 1325.8
1266700 1322.7
1266710 1322.7
1266720 1318.7
1266730 1316.9
1266740 1316.9
1266750 1315.7
1266760 1314.4
1266770 1314.4
1266780 1314.4
1266790 1314.4
1266800 1314.4
1266810 1314.9
1266820 1314.0
1266830 1314.0
1266840 1313.2
1266850 1312.6
1266860 1312.1
1266870 1312.1
1266880 1311.6
1266890 1311.6
1266900 1311.6
1266910 1312.2
1266920 1312.4
1266930 1312.4
1266940 1310.9
1266950 1309.7
1266960 1309.7
1266970 1308.1
1266980 1308.3
1266990 1308.3
1267000 1309.2
1267010 1305.5
1267020 1305.5
1267030 1298.9
1267040 1297.2
1267050 1297.2
1267060 1300.6
1267070 1298.8
1267080 1298.8
1267090 1296.8
1267100 1301.9
1267110 1310.0
1267120 1310.0
1267130 1313.8
1267140 1319.5
1267150 1319.5
1267160 1324.0
1267170 1328.2
1267180 1328.2
1267190 1332.8
1267200 1336.6
1267210 1336.6
1267220 1340.1
1267230 1343.6
1267240 1343.6
1267250 1345.4
1267260 1347.4
1267270 1347.4
1267280 1350.2
1267290 1354.0
1267300 1354.0
1267310 1358.2
1267320 1361.8
1267330 1365.6
1267340 1365.6
1267350 1369.2
1267360 1372.4
1267370 1372.4
1267380 1374.9
1267390 1376.5
1267400 1376.5
1267410 1377.8
1267420 1378.5
1267430 1378.5
1267440 1379.3
1267450 1380.6
1267460 1380.6
1267470 1383.0
1267480 1386.6
1267490 1386.6
1267500 1390.5
1267510 1393.8
1267520 1393.8
1267530 1396.3
1267540 1398.4
1267550 1398.4
1267560 1400.2
1267570 1402.3
1267580 1404.9
1267590 1404.9
1267600 1408.2
1267610 1411.4
1267620 1411.4
1267630 1414.7
1267640 1419.0
1267650 1419.3
1267660 1424.2
1267670 1429.3
1267680 1429.3
1267690 1433.6
1267700 1437.3
1267710 1437.3
1267720 1440.9
1267730 1444.1
1267740 1444.1
1267750 1447.8
1267760 1451.9
1267770 1451.9
1267780 1455.6
1267790 1459.1
1267800 1462.1
1267810 1462.1
1267820 1465.5
1267830 1469.4
1267840 1469.4
1267850 1473.1
1267860 1476.2
1267870 1476.2
1267880 1479.3
1267890 1481.7
1267900 1481.7
1267910 1483.7
1267920 1486.5
1267930 1486.5
1267940 1489.8
1267950 1493.3
1267960 1493.3
1267970 1496.8
1267980 1500.5
1267990 1500.5
1268000 1504.2
1268010 1508.7
1268020 1508.7
1268030 1513.7
1268040 1518.6
1268050 1523.5
1268060 1523.5
1268070 1528.2
1268080 1532.4
1268090 1532.4
1268100 1536.9
1268110 1540.4
1268120 1540.4
1268130 1541.0
1268140 1540.3
1268150 1540.3
1268160 1541.6
1268170 1543.6
1268180 1543.6
1268190 1545.8
1268200 1549.7
1268210 1549.7
1268220 1554.3
1268230 1557.4
1268240 1557.4
1268250 1561.3
1268260 1565.2
1268270 1569.4
1268280 1569.4
1268290 1573.1
1268300 1576.4
1268310 1576.4
1268320 1579.5
1268330 1582.7
1268340 1582.7
1268350 1585.8
1268360 1587.5
1268370 1587.5
1268380 1589.5
1268390 1593.0
1268400 1593.0
1268410 1596.8
1268420 1600.5
1268430 1600.5
1268440 1602.8
1268450 1604.3
1268460 1604.3
1268470 1605.9
1268480 1608.2
1268490 1611.0
1268500 1611.0
1268510 1614.0
1268520 1617.5
1268530 1617.5
1268540 1621.6
1268550 1626.1
1268560 1626.1
1268570 1630.0
1268580 1633.4
1268590 1633.4
1268600 1636.9
1268610 1640.2
1268620 1640.2
1268630 1643.9
1268640 1646.4
1268650 1646.4
1268660 1648.5
1268670 1650.2
1268680 1650.2
1268690 1651.8
1268700 1653.0
1268710 1653.0
1268720 1654.6
1268730 1655.8
1268740 1656.7
1268750 1656.7
1268760 1657.4
1268770 1658.1
1268780 1658.1
1268790 1658.7
1268800 1659.5
1268810 1659.5
1268820 1662.6
1268830 1662.1
1268840 1662.1
1268850 1660.9
1268860 1659.3
1268870 1659.3
1268880 1657.7
1268890 1656.1
1268900 1656.1
1268910 1654.8
1268920 1654.4
1268930 1654.4
1268940 1655.1
1268950 1655.9
1268960 1655.4
1268970 1655.4
1268980 1654.3
1268990 1652.4
1269000 1652.4
1269010 1650.5
1269020 1648.3
1269030 1648.3
1269040 1646.1
1269050 1644.0
1269060 1644.0
1269070 1642.0
1269080 1639.6
1269090 1639.6
1269100 1636.8
1269110 1634.0
1269120 1634.0
1269130 1631.6
1269140 1629.3
1269150 1629.3
1269160 1626.8
1269170 1624.1
1269180 1624.1
1269190 1621.7
1269200 1619.6
1269210 1617.8
1269220 1617.8
1269230 1615.6
1269240 1613.4
1269250 1613.4
1269260 1611.5
1269270 1609.2
1269280 1609.2
1269290 1606.8
1269300 1604.5
1269310 1604.5
1269320 1602.7
1269330 1600.7
1269340 1600.7
1269350 1598.1
1269360 1595.2
1269370 1595.2
1269380 1592.6
1269390 1590.2
1269400 1590.2
1269410 1589.8
1269420 1587.8
1269430 1585.6
1269440 1585.6
1269450 1583.5
1269460 1580.7
1269470 1580.7
1269480 1578.1
1269490 1575.5
1269500 1575.5
1269510 1573.0
1269520 1570.8
1269530 1570.8
1269540 1568.8
1269550 1566.4
1269560 1566.4
1269570 1563.9
1269580 1561.3
1269590 1561.3
1269600 1558.7
1269610 1556.9
1269620 1556.9
1269630 1555.4
1269640 1555.3
1269650 1555.3
1269660 1555.9
1269670 1555.3
1269680 1554.4
1269690 1554.4
1269700 1553.6
1269710 1553.1
1269720 1553.1
1269730 1554.6
1269740 1560.3
1269750 1560.3
1269760 1563.4
1269770 1564.6
1269780 1564.6
1269790 1565.6
1269800 1565.1
1269810 1565.1
1269820 1561.3
1269830 1555.2
1269840 1555.2
1269850 1550.8
1269860 1549.6
1269870 1549.6
1269880 1552.2
1269890 1555.2
1269900 1558.8
1269910 1558.8
1269920 1561.7
1269930 1563.1
1269940 1563.1
1269950 1563.9
1269960 1565.0
1269970 1565.0
1269980 1566.1
1269990 1567.7
1270000 1569.5
1270010 1571.2
1270020 1572.5
1270030 1572.5
1270040 1573.7
1270050 1574.8
1270060 1574.8
1270070 1575.9
1270080 1577.0
1270090 1577.0
1270100 1577.8
1270110 1578.5
1270120 1578.5
1270130 1579.4
1270140 1580.4
1270150 1581.1
1270160 1581.1
1270170 1581.7
1270180 1582.3
1270190 1582.3
1270200 1583.0
1270210 1583.9
1270220 1583.9
1270230 1584.9
1270240 1585.7
1270250 1585.7
1270260 1586.0
1270270 1586.8
1270280 1586.8
1270290 1587.1
1270300 1588.5
1270310 1588.5
1270320 1590.6
1270330 1592.0
1270340 1592.0
1270350 1593.4
1270360 1595.6
1270370 1597.4
1270380 1597.4
1270390 1599.5
1270400 1601.7
1270410 1601.7
1270420 1604.5
1270430 1607.6
1270440 1607.6
1270450 1611.3
1270460 1615.1
1270470 1615.1
1270480 1618.7
1270490 1623.1
1270500 1623.1
1270510 1627.4
1270520 1631.5
1270530 1631.5
1270540 1635.6
1270550 1639.8
1270560 1639.8
1270570 1644.1
1270580 1646.8
1270590 1647.4
1270600 1650.2
1270610 1652.5
1270620 1654.7
1270630 1654.7
1270640 1657.1
1270650 1660.3
1270660 1660.3
1270670 1664.7
1270680 1669.7
1270690 1669.7
1270700 1675.0
1270710 1680.8
1270720 1680.8
1270730 1687.5
1270740 1694.7
1270750 1694.7
1270760 1701.8
1270770 1708.4
1270780 1708.4
1270790 1714.3
1270800 1719.7
1270810 1719.7
1270820 1724.9
1270830 1727.7
1270840 1729.5
1270850 1729.5
1270860 1730.6
1270870 1732.1
1270880 1732.1
1270890 1732.9
1270900 1733.4
1270910 1733.4
1270920 1733.8
1270930 1734.0
1270940 1734.0
1270950 1734.0
1270960 1733.9
1270970 1733.9
1270980 1733.7
1270990 1733.3
1271000 1733.3
1271010 1733.1
1271020 1732.7
1271030 1732.7
1271040 1732.7
1271050 1732.5
1271060 1732.5
1271070 1732.4
1271080 1732.7
1271090 1732.6
1271100 1732.6
1271110 1732.4
1271120 1731.5
1271130 1731.5
1271140 1730.3
1271150 1728.1
1271160 1728.1
1271170 1725.0
1271180 1721.9
1271190 1723.8
1271200 1721.1
1271210 1717.7
1271220 1717.7
1271230 1714.8
1271240 1712.7
1271250 1712.7
1271260 1709.1
1271270 1704.8
1271280 1704.8
1271290 1701.0
1271300 1696.5
1271310 1691.5
1271320 1691.5
1271330 1687.4
1271340 1683.7
1271350 1683.7
1271360 1679.7
1271370 1676.0
1271380 1676.0
1271390 1672.3
1271400 1668.6
1271410 1668.6
1271420 1664.9
1271430 1661.6
1271440 1661.6
1271450 1658.9
1271460 1656.5
1271470 1656.5
1271480 1654.3
1271490 1651.9
1271500 1651.9
1271510 1649.1
1271520 1646.2
1271530 1643.6
1271540 1643.6
1271550 1640.6
1271560 1636.8
1271570 1636.8
1271580 1633.0
1271590 1629.3
1271600 1629.3
1271610 1625.6
1271620 1621.7
1271630 1621.7
1271640 1618.2
1271650 1615.5
1271660 1615.5
1271670 1613.2
1271680 1611.2
1271690 1611.2
1271700 1609.6
1271710 1608.2
1271720 1608.2
1271730 1607.0
1271740 1606.0
1271750 1606.0
1271760 1605.1
1271770 1604.0
1271780 1602.8
1271790 1602.8
1271800 1601.6
1271810 1600.4
1271820 1600.4
1271830 1599.3
1271840 1598.5
1271850 1598.5
1271860 1598.2
1271870 1598.4
1271880 1598.4
1271890 1599.7
1271900 1601.1
1271910 1601.1
1271920 1603.2
1271930 1605.3
1271940 1605.3
1271950 1607.8
1271960 1611.1
1271970 1611.1
1271980 1614.3
1271990 1617.6
1272000 1620.3
1272010 1620.3
1272020 1622.4
1272030 1623.9
1272040 1623.9
1272050 1624.2
1272060 1622.5
1272070 1622.5
1272080 1620.1
1272090 1618.6
1272100 1618.6
1272110 1616.8
1272120 1614.5
1272130 1614.5
1272140 1613.7
1272150 1613.3
1272160 1613.3
1272170 1611.7
1272180 1610.1
1272190 1610.1
1272200 1609.8
1272210 1609.8
1272220 1609.8
1272230 1609.7
1272240 1609.4
1272250 1609.1
1272260 1609.1
1272270 1608.7
1272280 1608.4
1272290 1608.4
1272300 1608.1
1272310 1608.7
1272320 1608.7
1272330 1609.2
1272340 1609.2
1272350 1609.2
1272360 1608.7
1272370 1608.7
1272380 1606.2
1272390 1606.7
1272400 1606.4
1272410 1606.4
1272420 1603.2
1272430 1598.8
1272440 1598.8
1272450 1595.0
1272460 1592.7
1272470 1591.3
1272480 1591.3
1272490 1590.5
1272500 1589.6
1272510 1589.6
1272520 1587.5
1272530 1583.1
1272540 1583.1
1272550 1578.2
1272560 1574.8
1272570 1574.8
1272580 1573.1
1272590 1571.2
1272600 1571.2
1272610 1567.4
1272620 1562.4
1272630 1562.4
1272640 1558.8
1272650 1557.1
1272660 1557.1
1272670 1555.5
1272680 1553.5
1272690 1553.5
1272700 1551.4
1272710 1549.7
1272720 1548.5
1272730 1548.5
1272740 1547.0
1272750 1545.7
1272760 1545.7
1272770 1544.4
1272780 1543.1
1272790 1543.1
1272800 1541.2
1272810 1537.8
1272820 1537.8
1272830 1533.5
1272840 1529.3
1272850 1529.3
1272860 1524.3
1272870 1518.8
1272880 1518.8
1272890 1512.5
1272900 1506.6
1272910 1506.6
1272920 1500.5
1272930 1495.4
1272940 1491.1
1272950 1491.1
1272960 1487.3
1272970 1484.4
1272980 1486.8
1272990 1484.4
1273000 1482.9
1273010 1482.9
1273020 1480.7
1273030 1476.2
1273040 1476.2
1273050 1470.9
1273060 1462.2
1273070 1462.2
1273080 1453.6
1273090 1446.5
1273100 1446.5
1273110 1439.5
1273120 1428.2
1273130 1428.2
1273140 1418.4
1273150 1409.9
1273160 1409.9
1273170 1402.1
1273180 1395.3
1273190 1389.0
1273200 1389.0
1273210 1383.0
1273220 1377.2
1273230 1377.2
1273240 1371.6
1273250 1365.8
1273260 1365.8
1273270 1361.0
1273280 1355.6
1273290 1355.6
1273300 1349.6
1273310 1346.0
1273320 1346.0
1273330 1342.6
1273340 1338.7
1273350 1338.7
1273360 1335.3
1273370 1331.6
1273380 1331.6
1273390 1326.3
1273400 1317.7
1273410 1307.9
1273420 1307.9
1273430 1299.3
1273440 1292.5
1273450 1292.5
1273460 1288.3
1273470 1285.1
1273480 1285.1
1273490 1281.8
1273500 1278.1
1273510 1278.1
1273520 1274.5
1273530 1270.3
1273540 1270.3
1273550 1265.4
1273560 1260.3
1273570 1260.3
1273580 1255.4
1273590 1251.5
1273600 1251.5
1273610 1248.4
1273620 1244.5
1273630 1244.5
1273640 1240.9
1273650 1235.9
1273660 1230.2
1273670 1230.2
1273680 1223.7
1273690 1215.6
1273700 1215.6
1273710 1207.7
1273720 1200.7
1273730 1200.7
1273740 1194.3
1273750 1188.4
1273760 1188.4
1273770 1182.6
1273780 1175.6
1273790 1175.6
1273800 1168.6
1273810 1161.5
1273820 1161.5
1273830 1154.6
1273840 1147.9
1273850 1147.9
1273860 1140.9
1273870 1133.9
1273880 1127.1
1273890 1127.1
1273900 1120.8
1273910 1115.3
1273920 1115.3
1273930 1109.5
1273940 1104.0
1273950 1104.0
1273960 1098.2
1273970 1094.2
1273980 1094.2
1273990 1091.2
1274000 1084.7
1274010 1084.7
1274020 1079.4
1274030 1078.9
1274040 1078.9
1274050 1076.0
1274060 1068.5
1274070 1068.5
1274080 1062.1
1274090 1056.7
1274100 1056.7
1274110 1050.8
1274120 1044.1
1274130 1039.4
1274140 1039.4
1274150 1037.1
1274160 1031.0
1274170 1031.0
1274180 1025.3
1274190 1020.7
1274200 1020.7
1274210 1016.0
1274220 1011.4
1274230 1011.4
1274240 1005.7
1274250 999.3
1274260 999.3
1274270 991.4
1274280 986.7
1274290 986.7
1274300 980.0
1274310 972.9
1274320 972.9
1274330 967.9
1274340 963.5
1274350 960.0
1274360 960.0
1274370 955.4
1274380 950.6
1274390 950.6
1274400 946.2
1274410 942.3
1274420 942.3
1274430 937.2
1274440 931.9
1274450 931.9
1274460 927.2
1274470 925.1
1274480 925.1
1274490 918.5
1274500 909.0
1274510 909.0
1274520 896.7
1274530 890.0
1274540 890.0
1274550 888.1
1274560 888.7
1274570 890.5
1274580 890.5
1274590 892.9
1274600 901.5
1274610 901.5
1274620 908.0
1274630 913.1
1274640 913.1
1274650 920.5
1274660 927.6
1274670 927.6
1274680 934.1
1274690 938.7
1274700 938.7
1274710 941.3
1274720 944.1
1274730 944.1
1274740 948.3
1274750 953.2
1274760 953.2
1274770 957.0
1274780 952.4
1274790 952.9
1274800 952.0
1274810 959.7
1274820 966.1
1274830 966.1
1274840 967.3
1274850 968.1
1274860 968.1
1274870 968.8
1274880 969.6
1274890 969.6
1274900 970.3
1274910 971.1
1274920 971.1
1274930 971.7
1274940 972.5
1274950 972.5
1274960 973.9
1274970 975.2
1274980 975.2
1274990 976.0
1275000 976.9
1275010 976.9
1275020 977.7
1275030 978.6
1275040 979.4
1275050 979.4
1275060 980.3
1275070 981.7
1275080 981.7
1275090 982.6
1275100 983.4
1275110 983.4
1275120 984.5
1275130 987.4
1275140 987.4
1275150 989.9
1275160 992.1
1275170 992.1
1275180 994.0
1275190 995.6
1275200 995.6
1275210 998.4
1275220 1000.9
1275230 1000.9
1275240 1002.6
1275250 1004.1
1275260 1004.1
1275270 1005.7
1275280 1007.2
1275290 1008.9
1275300 1008.9
1275310 1010.4
1275320 1011.6
1275330 1011.6
1275340 1012.8
1275350 1013.8
1275360 1013.8
1275370 1015.0
1275380 1017.4
1275390 1017.5
1275400 1020.7
1275410 1023.1
1275420 1023.1
1275430 1025.2
1275440 1027.2
1275450 1027.2
1275460 1030.1
1275470 1034.3
1275480 1034.3
1275490 1038.5
1275500 1043.7
1275510 1049.5
1275520 1049.5
1275530 1054.1
1275540 1058.7
1275550 1058.7
1275560 1063.3
1275570 1066.8
1275580 1066.8
1275590 1070.2
1275600 1075.2
1275610 1075.2
1275620 1079.8
1275630 1081.1
1275640 1081.1
1275650 1083.1
1275660 1088.0
1275670 1088.0
1275680 1091.3
1275690 1095.0
1275700 1095.0
1275710 1099.6
1275720 1101.5
1275730 1101.5
1275740 1103.6
1275750 1106.6
1275760 1110.1
1275770 1110.1
1275780 1113.9
1275790 1118.2
1275800 1118.2
1275810 1125.4
1275820 1129.4
1275830 1129.4
1275840 1130.9
1275850 1135.9
1275860 1135.9
1275870 1140.2
1275880 1143.2
1275890 1143.2
1275900 1147.1
1275910 1151.7
1275920 1151.7
1275930 1154.6
1275940 1157.6
1275950 1157.6
1275960 1160.4
1275970 1164.6
1275980 1168.2
1275990 1168.2
1276000 1168.8
1276010 1172.2
1276020 1172.2
1276030 1175.4
1276040 1177.9
1276050 1177.9
1276060 1181.1
1276070 1184.6
1276080 1184.6
1276090 1187.9
1276100 1191.6
1276110 1191.6
1276120 1196.5
1276130 1201.6
1276140 1201.6
1276150 1205.4
1276160 1210.3
1276170 1210.3
1276180 1215.2
1276190 1219.6
1276200 1219.6
1276210 1223.9
1276220 1226.9
1276230 1230.2
1276240 1230.2
1276250 1233.9
1276260 1236.7
1276270 1236.7
1276280 1239.4
1276290 1242.3
1276300 1242.3
1276310 1246.3
1276320 1250.9
1276330 1250.9
1276340 1253.8
1276350 1255.9
1276360 1255.9
1276370 1259.4
1276380 1264.9
1276390 1264.9
1276400 1269.4
1276410 1272.8
1276420 1272.8
1276430 1277.1
1276440 1281.0
1276450 1282.7
1276460 1282.7
1276470 1282.2
1276480 1287.3
1276490 1287.3
1276500 1291.9
1276510 1295.9
1276520 1295.9
1276530 1298.5
1276540 1300.1
1276550 1300.1
1276560 1303.2
1276570 1307.2
1276580 1307.2
1276590 1311.5
1276600 1313.2
1276610 1312.0
1276620 1313.5
1276630 1315.0
1276640 1315.0
1276650 1316.7
1276660 1318.9
1276670 1321.3
1276680 1321.3
1276690 1323.8
1276700 1326.9
1276710 1326.9
1276720 1330.0
1276730 1332.9
1276740 1332.9
1276750 1335.3
1276760 1337.8
1276770 1337.8
1276780 1340.7
1276790 1345.1
1276800 1345.1
1276810 1348.4
1276820 1351.4
1276830 1351.4
1276840 1355.7
1276850 1360.0
1276860 1360.0
1276870 1364.2
1276880 1368.7
1276890 1368.7
1276900 1373.1
1276910 1376.6
1276920 1379.1
1276930 1379.1
1276940 1381.3
1276950 1384.1
1276960 1384.1
1276970 1388.0
1276980 1392.4
1276990 1392.4
1277000 1396.8
1277010 1400.9
1277020 1400.9
1277030 1405.5
1277040 1409.7
1277050 1409.7
1277060 1412.8
1277070 1415.4
1277080 1415.4
1277090 1418.7
1277100 1422.9
1277110 1422.9
1277120 1427.6
1277130 1430.8
1277140 1432.9
1277150 1432.9
1277160 1435.7
1277170 1439.7
1277180 1439.7
1277190 1444.8
1277200 1449.2
1277210 1449.2
1277220 1450.8
1277230 1456.0
1277240 1456.0
1277250 1459.7
1277260 1461.5
1277270 1461.5
1277280 1463.1
1277290 1465.2
1277300 1465.2
1277310 1468.4
1277320 1472.7
1277330 1472.7
1277340 1477.1
1277350 1481.3
1277360 1481.3
1277370 1484.3
1277380 1487.9
1277390 1492.4
1277400 1492.4
1277410 1496.6
1277420 1500.7
1277430 1500.7
1277440 1504.3
1277450 1508.0
1277460 1508.0
1277470 1511.7
1277480 1515.1
1277490 1515.1
1277500 1519.0
1277510 1522.8
1277520 1522.8
1277530 1526.7
1277540 1530.5
1277550 1530.5
1277560 1533.4
1277570 1536.4
1277580 1536.4
1277590 1539.8
1277600 1543.3
1277610 1547.3
1277620 1547.3
1277630 1551.2
1277640 1555.1
1277650 1555.1
1277660 1558.8
1277670 1563.7
1277680 1563.7
1277690 1571.4
1277700 1576.3
1277710 1576.3
1277720 1579.0
1277730 1581.6
1277740 1581.6
1277750 1584.0
1277760 1586.0
1277770 1586.0
1277780 1588.1
1277790 1590.1
1277800 1590.1
1277810 1593.4
1277820 1597.3
1277830 1597.3
1277840 1598.7
1277850 1601.2
1277860 1603.8
1277870 1603.8
1277880 1607.8
1277890 1613.1
1277900 1613.1
1277910 1618.0
1277920 1621.4
1277930 1621.4
1277940 1625.8
1277950 1629.4
1277960 1629.4
1277970 1632.5
1277980 1636.1
1277990 1636.1
1278000 1639.1
1278010 1642.3
1278020 1642.3
1278030 1645.3
1278040 1647.5
1278050 1647.5
1278060 1648.7
1278070 1648.9
1278080 1648.6
1278090 1648.6
1278100 1649.2
1278110 1650.5
1278120 1650.5
1278130 1652.7
1278140 1656.4
1278150 1656.4
1278160 1660.3
1278170 1664.8
1278180 1664.8
1278190 1669.0
1278200 1672.5
1278210 1672.5
1278220 1675.1
1278230 1675.2
1278240 1675.2
1278250 1672.8
1278260 1671.1
1278270 1671.1
1278280 1668.4
1278290 1665.1
1278300 1665.1
1278310 1665.6
1278320 1669.1
1278330 1672.4
1278340 1672.4
1278350 1674.7
1278360 1675.6
1278370 1675.6
1278380 1676.5
1278390 1677.8
1278400 1677.8
1278410 1678.9
1278420 1680.4
1278430 1680.4
1278440 1682.0
1278450 1679.0
1278460 1679.0
1278470 1678.9
1278480 1680.7
1278490 1680.7
1278500 1683.0
1278510 1684.7
1278520 1684.7
1278530 1686.8
1278540 1688.1
1278550 1689.8
1278560 1689.8
1278570 1691.7
1278580 1692.6
1278590 1692.6
1278600 1692.6
1278610 1692.7
1278620 1692.7
1278630 1692.7
1278640 1692.3
1278650 1692.3
1278660 1693.3
1278670 1696.3
1278680 1696.3
1278690 1697.8
1278700 1698.7
1278710 1698.7
1278720 1698.8
1278730 1697.4
1278740 1697.4
1278750 1698.2
1278760 1700.8
1278770 1701.1
1278780 1701.1
1278790 1700.2
1278800 1699.9
1278810 1699.9
1278820 1700.1
1278830 1699.9
1278840 1699.9
1278850 1697.5
1278860 1697.7
1278870 1697.7
1278880 1701.4
1278890 1709.7
1278900 1709.7
1278910 1716.5
1278920 1721.2
1278930 1721.2
1278940 1727.0
1278950 1732.5
1278960 1732.5
1278970 1736.7
1278980 1742.4
1278990 1742.4
1279000 1747.8
1279010 1752.5
1279020 1756.2
1279030 1756.2
1279040 1762.3
1279050 1769.4
1279060 1769.4
1279070 1775.7
1279080 1780.5
1279090 1780.5
1279100 1786.5
1279110 1792.4
1279120 1792.4
1279130 1798.3
1279140 1807.1
1279150 1807.1
1279160 1817.1
1279170 1826.2
1279180 1826.2
1279190 1833.1
1279200 1839.4
1279210 1839.4
1279220 1843.4
1279230 1848.4
1279240 1854.5
1279250 1854.5
1279260 1860.6
1279270 1866.7
1279280 1866.7
1279290 1870.5
1279300 1874.3
1279310 1874.3
1279320 1879.5
1279330 1885.6
1279340 1885.6
1279350 1890.8
1279360 1896.3
1279370 1896.3
1279380 1902.0
1279390 1908.3
1279400 1908.3
1279410 1912.9
1279420 1917.8
1279430 1917.8
1279440 1922.8
1279450 1927.5
1279460 1927.5
1279470 1932.0
1279480 1936.0
1279490 1938.3
1279500 1938.3
1279510 1941.5
1279520 1946.7
1279530 1946.7
1279540 1951.1
1279550 1954.3
1279560 1954.3
1279570 1957.3
1279580 1960.6
1279590 1960.6
1279600 1964.5
1279610 1967.7
1279620 1967.7
1279630 1970.5
1279640 1972.9
1279650 1972.9
1279660 1975.3
1279670 1978.1
1279680 1978.1
1279690 1983.4
1279700 1985.9
1279710 1988.6
1279720 1988.6
1279730 1991.4
1279740 1995.1
1279750 1995.1
1279760 1998.0
1279770 2000.3
1279780 2000.3
1279790 2002.8
1279800 2005.6
1279810 2005.6
1279820 2008.6
1279830 2012.3
1279840 2012.3
1279850 2015.7
1279860 2019.5
1279870 2019.5
1279880 2023.4
1279890 2026.6
1279900 2026.6
1279910 2029.7
1279920 2033.2
1279930 2033.2
1279940 2036.2
1279950 2039.0
1279960 2041.5
1279970 2041.5
1279980 2044.4
1279990 2046.7
