1260000 2214.0
1260010 2203.3
1260020 2203.3
1260030 2188.6
1260040 2179.8
1260050 2179.8
1260060 2186.5
1260070 2231.4
1260080 2242.0
1260090 2242.0
1260100 2233.8
1260110 2214.3
1260120 2214.3
1260130 2199.2
1260140 2188.8
1260150 2188.8
1260160 2180.5
1260170 2171.2
1260180 2171.2
1260190 2161.0
1260200 2146.8
1260210 2146.8
1260220 2133.4
1260230 2122.9
1260240 2122.9
1260250 2116.0
1260260 2110.7
1260270 2110.7
1260280 2098.6
1260290 2089.4
1260300 2089.4
1260310 2084.6
1260320 2076.0
1260330 2063.9
1260340 2063.9
1260350 2056.5
1260360 2048.7
1260370 2048.7
1260380 2041.5
1260390 2035.9
1260400 2035.9
1260410 2030.6
1260420 2015.8
1260430 2015.8
1260440 2007.7
1260450 1999.5
1260460 1994.4
1260470 1986.9
1260480 1980.8
1260490 1980.8
1260500 1977.0
1260510 1974.6
1260520 1974.6
1260530 1971.6
1260540 1968.3
1260550 1964.2
1260560 1964.2
1260570 1963.2
1260580 1959.0
1260590 1959.0
1260600 1947.5
1260610 1936.4
1260620 1936.4
1260630 1930.3
1260640 1919.5
1260650 1919.5
1260660 1908.9
1260670 1903.1
1260680 1903.1
1260690 1894.8
1260700 1884.6
1260710 1884.6
1260720 1876.7
1260730 1867.9
1260740 1867.9
1260750 1858.9
1260760 1848.2
1260770 1848.2
1260780 1835.0
1260790 1826.7
1260800 1819.7
1260810 1819.7
1260820 1813.1
1260830 1805.8
1260840 1805.8
1260850 1798.8
1260860 1791.9
1260870 1791.9
1260880 1785.2
1260890 1777.7
1260900 1777.7
1260910 1769.4
1260920 1761.9
1260930 1761.9
1260940 1756.9
1260950 1751.1
1260960 1751.1
1260970 1745.8
1260980 1739.0
1260990 1739.0
1261000 1733.4
1261010 1729.6
1261020 1729.6
1261030 1713.5
1261040 1703.3
1261050 1696.2
1261060 1696.2
1261070 1697.2
1261080 1700.0
1261090 1700.0
1261100 1695.7
1261110 1680.5
1261120 1680.5
1261130 1669.3
1261140 1663.4
1261150 1663.4
1261160 1653.7
1261170 1649.2
1261180 1649.2
1261190 1643.9
1261200 1637.0
1261210 1637.0
1261220 1629.4
1261230 1622.5
1261240 1622.5
1261250 1615.6
1261260 1609.7
1261270 1603.2
1261280 1603.2
1261290 1597.6
1261300 1592.7
1261310 1592.7
1261320 1587.4
1261330 1577.2
1261340 1577.2
1261350 1570.3
1261360 1564.5
1261370 1564.5
1261380 1556.3
1261390 1546.6
1261400 1546.6
1261410 1534.2
1261420 1525.0
1261430 1525.0
1261440 1521.5
1261450 1520.8
1261460 1520.8
1261470 1515.9
1261480 1507.0
1261490 1507.0
1261500 1498.1
1261510 1490.4
1261520 1484.0
1261530 1484.0
1261540 1478.4
1261550 1473.0
1261560 1473.0
1261570 1466.8
1261580 1459.6
1261590 1459.6
1261600 1447.9
1261610 1440.5
1261620 1440.5
1261630 1432.7
1261640 1424.3
1261650 1424.3
1261660 1417.3
1261670 1412.0
1261680 1412.0
1261690 1406.8
1261700 1402.7
1261710 1402.7
1261720 1400.9
1261730 1399.0
1261740 1395.2
1261750 1395.2
1261760 1390.6
1261770 1385.1
1261780 1385.1
1261790 1378.7
1261800 1372.2
1261810 1372.2
1261820 1364.6
1261830 1358.3
1261840 1358.3
1261850 1350.5
1261860 1341.1
1261870 1341.1
1261880 1336.1
1261890 1335.8
1261900 1335.8
1261910 1339.2
1261920 1343.6
1261930 1343.6
1261940 1345.7
1261950 1348.3
1261960 1348.3
1261970 1352.6
1261980 1355.2
1261990 1356.9
1262000 1356.9
1262010 1360.5
1262020 1362.5
1262030 1362.5
1262040 1364.9
1262050 1369.5
1262060 1369.5
1262070 1373.8
1262080 1376.1
1262090 1376.1
1262100 1379.0
1262110 1384.0
1262120 1384.0
1262130 1389.7
1262140 1400.2
1262150 1400.2
1262160 1412.5
1262170 1414.8
1262180 1414.8
1262190 1420.8
1262200 1425.8
1262210 1425.8
1262220 1430.9
1262230 1435.7
1262240 1439.3
1262250 1439.3
1262260 1442.8
1262270 1448.9
1262280 1448.9
1262290 1456.1
1262300 1463.0
1262310 1463.0
1262320 1469.5
1262330 1476.0
1262340 1476.0
1262350 1482.3
1262360 1488.8
1262370 1488.8
1262380 1494.9
1262390 1499.5
1262400 1499.5
1262410 1502.6
1262420 1504.5
1262430 1504.5
1262440 1505.4
1262450 1505.1
1262460 1504.5
1262470 1504.5
1262480 1503.7
1262490 1502.7
1262500 1502.7
1262510 1501.7
1262520 1500.6
1262530 1500.6
1262540 1499.8
1262550 1499.9
1262560 1499.9
1262570 1499.9
1262580 1500.0
1262590 1500.0
1262600 1500.2
1262610 1500.7
1262620 1500.7
1262630 1501.7
1262640 1501.4
1262650 1501.4
1262660 1499.9
1262670 1497.7
1262680 1497.7
1262690 1494.5
1262700 1490.4
1262710 1485.2
1262720 1485.2
1262730 1478.9
1262740 1469.4
1262750 1469.4
1262760 1462.5
1262770 1455.9
1262780 1455.9
1262790 1449.4
1262800 1443.2
1262810 1443.2
1262820 1436.9
1262830 1430.1
1262840 1430.1
1262850 1422.4
1262860 1415.0
1262870 1415.0
1262880 1408.4
1262890 1401.5
1262900 1401.5
1262910 1394.6
1262920 1387.3
1262930 1387.3
1262940 1379.9
1262950 1372.4
1262960 1365.3
1262970 1365.3
1262980 1358.1
1262990 1351.1
1263000 1351.1
1263010 1344.5
1263020 1338.1
1263030 1338.1
1263040 1331.6
1263050 1325.1
1263060 1325.1
1263070 1319.0
1263080 1313.3
1263090 1313.3
1263100 1308.3
1263110 1303.0
1263120 1303.0
1263130 1297.8
1263140 1293.0
1263150 1293.0
1263160 1288.7
1263170 1284.6
1263180 1280.8
1263190 1280.8
1263200 1277.5
1263210 1274.5
1263220 1274.5
1263230 1271.1
1263240 1266.2
1263250 1266.2
1263260 1261.6
1263270 1259.0
1263280 1259.0
1263290 1257.8
1263300 1256.6
1263310 1251.5
1263320 1249.6
1263330 1247.5
1263340 1247.5
1263350 1245.5
1263360 1242.6
1263370 1242.6
1263380 1240.4
1263390 1239.3
1263400 1239.3
1263410 1236.0
1263420 1231.6
1263430 1227.2
1263440 1227.2
1263450 1223.7
1263460 1220.7
1263470 1220.7
1263480 1217.3
1263490 1213.3
1263500 1213.3
1263510 1209.5
1263520 1206.3
1263530 1206.3
1263540 1205.2
1263550 1204.6
1263560 1204.6
1263570 1202.8
1263580 1200.2
1263590 1200.2
1263600 1195.8
1263610 1191.4
1263620 1191.4
1263630 1189.2
1263640 1187.9
1263650 1187.9
1263660 1186.2
1263670 1183.0
1263680 1176.1
1263690 1176.1
1263700 1169.5
1263710 1168.8
1263720 1168.8
1263730 1172.3
1263740 1176.0
1263750 1176.0
1263760 1176.6
1263770 1176.5
1263780 1176.5
1263790 1174.7
1263800 1172.5
1263810 1172.5
1263820 1170.6
1263830 1168.9
1263840 1168.9
1263850 1166.7
1263860 1164.3
1263870 1164.3
1263880 1161.2
1263890 1160.5
1263900 1157.0
1263910 1157.0
1263920 1151.9
1263930 1146.5
1263940 1146.5
1263950 1141.9
1263960 1137.7
1263970 1137.7
1263980 1134.9
1263990 1132.5
1264000 1132.5
1264010 1130.3
1264020 1129.1
1264030 1129.1
1264040 1127.8
1264050 1126.1
1264060 1126.1
1264070 1124.4
1264080 1122.3
1264090 1122.3
1264100 1120.0
1264110 1117.9
1264120 1117.9
1264130 1115.6
1264140 1113.4
1264150 1111.3
1264160 1111.3
1264170 1109.3
1264180 1106.9
1264190 1106.9
1264200 1104.5
1264210 1102.0
1264220 1102.0
1264230 1099.7
1264240 1097.8
1264250 1097.8
1264260 1095.0
1264270 1092.0
1264280 1092.0
1264290 1089.0
1264300 1087.2
1264310 1087.2
1264320 1084.4
1264330 1083.4
1264340 1083.4
1264350 1081.8
1264360 1079.1
1264370 1076.9
1264380 1076.9
1264390 1075.6
1264400 1073.8
1264410 1073.8
1264420 1071.5
1264430 1069.9
1264440 1069.9
1264450 1068.1
1264460 1066.8
1264470 1066.8
1264480 1064.8
1264490 1062.5
1264500 1062.5
1264510 1061.4
1264520 1060.4
1264530 1060.4
1264540 1059.2
1264550 1057.7
1264560 1057.7
1264570 1056.1
1264580 1054.9
1264590 1054.9
1264600 1054.2
1264610 1053.6
1264620 1053.1
1264630 1053.1
1264640 1052.6
1264650 1052.0
1264660 1052.0
1264670 1051.7
1264680 1051.5
1264690 1051.5
1264700 1051.2
1264710 1050.8
1264720 1050.8
1264730 1050.2
1264740 1049.1
1264750 1049.1
1264760 1048.3
1264770 1047.7
1264780 1047.7
1264790 1046.8
1264800 1044.9
1264810 1044.9
1264820 1040.6
1264830 1035.3
1264840 1035.3
1264850 1030.8
1264860 1026.3
1264870 1022.8
1264880 1022.8
1264890 1019.3
1264900 1015.6
1264910 1015.6
1264920 1011.8
1264930 1008.0
1264940 1008.0
1264950 1004.4
1264960 999.1
1264970 999.1
1264980 993.8
1264990 989.6
1265000 989.6
1265010 984.2
1265020 980.3
1265030 980.3
1265040 977.8
1265050 972.5
1265060 972.5
1265070 966.1
1265080 960.6
1265090 957.0
1265100 957.0
1265110 954.3
1265120 953.3
1265130 953.3
1265140 953.7
1265150 953.9
1265160 953.9
1265170 953.1
1265180 953.4
1265190 953.4
1265200 955.6
1265210 958.7
1265220 958.7
1265230 963.2
1265240 967.7
1265250 967.7
1265260 970.7
1265270 973.1
1265280 973.1
1265290 970.1
1265300 963.9
1265310 963.9
1265320 959.0
1265330 953.2
1265340 946.8
1265350 946.8
1265360 942.8
1265370 939.5
1265380 939.5
1265390 937.7
1265400 937.8
1265410 937.8
1265420 936.8
1265430 932.8
1265440 932.8
1265450 924.9
1265460 918.1
1265470 918.1
1265480 912.1
1265490 906.2
1265500 906.2
1265510 901.8
1265520 898.4
1265530 898.4
1265540 894.9
1265550 893.2
1265560 893.2
1265570 891.7
1265580 890.7
1265590 889.8
1265600 889.8
1265610 888.4
1265620 885.4
1265630 885.4
1265640 883.6
1265650 881.8
1265660 881.8
1265670 880.0
1265680 878.3
1265690 878.3
1265700 876.7
1265710 875.1
1265720 875.1
1265730 873.3
1265740 871.6
1265750 871.6
1265760 870.0
1265770 868.4
1265780 868.4
1265790 866.8
1265800 865.3
1265810 862.8
1265820 862.8
1265830 857.5
1265840 851.3
1265850 851.3
1265860 846.2
1265870 844.6
1265880 844.6
1265890 844.4
1265900 844.4
1265910 844.4
1265920 844.3
1265930 843.7
1265940 843.7
1265950 843.6
1265960 843.5
1265970 843.5
1265980 843.2
1265990 842.6
1266000 842.6
1266010 841.8
1266020 840.9
1266030 840.9
1266040 838.9
1266050 836.9
1266060 838.3
1266070 838.3
1266080 843.1
1266090 847.4
1266100 847.4
1266110 849.9
1266120 850.6
1266130 850.6
1266140 852.4
1266150 856.4
1266160 856.4
1266170 860.4
1266180 866.2
1266190 866.2
1266200 877.0
1266210 883.0
1266220 883.0
1266230 888.7
1266240 894.4
1266250 894.4
1266260 900.7
1266270 906.1
1266280 906.1
1266290 908.7
1266300 911.4
1266310 916.1
1266320 916.1
1266330 920.8
1266340 926.6
1266350 926.6
1266360 933.8
1266370 937.2
1266380 937.2
1266390 939.0
1266400 940.1
1266410 940.1
1266420 941.0
1266430 942.0
1266440 942.0
1266450 943.0
1266460 944.0
1266470 944.0
1266480 944.9
1266490 945.6
1266500 945.6
1266510 946.2
1266520 946.8
1266530 947.2
1266540 947.2
1266550 946.9
1266560 946.9
1266570 946.9
1266580 948.9
1266590 949.5
1266600 949.5
1266610 949.9
1266620 950.1
1266630 950.1
1266640 950.4
1266650 950.7
1266660 950.7
1266670 951.0
1266680 951.1
1266690 951.1
1266700 951.5
1266710 951.9
1266720 951.9
1266730 952.2
1266740 952.5
1266750 952.5
1266760 953.1
1266770 954.0
1266780 954.9
1266790 956.4
1266800 957.6
1266810 958.6
1266820 958.6
1266830 958.7
1266840 957.8
1266850 957.8
1266860 957.7
1266870 957.6
1266880 957.6
1266890 957.9
1266900 958.8
1266910 958.8
1266920 958.2
1266930 957.8
1266940 957.8
1266950 957.7
1266960 956.9
1266970 956.9
1266980 956.4
1266990 956.2
1267000 956.3
1267010 956.3
1267020 955.8
1267030 954.7
1267040 954.7
1267050 954.8
1267060 955.3
1267070 955.3
1267080 955.0
1267090 954.3
1267100 954.3
1267110 954.0
1267120 953.8
1267130 953.8
1267140 954.0
1267150 954.5
1267160 954.5
1267170 955.2
1267180 955.8
1267190 955.8
1267200 956.9
1267210 958.6
1267220 958.6
1267230 959.5
1267240 959.7
1267250 960.0
1267260 960.0
1267270 960.6
1267280 961.9
1267290 961.9
1267300 964.6
1267310 967.7
1267320 967.7
1267330 971.6
1267340 977.2
1267350 977.2
1267360 981.8
1267370 984.1
1267380 984.1
1267390 986.0
1267400 988.7
1267410 988.7
1267420 990.7
1267430 992.9
1267440 992.9
1267450 995.1
1267460 996.3
1267470 996.3
1267480 997.5
1267490 998.7
1267500 999.1
1267510 999.1
1267520 1000.0
1267530 1000.7
1267540 1000.7
1267550 1001.2
1267560 1001.1
1267570 1001.1
1267580 1000.7
1267590 1000.7
1267600 1000.7
1267610 1000.8
1267620 1000.7
1267630 1000.7
1267640 1000.7
1267650 1001.0
1267660 1001.0
1267670 1001.0
1267680 1000.5
1267690 1000.5
1267700 999.8
1267710 1000.3
1267720 1003.2
1267730 1003.2
1267740 1007.7
1267750 1012.9
1267760 1012.9
1267770 1016.0
1267780 1019.5
1267790 1019.5
1267800 1023.6
1267810 1027.4
1267820 1027.4
1267830 1029.7
1267840 1031.3
1267850 1031.3
1267860 1032.9
1267870 1034.1
1267880 1034.1
1267890 1034.9
1267900 1035.6
1267910 1035.6
1267920 1036.5
1267930 1037.3
1267940 1037.3
1267950 1038.8
1267960 1042.8
1267970 1045.1
1267980 1045.1
1267990 1046.1
1268000 1045.9
1268010 1045.9
1268020 1045.1
1268030 1043.7
1268040 1043.7
1268050 1043.4
1268060 1046.8
1268070 1046.8
1268080 1050.9
1268090 1055.6
1268100 1055.6
1268110 1060.9
1268120 1065.8
1268130 1065.8
1268140 1069.9
1268150 1073.0
1268160 1073.0
1268170 1075.5
1268180 1078.3
1268190 1078.3
1268200 1082.6
1268210 1087.4
1268220 1092.4
1268230 1092.4
1268240 1095.8
1268250 1095.8
1268260 1095.8
1268270 1095.9
1268280 1096.7
1268290 1096.7
1268300 1099.0
1268310 1102.3
1268320 1102.3
1268330 1105.8
1268340 1110.8
1268350 1110.8
1268360 1115.6
1268370 1121.4
1268380 1121.4
1268390 1127.5
1268400 1134.1
1268410 1134.1
1268420 1140.5
1268430 1146.7
1268440 1152.4
1268450 1152.4
1268460 1156.9
1268470 1159.9
1268480 1159.9
1268490 1161.6
1268500 1163.0
1268510 1163.0
1268520 1164.6
1268530 1166.6
1268540 1167.6
1268550 1170.5
1268560 1173.9
1268570 1173.9
1268580 1177.2
1268590 1179.8
1268600 1179.8
1268610 1182.7
1268620 1186.1
1268630 1186.1
1268640 1188.9
1268650 1191.6
1268660 1191.6
1268670 1195.0
1268680 1199.9
1268690 1204.1
1268700 1204.1
1268710 1209.6
1268720 1215.0
1268730 1215.0
1268740 1219.9
1268750 1224.2
1268760 1224.2
1268770 1228.5
1268780 1233.5
1268790 1233.5
1268800 1238.5
1268810 1243.7
1268820 1243.7
1268830 1249.2
1268840 1254.5
1268850 1254.5
1268860 1260.0
1268870 1265.6
1268880 1265.6
1268890 1270.2
1268900 1276.4
1268910 1276.4
1268920 1282.2
1268930 1288.2
1268940 1294.8
1268950 1294.8
1268960 1301.9
1268970 1308.2
1268980 1308.2
1268990 1313.5
1269000 1319.1
1269010 1319.1
1269020 1324.5
1269030 1327.9
1269040 1327.9
1269050 1330.2
1269060 1333.6
1269070 1333.6
1269080 1338.0
1269090 1340.2
1269100 1340.2
1269110 1342.4
1269120 1344.6
1269130 1345.2
1269140 1348.7
1269150 1352.5
1269160 1356.5
1269170 1356.5
1269180 1360.7
1269190 1364.2
1269200 1364.2
1269210 1367.2
1269220 1369.8
1269230 1369.8
1269240 1372.1
1269250 1374.2
1269260 1374.2
1269270 1376.1
1269280 1378.0
1269290 1378.0
1269300 1380.0
1269310 1382.4
1269320 1382.4
1269330 1385.2
1269340 1388.0
1269350 1388.0
1269360 1391.0
1269370 1394.2
1269380 1394.2
1269390 1397.4
1269400 1400.4
1269410 1403.6
1269420 1403.6
1269430 1408.1
1269440 1411.8
1269450 1411.8
1269460 1413.9
1269470 1415.1
1269480 1415.1
1269490 1419.1
1269500 1422.1
1269510 1422.1
1269520 1426.0
1269530 1432.0
1269540 1432.0
1269550 1435.1
1269560 1438.2
1269570 1438.2
1269580 1441.4
1269590 1443.9
1269600 1443.9
1269610 1446.6
1269620 1449.1
1269630 1450.2
1269640 1450.2
1269650 1453.0
1269660 1455.6
1269670 1455.6
1269680 1458.5
1269690 1460.0
1269700 1460.0
1269710 1460.3
1269720 1461.6
1269730 1461.6
1269740 1462.1
1269750 1463.1
1269760 1463.1
1269770 1464.3
1269780 1465.8
1269790 1465.8
1269800 1467.1
1269810 1469.0
1269820 1469.0
1269830 1472.4
1269840 1475.6
1269850 1475.6
1269860 1478.6
1269870 1481.6
1269880 1484.4
1269890 1484.4
1269900 1488.1
1269910 1492.0
1269920 1492.0
1269930 1495.2
1269940 1497.9
1269950 1497.9
1269960 1500.7
1269970 1502.2
1269980 1502.2
1269990 1500.9
1270000 1499.3
1270010 1499.3
1270020 1498.9
1270030 1500.1
1270040 1500.1
1270050 1499.3
1270060 1497.9
1270070 1497.9
1270080 1496.5
1270090 1494.8
1270100 1494.8
1270110 1492.9
1270120 1490.5
1270130 1485.4
1270140 1485.4
1270150 1478.6
1270160 1475.5
1270170 1475.5
1270180 1474.3
1270190 1471.8
1270200 1471.8
1270210 1469.9
1270220 1466.8
1270230 1466.8
1270240 1462.4
1270250 1458.8
1270260 1458.8
1270270 1455.6
1270280 1453.1
1270290 1453.1
1270300 1449.4
1270310 1444.3
1270320 1450.4
1270330 1446.8
1270340 1442.9
1270350 1438.7
1270360 1438.7
1270370 1434.7
1270380 1430.8
1270390 1430.8
1270400 1426.9
1270410 1421.4
1270420 1421.4
1270430 1415.5
1270440 1410.6
1270450 1410.6
1270460 1406.2
1270470 1401.6
1270480 1401.6
1270490 1396.4
1270500 1391.3
1270510 1391.3
1270520 1386.9
1270530 1383.2
1270540 1383.2
1270550 1379.1
1270560 1373.3
1270570 1373.3
1270580 1367.0
1270590 1361.9
1270600 1357.1
1270610 1357.1
1270620 1351.3
1270630 1345.4
1270640 1345.4
1270650 1339.1
1270660 1331.7
1270670 1331.7
1270680 1324.5
1270690 1317.5
1270700 1317.5
1270710 1308.6
1270720 1299.4
1270730 1299.4
1270740 1293.5
1270750 1293.4
1270760 1293.4
1270770 1291.9
1270780 1291.1
1270790 1291.1
1270800 1287.3
1270810 1288.3
1270820 1288.3
1270830 1290.0
1270840 1292.3
1270850 1293.0
1270860 1293.0
1270870 1292.4
1270880 1292.2
1270890 1292.2
1270900 1293.1
1270910 1301.5
1270920 1301.5
1270930 1301.0
1270940 1298.7
1270950 1298.7
1270960 1295.4
1270970 1291.8
1270980 1291.8
1270990 1288.7
1271000 1286.0
1271010 1286.0
1271020 1287.5
1271030 1293.5
1271040 1293.5
1271050 1295.7
1271060 1295.3
1271070 1294.3
1271080 1294.3
1271090 1291.7
1271100 1288.9
1271110 1288.9
1271120 1287.5
1271130 1285.5
1271140 1285.5
1271150 1282.6
1271160 1279.4
1271170 1279.4
1271180 1276.2
1271190 1273.1
1271200 1273.1
1271210 1270.1
1271220 1268.3
1271230 1268.3
1271240 1266.9
1271250 1262.3
1271260 1262.3
1271270 1254.5
1271280 1248.1
1271290 1248.1
1271300 1242.2
1271310 1236.6
1271320 1232.3
1271330 1232.3
1271340 1229.0
1271350 1225.4
1271360 1225.4
1271370 1221.8
1271380 1219.2
1271390 1219.2
1271400 1217.5
1271410 1215.1
1271420 1215.1
1271430 1210.8
1271440 1206.6
1271450 1206.6
1271460 1202.8
1271470 1199.1
1271480 1199.1
1271490 1197.2
1271500 1201.1
1271510 1201.1
1271520 1199.3
1271530 1195.4
1271540 1190.6
1271550 1190.6
1271560 1185.9
1271570 1181.5
1271580 1181.5
1271590 1178.5
1271600 1177.5
1271610 1177.5
1271620 1176.8
1271630 1173.8
1271640 1173.8
1271650 1168.7
1271660 1163.6
1271670 1163.6
1271680 1160.2
1271690 1158.0
1271700 1158.0
1271710 1156.1
1271720 1153.4
1271730 1153.4
1271740 1149.4
1271750 1147.9
1271760 1147.9
1271770 1147.9
1271780 1147.8
1271790 1146.2
1271800 1146.2
1271810 1143.6
1271820 1140.9
1271830 1140.9
1271840 1138.0
1271850 1135.0
1271860 1135.0
1271870 1131.9
1271880 1128.9
1271890 1128.9
1271900 1125.9
1271910 1122.6
1271920 1122.6
1271930 1119.3
1271940 1115.4
1271950 1115.4
1271960 1109.8
1271970 1104.6
1271980 1104.6
1271990 1101.7
1272000 1100.2
1272010 1100.2
1272020 1098.8
1272030 1096.1
1272040 1093.0
1272050 1093.0
1272060 1090.4
1272070 1087.3
1272080 1087.3
1272090 1083.2
1272100 1081.6
1272110 1081.6
1272120 1077.9
1272130 1074.7
1272140 1074.7
1272150 1071.1
1272160 1066.1
1272170 1066.1
1272180 1060.3
1272190 1057.8
1272200 1057.8
1272210 1058.0
1272220 1052.9
1272230 1052.9
1272240 1045.0
1272250 1039.0
1272260 1031.5
1272270 1031.5
1272280 1022.3
1272290 1015.7
1272300 1015.7
1272310 1010.6
1272320 1007.7
1272330 1007.7
1272340 1003.5
1272350 998.9
1272360 998.9
1272370 994.1
1272380 989.3
1272390 989.3
1272400 983.6
1272410 978.4
1272420 978.4
1272430 973.9
1272440 971.3
1272450 971.3
1272460 967.7
1272470 965.0
1272480 965.0
1272490 962.7
1272500 960.5
1272510 958.2
1272520 958.2
1272530 955.7
1272540 953.7
1272550 953.7
1272560 951.9
1272570 950.3
1272580 950.3
1272590 948.8
1272600 947.5
1272610 947.5
1272620 945.8
1272630 943.2
1272640 943.2
1272650 940.9
1272660 939.5
1272670 939.5
1272680 938.4
1272690 937.1
1272700 937.7
1272710 936.4
1272720 934.5
1272730 934.5
1272740 928.0
1272750 919.0
1272760 911.0
1272770 911.0
1272780 903.7
1272790 898.3
1272800 898.3
1272810 894.7
1272820 893.1
1272830 893.1
1272840 892.0
1272850 891.1
1272860 891.1
1272870 889.4
1272880 884.7
1272890 884.7
1272900 881.0
1272910 878.3
1272920 878.3
1272930 873.6
1272940 870.4
1272950 870.4
1272960 868.8
1272970 863.7
1272980 854.9
1272990 854.9
1273000 846.6
1273010 839.2
1273020 839.2
1273030 834.1
1273040 834.3
1273050 834.3
1273060 838.9
1273070 844.5
1273080 844.5
1273090 851.0
1273100 858.2
1273110 858.2
1273120 865.3
1273130 873.2
1273140 873.2
1273150 876.8
1273160 878.2
1273170 878.2
1273180 885.0
1273190 893.2
1273200 893.2
1273210 900.0
1273220 906.0
1273230 912.2
1273240 912.2
1273250 918.6
1273260 924.8
1273270 924.8
1273280 931.4
1273290 937.7
1273300 933.6
1273310 935.4
1273320 938.1
1273330 938.1
1273340 942.1
1273350 945.9
1273360 945.9
1273370 951.8
1273380 959.6
1273390 959.6
1273400 967.3
1273410 973.1
1273420 973.1
1273430 975.8
1273440 978.0
1273450 980.0
1273460 980.0
1273470 982.3
1273480 984.9
1273490 984.9
1273500 986.9
1273510 988.5
1273520 988.5
1273530 989.9
1273540 990.9
1273550 990.9
1273560 991.8
1273570 992.1
1273580 992.1
1273590 992.3
1273600 992.5
1273610 992.5
1273620 992.9
1273630 993.8
1273640 993.8
1273650 995.7
1273660 997.5
1273670 997.5
1273680 1000.0
1273690 1004.5
1273700 1009.0
1273710 1009.0
1273720 1013.6
1273730 1017.9
1273740 1017.9
1273750 1022.2
1273760 1026.0
1273770 1026.0
1273780 1029.2
1273790 1033.7
1273800 1033.7
1273810 1038.6
1273820 1043.0
1273830 1043.0
1273840 1045.8
1273850 1049.2
1273860 1049.2
1273870 1052.6
1273880 1057.1
1273890 1057.1
1273900 1059.3
1273910 1062.8
1273920 1062.8
1273930 1066.1
1273940 1069.4
1273950 1072.9
1273960 1072.9
1273970 1077.2
1273980 1082.6
1273990 1082.6
1274000 1087.1
1274010 1089.3
1274020 1089.3
1274030 1093.0
1274040 1095.6
1274050 1095.6
1274060 1098.3
1274070 1102.3
1274080 1102.3
1274090 1106.1
1274100 1109.9
1274110 1109.9
1274120 1113.5
1274130 1117.3
1274140 1117.3
1274150 1121.0
1274160 1125.0
1274170 1128.2
1274180 1128.2
1274190 1130.7
1274200 1131.7
1274210 1131.7
1274220 1133.5
1274230 1136.6
1274240 1136.6
1274250 1139.2
1274260 1142.4
1274270 1142.4
1274280 1147.5
1274290 1153.5
1274300 1153.5
1274310 1160.1
1274320 1165.2
1274330 1165.2
1274340 1167.7
1274350 1170.2
1274360 1170.2
1274370 1172.8
1274380 1175.6
1274390 1175.6
1274400 1178.8
1274410 1183.4
1274420 1187.3
1274430 1187.3
1274440 1189.7
1274450 1192.4
1274460 1192.4
1274470 1195.7
1274480 1198.9
1274490 1198.9
1274500 1201.5
1274510 1202.9
1274520 1202.9
1274530 1205.9
1274540 1208.2
1274550 1208.2
1274560 1210.8
1274570 1213.1
1274580 1213.1
1274590 1214.3
1274600 1215.5
1274610 1215.5
1274620 1217.2
1274630 1219.3
1274640 1221.4
1274650 1221.4
1274660 1222.8
1274670 1224.5
1274680 1224.5
1274690 1227.2
1274700 1229.6
1274710 1229.6
1274720 1231.7
1274730 1233.6
1274740 1233.6
1274750 1235.5
1274760 1237.0
1274770 1237.0
1274780 1239.2
1274790 1241.5
1274800 1241.5
1274810 1243.5
1274820 1245.2
1274830 1245.2
1274840 1247.4
1274850 1249.9
1274860 1249.9
1274870 1252.4
1274880 1255.2
1274890 1258.4
1274900 1258.4
1274910 1262.2
1274920 1265.8
1274930 1265.8
1274940 1269.0
1274950 1272.2
1274960 1272.2
1274970 1275.7
1274980 1279.1
1274990 1279.1
1275000 1282.2
1275010 1285.1
1275020 1285.1
1275030 1287.6
1275040 1289.9
1275050 1289.9
1275060 1292.7
1275070 1295.4
1275080 1295.4
1275090 1297.8
1275100 1300.1
1275110 1298.0
1275120 1300.4
1275130 1303.8
1275140 1307.2
1275150 1307.2
1275160 1309.1
1275170 1310.5
1275180 1310.5
1275190 1312.0
1275200 1313.7
1275210 1313.7
1275220 1316.2
1275230 1318.9
1275240 1318.9
1275250 1321.2
1275260 1322.9
1275270 1322.9
1275280 1324.8
1275290 1326.9
1275300 1326.9
1275310 1329.5
1275320 1332.4
1275330 1332.4
1275340 1335.8
1275350 1338.5
1275360 1340.4
1275370 1340.4
1275380 1343.4
1275390 1346.8
1275400 1346.8
1275410 1347.4
1275420 1347.0
1275430 1347.0
1275440 1346.7
1275450 1347.6
1275460 1347.6
1275470 1350.0
1275480 1353.1
1275490 1353.1
1275500 1354.4
1275510 1355.7
1275520 1355.7
1275530 1357.3
1275540 1358.9
1275550 1358.9
1275560 1360.4
1275570 1362.3
1275580 1362.3
1275590 1364.5
1275600 1367.4
1275610 1370.6
1275620 1370.6
1275630 1374.1
1275640 1378.1
1275650 1378.1
1275660 1381.8
1275670 1384.6
1275680 1384.6
1275690 1386.7
1275700 1387.3
1275710 1387.3
1275720 1382.3
1275730 1383.3
1275740 1383.3
1275750 1383.3
1275760 1382.2
1275770 1382.2
1275780 1381.9
1275790 1382.4
1275800 1382.4
1275810 1383.4
1275820 1383.8
1275830 1383.8
1275840 1384.2
1275850 1384.7
1275860 1385.8
1275870 1385.8
1275880 1386.8
1275890 1387.7
1275900 1387.7
1275910 1388.9
1275920 1390.6
1275930 1390.6
1275940 1392.8
1275950 1395.4
1275960 1395.4
1275970 1397.4
1275980 1398.7
1275990 1398.7
1276000 1399.8
1276010 1400.6
1276020 1400.6
1276030 1401.1
1276040 1401.5
1276050 1401.5
1276060 1402.3
1276070 1402.3
1276080 1402.8
1276090 1402.8
1276100 1404.3
1276110 1404.9
1276120 1404.9
1276130 1405.0
1276140 1405.7
1276150 1405.7
1276160 1406.3
1276170 1407.0
1276180 1407.0
1276190 1408.8
1276200 1409.9
1276210 1409.9
1276220 1410.7
1276230 1411.4
1276240 1411.4
1276250 1411.0
1276260 1410.2
1276270 1410.2
1276280 1411.5
1276290 1412.5
1276300 1412.5
1276310 1412.6
1276320 1413.6
1276330 1408.9
1276340 1408.9
1276350 1409.5
1276360 1410.0
1276370 1410.0
1276380 1410.4
1276390 1411.9
1276400 1411.9
1276410 1414.2
1276420 1415.4
1276430 1415.4
1276440 1415.6
1276450 1415.6
1276460 1415.6
1276470 1415.6
1276480 1415.9
1276490 1415.9
1276500 1416.2
1276510 1416.2
1276520 1416.2
1276530 1415.9
1276540 1415.7
1276550 1415.6
1276560 1415.6
1276570 1415.3
1276580 1415.2
1276590 1415.2
1276600 1414.9
1276610 1414.2
1276620 1414.2
1276630 1413.6
1276640 1413.3
1276650 1413.3
1276660 1413.0
1276670 1412.7
1276680 1412.7
1276690 1412.1
1276700 1411.8
1276710 1411.8
1276720 1411.6
1276730 1411.6
1276740 1411.6
1276750 1411.8
1276760 1412.1
1276770 1412.1
1276780 1412.6
1276790 1412.2
1276800 1411.0
1276810 1411.0
1276820 1410.3
1276830 1409.8
1276840 1409.8
1276850 1409.5
1276860 1408.6
1276870 1408.6
1276880 1408.2
1276890 1407.5
1276900 1407.5
1276910 1406.1
1276920 1403.6
1276930 1403.6
1276940 1395.2
1276950 1391.5
1276960 1391.5
1276970 1388.0
1276980 1385.0
1276990 1385.0
1277000 1381.4
1277010 1378.4
1277020 1378.4
1277030 1376.2
1277040 1374.0
1277050 1371.1
1277060 1371.1
1277070 1368.8
1277080 1366.6
1277090 1366.6
1277100 1364.7
1277110 1362.8
1277120 1362.8
1277130 1359.8
1277140 1356.3
1277150 1356.3
1277160 1352.3
1277170 1349.7
1277180 1349.7
1277190 1348.9
1277200 1349.7
1277210 1349.7
1277220 1350.1
1277230 1348.7
1277240 1348.7
1277250 1346.4
1277260 1343.6
1277270 1341.0
1277280 1341.0
1277290 1339.5
1277300 1337.3
1277310 1337.3
1277320 1333.0
1277330 1328.0
1277340 1328.0
1277350 1325.4
1277360 1326.1
1277370 1326.1
1277380 1329.1
1277390 1330.9
1277400 1330.9
1277410 1332.7
1277420 1335.8
1277430 1335.8
1277440 1338.4
1277450 1340.4
1277460 1340.4
1277470 1342.7
1277480 1344.6
1277490 1344.6
1277500 1346.3
1277510 1348.1
1277520 1349.7
1277530 1349.7
1277540 1351.0
1277550 1352.8
1277560 1352.8
1277570 1354.7
1277580 1356.5
1277590 1356.5
1277600 1358.6
1277610 1360.2
1277620 1360.2
1277630 1361.2
1277640 1364.4
1277650 1364.4
1277660 1367.5
1277670 1369.8
1277680 1369.8
1277690 1372.5
1277700 1375.1
1277710 1375.1
1277720 1378.9
1277730 1382.8
1277740 1387.6
1277750 1387.6
1277760 1392.6
1277770 1399.0
1277780 1399.0
1277790 1405.6
1277800 1409.6
1277810 1409.6
1277820 1413.4
1277830 1419.3
1277840 1419.3
1277850 1426.1
1277860 1432.2
1277870 1432.2
1277880 1437.6
1277890 1442.0
1277900 1442.0
1277910 1445.7
1277920 1450.4
1277930 1450.4
1277940 1455.5
1277950 1460.1
1277960 1460.1
1277970 1464.1
1277980 1468.0
1277990 1473.7
1278000 1473.7
1278010 1478.5
1278020 1484.4
1278030 1484.4
1278040 1490.3
1278050 1495.5
1278060 1495.5
1278070 1500.4
1278080 1505.5
1278090 1505.5
1278100 1511.3
1278110 1518.9
1278120 1518.9
1278130 1526.8
1278140 1534.1
1278150 1534.1
1278160 1539.4
1278170 1543.9
1278180 1543.9
1278190 1547.6
1278200 1550.4
1278210 1550.4
1278220 1553.1
1278230 1555.5
1278240 1557.9
1278250 1557.9
1278260 1560.1
1278270 1562.3
1278280 1562.3
1278290 1565.3
1278300 1568.4
1278310 1568.4
1278320 1571.2
1278330 1574.8
1278340 1574.8
1278350 1578.8
1278360 1582.3
1278370 1582.3
1278380 1586.0
1278390 1590.0
1278400 1590.0
1278410 1594.0
1278420 1598.0
1278430 1598.0
1278440 1602.1
1278450 1607.0
1278460 1611.4
1278470 1611.4
1278480 1615.5
1278490 1619.8
1278500 1619.8
1278510 1623.3
1278520 1625.7
1278530 1625.7
1278540 1628.5
1278550 1631.5
1278560 1631.5
1278570 1634.2
1278580 1637.0
1278590 1637.0
1278600 1640.0
1278610 1643.8
1278620 1643.8
1278630 1647.1
1278640 1651.1
1278650 1651.1
1278660 1655.4
1278670 1659.5
1278680 1659.5
1278690 1662.8
1278700 1665.8
1278710 1668.2
1278720 1668.2
1278730 1669.5
1278740 1671.5
1278750 1671.5
1278760 1677.9
1278770 1685.6
1278780 1687.3
1278790 1695.1
1278800 1704.2
1278810 1704.2
1278820 1715.5
1278830 1727.6
1278840 1727.6
1278850 1738.7
1278860 1747.9
1278870 1747.9
1278880 1755.7
1278890 1764.0
1278900 1764.0
1278910 1772.9
1278920 1782.5
1278930 1791.3
1278940 1791.3
1278950 1799.5
1278960 1807.5
1278970 1807.5
1278980 1816.9
1278990 1828.4
1279000 1828.4
1279010 1836.5
1279020 1842.8
1279030 1842.8
1279040 1848.7
1279050 1852.1
1279060 1852.1
1279070 1853.1
1279080 1853.5
1279090 1853.5
1279100 1854.1
1279110 1855.1
1279120 1855.1
1279130 1856.6
1279140 1858.8
1279150 1858.8
1279160 1860.7
1279170 1862.1
1279180 1863.3
1279190 1863.3
1279200 1864.1
1279210 1863.4
1279220 1863.4
1279230 1863.0
1279240 1863.7
1279250 1863.7
1279260 1863.5
1279270 1864.8
1279280 1864.8
1279290 1867.7
1279300 1868.6
1279310 1868.6
1279320 1870.0
1279330 1870.7
1279340 1870.7
1279350 1870.5
1279360 1870.7
1279370 1870.7
1279380 1869.6
1279390 1865.1
1279400 1872.0
1279410 1870.8
1279420 1876.3
1279430 1880.2
1279440 1880.2
1279450 1882.3
1279460 1884.6
1279470 1884.6
1279480 1887.0
1279490 1891.2
1279500 1891.2
1279510 1897.0
1279520 1901.9
1279530 1901.9
1279540 1906.9
1279550 1911.5
1279560 1911.5
1279570 1915.2
1279580 1917.9
1279590 1917.9
1279600 1920.1
1279610 1923.3
1279620 1923.3
1279630 1927.7
1279640 1931.9
1279650 1935.1
1279660 1935.1
1279670 1937.5
1279680 1941.3
1279690 1941.3
1279700 1945.3
1279710 1948.3
1279720 1948.3
1279730 1951.8
1279740 1955.2
1279750 1955.2
1279760 1958.5
1279770 1960.1
1279780 1960.1
1279790 1961.1
1279800 1963.1
1279810 1963.1
1279820 1967.2
1279830 1971.8
1279840 1971.8
1279850 1978.7
1279860 1986.3
1279870 1986.3
1279880 1993.5
1279890 2001.2
1279900 2008.6
1279910 2008.6
1279920 2016.0
1279930 2019.3
1279940 2019.3
1279950 2020.2
1279960 2021.1
1279970 2021.1
1279980 2022.0
1279990 2023.8
