1260000 2192.1
1260010 2182.4
1260020 2182.4
1260030 2183.1
1260040 2186.6
1260050 2186.6
1260060 2191.1
1260070 2193.1
1260080 2193.1
1260090 2189.5
1260100 2189.4
1260110 2189.4
1260120 2187.7
1260130 2178.1
1260140 2178.1
1260150 2167.8
1260160 2159.0
1260170 2159.0
1260180 2149.4
1260190 2139.2
1260200 2124.5
1260210 2124.5
1260220 2113.3
1260230 2105.0
1260240 2105.0
1260250 2097.1
1260260 2089.3
1260270 2089.3
1260280 2081.3
1260290 2073.3
1260300 2073.3
1260310 2065.2
1260320 2057.4
1260330 2057.4
1260340 2049.8
1260350 2043.1
1260360 2043.1
1260370 2035.9
1260380 2029.6
1260390 2029.6
1260400 2028.0
1260410 2022.5
1260420 2022.5
1260430 2012.7
1260440 2005.8
1260450 1997.3
1260460 1997.3
1260470 1986.1
1260480 1977.4
1260490 1977.4
1260500 1971.2
1260510 1964.7
1260520 1964.7
1260530 1957.4
1260540 1949.3
1260550 1949.3
1260560 1940.9
1260570 1933.6
1260580 1939.4
1260590 1933.2
1260600 1927.5
1260610 1927.5
1260620 1914.9
1260630 1903.2
1260640 1903.2
1260650 1895.0
1260660 1886.2
1260670 1886.2
1260680 1881.8
1260690 1877.7
1260700 1864.2
1260710 1864.2
1260720 1851.7
1260730 1847.3
1260740 1847.3
1260750 1841.3
1260760 1827.8
1260770 1827.8
1260780 1820.0
1260790 1813.8
1260800 1813.8
1260810 1808.8
1260820 1804.1
1260830 1804.1
1260840 1800.3
1260850 1795.8
1260860 1795.8
1260870 1789.2
1260880 1783.3
1260890 1783.3
1260900 1778.3
1260910 1774.7
1260920 1773.8
1260930 1773.8
1260940 1768.9
1260950 1762.8
1260960 1762.8
1260970 1756.9
1260980 1750.7
1260990 1750.7
1261000 1745.2
1261010 1740.0
1261020 1740.0
1261030 1739.2
1261040 1739.0
1261050 1739.0
1261060 1735.5
1261070 1731.5
1261080 1731.5
1261090 1731.1
1261100 1733.4
1261110 1733.4
1261120 1736.5
1261130 1732.8
1261140 1732.8
1261150 1724.3
1261160 1712.7
1261170 1703.6
1261180 1703.6
1261190 1698.6
1261200 1690.4
1261210 1690.4
1261220 1679.4
1261230 1670.0
1261240 1670.0
1261250 1665.6
1261260 1663.7
1261270 1663.7
1261280 1650.7
1261290 1637.9
1261300 1637.9
1261310 1622.8
1261320 1609.0
1261330 1609.0
1261340 1594.6
1261350 1586.3
1261360 1586.3
1261370 1577.9
1261380 1570.0
1261390 1562.4
1261400 1562.4
1261410 1556.1
1261420 1550.2
1261430 1550.2
1261440 1539.1
1261450 1530.2
1261460 1530.2
1261470 1523.1
1261480 1516.4
1261490 1516.4
1261500 1509.8
1261510 1503.4
1261520 1503.4
1261530 1497.2
1261540 1491.0
1261550 1491.0
1261560 1484.9
1261570 1478.9
1261580 1478.9
1261590 1472.5
1261600 1466.3
1261610 1466.3
1261620 1459.3
1261630 1451.8
1261640 1445.6
1261650 1445.6
1261660 1439.7
1261670 1433.4
1261680 1433.4
1261690 1427.2
1261700 1420.9
1261710 1420.9
1261720 1419.6
1261730 1412.8
1261740 1412.8
1261750 1405.9
1261760 1399.0
1261770 1399.0
1261780 1392.1
1261790 1385.2
1261800 1385.2
1261810 1378.4
1261820 1371.5
1261830 1371.5
1261840 1364.9
1261850 1358.3
1261860 1358.3
1261870 1351.8
1261880 1345.2
1261890 1338.7
1261900 1338.7
1261910 1333.5
1261920 1329.1
1261930 1329.1
1261940 1324.4
1261950 1319.3
1261960 1319.3
1261970 1311.6
1261980 1310.2
1261990 1310.2
1262000 1315.5
1262010 1318.6
1262020 1318.6
1262030 1323.0
1262040 1329.4
1262050 1329.4
1262060 1335.2
1262070 1339.5
1262080 1339.5
1262090 1342.4
1262100 1347.6
1262110 1357.4
1262120 1357.4
1262130 1368.7
1262140 1374.6
1262150 1374.6
1262160 1380.2
1262170 1384.6
1262180 1384.6
1262190 1391.9
1262200 1400.1
1262210 1400.1
1262220 1408.1
1262230 1415.2
1262240 1415.2
1262250 1421.6
1262260 1426.4
1262270 1426.4
1262280 1430.9
1262290 1430.2
1262300 1430.2
1262310 1434.8
1262320 1439.4
1262330 1439.4
1262340 1443.7
1262350 1447.8
1262360 1451.8
1262370 1451.8
1262380 1455.4
1262390 1458.4
1262400 1458.4
1262410 1460.3
1262420 1460.7
1262430 1460.7
1262440 1459.9
1262450 1458.3
1262460 1458.3
1262470 1457.0
1262480 1455.6
1262490 1455.6
1262500 1454.4
1262510 1453.5
1262520 1453.5
1262530 1452.7
1262540 1452.0
1262550 1452.0
1262560 1453.2
1262570 1455.7
1262580 1455.7
1262590 1459.2
1262600 1462.0
1262610 1463.7
1262620 1463.7
1262630 1465.1
1262640 1466.0
1262650 1466.0
1262660 1466.6
1262670 1466.2
1262680 1466.2
1262690 1464.2
1262700 1459.9
1262710 1459.9
1262720 1455.0
1262730 1450.6
1262740 1450.6
1262750 1447.7
1262760 1444.8
1262770 1444.8
1262780 1440.7
1262790 1435.5
1262800 1435.5
1262810 1428.9
1262820 1421.2
1262830 1412.8
1262840 1412.8
1262850 1404.5
1262860 1393.9
1262870 1393.9
1262880 1386.1
1262890 1379.3
1262900 1379.3
1262910 1372.8
1262920 1366.6
1262930 1366.6
1262940 1360.8
1262950 1355.6
1262960 1355.6
1262970 1350.5
1262980 1345.0
1262990 1345.0
1263000 1339.4
1263010 1333.8
1263020 1333.8
1263030 1328.9
1263040 1324.3
1263050 1324.3
1263060 1319.1
1263070 1313.5
1263080 1308.1
1263090 1308.1
1263100 1302.8
1263110 1297.7
1263120 1297.7
1263130 1292.7
1263140 1287.7
1263150 1287.7
1263160 1282.8
1263170 1278.8
1263180 1278.8
1263190 1275.6
1263200 1272.4
1263210 1272.4
1263220 1269.0
1263230 1264.7
1263240 1264.7
1263250 1259.8
1263260 1254.5
1263270 1254.5
1263280 1249.4
1263290 1244.2
1263300 1238.8
1263310 1238.8
1263320 1233.6
1263330 1229.5
1263340 1229.5
1263350 1226.8
1263360 1224.6
1263370 1224.6
1263380 1222.1
1263390 1218.6
1263400 1218.6
1263410 1214.3
1263420 1210.4
1263430 1210.4
1263440 1205.6
1263450 1202.7
1263460 1202.7
1263470 1199.5
1263480 1195.9
1263490 1195.9
1263500 1191.9
1263510 1189.0
1263520 1189.0
1263530 1187.7
1263540 1187.6
1263550 1186.4
1263560 1186.4
1263570 1184.3
1263580 1181.3
1263590 1181.3
1263600 1179.7
1263610 1179.2
1263620 1179.2
1263630 1178.4
1263640 1177.0
1263650 1177.0
1263660 1174.6
1263670 1170.5
1263680 1170.5
1263690 1168.0
1263700 1166.2
1263710 1166.2
1263720 1163.7
1263730 1156.5
1263740 1156.5
1263750 1149.5
1263760 1153.2
1263770 1153.2
1263780 1158.6
1263790 1157.9
1263800 1155.8
1263810 1155.8
1263820 1153.7
1263830 1152.3
1263840 1152.3
1263850 1150.0
1263860 1147.1
1263870 1147.1
1263880 1144.6
1263890 1143.1
1263900 1143.1
1263910 1140.9
1263920 1138.2
1263930 1138.2
1263940 1136.7
1263950 1134.4
1263960 1134.4
1263970 1132.0
1263980 1129.4
1263990 1129.4
1264000 1127.5
1264010 1126.1
1264020 1122.7
1264030 1122.7
1264040 1118.8
1264050 1115.9
1264060 1115.9
1264070 1112.6
1264080 1109.4
1264090 1109.4
1264100 1106.2
1264110 1103.5
1264120 1103.5
1264130 1101.3
1264140 1100.0
1264150 1100.0
1264160 1097.9
1264170 1095.0
1264180 1095.0
1264190 1093.1
1264200 1091.3
1264210 1091.3
1264220 1089.9
1264230 1088.7
1264240 1088.7
1264250 1087.5
1264260 1086.1
1264270 1084.4
1264280 1084.4
1264290 1082.1
1264300 1080.7
1264310 1080.7
1264320 1079.9
1264330 1077.9
1264340 1077.9
1264350 1074.3
1264360 1072.2
1264370 1072.2
1264380 1071.2
1264390 1069.6
1264400 1069.6
1264410 1068.5
1264420 1067.3
1264430 1067.3
1264440 1064.3
1264450 1061.7
1264460 1061.7
1264470 1060.4
1264480 1059.2
1264490 1059.2
1264500 1057.8
1264510 1056.4
1264520 1055.0
1264530 1055.0
1264540 1053.5
1264550 1052.1
1264560 1052.1
1264570 1049.9
1264580 1049.3
1264590 1047.7
1264600 1046.2
1264610 1045.5
1264620 1045.5
1264630 1044.2
1264640 1043.2
1264650 1043.2
1264660 1042.5
1264670 1041.6
1264680 1041.6
1264690 1040.6
1264700 1039.3
1264710 1039.3
1264720 1038.1
1264730 1037.7
1264740 1037.0
1264750 1037.0
1264760 1036.1
1264770 1035.3
1264780 1035.3
1264790 1034.6
1264800 1033.9
1264810 1033.9
1264820 1033.3
1264830 1032.6
1264840 1032.6
1264850 1031.9
1264860 1031.2
1264870 1031.2
1264880 1030.5
1264890 1029.7
1264900 1029.7
1264910 1028.3
1264920 1026.6
1264930 1026.6
1264940 1025.1
1264950 1022.9
1264960 1022.9
1264970 1019.9
1264980 1015.5
1264990 1009.0
1265000 1009.0
1265010 1004.0
1265020 998.3
1265030 998.3
1265040 992.8
1265050 988.3
1265060 988.3
1265070 984.2
1265080 979.7
1265090 979.7
1265100 975.0
1265110 969.9
1265120 969.9
1265130 962.9
1265140 956.6
1265150 956.6
1265160 953.3
1265170 951.8
1265180 951.8
1265190 947.7
1265200 941.8
1265210 941.8
1265220 935.3
1265230 930.1
1265240 925.1
1265250 925.1
1265260 923.6
1265270 925.5
1265280 925.5
1265290 926.5
1265300 928.2
1265310 928.2
1265320 928.6
1265330 927.4
1265340 927.4
1265350 927.1
1265360 927.2
1265370 927.2
1265380 927.0
1265390 925.5
1265400 925.5
1265410 922.9
1265420 915.9
1265430 915.9
1265440 907.4
1265450 898.8
1265460 893.8
1265470 893.8
1265480 890.9
1265490 888.7
1265500 888.7
1265510 886.5
1265520 884.9
1265530 884.9
1265540 883.6
1265550 882.1
1265560 882.1
1265570 880.6
1265580 879.5
1265590 879.5
1265600 878.6
1265610 877.8
1265620 877.8
1265630 876.8
1265640 875.6
1265650 875.6
1265660 874.4
1265670 873.1
1265680 873.1
1265690 871.0
1265700 867.7
1265710 864.1
1265720 864.1
1265730 862.1
1265740 859.2
1265750 855.6
1265760 853.2
1265770 851.4
1265780 851.4
1265790 850.0
1265800 849.7
1265810 849.7
1265820 849.4
1265830 848.0
1265840 848.0
1265850 845.9
1265860 842.7
1265870 842.7
1265880 840.2
1265890 841.0
1265900 841.0
1265910 843.1
1265920 843.6
1265930 843.4
1265940 843.4
1265950 844.3
1265960 847.1
1265970 847.1
1265980 848.5
1265990 849.1
1266000 849.1
1266010 849.7
1266020 850.3
1266030 850.3
1266040 851.5
1266050 852.6
1266060 852.6
1266070 854.2
1266080 856.4
1266090 856.4
1266100 860.0
1266110 864.4
1266120 864.4
1266130 869.5
1266140 874.5
1266150 874.5
1266160 877.8
1266170 877.5
1266180 877.8
1266190 877.8
1266200 880.9
1266210 886.3
1266220 886.3
1266230 890.7
1266240 895.2
1266250 895.2
1266260 899.5
1266270 903.6
1266280 903.6
1266290 906.4
1266300 907.8
1266310 907.8
1266320 909.9
1266330 912.0
1266340 912.0
1266350 915.9
1266360 920.0
1266370 920.0
1266380 923.8
1266390 928.6
1266400 928.6
1266410 934.7
1266420 940.3
1266430 943.8
1266440 943.8
1266450 946.4
1266460 948.1
1266470 948.1
1266480 949.0
1266490 946.7
1266500 946.7
1266510 945.4
1266520 946.0
1266530 946.0
1266540 950.3
1266550 951.4
1266560 951.4
1266570 952.1
1266580 952.3
1266590 952.3
1266600 952.0
1266610 951.8
1266620 951.8
1266630 951.8
1266640 951.8
1266650 951.7
1266660 951.7
1266670 951.7
1266680 951.8
1266690 951.8
1266700 952.3
1266710 952.8
1266720 952.8
1266730 953.6
1266740 953.6
1266750 953.6
1266760 953.9
1266770 954.4
1266780 954.4
1266790 955.1
1266800 956.3
1266810 956.3
1266820 957.0
1266830 957.4
1266840 957.4
1266850 958.0
1266860 958.7
1266870 958.7
1266880 958.7
1266890 958.4
1266900 958.5
1266910 958.3
1266920 958.7
1266930 958.9
1266940 958.9
1266950 959.0
1266960 959.6
1266970 959.6
1266980 960.0
1266990 960.4
1267000 960.4
1267010 961.0
1267020 961.0
1267030 961.0
1267040 960.8
1267050 960.9
1267060 960.9
1267070 961.0
1267080 961.1
1267090 961.1
1267100 961.3
1267110 961.7
1267120 961.7
1267130 962.1
1267140 962.6
1267150 963.1
1267160 963.1
1267170 963.4
1267180 963.9
1267190 963.9
1267200 964.2
1267210 964.3
1267220 964.3
1267230 964.5
1267240 965.3
1267250 965.3
1267260 966.6
1267270 968.6
1267280 968.6
1267290 972.2
1267300 976.1
1267310 976.1
1267320 979.7
1267330 984.4
1267340 984.4
1267350 986.0
1267360 987.0
1267370 989.3
1267380 989.3
1267390 991.2
1267400 993.5
1267410 993.5
1267420 995.3
1267430 996.7
1267440 996.7
1267450 998.1
1267460 999.7
1267470 999.7
1267480 1001.2
1267490 1003.6
1267500 1004.5
1267510 1006.7
1267520 1009.5
1267530 1009.5
1267540 1011.9
1267550 1013.5
1267560 1013.5
1267570 1015.4
1267580 1018.1
1267590 1018.1
1267600 1021.3
1267610 1023.4
1267620 1024.6
1267630 1024.6
1267640 1025.7
1267650 1026.5
1267660 1026.5
1267670 1027.4
1267680 1028.6
1267690 1028.6
1267700 1029.7
1267710 1030.1
1267720 1030.1
1267730 1030.0
1267740 1029.7
1267750 1029.7
1267760 1029.8
1267770 1030.2
1267780 1030.2
1267790 1030.6
1267800 1030.9
1267810 1030.9
1267820 1031.0
1267830 1030.8
1267840 1030.1
1267850 1030.1
1267860 1030.0
1267870 1030.3
1267880 1030.3
1267890 1030.8
1267900 1031.6
1267910 1031.6
1267920 1033.1
1267930 1035.6
1267940 1035.6
1267950 1038.7
1267960 1042.2
1267970 1042.2
1267980 1045.5
1267990 1050.1
1268000 1050.1
1268010 1054.7
1268020 1059.4
1268030 1059.4
1268040 1064.2
1268050 1068.5
1268060 1068.5
1268070 1068.5
1268080 1072.1
1268090 1070.6
1268100 1070.6
1268110 1067.7
1268120 1064.7
1268130 1064.7
1268140 1061.8
1268150 1061.1
1268160 1061.1
1268170 1062.9
1268180 1066.9
1268190 1066.9
1268200 1071.6
1268210 1076.5
1268220 1076.5
1268230 1080.7
1268240 1085.0
1268250 1085.0
1268260 1089.2
1268270 1093.1
1268280 1093.1
1268290 1097.2
1268300 1101.0
1268310 1101.0
1268320 1104.7
1268330 1108.6
1268340 1112.5
1268350 1112.5
1268360 1117.6
1268370 1121.5
1268380 1121.5
1268390 1125.9
1268400 1130.5
1268410 1130.5
1268420 1135.8
1268430 1142.3
1268440 1142.3
1268450 1149.2
1268460 1155.6
1268470 1155.6
1268480 1160.1
1268490 1163.5
1268500 1163.5
1268510 1166.7
1268520 1169.7
1268530 1169.7
1268540 1172.5
1268550 1175.0
1268560 1178.1
1268570 1178.1
1268580 1181.1
1268590 1184.4
1268600 1184.4
1268610 1187.5
1268620 1190.4
1268630 1190.4
1268640 1193.4
1268650 1196.9
1268660 1196.9
1268670 1200.0
1268680 1203.2
1268690 1203.2
1268700 1206.3
1268710 1209.7
1268720 1209.7
1268730 1213.4
1268740 1217.6
1268750 1217.6
1268760 1222.7
1268770 1227.9
1268780 1227.9
1268790 1232.9
1268800 1237.7
1268810 1241.8
1268820 1241.8
1268830 1245.7
1268840 1250.2
1268850 1250.2
1268860 1255.8
1268870 1260.1
1268880 1260.1
1268890 1265.6
1268900 1271.1
1268910 1271.1
1268920 1277.2
1268930 1284.9
1268940 1284.9
1268950 1292.1
1268960 1300.1
1268970 1300.1
1268980 1307.9
1268990 1314.8
1269000 1314.8
1269010 1321.2
1269020 1324.8
1269030 1324.8
1269040 1327.0
1269050 1329.2
1269060 1331.4
1269070 1331.4
1269080 1332.9
1269090 1334.1
1269100 1334.1
1269110 1337.0
1269120 1340.5
1269130 1340.5
1269140 1343.6
1269150 1346.4
1269160 1346.4
1269170 1348.9
1269180 1351.9
1269190 1351.9
1269200 1355.5
1269210 1359.1
1269220 1359.1
1269230 1362.1
1269240 1365.0
1269250 1365.0
1269260 1366.6
1269270 1369.5
1269280 1372.1
1269290 1372.1
1269300 1374.1
1269310 1376.5
1269320 1376.5
1269330 1379.2
1269340 1382.0
1269350 1382.0
1269360 1384.9
1269370 1388.1
1269380 1388.1
1269390 1391.3
1269400 1394.5
1269410 1394.5
1269420 1398.5
1269430 1401.6
1269440 1401.6
1269450 1404.6
1269460 1408.3
1269470 1408.3
1269480 1412.5
1269490 1416.5
1269500 1416.5
1269510 1420.8
1269520 1424.9
1269530 1428.7
1269540 1428.7
1269550 1434.3
1269560 1439.2
1269570 1439.2
1269580 1442.9
1269590 1445.8
1269600 1445.8
1269610 1448.1
1269620 1451.1
1269630 1451.1
1269640 1454.1
1269650 1456.8
1269660 1456.8
1269670 1459.1
1269680 1460.8
1269690 1460.8
1269700 1463.0
1269710 1467.0
1269720 1467.0
1269730 1469.3
1269740 1470.3
1269750 1471.0
1269760 1471.0
1269770 1471.2
1269780 1471.7
1269790 1471.7
1269800 1472.4
1269810 1473.5
1269820 1473.5
1269830 1475.1
1269840 1477.1
1269850 1477.8
1269860 1480.1
1269870 1482.4
1269880 1482.4
1269890 1484.9
1269900 1487.9
1269910 1487.9
1269920 1491.7
1269930 1495.6
1269940 1495.6
1269950 1499.1
1269960 1502.0
1269970 1502.0
1269980 1505.4
1269990 1509.8
1270000 1512.7
1270010 1512.7
1270020 1512.8
1270030 1512.0
1270040 1512.0
1270050 1510.3
1270060 1509.4
1270070 1509.4
1270080 1510.2
1270090 1510.6
1270100 1510.6
1270110 1509.9
1270120 1509.0
1270130 1509.0
1270140 1508.2
1270150 1507.2
1270160 1507.2
1270170 1505.6
1270180 1504.1
1270190 1504.1
1270200 1502.4
1270210 1500.7
1270220 1500.7
1270230 1498.6
1270240 1496.4
1270250 1493.6
1270260 1493.6
1270270 1490.4
1270280 1487.1
1270290 1487.1
1270300 1483.4
1270310 1479.4
1270320 1479.4
1270330 1475.2
1270340 1471.4
1270350 1471.4
1270360 1467.8
1270370 1463.6
1270380 1463.6
1270390 1460.1
1270400 1457.1
1270410 1457.1
1270420 1453.2
1270430 1448.2
1270440 1452.4
1270450 1446.8
1270460 1441.0
1270470 1434.6
1270480 1434.6
1270490 1428.7
1270500 1422.4
1270510 1422.4
1270520 1415.9
1270530 1405.6
1270540 1405.6
1270550 1391.9
1270560 1383.2
1270570 1383.2
1270580 1376.7
1270590 1372.8
1270600 1372.8
1270610 1371.3
1270620 1366.8
1270630 1366.8
1270640 1363.3
1270650 1359.8
1270660 1359.8
1270670 1357.3
1270680 1354.3
1270690 1354.3
1270700 1350.6
1270710 1348.6
1270720 1347.8
1270730 1347.8
1270740 1348.2
1270750 1349.5
1270760 1349.5
1270770 1351.2
1270780 1350.5
1270790 1350.5
1270800 1351.0
1270810 1351.3
1270820 1351.3
1270830 1349.5
1270840 1347.8
1270850 1347.8
1270860 1348.5
1270870 1350.1
1270880 1350.1
1270890 1351.3
1270900 1350.4
1270910 1350.4
1270920 1347.1
1270930 1343.0
1270940 1343.0
1270950 1339.2
1270960 1336.1
1270970 1332.4
1270980 1332.4
1270990 1327.3
1271000 1325.4
1271010 1325.4
1271020 1328.4
1271030 1331.7
1271040 1338.4
1271050 1338.3
1271060 1336.8
1271070 1336.8
1271080 1336.1
1271090 1333.0
1271100 1333.0
1271110 1330.0
1271120 1327.9
1271130 1327.9
1271140 1325.1
1271150 1320.9
1271160 1320.9
1271170 1316.5
1271180 1313.4
1271190 1311.4
1271200 1311.4
1271210 1309.9
1271220 1306.4
1271230 1306.4
1271240 1302.0
1271250 1298.7
1271260 1298.7
1271270 1296.3
1271280 1293.3
1271290 1293.3
1271300 1289.5
1271310 1285.0
1271320 1285.0
1271330 1279.4
1271340 1271.2
1271350 1271.2
1271360 1265.1
1271370 1259.0
1271380 1259.0
1271390 1253.4
1271400 1247.6
1271410 1247.6
1271420 1242.6
1271430 1238.9
1271440 1235.6
1271450 1235.6
1271460 1231.7
1271470 1227.6
1271480 1227.6
1271490 1224.5
1271500 1221.6
1271510 1221.6
1271520 1218.1
1271530 1216.0
1271540 1216.0
1271550 1214.2
1271560 1211.2
1271570 1211.2
1271580 1208.0
1271590 1204.2
1271600 1204.2
1271610 1200.8
1271620 1197.6
1271630 1203.1
1271640 1199.4
1271650 1194.7
1271660 1190.0
1271670 1190.0
1271680 1187.9
1271690 1188.2
1271700 1188.2
1271710 1187.6
1271720 1184.4
1271730 1184.4
1271740 1180.5
1271750 1175.8
1271760 1175.8
1271770 1170.6
1271780 1166.0
1271790 1166.0
1271800 1162.1
1271810 1158.9
1271820 1158.9
1271830 1156.2
1271840 1153.8
1271850 1153.8
1271860 1151.6
1271870 1149.2
1271880 1149.2
1271890 1146.7
1271900 1144.3
1271910 1142.2
1271920 1142.2
1271930 1139.6
1271940 1135.7
1271950 1135.7
1271960 1131.7
1271970 1127.9
1271980 1127.9
1271990 1124.3
1272000 1120.9
1272010 1120.9
1272020 1116.4
1272030 1110.6
1272040 1110.6
1272050 1104.6
1272060 1099.5
1272070 1099.5
1272080 1096.0
1272090 1092.9
1272100 1092.9
1272110 1089.9
1272120 1087.1
1272130 1087.1
1272140 1085.0
1272150 1083.3
1272160 1080.5
1272170 1080.5
1272180 1077.6
1272190 1074.5
1272200 1074.5
1272210 1070.7
1272220 1065.0
1272230 1068.1
1272240 1061.4
1272250 1058.3
1272260 1058.3
1272270 1058.5
1272280 1051.9
1272290 1051.9
1272300 1043.1
1272310 1037.9
1272320 1037.9
1272330 1033.9
1272340 1029.6
1272350 1029.6
1272360 1024.8
1272370 1019.8
1272380 1013.9
1272390 1013.9
1272400 1007.6
1272410 1002.2
1272420 1002.2
1272430 997.7
1272440 993.5
1272450 993.5
1272460 989.4
1272470 985.1
1272480 985.1
1272490 979.9
1272500 974.8
1272510 974.8
1272520 972.0
1272530 968.1
1272540 968.1
1272550 964.1
1272560 961.2
1272570 961.2
1272580 958.9
1272590 957.4
1272600 957.4
1272610 955.8
1272620 953.9
1272630 952.0
1272640 952.0
1272650 950.4
1272660 948.1
1272670 948.1
1272680 945.6
1272690 943.2
1272700 943.2
1272710 941.6
1272720 940.0
1272730 940.0
1272740 938.3
1272750 934.7
1272760 934.7
1272770 928.6
1272780 921.1
1272790 921.1
1272800 914.3
1272810 909.5
1272820 909.5
1272830 909.3
1272840 905.8
1272850 905.8
1272860 903.4
1272870 901.0
1272880 899.4
1272890 899.4
1272900 898.2
1272910 896.3
1272920 896.3
1272930 892.3
1272940 887.2
1272950 887.2
1272960 883.3
1272970 880.3
1272980 880.3
1272990 876.2
1273000 869.7
1273010 869.7
1273020 861.4
1273030 853.5
1273040 853.5
1273050 845.6
1273060 838.8
1273070 838.8
1273080 834.6
1273090 834.2
1273100 836.5
1273110 836.5
1273120 842.6
1273130 849.6
1273140 849.6
1273150 856.7
1273160 863.2
1273170 863.2
1273180 869.9
1273190 876.4
1273200 876.4
1273210 878.9
1273220 881.5
1273230 881.5
1273240 888.2
1273250 894.8
1273260 894.8
1273270 901.3
1273280 908.1
1273290 908.1
1273300 914.0
1273310 920.8
1273320 920.8
1273330 927.7
1273340 933.3
1273350 937.7
1273360 937.7
1273370 943.2
1273380 949.1
1273390 949.1
1273400 953.3
1273410 957.0
1273420 957.0
1273430 954.5
1273440 954.3
1273450 954.3
1273460 953.9
1273470 954.0
1273480 954.0
1273490 956.2
1273500 957.7
1273510 957.7
1273520 961.1
1273530 964.1
1273540 964.1
1273550 964.8
1273560 966.3
1273570 969.0
1273580 969.0
1273590 971.4
1273600 974.0
1273610 974.0
1273620 978.0
1273630 983.8
1273640 983.8
1273650 990.3
1273660 995.4
1273670 995.4
1273680 998.4
1273690 1001.7
1273700 1001.7
1273710 1005.5
1273720 1009.2
1273730 1009.2
1273740 1013.8
1273750 1019.1
1273760 1019.1
1273770 1023.7
1273780 1028.9
1273790 1028.9
1273800 1034.3
1273810 1037.9
1273820 1039.9
1273830 1039.9
1273840 1041.4
1273850 1043.4
1273860 1043.4
1273870 1045.2
1273880 1046.1
1273890 1046.1
1273900 1047.1
1273910 1049.3
1273920 1049.3
1273930 1051.6
1273940 1052.9
1273950 1052.9
1273960 1055.3
1273970 1057.5
1273980 1057.5
1273990 1060.0
1274000 1063.9
1274010 1063.9
1274020 1068.5
1274030 1074.6
1274040 1074.6
1274050 1081.0
1274060 1085.2
1274070 1089.4
1274080 1089.4
1274090 1092.4
1274100 1095.6
1274110 1095.6
1274120 1099.2
1274130 1104.1
1274140 1104.1
1274150 1108.2
1274160 1111.8
1274170 1111.8
1274180 1115.8
1274190 1120.0
1274200 1120.0
1274210 1124.3
1274220 1128.8
1274230 1128.8
1274240 1132.2
1274250 1136.0
1274260 1136.0
1274270 1140.3
1274280 1145.0
1274290 1149.2
1274300 1149.2
1274310 1151.9
1274320 1154.3
1274330 1154.3
1274340 1157.6
1274350 1160.6
1274360 1160.6
1274370 1163.5
1274380 1166.2
1274390 1166.2
1274400 1168.9
1274410 1171.3
1274420 1171.3
1274430 1173.8
1274440 1176.7
1274450 1176.7
1274460 1180.2
1274470 1184.8
1274480 1184.8
1274490 1187.9
1274500 1190.7
1274510 1190.7
1274520 1193.8
1274530 1197.2
1274540 1200.6
1274550 1200.6
1274560 1202.8
1274570 1204.9
1274580 1204.9
1274590 1207.4
1274600 1209.7
1274610 1209.7
1274620 1211.4
1274630 1212.9
1274640 1211.7
1274650 1213.1
1274660 1214.5
1274670 1214.5
1274680 1216.1
1274690 1217.7
1274700 1217.7
1274710 1219.3
1274720 1221.4
1274730 1221.4
1274740 1225.3
1274750 1227.8
1274760 1229.7
1274770 1229.7
1274780 1231.2
1274790 1233.0
1274800 1233.0
1274810 1234.7
1274820 1236.5
1274830 1236.5
1274840 1238.4
1274850 1240.3
1274860 1240.3
1274870 1242.7
1274880 1245.6
1274890 1245.6
1274900 1248.8
1274910 1252.7
1274920 1252.7
1274930 1255.6
1274940 1257.9
1274950 1257.9
1274960 1260.1
1274970 1262.4
1274980 1262.4
1274990 1264.8
1275000 1267.5
1275010 1270.1
1275020 1270.1
1275030 1272.4
1275040 1275.6
1275050 1275.6
1275060 1278.6
1275070 1281.1
1275080 1281.1
1275090 1283.2
1275100 1284.7
1275110 1284.7
1275120 1285.6
1275130 1287.5
1275140 1287.5
1275150 1290.0
1275160 1292.3
1275170 1292.3
1275180 1294.0
1275190 1295.6
1275200 1295.6
1275210 1297.7
1275220 1300.4
1275230 1300.4
1275240 1300.6
1275250 1303.0
1275260 1305.2
1275270 1305.2
1275280 1307.8
1275290 1310.4
1275300 1310.4
1275310 1312.4
1275320 1314.2
1275330 1314.2
1275340 1316.1
1275350 1318.0
1275360 1318.0
1275370 1319.7
1275380 1321.3
1275390 1321.3
1275400 1322.5
1275410 1323.6
1275420 1323.6
1275430 1324.4
1275440 1324.7
1275450 1324.7
1275460 1325.6
1275470 1326.9
1275480 1328.5
1275490 1328.5
1275500 1330.3
1275510 1332.5
1275520 1332.5
1275530 1334.5
1275540 1336.2
1275550 1336.2
1275560 1338.1
1275570 1340.4
1275580 1340.4
1275590 1342.7
1275600 1344.8
1275610 1344.8
1275620 1346.3
1275630 1347.5
1275640 1347.5
1275650 1349.5
1275660 1351.4
1275670 1351.4
1275680 1352.4
1275690 1353.2
1275700 1353.2
1275710 1353.7
1275720 1354.0
1275730 1354.5
1275740 1354.5
1275750 1354.8
1275760 1354.7
1275770 1354.7
1275780 1354.9
1275790 1355.6
1275800 1355.6
1275810 1355.8
1275820 1355.5
1275830 1355.5
1275840 1355.8
1275850 1351.7
1275860 1351.7
1275870 1353.5
1275880 1355.4
1275890 1355.4
1275900 1356.7
1275910 1358.2
1275920 1358.2
1275930 1360.0
1275940 1361.6
1275950 1361.9
1275960 1361.9
1275970 1362.1
1275980 1362.6
1275990 1362.6
1276000 1363.0
1276010 1363.4
1276020 1363.4
1276030 1363.7
1276040 1364.2
1276050 1364.2
1276060 1365.2
1276070 1366.0
1276080 1366.0
1276090 1366.7
1276100 1367.6
1276110 1367.6
1276120 1368.5
1276130 1369.8
1276140 1369.8
1276150 1370.8
1276160 1371.4
1276170 1371.4
1276180 1372.8
1276190 1374.7
1276200 1376.2
1276210 1376.2
1276220 1377.8
1276230 1379.1
1276240 1379.1
1276250 1380.1
1276260 1380.9
1276270 1380.9
1276280 1381.6
1276290 1382.1
1276300 1382.1
1276310 1385.6
1276320 1388.5
1276330 1388.5
1276340 1389.6
1276350 1390.2
1276360 1390.2
1276370 1391.1
1276380 1392.0
1276390 1392.0
1276400 1393.0
1276410 1394.0
1276420 1394.0
1276430 1394.8
1276440 1395.1
1276450 1395.3
1276460 1393.6
1276470 1392.9
1276480 1391.7
1276490 1391.7
1276500 1390.9
1276510 1389.8
1276520 1389.8
1276530 1389.1
1276540 1388.4
1276550 1388.4
1276560 1387.9
1276570 1387.4
1276580 1387.4
1276590 1386.8
1276600 1386.0
1276610 1386.0
1276620 1385.3
1276630 1384.9
1276640 1384.9
1276650 1384.7
1276660 1384.8
1276670 1384.9
1276680 1384.9
1276690 1384.8
1276700 1384.1
1276710 1384.1
1276720 1382.9
1276730 1381.5
1276740 1381.5
1276750 1380.1
1276760 1379.6
1276770 1379.6
1276780 1379.3
1276790 1379.5
1276800 1379.5
1276810 1379.8
1276820 1379.6
1276830 1379.6
1276840 1378.8
1276850 1377.6
1276860 1377.6
1276870 1376.1
1276880 1374.6
1276890 1374.6
1276900 1373.3
1276910 1371.6
1276920 1368.9
1276930 1368.9
1276940 1364.2
1276950 1359.4
1276960 1359.4
1276970 1357.1
1276980 1355.2
1276990 1355.2
1277000 1353.6
1277010 1350.4
1277020 1350.4
1277030 1347.9
1277040 1347.9
1277050 1347.9
1277060 1344.9
1277070 1336.4
1277080 1336.4
1277090 1332.7
1277100 1327.0
1277110 1327.0
1277120 1322.7
1277130 1320.6
1277140 1319.5
1277150 1319.5
1277160 1319.1
1277170 1318.2
1277180 1318.2
1277190 1316.5
1277200 1314.6
1277210 1314.6
1277220 1314.0
1277230 1314.1
1277240 1314.1
1277250 1314.8
1277260 1315.6
1277270 1315.6
1277280 1315.8
1277290 1312.2
1277300 1312.2
1277310 1309.3
1277320 1312.1
1277330 1312.1
1277340 1315.3
1277350 1317.3
1277360 1317.3
1277370 1319.3
1277380 1321.5
1277390 1324.1
1277400 1324.1
1277410 1326.2
1277420 1327.6
1277430 1327.6
1277440 1329.1
1277450 1330.6
1277460 1330.6
1277470 1331.6
1277480 1333.0
1277490 1333.0
1277500 1335.7
1277510 1341.2
1277520 1341.2
1277530 1347.7
1277540 1354.5
1277550 1354.5
1277560 1360.6
1277570 1366.3
1277580 1366.3
1277590 1372.6
1277600 1379.4
1277610 1379.4
1277620 1385.7
1277630 1390.7
1277640 1395.4
1277650 1395.4
1277660 1399.7
1277670 1402.8
1277680 1404.9
1277690 1408.5
1277700 1412.2
1277710 1412.2
1277720 1415.8
1277730 1420.3
1277740 1420.3
1277750 1424.6
1277760 1428.0
1277770 1428.0
1277780 1431.1
1277790 1435.2
1277800 1435.2
1277810 1440.7
1277820 1443.4
1277830 1443.4
1277840 1445.8
1277850 1448.6
1277860 1451.0
1277870 1451.0
1277880 1453.2
1277890 1449.7
1277900 1449.7
1277910 1445.2
1277920 1441.6
1277930 1441.6
1277940 1448.3
1277950 1458.0
1277960 1458.0
1277970 1466.1
1277980 1473.0
1277990 1473.0
1278000 1480.3
1278010 1486.5
1278020 1486.5
1278030 1493.2
1278040 1500.5
1278050 1500.5
1278060 1507.6
1278070 1515.4
1278080 1515.4
1278090 1522.8
1278100 1528.6
1278110 1532.6
1278120 1532.6
1278130 1536.2
1278140 1540.9
1278150 1540.9
1278160 1545.5
1278170 1550.1
1278180 1550.1
1278190 1554.0
1278200 1557.6
1278210 1557.6
1278220 1560.0
1278230 1563.0
1278240 1563.0
1278250 1565.9
1278260 1569.6
1278270 1569.6
1278280 1572.7
1278290 1575.5
1278300 1577.9
1278310 1581.5
1278320 1585.6
1278330 1589.8
1278340 1589.8
1278350 1591.8
1278360 1594.1
1278370 1594.1
1278380 1598.2
1278390 1603.4
1278400 1603.4
1278410 1608.0
1278420 1612.2
1278430 1612.2
1278440 1616.2
1278450 1620.4
1278460 1620.4
1278470 1623.9
1278480 1627.6
1278490 1627.6
1278500 1632.2
1278510 1636.3
1278520 1636.3
1278530 1640.1
1278540 1643.4
1278550 1643.4
1278560 1646.0
1278570 1648.6
1278580 1651.9
1278590 1651.9
1278600 1654.7
1278610 1657.6
1278620 1657.6
1278630 1660.7
1278640 1664.2
1278650 1664.2
1278660 1667.8
1278670 1672.4
1278680 1672.4
1278690 1676.9
1278700 1681.8
1278710 1681.8
1278720 1686.8
1278730 1690.5
1278740 1690.5
1278750 1694.3
1278760 1698.1
1278770 1698.1
1278780 1702.5
1278790 1707.4
1278800 1707.4
1278810 1712.0
1278820 1716.5
1278830 1722.3
1278840 1722.3
1278850 1728.2
1278860 1736.5
1278870 1736.5
1278880 1746.4
1278890 1756.6
1278900 1756.6
1278910 1767.0
1278920 1777.9
1278930 1777.9
1278940 1788.5
1278950 1798.2
1278960 1798.2
1278970 1805.6
1278980 1812.2
1278990 1812.2
1279000 1819.1
1279010 1825.9
1279020 1825.9
1279030 1831.8
1279040 1838.2
1279050 1846.7
1279060 1846.7
1279070 1857.0
1279080 1867.6
1279090 1867.6
1279100 1876.7
1279110 1883.5
1279120 1883.5
1279130 1889.8
1279140 1895.5
1279150 1895.5
1279160 1900.1
1279170 1904.0
1279180 1904.0
1279190 1907.2
1279200 1908.3
1279210 1908.3
1279220 1908.5
1279230 1909.0
1279240 1909.0
1279250 1910.3
1279260 1912.1
1279270 1912.1
1279280 1913.3
1279290 1915.0
1279300 1917.2
1279310 1917.2
1279320 1918.5
1279330 1918.5
1279340 1918.5
1279350 1917.8
1279360 1915.0
1279370 1915.0
1279380 1913.1
1279390 1912.3
1279400 1912.3
1279410 1910.5
1279420 1908.9
1279430 1908.9
1279440 1910.1
1279450 1915.6
1279460 1915.6
1279470 1920.5
1279480 1924.1
1279490 1924.1
1279500 1927.6
1279510 1930.8
1279520 1930.8
1279530 1938.4
1279540 1941.2
1279550 1945.5
1279560 1945.5
1279570 1951.4
1279580 1955.9
1279590 1955.9
1279600 1959.0
1279610 1963.4
1279620 1963.4
1279630 1967.0
1279640 1970.0
1279650 1970.0
1279660 1973.1
1279670 1976.5
1279680 1976.5
1279690 1980.6
1279700 1983.9
1279710 1983.9
1279720 1987.8
1279730 1992.3
1279740 1992.3
1279750 1997.3
1279760 2001.7
1279770 2005.3
1279780 2005.3
1279790 2008.9
1279800 2012.9
1279810 2012.9
1279820 2016.6
1279830 2018.8
1279840 2018.8
1279850 2018.4
1279860 2017.6
1279870 2017.6
1279880 2021.7
1279890 2028.6
1279900 2028.6
1279910 2034.1
1279920 2039.8
1279930 2039.8
1279940 2046.1
1279950 2054.1
1279960 2054.1
1279970 2062.2
1279980 2065.4
1279990 2065.4
