1260000 2120.4
1260010 2113.0
1260020 2113.0
1260030 2105.9
1260040 2098.9
1260050 2098.9
1260060 2091.5
1260070 2082.6
1260080 2082.6
1260090 2073.0
1260100 2062.9
1260110 2062.9
1260120 2048.2
1260130 2036.3
1260140 2036.3
1260150 2022.0
1260160 2010.1
1260170 2010.1
1260180 1998.8
1260190 1987.6
1260200 1976.8
1260210 1982.8
1260220 1971.3
1260230 1951.6
1260240 1951.6
1260250 1917.3
1260260 1894.7
1260270 1894.7
1260280 1885.0
1260290 1877.4
1260300 1877.4
1260310 1872.2
1260320 1864.3
1260330 1864.3
1260340 1858.6
1260350 1855.6
1260360 1855.6
1260370 1850.5
1260380 1844.4
1260390 1844.4
1260400 1837.4
1260410 1829.0
1260420 1829.0
1260430 1821.5
1260440 1812.2
1260450 1804.3
1260460 1804.3
1260470 1797.7
1260480 1791.2
1260490 1791.2
1260500 1784.5
1260510 1770.3
1260520 1770.3
1260530 1761.0
1260540 1759.7
1260550 1759.7
1260560 1758.8
1260570 1751.2
1260580 1751.2
1260590 1744.2
1260600 1738.5
1260610 1738.5
1260620 1733.1
1260630 1728.0
1260640 1728.0
1260650 1723.1
1260660 1718.4
1260670 1714.3
1260680 1714.3
1260690 1710.5
1260700 1706.0
1260710 1706.0
1260720 1701.2
1260730 1696.8
1260740 1696.8
1260750 1692.6
1260760 1688.5
1260770 1686.2
1260780 1681.9
1260790 1678.2
1260800 1678.2
1260810 1674.0
1260820 1670.0
1260830 1670.0
1260840 1666.3
1260850 1663.3
1260860 1663.3
1260870 1659.9
1260880 1655.7
1260890 1655.7
1260900 1650.8
1260910 1646.7
1260920 1642.8
1260930 1642.8
1260940 1639.0
1260950 1635.8
1260960 1635.8
1260970 1632.6
1260980 1628.9
1260990 1628.9
1261000 1625.7
1261010 1622.3
1261020 1622.3
1261030 1618.6
1261040 1614.5
1261050 1614.5
1261060 1611.1
1261070 1607.5
1261080 1607.5
1261090 1603.9
1261100 1600.3
1261110 1600.3
1261120 1596.7
1261130 1593.1
1261140 1593.1
1261150 1590.7
1261160 1588.1
1261170 1584.8
1261180 1584.8
1261190 1580.9
1261200 1576.9
1261210 1576.9
1261220 1580.1
1261230 1586.2
1261240 1586.2
1261250 1590.3
1261260 1589.1
1261270 1589.1
1261280 1589.9
1261290 1595.2
1261300 1595.2
1261310 1597.2
1261320 1598.0
1261330 1598.0
1261340 1595.6
1261350 1597.4
1261360 1597.4
1261370 1597.8
1261380 1598.5
1261390 1598.5
1261400 1599.2
1261410 1601.0
1261420 1604.6
1261430 1604.6
1261440 1608.6
1261450 1611.8
1261460 1611.8
1261470 1613.6
1261480 1617.2
1261490 1617.2
1261500 1620.8
1261510 1624.4
1261520 1624.4
1261530 1627.8
1261540 1631.3
1261550 1631.3
1261560 1634.3
1261570 1637.6
1261580 1637.6
1261590 1639.7
1261600 1637.7
1261610 1637.7
1261620 1639.8
1261630 1646.2
1261640 1653.5
1261650 1653.5
1261660 1661.4
1261670 1668.7
1261680 1668.7
1261690 1676.0
1261700 1683.7
1261710 1683.7
1261720 1691.2
1261730 1697.8
1261740 1697.8
1261750 1704.5
1261760 1711.7
1261770 1711.7
1261780 1716.2
1261790 1717.6
1261800 1717.6
1261810 1719.5
1261820 1724.2
1261830 1724.2
1261840 1730.7
1261850 1737.6
1261860 1737.6
1261870 1740.6
1261880 1740.3
1261890 1740.3
1261900 1740.3
1261910 1737.9
1261920 1738.7
1261930 1738.7
1261940 1737.9
1261950 1735.1
1261960 1735.1
1261970 1731.7
1261980 1727.2
1261990 1727.2
1262000 1721.8
1262010 1715.7
1262020 1715.7
1262030 1709.6
1262040 1704.1
1262050 1704.1
1262060 1699.1
1262070 1695.1
1262080 1695.1
1262090 1690.8
1262100 1687.0
1262110 1687.0
1262120 1683.3
1262130 1680.1
1262140 1676.1
1262150 1676.1
1262160 1672.1
1262170 1667.2
1262180 1667.2
1262190 1661.5
1262200 1655.3
1262210 1655.3
1262220 1652.9
1262230 1653.5
1262240 1653.5
1262250 1653.2
1262260 1651.5
1262270 1651.5
1262280 1648.8
1262290 1645.4
1262300 1645.4
1262310 1642.9
1262320 1641.6
1262330 1641.6
1262340 1639.4
1262350 1636.3
1262360 1632.6
1262370 1632.6
1262380 1628.9
1262390 1625.4
1262400 1625.4
1262410 1621.3
1262420 1617.1
1262430 1617.1
1262440 1612.9
1262450 1608.7
1262460 1608.7
1262470 1601.0
1262480 1592.0
1262490 1593.1
1262500 1584.2
1262510 1576.8
1262520 1576.8
1262530 1571.7
1262540 1567.5
1262550 1567.5
1262560 1564.6
1262570 1561.3
1262580 1561.3
1262590 1557.9
1262600 1553.8
1262610 1548.1
1262620 1548.1
1262630 1542.8
1262640 1535.5
1262650 1535.5
1262660 1530.9
1262670 1528.4
1262680 1528.4
1262690 1526.4
1262700 1524.9
1262710 1524.9
1262720 1524.3
1262730 1523.4
1262740 1523.4
1262750 1515.3
1262760 1507.0
1262770 1507.0
1262780 1501.7
1262790 1499.7
1262800 1499.7
1262810 1498.3
1262820 1496.2
1262830 1496.2
1262840 1494.3
1262850 1492.7
1262860 1492.0
1262870 1492.0
1262880 1495.1
1262890 1498.9
1262900 1498.9
1262910 1501.4
1262920 1502.1
1262930 1502.1
1262940 1501.5
1262950 1499.8
1262960 1499.8
1262970 1498.1
1262980 1499.2
1262990 1499.2
1263000 1499.1
1263010 1495.4
1263020 1495.4
1263030 1493.4
1263040 1494.7
1263050 1494.7
1263060 1495.3
1263070 1496.9
1263080 1491.5
1263090 1491.5
1263100 1489.6
1263110 1490.8
1263120 1490.8
1263130 1490.3
1263140 1488.3
1263150 1488.3
1263160 1486.9
1263170 1484.0
1263180 1484.0
1263190 1480.1
1263200 1480.8
1263210 1480.8
1263220 1479.7
1263230 1478.8
1263240 1478.8
1263250 1478.5
1263260 1476.4
1263270 1476.4
1263280 1474.3
1263290 1472.4
1263300 1472.4
1263310 1471.1
1263320 1470.2
1263330 1469.6
1263340 1469.6
1263350 1470.3
1263360 1470.7
1263370 1470.7
1263380 1469.0
1263390 1467.8
1263400 1467.8
1263410 1466.6
1263420 1464.8
1263430 1464.8
1263440 1461.6
1263450 1458.9
1263460 1458.9
1263470 1456.0
1263480 1448.1
1263490 1448.1
1263500 1440.1
1263510 1434.1
1263520 1434.1
1263530 1437.1
1263540 1443.1
1263550 1443.1
1263560 1444.6
1263570 1445.2
1263580 1447.6
1263590 1447.6
1263600 1449.0
1263610 1448.8
1263620 1448.8
1263630 1441.7
1263640 1440.7
1263650 1440.7
1263660 1438.6
1263670 1434.9
1263680 1434.9
1263690 1430.9
1263700 1429.7
1263710 1429.7
1263720 1429.3
1263730 1429.3
1263740 1429.3
1263750 1434.6
1263760 1437.1
1263770 1437.1
1263780 1438.0
1263790 1438.7
1263800 1437.9
1263810 1437.9
1263820 1437.5
1263830 1437.4
1263840 1437.4
1263850 1435.6
1263860 1435.0
1263870 1435.0
1263880 1433.7
1263890 1432.7
1263900 1432.7
1263910 1431.2
1263920 1428.8
1263930 1428.8
1263940 1426.3
1263950 1423.8
1263960 1423.8
1263970 1420.8
1263980 1416.6
1263990 1416.6
1264000 1412.7
1264010 1408.8
1264020 1408.8
1264030 1405.0
1264040 1401.0
1264050 1397.0
1264060 1397.0
1264070 1392.7
1264080 1388.5
1264090 1388.5
1264100 1385.1
1264110 1380.3
1264120 1380.3
1264130 1375.9
1264140 1371.9
1264150 1371.9
1264160 1367.8
1264170 1363.3
1264180 1363.3
1264190 1358.6
1264200 1354.0
1264210 1350.0
1264220 1345.3
1264230 1340.4
1264240 1340.4
1264250 1335.9
1264260 1332.4
1264270 1332.4
1264280 1329.0
1264290 1325.5
1264300 1320.4
1264310 1320.4
1264320 1313.9
1264330 1307.8
1264340 1307.8
1264350 1302.4
1264360 1297.5
1264370 1297.5
1264380 1292.5
1264390 1286.8
1264400 1286.8
1264410 1280.5
1264420 1273.4
1264430 1273.4
1264440 1267.4
1264450 1265.0
1264460 1265.0
1264470 1263.6
1264480 1262.2
1264490 1262.2
1264500 1258.5
1264510 1255.8
1264520 1252.5
1264530 1252.5
1264540 1251.3
1264550 1251.3
1264560 1251.3
1264570 1249.0
1264580 1244.9
1264590 1244.9
1264600 1240.7
1264610 1236.7
1264620 1236.7
1264630 1232.3
1264640 1227.7
1264650 1227.7
1264660 1223.4
1264670 1221.1
1264680 1221.1
1264690 1219.4
1264700 1216.4
1264710 1216.4
1264720 1212.3
1264730 1207.2
1264740 1207.2
1264750 1202.1
1264760 1197.9
1264770 1196.0
1264780 1196.0
1264790 1188.8
1264800 1187.1
1264810 1187.1
1264820 1184.6
1264830 1179.8
1264840 1179.8
1264850 1174.6
1264860 1169.1
1264870 1169.1
1264880 1164.4
1264890 1162.0
1264900 1162.0
1264910 1161.2
1264920 1162.1
1264930 1162.1
1264940 1159.7
1264950 1154.1
1264960 1154.1
1264970 1148.5
1264980 1144.5
1264990 1144.5
1265000 1142.2
1265010 1141.3
1265020 1139.4
1265030 1139.4
1265040 1134.4
1265050 1128.8
1265060 1128.8
1265070 1124.7
1265080 1122.5
1265090 1122.5
1265100 1122.4
1265110 1122.8
1265120 1122.8
1265130 1121.7
1265140 1118.8
1265150 1118.8
1265160 1114.0
1265170 1108.7
1265180 1108.7
1265190 1103.7
1265200 1099.5
1265210 1099.5
1265220 1096.0
1265230 1093.0
1265240 1090.5
1265250 1090.5
1265260 1088.3
1265270 1086.5
1265280 1086.5
1265290 1084.1
1265300 1081.7
1265310 1081.7
1265320 1079.3
1265330 1077.3
1265340 1077.3
1265350 1075.7
1265360 1074.5
1265370 1071.9
1265380 1071.2
1265390 1070.9
1265400 1070.9
1265410 1071.3
1265420 1072.0
1265430 1072.0
1265440 1072.8
1265450 1073.2
1265460 1073.2
1265470 1072.1
1265480 1070.3
1265490 1069.0
1265500 1069.0
1265510 1067.4
1265520 1063.9
1265530 1063.9
1265540 1058.7
1265550 1055.5
1265560 1055.5
1265570 1054.5
1265580 1055.0
1265590 1055.0
1265600 1055.0
1265610 1054.0
1265620 1054.0
1265630 1051.5
1265640 1048.4
1265650 1048.4
1265660 1045.5
1265670 1042.2
1265680 1042.2
1265690 1039.4
1265700 1036.7
1265710 1036.7
1265720 1034.3
1265730 1031.3
1265740 1028.5
1265750 1028.5
1265760 1026.0
1265770 1023.5
1265780 1023.5
1265790 1020.8
1265800 1018.1
1265810 1018.1
1265820 1015.8
1265830 1014.4
1265840 1014.4
1265850 1012.9
1265860 1008.8
1265870 1008.8
1265880 1005.6
1265890 1005.0
1265900 1005.0
1265910 1003.9
1265920 1000.6
1265930 1000.6
1265940 995.9
1265950 988.9
1265960 990.6
1265970 990.6
1265980 992.1
1265990 989.6
1266000 989.6
1266010 985.3
1266020 982.8
1266030 982.8
1266040 979.5
1266050 974.8
1266060 974.8
1266070 970.7
1266080 965.9
1266090 965.9
1266100 962.2
1266110 962.5
1266120 962.5
1266130 962.6
1266140 959.4
1266150 959.4
1266160 952.6
1266170 944.3
1266180 944.3
1266190 936.5
1266200 930.5
1266210 924.5
1266220 924.5
1266230 918.5
1266240 913.8
1266250 913.8
1266260 910.1
1266270 906.1
1266280 906.1
1266290 902.0
1266300 898.0
1266310 898.0
1266320 892.2
1266330 885.9
1266340 885.9
1266350 882.1
1266360 880.0
1266370 880.0
1266380 876.5
1266390 872.0
1266400 872.0
1266410 867.1
1266420 860.7
1266430 860.7
1266440 856.3
1266450 853.9
1266460 848.8
1266470 848.8
1266480 843.4
1266490 839.3
1266500 839.3
1266510 834.4
1266520 830.0
1266530 827.9
1266540 826.4
1266550 825.8
1266560 825.8
1266570 825.2
1266580 824.6
1266590 824.6
1266600 824.1
1266610 823.7
1266620 823.7
1266630 822.5
1266640 821.8
1266650 821.8
1266660 821.6
1266670 821.7
1266680 821.7
1266690 821.5
1266700 821.0
1266710 820.2
1266720 820.2
1266730 819.8
1266740 820.0
1266750 820.0
1266760 819.5
1266770 818.5
1266780 818.5
1266790 816.2
1266800 815.3
1266810 815.3
1266820 815.6
1266830 818.1
1266840 818.1
1266850 819.8
1266860 820.2
1266870 820.2
1266880 820.9
1266890 822.0
1266900 822.0
1266910 823.4
1266920 825.5
1266930 828.7
1266940 828.7
1266950 832.9
1266960 837.2
1266970 837.2
1266980 840.8
1266990 844.5
1267000 844.5
1267010 848.6
1267020 855.4
1267030 855.4
1267040 863.2
1267050 869.9
1267060 869.9
1267070 876.9
1267080 884.4
1267090 884.4
1267100 892.7
1267110 899.2
1267120 899.2
1267130 907.2
1267140 914.7
1267150 914.7
1267160 920.1
1267170 924.4
1267180 928.2
1267190 928.2
1267200 930.9
1267210 934.4
1267220 934.4
1267230 938.2
1267240 940.0
1267250 940.0
1267260 940.7
1267270 940.4
1267280 940.4
1267290 940.7
1267300 942.3
1267310 942.3
1267320 944.7
1267330 946.8
1267340 946.8
1267350 947.3
1267360 946.7
1267370 946.7
1267380 946.0
1267390 945.7
1267400 945.7
1267410 945.8
1267420 946.5
1267430 947.6
1267440 947.6
1267450 949.0
1267460 951.0
1267470 951.0
1267480 954.2
1267490 958.0
1267500 958.0
1267510 961.8
1267520 965.3
1267530 965.3
1267540 966.8
1267550 966.8
1267560 966.8
1267570 965.5
1267580 962.8
1267590 962.8
1267600 960.2
1267610 960.4
1267620 960.4
1267630 963.7
1267640 968.4
1267650 971.4
1267660 971.4
1267670 971.9
1267680 972.2
1267690 972.2
1267700 973.8
1267710 976.0
1267720 976.0
1267730 977.6
1267740 978.3
1267750 978.3
1267760 978.7
1267770 978.9
1267780 978.9
1267790 979.0
1267800 978.7
1267810 978.7
1267820 978.1
1267830 977.2
1267840 977.2
1267850 976.0
1267860 974.7
1267870 974.7
1267880 972.9
1267890 971.8
1267900 971.1
1267910 971.1
1267920 971.0
1267930 971.4
1267940 971.4
1267950 971.7
1267960 972.0
1267970 972.0
1267980 972.8
1267990 973.6
1268000 973.6
1268010 974.0
1268020 974.8
1268030 974.8
1268040 975.7
1268050 975.8
1268060 975.8
1268070 975.9
1268080 975.9
1268090 975.9
1268100 976.0
1268110 976.1
1268120 976.1
1268130 976.6
1268140 978.0
1268150 980.0
1268160 980.0
1268170 981.7
1268180 983.7
1268190 983.7
1268200 985.2
1268210 986.5
1268220 986.5
1268230 987.2
1268240 988.8
1268250 988.8
1268260 991.4
1268270 994.1
1268280 994.1
1268290 996.8
1268300 998.3
1268310 998.3
1268320 1001.7
1268330 1004.8
1268340 1004.8
1268350 1007.2
1268360 1009.4
1268370 1012.5
1268380 1012.5
1268390 1017.5
1268400 1021.4
1268410 1021.4
1268420 1024.4
1268430 1029.0
1268440 1029.0
1268450 1034.2
1268460 1039.1
1268470 1039.1
1268480 1043.3
1268490 1048.4
1268500 1048.4
1268510 1053.3
1268520 1058.2
1268530 1058.2
1268540 1063.0
1268550 1067.5
1268560 1067.5
1268570 1072.7
1268580 1079.0
1268590 1079.0
1268600 1085.0
1268610 1092.3
1268620 1098.9
1268630 1098.9
1268640 1105.4
1268650 1112.0
1268660 1112.0
1268670 1118.6
1268680 1125.5
1268690 1125.5
1268700 1132.6
1268710 1139.5
1268720 1139.5
1268730 1149.0
1268740 1156.3
1268750 1156.3
1268760 1160.4
1268770 1166.1
1268780 1166.1
1268790 1170.9
1268800 1176.1
1268810 1176.1
1268820 1181.7
1268830 1187.9
1268840 1187.9
1268850 1194.4
1268860 1201.3
1268870 1210.2
1268880 1210.2
1268890 1218.2
1268900 1226.3
1268910 1226.3
1268920 1233.7
1268930 1241.2
1268940 1241.2
1268950 1248.4
1268960 1254.5
1268970 1254.5
1268980 1259.8
1268990 1265.3
1269000 1265.3
1269010 1272.0
1269020 1279.2
1269030 1279.2
1269040 1286.4
1269050 1293.5
1269060 1293.5
1269070 1299.1
1269080 1303.0
1269090 1305.4
1269100 1305.4
1269110 1307.1
1269120 1308.7
1269130 1308.7
1269140 1310.9
1269150 1313.6
1269160 1313.6
1269170 1317.2
1269180 1320.7
1269190 1320.7
1269200 1323.0
1269210 1323.6
1269220 1323.6
1269230 1322.1
1269240 1318.1
1269250 1318.1
1269260 1314.1
1269270 1309.5
1269280 1309.5
1269290 1305.9
1269300 1303.5
1269310 1303.5
1269320 1302.2
1269330 1301.6
1269340 1300.8
1269350 1300.8
1269360 1297.2
1269370 1292.6
1269380 1292.6
1269390 1288.3
1269400 1285.6
1269410 1285.6
1269420 1288.6
1269430 1292.4
1269440 1292.4
1269450 1295.8
1269460 1303.1
1269470 1303.1
1269480 1305.7
1269490 1309.3
1269500 1309.3
1269510 1311.4
1269520 1310.8
1269530 1310.8
1269540 1309.5
1269550 1308.4
1269560 1308.4
1269570 1307.3
1269580 1306.7
1269590 1305.6
1269600 1305.6
1269610 1304.1
1269620 1303.7
1269630 1303.7
1269640 1303.0
1269650 1301.5
1269660 1301.5
1269670 1299.3
1269680 1298.8
1269690 1298.8
1269700 1299.1
1269710 1298.2
1269720 1298.2
1269730 1297.0
1269740 1295.6
1269750 1295.6
1269760 1293.4
1269770 1290.0
1269780 1290.0
1269790 1285.9
1269800 1280.7
1269810 1277.2
1269820 1277.2
1269830 1273.0
1269840 1268.8
1269850 1268.8
1269860 1265.3
1269870 1262.3
1269880 1262.3
1269890 1260.8
1269900 1259.5
1269910 1259.5
1269920 1255.8
1269930 1254.5
1269940 1254.5
1269950 1253.6
1269960 1252.5
1269970 1252.5
1269980 1251.7
1269990 1250.4
1270000 1250.4
1270010 1247.4
1270020 1244.5
1270030 1244.5
1270040 1243.6
1270050 1242.4
1270060 1245.0
1270070 1245.0
1270080 1242.9
1270090 1240.2
1270100 1240.2
1270110 1237.3
1270120 1233.3
1270130 1233.3
1270140 1229.9
1270150 1229.8
1270160 1229.8
1270170 1229.4
1270180 1227.6
1270190 1227.6
1270200 1224.4
1270210 1220.7
1270220 1220.7
1270230 1216.5
1270240 1212.7
1270250 1212.7
1270260 1209.3
1270270 1206.5
1270280 1206.5
1270290 1204.3
1270300 1202.0
1270310 1199.3
1270320 1199.3
1270330 1196.4
1270340 1192.7
1270350 1192.7
1270360 1189.2
1270370 1186.7
1270380 1186.7
1270390 1184.5
1270400 1181.4
1270410 1181.4
1270420 1177.6
1270430 1175.5
1270440 1175.5
1270450 1175.1
1270460 1173.5
1270470 1173.5
1270480 1170.5
1270490 1167.2
1270500 1167.2
1270510 1163.5
1270520 1159.5
1270530 1155.7
1270540 1155.7
1270550 1150.2
1270560 1144.3
1270570 1144.3
1270580 1140.6
1270590 1138.6
1270600 1138.6
1270610 1137.4
1270620 1136.4
1270630 1136.4
1270640 1133.8
1270650 1134.2
1270660 1134.2
1270670 1130.0
1270680 1125.8
1270690 1125.8
1270700 1121.3
1270710 1115.5
1270720 1115.5
1270730 1108.4
1270740 1101.8
1270750 1101.8
1270760 1094.8
1270770 1088.3
1270780 1083.1
1270790 1083.1
1270800 1078.5
1270810 1074.7
1270820 1074.7
1270830 1070.1
1270840 1064.7
1270850 1064.7
1270860 1059.0
1270870 1053.9
1270880 1053.9
1270890 1051.8
1270900 1051.3
1270910 1051.3
1270920 1047.8
1270930 1041.6
1270940 1041.6
1270950 1037.3
1270960 1033.3
1270970 1033.3
1270980 1029.1
1270990 1025.0
1271000 1025.0
1271010 1021.9
1271020 1019.1
1271030 1015.4
1271040 1015.4
1271050 1010.6
1271060 1005.4
1271070 1005.4
1271080 1000.9
1271090 996.0
1271100 996.0
1271110 991.5
1271120 988.0
1271130 988.0
1271140 982.6
1271150 975.2
1271160 975.2
1271170 969.1
1271180 966.4
1271190 966.4
1271200 963.1
1271210 958.7
1271220 958.7
1271230 955.3
1271240 956.7
1271250 952.4
1271260 952.4
1271270 948.9
1271280 945.5
1271290 945.5
1271300 942.9
1271310 940.8
1271320 940.8
1271330 938.9
1271340 937.9
1271350 937.9
1271360 936.8
1271370 936.2
1271380 936.2
1271390 935.3
1271400 930.5
1271410 930.5
1271420 923.9
1271430 917.3
1271440 917.3
1271450 909.3
1271460 902.5
1271470 902.5
1271480 901.4
1271490 900.4
1271500 897.8
1271510 897.8
1271520 897.3
1271530 895.3
1271540 895.3
1271550 892.0
1271560 887.9
1271570 887.9
1271580 885.6
1271590 886.3
1271600 886.3
1271610 887.5
1271620 887.7
1271630 887.7
1271640 886.7
1271650 885.4
1271660 885.4
1271670 883.4
1271680 879.1
1271690 879.1
1271700 876.2
1271710 879.6
1271720 879.6
1271730 880.8
1271740 879.7
1271750 876.3
1271760 876.3
1271770 871.7
1271780 866.1
1271790 866.1
1271800 862.5
1271810 860.4
1271820 860.4
1271830 859.0
1271840 865.4
1271850 865.4
1271860 862.1
1271870 856.5
1271880 856.5
1271890 851.2
1271900 848.4
1271910 848.4
1271920 846.3
1271930 843.6
1271940 843.6
1271950 840.9
1271960 837.9
1271970 834.4
1271980 834.4
1271990 830.9
1272000 827.5
1272010 827.5
1272020 823.5
1272030 818.4
1272040 818.4
1272050 812.5
1272060 808.6
1272070 808.6
1272080 808.0
1272090 809.5
1272100 809.5
1272110 813.3
1272120 818.6
1272130 818.6
1272140 824.6
1272150 831.0
1272160 831.0
1272170 834.5
1272180 837.2
1272190 837.2
1272200 838.7
1272210 837.7
1272220 835.6
1272230 835.6
1272240 834.9
1272250 833.5
1272260 833.5
1272270 831.9
1272280 830.4
1272290 830.4
1272300 829.7
1272310 829.2
1272320 829.2
1272330 829.1
1272340 830.0
1272350 830.0
1272360 831.2
1272370 832.7
1272380 832.7
1272390 834.7
1272400 837.0
1272410 837.0
1272420 839.9
1272430 843.0
1272440 836.1
1272450 839.7
1272460 843.4
1272470 847.3
1272480 847.3
1272490 851.5
1272500 854.7
1272510 854.7
1272520 856.1
1272530 856.8
1272540 856.8
1272550 858.3
1272560 860.3
1272570 860.3
1272580 861.5
1272590 864.0
1272600 864.0
1272610 868.1
1272620 871.4
1272630 871.4
1272640 873.3
1272650 874.0
1272660 874.0
1272670 875.0
1272680 877.0
1272690 879.5
1272700 879.5
1272710 882.4
1272720 886.3
1272730 886.3
1272740 891.7
1272750 898.7
1272760 898.7
1272770 904.7
1272780 909.9
1272790 909.9
1272800 915.5
1272810 921.7
1272820 921.7
1272830 927.7
1272840 934.3
1272850 934.3
1272860 941.0
1272870 945.8
1272880 945.8
1272890 951.1
1272900 957.0
1272910 957.0
1272920 960.8
1272930 963.5
1272940 966.4
1272950 966.4
1272960 970.7
1272970 974.4
1272980 974.4
1272990 975.7
1273000 976.8
1273010 976.8
1273020 978.1
1273030 979.7
1273040 981.4
1273050 983.4
1273060 985.2
1273070 985.2
1273080 986.7
1273090 988.5
1273100 988.5
1273110 990.4
1273120 992.9
1273130 992.9
1273140 996.0
1273150 999.2
1273160 999.2
1273170 1000.1
1273180 1001.4
1273190 1004.5
1273200 1004.5
1273210 1007.0
1273220 1008.8
1273230 1008.8
1273240 1010.8
1273250 1012.9
1273260 1012.9
1273270 1014.6
1273280 1015.7
1273290 1015.7
1273300 1020.2
1273310 1025.9
1273320 1025.9
1273330 1032.5
1273340 1038.6
1273350 1038.6
1273360 1046.2
1273370 1053.8
1273380 1053.8
1273390 1055.6
1273400 1059.6
1273410 1062.4
1273420 1062.4
1273430 1063.0
1273440 1063.9
1273450 1063.9
1273460 1066.1
1273470 1069.2
1273480 1069.2
1273490 1072.0
1273500 1074.4
1273510 1074.4
1273520 1077.2
1273530 1080.0
1273540 1080.0
1273550 1082.6
1273560 1086.0
1273570 1086.0
1273580 1090.0
1273590 1093.5
1273600 1093.5
1273610 1096.2
1273620 1098.6
1273630 1098.6
1273640 1100.3
1273650 1103.3
1273660 1106.2
1273670 1106.2
1273680 1109.1
1273690 1111.6
1273700 1111.6
1273710 1114.0
1273720 1116.4
1273730 1116.4
1273740 1119.3
1273750 1122.4
1273760 1122.4
1273770 1125.7
1273780 1129.6
1273790 1129.6
1273800 1134.8
1273810 1141.2
1273820 1141.2
1273830 1145.7
1273840 1149.8
1273850 1149.8
1273860 1154.0
1273870 1157.8
1273880 1157.8
1273890 1162.5
1273900 1165.2
1273910 1166.1
1273920 1166.1
1273930 1170.0
1273940 1175.2
1273950 1175.2
1273960 1179.3
1273970 1182.4
1273980 1182.4
1273990 1184.9
1274000 1190.2
1274010 1190.2
1274020 1195.9
1274030 1200.9
1274040 1200.9
1274050 1205.9
1274060 1211.5
1274070 1211.5
1274080 1216.4
1274090 1220.4
1274100 1220.4
1274110 1223.8
1274120 1225.2
1274130 1227.2
1274140 1227.2
1274150 1234.0
1274160 1238.1
1274170 1238.1
1274180 1241.7
1274190 1246.1
1274200 1246.1
1274210 1250.9
1274220 1254.3
1274230 1254.3
1274240 1255.0
1274250 1257.2
1274260 1257.2
1274270 1259.0
1274280 1262.3
1274290 1262.3
1274300 1267.4
1274310 1273.7
1274320 1273.7
1274330 1277.8
1274340 1281.1
1274350 1281.1
1274360 1283.8
1274370 1285.4
1274380 1289.0
1274390 1289.0
1274400 1293.0
1274410 1295.9
1274420 1295.9
1274430 1299.1
1274440 1303.2
1274450 1303.2
1274460 1307.7
1274470 1312.0
1274480 1312.0
1274490 1314.4
1274500 1316.0
1274510 1316.0
1274520 1318.1
1274530 1321.3
1274540 1321.3
1274550 1324.8
1274560 1327.9
1274570 1327.9
1274580 1331.3
1274590 1334.9
1274600 1334.9
1274610 1338.8
1274620 1342.6
1274630 1344.9
1274640 1344.9
1274650 1346.9
1274660 1349.2
1274670 1349.2
1274680 1352.1
1274690 1355.0
1274700 1355.0
1274710 1357.7
1274720 1359.9
1274730 1359.9
1274740 1361.1
1274750 1362.1
1274760 1362.1
1274770 1363.8
1274780 1367.8
1274790 1367.8
1274800 1372.1
1274810 1374.4
1274820 1374.4
1274830 1375.3
1274840 1376.3
1274850 1374.0
1274860 1374.0
1274870 1376.7
1274880 1381.0
1274890 1381.0
1274900 1386.4
1274910 1392.5
1274920 1392.5
1274930 1398.0
1274940 1402.7
1274950 1402.7
1274960 1405.8
1274970 1406.6
1274980 1406.6
1274990 1406.8
1275000 1408.2
1275010 1408.2
1275020 1410.7
1275030 1414.5
1275040 1414.5
1275050 1418.2
1275060 1422.0
1275070 1422.0
1275080 1425.9
1275090 1430.2
1275100 1435.5
1275110 1435.5
1275120 1441.2
1275130 1443.9
1275140 1443.9
1275150 1448.3
1275160 1451.6
1275170 1451.6
1275180 1455.1
1275190 1458.3
1275200 1458.3
1275210 1460.7
1275220 1463.7
1275230 1463.7
1275240 1466.6
1275250 1469.7
1275260 1469.7
1275270 1474.0
1275280 1480.0
1275290 1480.0
1275300 1485.9
1275310 1491.1
1275320 1491.1
1275330 1495.9
1275340 1500.7
1275350 1505.0
1275360 1505.0
1275370 1508.9
1275380 1512.8
1275390 1512.8
1275400 1517.8
1275410 1522.6
1275420 1522.6
1275430 1527.4
1275440 1532.0
1275450 1527.7
1275460 1532.7
1275470 1537.8
1275480 1537.8
1275490 1541.1
1275500 1543.2
1275510 1543.2
1275520 1545.0
1275530 1547.4
1275540 1547.4
1275550 1549.9
1275560 1552.2
1275570 1555.0
1275580 1555.0
1275590 1558.8
1275600 1562.6
1275610 1562.6
1275620 1566.8
1275630 1570.6
1275640 1570.6
1275650 1574.0
1275660 1579.4
1275670 1579.4
1275680 1584.3
1275690 1588.5
1275700 1588.5
1275710 1593.0
1275720 1598.6
1275730 1598.6
1275740 1603.5
1275750 1607.9
1275760 1607.9
1275770 1612.4
1275780 1616.2
1275790 1616.2
1275800 1619.3
1275810 1621.2
1275820 1623.0
1275830 1623.0
1275840 1626.5
1275850 1630.3
1275860 1630.3
1275870 1634.1
1275880 1637.1
1275890 1637.1
1275900 1639.1
1275910 1641.0
1275920 1641.0
1275930 1643.3
1275940 1645.6
1275950 1645.6
1275960 1648.6
1275970 1651.1
1275980 1651.1
1275990 1653.9
1276000 1656.7
1276010 1656.7
1276020 1659.4
1276030 1662.2
1276040 1662.2
1276050 1665.3
1276060 1666.3
1276070 1669.3
1276080 1669.3
1276090 1672.2
1276100 1675.2
1276110 1675.2
1276120 1677.9
1276130 1679.5
1276140 1679.5
1276150 1681.2
1276160 1683.1
1276170 1683.1
1276180 1684.9
1276190 1686.3
1276200 1686.3
1276210 1687.9
1276220 1690.5
1276230 1690.5
1276240 1692.7
1276250 1695.2
1276260 1695.2
1276270 1697.4
1276280 1699.3
1276290 1701.3
1276300 1701.3
1276310 1703.6
1276320 1705.9
1276330 1705.9
1276340 1707.2
1276350 1707.9
1276360 1707.9
1276370 1709.4
1276380 1711.4
1276390 1711.4
1276400 1713.5
1276410 1715.8
1276420 1715.8
1276430 1718.1
1276440 1718.7
1276450 1718.7
1276460 1718.6
1276470 1719.3
1276480 1719.3
1276490 1720.3
1276500 1720.4
1276510 1720.4
1276520 1721.3
1276530 1723.0
1276540 1724.7
1276550 1724.7
1276560 1726.8
1276570 1729.4
1276580 1729.4
1276590 1732.0
1276600 1735.4
1276610 1735.4
1276620 1737.4
1276630 1738.8
1276640 1738.8
1276650 1740.5
1276660 1742.4
1276670 1736.9
1276680 1738.6
1276690 1740.3
1276700 1740.3
1276710 1742.1
1276720 1743.2
1276730 1743.2
1276740 1743.9
1276750 1744.9
1276760 1744.9
1276770 1746.8
1276780 1749.9
1276790 1751.7
1276800 1751.7
1276810 1753.2
1276820 1750.6
1276830 1750.6
1276840 1742.5
1276850 1736.9
1276860 1736.9
1276870 1730.9
1276880 1722.9
1276890 1722.9
1276900 1718.6
1276910 1717.7
1276920 1717.7
1276930 1719.2
1276940 1722.8
1276950 1722.8
1276960 1726.6
1276970 1729.9
1276980 1729.9
1276990 1732.4
1277000 1734.8
1277010 1735.9
1277020 1735.9
1277030 1736.0
1277040 1734.3
1277050 1734.3
1277060 1731.9
1277070 1729.2
1277080 1729.2
1277090 1726.4
1277100 1725.9
1277110 1725.9
1277120 1727.4
1277130 1729.5
1277140 1729.5
1277150 1730.8
1277160 1731.8
1277170 1731.8
1277180 1733.5
1277190 1736.2
1277200 1736.2
1277210 1739.0
1277220 1741.6
1277230 1741.6
1277240 1745.0
1277250 1748.1
1277260 1750.3
1277270 1750.3
1277280 1747.1
1277290 1749.0
1277300 1749.0
1277310 1751.4
1277320 1756.2
1277330 1756.2
1277340 1762.0
1277350 1764.9
1277360 1764.9
1277370 1764.7
1277380 1764.7
1277390 1764.7
1277400 1764.3
1277410 1763.0
1277420 1763.0
1277430 1761.9
1277440 1760.0
1277450 1760.0
1277460 1758.0
1277470 1755.6
1277480 1755.6
1277490 1752.2
1277500 1746.9
1277510 1740.6
1277520 1740.6
1277530 1733.5
1277540 1728.0
1277550 1728.0
1277560 1721.8
1277570 1717.3
1277580 1717.3
1277590 1712.5
1277600 1707.2
1277610 1707.2
1277620 1700.8
1277630 1693.1
1277640 1693.1
1277650 1685.8
1277660 1679.2
1277670 1679.2
1277680 1672.7
1277690 1667.9
1277700 1667.9
1277710 1663.8
1277720 1658.3
1277730 1652.8
1277740 1652.8
1277750 1647.9
1277760 1644.2
1277770 1644.2
1277780 1639.4
1277790 1636.7
1277800 1636.7
1277810 1639.0
1277820 1637.3
1277830 1637.3
1277840 1633.3
1277850 1628.8
1277860 1628.8
1277870 1623.6
1277880 1619.2
1277890 1619.2
1277900 1612.6
1277910 1612.5
1277920 1612.5
1277930 1614.3
1277940 1618.2
1277950 1618.2
1277960 1620.4
1277970 1623.6
1277980 1625.3
1277990 1625.3
1278000 1623.7
1278010 1623.3
1278020 1623.3
1278030 1625.4
1278040 1628.2
1278050 1628.2
1278060 1630.4
1278070 1631.8
1278080 1631.8
1278090 1633.6
1278100 1636.0
1278110 1636.0
1278120 1638.7
1278130 1641.9
1278140 1641.9
1278150 1644.5
1278160 1646.3
1278170 1646.3
1278180 1645.5
1278190 1644.1
1278200 1644.1
1278210 1645.2
1278220 1647.2
1278230 1646.8
1278240 1646.8
1278250 1647.2
1278260 1646.9
1278270 1646.9
1278280 1647.9
1278290 1648.7
1278300 1648.7
1278310 1646.4
1278320 1644.6
1278330 1644.6
1278340 1644.2
1278350 1644.1
1278360 1644.1
1278370 1646.0
1278380 1646.3
1278390 1646.3
1278400 1646.3
1278410 1650.2
1278420 1650.2
1278430 1654.3
1278440 1657.9
1278450 1660.5
1278460 1660.5
1278470 1662.8
1278480 1665.5
1278490 1665.5
1278500 1669.3
1278510 1668.3
1278520 1668.3
1278530 1672.3
1278540 1676.1
1278550 1676.1
1278560 1679.2
1278570 1681.6
1278580 1681.6
1278590 1683.4
1278600 1684.2
1278610 1684.2
1278620 1685.3
1278630 1686.8
1278640 1686.8
1278650 1688.0
1278660 1689.9
1278670 1689.9
1278680 1691.0
1278690 1691.0
1278700 1691.5
1278710 1691.5
1278720 1693.9
1278730 1697.1
1278740 1697.1
1278750 1700.2
1278760 1703.2
1278770 1703.2
1278780 1705.9
1278790 1708.7
1278800 1708.7
1278810 1711.4
1278820 1712.8
1278830 1712.8
1278840 1713.6
1278850 1713.2
1278860 1713.2
1278870 1712.8
1278880 1713.6
1278890 1713.6
1278900 1715.1
1278910 1716.6
1278920 1716.6
1278930 1718.3
1278940 1719.2
1278950 1721.2
1278960 1721.2
1278970 1724.6
1278980 1727.3
1278990 1727.3
1279000 1729.8
1279010 1732.2
1279020 1732.2
1279030 1736.2
1279040 1740.7
1279050 1740.7
1279060 1744.9
1279070 1748.5
1279080 1748.5
1279090 1750.4
1279100 1750.9
1279110 1750.9
1279120 1752.0
1279130 1746.6
1279140 1746.6
1279150 1746.9
1279160 1747.6
1279170 1748.6
1279180 1748.6
1279190 1748.9
1279200 1748.7
1279210 1748.7
1279220 1748.8
1279230 1748.8
1279240 1748.8
1279250 1749.1
1279260 1750.5
1279270 1750.5
1279280 1751.6
1279290 1752.5
1279300 1752.5
1279310 1754.3
1279320 1755.2
1279330 1755.2
1279340 1755.6
1279350 1756.2
1279360 1756.2
1279370 1756.6
1279380 1756.7
1279390 1756.7
1279400 1756.3
1279410 1757.3
1279420 1760.1
1279430 1760.1
1279440 1761.6
1279450 1764.7
1279460 1764.7
1279470 1768.8
1279480 1772.7
1279490 1772.7
1279500 1776.3
1279510 1779.7
1279520 1779.7
1279530 1782.6
1279540 1784.0
1279550 1784.0
1279560 1784.5
1279570 1784.8
1279580 1784.8
1279590 1786.1
1279600 1787.9
1279610 1787.9
1279620 1790.7
1279630 1792.5
1279640 1792.5
1279650 1792.5
1279660 1793.9
1279670 1798.2
1279680 1798.2
1279690 1803.9
1279700 1810.1
1279710 1810.1
1279720 1815.5
1279730 1821.0
1279740 1821.0
1279750 1820.7
1279760 1825.5
1279770 1825.5
1279780 1825.7
1279790 1828.0
1279800 1828.0
1279810 1831.2
1279820 1833.0
1279830 1833.0
1279840 1835.5
1279850 1836.7
1279860 1836.7
1279870 1837.3
1279880 1837.0
1279890 1836.8
1279900 1836.8
1279910 1837.4
1279920 1838.3
1279930 1838.3
1279940 1839.1
1279950 1840.2
1279960 1840.2
1279970 1841.6
1279980 1843.4
1279990 1843.4
