1260000 2121.7
1260010 2115.0
1260020 2115.0
1260030 2108.8
1260040 2102.9
1260050 2102.9
1260060 2096.4
1260070 2086.4
1260080 2086.4
1260090 2076.7
1260100 2065.6
1260110 2065.6
1260120 2050.9
1260130 2032.6
1260140 2032.6
1260150 2021.5
1260160 2010.7
1260170 2000.2
1260180 2000.2
1260190 1988.3
1260200 1977.0
1260210 1977.0
1260220 1958.8
1260230 1935.8
1260240 1935.8
1260250 1912.7
1260260 1901.5
1260270 1901.5
1260280 1901.5
1260290 1906.0
1260300 1906.0
1260310 1893.3
1260320 1874.1
1260330 1874.1
1260340 1865.1
1260350 1857.8
1260360 1857.8
1260370 1851.8
1260380 1846.3
1260390 1846.3
1260400 1839.7
1260410 1830.3
1260420 1819.8
1260430 1819.8
1260440 1811.6
1260450 1804.3
1260460 1804.3
1260470 1797.0
1260480 1791.0
1260490 1791.0
1260500 1785.6
1260510 1773.2
1260520 1773.2
1260530 1761.6
1260540 1756.5
1260550 1756.5
1260560 1754.5
1260570 1749.9
1260580 1749.9
1260590 1744.9
1260600 1739.7
1260610 1739.7
1260620 1734.4
1260630 1729.6
1260640 1729.6
1260650 1724.9
1260660 1720.4
1260670 1715.9
1260680 1715.9
1260690 1711.5
1260700 1706.9
1260710 1706.9
1260720 1702.4
1260730 1698.3
1260740 1698.3
1260750 1694.1
1260760 1690.1
1260770 1690.1
1260780 1686.3
1260790 1682.0
1260800 1682.0
1260810 1677.2
1260820 1673.2
1260830 1673.2
1260840 1669.0
1260850 1664.9
1260860 1664.9
1260870 1661.1
1260880 1657.0
1260890 1652.3
1260900 1652.3
1260910 1647.9
1260920 1644.2
1260930 1644.2
1260940 1639.9
1260950 1636.1
1260960 1636.1
1260970 1632.5
1260980 1628.6
1260990 1628.6
1261000 1625.2
1261010 1622.0
1261020 1622.0
1261030 1618.3
1261040 1615.1
1261050 1615.1
1261060 1612.1
1261070 1608.5
1261080 1608.5
1261090 1604.8
1261100 1600.9
1261110 1600.9
1261120 1597.7
1261130 1594.8
1261140 1592.2
1261150 1592.2
1261160 1588.1
1261170 1582.9
1261180 1582.9
1261190 1580.1
1261200 1581.9
1261210 1581.9
1261220 1585.6
1261230 1591.1
1261240 1591.1
1261250 1594.6
1261260 1594.7
1261270 1594.7
1261280 1592.7
1261290 1596.1
1261300 1596.1
1261310 1600.7
1261320 1601.8
1261330 1601.8
1261340 1603.1
1261350 1605.6
1261360 1605.6
1261370 1607.7
1261380 1608.6
1261390 1609.7
1261400 1609.7
1261410 1611.7
1261420 1613.9
1261430 1613.9
1261440 1616.8
1261450 1620.3
1261460 1620.3
1261470 1622.8
1261480 1627.2
1261490 1627.2
1261500 1631.2
1261510 1634.6
1261520 1634.6
1261530 1637.5
1261540 1640.9
1261550 1636.5
1261560 1639.8
1261570 1643.2
1261580 1643.2
1261590 1646.0
1261600 1645.1
1261610 1644.9
1261620 1644.9
1261630 1649.9
1261640 1655.0
1261650 1655.0
1261660 1662.6
1261670 1671.0
1261680 1671.0
1261690 1679.8
1261700 1687.8
1261710 1687.8
1261720 1695.4
1261730 1702.8
1261740 1702.8
1261750 1709.9
1261760 1718.3
1261770 1718.3
1261780 1725.7
1261790 1727.6
1261800 1727.6
1261810 1727.9
1261820 1729.9
1261830 1729.9
1261840 1734.6
1261850 1740.3
1261860 1744.1
1261870 1744.1
1261880 1743.3
1261890 1741.3
1261900 1741.3
1261910 1740.7
1261920 1739.4
1261930 1739.4
1261940 1736.7
1261950 1734.7
1261960 1734.7
1261970 1732.0
1261980 1728.4
1261990 1728.4
1262000 1724.5
1262010 1720.5
1262020 1720.5
1262030 1716.2
1262040 1712.4
1262050 1712.4
1262060 1708.2
1262070 1704.2
1262080 1704.2
1262090 1701.2
1262100 1698.3
1262110 1694.8
1262120 1689.0
1262130 1685.4
1262140 1681.3
1262150 1681.3
1262160 1676.2
1262170 1670.4
1262180 1670.4
1262190 1664.7
1262200 1659.9
1262210 1659.9
1262220 1659.4
1262230 1659.8
1262240 1659.8
1262250 1659.4
1262260 1657.7
1262270 1657.7
1262280 1654.5
1262290 1651.1
1262300 1651.1
1262310 1649.0
1262320 1647.3
1262330 1644.5
1262340 1644.5
1262350 1641.3
1262360 1637.6
1262370 1637.6
1262380 1633.9
1262390 1630.1
1262400 1630.1
1262410 1625.7
1262420 1621.1
1262430 1621.1
1262440 1616.9
1262450 1609.8
1262460 1609.8
1262470 1600.9
1262480 1593.9
1262490 1593.9
1262500 1591.5
1262510 1589.3
1262520 1589.3
1262530 1585.4
1262540 1583.8
1262550 1583.8
1262560 1583.6
1262570 1579.2
1262580 1571.9
1262590 1571.9
1262600 1564.1
1262610 1557.8
1262620 1557.8
1262630 1552.9
1262640 1549.6
1262650 1549.6
1262660 1551.6
1262670 1551.1
1262680 1551.1
1262690 1536.0
1262700 1533.6
1262710 1533.6
1262720 1531.5
1262730 1526.9
1262740 1526.9
1262750 1518.1
1262760 1510.3
1262770 1510.3
1262780 1506.7
1262790 1505.4
1262800 1505.4
1262810 1503.5
1262820 1501.5
1262830 1499.8
1262840 1499.8
1262850 1498.0
1262860 1499.0
1262870 1499.0
1262880 1503.4
1262890 1507.3
1262900 1507.3
1262910 1509.4
1262920 1510.9
1262930 1510.9
1262940 1510.1
1262950 1508.3
1262960 1508.3
1262970 1506.5
1262980 1507.8
1262990 1507.8
1263000 1508.1
1263010 1503.9
1263020 1503.9
1263030 1501.5
1263040 1501.7
1263050 1504.6
1263060 1504.6
1263070 1502.2
1263080 1500.4
1263090 1500.4
1263100 1500.6
1263110 1501.8
1263120 1501.8
1263130 1499.4
1263140 1497.7
1263150 1497.7
1263160 1495.4
1263170 1490.2
1263180 1490.2
1263190 1490.4
1263200 1490.8
1263210 1490.8
1263220 1488.7
1263230 1488.3
1263240 1488.3
1263250 1487.6
1263260 1481.1
1263270 1481.1
1263280 1479.7
1263290 1477.9
1263300 1476.6
1263310 1476.6
1263320 1475.7
1263330 1475.1
1263340 1475.1
1263350 1475.7
1263360 1475.8
1263370 1475.8
1263380 1474.0
1263390 1472.5
1263400 1472.5
1263410 1471.2
1263420 1468.8
1263430 1468.8
1263440 1466.0
1263450 1463.7
1263460 1463.7
1263470 1458.9
1263480 1450.3
1263490 1450.3
1263500 1442.8
1263510 1438.6
1263520 1438.6
1263530 1443.0
1263540 1448.7
1263550 1449.4
1263560 1449.4
1263570 1451.3
1263580 1454.0
1263590 1454.0
1263600 1455.2
1263610 1455.1
1263620 1455.1
1263630 1454.1
1263640 1453.1
1263650 1453.1
1263660 1450.8
1263670 1446.5
1263680 1446.5
1263690 1442.4
1263700 1441.8
1263710 1441.8
1263720 1441.7
1263730 1440.4
1263740 1440.4
1263750 1441.5
1263760 1447.0
1263770 1447.0
1263780 1449.3
1263790 1449.7
1263800 1448.7
1263810 1448.7
1263820 1447.8
1263830 1447.2
1263840 1442.8
1263850 1441.2
1263860 1440.4
1263870 1440.4
1263880 1439.6
1263890 1438.3
1263900 1438.3
1263910 1436.4
1263920 1434.0
1263930 1434.0
1263940 1431.5
1263950 1429.1
1263960 1429.1
1263970 1426.2
1263980 1422.0
1263990 1422.0
1264000 1418.3
1264010 1414.3
1264020 1410.3
1264030 1410.3
1264040 1406.0
1264050 1402.0
1264060 1402.0
1264070 1397.8
1264080 1393.8
1264090 1393.8
1264100 1389.1
1264110 1385.5
1264120 1385.5
1264130 1381.5
1264140 1377.3
1264150 1377.3
1264160 1372.7
1264170 1367.8
1264180 1367.8
1264190 1362.9
1264200 1358.2
1264210 1358.2
1264220 1353.5
1264230 1349.3
1264240 1349.3
1264250 1345.4
1264260 1341.5
1264270 1337.1
1264280 1337.1
1264290 1331.8
1264300 1326.9
1264310 1326.9
1264320 1322.3
1264330 1317.1
1264340 1317.1
1264350 1311.2
1264360 1304.0
1264370 1304.0
1264380 1296.0
1264390 1288.4
1264400 1288.4
1264410 1282.4
1264420 1274.8
1264430 1274.8
1264440 1270.9
1264450 1269.7
1264460 1269.7
1264470 1267.4
1264480 1265.1
1264490 1265.1
1264500 1261.1
1264510 1258.9
1264520 1258.3
1264530 1258.3
1264540 1258.0
1264550 1256.7
1264560 1256.7
1264570 1253.5
1264580 1249.3
1264590 1249.3
1264600 1244.7
1264610 1240.2
1264620 1240.2
1264630 1235.6
1264640 1230.7
1264650 1230.7
1264660 1227.3
1264670 1226.0
1264680 1226.0
1264690 1222.8
1264700 1219.1
1264710 1219.1
1264720 1214.0
1264730 1209.1
1264740 1205.2
1264750 1205.2
1264760 1203.2
1264770 1201.4
1264780 1201.4
1264790 1199.0
1264800 1195.2
1264810 1195.2
1264820 1190.3
1264830 1184.7
1264840 1184.7
1264850 1178.7
1264860 1173.5
1264870 1173.5
1264880 1172.4
1264890 1171.6
1264900 1171.6
1264910 1170.0
1264920 1166.5
1264930 1166.5
1264940 1161.1
1264950 1156.0
1264960 1156.0
1264970 1152.8
1264980 1151.3
1264990 1146.4
1265000 1146.4
1265010 1145.6
1265020 1141.2
1265030 1141.2
1265040 1135.8
1265050 1131.8
1265060 1131.8
1265070 1129.4
1265080 1128.3
1265090 1128.3
1265100 1127.6
1265110 1125.2
1265120 1125.2
1265130 1121.2
1265140 1116.8
1265150 1116.8
1265160 1111.9
1265170 1107.4
1265180 1107.4
1265190 1103.3
1265200 1100.1
1265210 1100.1
1265220 1097.7
1265230 1095.4
1265240 1093.4
1265250 1093.4
1265260 1090.9
1265270 1088.4
1265280 1088.4
1265290 1085.8
1265300 1083.2
1265310 1083.2
1265320 1081.5
1265330 1079.7
1265340 1079.7
1265350 1078.6
1265360 1078.3
1265370 1078.3
1265380 1078.5
1265390 1079.2
1265400 1079.2
1265410 1079.8
1265420 1080.2
1265430 1080.2
1265440 1079.6
1265450 1078.2
1265460 1076.9
1265470 1076.9
1265480 1075.5
1265490 1072.6
1265500 1072.6
1265510 1068.7
1265520 1065.9
1265530 1065.9
1265540 1063.3
1265550 1062.5
1265560 1062.5
1265570 1059.1
1265580 1058.2
1265590 1058.2
1265600 1056.3
1265610 1055.0
1265620 1055.0
1265630 1053.4
1265640 1050.3
1265650 1050.3
1265660 1047.5
1265670 1044.9
1265680 1044.9
1265690 1042.0
1265700 1039.1
1265710 1036.0
1265720 1036.0
1265730 1034.1
1265740 1031.2
1265750 1031.2
1265760 1028.1
1265770 1025.2
1265780 1025.2
1265790 1022.5
1265800 1020.0
1265810 1020.0
1265820 1017.7
1265830 1015.9
1265840 1015.9
1265850 1013.5
1265860 1009.9
1265870 1009.9
1265880 1007.8
1265890 1006.2
1265900 1006.2
1265910 1005.2
1265920 1004.4
1265930 1004.4
1265940 1001.1
1265950 998.4
1265960 997.2
1265970 997.2
1265980 995.8
1265990 994.3
1266000 994.3
1266010 992.8
1266020 989.6
1266030 989.6
1266040 985.7
1266050 981.7
1266060 981.7
1266070 977.7
1266080 974.8
1266090 974.8
1266100 973.9
1266110 972.1
1266120 972.1
1266130 968.8
1266140 963.3
1266150 963.3
1266160 955.9
1266170 947.0
1266180 941.3
1266190 941.3
1266200 935.4
1266210 928.0
1266220 928.0
1266230 921.4
1266240 916.1
1266250 916.1
1266260 911.7
1266270 907.5
1266280 907.5
1266290 903.9
1266300 900.8
1266310 900.8
1266320 896.0
1266330 891.1
1266340 891.1
1266350 887.3
1266360 882.1
1266370 882.1
1266380 876.0
1266390 871.8
1266400 871.8
1266410 869.0
1266420 864.9
1266430 861.4
1266440 861.4
1266450 857.5
1266460 852.6
1266470 852.6
1266480 846.7
1266490 842.6
1266500 842.6
1266510 837.6
1266520 832.8
1266530 832.8
1266540 829.6
1266550 828.6
1266560 828.6
1266570 827.7
1266580 826.3
1266590 826.3
1266600 825.1
1266610 823.9
1266620 823.9
1266630 822.0
1266640 821.5
1266650 821.5
1266660 821.1
1266670 821.2
1266680 821.2
1266690 821.2
1266700 820.7
1266710 820.3
1266720 820.3
1266730 820.1
1266740 819.7
1266750 819.7
1266760 819.4
1266770 819.3
1266780 819.3
1266790 817.9
1266800 815.7
1266810 815.7
1266820 814.9
1266830 815.1
1266840 815.1
1266850 817.6
1266860 819.4
1266870 819.4
1266880 820.4
1266890 821.6
1266900 823.0
1266910 823.0
1266920 824.6
1266930 826.4
1266940 826.4
1266950 830.5
1266960 835.0
1266970 835.0
1266980 837.8
1266990 841.2
1267000 841.2
1267010 847.3
1267020 855.5
1267030 855.5
1267040 863.8
1267050 871.5
1267060 871.5
1267070 879.1
1267080 886.8
1267090 886.8
1267100 894.3
1267110 900.0
1267120 900.0
1267130 904.8
1267140 911.5
1267150 917.2
1267160 917.2
1267170 921.9
1267180 927.3
1267190 927.3
1267200 931.1
1267210 932.5
1267220 932.5
1267230 932.2
1267240 931.6
1267250 931.6
1267260 931.6
1267270 931.6
1267280 931.6
1267290 932.8
1267300 933.9
1267310 933.9
1267320 939.9
1267330 941.2
1267340 941.2
1267350 941.1
1267360 940.7
1267370 940.7
1267380 940.4
1267390 940.4
1267400 940.9
1267410 940.9
1267420 941.3
1267430 941.8
1267440 941.8
1267450 942.6
1267460 944.9
1267470 944.9
1267480 948.5
1267490 952.2
1267500 952.2
1267510 955.9
1267520 959.4
1267530 959.4
1267540 961.0
1267550 960.6
1267560 960.6
1267570 959.0
1267580 956.1
1267590 956.1
1267600 953.9
1267610 954.7
1267620 958.7
1267630 958.7
1267640 964.1
1267650 969.6
1267660 969.6
1267670 971.6
1267680 971.8
1267690 971.8
1267700 972.1
1267710 972.4
1267720 972.4
1267730 972.7
1267740 973.0
1267750 973.0
1267760 973.5
1267770 974.3
1267780 974.3
1267790 975.3
1267800 976.0
1267810 976.0
1267820 976.4
1267830 976.3
1267840 976.3
1267850 975.6
1267860 974.6
1267870 973.9
1267880 973.9
1267890 972.5
1267900 971.5
1267910 971.2
1267920 970.7
1267930 971.1
1267940 971.1
1267950 971.5
1267960 971.8
1267970 971.8
1267980 972.3
1267990 973.2
1268000 973.2
1268010 974.2
1268020 974.3
1268030 974.3
1268040 974.9
1268050 975.4
1268060 975.4
1268070 975.5
1268080 975.7
1268090 975.7
1268100 975.8
1268110 975.9
1268120 976.3
1268130 976.3
1268140 977.3
1268150 979.3
1268160 979.3
1268170 981.5
1268180 983.2
1268190 983.2
1268200 984.5
1268210 985.5
1268220 985.5
1268230 986.1
1268240 987.2
1268250 987.2
1268260 989.6
1268270 992.9
1268280 992.9
1268290 995.5
1268300 996.2
1268310 996.2
1268320 996.9
1268330 999.9
1268340 1005.2
1268350 1005.2
1268360 1008.8
1268370 1011.6
1268380 1011.6
1268390 1015.2
1268400 1019.3
1268410 1019.3
1268420 1022.7
1268430 1026.2
1268440 1026.2
1268450 1030.6
1268460 1034.9
1268470 1034.9
1268480 1039.7
1268490 1045.5
1268500 1046.9
1268510 1052.2
1268520 1057.3
1268530 1057.3
1268540 1061.6
1268550 1065.6
1268560 1065.6
1268570 1070.7
1268580 1077.2
1268590 1083.7
1268600 1083.7
1268610 1091.4
1268620 1097.9
1268630 1097.9
1268640 1104.0
1268650 1110.0
1268660 1110.0
1268670 1116.1
1268680 1122.5
1268690 1122.5
1268700 1129.1
1268710 1135.5
1268720 1135.5
1268730 1141.7
1268740 1147.9
1268750 1147.9
1268760 1154.0
1268770 1160.0
1268780 1160.0
1268790 1165.7
1268800 1172.2
1268810 1172.2
1268820 1179.0
1268830 1185.5
1268840 1192.1
1268850 1192.1
1268860 1198.8
1268870 1206.3
1268880 1206.3
1268890 1214.5
1268900 1222.6
1268910 1222.6
1268920 1231.1
1268930 1239.8
1268940 1239.8
1268950 1248.2
1268960 1255.7
1268970 1255.7
1268980 1261.6
1268990 1268.0
1269000 1268.0
1269010 1274.8
1269020 1281.6
1269030 1281.6
1269040 1287.8
1269050 1293.8
1269060 1293.8
1269070 1298.3
1269080 1302.0
1269090 1303.9
1269100 1303.9
1269110 1305.4
1269120 1306.8
1269130 1306.8
1269140 1308.8
1269150 1311.2
1269160 1311.2
1269170 1314.3
1269180 1317.1
1269190 1317.1
1269200 1318.5
1269210 1318.0
1269220 1318.0
1269230 1315.6
1269240 1312.7
1269250 1312.7
1269260 1310.0
1269270 1306.3
1269280 1306.3
1269290 1302.1
1269300 1298.7
1269310 1297.1
1269320 1297.1
1269330 1296.9
1269340 1296.2
1269350 1296.2
1269360 1292.8
1269370 1288.1
1269380 1288.1
1269390 1283.5
1269400 1281.7
1269410 1281.7
1269420 1285.4
1269430 1289.0
1269440 1289.0
1269450 1292.4
1269460 1297.0
1269470 1297.0
1269480 1300.6
1269490 1304.5
1269500 1304.5
1269510 1305.3
1269520 1303.9
1269530 1303.9
1269540 1302.4
1269550 1301.2
1269560 1300.4
1269570 1300.4
1269580 1299.6
1269590 1298.4
1269600 1298.4
1269610 1296.9
1269620 1295.7
1269630 1295.7
1269640 1295.0
1269650 1293.0
1269660 1293.0
1269670 1291.3
1269680 1294.9
1269690 1294.9
1269700 1294.8
1269710 1294.2
1269720 1294.2
1269730 1293.1
1269740 1291.9
1269750 1291.9
1269760 1290.2
1269770 1287.4
1269780 1287.4
1269790 1283.7
1269800 1279.0
1269810 1274.9
1269820 1274.9
1269830 1272.0
1269840 1267.5
1269850 1267.5
1269860 1263.2
1269870 1259.2
1269880 1259.2
1269890 1256.0
1269900 1254.6
1269910 1254.6
1269920 1251.8
1269930 1250.7
1269940 1250.7
1269950 1249.7
1269960 1248.7
1269970 1248.7
1269980 1248.0
1269990 1246.9
1270000 1246.9
1270010 1244.6
1270020 1242.0
1270030 1240.3
1270040 1240.3
1270050 1238.8
1270060 1237.4
1270070 1237.4
1270080 1235.9
1270090 1234.0
1270100 1234.0
1270110 1231.9
1270120 1228.8
1270130 1228.8
1270140 1224.1
1270150 1220.1
1270160 1220.1
1270170 1220.5
1270180 1221.2
1270190 1221.2
1270200 1219.2
1270210 1215.8
1270220 1215.8
1270230 1211.7
1270240 1207.8
1270250 1207.8
1270260 1204.7
1270270 1204.4
1270280 1201.8
1270290 1201.8
1270300 1198.5
1270310 1195.6
1270320 1195.6
1270330 1193.1
1270340 1190.3
1270350 1190.3
1270360 1186.7
1270370 1183.2
1270380 1183.2
1270390 1180.6
1270400 1179.0
1270410 1179.0
1270420 1175.9
1270430 1172.5
1270440 1172.5
1270450 1170.9
1270460 1170.2
1270470 1170.2
1270480 1168.0
1270490 1165.1
1270500 1165.1
1270510 1161.4
1270520 1157.8
1270530 1153.9
1270540 1153.9
1270550 1149.5
1270560 1143.8
1270570 1143.8
1270580 1137.5
1270590 1132.8
1270600 1132.8
1270610 1130.3
1270620 1129.0
1270630 1129.0
1270640 1127.3
1270650 1125.5
1270660 1125.5
1270670 1123.6
1270680 1120.1
1270690 1120.1
1270700 1115.8
1270710 1110.6
1270720 1110.6
1270730 1104.2
1270740 1096.9
1270750 1089.1
1270760 1089.1
1270770 1082.8
1270780 1076.6
1270790 1076.6
1270800 1069.7
1270810 1063.9
1270820 1063.9
1270830 1059.3
1270840 1054.8
1270850 1054.8
1270860 1054.6
1270870 1051.9
1270880 1051.9
1270890 1051.3
1270900 1050.9
1270910 1050.9
1270920 1048.2
1270930 1042.7
1270940 1042.7
1270950 1038.3
1270960 1034.9
1270970 1034.9
1270980 1030.3
1270990 1025.3
1271000 1021.6
1271010 1021.6
1271020 1018.9
1271030 1016.1
1271040 1016.1
1271050 1012.1
1271060 1006.6
1271070 1006.6
1271080 1001.0
1271090 995.0
1271100 995.0
1271110 989.8
1271120 985.4
1271130 985.4
1271140 979.8
1271150 971.7
1271160 971.7
1271170 967.0
1271180 963.7
1271190 963.7
1271200 958.5
1271210 954.3
1271220 954.3
1271230 950.7
1271240 946.8
1271250 942.8
1271260 942.8
1271270 938.8
1271280 935.9
1271290 935.9
1271300 933.4
1271310 930.4
1271320 930.4
1271330 928.2
1271340 926.6
1271350 926.6
1271360 926.4
1271370 925.6
1271380 925.6
1271390 925.0
1271400 924.1
1271410 924.1
1271420 919.4
1271430 911.1
1271440 911.1
1271450 902.5
1271460 896.6
1271470 893.2
1271480 893.2
1271490 892.3
1271500 890.1
1271510 890.1
1271520 889.9
1271530 888.1
1271540 888.1
1271550 885.8
1271560 883.0
1271570 883.0
1271580 882.3
1271590 882.3
1271600 882.3
1271610 882.7
1271620 882.5
1271630 882.5
1271640 881.8
1271650 880.1
1271660 880.1
1271670 877.3
1271680 873.5
1271690 873.5
1271700 871.6
1271710 874.4
1271720 874.7
1271730 874.7
1271740 874.0
1271750 870.6
1271760 870.6
1271770 864.9
1271780 859.3
1271790 859.3
1271800 855.4
1271810 851.9
1271820 851.9
1271830 850.1
1271840 847.4
1271850 847.4
1271860 844.0
1271870 840.1
1271880 840.1
1271890 836.1
1271900 833.1
1271910 833.1
1271920 830.0
1271930 826.9
1271940 826.9
1271950 823.9
1271960 821.6
1271970 819.0
1271980 819.0
1271990 816.2
1272000 812.2
1272010 812.2
1272020 808.7
1272030 807.3
1272040 807.3
1272050 807.9
1272060 807.8
1272070 807.8
1272080 810.4
1272090 814.6
1272100 814.6
1272110 818.9
1272120 823.6
1272130 823.6
1272140 830.5
1272150 835.8
1272160 835.8
1272170 839.6
1272180 843.9
1272190 846.1
1272200 846.1
1272210 846.3
1272220 844.4
1272230 844.4
1272240 842.5
1272250 840.8
1272260 840.8
1272270 839.1
1272280 837.6
1272290 837.6
1272300 836.9
1272310 836.5
1272320 836.5
1272330 836.6
1272340 837.4
1272350 837.4
1272360 838.6
1272370 840.2
1272380 840.2
1272390 842.0
1272400 844.3
1272410 844.3
1272420 846.8
1272430 849.9
1272440 852.4
1272450 852.4
1272460 854.3
1272470 855.2
1272480 855.2
1272490 855.9
1272500 858.1
1272510 858.1
1272520 861.7
1272530 865.6
1272540 865.6
1272550 866.6
1272560 865.8
1272570 865.8
1272580 866.5
1272590 867.8
1272600 867.8
1272610 870.9
1272620 876.4
1272630 876.4
1272640 881.2
1272650 878.9
1272660 878.9
1272670 881.0
1272680 884.1
1272690 887.4
1272700 887.4
1272710 890.1
1272720 892.2
1272730 892.2
1272740 895.2
1272750 901.7
1272760 901.7
1272770 908.3
1272780 914.2
1272790 914.2
1272800 920.0
1272810 924.5
1272820 924.5
1272830 929.5
1272840 934.5
1272850 934.5
1272860 940.5
1272870 944.4
1272880 944.4
1272890 949.5
1272900 955.5
1272910 960.2
1272920 960.2
1272930 962.9
1272940 965.5
1272950 965.5
1272960 968.5
1272970 971.2
1272980 971.2
1272990 973.2
1273000 974.5
1273010 974.5
1273020 975.9
1273030 977.9
1273040 977.9
1273050 979.6
1273060 981.8
1273070 981.8
1273080 984.3
1273090 987.1
1273100 987.1
1273110 990.1
1273120 993.4
1273130 993.4
1273140 998.1
1273150 1001.1
1273160 1001.8
1273170 1001.8
1273180 1002.3
1273190 1005.7
1273200 1005.7
1273210 1010.0
1273220 1011.8
1273230 1011.8
1273240 1013.5
1273250 1014.2
1273260 1014.2
1273270 1015.5
1273280 1016.6
1273290 1016.6
1273300 1021.1
1273310 1027.8
1273320 1027.8
1273330 1033.9
1273340 1039.3
1273350 1039.3
1273360 1046.6
1273370 1053.8
1273380 1053.8
1273390 1055.3
1273400 1059.1
1273410 1062.3
1273420 1062.3
1273430 1063.0
1273440 1064.4
1273450 1064.4
1273460 1067.0
1273470 1069.8
1273480 1069.8
1273490 1072.3
1273500 1074.9
1273510 1074.9
1273520 1077.5
1273530 1079.9
1273540 1079.9
1273550 1082.5
1273560 1086.1
1273570 1086.1
1273580 1090.1
1273590 1093.9
1273600 1093.9
1273610 1096.6
1273620 1099.2
1273630 1102.5
1273640 1102.5
1273650 1106.4
1273660 1110.2
1273670 1110.2
1273680 1113.3
1273690 1115.9
1273700 1115.9
1273710 1118.4
1273720 1121.3
1273730 1121.3
1273740 1124.2
1273750 1126.9
1273760 1126.9
1273770 1129.4
1273780 1132.9
1273790 1132.9
1273800 1137.2
1273810 1142.0
1273820 1142.0
1273830 1145.9
1273840 1149.2
1273850 1148.3
1273860 1151.8
1273870 1155.7
1273880 1160.4
1273890 1160.4
1273900 1164.6
1273910 1167.3
1273920 1167.3
1273930 1171.9
1273940 1176.3
1273950 1176.3
1273960 1180.3
1273970 1183.0
1273980 1183.0
1273990 1185.6
1274000 1191.1
1274010 1191.1
1274020 1196.7
1274030 1201.6
1274040 1201.6
1274050 1206.4
1274060 1211.9
1274070 1211.9
1274080 1216.8
1274090 1220.6
1274100 1220.6
1274110 1224.2
1274120 1227.2
1274130 1228.9
1274140 1228.9
1274150 1233.8
1274160 1238.4
1274170 1238.4
1274180 1242.0
1274190 1246.4
1274200 1246.4
1274210 1251.1
1274220 1255.5
1274230 1255.5
1274240 1258.6
1274250 1262.5
1274260 1262.5
1274270 1266.5
1274280 1271.6
1274290 1271.6
1274300 1276.8
1274310 1281.2
1274320 1281.2
1274330 1283.0
1274340 1284.4
1274350 1285.8
1274360 1285.8
1274370 1287.6
1274380 1290.6
1274390 1290.6
1274400 1294.1
1274410 1297.5
1274420 1297.5
1274430 1301.1
1274440 1304.3
1274450 1304.3
1274460 1308.2
1274470 1312.3
1274480 1312.3
1274490 1315.0
1274500 1317.1
1274510 1317.1
1274520 1319.9
1274530 1323.3
1274540 1323.3
1274550 1326.2
1274560 1329.3
1274570 1329.3
1274580 1332.2
1274590 1335.5
1274600 1339.3
1274610 1339.3
1274620 1343.3
1274630 1346.7
1274640 1346.7
1274650 1349.8
1274660 1352.5
1274670 1352.5
1274680 1355.4
1274690 1358.0
1274700 1358.0
1274710 1360.6
1274720 1362.8
1274730 1362.8
1274740 1364.2
1274750 1365.9
1274760 1365.9
1274770 1368.1
1274780 1371.4
1274790 1371.4
1274800 1375.3
1274810 1378.4
1274820 1378.4
1274830 1380.0
1274840 1380.8
1274850 1381.9
1274860 1381.9
1274870 1383.2
1274880 1385.1
1274890 1385.1
1274900 1389.1
1274910 1394.3
1274920 1394.3
1274930 1399.4
1274940 1404.3
1274950 1404.3
1274960 1409.8
1274970 1414.2
1274980 1414.2
1274990 1417.0
1275000 1419.0
1275010 1419.0
1275020 1420.3
1275030 1422.3
1275040 1422.3
1275050 1424.9
1275060 1423.6
1275070 1427.5
1275080 1427.5
1275090 1431.7
1275100 1437.4
1275110 1437.4
1275120 1442.2
1275130 1445.8
1275140 1445.8
1275150 1450.0
1275160 1453.8
1275170 1453.8
1275180 1457.5
1275190 1460.6
1275200 1460.6
1275210 1463.2
1275220 1466.2
1275230 1466.2
1275240 1469.0
1275250 1472.2
1275260 1472.2
1275270 1476.3
1275280 1481.1
1275290 1481.1
1275300 1487.0
1275310 1492.9
1275320 1498.3
1275330 1498.3
1275340 1503.8
1275350 1508.1
1275360 1508.1
1275370 1512.0
1275380 1516.3
1275390 1516.3
1275400 1520.9
1275410 1525.9
1275420 1525.9
1275430 1531.2
1275440 1535.7
1275450 1535.7
1275460 1540.2
1275470 1544.3
1275480 1544.3
1275490 1547.7
1275500 1551.2
1275510 1551.2
1275520 1554.6
1275530 1557.5
1275540 1557.5
1275550 1559.8
1275560 1561.9
1275570 1563.0
1275580 1563.0
1275590 1567.1
1275600 1571.1
1275610 1571.1
1275620 1575.5
1275630 1579.8
1275640 1579.8
1275650 1582.9
1275660 1586.4
1275670 1582.8
1275680 1587.4
1275690 1592.1
1275700 1592.1
1275710 1597.0
1275720 1601.7
1275730 1601.7
1275740 1606.3
1275750 1610.7
1275760 1610.7
1275770 1615.5
1275780 1619.6
1275790 1623.1
1275800 1623.1
1275810 1625.9
1275820 1628.0
1275830 1628.0
1275840 1631.7
1275850 1635.7
1275860 1635.7
1275870 1639.2
1275880 1642.0
1275890 1642.0
1275900 1644.3
1275910 1646.5
1275920 1646.5
1275930 1648.1
1275940 1649.5
1275950 1649.5
1275960 1651.6
1275970 1653.9
1275980 1653.9
1275990 1656.4
1276000 1659.3
1276010 1659.3
1276020 1661.7
1276030 1664.1
1276040 1667.3
1276050 1667.3
1276060 1670.8
1276070 1673.8
1276080 1673.8
1276090 1677.3
1276100 1680.8
1276110 1680.8
1276120 1683.8
1276130 1686.4
1276140 1686.4
1276150 1688.6
1276160 1690.3
1276170 1690.3
1276180 1692.4
1276190 1694.2
1276200 1694.2
1276210 1695.6
1276220 1698.1
1276230 1698.1
1276240 1700.5
1276250 1703.1
1276260 1703.1
1276270 1705.4
1276280 1703.0
1276290 1704.6
1276300 1704.6
1276310 1706.9
1276320 1709.3
1276330 1709.3
1276340 1711.3
1276350 1712.9
1276360 1712.9
1276370 1714.3
1276380 1716.2
1276390 1716.2
1276400 1718.3
1276410 1721.0
1276420 1721.0
1276430 1723.0
1276440 1723.2
1276450 1723.2
1276460 1723.9
1276470 1723.9
1276480 1723.9
1276490 1724.0
1276500 1724.6
1276510 1726.0
1276520 1726.0
1276530 1727.3
1276540 1729.4
1276550 1729.4
1276560 1731.8
1276570 1734.3
1276580 1734.3
1276590 1737.2
1276600 1740.5
1276610 1740.5
1276620 1743.1
1276630 1744.4
1276640 1744.4
1276650 1745.5
1276660 1747.2
1276670 1747.2
1276680 1748.6
1276690 1749.8
1276700 1749.8
1276710 1751.1
1276720 1752.2
1276730 1752.2
1276740 1753.1
1276750 1754.0
1276760 1754.9
1276770 1754.9
1276780 1756.9
1276790 1758.8
1276800 1758.8
1276810 1760.3
1276820 1762.5
1276830 1762.5
1276840 1764.9
1276850 1765.3
1276860 1765.3
1276870 1764.1
1276880 1755.7
1276890 1737.1
1276900 1730.0
1276910 1725.0
1276920 1725.0
1276930 1725.2
1276940 1728.1
1276950 1728.1
1276960 1730.4
1276970 1733.7
1276980 1733.7
1276990 1736.5
1277000 1739.2
1277010 1740.6
1277020 1740.6
1277030 1740.5
1277040 1738.7
1277050 1738.7
1277060 1735.7
1277070 1733.2
1277080 1733.2
1277090 1731.6
1277100 1731.2
1277110 1731.2
1277120 1732.3
1277130 1734.0
1277140 1734.0
1277150 1734.9
1277160 1735.7
1277170 1735.7
1277180 1737.6
1277190 1740.4
1277200 1740.4
1277210 1743.2
1277220 1747.0
1277230 1750.8
1277240 1750.8
1277250 1754.0
1277260 1756.1
1277270 1756.1
1277280 1758.0
1277290 1761.3
1277300 1761.3
1277310 1765.2
1277320 1769.6
1277330 1769.6
1277340 1773.2
1277350 1774.9
1277360 1774.9
1277370 1774.6
1277380 1774.6
1277390 1774.6
1277400 1774.5
1277410 1772.9
1277420 1772.9
1277430 1771.3
1277440 1769.5
1277450 1769.5
1277460 1768.3
1277470 1768.0
1277480 1765.4
1277490 1765.4
1277500 1754.1
1277510 1747.3
1277520 1747.3
1277530 1740.5
1277540 1734.9
1277550 1734.9
1277560 1727.5
1277570 1722.6
1277580 1722.6
1277590 1718.0
1277600 1713.3
1277610 1713.3
1277620 1707.2
1277630 1699.4
1277640 1699.4
1277650 1692.8
1277660 1687.1
1277670 1687.1
1277680 1679.7
1277690 1674.4
1277700 1668.8
1277710 1668.8
1277720 1663.0
1277730 1657.7
1277740 1657.7
1277750 1653.1
1277760 1649.2
1277770 1649.2
1277780 1644.0
1277790 1644.4
1277800 1644.4
1277810 1646.5
1277820 1645.3
1277830 1645.3
1277840 1641.1
1277850 1635.7
1277860 1635.7
1277870 1629.7
1277880 1624.8
1277890 1624.8
1277900 1623.4
1277910 1623.0
1277920 1623.0
1277930 1624.4
1277940 1629.1
1277950 1631.7
1277960 1631.7
1277970 1635.3
1277980 1637.5
1277990 1637.5
1278000 1636.4
1278010 1634.4
1278020 1634.4
1278030 1634.9
1278040 1637.6
1278050 1637.6
1278060 1640.6
1278070 1642.6
1278080 1642.6
1278090 1645.5
1278100 1648.9
1278110 1648.9
1278120 1645.6
1278130 1648.3
1278140 1648.3
1278150 1650.3
1278160 1653.8
1278170 1653.8
1278180 1655.1
1278190 1652.9
1278200 1652.7
1278210 1652.7
1278220 1654.0
1278230 1653.4
1278240 1653.4
1278250 1654.2
1278260 1653.5
1278270 1653.5
1278280 1653.9
1278290 1654.2
1278300 1654.2
1278310 1652.6
1278320 1650.7
1278330 1650.7
1278340 1650.2
1278350 1649.8
1278360 1649.8
1278370 1651.6
1278380 1652.3
1278390 1652.3
1278400 1652.3
1278410 1655.1
1278420 1659.1
1278430 1659.1
1278440 1662.9
1278450 1665.9
1278460 1665.9
1278470 1668.2
1278480 1670.8
1278490 1670.8
1278500 1674.3
1278510 1678.5
1278520 1678.5
1278530 1682.9
1278540 1686.6
1278550 1686.6
1278560 1689.8
1278570 1692.5
1278580 1692.5
1278590 1694.4
1278600 1695.4
1278610 1695.4
1278620 1695.9
1278630 1696.4
1278640 1696.4
1278650 1697.7
1278660 1699.5
1278670 1701.1
1278680 1701.1
1278690 1701.8
1278700 1702.4
1278710 1702.4
1278720 1702.4
1278730 1698.4
1278740 1698.4
1278750 1701.5
1278760 1705.5
1278770 1705.5
1278780 1710.0
1278790 1713.5
1278800 1713.5
1278810 1715.2
1278820 1716.6
1278830 1716.6
1278840 1717.4
1278850 1717.1
1278860 1717.1
1278870 1717.2
1278880 1718.6
1278890 1718.6
1278900 1720.1
1278910 1721.4
1278920 1723.6
1278930 1723.6
1278940 1725.2
1278950 1727.3
1278960 1727.3
1278970 1729.9
1278980 1732.7
1278990 1732.7
1279000 1735.4
1279010 1737.7
1279020 1737.7
1279030 1740.6
1279040 1744.4
1279050 1744.4
1279060 1748.6
1279070 1753.4
1279080 1753.4
1279090 1755.9
1279100 1756.3
1279110 1756.3
1279120 1757.4
1279130 1757.3
1279140 1756.6
1279150 1756.6
1279160 1756.4
1279170 1756.4
1279180 1756.4
1279190 1756.3
1279200 1756.7
1279210 1756.7
1279220 1756.3
1279230 1756.4
1279240 1756.4
1279250 1757.2
1279260 1758.1
1279270 1758.1
1279280 1758.8
1279290 1759.8
1279300 1759.8
1279310 1761.3
1279320 1763.2
1279330 1763.2
1279340 1765.2
1279350 1761.2
1279360 1761.2
1279370 1761.4
1279380 1761.6
1279390 1761.5
1279400 1761.5
1279410 1762.6
1279420 1765.3
1279430 1765.3
1279440 1766.4
1279450 1768.4
1279460 1768.4
1279470 1773.6
1279480 1778.4
1279490 1778.4
1279500 1782.1
1279510 1784.6
1279520 1784.6
1279530 1787.1
1279540 1788.7
1279550 1788.7
1279560 1790.6
1279570 1791.9
1279580 1791.9
1279590 1793.1
1279600 1795.1
1279610 1795.1
1279620 1796.8
1279630 1798.8
1279640 1799.5
1279650 1799.5
1279660 1801.6
1279670 1804.1
1279680 1804.1
1279690 1807.2
1279700 1813.4
1279710 1813.4
1279720 1819.9
1279730 1825.4
1279740 1825.4
1279750 1829.3
1279760 1832.7
1279770 1832.7
1279780 1836.3
1279790 1839.2
1279800 1839.2
1279810 1841.5
1279820 1843.2
1279830 1843.2
1279840 1844.1
1279850 1845.4
1279860 1847.2
1279870 1847.2
1279880 1848.9
1279890 1849.7
1279900 1849.7
1279910 1849.7
1279920 1849.8
1279930 1849.8
1279940 1850.7
1279950 1853.0
1279960 1853.0
1279970 1849.1
1279980 1851.0
1279990 1851.0
