1260000 2156.6
1260010 2149.4
1260020 2149.4
1260030 2142.0
1260040 2132.1
1260050 2132.1
1260060 2121.6
1260070 2108.6
1260080 2097.3
1260090 2097.3
1260100 2089.7
1260110 2082.3
1260120 2082.3
1260130 2073.5
1260140 2062.1
1260150 2062.1
1260160 2051.4
1260170 2042.2
1260180 2042.2
1260190 2030.2
1260200 2021.3
1260210 2021.3
1260220 2014.6
1260230 2004.8
1260240 2004.8
1260250 1986.4
1260260 1971.4
1260270 1971.4
1260280 1955.4
1260290 1936.2
1260300 1936.2
1260310 1923.1
1260320 1911.4
1260330 1904.5
1260340 1904.5
1260350 1897.5
1260360 1890.2
1260370 1890.2
1260380 1883.2
1260390 1876.2
1260400 1876.2
1260410 1869.2
1260420 1863.3
1260430 1863.3
1260440 1858.3
1260450 1857.8
1260460 1857.8
1260470 1855.4
1260480 1859.7
1260490 1859.7
1260500 1861.0
1260510 1855.3
1260520 1855.3
1260530 1864.8
1260540 1857.0
1260550 1857.0
1260560 1842.2
1260570 1824.9
1260580 1820.5
1260590 1820.5
1260600 1818.6
1260610 1818.2
1260620 1818.2
1260630 1815.8
1260640 1810.2
1260650 1810.2
1260660 1805.7
1260670 1802.8
1260680 1802.8
1260690 1798.5
1260700 1792.9
1260710 1792.9
1260720 1787.2
1260730 1781.1
1260740 1781.1
1260750 1774.3
1260760 1768.3
1260770 1768.3
1260780 1761.7
1260790 1756.9
1260800 1753.6
1260810 1753.6
1260820 1750.6
1260830 1746.8
1260840 1746.8
1260850 1742.0
1260860 1737.4
1260870 1737.4
1260880 1733.2
1260890 1731.0
1260900 1731.0
1260910 1729.0
1260920 1720.9
1260930 1720.9
1260940 1713.8
1260950 1708.2
1260960 1708.2
1260970 1702.8
1260980 1699.4
1260990 1699.4
1261000 1697.1
1261010 1697.2
1261020 1707.7
1261030 1708.9
1261040 1708.0
1261050 1700.1
1261060 1700.1
1261070 1691.1
1261080 1685.6
1261090 1685.6
1261100 1681.7
1261110 1673.7
1261120 1673.7
1261130 1666.0
1261140 1654.8
1261150 1654.8
1261160 1642.6
1261170 1629.6
1261180 1629.6
1261190 1617.7
1261200 1607.7
1261210 1607.7
1261220 1597.3
1261230 1586.9
1261240 1586.9
1261250 1577.8
1261260 1569.0
1261270 1569.0
1261280 1561.7
1261290 1552.2
1261300 1542.4
1261310 1542.4
1261320 1535.4
1261330 1528.4
1261340 1528.4
1261350 1521.3
1261360 1513.5
1261370 1513.5
1261380 1505.3
1261390 1498.2
1261400 1498.2
1261410 1491.1
1261420 1484.2
1261430 1484.2
1261440 1477.4
1261450 1469.9
1261460 1469.9
1261470 1463.1
1261480 1457.8
1261490 1457.8
1261500 1454.1
1261510 1453.5
1261520 1456.1
1261530 1456.1
1261540 1459.0
1261550 1462.0
1261560 1462.0
1261570 1463.9
1261580 1463.6
1261590 1454.7
1261600 1455.3
1261610 1454.3
1261620 1454.3
1261630 1455.0
1261640 1456.8
1261650 1456.8
1261660 1456.4
1261670 1458.0
1261680 1458.0
1261690 1459.7
1261700 1461.8
1261710 1461.8
1261720 1464.1
1261730 1465.9
1261740 1465.9
1261750 1468.0
1261760 1469.6
1261770 1471.5
1261780 1471.5
1261790 1476.3
1261800 1484.4
1261810 1484.4
1261820 1489.0
1261830 1490.6
1261840 1490.6
1261850 1493.5
1261860 1499.6
1261870 1499.6
1261880 1508.8
1261890 1516.6
1261900 1516.6
1261910 1521.7
1261920 1527.2
1261930 1527.2
1261940 1533.6
1261950 1536.4
1261960 1536.4
1261970 1537.7
1261980 1540.5
1261990 1540.5
1262000 1543.4
1262010 1546.1
1262020 1549.0
1262030 1549.0
1262040 1554.3
1262050 1559.8
1262060 1559.8
1262070 1565.1
1262080 1569.5
1262090 1569.5
1262100 1573.6
1262110 1577.9
1262120 1577.9
1262130 1583.0
1262140 1588.4
1262150 1588.4
1262160 1588.0
1262170 1590.8
1262180 1590.8
1262190 1588.7
1262200 1585.9
1262210 1585.9
1262220 1584.6
1262230 1586.6
1262240 1590.3
1262250 1590.3
1262260 1594.7
1262270 1599.6
1262280 1599.6
1262290 1605.3
1262300 1611.0
1262310 1611.0
1262320 1616.3
1262330 1618.9
1262340 1618.9
1262350 1618.1
1262360 1615.3
1262370 1615.3
1262380 1611.0
1262390 1605.4
1262400 1605.4
1262410 1599.3
1262420 1592.8
1262430 1592.8
1262440 1586.2
1262450 1580.1
1262460 1580.1
1262470 1574.3
1262480 1568.7
1262490 1562.8
1262500 1562.8
1262510 1556.9
1262520 1551.0
1262530 1551.0
1262540 1545.0
1262550 1539.6
1262560 1539.6
1262570 1533.1
1262580 1526.8
1262590 1526.8
1262600 1520.0
1262610 1513.2
1262620 1513.2
1262630 1506.1
1262640 1499.3
1262650 1499.3
1262660 1493.1
1262670 1487.6
1262680 1487.6
1262690 1483.5
1262700 1479.5
1262710 1479.5
1262720 1475.3
1262730 1470.0
1262740 1466.2
1262750 1466.2
1262760 1459.5
1262770 1453.1
1262780 1453.1
1262790 1447.2
1262800 1440.9
1262810 1440.9
1262820 1434.8
1262830 1429.0
1262840 1429.0
1262850 1423.8
1262860 1418.4
1262870 1418.4
1262880 1413.2
1262890 1410.9
1262900 1410.9
1262910 1410.7
1262920 1408.7
1262930 1408.7
1262940 1402.5
1262950 1396.0
1262960 1388.4
1262970 1388.4
1262980 1380.3
1262990 1372.6
1263000 1372.6
1263010 1365.0
1263020 1357.6
1263030 1357.6
1263040 1352.6
1263050 1348.6
1263060 1348.6
1263070 1345.1
1263080 1340.4
1263090 1340.4
1263100 1333.6
1263110 1333.3
1263120 1333.3
1263130 1338.1
1263140 1343.4
1263150 1343.4
1263160 1348.6
1263170 1353.3
1263180 1353.3
1263190 1357.3
1263200 1356.8
1263210 1354.1
1263220 1354.1
1263230 1351.7
1263240 1350.1
1263250 1350.1
1263260 1348.8
1263270 1346.3
1263280 1346.3
1263290 1344.7
1263300 1346.3
1263310 1341.8
1263320 1341.9
1263330 1341.8
1263340 1341.8
1263350 1340.7
1263360 1340.1
1263370 1340.1
1263380 1338.4
1263390 1336.3
1263400 1336.3
1263410 1333.3
1263420 1330.3
1263430 1330.3
1263440 1327.3
1263450 1324.4
1263460 1321.8
1263470 1321.8
1263480 1319.3
1263490 1316.8
1263500 1316.8
1263510 1314.1
1263520 1311.7
1263530 1311.7
1263540 1310.5
1263550 1309.2
1263560 1309.2
1263570 1307.9
1263580 1306.4
1263590 1306.4
1263600 1305.5
1263610 1304.7
1263620 1304.7
1263630 1303.9
1263640 1302.1
1263650 1302.1
1263660 1295.9
1263670 1288.7
1263680 1291.6
1263690 1291.6
1263700 1296.4
1263710 1295.8
1263720 1295.8
1263730 1295.4
1263740 1297.3
1263750 1297.3
1263760 1297.1
1263770 1297.0
1263780 1297.0
1263790 1296.8
1263800 1297.1
1263810 1297.1
1263820 1296.6
1263830 1295.6
1263840 1295.6
1263850 1294.0
1263860 1293.5
1263870 1293.5
1263880 1290.8
1263890 1290.7
1263900 1290.7
1263910 1289.8
1263920 1288.3
1263930 1286.0
1263940 1286.0
1263950 1282.6
1263960 1277.7
1263970 1277.7
1263980 1272.3
1263990 1267.6
1264000 1267.6
1264010 1263.4
1264020 1260.2
1264030 1260.2
1264040 1257.3
1264050 1253.1
1264060 1253.1
1264070 1248.1
1264080 1243.2
1264090 1243.2
1264100 1239.2
1264110 1237.1
1264120 1237.1
1264130 1235.0
1264140 1232.4
1264150 1232.4
1264160 1229.6
1264170 1225.3
1264180 1220.0
1264190 1220.0
1264200 1214.4
1264210 1209.5
1264220 1209.5
1264230 1206.3
1264240 1203.0
1264250 1203.0
1264260 1198.0
1264270 1193.8
1264280 1193.8
1264290 1191.8
1264300 1190.4
1264310 1190.4
1264320 1188.3
1264330 1184.5
1264340 1184.5
1264350 1179.3
1264360 1173.1
1264370 1173.1
1264380 1167.8
1264390 1163.1
1264400 1159.3
1264410 1159.3
1264420 1156.1
1264430 1153.2
1264440 1153.2
1264450 1150.6
1264460 1145.9
1264470 1145.9
1264480 1143.9
1264490 1142.0
1264500 1142.0
1264510 1140.4
1264520 1139.0
1264530 1139.0
1264540 1137.6
1264550 1135.6
1264560 1135.6
1264570 1133.3
1264580 1131.2
1264590 1131.2
1264600 1128.9
1264610 1126.9
1264620 1126.9
1264630 1125.6
1264640 1125.3
1264650 1125.5
1264660 1125.5
1264670 1124.6
1264680 1123.0
1264690 1123.0
1264700 1121.5
1264710 1120.5
1264720 1120.5
1264730 1120.0
1264740 1119.1
1264750 1119.1
1264760 1118.4
1264770 1117.0
1264780 1117.0
1264790 1113.8
1264800 1111.7
1264810 1111.7
1264820 1111.5
1264830 1109.6
1264840 1109.6
1264850 1107.7
1264860 1105.9
1264870 1105.9
1264880 1103.9
1264890 1101.8
1264900 1100.2
1264910 1100.2
1264920 1098.6
1264930 1096.8
1264940 1096.8
1264950 1094.9
1264960 1093.2
1264970 1093.2
1264980 1091.7
1264990 1090.0
1265000 1090.0
1265010 1087.0
1265020 1084.5
1265030 1084.5
1265040 1081.5
1265050 1079.4
1265060 1079.4
1265070 1077.5
1265080 1075.3
1265090 1075.3
1265100 1073.7
1265110 1072.2
1265120 1070.6
1265130 1070.6
1265140 1068.8
1265150 1065.8
1265160 1065.8
1265170 1062.8
1265180 1059.6
1265190 1059.6
1265200 1056.5
1265210 1054.4
1265220 1054.4
1265230 1052.5
1265240 1049.9
1265250 1049.9
1265260 1046.7
1265270 1043.9
1265280 1043.9
1265290 1040.8
1265300 1037.4
1265310 1037.4
1265320 1034.3
1265330 1031.1
1265340 1031.1
1265350 1027.7
1265360 1024.3
1265370 1020.8
1265380 1020.8
1265390 1017.6
1265400 1015.1
1265410 1015.1
1265420 1011.9
1265430 1008.5
1265440 1008.5
1265450 1006.3
1265460 1004.8
1265470 1004.8
1265480 1003.7
1265490 1002.9
1265500 1002.9
1265510 1001.8
1265520 1000.3
1265530 1000.3
1265540 998.3
1265550 996.6
1265560 996.6
1265570 995.3
1265580 994.1
1265590 994.1
1265600 992.8
1265610 991.4
1265620 988.8
1265630 988.8
1265640 987.4
1265650 986.1
1265660 986.1
1265670 984.9
1265680 983.5
1265690 983.5
1265700 982.1
1265710 979.8
1265720 979.8
1265730 974.8
1265740 970.5
1265750 970.5
1265760 965.5
1265770 960.3
1265780 960.3
1265790 956.0
1265800 950.9
1265810 950.9
1265820 946.4
1265830 942.8
1265840 939.8
1265850 939.8
1265860 936.6
1265870 933.8
1265880 933.8
1265890 928.4
1265900 920.6
1265910 920.6
1265920 912.1
1265930 904.3
1265940 904.3
1265950 900.2
1265960 898.4
1265970 898.4
1265980 895.9
1265990 890.3
1266000 890.3
1266010 884.7
1266020 879.0
1266030 879.0
1266040 872.6
1266050 866.3
1266060 866.3
1266070 861.1
1266080 856.7
1266090 853.7
1266100 853.7
1266110 850.9
1266120 848.3
1266130 848.3
1266140 845.5
1266150 843.7
1266160 843.7
1266170 842.2
1266180 840.9
1266190 840.9
1266200 839.4
1266210 838.5
1266220 838.5
1266230 837.8
1266240 837.5
1266250 837.5
1266260 837.1
1266270 836.6
1266280 836.6
1266290 836.4
1266300 836.0
1266310 836.0
1266320 835.6
1266330 835.3
1266340 834.9
1266350 834.9
1266360 834.5
1266370 834.1
1266380 834.1
1266390 833.3
1266400 832.3
1266410 832.3
1266420 830.8
1266430 829.3
1266440 829.3
1266450 829.4
1266460 829.7
1266470 829.7
1266480 829.9
1266490 829.9
1266500 829.9
1266510 829.5
1266520 829.0
1266530 829.0
1266540 828.3
1266550 826.4
1266560 824.5
1266570 824.5
1266580 825.5
1266590 828.4
1266600 828.4
1266610 831.9
1266620 837.4
1266630 837.4
1266640 843.1
1266650 847.0
1266660 847.0
1266670 851.0
1266680 854.3
1266690 854.3
1266700 856.9
1266710 859.6
1266720 859.6
1266730 865.6
1266740 872.3
1266750 872.3
1266760 874.4
1266770 870.9
1266780 876.3
1266790 876.1
1266800 878.2
1266810 878.2
1266820 878.2
1266830 877.9
1266840 877.2
1266850 877.2
1266860 880.0
1266870 881.9
1266880 881.9
1266890 883.5
1266900 885.0
1266910 885.0
1266920 886.4
1266930 888.9
1266940 888.9
1266950 893.8
1266960 897.8
1266970 897.8
1266980 899.4
1266990 901.1
1267000 901.1
1267010 905.0
1267020 911.0
1267030 911.0
1267040 917.0
1267050 923.4
1267060 930.6
1267070 930.6
1267080 938.2
1267090 946.4
1267100 946.4
1267110 955.8
1267120 961.6
1267130 961.6
1267140 961.9
1267150 961.7
1267160 961.7
1267170 961.6
1267180 961.4
1267190 961.4
1267200 961.4
1267210 961.3
1267220 961.3
1267230 961.2
1267240 961.2
1267250 961.2
1267260 961.2
1267270 961.3
1267280 961.3
1267290 961.3
1267300 961.3
1267310 961.3
1267320 961.3
1267330 961.3
1267340 961.3
1267350 961.3
1267360 961.4
1267370 961.6
1267380 961.6
1267390 961.8
1267400 961.8
1267410 961.8
1267420 961.7
1267430 961.7
1267440 961.7
1267450 961.6
1267460 961.7
1267470 961.7
1267480 962.0
1267490 962.4
1267500 962.4
1267510 962.4
1267520 962.5
1267530 962.6
1267540 962.6
1267550 962.5
1267560 962.6
1267570 962.6
1267580 962.9
1267590 963.1
1267600 963.1
1267610 963.4
1267620 963.9
1267630 963.9
1267640 964.9
1267650 965.3
1267660 965.3
1267670 965.5
1267680 966.0
1267690 966.0
1267700 965.8
1267710 966.0
1267720 966.0
1267730 966.6
1267740 966.9
1267750 966.9
1267760 967.7
1267770 967.8
1267780 967.9
1267790 967.9
1267800 968.2
1267810 968.6
1267820 968.6
1267830 969.5
1267840 973.4
1267850 973.4
1267860 976.0
1267870 976.6
1267880 976.6
1267890 978.1
1267900 980.8
1267910 980.8
1267920 983.6
1267930 986.4
1267940 986.4
1267950 985.2
1267960 986.2
1267970 986.2
1267980 986.7
1267990 986.4
1268000 986.2
1268010 986.2
1268020 986.3
1268030 986.1
1268040 986.1
1268050 987.1
1268060 991.1
1268070 991.1
1268080 995.0
1268090 998.2
1268100 998.2
1268110 1001.6
1268120 1005.0
1268130 1005.0
1268140 1008.5
1268150 1010.5
1268160 1010.5
1268170 1012.6
1268180 1014.4
1268190 1014.4
1268200 1016.4
1268210 1018.0
1268220 1018.0
1268230 1019.9
1268240 1022.1
1268250 1024.9
1268260 1024.9
1268270 1027.9
1268280 1031.1
1268290 1031.1
1268300 1035.1
1268310 1039.1
1268320 1039.1
1268330 1043.4
1268340 1047.4
1268350 1047.4
1268360 1051.4
1268370 1055.1
1268380 1055.1
1268390 1059.0
1268400 1061.7
1268410 1061.7
1268420 1063.3
1268430 1065.0
1268440 1065.0
1268450 1067.4
1268460 1069.6
1268470 1069.6
1268480 1072.1
1268490 1074.9
1268500 1078.8
1268510 1078.8
1268520 1082.8
1268530 1086.4
1268540 1087.4
1268550 1090.8
1268560 1093.9
1268570 1093.9
1268580 1097.0
1268590 1100.2
1268600 1100.2
1268610 1104.3
1268620 1108.1
1268630 1108.1
1268640 1113.7
1268650 1118.9
1268660 1118.9
1268670 1124.8
1268680 1130.9
1268690 1130.9
1268700 1137.7
1268710 1144.7
1268720 1152.2
1268730 1152.2
1268740 1160.1
1268750 1166.9
1268760 1166.9
1268770 1172.8
1268780 1178.5
1268790 1178.5
1268800 1184.0
1268810 1189.7
1268820 1189.7
1268830 1196.0
1268840 1202.9
1268850 1202.9
1268860 1209.4
1268870 1215.8
1268880 1215.8
1268890 1222.1
1268900 1228.5
1268910 1228.5
1268920 1235.3
1268930 1242.2
1268940 1242.2
1268950 1249.2
1268960 1255.9
1268970 1260.6
1268980 1260.6
1268990 1264.6
1269000 1269.2
1269010 1269.2
1269020 1271.7
1269030 1276.9
1269040 1276.9
1269050 1282.0
1269060 1286.3
1269070 1286.3
1269080 1290.6
1269090 1294.2
1269100 1294.2
1269110 1297.6
1269120 1302.0
1269130 1301.8
1269140 1307.2
1269150 1313.7
1269160 1313.7
1269170 1320.7
1269180 1327.9
1269190 1334.5
1269200 1334.5
1269210 1340.5
1269220 1346.5
1269230 1346.5
1269240 1352.4
1269250 1358.2
1269260 1358.2
1269270 1365.0
1269280 1372.6
1269290 1372.6
1269300 1378.8
1269310 1383.8
1269320 1383.8
1269330 1390.2
1269340 1395.8
1269350 1395.8
1269360 1399.7
1269370 1403.5
1269380 1403.5
1269390 1407.3
1269400 1409.8
1269410 1409.8
1269420 1411.9
1269430 1414.2
1269440 1415.0
1269450 1415.0
1269460 1414.8
1269470 1414.1
1269480 1414.1
1269490 1413.1
1269500 1412.2
1269510 1412.2
1269520 1412.2
1269530 1412.9
1269540 1412.9
1269550 1413.9
1269560 1415.2
1269570 1415.2
1269580 1417.1
1269590 1419.8
1269600 1419.8
1269610 1423.0
1269620 1424.8
1269630 1424.8
1269640 1423.9
1269650 1422.2
1269660 1422.2
1269670 1420.4
1269680 1418.8
1269690 1416.9
1269700 1416.9
1269710 1414.9
1269720 1415.3
1269730 1415.3
1269740 1413.5
1269750 1411.1
1269760 1411.1
1269770 1407.9
1269780 1404.0
1269790 1404.0
1269800 1401.5
1269810 1399.5
1269820 1399.5
1269830 1397.8
1269840 1395.9
1269850 1395.9
1269860 1393.4
1269870 1390.5
1269880 1390.5
1269890 1387.5
1269900 1384.3
1269910 1381.6
1269920 1381.6
1269930 1379.8
1269940 1377.2
1269950 1377.2
1269960 1373.4
1269970 1371.1
1269980 1371.1
1269990 1370.0
1270000 1368.0
1270010 1368.0
1270020 1366.2
1270030 1364.6
1270040 1364.6
1270050 1362.9
1270060 1361.5
1270070 1361.5
1270080 1359.8
1270090 1356.7
1270100 1356.7
1270110 1353.0
1270120 1348.5
1270130 1348.5
1270140 1343.3
1270150 1339.1
1270160 1335.1
1270170 1335.1
1270180 1332.1
1270190 1328.8
1270200 1328.8
1270210 1325.1
1270220 1321.2
1270230 1321.2
1270240 1316.6
1270250 1312.9
1270260 1312.9
1270270 1310.0
1270280 1306.7
1270290 1306.7
1270300 1305.0
1270310 1305.9
1270320 1305.9
1270330 1303.2
1270340 1300.4
1270350 1300.4
1270360 1297.5
1270370 1295.1
1270380 1295.1
1270390 1290.9
1270400 1286.8
1270410 1283.3
1270420 1283.3
1270430 1280.1
1270440 1276.1
1270450 1276.1
1270460 1271.8
1270470 1267.0
1270480 1267.0
1270490 1261.9
1270500 1257.7
1270510 1257.7
1270520 1254.1
1270530 1250.8
1270540 1250.8
1270550 1247.5
1270560 1244.5
1270570 1244.5
1270580 1242.6
1270590 1239.7
1270600 1239.7
1270610 1237.4
1270620 1234.6
1270630 1230.9
1270640 1230.9
1270650 1226.1
1270660 1219.0
1270670 1219.0
1270680 1210.6
1270690 1205.0
1270700 1205.0
1270710 1198.5
1270720 1192.2
1270730 1192.2
1270740 1186.6
1270750 1181.5
1270760 1181.5
1270770 1177.7
1270780 1175.7
1270790 1175.7
1270800 1174.9
1270810 1171.7
1270820 1171.7
1270830 1166.3
1270840 1161.5
1270850 1161.5
1270860 1159.3
1270870 1157.0
1270880 1155.0
1270890 1155.0
1270900 1153.7
1270910 1153.6
1270920 1153.6
1270930 1149.3
1270940 1146.9
1270950 1146.9
1270960 1145.2
1270970 1142.8
1270980 1142.8
1270990 1139.5
1271000 1134.8
1271010 1134.8
1271020 1128.9
1271030 1122.8
1271040 1122.8
1271050 1118.4
1271060 1117.3
1271070 1117.3
1271080 1117.4
1271090 1115.7
1271100 1115.7
1271110 1111.7
1271120 1107.9
1271130 1105.2
1271140 1105.2
1271150 1099.7
1271160 1092.8
1271170 1092.8
1271180 1086.2
1271190 1080.2
1271200 1080.2
1271210 1075.1
1271220 1071.5
1271230 1071.5
1271240 1068.4
1271250 1066.2
1271260 1066.2
1271270 1064.1
1271280 1062.4
1271290 1062.4
1271300 1062.1
1271310 1062.7
1271320 1062.7
1271330 1063.6
1271340 1066.0
1271350 1067.4
1271360 1067.4
1271370 1067.7
1271380 1068.4
1271390 1068.4
1271400 1069.7
1271410 1072.3
1271420 1072.3
1271430 1075.0
1271440 1075.3
1271450 1075.3
1271460 1074.3
1271470 1071.5
1271480 1071.5
1271490 1068.3
1271500 1069.2
1271510 1069.2
1271520 1067.0
1271530 1064.6
1271540 1064.6
1271550 1062.2
1271560 1058.5
1271570 1058.5
1271580 1054.5
1271590 1050.2
1271600 1046.7
1271610 1046.7
1271620 1043.6
1271630 1040.6
1271640 1040.6
1271650 1037.7
1271660 1034.2
1271670 1034.2
1271680 1030.3
1271690 1026.7
1271700 1026.7
1271710 1023.2
1271720 1020.2
1271730 1020.2
1271740 1018.1
1271750 1016.9
1271760 1016.9
1271770 1016.0
1271780 1015.6
1271790 1015.6
1271800 1013.3
1271810 1009.0
1271820 1009.0
1271830 1004.1
1271840 999.4
1271850 995.0
1271860 995.0
1271870 991.2
1271880 987.7
1271890 987.7
1271900 985.2
1271910 982.8
1271920 982.8
1271930 980.1
1271940 977.3
1271950 977.3
1271960 974.4
1271970 970.8
1271980 970.8
1271990 969.0
1272000 966.4
1272010 966.4
1272020 963.9
1272030 960.0
1272040 960.0
1272050 956.9
1272060 955.1
1272070 952.6
1272080 952.6
1272090 950.8
1272100 950.6
1272110 950.6
1272120 948.7
1272130 946.8
1272140 946.8
1272150 945.0
1272160 943.4
1272170 943.4
1272180 941.8
1272190 940.4
1272200 940.4
1272210 938.9
1272220 937.9
1272230 937.9
1272240 937.0
1272250 935.8
1272260 935.8
1272270 934.4
1272280 933.0
1272290 933.0
1272300 931.7
1272310 930.6
1272320 929.6
1272330 929.6
1272340 928.5
1272350 927.3
1272360 927.3
1272370 926.2
1272380 925.8
1272390 925.8
1272400 925.7
1272410 925.5
1272420 925.5
1272430 925.3
1272440 925.1
1272450 925.1
1272460 924.8
1272470 923.4
1272480 923.4
1272490 919.3
1272500 915.1
1272510 915.1
1272520 911.9
1272530 906.4
1272540 906.4
1272550 899.5
1272560 893.8
1272570 890.4
1272580 890.4
1272590 889.0
1272600 887.4
1272610 887.4
1272620 883.1
1272630 876.8
1272640 876.8
1272650 868.3
1272660 859.5
1272670 859.5
1272680 852.1
1272690 844.9
1272700 848.6
1272710 842.4
1272720 837.6
1272730 837.6
1272740 831.7
1272750 823.5
1272760 823.5
1272770 817.5
1272780 817.7
1272790 822.7
1272800 822.7
1272810 828.1
1272820 834.6
1272830 834.6
1272840 839.3
1272850 844.2
1272860 844.2
1272870 850.4
1272880 857.1
1272890 857.1
1272900 863.8
1272910 866.5
1272920 866.5
1272930 867.3
1272940 871.6
1272950 871.6
1272960 879.2
1272970 886.2
1272980 886.2
1272990 891.7
1273000 896.9
1273010 896.9
1273020 899.5
1273030 903.1
1273040 907.5
1273050 907.5
1273060 912.3
1273070 917.3
1273080 917.3
1273090 922.7
1273100 928.2
1273110 928.2
1273120 935.7
1273130 943.6
1273140 943.6
1273150 948.6
1273160 953.4
1273170 953.4
1273180 959.1
1273190 965.4
1273200 965.4
1273210 972.6
1273220 978.6
1273230 978.6
1273240 982.4
1273250 987.7
1273260 992.4
1273270 992.4
1273280 995.8
1273290 999.3
1273300 996.6
1273310 1001.1
1273320 1005.6
1273330 1005.6
1273340 1010.4
1273350 1014.3
1273360 1014.3
1273370 1017.1
1273380 1020.2
1273390 1020.2
1273400 1023.1
1273410 1026.5
1273420 1026.5
1273430 1030.5
1273440 1035.5
1273450 1035.5
1273460 1040.2
1273470 1046.0
1273480 1046.0
1273490 1052.4
1273500 1058.8
1273510 1061.0
1273520 1061.0
1273530 1061.4
1273540 1064.1
1273550 1064.1
1273560 1068.8
1273570 1069.9
1273580 1069.9
1273590 1071.2
1273600 1072.7
1273610 1072.7
1273620 1074.6
1273630 1076.7
1273640 1076.7
1273650 1078.2
1273660 1078.8
1273670 1078.8
1273680 1079.2
1273690 1079.3
1273700 1079.3
1273710 1079.9
1273720 1080.9
1273730 1080.9
1273740 1081.8
1273750 1083.8
1273760 1085.8
1273770 1085.8
1273780 1086.7
1273790 1090.8
1273800 1090.8
1273810 1095.4
1273820 1098.9
1273830 1098.9
1273840 1102.3
1273850 1106.7
1273860 1106.7
1273870 1111.7
1273880 1116.0
1273890 1116.0
1273900 1124.1
1273910 1126.4
1273920 1126.4
1273930 1128.8
1273940 1131.3
1273950 1131.3
1273960 1134.5
1273970 1137.9
1273980 1141.9
1273990 1141.9
1274000 1146.1
1274010 1149.2
1274020 1149.2
1274030 1150.8
1274040 1151.9
1274050 1151.9
1274060 1152.4
1274070 1153.3
1274080 1153.3
1274090 1154.9
1274100 1156.8
1274110 1156.8
1274120 1158.7
1274130 1160.8
1274140 1160.8
1274150 1163.1
1274160 1165.7
1274170 1165.7
1274180 1168.3
1274190 1170.9
1274200 1170.9
1274210 1173.5
1274220 1176.0
1274230 1178.9
1274240 1178.9
1274250 1182.2
1274260 1186.0
1274270 1186.0
1274280 1191.8
1274290 1196.9
1274300 1196.9
1274310 1201.7
1274320 1206.8
1274330 1206.8
1274340 1213.5
1274350 1220.0
1274360 1220.0
1274370 1224.8
1274380 1229.3
1274390 1229.3
1274400 1233.8
1274410 1237.7
1274420 1237.7
1274430 1241.0
1274440 1244.7
1274450 1244.7
1274460 1247.9
1274470 1251.3
1274480 1254.9
1274490 1254.9
1274500 1257.1
1274510 1258.0
1274520 1258.0
1274530 1259.6
1274540 1263.5
1274550 1263.5
1274560 1265.4
1274570 1267.1
1274580 1267.1
1274590 1268.4
1274600 1268.8
1274610 1268.8
1274620 1269.9
1274630 1273.5
1274640 1273.5
1274650 1278.6
1274660 1283.6
1274670 1283.6
1274680 1289.2
1274690 1293.2
1274700 1297.2
1274710 1297.2
1274720 1302.3
1274730 1307.7
1274740 1307.7
1274750 1312.1
1274760 1315.7
1274770 1315.7
1274780 1319.6
1274790 1323.4
1274800 1323.4
1274810 1327.6
1274820 1332.0
1274830 1332.0
1274840 1337.3
1274850 1341.2
1274860 1341.2
1274870 1344.9
1274880 1348.6
1274890 1348.6
1274900 1351.5
1274910 1353.7
1274920 1353.7
1274930 1356.8
1274940 1359.8
1274950 1363.3
1274960 1363.3
1274970 1367.2
1274980 1371.6
1274990 1371.6
1275000 1375.7
1275010 1378.8
1275020 1378.8
1275030 1381.6
1275040 1384.4
1275050 1384.4
1275060 1385.2
1275070 1387.8
1275080 1387.8
1275090 1390.4
1275100 1392.6
1275110 1390.9
1275120 1393.7
1275130 1397.2
1275140 1397.2
1275150 1400.0
1275160 1401.7
1275170 1401.7
1275180 1403.0
1275190 1404.6
1275200 1406.1
1275210 1406.1
1275220 1408.1
1275230 1410.9
1275240 1410.9
1275250 1415.0
1275260 1419.7
1275270 1419.7
1275280 1424.8
1275290 1428.4
1275300 1428.4
1275310 1431.4
1275320 1435.4
1275330 1435.4
1275340 1439.2
1275350 1443.5
1275360 1443.5
1275370 1448.1
1275380 1453.5
1275390 1453.5
1275400 1457.7
1275410 1461.0
1275420 1464.3
1275430 1464.3
1275440 1468.0
1275450 1472.1
1275460 1472.1
1275470 1475.2
1275480 1477.7
1275490 1477.7
1275500 1481.0
1275510 1484.5
1275520 1484.5
1275530 1488.1
1275540 1491.4
1275550 1491.4
1275560 1493.9
1275570 1496.3
1275580 1496.3
1275590 1498.8
1275600 1500.8
1275610 1500.8
1275620 1502.8
1275630 1505.1
1275640 1505.1
1275650 1507.7
1275660 1510.0
1275670 1512.8
1275680 1512.8
1275690 1514.9
1275700 1516.5
1275710 1516.5
1275720 1516.5
1275730 1518.9
1275740 1518.9
1275750 1521.6
1275760 1525.0
1275770 1525.0
1275780 1529.0
1275790 1533.0
1275800 1533.0
1275810 1537.1
1275820 1540.7
1275830 1540.7
1275840 1543.8
1275850 1547.4
1275860 1547.4
1275870 1549.4
1275880 1550.3
1275890 1550.3
1275900 1551.8
1275910 1552.8
1275920 1553.3
1275930 1553.3
1275940 1554.0
1275950 1555.7
1275960 1555.7
1275970 1557.9
1275980 1560.0
1275990 1560.0
1276000 1562.1
1276010 1564.5
1276020 1564.5
1276030 1566.4
1276040 1568.1
1276050 1568.1
1276060 1570.1
1276070 1572.0
1276080 1572.0
1276090 1573.6
1276100 1574.3
1276110 1574.3
1276120 1574.0
1276130 1573.6
1276140 1573.9
1276150 1573.9
1276160 1574.7
1276170 1576.7
1276180 1576.7
1276190 1579.2
1276200 1581.3
1276210 1581.3
1276220 1584.2
1276230 1587.3
1276240 1587.3
1276250 1589.8
1276260 1591.6
1276270 1591.6
1276280 1593.3
1276290 1594.8
1276300 1594.8
1276310 1597.0
1276320 1598.9
1276330 1594.5
1276340 1595.2
1276350 1595.8
1276360 1595.8
1276370 1596.5
1276380 1597.4
1276390 1598.2
1276400 1598.2
1276410 1598.6
1276420 1597.1
1276430 1597.1
1276440 1594.6
1276450 1592.3
1276460 1592.3
1276470 1590.2
1276480 1589.3
1276490 1589.3
1276500 1590.0
1276510 1591.5
1276520 1591.5
1276530 1593.4
1276540 1594.4
1276550 1594.4
1276560 1594.7
1276570 1593.8
1276580 1593.8
1276590 1591.6
1276600 1589.6
1276610 1588.5
1276620 1588.5
1276630 1585.5
1276640 1581.2
1276650 1581.2
1276660 1577.5
1276670 1573.7
1276680 1573.7
1276690 1570.7
1276700 1569.6
1276710 1569.6
1276720 1567.8
1276730 1564.4
1276740 1564.4
1276750 1564.5
1276760 1565.4
1276770 1565.4
1276780 1566.7
1276790 1567.6
1276800 1567.6
1276810 1568.4
1276820 1568.6
1276830 1568.6
1276840 1570.2
1276850 1571.9
1276860 1573.3
1276870 1573.3
1276880 1575.1
1276890 1576.5
1276900 1576.5
1276910 1577.5
1276920 1577.1
1276930 1577.1
1276940 1572.4
1276950 1571.5
1276960 1571.5
1276970 1568.4
1276980 1566.4
1276990 1566.4
1277000 1563.1
1277010 1559.0
1277020 1559.0
1277030 1556.5
1277040 1554.2
1277050 1554.2
1277060 1552.1
1277070 1550.2
1277080 1550.2
1277090 1548.2
1277100 1545.3
1277110 1543.3
1277120 1543.3
1277130 1540.7
1277140 1538.5
1277150 1538.5
1277160 1536.5
1277170 1534.5
1277180 1534.5
1277190 1533.4
1277200 1534.2
1277210 1534.2
1277220 1532.5
1277230 1531.1
1277240 1531.1
1277250 1530.5
1277260 1529.2
1277270 1529.2
1277280 1527.9
1277290 1526.6
1277300 1526.6
1277310 1525.4
1277320 1524.5
1277330 1523.7
1277340 1523.7
1277350 1522.7
1277360 1521.2
1277370 1521.2
1277380 1518.9
1277390 1516.1
1277400 1516.1
1277410 1511.1
1277420 1507.5
1277430 1507.5
1277440 1506.2
1277450 1504.0
1277460 1504.0
1277470 1501.4
1277480 1498.8
1277490 1498.8
1277500 1496.2
1277510 1494.2
1277520 1494.2
1277530 1492.4
1277540 1489.8
1277550 1484.3
1277560 1482.7
1277570 1480.9
1277580 1478.5
1277590 1478.5
1277600 1476.3
1277610 1474.1
1277620 1474.1
1277630 1472.0
1277640 1470.4
1277650 1470.4
1277660 1468.7
1277670 1467.3
1277680 1467.3
1277690 1466.8
1277700 1467.5
1277710 1467.5
1277720 1469.1
1277730 1471.9
1277740 1471.9
1277750 1474.9
1277760 1475.4
1277770 1475.4
1277780 1474.3
1277790 1472.7
1277800 1472.7
1277810 1470.9
1277820 1470.6
1277830 1470.8
1277840 1470.8
1277850 1470.4
1277860 1470.6
1277870 1470.6
1277880 1472.5
1277890 1472.7
1277900 1472.7
1277910 1471.4
1277920 1469.8
1277930 1469.8
1277940 1469.2
1277950 1470.1
1277960 1470.1
1277970 1471.5
1277980 1474.0
1277990 1474.0
1278000 1476.7
1278010 1478.3
1278020 1478.3
1278030 1477.6
1278040 1476.1
1278050 1474.9
1278060 1474.9
1278070 1473.1
1278080 1470.4
1278090 1470.4
1278100 1467.5
1278110 1465.6
1278120 1465.6
1278130 1462.2
1278140 1460.3
1278150 1460.3
1278160 1459.0
1278170 1459.3
1278180 1459.3
1278190 1460.4
1278200 1463.2
1278210 1463.2
1278220 1466.4
1278230 1470.4
1278240 1470.4
1278250 1475.4
1278260 1481.2
1278270 1481.2
1278280 1485.8
1278290 1487.7
1278300 1489.7
1278310 1489.7
1278320 1494.3
1278330 1499.3
1278340 1499.3
1278350 1504.1
1278360 1508.4
1278370 1508.4
1278380 1511.4
1278390 1513.4
1278400 1513.4
1278410 1515.7
1278420 1518.1
1278430 1518.1
1278440 1520.1
1278450 1522.9
1278460 1522.9
1278470 1527.0
1278480 1530.9
1278490 1530.9
1278500 1536.1
1278510 1542.5
1278520 1546.7
1278530 1546.7
1278540 1548.8
1278550 1550.3
1278560 1550.3
1278570 1551.8
1278580 1553.7
1278590 1553.7
1278600 1555.2
1278610 1555.8
1278620 1555.8
1278630 1556.2
1278640 1557.5
1278650 1557.5
1278660 1559.6
1278670 1562.0
1278680 1562.0
1278690 1563.7
1278700 1565.6
1278710 1565.6
1278720 1568.3
1278730 1571.3
1278740 1571.3
1278750 1573.5
1278760 1575.3
1278770 1578.6
1278780 1576.2
1278790 1578.8
1278800 1580.3
1278810 1580.3
1278820 1580.5
1278830 1579.5
1278840 1579.5
1278850 1579.5
1278860 1582.7
1278870 1582.7
1278880 1587.1
1278890 1593.5
1278900 1593.5
1278910 1600.9
1278920 1609.5
1278930 1609.5
1278940 1617.7
1278950 1623.2
1278960 1623.2
1278970 1627.6
1278980 1632.0
1278990 1632.0
1279000 1637.0
1279010 1642.7
1279020 1647.3
1279030 1647.3
1279040 1651.8
1279050 1658.0
1279060 1658.0
1279070 1663.5
1279080 1667.5
1279090 1667.5
1279100 1670.4
1279110 1674.0
1279120 1674.0
1279130 1677.9
1279140 1682.1
1279150 1682.1
1279160 1686.1
1279170 1689.9
1279180 1689.9
1279190 1693.3
1279200 1696.4
1279210 1696.4
1279220 1699.6
1279230 1703.1
1279240 1706.3
1279250 1706.3
1279260 1708.6
1279270 1710.7
1279280 1710.7
1279290 1712.6
1279300 1714.0
1279310 1714.0
1279320 1715.1
1279330 1716.0
1279340 1716.0
1279350 1718.1
1279360 1722.4
1279370 1722.4
1279380 1727.1
1279390 1729.7
1279400 1731.9
1279410 1734.7
1279420 1736.9
1279430 1736.9
1279440 1738.8
1279450 1740.8
1279460 1740.8
1279470 1743.8
1279480 1747.8
1279490 1754.1
1279500 1754.1
1279510 1761.2
1279520 1765.5
1279530 1765.5
1279540 1768.6
1279550 1771.9
1279560 1771.9
1279570 1775.4
1279580 1777.8
1279590 1777.8
1279600 1779.8
1279610 1781.4
1279620 1781.4
1279630 1781.9
1279640 1781.5
1279650 1781.5
1279660 1782.7
1279670 1787.7
1279680 1787.7
1279690 1793.5
1279700 1799.9
1279710 1799.9
1279720 1806.4
1279730 1813.4
1279740 1820.6
1279750 1820.6
1279760 1826.1
1279770 1831.5
1279780 1831.5
1279790 1837.4
1279800 1841.8
1279810 1841.8
1279820 1846.8
1279830 1851.7
1279840 1851.7
1279850 1856.1
1279860 1860.1
1279870 1860.1
1279880 1863.0
1279890 1865.1
1279900 1865.1
1279910 1867.2
1279920 1869.3
1279930 1869.3
1279940 1871.2
1279950 1873.4
1279960 1875.9
1279970 1875.9
1279980 1878.0
1279990 1879.1
