1260000 2121.0
1260010 2121.0
1260020 2102.5
1260030 2094.6
1260040 2092.0
1260050 2092.0
1260060 2084.8
1260070 2077.5
1260080 2077.5
1260090 2069.9
1260100 2061.8
1260110 2061.8
1260120 2053.1
1260130 2041.7
1260140 2041.7
1260150 2034.5
1260160 2030.7
1260170 2030.7
1260180 2022.3
1260190 2016.6
1260200 2016.6
1260210 2016.8
1260220 2011.8
1260230 2011.8
1260240 2002.8
1260250 1983.0
1260260 1983.0
1260270 1974.3
1260280 1970.1
1260290 1966.7
1260300 1966.7
1260310 1955.3
1260320 1941.1
1260330 1941.1
1260340 1931.0
1260350 1928.0
1260360 1928.0
1260370 1924.8
1260380 1923.9
1260390 1923.9
1260400 1929.1
1260410 1935.5
1260420 1935.5
1260430 1931.9
1260440 1925.9
1260450 1925.9
1260460 1922.7
1260470 1923.5
1260480 1923.5
1260490 1921.9
1260500 1916.0
1260510 1924.3
1260520 1924.3
1260530 1933.1
1260540 1927.0
1260550 1927.0
1260560 1913.9
1260570 1898.5
1260580 1898.5
1260590 1893.1
1260600 1903.9
1260610 1903.9
1260620 1905.6
1260630 1898.8
1260640 1898.8
1260650 1890.0
1260660 1878.7
1260670 1878.7
1260680 1870.2
1260690 1861.1
1260700 1861.1
1260710 1852.5
1260720 1846.7
1260730 1846.7
1260740 1850.1
1260750 1855.7
1260760 1855.4
1260770 1855.4
1260780 1858.8
1260790 1854.3
1260800 1854.3
1260810 1838.1
1260820 1821.7
1260830 1821.7
1260840 1812.9
1260850 1808.0
1260860 1808.0
1260870 1803.4
1260880 1797.7
1260890 1797.7
1260900 1793.3
1260910 1788.8
1260920 1795.1
1260930 1792.6
1260940 1788.7
1260950 1788.7
1260960 1782.4
1260970 1776.6
1260980 1776.6
1260990 1771.4
1261000 1765.6
1261010 1759.4
1261020 1759.4
1261030 1748.7
1261040 1731.6
1261050 1731.6
1261060 1717.1
1261070 1710.2
1261080 1710.2
1261090 1701.2
1261100 1691.6
1261110 1691.6
1261120 1683.5
1261130 1670.9
1261140 1670.9
1261150 1656.5
1261160 1649.1
1261170 1649.1
1261180 1643.8
1261190 1639.3
1261200 1639.3
1261210 1630.6
1261220 1619.5
1261230 1611.6
1261240 1611.6
1261250 1601.5
1261260 1591.7
1261270 1591.7
1261280 1581.6
1261290 1572.7
1261300 1572.7
1261310 1566.4
1261320 1560.0
1261330 1560.0
1261340 1553.7
1261350 1547.8
1261360 1547.8
1261370 1542.3
1261380 1538.0
1261390 1538.0
1261400 1533.0
1261410 1528.0
1261420 1528.0
1261430 1523.3
1261440 1518.2
1261450 1518.2
1261460 1513.1
1261470 1507.8
1261480 1501.3
1261490 1502.9
1261500 1496.7
1261510 1489.7
1261520 1489.7
1261530 1482.7
1261540 1475.9
1261550 1475.9
1261560 1469.6
1261570 1464.6
1261580 1464.6
1261590 1458.9
1261600 1451.5
1261610 1451.5
1261620 1443.5
1261630 1435.8
1261640 1435.8
1261650 1427.9
1261660 1420.3
1261670 1420.3
1261680 1413.1
1261690 1409.9
1261700 1409.9
1261710 1412.5
1261720 1417.8
1261730 1421.9
1261740 1421.9
1261750 1425.5
1261760 1428.5
1261770 1428.5
1261780 1431.0
1261790 1433.6
1261800 1433.6
1261810 1435.7
1261820 1436.5
1261830 1436.5
1261840 1437.2
1261850 1441.3
1261860 1441.3
1261870 1447.0
1261880 1451.5
1261890 1451.5
1261900 1454.6
1261910 1456.1
1261920 1456.1
1261930 1459.3
1261940 1463.9
1261950 1471.0
1261960 1471.0
1261970 1476.4
1261980 1481.8
1261990 1481.8
1262000 1487.4
1262010 1492.4
1262020 1492.4
1262030 1496.5
1262040 1500.1
1262050 1500.1
1262060 1497.8
1262070 1501.0
1262080 1501.0
1262090 1504.1
1262100 1507.1
1262110 1507.1
1262120 1509.7
1262130 1511.2
1262140 1511.2
1262150 1512.8
1262160 1512.9
1262170 1512.9
1262180 1514.5
1262190 1520.0
1262200 1525.4
1262210 1525.4
1262220 1530.9
1262230 1536.2
1262240 1536.2
1262250 1542.4
1262260 1548.8
1262270 1548.8
1262280 1554.6
1262290 1559.9
1262300 1559.9
1262310 1565.4
1262320 1571.4
1262330 1571.4
1262340 1577.7
1262350 1583.9
1262360 1583.9
1262370 1589.9
1262380 1595.4
1262390 1595.4
1262400 1600.2
1262410 1602.8
1262420 1602.8
1262430 1602.8
1262440 1599.9
1262450 1595.3
1262460 1595.3
1262470 1590.0
1262480 1584.3
1262490 1584.3
1262500 1577.7
1262510 1571.1
1262520 1571.1
1262530 1565.0
1262540 1559.1
1262550 1559.1
1262560 1553.8
1262570 1548.7
1262580 1548.7
1262590 1543.0
1262600 1536.9
1262610 1536.9
1262620 1530.6
1262630 1526.2
1262640 1526.2
1262650 1520.1
1262660 1514.3
1262670 1508.1
1262680 1508.1
1262690 1501.8
1262700 1495.2
1262710 1495.2
1262720 1488.2
1262730 1481.2
1262740 1481.2
1262750 1474.5
1262760 1467.5
1262770 1467.5
1262780 1460.3
1262790 1453.3
1262800 1453.3
1262810 1446.4
1262820 1440.1
1262830 1440.1
1262840 1434.5
1262850 1429.3
1262860 1429.3
1262870 1424.9
1262880 1420.0
1262890 1420.0
1262900 1414.1
1262910 1408.0
1262920 1402.6
1262930 1402.6
1262940 1397.3
1262950 1392.4
1262960 1392.4
1262970 1387.5
1262980 1382.7
1262990 1382.7
1263000 1378.4
1263010 1374.6
1263020 1374.6
1263030 1370.0
1263040 1364.7
1263050 1364.7
1263060 1359.2
1263070 1353.6
1263080 1353.6
1263090 1347.7
1263100 1343.8
1263110 1343.8
1263120 1341.6
1263130 1334.2
1263140 1334.2
1263150 1325.7
1263160 1317.9
1263170 1310.6
1263180 1310.6
1263190 1303.4
1263200 1296.1
1263210 1297.9
1263220 1291.1
1263230 1288.8
1263240 1288.8
1263250 1290.9
1263260 1294.6
1263270 1294.6
1263280 1297.6
1263290 1299.0
1263300 1299.0
1263310 1300.3
1263320 1301.9
1263330 1301.9
1263340 1302.2
1263350 1302.1
1263360 1302.1
1263370 1302.1
1263380 1301.9
1263390 1300.6
1263400 1300.6
1263410 1298.3
1263420 1294.8
1263430 1294.8
1263440 1291.5
1263450 1288.0
1263460 1288.0
1263470 1285.9
1263480 1284.3
1263490 1284.3
1263500 1283.6
1263510 1282.1
1263520 1282.1
1263530 1280.3
1263540 1278.5
1263550 1278.5
1263560 1276.5
1263570 1274.5
1263580 1274.5
1263590 1273.5
1263600 1273.6
1263610 1273.6
1263620 1272.4
1263630 1270.8
1263640 1270.0
1263650 1270.0
1263660 1269.1
1263670 1267.4
1263680 1267.4
1263690 1265.0
1263700 1259.0
1263710 1259.0
1263720 1251.1
1263730 1246.2
1263740 1246.2
1263750 1249.2
1263760 1254.3
1263770 1254.3
1263780 1251.0
1263790 1249.8
1263800 1249.8
1263810 1248.6
1263820 1247.6
1263830 1247.6
1263840 1246.0
1263850 1245.1
1263860 1245.1
1263870 1244.6
1263880 1245.4
1263890 1246.3
1263900 1246.3
1263910 1246.9
1263920 1246.2
1263930 1246.2
1263940 1244.0
1263950 1241.1
1263960 1241.1
1263970 1238.8
1263980 1235.8
1263990 1235.8
1264000 1231.6
1264010 1228.1
1264020 1228.1
1264030 1223.9
1264040 1219.1
1264050 1219.1
1264060 1215.0
1264070 1210.5
1264080 1210.5
1264090 1205.0
1264100 1199.9
1264110 1196.9
1264120 1196.9
1264130 1194.0
1264140 1190.4
1264150 1190.4
1264160 1186.7
1264170 1181.9
1264180 1181.9
1264190 1176.2
1264200 1173.4
1264210 1173.4
1264220 1173.0
1264230 1172.1
1264240 1172.1
1264250 1170.2
1264260 1167.5
1264270 1167.5
1264280 1163.3
1264290 1158.9
1264300 1158.9
1264310 1155.4
1264320 1153.4
1264330 1153.4
1264340 1150.7
1264350 1145.7
1264360 1140.0
1264370 1140.0
1264380 1135.6
1264390 1132.7
1264400 1132.7
1264410 1130.3
1264420 1128.3
1264430 1128.3
1264440 1125.6
1264450 1122.8
1264460 1122.8
1264470 1120.4
1264480 1119.1
1264490 1119.1
1264500 1117.6
1264510 1116.1
1264520 1116.1
1264530 1114.8
1264540 1113.6
1264550 1113.6
1264560 1112.3
1264570 1110.9
1264580 1109.7
1264590 1109.7
1264600 1108.9
1264610 1107.6
1264620 1107.6
1264630 1106.0
1264640 1104.5
1264650 1104.5
1264660 1103.2
1264670 1102.0
1264680 1102.0
1264690 1100.9
1264700 1099.8
1264710 1099.8
1264720 1098.7
1264730 1097.6
1264740 1097.6
1264750 1096.5
1264760 1095.5
1264770 1095.5
1264780 1094.6
1264790 1093.9
1264800 1093.9
1264810 1092.5
1264820 1091.0
1264830 1090.1
1264840 1090.1
1264850 1088.8
1264860 1087.2
1264870 1087.2
1264880 1085.8
1264890 1084.1
1264900 1084.1
1264910 1082.4
1264920 1081.3
1264930 1081.3
1264940 1078.1
1264950 1076.3
1264960 1076.3
1264970 1074.3
1264980 1073.0
1264990 1073.0
1265000 1071.8
1265010 1069.9
1265020 1069.9
1265030 1068.2
1265040 1065.5
1265050 1065.5
1265060 1059.1
1265070 1055.2
1265080 1051.5
1265090 1051.5
1265100 1049.3
1265110 1048.7
1265120 1048.7
1265130 1049.6
1265140 1048.2
1265150 1048.2
1265160 1044.3
1265170 1038.5
1265180 1038.5
1265190 1034.9
1265200 1031.8
1265210 1031.8
1265220 1030.6
1265230 1031.1
1265240 1031.1
1265250 1030.8
1265260 1029.2
1265270 1029.2
1265280 1025.1
1265290 1020.7
1265300 1018.0
1265310 1018.0
1265320 1016.4
1265330 1013.1
1265340 1013.1
1265350 1008.4
1265360 1007.4
1265370 1007.4
1265380 1006.6
1265390 1004.3
1265400 1004.3
1265410 1002.7
1265420 1001.2
1265430 1001.2
1265440 999.6
1265450 997.9
1265460 997.9
1265470 996.4
1265480 995.4
1265490 995.4
1265500 995.1
1265510 993.7
1265520 993.3
1265530 992.1
1265540 991.1
1265550 987.9
1265560 987.9
1265570 981.4
1265580 975.4
1265590 975.4
1265600 974.9
1265610 973.1
1265620 973.1
1265630 964.9
1265640 957.1
1265650 957.1
1265660 951.8
1265670 948.0
1265680 948.0
1265690 943.6
1265700 940.0
1265710 940.0
1265720 937.0
1265730 934.1
1265740 934.1
1265750 933.9
1265760 935.0
1265770 935.0
1265780 932.0
1265790 926.7
1265800 919.3
1265810 919.3
1265820 909.7
1265830 900.9
1265840 900.9
1265850 894.9
1265860 891.5
1265870 891.5
1265880 887.4
1265890 882.2
1265900 882.2
1265910 877.6
1265920 872.7
1265930 872.7
1265940 866.6
1265950 859.1
1265960 859.1
1265970 852.1
1265980 846.6
1265990 846.6
1266000 845.2
1266010 845.0
1266020 844.7
1266030 844.7
1266040 844.3
1266050 843.6
1266060 843.6
1266070 842.8
1266080 841.9
1266090 841.9
1266100 839.5
1266110 838.5
1266120 838.5
1266130 837.7
1266140 837.1
1266150 837.1
1266160 836.5
1266170 835.8
1266180 835.8
1266190 835.2
1266200 834.9
1266210 834.9
1266220 834.8
1266230 834.6
1266240 834.6
1266250 834.5
1266260 834.4
1266270 834.2
1266280 834.2
1266290 834.2
1266300 834.0
1266310 834.0
1266320 833.1
1266330 830.5
1266340 830.5
1266350 829.0
1266360 830.2
1266370 830.2
1266380 832.3
1266390 832.8
1266400 832.8
1266410 833.2
1266420 834.3
1266430 834.3
1266440 836.2
1266450 837.9
1266460 837.9
1266470 840.2
1266480 844.9
1266490 844.9
1266500 850.8
1266510 856.7
1266520 862.2
1266530 862.2
1266540 868.3
1266550 874.3
1266560 874.3
1266570 879.7
1266580 883.6
1266590 883.6
1266600 886.1
1266610 886.8
1266620 886.8
1266630 883.9
1266640 883.2
1266650 883.2
1266660 883.8
1266670 889.0
1266680 890.0
1266690 896.8
1266700 904.2
1266710 904.2
1266720 913.6
1266730 924.0
1266740 933.1
1266750 933.1
1266760 936.4
1266770 931.5
1266780 931.5
1266790 924.6
1266800 916.6
1266810 916.6
1266820 911.4
1266830 909.0
1266840 909.0
1266850 908.2
1266860 906.4
1266870 906.4
1266880 904.8
1266890 903.6
1266900 903.6
1266910 903.8
1266920 904.3
1266930 904.3
1266940 904.4
1266950 906.4
1266960 906.4
1266970 912.8
1266980 918.3
1266990 926.2
1267000 926.2
1267010 933.7
1267020 940.2
1267030 940.2
1267040 947.3
1267050 952.9
1267060 952.9
1267070 955.9
1267080 956.9
1267090 956.9
1267100 957.3
1267110 957.6
1267120 957.6
1267130 958.0
1267140 958.5
1267150 958.5
1267160 959.0
1267170 959.6
1267180 959.6
1267190 960.5
1267200 961.4
1267210 961.4
1267220 961.6
1267230 961.3
1267240 960.8
1267250 960.8
1267260 960.5
1267270 960.2
1267280 960.2
1267290 959.8
1267300 959.6
1267310 959.6
1267320 959.6
1267330 959.8
1267340 959.8
1267350 960.0
1267360 960.2
1267370 960.2
1267380 960.3
1267390 960.4
1267400 960.4
1267410 960.6
1267420 960.9
1267430 960.9
1267440 960.9
1267450 961.0
1267460 961.4
1267470 961.4
1267480 962.3
1267490 963.0
1267500 963.0
1267510 963.4
1267520 963.7
1267530 963.7
1267540 964.0
1267550 964.2
1267560 964.2
1267570 964.4
1267580 964.6
1267590 964.6
1267600 964.9
1267610 965.7
1267620 965.7
1267630 966.0
1267640 966.0
1267650 966.0
1267660 966.1
1267670 966.4
1267680 966.4
1267690 966.9
1267700 967.5
1267710 968.2
1267720 968.2
1267730 969.0
1267740 970.6
1267750 970.6
1267760 971.2
1267770 971.7
1267780 971.7
1267790 972.3
1267800 972.9
1267810 972.9
1267820 974.7
1267830 975.9
1267840 975.9
1267850 977.6
1267860 978.6
1267870 978.6
1267880 979.6
1267890 980.8
1267900 980.8
1267910 982.0
1267920 983.2
1267930 983.2
1267940 983.9
1267950 985.5
1267960 987.0
1267970 987.0
1267980 987.3
1267990 987.3
1268000 987.3
1268010 988.8
1268020 991.9
1268030 991.9
1268040 994.8
1268050 998.0
1268060 998.0
1268070 1001.7
1268080 1004.1
1268090 1004.1
1268100 1005.5
1268110 1006.7
1268120 1006.7
1268130 1008.3
1268140 1010.3
1268150 1010.3
1268160 1012.5
1268170 1014.9
1268180 1017.2
1268190 1017.2
1268200 1019.7
1268210 1022.2
1268220 1022.2
1268230 1024.7
1268240 1029.9
1268250 1029.9
1268260 1034.6
1268270 1037.8
1268280 1037.8
1268290 1040.4
1268300 1043.6
1268310 1043.6
1268320 1046.6
1268330 1050.1
1268340 1050.1
1268350 1054.1
1268360 1058.4
1268370 1058.4
1268380 1063.4
1268390 1069.1
1268400 1069.1
1268410 1074.0
1268420 1077.5
1268430 1080.6
1268440 1082.8
1268450 1085.9
1268460 1089.5
1268470 1089.5
1268480 1093.5
1268490 1098.6
1268500 1098.6
1268510 1103.0
1268520 1107.9
1268530 1107.9
1268540 1112.1
1268550 1117.6
1268560 1117.6
1268570 1122.4
1268580 1127.4
1268590 1127.4
1268600 1132.4
1268610 1137.6
1268620 1137.6
1268630 1142.9
1268640 1149.0
1268650 1149.0
1268660 1155.3
1268670 1162.2
1268680 1169.5
1268690 1169.5
1268700 1176.2
1268710 1179.7
1268720 1179.7
1268730 1179.8
1268740 1178.7
1268750 1178.7
1268760 1179.7
1268770 1182.0
1268780 1182.0
1268790 1183.9
1268800 1185.9
1268810 1185.9
1268820 1189.0
1268830 1192.3
1268840 1192.3
1268850 1196.2
1268860 1201.5
1268870 1201.5
1268880 1208.3
1268890 1215.8
1268900 1223.0
1268910 1223.0
1268920 1229.8
1268930 1237.5
1268940 1237.5
1268950 1245.5
1268960 1252.8
1268970 1252.8
1268980 1260.7
1268990 1269.4
1269000 1269.4
1269010 1275.2
1269020 1279.9
1269030 1283.8
1269040 1289.7
1269050 1294.6
1269060 1294.6
1269070 1298.5
1269080 1303.0
1269090 1303.0
1269100 1308.2
1269110 1314.3
1269120 1314.3
1269130 1320.3
1269140 1326.4
1269150 1332.6
1269160 1332.6
1269170 1338.4
1269180 1344.5
1269190 1344.5
1269200 1351.4
1269210 1358.9
1269220 1358.9
1269230 1366.4
1269240 1372.1
1269250 1372.1
1269260 1375.6
1269270 1378.8
1269280 1378.8
1269290 1382.0
1269300 1385.3
1269310 1385.3
1269320 1389.4
1269330 1394.1
1269340 1394.1
1269350 1399.1
1269360 1405.4
1269370 1405.4
1269380 1410.4
1269390 1414.6
1269400 1419.0
1269410 1419.0
1269420 1423.3
1269430 1427.8
1269440 1427.8
1269450 1431.6
1269460 1434.2
1269470 1434.2
1269480 1436.6
1269490 1438.7
1269500 1438.7
1269510 1440.5
1269520 1442.2
1269530 1442.2
1269540 1443.8
1269550 1445.4
1269560 1445.4
1269570 1446.7
1269580 1447.6
1269590 1447.6
1269600 1448.3
1269610 1449.0
1269620 1451.4
1269630 1451.4
1269640 1453.0
1269650 1454.4
1269660 1454.4
1269670 1455.1
1269680 1455.1
1269690 1455.1
1269700 1454.4
1269710 1452.8
1269720 1452.8
1269730 1451.2
1269740 1449.7
1269750 1449.7
1269760 1448.7
1269770 1448.1
1269780 1448.1
1269790 1448.1
1269800 1448.3
1269810 1448.3
1269820 1447.5
1269830 1444.2
1269840 1444.2
1269850 1439.5
1269860 1434.7
1269870 1430.7
1269880 1430.7
1269890 1427.7
1269900 1425.0
1269910 1425.0
1269920 1421.6
1269930 1419.1
1269940 1419.1
1269950 1415.5
1269960 1408.2
1269970 1408.2
1269980 1402.6
1269990 1398.6
1270000 1398.6
1270010 1395.7
1270020 1392.5
1270030 1392.5
1270040 1389.1
1270050 1385.3
1270060 1385.3
1270070 1382.9
1270080 1381.6
1270090 1381.6
1270100 1380.9
1270110 1380.7
1270120 1380.4
1270130 1380.4
1270140 1379.1
1270150 1376.6
1270160 1376.6
1270170 1373.5
1270180 1370.7
1270190 1370.7
1270200 1367.9
1270210 1369.5
1270220 1369.5
1270230 1366.6
1270240 1363.3
1270250 1363.3
1270260 1359.7
1270270 1356.1
1270280 1356.1
1270290 1352.6
1270300 1348.6
1270310 1348.6
1270320 1345.3
1270330 1341.6
1270340 1337.5
1270350 1337.5
1270360 1332.5
1270370 1327.9
1270380 1327.9
1270390 1323.8
1270400 1319.7
1270410 1319.7
1270420 1315.8
1270430 1311.9
1270440 1311.9
1270450 1310.1
1270460 1305.1
1270470 1305.1
1270480 1297.7
1270490 1291.6
1270500 1291.6
1270510 1287.2
1270520 1284.4
1270530 1284.4
1270540 1283.4
1270550 1281.2
1270560 1281.2
1270570 1275.9
1270580 1270.0
1270590 1264.8
1270600 1264.8
1270610 1261.7
1270620 1261.1
1270630 1261.1
1270640 1259.2
1270650 1255.9
1270660 1255.9
1270670 1252.0
1270680 1248.9
1270690 1248.9
1270700 1244.8
1270710 1240.1
1270720 1240.1
1270730 1235.3
1270740 1231.9
1270750 1231.9
1270760 1229.3
1270770 1226.0
1270780 1226.0
1270790 1222.5
1270800 1222.0
1270810 1217.6
1270820 1217.6
1270830 1214.2
1270840 1210.1
1270850 1210.1
1270860 1205.6
1270870 1200.7
1270880 1200.7
1270890 1195.4
1270900 1191.3
1270910 1191.3
1270920 1189.2
1270930 1186.5
1270940 1186.5
1270950 1183.5
1270960 1179.8
1270970 1179.8
1270980 1175.5
1270990 1170.9
1271000 1170.9
1271010 1166.3
1271020 1161.4
1271030 1161.4
1271040 1154.2
1271050 1146.1
1271060 1137.5
1271070 1137.5
1271080 1129.7
1271090 1124.2
1271100 1124.2
1271110 1120.2
1271120 1116.3
1271130 1116.3
1271140 1116.6
1271150 1120.4
1271160 1120.4
1271170 1123.2
1271180 1121.0
1271190 1121.0
1271200 1115.9
1271210 1115.0
1271220 1115.0
1271230 1118.5
1271240 1121.2
1271250 1121.2
1271260 1121.9
1271270 1122.7
1271280 1122.7
1271290 1124.8
1271300 1128.0
1271310 1131.1
1271320 1131.1
1271330 1132.7
1271340 1132.2
1271350 1132.2
1271360 1130.8
1271370 1128.8
1271380 1128.8
1271390 1121.6
1271400 1119.9
1271410 1119.9
1271420 1115.0
1271430 1109.7
1271440 1109.7
1271450 1103.5
1271460 1098.1
1271470 1098.1
1271480 1095.1
1271490 1092.7
1271500 1092.7
1271510 1091.5
1271520 1090.4
1271530 1088.1
1271540 1088.1
1271550 1086.6
1271560 1085.6
1271570 1085.6
1271580 1084.9
1271590 1084.0
1271600 1084.0
1271610 1081.6
1271620 1077.4
1271630 1077.4
1271640 1073.4
1271650 1068.9
1271660 1068.9
1271670 1065.1
1271680 1061.0
1271690 1061.0
1271700 1056.8
1271710 1053.4
1271720 1053.4
1271730 1051.5
1271740 1050.9
1271750 1050.9
1271760 1050.1
1271770 1049.2
1271780 1047.8
1271790 1047.8
1271800 1045.3
1271810 1041.0
1271820 1041.0
1271830 1035.5
1271840 1031.3
1271850 1031.3
1271860 1027.3
1271870 1022.9
1271880 1022.9
1271890 1018.6
1271900 1014.2
1271910 1014.2
1271920 1009.3
1271930 1005.1
1271940 1005.1
1271950 1002.0
1271960 1000.1
1271970 1000.1
1271980 998.4
1271990 1001.5
1272000 1001.5
1272010 999.1
1272020 995.2
1272030 990.6
1272040 990.6
1272050 986.0
1272060 981.9
1272070 981.9
1272080 978.3
1272090 975.3
1272100 975.3
1272110 972.3
1272120 970.3
1272130 970.3
1272140 968.2
1272150 964.8
1272160 964.8
1272170 961.5
1272180 957.7
1272190 957.7
1272200 954.0
1272210 950.7
1272220 950.7
1272230 947.9
1272240 945.1
1272250 942.9
1272260 942.9
1272270 941.3
1272280 939.5
1272290 939.5
1272300 938.3
1272310 937.5
1272320 937.5
1272330 937.0
1272340 936.7
1272350 936.7
1272360 935.8
1272370 934.3
1272380 934.3
1272390 933.4
1272400 932.2
1272410 932.2
1272420 930.3
1272430 928.2
1272440 928.2
1272450 926.8
1272460 926.3
1272470 926.3
1272480 926.1
1272490 926.0
1272500 926.0
1272510 926.0
1272520 926.2
1272530 926.4
1272540 926.4
1272550 926.5
1272560 926.7
1272570 926.7
1272580 926.6
1272590 927.0
1272600 927.0
1272610 924.8
1272620 921.0
1272630 921.0
1272640 917.2
1272650 914.6
1272660 914.6
1272670 909.9
1272680 903.5
1272690 903.5
1272700 896.3
1272710 889.1
1272720 889.1
1272730 881.9
1272740 874.6
1272750 866.4
1272760 866.4
1272770 858.7
1272780 851.7
1272790 851.7
1272800 844.9
1272810 835.7
1272820 835.7
1272830 823.1
1272840 818.5
1272850 818.5
1272860 822.2
1272870 829.7
1272880 829.7
1272890 836.6
1272900 843.5
1272910 843.5
1272920 850.4
1272930 856.7
1272940 856.7
1272950 863.3
1272960 869.0
1272970 872.2
1272980 872.2
1272990 879.7
1273000 887.4
1273010 887.4
1273020 894.5
1273030 900.8
1273040 900.8
1273050 906.1
1273060 912.2
1273070 912.2
1273080 919.1
1273090 922.8
1273100 922.8
1273110 924.7
1273120 926.8
1273130 926.8
1273140 931.0
1273150 933.8
1273160 933.8
1273170 935.8
1273180 938.1
1273190 940.5
1273200 943.5
1273210 947.2
1273220 951.9
1273230 951.9
1273240 955.9
1273250 961.2
1273260 961.2
1273270 967.9
1273280 974.9
1273290 974.9
1273300 981.0
1273310 985.1
1273320 985.1
1273330 989.4
1273340 994.0
1273350 994.0
1273360 998.6
1273370 1002.9
1273380 1002.9
1273390 1007.0
1273400 1010.6
1273410 1010.6
1273420 1014.6
1273430 1020.8
1273440 1028.4
1273450 1028.4
1273460 1034.8
1273470 1040.5
1273480 1040.5
1273490 1045.5
1273500 1046.6
1273510 1046.6
1273520 1042.4
1273530 1039.3
1273540 1039.3
1273550 1037.8
1273560 1036.5
1273570 1036.5
1273580 1034.7
1273590 1032.6
1273600 1032.6
1273610 1031.8
1273620 1033.1
1273630 1033.1
1273640 1036.4
1273650 1041.0
1273660 1041.0
1273670 1044.3
1273680 1050.4
1273690 1057.5
1273700 1057.5
1273710 1065.7
1273720 1073.8
1273730 1073.8
1273740 1081.6
1273750 1087.7
1273760 1087.7
1273770 1091.8
1273780 1095.1
1273790 1094.3
1273800 1097.9
1273810 1100.7
1273820 1100.7
1273830 1103.6
1273840 1106.8
1273850 1106.8
1273860 1109.8
1273870 1112.5
1273880 1112.5
1273890 1114.7
1273900 1116.7
1273910 1116.7
1273920 1118.5
1273930 1120.2
1273940 1121.6
1273950 1121.6
1273960 1122.7
1273970 1123.8
1273980 1123.8
1273990 1124.4
1274000 1125.1
1274010 1125.1
1274020 1126.3
1274030 1129.5
1274040 1129.5
1274050 1132.6
1274060 1135.4
1274070 1135.4
1274080 1138.2
1274090 1141.2
1274100 1141.2
1274110 1144.2
1274120 1147.2
1274130 1147.2
1274140 1149.6
1274150 1152.0
1274160 1154.7
1274170 1154.7
1274180 1157.9
1274190 1161.1
1274200 1161.1
1274210 1164.3
1274220 1167.7
1274230 1167.7
1274240 1171.5
1274250 1175.3
1274260 1175.3
1274270 1178.5
1274280 1182.4
1274290 1182.4
1274300 1185.3
1274310 1189.7
1274320 1189.7
1274330 1194.4
1274340 1195.9
1274350 1195.9
1274360 1197.7
1274370 1201.4
1274380 1201.4
1274390 1204.3
1274400 1209.4
1274410 1214.0
1274420 1214.0
1274430 1219.2
1274440 1224.2
1274450 1224.2
1274460 1228.8
1274470 1232.6
1274480 1232.6
1274490 1235.2
1274500 1238.3
1274510 1238.3
1274520 1241.5
1274530 1245.1
1274540 1245.1
1274550 1248.4
1274560 1252.0
1274570 1252.0
1274580 1256.4
1274590 1260.6
1274600 1260.6
1274610 1265.2
1274620 1270.0
1274630 1270.0
1274640 1274.3
1274650 1278.0
1274660 1280.6
1274670 1280.6
1274680 1282.7
1274690 1284.8
1274700 1284.8
1274710 1287.1
1274720 1289.5
1274730 1289.5
1274740 1292.1
1274750 1294.8
1274760 1294.8
1274770 1297.5
1274780 1299.8
1274790 1299.8
1274800 1301.7
1274810 1303.4
1274820 1303.4
1274830 1305.1
1274840 1307.1
1274850 1307.1
1274860 1311.0
1274870 1315.2
1274880 1318.5
1274890 1318.5
1274900 1321.1
1274910 1323.2
1274920 1323.2
1274930 1325.8
1274940 1328.8
1274950 1328.8
1274960 1333.0
1274970 1337.4
1274980 1337.4
1274990 1341.9
1275000 1347.1
1275010 1347.1
1275020 1350.2
1275030 1353.2
1275040 1353.2
1275050 1356.4
1275060 1359.2
1275070 1359.2
1275080 1362.3
1275090 1364.8
1275100 1364.8
1275110 1366.9
1275120 1368.9
1275130 1372.1
1275140 1372.1
1275150 1375.0
1275160 1379.0
1275170 1379.0
1275180 1383.2
1275190 1386.9
1275200 1386.9
1275210 1390.1
1275220 1393.6
1275230 1393.6
1275240 1397.0
1275250 1400.0
1275260 1400.0
1275270 1401.8
1275280 1402.9
1275290 1402.9
1275300 1404.1
1275310 1405.9
1275320 1405.9
1275330 1408.1
1275340 1410.9
1275350 1414.7
1275360 1414.7
1275370 1419.3
1275380 1423.3
1275390 1423.3
1275400 1427.1
1275410 1429.8
1275420 1429.8
1275430 1431.3
1275440 1432.3
1275450 1432.3
1275460 1433.9
1275470 1435.9
1275480 1435.9
1275490 1438.5
1275500 1441.9
1275510 1441.9
1275520 1445.0
1275530 1447.3
1275540 1447.3
1275550 1450.3
1275560 1453.4
1275570 1453.4
1275580 1456.6
1275590 1459.5
1275600 1461.5
1275610 1459.0
1275620 1460.9
1275630 1462.8
1275640 1462.8
1275650 1465.5
1275660 1469.4
1275670 1469.4
1275680 1472.6
1275690 1475.0
1275700 1475.0
1275710 1477.9
1275720 1480.5
1275730 1480.5
1275740 1483.3
1275750 1486.2
1275760 1486.2
1275770 1490.4
1275780 1493.9
1275790 1493.9
1275800 1494.7
1275810 1495.2
1275820 1495.2
1275830 1496.0
1275840 1497.2
1275850 1500.2
1275860 1500.2
1275870 1503.4
1275880 1506.0
1275890 1506.0
1275900 1508.8
1275910 1511.8
1275920 1511.8
1275930 1515.1
1275940 1519.0
1275950 1519.0
1275960 1522.9
1275970 1525.2
1275980 1525.2
1275990 1525.6
1276000 1526.0
1276010 1526.0
1276020 1526.8
1276030 1528.1
1276040 1528.1
1276050 1529.5
1276060 1531.2
1276070 1533.7
1276080 1533.7
1276090 1536.9
1276100 1539.3
1276110 1539.3
1276120 1540.5
1276130 1541.2
1276140 1541.2
1276150 1542.3
1276160 1544.0
1276170 1544.0
1276180 1545.6
1276190 1547.8
1276200 1547.8
1276210 1549.0
1276220 1545.3
1276230 1545.3
1276240 1546.5
1276250 1547.3
1276260 1547.3
1276270 1547.6
1276280 1546.2
1276290 1546.2
1276300 1544.7
1276310 1543.4
1276320 1542.2
1276330 1542.2
1276340 1541.9
1276350 1540.7
1276360 1540.7
1276370 1539.1
1276380 1539.1
1276390 1539.1
1276400 1540.6
1276410 1541.6
1276420 1541.6
1276430 1541.9
1276440 1542.8
1276450 1542.8
1276460 1544.0
1276470 1544.6
1276480 1544.6
1276490 1545.6
1276500 1545.7
1276510 1545.7
1276520 1545.7
1276530 1545.6
1276540 1545.6
1276550 1544.7
1276560 1544.2
1276570 1543.6
1276580 1543.6
1276590 1542.3
1276600 1541.2
1276610 1541.2
1276620 1540.3
1276630 1538.7
1276640 1538.7
1276650 1535.0
1276660 1530.4
1276670 1530.4
1276680 1528.6
1276690 1528.8
1276700 1528.8
1276710 1529.2
1276720 1529.2
1276730 1529.2
1276740 1528.6
1276750 1527.7
1276760 1527.7
1276770 1526.6
1276780 1525.9
1276790 1526.2
1276800 1526.2
1276810 1526.1
1276820 1525.2
1276830 1520.2
1276840 1518.5
1276850 1518.2
1276860 1518.2
1276870 1518.6
1276880 1519.3
1276890 1519.3
1276900 1520.4
1276910 1520.8
1276920 1520.8
1276930 1520.7
1276940 1519.6
1276950 1519.6
1276960 1518.2
1276970 1515.8
1276980 1515.8
1276990 1514.2
1277000 1511.2
1277010 1511.2
1277020 1507.1
1277030 1503.0
1277040 1501.1
1277050 1501.1
1277060 1501.2
1277070 1499.2
1277080 1499.2
1277090 1496.1
1277100 1493.7
1277110 1493.7
1277120 1492.2
1277130 1489.9
1277140 1489.9
1277150 1486.5
1277160 1481.7
1277170 1481.7
1277180 1478.9
1277190 1478.9
1277200 1478.9
1277210 1479.4
1277220 1479.9
1277230 1479.9
1277240 1479.7
1277250 1477.6
1277260 1477.6
1277270 1475.6
1277280 1473.7
1277290 1473.3
1277300 1473.3
1277310 1474.5
1277320 1474.8
1277330 1474.8
1277340 1473.9
1277350 1473.6
1277360 1473.6
1277370 1473.0
1277380 1471.3
1277390 1471.3
1277400 1469.5
1277410 1467.2
1277420 1467.2
1277430 1464.0
1277440 1457.5
1277450 1457.5
1277460 1454.7
1277470 1451.4
1277480 1451.4
1277490 1447.6
1277500 1443.9
1277510 1441.1
1277520 1441.1
1277530 1438.3
1277540 1437.2
1277550 1437.2
1277560 1437.1
1277570 1436.7
1277580 1436.7
1277590 1436.5
1277600 1434.9
1277610 1434.9
1277620 1433.1
1277630 1431.2
1277640 1431.2
1277650 1428.5
1277660 1427.5
1277670 1427.5
1277680 1427.9
1277690 1426.8
1277700 1426.8
1277710 1423.9
1277720 1420.5
1277730 1420.5
1277740 1418.6
1277750 1417.6
1277760 1415.9
1277770 1415.9
1277780 1414.9
1277790 1413.2
1277800 1413.2
1277810 1413.5
1277820 1415.6
1277830 1415.6
1277840 1416.1
1277850 1413.5
1277860 1413.5
1277870 1413.2
1277880 1417.1
1277890 1417.1
1277900 1420.5
1277910 1421.2
1277920 1421.2
1277930 1421.3
1277940 1423.7
1277950 1423.7
1277960 1426.5
1277970 1428.5
1277980 1430.3
1277990 1430.3
1278000 1432.5
1278010 1433.6
1278020 1433.6
1278030 1435.1
1278040 1436.2
1278050 1431.3
1278060 1430.3
1278070 1428.3
1278080 1428.3
1278090 1427.3
1278100 1430.4
1278110 1430.4
1278120 1435.7
1278130 1439.4
1278140 1439.4
1278150 1441.4
1278160 1444.4
1278170 1444.4
1278180 1446.8
1278190 1447.6
1278200 1447.6
1278210 1448.0
1278220 1449.1
1278230 1450.8
1278240 1450.8
1278250 1452.3
1278260 1454.0
1278270 1454.0
1278280 1455.8
1278290 1458.4
1278300 1458.4
1278310 1461.4
1278320 1464.5
1278330 1464.5
1278340 1466.9
1278350 1468.4
1278360 1468.4
1278370 1469.7
1278380 1473.7
1278390 1473.7
1278400 1477.9
1278410 1482.6
1278420 1482.6
1278430 1487.9
1278440 1490.6
1278450 1490.6
1278460 1493.9
1278470 1498.2
1278480 1500.8
1278490 1500.8
1278500 1502.7
1278510 1504.5
1278520 1504.5
1278530 1505.3
1278540 1505.8
1278550 1505.8
1278560 1506.2
1278570 1507.5
1278580 1507.5
1278590 1508.9
1278600 1510.7
1278610 1510.7
1278620 1513.6
1278630 1517.5
1278640 1517.5
1278650 1521.6
1278660 1524.8
1278670 1531.3
1278680 1534.6
1278690 1538.1
1278700 1543.3
1278710 1543.3
1278720 1550.1
1278730 1556.2
1278740 1556.2
1278750 1561.6
1278760 1566.0
1278770 1566.0
1278780 1569.9
1278790 1573.9
1278800 1573.9
1278810 1576.3
1278820 1576.8
1278830 1576.8
1278840 1579.5
1278850 1583.2
1278860 1583.2
1278870 1586.9
1278880 1589.6
1278890 1589.6
1278900 1594.0
1278910 1598.6
1278920 1598.6
1278930 1603.2
1278940 1608.3
1278950 1613.7
1278960 1613.7
1278970 1619.0
1278980 1623.9
1278990 1623.9
1279000 1628.3
1279010 1632.4
1279020 1632.4
1279030 1636.8
1279040 1642.2
1279050 1642.2
1279060 1647.2
1279070 1652.5
1279080 1652.5
1279090 1658.0
1279100 1664.7
1279110 1664.7
1279120 1672.0
1279130 1680.1
1279140 1680.1
1279150 1687.7
1279160 1695.6
1279170 1695.6
1279180 1703.4
1279190 1710.5
1279200 1716.7
1279210 1716.7
1279220 1722.3
1279230 1727.6
1279240 1727.6
1279250 1732.7
1279260 1736.9
1279270 1736.9
1279280 1740.2
1279290 1747.8
1279300 1747.8
1279310 1750.5
1279320 1753.9
1279330 1753.9
1279340 1757.6
1279350 1760.9
1279360 1760.9
1279370 1762.8
1279380 1765.8
1279390 1765.8
1279400 1768.1
1279410 1769.7
1279420 1772.3
1279430 1772.3
1279440 1775.9
1279450 1779.6
1279460 1779.6
1279470 1783.4
1279480 1787.1
1279490 1787.1
1279500 1790.2
1279510 1792.5
1279520 1792.5
1279530 1795.2
1279540 1798.3
1279550 1798.3
1279560 1803.5
1279570 1808.5
1279580 1808.5
1279590 1811.8
1279600 1814.4
1279610 1814.4
1279620 1816.6
1279630 1817.8
1279640 1817.8
1279650 1819.2
1279660 1821.2
1279670 1824.6
1279680 1824.6
1279690 1829.2
1279700 1832.3
1279710 1832.3
1279720 1835.6
1279730 1839.7
1279740 1839.7
1279750 1844.9
1279760 1849.8
1279770 1849.8
1279780 1853.7
1279790 1857.6
1279800 1857.6
1279810 1863.3
1279820 1870.7
1279830 1870.7
1279840 1879.4
1279850 1886.9
1279860 1886.9
1279870 1893.8
1279880 1898.0
1279890 1901.2
1279900 1901.2
1279910 1908.2
1279920 1911.7
1279930 1911.7
1279940 1916.2
1279950 1921.4
1279960 1921.4
1279970 1925.8
1279980 1927.5
1279990 1927.5
