1260000 2143.3
1260010 2139.6
1260020 2139.6
1260030 2134.0
1260040 2127.5
1260050 2127.5
1260060 2122.4
1260070 2119.2
1260080 2119.2
1260090 2111.1
1260100 2099.5
1260110 2099.5
1260120 2089.6
1260130 2078.4
1260140 2066.1
1260150 2066.1
1260160 2056.8
1260170 2047.5
1260180 2047.5
1260190 2039.8
1260200 2028.1
1260210 2028.1
1260220 2013.8
1260230 1997.2
1260240 1997.2
1260250 1983.9
1260260 1963.1
1260270 1963.1
1260280 1947.1
1260290 1931.9
1260300 1931.9
1260310 1922.0
1260320 1916.3
1260330 1916.3
1260340 1901.9
1260350 1895.4
1260360 1889.6
1260370 1889.6
1260380 1883.8
1260390 1878.3
1260400 1878.3
1260410 1873.0
1260420 1868.8
1260430 1873.3
1260440 1871.2
1260450 1868.2
1260460 1868.2
1260470 1874.7
1260480 1885.9
1260490 1885.9
1260500 1873.3
1260510 1873.1
1260520 1873.1
1260530 1872.6
1260540 1862.7
1260550 1862.7
1260560 1845.9
1260570 1838.0
1260580 1838.0
1260590 1848.3
1260600 1845.5
1260610 1846.7
1260620 1846.7
1260630 1845.3
1260640 1829.6
1260650 1829.6
1260660 1819.8
1260670 1814.5
1260680 1814.5
1260690 1810.9
1260700 1802.4
1260710 1802.4
1260720 1795.3
1260730 1790.0
1260740 1790.0
1260750 1784.9
1260760 1778.8
1260770 1778.8
1260780 1773.8
1260790 1770.4
1260800 1770.4
1260810 1766.9
1260820 1762.9
1260830 1762.9
1260840 1757.8
1260850 1752.4
1260860 1747.6
1260870 1747.6
1260880 1745.5
1260890 1743.1
1260900 1743.1
1260910 1738.3
1260920 1734.6
1260930 1734.6
1260940 1736.6
1260950 1730.1
1260960 1730.1
1260970 1718.0
1260980 1714.6
1260990 1714.6
1261000 1723.6
1261010 1727.0
1261020 1727.0
1261030 1725.1
1261040 1721.8
1261050 1721.8
1261060 1719.4
1261070 1713.7
1261080 1702.7
1261090 1702.7
1261100 1687.4
1261110 1676.6
1261120 1676.6
1261130 1663.8
1261140 1653.6
1261150 1653.6
1261160 1642.3
1261170 1629.0
1261180 1629.0
1261190 1618.6
1261200 1608.6
1261210 1608.6
1261220 1600.3
1261230 1593.3
1261240 1593.3
1261250 1587.3
1261260 1580.5
1261270 1580.5
1261280 1571.6
1261290 1559.3
1261300 1559.3
1261310 1548.3
1261320 1540.4
1261330 1533.5
1261340 1533.5
1261350 1526.5
1261360 1519.8
1261370 1519.8
1261380 1512.4
1261390 1504.9
1261400 1504.9
1261410 1498.1
1261420 1491.4
1261430 1491.4
1261440 1484.4
1261450 1478.1
1261460 1478.1
1261470 1471.8
1261480 1465.7
1261490 1465.7
1261500 1460.2
1261510 1454.4
1261520 1454.4
1261530 1448.3
1261540 1445.9
1261550 1445.9
1261560 1446.2
1261570 1442.3
1261580 1442.2
1261590 1442.2
1261600 1441.9
1261610 1443.4
1261620 1443.4
1261630 1444.0
1261640 1445.8
1261650 1445.8
1261660 1446.8
1261670 1448.8
1261680 1448.8
1261690 1450.7
1261700 1452.0
1261710 1452.0
1261720 1455.0
1261730 1457.7
1261740 1457.7
1261750 1458.6
1261760 1459.1
1261770 1459.1
1261780 1463.4
1261790 1468.8
1261800 1473.4
1261810 1473.4
1261820 1476.9
1261830 1479.8
1261840 1479.8
1261850 1483.9
1261860 1490.1
1261870 1490.1
1261880 1496.6
1261890 1502.9
1261900 1502.9
1261910 1508.8
1261920 1514.0
1261930 1514.0
1261940 1517.7
1261950 1521.2
1261960 1521.2
1261970 1524.4
1261980 1527.7
1261990 1527.7
1262000 1530.8
1262010 1534.3
1262020 1534.3
1262030 1539.2
1262040 1543.9
1262050 1548.6
1262060 1548.6
1262070 1553.1
1262080 1557.6
1262090 1557.6
1262100 1562.1
1262110 1567.3
1262120 1567.3
1262130 1572.6
1262140 1571.6
1262150 1571.6
1262160 1574.6
1262170 1576.3
1262180 1576.3
1262190 1575.2
1262200 1573.6
1262210 1573.6
1262220 1574.3
1262230 1577.3
1262240 1577.3
1262250 1581.8
1262260 1587.0
1262270 1587.0
1262280 1592.7
1262290 1598.6
1262300 1604.5
1262310 1604.5
1262320 1610.0
1262330 1614.6
1262340 1614.6
1262350 1616.5
1262360 1615.4
1262370 1615.4
1262380 1612.3
1262390 1607.5
1262400 1607.5
1262410 1602.2
1262420 1596.4
1262430 1596.4
1262440 1590.5
1262450 1584.2
1262460 1584.2
1262470 1578.0
1262480 1572.3
1262490 1572.3
1262500 1566.4
1262510 1560.1
1262520 1553.6
1262530 1553.6
1262540 1546.5
1262550 1539.9
1262560 1539.9
1262570 1532.5
1262580 1525.6
1262590 1525.6
1262600 1519.0
1262610 1512.9
1262620 1512.9
1262630 1507.6
1262640 1503.5
1262650 1503.5
1262660 1499.3
1262670 1494.7
1262680 1494.7
1262690 1490.1
1262700 1485.4
1262710 1485.9
1262720 1480.2
1262730 1474.5
1262740 1474.5
1262750 1468.1
1262760 1461.5
1262770 1454.8
1262780 1454.8
1262790 1448.5
1262800 1441.9
1262810 1441.9
1262820 1436.0
1262830 1430.3
1262840 1430.3
1262850 1424.8
1262860 1419.2
1262870 1419.2
1262880 1413.3
1262890 1407.5
1262900 1407.5
1262910 1402.6
1262920 1398.5
1262930 1398.5
1262940 1395.4
1262950 1390.9
1262960 1390.9
1262970 1384.0
1262980 1377.4
1262990 1377.4
1263000 1371.1
1263010 1364.1
1263020 1356.5
1263030 1356.5
1263040 1351.0
1263050 1345.8
1263060 1345.8
1263070 1339.1
1263080 1333.6
1263090 1333.6
1263100 1329.4
1263110 1325.6
1263120 1325.6
1263130 1327.5
1263140 1331.6
1263150 1331.6
1263160 1335.8
1263170 1340.2
1263180 1340.2
1263190 1345.4
1263200 1349.4
1263210 1349.4
1263220 1348.6
1263230 1345.9
1263240 1343.7
1263250 1343.7
1263260 1341.7
1263270 1340.1
1263280 1340.1
1263290 1333.9
1263300 1332.4
1263310 1332.4
1263320 1332.9
1263330 1333.3
1263340 1333.3
1263350 1332.5
1263360 1331.1
1263370 1331.1
1263380 1330.1
1263390 1327.7
1263400 1327.7
1263410 1324.7
1263420 1322.2
1263430 1322.2
1263440 1319.7
1263450 1318.1
1263460 1318.1
1263470 1316.1
1263480 1313.8
1263490 1311.7
1263500 1311.7
1263510 1309.4
1263520 1306.4
1263530 1306.4
1263540 1303.9
1263550 1302.9
1263560 1302.9
1263570 1301.1
1263580 1299.5
1263590 1299.5
1263600 1298.3
1263610 1297.3
1263620 1297.3
1263630 1296.8
1263640 1295.7
1263650 1295.7
1263660 1292.4
1263670 1284.5
1263680 1284.5
1263690 1281.8
1263700 1287.2
1263710 1287.2
1263720 1287.9
1263730 1287.4
1263740 1288.0
1263750 1288.0
1263760 1288.3
1263770 1288.3
1263780 1288.3
1263790 1287.6
1263800 1287.2
1263810 1287.2
1263820 1286.7
1263830 1286.6
1263840 1286.6
1263850 1286.8
1263860 1282.5
1263870 1282.5
1263880 1281.2
1263890 1280.3
1263900 1280.3
1263910 1280.0
1263920 1278.8
1263930 1278.8
1263940 1276.2
1263950 1272.3
1263960 1267.4
1263970 1267.4
1263980 1262.1
1263990 1257.0
1264000 1257.0
1264010 1252.8
1264020 1249.3
1264030 1249.3
1264040 1246.4
1264050 1244.1
1264060 1244.1
1264070 1240.9
1264080 1236.1
1264090 1236.1
1264100 1230.8
1264110 1227.0
1264120 1227.0
1264130 1225.4
1264140 1224.1
1264150 1224.1
1264160 1221.3
1264170 1218.9
1264180 1218.9
1264190 1215.7
1264200 1211.2
1264210 1205.9
1264220 1205.9
1264230 1200.3
1264240 1194.8
1264250 1194.8
1264260 1190.7
1264270 1186.5
1264280 1186.5
1264290 1182.0
1264300 1179.2
1264310 1179.2
1264320 1177.6
1264330 1176.4
1264340 1176.4
1264350 1173.6
1264360 1170.3
1264370 1170.3
1264380 1167.1
1264390 1162.1
1264400 1162.1
1264410 1156.2
1264420 1150.5
1264430 1150.5
1264440 1144.7
1264450 1142.1
1264460 1140.2
1264470 1140.2
1264480 1138.6
1264490 1137.0
1264500 1137.0
1264510 1135.2
1264520 1133.1
1264530 1133.1
1264540 1131.5
1264550 1129.7
1264560 1129.7
1264570 1127.8
1264580 1126.1
1264590 1126.1
1264600 1124.3
1264610 1122.5
1264620 1122.5
1264630 1120.9
1264640 1120.1
1264650 1120.1
1264660 1119.4
1264670 1118.6
1264680 1117.7
1264690 1117.7
1264700 1116.6
1264710 1115.6
1264720 1115.6
1264730 1114.5
1264740 1113.7
1264750 1113.7
1264760 1113.2
1264770 1112.6
1264780 1112.6
1264790 1110.0
1264800 1108.0
1264810 1108.0
1264820 1107.6
1264830 1106.2
1264840 1106.2
1264850 1103.8
1264860 1101.8
1264870 1101.8
1264880 1099.9
1264890 1098.5
1264900 1098.5
1264910 1097.3
1264920 1095.3
1264930 1093.4
1264940 1093.4
1264950 1092.1
1264960 1090.5
1264970 1090.5
1264980 1088.3
1264990 1086.7
1265000 1086.7
1265010 1084.8
1265020 1081.0
1265030 1081.0
1265040 1079.1
1265050 1076.6
1265060 1076.6
1265070 1074.0
1265080 1072.3
1265090 1072.3
1265100 1070.3
1265110 1068.5
1265120 1068.5
1265130 1066.1
1265140 1062.1
1265150 1058.1
1265160 1058.1
1265170 1055.5
1265180 1053.8
1265190 1053.8
1265200 1052.3
1265210 1050.6
1265220 1050.6
1265230 1049.0
1265240 1046.7
1265250 1046.7
1265260 1043.7
1265270 1040.8
1265280 1040.8
1265290 1037.9
1265300 1035.1
1265310 1035.1
1265320 1032.1
1265330 1027.7
1265340 1027.7
1265350 1023.9
1265360 1020.9
1265370 1020.9
1265380 1017.3
1265390 1014.3
1265400 1011.6
1265410 1011.6
1265420 1008.2
1265430 1005.7
1265440 1005.7
1265450 1003.1
1265460 1001.8
1265470 1001.8
1265480 1000.8
1265490 999.7
1265500 999.7
1265510 998.5
1265520 997.2
1265530 997.2
1265540 995.8
1265550 994.2
1265560 994.2
1265570 992.7
1265580 991.4
1265590 991.4
1265600 988.9
1265610 987.7
1265620 987.7
1265630 986.8
1265640 985.9
1265650 984.7
1265660 984.7
1265670 983.4
1265680 981.5
1265690 981.5
1265700 975.9
1265710 969.0
1265720 969.0
1265730 962.9
1265740 958.3
1265750 958.3
1265760 954.7
1265770 950.3
1265780 950.3
1265790 946.2
1265800 943.2
1265810 943.2
1265820 941.2
1265830 937.3
1265840 937.3
1265850 932.5
1265860 928.2
1265870 925.4
1265880 925.4
1265890 924.4
1265900 919.5
1265910 919.5
1265920 910.3
1265930 901.5
1265940 901.5
1265950 893.4
1265960 887.7
1265970 887.7
1265980 883.0
1265990 878.7
1266000 878.7
1266010 874.3
1266020 869.1
1266030 869.1
1266040 863.7
1266050 858.3
1266060 858.3
1266070 852.8
1266080 849.4
1266090 849.4
1266100 848.0
1266110 846.5
1266120 844.8
1266130 844.8
1266140 843.1
1266150 841.8
1266160 841.8
1266170 840.8
1266180 839.3
1266190 839.3
1266200 838.7
1266210 838.3
1266220 838.3
1266230 837.9
1266240 837.6
1266250 837.6
1266260 837.0
1266270 836.5
1266280 836.5
1266290 836.2
1266300 835.9
1266310 835.9
1266320 835.7
1266330 835.4
1266340 835.4
1266350 834.8
1266360 834.1
1266370 833.1
1266380 833.1
1266390 832.0
1266400 830.7
1266410 830.7
1266420 830.3
1266430 830.3
1266440 830.3
1266450 830.1
1266460 830.0
1266470 830.0
1266480 829.7
1266490 829.1
1266500 829.1
1266510 827.8
1266520 826.0
1266530 826.0
1266540 825.1
1266550 826.1
1266560 826.1
1266570 829.2
1266580 833.0
1266590 838.2
1266600 838.2
1266610 843.6
1266620 848.4
1266630 848.4
1266640 852.7
1266650 857.2
1266660 857.2
1266670 860.9
1266680 864.9
1266690 864.9
1266700 868.5
1266710 872.1
1266720 872.1
1266730 873.9
1266740 877.7
1266750 877.7
1266760 884.9
1266770 885.6
1266780 885.6
1266790 883.3
1266800 883.2
1266810 883.2
1266820 884.3
1266830 884.1
1266840 883.2
1266850 883.2
1266860 882.1
1266870 883.6
1266880 883.6
1266890 886.0
1266900 887.3
1266910 887.3
1266920 889.6
1266930 892.4
1266940 892.4
1266950 894.1
1266960 896.6
1266970 896.6
1266980 899.4
1266990 901.3
1267000 901.3
1267010 904.5
1267020 908.2
1267030 908.2
1267040 914.1
1267050 921.7
1267060 921.7
1267070 929.4
1267080 935.8
1267090 943.8
1267100 943.8
1267110 952.4
1267120 960.7
1267130 960.7
1267140 962.1
1267150 961.8
1267160 961.8
1267170 961.6
1267180 961.4
1267190 961.4
1267200 961.1
1267210 961.0
1267220 961.0
1267230 960.9
1267240 960.8
1267250 960.8
1267260 960.9
1267270 960.9
1267280 960.9
1267290 961.0
1267300 961.0
1267310 961.1
1267320 961.1
1267330 961.1
1267340 961.2
1267350 961.2
1267360 961.6
1267370 961.9
1267380 961.9
1267390 961.9
1267400 961.8
1267410 961.8
1267420 961.7
1267430 961.7
1267440 961.7
1267450 961.7
1267460 962.1
1267470 962.1
1267480 962.3
1267490 962.5
1267500 962.5
1267510 962.4
1267520 962.5
1267530 962.5
1267540 962.5
1267550 962.4
1267560 962.6
1267570 962.6
1267580 963.1
1267590 963.9
1267600 963.9
1267610 964.5
1267620 964.8
1267630 964.8
1267640 964.9
1267650 965.2
1267660 965.2
1267670 965.4
1267680 965.5
1267690 965.5
1267700 966.2
1267710 966.7
1267720 966.7
1267730 966.8
1267740 967.0
1267750 967.0
1267760 968.0
1267770 968.5
1267780 968.5
1267790 969.2
1267800 969.6
1267810 970.8
1267820 970.8
1267830 972.1
1267840 973.9
1267850 973.9
1267860 975.2
1267870 975.9
1267880 975.9
1267890 976.7
1267900 978.2
1267910 978.2
1267920 980.1
1267930 980.4
1267940 980.4
1267950 982.0
1267960 984.5
1267970 984.5
1267980 985.4
1267990 985.6
1268000 985.6
1268010 985.9
1268020 987.0
1268030 988.3
1268040 988.3
1268050 990.2
1268060 993.1
1268070 993.1
1268080 996.4
1268090 1000.2
1268100 1000.2
1268110 1004.1
1268120 1007.2
1268130 1007.2
1268140 1009.5
1268150 1011.6
1268160 1011.6
1268170 1013.4
1268180 1015.0
1268190 1015.0
1268200 1016.4
1268210 1018.0
1268220 1018.0
1268230 1020.5
1268240 1023.5
1268250 1023.5
1268260 1026.6
1268270 1029.8
1268280 1033.5
1268290 1033.5
1268300 1037.4
1268310 1041.5
1268320 1041.5
1268330 1046.0
1268340 1050.0
1268350 1050.0
1268360 1054.3
1268370 1059.3
1268380 1059.3
1268390 1063.7
1268400 1067.0
1268410 1067.0
1268420 1069.5
1268430 1072.3
1268440 1072.3
1268450 1075.1
1268460 1077.9
1268470 1077.9
1268480 1080.7
1268490 1083.7
1268500 1083.7
1268510 1086.9
1268520 1093.2
1268530 1096.6
1268540 1096.6
1268550 1098.1
1268560 1100.1
1268570 1100.1
1268580 1102.8
1268590 1105.8
1268600 1105.8
1268610 1107.9
1268620 1110.8
1268630 1110.8
1268640 1113.9
1268650 1117.7
1268660 1117.7
1268670 1123.0
1268680 1128.5
1268690 1128.5
1268700 1133.9
1268710 1139.9
1268720 1139.9
1268730 1146.5
1268740 1153.0
1268750 1158.5
1268760 1158.5
1268770 1163.2
1268780 1168.3
1268790 1168.3
1268800 1174.8
1268810 1181.9
1268820 1181.9
1268830 1189.4
1268840 1196.3
1268850 1196.3
1268860 1202.0
1268870 1207.0
1268880 1207.0
1268890 1213.6
1268900 1220.9
1268910 1220.9
1268920 1228.7
1268930 1236.4
1268940 1236.4
1268950 1243.9
1268960 1250.5
1268970 1250.5
1268980 1255.6
1268990 1259.6
1269000 1264.8
1269010 1264.8
1269020 1271.0
1269030 1275.4
1269040 1275.4
1269050 1280.5
1269060 1284.3
1269070 1284.3
1269080 1287.9
1269090 1291.8
1269100 1291.8
1269110 1296.3
1269120 1302.0
1269130 1302.0
1269140 1308.3
1269150 1314.9
1269160 1314.9
1269170 1321.4
1269180 1327.7
1269190 1327.7
1269200 1333.9
1269210 1339.8
1269220 1339.8
1269230 1345.7
1269240 1352.3
1269250 1359.4
1269260 1359.4
1269270 1366.8
1269280 1374.4
1269290 1374.4
1269300 1380.5
1269310 1386.8
1269320 1386.8
1269330 1393.5
1269340 1399.3
1269350 1399.3
1269360 1403.2
1269370 1406.1
1269380 1406.1
1269390 1409.3
1269400 1412.7
1269410 1412.7
1269420 1416.1
1269430 1418.8
1269440 1418.8
1269450 1420.9
1269460 1422.2
1269470 1422.7
1269480 1422.7
1269490 1422.5
1269500 1422.0
1269510 1422.0
1269520 1421.7
1269530 1421.7
1269540 1421.7
1269550 1422.3
1269560 1423.5
1269570 1423.5
1269580 1425.7
1269590 1428.1
1269600 1428.1
1269610 1430.4
1269620 1431.9
1269630 1431.9
1269640 1431.9
1269650 1430.4
1269660 1430.4
1269670 1428.3
1269680 1425.9
1269690 1425.9
1269700 1427.1
1269710 1423.9
1269720 1420.9
1269730 1420.9
1269740 1418.1
1269750 1415.4
1269760 1415.4
1269770 1412.8
1269780 1410.3
1269790 1410.3
1269800 1407.8
1269810 1405.5
1269820 1405.5
1269830 1403.5
1269840 1401.4
1269850 1401.4
1269860 1398.5
1269870 1395.7
1269880 1395.7
1269890 1392.8
1269900 1391.0
1269910 1391.0
1269920 1389.9
1269930 1385.5
1269940 1385.5
1269950 1381.1
1269960 1378.3
1269970 1376.1
1269980 1376.1
1269990 1374.5
1270000 1372.8
1270010 1372.8
1270020 1370.9
1270030 1369.0
1270040 1369.0
1270050 1367.3
1270060 1366.4
1270070 1366.4
1270080 1364.4
1270090 1361.7
1270100 1361.7
1270110 1359.1
1270120 1355.9
1270130 1355.9
1270140 1352.6
1270150 1348.3
1270160 1348.3
1270170 1344.2
1270180 1340.0
1270190 1335.7
1270200 1335.7
1270210 1332.2
1270220 1328.1
1270230 1328.1
1270240 1323.6
1270250 1319.6
1270260 1319.6
1270270 1316.5
1270280 1313.7
1270290 1316.6
1270300 1313.8
1270310 1311.4
1270320 1311.4
1270330 1308.8
1270340 1305.0
1270350 1305.0
1270360 1301.5
1270370 1299.6
1270380 1299.6
1270390 1298.3
1270400 1295.7
1270410 1295.7
1270420 1292.0
1270430 1287.6
1270440 1282.3
1270450 1282.3
1270460 1276.8
1270470 1271.0
1270480 1271.0
1270490 1266.6
1270500 1262.2
1270510 1262.2
1270520 1258.3
1270530 1255.0
1270540 1255.0
1270550 1252.5
1270560 1250.5
1270570 1250.5
1270580 1247.6
1270590 1245.3
1270600 1245.3
1270610 1242.4
1270620 1238.4
1270630 1238.4
1270640 1232.9
1270650 1225.4
1270660 1225.4
1270670 1217.6
1270680 1211.3
1270690 1207.5
1270700 1207.5
1270710 1202.4
1270720 1198.7
1270730 1198.7
1270740 1196.7
1270750 1195.6
1270760 1195.6
1270770 1193.1
1270780 1191.4
1270790 1191.4
1270800 1187.7
1270810 1181.4
1270820 1181.4
1270830 1176.0
1270840 1175.1
1270850 1175.1
1270860 1174.3
1270870 1170.8
1270880 1170.8
1270890 1171.0
1270900 1166.3
1270910 1162.0
1270920 1162.0
1270930 1158.5
1270940 1154.9
1270950 1154.9
1270960 1151.9
1270970 1147.7
1270980 1147.7
1270990 1142.1
1271000 1136.5
1271010 1136.5
1271020 1132.6
1271030 1130.8
1271040 1130.8
1271050 1131.0
1271060 1130.0
1271070 1130.0
1271080 1126.9
1271090 1122.9
1271100 1122.9
1271110 1117.5
1271120 1111.4
1271130 1111.4
1271140 1104.7
1271150 1097.1
1271160 1089.6
1271170 1089.6
1271180 1084.4
1271190 1080.2
1271200 1080.2
1271210 1076.6
1271220 1074.6
1271230 1074.6
1271240 1072.4
1271250 1071.7
1271260 1071.7
1271270 1073.5
1271280 1074.1
1271290 1074.1
1271300 1074.5
1271310 1075.4
1271320 1075.4
1271330 1076.1
1271340 1077.0
1271350 1077.0
1271360 1077.9
1271370 1078.0
1271380 1078.0
1271390 1078.9
1271400 1081.1
1271410 1083.7
1271420 1083.7
1271430 1085.4
1271440 1083.7
1271450 1083.7
1271460 1080.6
1271470 1077.7
1271480 1080.9
1271490 1078.6
1271500 1076.3
1271510 1076.3
1271520 1073.3
1271530 1068.6
1271540 1068.6
1271550 1063.8
1271560 1058.2
1271570 1058.2
1271580 1053.2
1271590 1049.5
1271600 1049.5
1271610 1047.3
1271620 1044.0
1271630 1041.6
1271640 1041.6
1271650 1040.2
1271660 1038.7
1271670 1038.7
1271680 1036.9
1271690 1035.9
1271700 1035.9
1271710 1034.4
1271720 1032.4
1271730 1032.4
1271740 1030.6
1271750 1028.6
1271760 1028.6
1271770 1025.0
1271780 1019.6
1271790 1019.6
1271800 1013.4
1271810 1008.3
1271820 1008.3
1271830 1004.4
1271840 1001.1
1271850 1001.1
1271860 998.6
1271870 997.0
1271880 994.5
1271890 994.5
1271900 991.4
1271910 988.4
1271920 988.4
1271930 985.2
1271940 982.4
1271950 982.4
1271960 979.7
1271970 976.7
1271980 976.7
1271990 972.4
1272000 969.4
1272010 969.4
1272020 967.1
1272030 964.8
1272040 964.8
1272050 962.5
1272060 959.0
1272070 959.0
1272080 958.8
1272090 956.4
1272100 954.5
1272110 954.5
1272120 952.4
1272130 950.0
1272140 950.0
1272150 948.0
1272160 946.2
1272170 946.2
1272180 944.4
1272190 942.9
1272200 942.9
1272210 941.4
1272220 939.8
1272230 939.8
1272240 938.7
1272250 937.6
1272260 937.6
1272270 936.3
1272280 935.0
1272290 935.0
1272300 933.5
1272310 932.2
1272320 932.2
1272330 931.2
1272340 930.0
1272350 928.8
1272360 928.8
1272370 927.8
1272380 926.9
1272390 926.9
1272400 926.3
1272410 926.0
1272420 926.0
1272430 925.7
1272440 925.5
1272450 925.5
1272460 925.4
1272470 924.9
1272480 924.9
1272490 922.2
1272500 917.7
1272510 917.7
1272520 914.4
1272530 910.6
1272540 910.6
1272550 905.5
1272560 899.9
1272570 899.9
1272580 895.3
1272590 892.2
1272600 890.6
1272610 890.6
1272620 888.9
1272630 883.2
1272640 883.2
1272650 875.0
1272660 866.8
1272670 866.8
1272680 864.1
1272690 858.1
1272700 858.1
1272710 852.4
1272720 847.3
1272730 847.3
1272740 842.8
1272750 836.9
1272760 836.9
1272770 829.0
1272780 822.1
1272790 822.1
1272800 818.2
1272810 822.1
1272820 827.8
1272830 827.8
1272840 834.3
1272850 839.8
1272860 839.8
1272870 846.2
1272880 853.1
1272890 853.1
1272900 860.8
1272910 865.6
1272920 865.6
1272930 867.5
1272940 871.7
1272950 871.7
1272960 881.2
1272970 892.0
1272980 892.0
1272990 897.3
1273000 903.3
1273010 903.3
1273020 907.8
1273030 911.7
1273040 911.7
1273050 915.8
1273060 919.3
1273070 921.4
1273080 921.4
1273090 924.9
1273100 932.1
1273110 932.1
1273120 940.4
1273130 947.2
1273140 947.2
1273150 950.7
1273160 953.8
1273170 953.8
1273180 957.7
1273190 962.0
1273200 962.0
1273210 967.3
1273220 972.0
1273230 972.0
1273240 976.0
1273250 979.3
1273260 979.3
1273270 983.2
1273280 985.4
1273290 985.4
1273300 991.2
1273310 996.9
1273320 1001.6
1273330 1001.6
1273340 1006.3
1273350 1011.6
1273360 1011.6
1273370 1015.5
1273380 1020.3
1273390 1020.3
1273400 1025.8
1273410 1031.6
1273420 1031.6
1273430 1038.5
1273440 1046.1
1273450 1046.1
1273460 1052.5
1273470 1055.9
1273480 1055.9
1273490 1057.7
1273500 1059.6
1273510 1059.6
1273520 1060.7
1273530 1059.9
1273540 1062.5
1273550 1062.5
1273560 1068.5
1273570 1069.5
1273580 1069.5
1273590 1070.9
1273600 1072.4
1273610 1072.4
1273620 1072.6
1273630 1071.2
1273640 1071.2
1273650 1069.6
1273660 1068.5
1273670 1068.5
1273680 1067.7
1273690 1067.7
1273700 1067.7
1273710 1070.2
1273720 1075.1
1273730 1075.1
1273740 1082.3
1273750 1088.2
1273760 1088.2
1273770 1090.7
1273780 1092.8
1273790 1097.7
1273800 1097.7
1273810 1104.6
1273820 1109.1
1273830 1109.1
1273840 1112.8
1273850 1116.1
1273860 1116.1
1273870 1119.6
1273880 1117.4
1273890 1117.4
1273900 1117.8
1273910 1118.3
1273920 1118.3
1273930 1119.1
1273940 1121.4
1273950 1121.4
1273960 1125.6
1273970 1131.0
1273980 1131.0
1273990 1136.9
1274000 1141.4
1274010 1141.4
1274020 1142.4
1274030 1142.7
1274040 1143.7
1274050 1143.7
1274060 1145.5
1274070 1148.2
1274080 1148.2
1274090 1150.4
1274100 1153.0
1274110 1153.0
1274120 1155.8
1274130 1158.6
1274140 1158.6
1274150 1161.6
1274160 1164.6
1274170 1164.6
1274180 1167.4
1274190 1170.4
1274200 1170.4
1274210 1174.4
1274220 1177.4
1274230 1177.4
1274240 1180.6
1274250 1184.4
1274260 1188.6
1274270 1188.6
1274280 1193.8
1274290 1199.0
1274300 1199.0
1274310 1203.1
1274320 1208.6
1274330 1208.6
1274340 1215.7
1274350 1223.1
1274360 1223.1
1274370 1227.9
1274380 1229.9
1274390 1229.9
1274400 1232.0
1274410 1234.7
1274420 1234.7
1274430 1238.2
1274440 1242.1
1274450 1242.1
1274460 1245.6
1274470 1248.8
1274480 1243.7
1274490 1246.1
1274500 1248.0
1274510 1249.5
1274520 1249.5
1274530 1251.0
1274540 1252.8
1274550 1252.8
1274560 1254.9
1274570 1257.2
1274580 1257.2
1274590 1259.3
1274600 1262.2
1274610 1262.2
1274620 1267.6
1274630 1273.7
1274640 1273.7
1274650 1280.2
1274660 1285.5
1274670 1285.5
1274680 1290.5
1274690 1295.4
1274700 1295.4
1274710 1299.5
1274720 1303.2
1274730 1303.2
1274740 1307.3
1274750 1311.4
1274760 1314.4
1274770 1314.4
1274780 1317.5
1274790 1321.2
1274800 1321.2
1274810 1325.3
1274820 1330.1
1274830 1330.1
1274840 1334.0
1274850 1338.4
1274860 1338.4
1274870 1342.9
1274880 1347.4
1274890 1347.4
1274900 1351.3
1274910 1354.8
1274920 1354.8
1274930 1358.1
1274940 1360.2
1274950 1360.2
1274960 1362.5
1274970 1365.4
1274980 1368.6
1274990 1368.6
1275000 1371.5
1275010 1374.0
1275020 1374.0
1275030 1376.5
1275040 1379.5
1275050 1379.5
1275060 1381.3
1275070 1382.6
1275080 1382.6
1275090 1382.3
1275100 1384.7
1275110 1384.7
1275120 1388.4
1275130 1392.6
1275140 1392.6
1275150 1396.1
1275160 1398.5
1275170 1398.5
1275180 1399.8
1275190 1400.1
1275200 1400.1
1275210 1401.1
1275220 1402.6
1275230 1405.1
1275240 1405.1
1275250 1408.7
1275260 1413.2
1275270 1413.2
1275280 1418.5
1275290 1422.9
1275300 1422.9
1275310 1425.8
1275320 1428.7
1275330 1428.7
1275340 1432.9
1275350 1437.1
1275360 1437.1
1275370 1440.9
1275380 1444.7
1275390 1444.7
1275400 1447.2
1275410 1450.9
1275420 1450.9
1275430 1455.6
1275440 1460.0
1275450 1464.0
1275460 1464.0
1275470 1467.4
1275480 1470.0
1275490 1470.0
1275500 1471.3
1275510 1473.7
1275520 1473.7
1275530 1477.6
1275540 1481.7
1275550 1481.7
1275560 1484.1
1275570 1488.5
1275580 1488.5
1275590 1493.8
1275600 1496.3
1275610 1496.3
1275620 1498.3
1275630 1499.9
1275640 1499.9
1275650 1501.1
1275660 1503.0
1275670 1503.0
1275680 1505.9
1275690 1503.9
1275700 1506.0
1275710 1506.0
1275720 1508.3
1275730 1510.8
1275740 1510.8
1275750 1512.6
1275760 1514.9
1275770 1514.9
1275780 1519.3
1275790 1523.2
1275800 1523.2
1275810 1526.0
1275820 1528.9
1275830 1528.9
1275840 1532.0
1275850 1535.2
1275860 1535.2
1275870 1538.2
1275880 1541.1
1275890 1541.1
1275900 1543.4
1275910 1544.6
1275920 1544.6
1275930 1546.2
1275940 1547.8
1275950 1549.3
1275960 1549.3
1275970 1550.1
1275980 1551.5
1275990 1551.5
1276000 1553.5
1276010 1555.4
1276020 1555.4
1276030 1556.9
1276040 1558.5
1276050 1558.5
1276060 1560.1
1276070 1562.3
1276080 1562.3
1276090 1564.0
1276100 1565.0
1276110 1565.0
1276120 1566.1
1276130 1567.6
1276140 1567.6
1276150 1568.5
1276160 1569.4
1276170 1570.8
1276180 1570.8
1276190 1572.6
1276200 1575.2
1276210 1575.2
1276220 1578.1
1276230 1580.5
1276240 1580.5
1276250 1582.8
1276260 1584.4
1276270 1584.4
1276280 1585.6
1276290 1587.2
1276300 1582.8
1276310 1584.2
1276320 1585.7
1276330 1585.7
1276340 1586.8
1276350 1587.5
1276360 1587.5
1276370 1588.0
1276380 1589.3
1276390 1589.3
1276400 1590.7
1276410 1589.2
1276420 1585.1
1276430 1585.1
1276440 1582.5
1276450 1581.7
1276460 1581.7
1276470 1581.8
1276480 1582.2
1276490 1582.2
1276500 1582.5
1276510 1583.4
1276520 1583.4
1276530 1584.4
1276540 1585.3
1276550 1585.3
1276560 1585.2
1276570 1584.0
1276580 1584.0
1276590 1582.0
1276600 1580.9
1276610 1580.9
1276620 1579.2
1276630 1575.8
1276640 1575.8
1276650 1572.6
1276660 1569.4
1276670 1565.1
1276680 1565.1
1276690 1561.8
1276700 1559.2
1276710 1559.2
1276720 1556.9
1276730 1556.3
1276740 1556.3
1276750 1557.7
1276760 1558.9
1276770 1558.9
1276780 1559.5
1276790 1560.4
1276800 1560.4
1276810 1561.2
1276820 1562.2
1276830 1562.2
1276840 1563.4
1276850 1565.0
1276860 1565.0
1276870 1567.2
1276880 1567.5
1276890 1568.2
1276900 1568.2
1276910 1562.0
1276920 1561.3
1276930 1561.3
1276940 1560.8
1276950 1559.7
1276960 1559.7
1276970 1558.4
1276980 1556.4
1276990 1556.4
1277000 1553.5
1277010 1550.6
1277020 1550.6
1277030 1546.8
1277040 1542.6
1277050 1542.6
1277060 1540.5
1277070 1539.9
1277080 1539.9
1277090 1538.6
1277100 1535.0
1277110 1535.0
1277120 1532.3
1277130 1531.2
1277140 1529.6
1277150 1529.6
1277160 1527.1
1277170 1524.8
1277180 1524.8
1277190 1523.4
1277200 1522.6
1277210 1522.6
1277220 1521.1
1277230 1519.0
1277240 1519.0
1277250 1518.5
1277260 1517.7
1277270 1517.7
1277280 1516.1
1277290 1515.1
1277300 1515.1
1277310 1514.0
1277320 1512.8
1277330 1512.8
1277340 1512.3
1277350 1511.6
1277360 1509.8
1277370 1509.8
1277380 1507.0
1277390 1503.5
1277400 1503.5
1277410 1499.2
1277420 1495.6
1277430 1495.6
1277440 1493.3
1277450 1491.1
1277460 1491.1
1277470 1488.9
1277480 1487.5
1277490 1487.5
1277500 1485.1
1277510 1482.4
1277520 1482.4
1277530 1475.3
1277540 1474.3
1277550 1474.3
1277560 1473.3
1277570 1472.1
1277580 1472.1
1277590 1469.9
1277600 1467.4
1277610 1465.5
1277620 1465.5
1277630 1463.0
1277640 1460.5
1277650 1460.5
1277660 1458.4
1277670 1457.9
1277680 1457.9
1277690 1458.2
1277700 1459.6
1277710 1459.6
1277720 1462.2
1277730 1464.2
1277740 1464.2
1277750 1463.5
1277760 1462.1
1277770 1462.1
1277780 1460.7
1277790 1459.9
1277800 1459.9
1277810 1459.7
1277820 1460.8
1277830 1460.8
1277840 1462.3
1277850 1463.0
1277860 1462.7
1277870 1462.7
1277880 1464.2
1277890 1463.6
1277900 1463.6
1277910 1462.8
1277920 1462.1
1277930 1462.1
1277940 1461.8
1277950 1460.9
1277960 1460.9
1277970 1461.0
1277980 1463.0
1277990 1463.0
1278000 1466.2
1278010 1469.3
1278020 1469.3
1278030 1470.4
1278040 1470.3
1278050 1470.3
1278060 1469.7
1278070 1467.8
1278080 1465.3
1278090 1465.3
1278100 1462.4
1278110 1459.5
1278120 1459.5
1278130 1456.8
1278140 1453.9
1278150 1453.9
1278160 1453.8
1278170 1454.0
1278180 1454.0
1278190 1455.3
1278200 1457.5
1278210 1457.5
1278220 1460.6
1278230 1464.8
1278240 1464.8
1278250 1469.2
1278260 1474.7
1278270 1474.7
1278280 1478.6
1278290 1481.3
1278300 1481.3
1278310 1484.4
1278320 1487.8
1278330 1492.4
1278340 1492.4
1278350 1498.4
1278360 1505.2
1278370 1505.2
1278380 1509.8
1278390 1512.5
1278400 1512.5
1278410 1515.0
1278420 1517.2
1278430 1517.2
1278440 1519.7
1278450 1522.4
1278460 1522.4
1278470 1524.2
1278480 1526.5
1278490 1526.5
1278500 1529.8
1278510 1533.5
1278520 1533.5
1278530 1536.7
1278540 1540.0
1278550 1540.0
1278560 1542.6
1278570 1545.5
1278580 1548.7
1278590 1548.7
1278600 1550.0
1278610 1551.2
1278620 1551.2
1278630 1552.1
1278640 1553.6
1278650 1553.6
1278660 1556.0
1278670 1558.3
1278680 1558.3
1278690 1559.9
1278700 1562.0
1278710 1562.0
1278720 1563.5
1278730 1563.6
1278740 1563.6
1278750 1565.1
1278760 1558.3
1278770 1558.3
1278780 1558.9
1278790 1561.2
1278800 1562.8
1278810 1562.8
1278820 1566.3
1278830 1572.7
1278840 1572.7
1278850 1581.5
1278860 1587.8
1278870 1587.8
1278880 1593.3
1278890 1600.0
1278900 1600.0
1278910 1608.4
1278920 1616.2
1278930 1616.2
1278940 1622.3
1278950 1628.8
1278960 1628.8
1278970 1633.5
1278980 1635.5
1278990 1635.5
1279000 1640.4
1279010 1645.6
1279020 1645.6
1279030 1650.2
1279040 1656.6
1279050 1661.9
1279060 1661.9
1279070 1666.4
1279080 1669.5
1279090 1669.5
1279100 1673.0
1279110 1676.7
1279120 1676.7
1279130 1679.6
1279140 1682.9
1279150 1682.9
1279160 1686.6
1279170 1690.2
1279180 1690.2
1279190 1693.6
1279200 1696.5
1279210 1696.5
1279220 1699.6
1279230 1703.1
1279240 1703.1
1279250 1706.6
1279260 1710.0
1279270 1710.0
1279280 1713.2
1279290 1716.3
1279300 1719.1
1279310 1719.1
1279320 1720.6
1279330 1721.9
1279340 1721.9
1279350 1723.0
1279360 1724.4
1279370 1724.4
1279380 1729.6
1279390 1735.1
1279400 1735.1
1279410 1740.1
1279420 1741.7
1279430 1741.7
1279440 1743.6
1279450 1746.1
1279460 1746.1
1279470 1747.9
1279480 1750.7
1279490 1750.7
1279500 1755.6
1279510 1762.0
1279520 1769.3
1279530 1769.3
1279540 1774.3
1279550 1779.5
1279560 1779.5
1279570 1782.9
1279580 1786.0
1279590 1786.0
1279600 1788.2
1279610 1789.8
1279620 1789.8
1279630 1792.1
1279640 1793.7
1279650 1793.7
1279660 1793.5
1279670 1794.3
1279680 1794.3
1279690 1797.9
1279700 1803.2
1279710 1803.2
1279720 1809.5
1279730 1817.7
1279740 1817.7
1279750 1826.3
1279760 1832.3
1279770 1836.3
1279780 1836.3
1279790 1841.8
1279800 1848.7
1279810 1848.7
1279820 1853.7
1279830 1858.1
1279840 1858.1
1279850 1862.0
1279860 1866.4
1279870 1866.4
1279880 1870.0
1279890 1873.4
1279900 1873.4
1279910 1876.0
1279920 1877.3
1279930 1877.3
1279940 1879.2
1279950 1882.5
1279960 1882.5
1279970 1885.6
1279980 1887.8
1279990 1890.2
