1260000 1956.0
1260010 1956.0
1260020 1947.5
1260030 1939.3
1260040 1939.3
1260050 1931.4
1260060 1924.2
1260070 1924.2
1260080 1920.0
1260090 1921.5
1260100 1921.5
1260110 1920.6
1260120 1913.3
1260130 1913.3
1260140 1878.2
1260150 1858.7
1260160 1858.7
1260170 1851.2
1260180 1845.6
1260190 1842.6
1260200 1842.6
1260210 1839.2
1260220 1835.5
1260230 1835.5
1260240 1833.0
1260250 1830.0
1260260 1830.0
1260270 1826.2
1260280 1822.2
1260290 1822.2
1260300 1819.3
1260310 1817.6
1260320 1817.6
1260330 1816.6
1260340 1814.5
1260350 1814.5
1260360 1812.0
1260370 1810.3
1260380 1810.3
1260390 1809.1
1260400 1807.8
1260410 1807.8
1260420 1805.9
1260430 1804.8
1260440 1804.5
1260450 1804.5
1260460 1799.8
1260470 1798.9
1260480 1798.9
1260490 1796.6
1260500 1795.1
1260510 1795.1
1260520 1795.3
1260530 1795.9
1260540 1795.9
1260550 1795.8
1260560 1795.5
1260570 1795.5
1260580 1793.9
1260590 1794.3
1260600 1794.3
1260610 1792.5
1260620 1790.8
1260630 1790.8
1260640 1790.5
1260650 1789.1
1260660 1789.1
1260670 1787.6
1260680 1784.1
1260690 1782.8
1260700 1782.8
1260710 1784.6
1260720 1788.4
1260730 1788.4
1260740 1789.4
1260750 1790.7
1260760 1790.7
1260770 1793.4
1260780 1796.0
1260790 1796.0
1260800 1797.7
1260810 1798.2
1260820 1798.2
1260830 1798.1
1260840 1797.8
1260850 1797.8
1260860 1798.0
1260870 1797.3
1260880 1797.3
1260890 1797.1
1260900 1795.9
1260910 1795.2
1260920 1795.2
1260930 1794.1
1260940 1792.8
1260950 1792.8
1260960 1792.3
1260970 1793.2
1260980 1793.2
1260990 1795.2
1261000 1797.2
1261010 1797.2
1261020 1798.3
1261030 1792.3
1261040 1792.3
1261050 1792.5
1261060 1793.0
1261070 1793.0
1261080 1794.1
1261090 1796.7
1261100 1796.7
1261110 1799.7
1261120 1801.1
1261130 1801.1
1261140 1799.3
1261150 1800.2
1261160 1802.4
1261170 1802.4
1261180 1801.3
1261190 1799.1
1261200 1799.1
1261210 1803.3
1261220 1807.1
1261230 1807.1
1261240 1810.7
1261250 1816.3
1261260 1816.3
1261270 1823.9
1261280 1830.9
1261290 1830.9
1261300 1836.5
1261310 1841.4
1261320 1841.4
1261330 1846.5
1261340 1852.2
1261350 1852.2
1261360 1858.6
1261370 1864.5
1261380 1864.5
1261390 1870.4
1261400 1876.9
1261410 1883.5
1261420 1883.5
1261430 1890.1
1261440 1896.6
1261450 1896.6
1261460 1902.8
1261470 1909.0
1261480 1909.0
1261490 1915.3
1261500 1921.6
1261510 1921.6
1261520 1927.7
1261530 1934.0
1261540 1934.0
1261550 1940.5
1261560 1947.4
1261570 1947.4
1261580 1953.8
1261590 1960.0
1261600 1955.0
1261610 1961.2
1261620 1968.0
1261630 1968.0
1261640 1975.6
1261650 1982.0
1261660 1987.6
1261670 1987.6
1261680 1993.9
1261690 2000.8
1261700 2000.8
1261710 2008.0
1261720 2015.2
1261730 2015.2
1261740 2021.2
1261750 2026.3
1261760 2026.3
1261770 2032.3
1261780 2038.5
1261790 2038.5
1261800 2041.3
1261810 2043.8
1261820 2043.8
1261830 2043.8
1261840 2043.4
1261850 2043.4
1261860 2048.5
1261870 2055.3
1261880 2060.4
1261890 2060.4
1261900 2061.5
1261910 2060.5
1261920 2060.5
1261930 2060.5
1261940 2062.1
1261950 2062.1
1261960 2063.7
1261970 2065.0
1261980 2065.0
1261990 2066.5
1262000 2067.6
1262010 2067.6
1262020 2068.2
1262030 2067.0
1262040 2067.0
1262050 2062.3
1262060 2057.7
1262070 2057.7
1262080 2054.2
1262090 2051.9
1262100 2051.9
1262110 2049.3
1262120 2046.3
1262130 2043.8
1262140 2043.8
1262150 2040.4
1262160 2036.5
1262170 2029.7
1262180 2027.7
1262190 2026.0
1262200 2026.0
1262210 2026.8
1262220 2028.2
1262230 2028.2
1262240 2031.1
1262250 2033.5
1262260 2033.5
1262270 2032.5
1262280 2032.4
1262290 2032.4
1262300 2031.2
1262310 2025.6
1262320 2025.6
1262330 2019.4
1262340 2015.6
1262350 2015.6
1262360 2013.7
1262370 2014.3
1262380 2013.8
1262390 2013.8
1262400 2009.8
1262410 2004.8
1262420 2004.8
1262430 1999.7
1262440 1994.7
1262450 1994.7
1262460 1989.4
1262470 1983.2
1262480 1983.2
1262490 1977.7
1262500 1972.5
1262510 1972.5
1262520 1966.8
1262530 1961.6
1262540 1961.6
1262550 1957.0
1262560 1952.9
1262570 1952.9
1262580 1948.4
1262590 1942.4
1262600 1942.4
1262610 1934.6
1262620 1926.0
1262630 1918.3
1262640 1918.3
1262650 1911.6
1262660 1903.6
1262670 1903.6
1262680 1894.9
1262690 1889.2
1262700 1889.2
1262710 1888.4
1262720 1891.5
1262730 1891.5
1262740 1889.8
1262750 1893.6
1262760 1893.6
1262770 1897.0
1262780 1900.2
1262790 1900.2
1262800 1903.7
1262810 1907.8
1262820 1907.8
1262830 1913.4
1262840 1921.8
1262850 1930.7
1262860 1930.7
1262870 1931.9
1262880 1936.6
1262890 1936.6
1262900 1935.3
1262910 1934.6
1262920 1934.6
1262930 1928.4
1262940 1921.7
1262950 1921.7
1262960 1919.7
1262970 1924.5
1262980 1924.5
1262990 1930.3
1263000 1932.8
1263010 1932.8
1263020 1932.8
1263030 1932.3
1263040 1932.3
1263050 1933.4
1263060 1934.1
1263070 1934.1
1263080 1932.4
1263090 1927.0
1263100 1920.6
1263110 1920.6
1263120 1914.2
1263130 1907.0
1263140 1907.0
1263150 1901.5
1263160 1898.7
1263170 1898.7
1263180 1895.5
1263190 1893.7
1263200 1893.7
1263210 1896.4
1263220 1898.8
1263230 1898.8
1263240 1893.6
1263250 1885.5
1263260 1885.5
1263270 1880.3
1263280 1874.5
1263290 1874.5
1263300 1874.2
1263310 1876.9
1263320 1876.9
1263330 1881.6
1263340 1880.2
1263350 1875.7
1263360 1875.7
1263370 1873.7
1263380 1873.3
1263390 1873.3
1263400 1872.2
1263410 1873.5
1263420 1873.5
1263430 1877.6
1263440 1880.2
1263450 1880.2
1263460 1882.2
1263470 1881.2
1263480 1881.2
1263490 1880.4
1263500 1881.6
1263510 1881.6
1263520 1881.1
1263530 1879.2
1263540 1879.2
1263550 1876.4
1263560 1872.9
1263570 1868.8
1263580 1868.8
1263590 1864.4
1263600 1859.6
1263610 1859.6
1263620 1855.0
1263630 1850.5
1263640 1850.5
1263650 1845.6
1263660 1841.0
1263670 1841.0
1263680 1837.0
1263690 1832.9
1263700 1832.9
1263710 1828.1
1263720 1823.7
1263730 1823.7
1263740 1819.0
1263750 1813.2
1263760 1813.2
1263770 1807.9
1263780 1803.2
1263790 1803.2
1263800 1798.9
1263810 1794.0
1263820 1789.7
1263830 1789.7
1263840 1784.6
1263850 1779.1
1263860 1779.1
1263870 1773.3
1263880 1765.3
1263890 1762.3
1263900 1754.7
1263910 1744.1
1263920 1744.1
1263930 1736.8
1263940 1736.4
1263950 1736.4
1263960 1737.2
1263970 1736.9
1263980 1736.9
1263990 1733.4
1264000 1728.6
1264010 1728.6
1264020 1723.3
1264030 1717.7
1264040 1717.7
1264050 1711.8
1264060 1706.8
1264070 1702.6
1264080 1702.6
1264090 1698.0
1264100 1692.8
1264110 1692.8
1264120 1687.7
1264130 1683.0
1264140 1683.0
1264150 1678.5
1264160 1674.7
1264170 1674.7
1264180 1670.4
1264190 1666.4
1264200 1666.4
1264210 1661.1
1264220 1655.1
1264230 1655.1
1264240 1649.2
1264250 1643.1
1264260 1643.1
1264270 1636.5
1264280 1629.8
1264290 1629.8
1264300 1623.4
1264310 1617.0
1264320 1612.8
1264330 1612.8
1264340 1610.6
1264350 1609.8
1264360 1609.8
1264370 1607.9
1264380 1603.6
1264390 1603.6
1264400 1598.4
1264410 1594.9
1264420 1594.9
1264430 1591.2
1264440 1588.0
1264450 1588.0
1264460 1582.2
1264470 1568.5
1264480 1568.5
1264490 1563.0
1264500 1561.1
1264510 1561.1
1264520 1557.5
1264530 1552.4
1264540 1547.7
1264550 1547.7
1264560 1543.6
1264570 1539.2
1264580 1539.2
1264590 1534.9
1264600 1528.4
1264610 1528.4
1264620 1521.1
1264630 1514.3
1264640 1514.3
1264650 1507.4
1264660 1501.7
1264670 1501.7
1264680 1497.2
1264690 1494.4
1264700 1494.4
1264710 1492.0
1264720 1488.5
1264730 1488.5
1264740 1485.0
1264750 1481.4
1264760 1481.4
1264770 1477.1
1264780 1472.8
1264790 1469.4
1264800 1469.4
1264810 1466.4
1264820 1463.9
1264830 1463.9
1264840 1460.9
1264850 1457.8
1264860 1457.8
1264870 1452.5
1264880 1442.7
1264890 1442.7
1264900 1431.8
1264910 1423.8
1264920 1423.8
1264930 1419.0
1264940 1416.5
1264950 1416.5
1264960 1416.2
1264970 1416.7
1264980 1416.7
1264990 1413.5
1265000 1407.5
1265010 1407.5
1265020 1401.5
1265030 1394.4
1265040 1389.2
1265050 1382.2
1265060 1376.9
1265070 1372.2
1265080 1372.2
1265090 1368.5
1265100 1364.6
1265110 1364.6
1265120 1359.8
1265130 1354.1
1265140 1354.1
1265150 1348.0
1265160 1342.1
1265170 1342.1
1265180 1336.6
1265190 1331.6
1265200 1331.6
1265210 1326.9
1265220 1322.0
1265230 1322.0
1265240 1316.6
1265250 1312.3
1265260 1312.3
1265270 1307.7
1265280 1303.6
1265290 1300.3
1265300 1300.3
1265310 1297.5
1265320 1294.4
1265330 1294.4
1265340 1290.7
1265350 1286.6
1265360 1286.6
1265370 1283.3
1265380 1278.8
1265390 1278.8
1265400 1273.5
1265410 1268.6
1265420 1268.6
1265430 1263.0
1265440 1256.3
1265450 1256.3
1265460 1249.4
1265470 1242.3
1265480 1242.3
1265490 1235.4
1265500 1228.2
1265510 1222.0
1265520 1222.0
1265530 1221.6
1265540 1222.0
1265550 1222.0
1265560 1221.6
1265570 1221.9
1265580 1221.9
1265590 1221.3
1265600 1217.8
1265610 1217.8
1265620 1212.5
1265630 1204.5
1265640 1204.5
1265650 1199.9
1265660 1197.3
1265670 1197.3
1265680 1194.8
1265690 1191.5
1265700 1191.5
1265710 1188.1
1265720 1185.1
1265730 1185.1
1265740 1181.9
1265750 1178.5
1265760 1174.7
1265770 1174.7
1265780 1169.3
1265790 1163.0
1265800 1163.0
1265810 1156.4
1265820 1149.9
1265830 1149.9
1265840 1143.6
1265850 1137.4
1265860 1137.4
1265870 1131.6
1265880 1128.1
1265890 1128.1
1265900 1126.2
1265910 1124.9
1265920 1124.9
1265930 1123.0
1265940 1120.6
1265950 1120.6
1265960 1119.3
1265970 1119.3
1265980 1119.3
1265990 1119.0
1266000 1116.6
1266010 1114.0
1266020 1114.0
1266030 1112.0
1266040 1109.9
1266050 1109.9
1266060 1107.8
1266070 1105.5
1266080 1105.5
1266090 1103.3
1266100 1100.7
1266110 1100.7
1266120 1097.5
1266130 1094.4
1266140 1094.4
1266150 1092.1
1266160 1089.4
1266170 1089.4
1266180 1087.2
1266190 1085.2
1266200 1085.2
1266210 1081.5
1266220 1078.9
1266230 1076.7
1266240 1076.7
1266250 1074.9
1266260 1073.4
1266270 1073.4
1266280 1072.2
1266290 1070.6
1266300 1070.6
1266310 1068.7
1266320 1067.2
1266330 1067.2
1266340 1065.5
1266350 1063.2
1266360 1063.2
1266370 1060.5
1266380 1057.9
1266390 1057.9
1266400 1055.3
1266410 1053.4
1266420 1053.4
1266430 1052.1
1266440 1051.1
1266450 1051.1
1266460 1049.1
1266470 1046.2
1266480 1043.7
1266490 1043.7
1266500 1041.8
1266510 1040.4
1266520 1040.4
1266530 1039.6
1266540 1039.0
1266550 1039.0
1266560 1037.4
1266570 1035.4
1266580 1035.4
1266590 1033.8
1266600 1032.6
1266610 1032.6
1266620 1031.7
1266630 1029.7
1266640 1029.7
1266650 1027.4
1266660 1024.8
1266670 1024.8
1266680 1022.3
1266690 1020.4
1266700 1020.4
1266710 1018.8
1266720 1017.6
1266730 1016.6
1266740 1016.6
1266750 1015.2
1266760 1013.4
1266770 1013.4
1266780 1012.0
1266790 1006.2
1266800 1006.2
1266810 1004.5
1266820 1002.8
1266830 1002.8
1266840 1001.3
1266850 1000.1
1266860 1000.1
1266870 999.3
1266880 999.4
1266890 999.4
1266900 998.4
1266910 996.2
1266920 996.2
1266930 994.2
1266940 992.5
1266950 992.5
1266960 990.9
1266970 990.0
1266980 988.9
1266990 988.9
1267000 986.9
1267010 985.0
1267020 985.0
1267030 983.0
1267040 981.2
1267050 981.2
1267060 979.8
1267070 978.2
1267080 978.2
1267090 976.5
1267100 974.3
1267110 974.3
1267120 969.4
1267130 964.2
1267140 964.2
1267150 960.1
1267160 956.2
1267170 956.2
1267180 951.1
1267190 946.7
1267200 942.6
1267210 942.6
1267220 939.1
1267230 935.6
1267240 935.6
1267250 932.2
1267260 928.8
1267270 928.8
1267280 925.3
1267290 921.8
1267300 921.8
1267310 918.7
1267320 914.8
1267330 914.8
1267340 911.9
1267350 909.4
1267360 909.4
1267370 905.3
1267380 902.4
1267390 902.4
1267400 899.9
1267410 898.3
1267420 898.3
1267430 896.6
1267440 894.3
1267450 892.1
1267460 892.1
1267470 890.0
1267480 888.1
1267490 888.1
1267500 887.0
1267510 885.6
1267520 885.6
1267530 883.2
1267540 880.0
1267550 880.0
1267560 876.8
1267570 873.8
1267580 873.8
1267590 870.4
1267600 868.6
1267610 868.6
1267620 867.1
1267630 863.7
1267640 863.7
1267650 861.9
1267660 860.2
1267670 860.2
1267680 853.9
1267690 847.3
1267700 841.6
1267710 841.6
1267720 835.2
1267730 828.6
1267740 828.6
1267750 821.2
1267760 811.8
1267770 811.8
1267780 803.0
1267790 796.6
1267800 796.6
1267810 791.5
1267820 785.7
1267830 785.7
1267840 783.7
1267850 783.6
1267860 783.6
1267870 785.0
1267880 791.9
1267890 791.9
1267900 800.4
1267910 806.8
1267920 806.8
1267930 811.6
1267940 816.7
1267950 820.7
1267960 828.2
1267970 830.4
1267980 830.5
1267990 830.5
1268000 831.3
1268010 836.3
1268020 836.3
1268030 845.1
1268040 853.4
1268050 853.4
1268060 861.0
1268070 868.2
1268080 868.2
1268090 873.6
1268100 880.3
1268110 880.3
1268120 887.2
1268130 893.9
1268140 893.9
1268150 900.0
1268160 905.6
1268170 911.7
1268180 911.7
1268190 918.0
1268200 922.9
1268210 922.9
1268220 928.1
1268230 933.0
1268240 933.0
1268250 937.3
1268260 941.6
1268270 941.6
1268280 946.2
1268290 949.4
1268300 949.4
1268310 950.0
1268320 949.3
1268330 949.3
1268340 947.0
1268350 947.1
1268360 947.1
1268370 948.6
1268380 951.1
1268390 951.1
1268400 953.9
1268410 957.6
1268420 963.5
1268430 963.5
1268440 970.3
1268450 978.2
1268460 978.2
1268470 982.1
1268480 982.9
1268490 982.9
1268500 983.5
1268510 983.8
1268520 983.8
1268530 984.0
1268540 983.3
1268550 984.9
1268560 984.2
1268570 985.8
1268580 985.8
1268590 989.8
1268600 995.0
1268610 995.0
1268620 997.4
1268630 1000.7
1268640 1000.7
1268650 1003.3
1268660 1003.4
1268670 1003.2
1268680 1003.2
1268690 1003.2
1268700 1003.2
1268710 1003.2
1268720 1003.1
1268730 1003.4
1268740 1003.4
1268750 1005.9
1268760 1010.2
1268770 1010.2
1268780 1011.5
1268790 1011.3
1268800 1011.3
1268810 1010.9
1268820 1010.6
1268830 1010.6
1268840 1010.6
1268850 1010.7
1268860 1010.7
1268870 1010.9
1268880 1011.3
1268890 1011.6
1268900 1011.6
1268910 1011.9
1268920 1012.3
1268930 1012.3
1268940 1012.9
1268950 1013.4
1268960 1013.4
1268970 1013.9
1268980 1014.4
1268990 1014.4
1269000 1015.0
1269010 1015.7
1269020 1015.7
1269030 1016.3
1269040 1016.8
1269050 1016.8
1269060 1017.2
1269070 1018.3
1269080 1018.3
1269090 1022.1
1269100 1027.8
1269110 1027.8
1269120 1031.3
1269130 1034.1
1269140 1039.2
1269150 1039.2
1269160 1040.3
1269170 1042.0
1269180 1042.0
1269190 1044.0
1269200 1045.8
1269210 1045.8
1269220 1047.7
1269230 1049.3
1269240 1049.3
1269250 1050.9
1269260 1052.8
1269270 1052.8
1269280 1055.1
1269290 1057.7
1269300 1057.7
1269310 1059.8
1269320 1061.8
1269330 1061.8
1269340 1063.9
1269350 1065.6
1269360 1065.6
1269370 1066.9
1269380 1068.8
1269390 1070.4
1269400 1070.4
1269410 1071.6
1269420 1072.5
1269430 1072.5
1269440 1072.9
1269450 1073.5
1269460 1073.5
1269470 1074.8
1269480 1075.4
1269490 1075.4
1269500 1075.8
1269510 1076.0
1269520 1076.0
1269530 1076.2
1269540 1076.5
1269550 1076.5
1269560 1076.2
1269570 1075.9
1269580 1075.9
1269590 1075.7
1269600 1075.9
1269610 1075.9
1269620 1076.0
1269630 1075.9
1269640 1076.3
1269650 1076.3
1269660 1076.3
1269670 1075.9
1269680 1075.9
1269690 1075.4
1269700 1075.8
1269710 1075.8
1269720 1075.9
1269730 1079.0
1269740 1079.0
1269750 1080.0
1269760 1080.5
1269770 1080.5
1269780 1080.3
1269790 1079.9
1269800 1079.9
1269810 1079.9
1269820 1079.6
1269830 1079.6
1269840 1078.6
1269850 1077.1
1269860 1075.9
1269870 1075.9
1269880 1075.2
1269890 1074.5
1269900 1074.5
1269910 1073.6
1269920 1072.4
1269930 1072.4
1269940 1071.1
1269950 1070.2
1269960 1070.2
1269970 1069.0
1269980 1067.7
1269990 1067.7
1270000 1066.5
1270010 1065.4
1270020 1065.4
1270030 1064.4
1270040 1063.4
1270050 1063.4
1270060 1062.1
1270070 1060.7
1270080 1060.7
1270090 1059.2
1270100 1057.9
1270110 1056.6
1270120 1056.6
1270130 1055.1
1270140 1050.5
1270150 1050.5
1270160 1044.9
1270170 1043.1
1270180 1043.1
1270190 1043.2
1270200 1040.0
1270210 1040.0
1270220 1034.8
1270230 1031.6
1270240 1031.6
1270250 1029.3
1270260 1027.3
1270270 1027.3
1270280 1025.6
1270290 1020.8
1270300 1020.8
1270310 1016.0
1270320 1008.5
1270330 1008.5
1270340 1003.4
1270350 999.5
1270360 994.7
1270370 994.7
1270380 990.9
1270390 988.0
1270400 988.0
1270410 983.1
1270420 977.0
1270430 977.0
1270440 972.7
1270450 972.1
1270460 972.1
1270470 971.4
1270480 969.2
1270490 969.2
1270500 964.9
1270510 960.2
1270520 960.2
1270530 955.6
1270540 951.4
1270550 951.4
1270560 950.6
1270570 950.3
1270580 948.7
1270590 948.7
1270600 943.0
1270610 937.1
1270620 937.1
1270630 932.4
1270640 929.6
1270650 929.6
1270660 927.0
1270670 924.2
1270680 924.2
1270690 922.0
1270700 921.4
1270710 921.4
1270720 921.8
1270730 919.5
1270740 919.5
1270750 915.3
1270760 910.7
1270770 910.7
1270780 905.2
1270790 898.2
1270800 898.2
1270810 891.8
1270820 888.3
1270830 887.7
1270840 887.7
1270850 887.1
1270860 885.0
1270870 885.0
1270880 881.5
1270890 877.0
1270900 877.0
1270910 878.8
1270920 875.3
1270930 875.3
1270940 870.2
1270950 864.9
1270960 864.9
1270970 859.3
1270980 851.4
1270990 851.4
1271000 843.1
1271010 835.7
1271020 835.7
1271030 827.7
1271040 820.7
1271050 820.7
1271060 812.3
1271070 803.7
1271080 794.0
1271090 794.0
1271100 784.0
1271110 780.2
1271120 780.2
1271130 782.9
1271140 792.2
1271150 792.2
1271160 801.2
1271170 808.3
1271180 808.3
1271190 815.8
1271200 823.6
1271210 823.6
1271220 831.0
1271230 838.8
1271240 838.8
1271250 846.8
1271260 854.0
1271270 854.0
1271280 860.5
1271290 866.9
1271300 866.9
1271310 873.1
1271320 879.0
1271330 885.7
1271340 885.7
1271350 894.2
1271360 901.5
1271370 901.5
1271380 907.3
1271390 912.0
1271400 912.0
1271410 916.3
1271420 919.8
1271430 919.8
1271440 923.4
1271450 926.9
1271460 926.9
1271470 928.7
1271480 929.7
1271490 929.7
1271500 930.8
1271510 931.5
1271520 931.5
1271530 932.7
1271540 934.0
1271550 935.3
1271560 935.3
1271570 936.8
1271580 938.3
1271590 938.3
1271600 940.2
1271610 942.7
1271620 942.7
1271630 945.1
1271640 947.2
1271650 947.2
1271660 949.2
1271670 951.4
1271680 951.4
1271690 953.4
1271700 955.0
1271710 955.0
1271720 956.4
1271730 957.6
1271740 957.6
1271750 958.7
1271760 960.6
1271770 960.6
1271780 962.8
1271790 965.0
1271800 967.1
1271810 967.1
1271820 969.3
1271830 972.3
1271840 972.3
1271850 976.5
1271860 980.6
1271870 980.6
1271880 984.0
1271890 986.1
1271900 986.1
1271910 988.5
1271920 990.8
1271930 990.8
1271940 992.6
1271950 994.1
1271960 994.1
1271970 995.6
1271980 997.0
1271990 997.0
1272000 998.1
1272010 999.0
1272020 999.0
1272030 999.5
1272040 999.7
1272050 999.2
1272060 999.2
1272070 997.9
1272080 995.6
1272090 995.6
1272100 990.2
1272110 982.0
1272120 982.0
1272130 977.9
1272140 976.8
1272150 976.8
1272160 974.6
1272170 969.2
1272180 969.2
1272190 962.1
1272200 956.4
1272210 956.4
1272220 949.8
1272230 942.2
1272240 942.2
1272250 935.5
1272260 932.6
1272270 931.8
1272280 931.8
1272290 932.9
1272300 939.1
1272310 939.1
1272320 945.8
1272330 952.0
1272340 952.0
1272350 957.4
1272360 960.2
1272370 960.2
1272380 961.8
1272390 962.9
1272400 962.9
1272410 964.3
1272420 966.1
1272430 966.1
1272440 968.5
1272450 971.9
1272460 971.9
1272470 975.2
1272480 979.0
1272490 979.0
1272500 982.9
1272510 986.9
1272520 990.5
1272530 990.5
1272540 993.9
1272550 996.9
1272560 996.9
1272570 1000.3
1272580 1004.0
1272590 1004.0
1272600 1007.5
1272610 1012.0
1272620 1012.0
1272630 1016.5
1272640 1021.1
1272650 1021.1
1272660 1025.9
1272670 1030.6
1272680 1030.6
1272690 1034.9
1272700 1038.6
1272710 1042.2
1272720 1046.5
1272730 1050.5
1272740 1050.5
1272750 1054.8
1272760 1060.9
1272770 1064.8
1272780 1064.8
1272790 1065.4
1272800 1067.2
1272810 1067.2
1272820 1070.0
1272830 1070.1
1272840 1070.1
1272850 1070.2
1272860 1071.5
1272870 1071.5
1272880 1072.6
1272890 1073.5
1272900 1073.5
1272910 1073.8
1272920 1073.8
1272930 1073.8
1272940 1073.4
1272950 1074.1
1272960 1074.1
1272970 1075.3
1272980 1077.1
1272990 1077.1
1273000 1080.0
1273010 1084.1
1273020 1086.8
1273030 1086.8
1273040 1087.7
1273050 1088.5
1273060 1088.5
1273070 1089.4
1273080 1090.5
1273090 1090.5
1273100 1091.6
1273110 1092.7
1273120 1092.7
1273130 1093.6
1273140 1094.4
1273150 1094.4
1273160 1095.1
1273170 1095.8
1273180 1095.8
1273190 1096.7
1273200 1097.8
1273210 1097.8
1273220 1099.3
1273230 1101.3
1273240 1104.2
1273250 1104.2
1273260 1108.1
1273270 1110.8
1273280 1110.8
1273290 1112.7
1273300 1115.9
1273310 1117.3
1273320 1120.9
1273330 1124.1
1273340 1124.1
1273350 1127.5
1273360 1130.8
1273370 1130.8
1273380 1134.2
1273390 1137.6
1273400 1137.6
1273410 1140.6
1273420 1144.2
1273430 1144.2
1273440 1148.1
1273450 1151.5
1273460 1151.5
1273470 1153.1
1273480 1154.8
1273490 1156.4
1273500 1156.4
1273510 1157.4
1273520 1158.1
1273530 1158.1
1273540 1159.9
1273550 1162.8
1273560 1162.8
1273570 1165.4
1273580 1167.5
1273590 1167.5
1273600 1170.2
1273610 1173.3
1273620 1173.3
1273630 1176.5
1273640 1179.5
1273650 1179.5
1273660 1182.8
1273670 1185.9
1273680 1185.9
1273690 1189.2
1273700 1192.3
1273710 1192.3
1273720 1195.3
1273730 1198.7
1273740 1202.3
1273750 1202.3
1273760 1205.0
1273770 1208.9
1273780 1208.9
1273790 1213.5
1273800 1218.1
1273810 1218.1
1273820 1223.7
1273830 1229.2
1273840 1229.2
1273850 1233.7
1273860 1237.9
1273870 1237.9
1273880 1241.9
1273890 1245.8
1273900 1245.8
1273910 1248.3
1273920 1250.6
1273930 1250.6
1273940 1253.2
1273950 1256.8
1273960 1260.4
1273970 1260.4
1273980 1264.5
1273990 1267.8
1274000 1267.8
1274010 1271.0
1274020 1274.5
1274030 1274.5
1274040 1278.6
1274050 1282.5
1274060 1282.5
1274070 1286.7
1274080 1291.7
1274090 1291.7
1274100 1296.3
1274110 1300.7
1274120 1300.7
1274130 1305.2
1274140 1310.0
1274150 1310.0
1274160 1316.0
1274170 1322.0
1274180 1322.0
1274190 1326.9
1274200 1330.9
1274210 1334.7
1274220 1334.7
1274230 1337.9
1274240 1339.9
1274250 1339.9
1274260 1341.6
1274270 1344.2
1274280 1344.2
1274290 1348.9
1274300 1354.2
1274310 1354.2
1274320 1357.2
1274330 1360.2
1274340 1360.2
1274350 1363.7
1274360 1367.8
1274370 1367.8
1274380 1371.9
1274390 1376.1
1274400 1376.1
1274410 1379.7
1274420 1383.7
1274430 1383.7
1274440 1387.0
1274450 1389.8
1274460 1392.1
1274470 1392.1
1274480 1395.0
1274490 1397.9
1274500 1397.9
1274510 1399.7
1274520 1403.1
1274530 1403.1
1274540 1406.9
1274550 1410.0
1274560 1410.0
1274570 1412.1
1274580 1415.0
1274590 1415.0
1274600 1418.5
1274610 1421.2
1274620 1421.2
1274630 1424.4
1274640 1428.0
1274650 1428.0
1274660 1430.7
1274670 1433.5
1274680 1433.5
1274690 1436.2
1274700 1438.8
1274710 1441.5
1274720 1441.5
1274730 1444.5
1274740 1447.5
1274750 1447.5
1274760 1450.1
1274770 1452.4
1274780 1452.4
1274790 1453.9
1274800 1455.1
1274810 1455.1
1274820 1456.2
1274830 1458.4
1274840 1458.4
1274850 1460.9
1274860 1463.8
1274870 1463.8
1274880 1467.2
1274890 1469.9
1274900 1469.9
1274910 1473.3
1274920 1477.2
1274930 1480.8
1274940 1480.8
1274950 1483.0
1274960 1484.0
1274970 1484.0
1274980 1485.5
1274990 1488.2
1275000 1488.2
1275010 1492.1
1275020 1497.4
1275030 1497.4
1275040 1503.4
1275050 1509.3
1275060 1509.3
1275070 1513.5
1275080 1516.5
1275090 1516.5
1275100 1518.4
1275110 1519.8
1275120 1519.3
1275130 1520.8
1275140 1521.9
1275150 1521.9
1275160 1522.5
1275170 1523.1
1275180 1523.9
1275190 1523.9
1275200 1525.2
1275210 1526.6
1275220 1526.6
1275230 1528.1
1275240 1530.3
1275250 1530.3
1275260 1533.6
1275270 1537.1
1275280 1537.1
1275290 1541.3
1275300 1546.2
1275310 1546.2
1275320 1551.3
1275330 1555.9
1275340 1555.9
1275350 1559.6
1275360 1564.1
1275370 1564.1
1275380 1568.7
1275390 1571.4
1275400 1571.4
1275410 1573.8
1275420 1578.3
1275430 1584.0
1275440 1584.0
1275450 1589.2
1275460 1593.6
1275470 1593.6
1275480 1597.9
1275490 1603.1
1275500 1603.1
1275510 1608.0
1275520 1612.9
1275530 1612.9
1275540 1618.0
1275550 1622.5
1275560 1622.5
1275570 1627.4
1275580 1631.5
1275590 1631.5
1275600 1636.0
1275610 1641.0
1275620 1641.0
1275630 1645.9
1275640 1650.1
1275650 1653.3
1275660 1653.3
1275670 1656.8
1275680 1660.3
1275690 1660.3
1275700 1664.0
1275710 1667.7
1275720 1669.0
1275730 1672.4
1275740 1675.5
1275750 1675.5
1275760 1677.5
1275770 1678.8
1275780 1678.8
1275790 1679.9
1275800 1680.9
1275810 1680.9
1275820 1682.1
1275830 1683.6
1275840 1683.6
1275850 1685.3
1275860 1687.2
1275870 1687.2
1275880 1689.5
1275890 1691.7
1275900 1693.9
1275910 1693.9
1275920 1696.7
1275930 1700.5
1275940 1700.5
1275950 1705.5
1275960 1711.3
1275970 1711.3
1275980 1717.0
1275990 1721.1
1276000 1721.1
1276010 1724.2
1276020 1727.2
1276030 1727.2
1276040 1730.5
1276050 1734.8
1276060 1734.8
1276070 1739.6
1276080 1743.5
1276090 1743.5
1276100 1747.7
1276110 1750.9
1276120 1750.9
1276130 1753.9
1276140 1756.2
1276150 1757.4
1276160 1757.4
1276170 1758.2
1276180 1759.8
1276190 1759.8
1276200 1761.4
1276210 1764.7
1276220 1764.7
1276230 1769.1
1276240 1773.8
1276250 1773.8
1276260 1778.8
1276270 1783.7
1276280 1783.7
1276290 1788.9
1276300 1793.1
1276310 1793.1
1276320 1797.1
1276330 1802.5
1276340 1802.5
1276350 1805.7
1276360 1808.4
1276370 1810.8
1276380 1810.8
1276390 1813.2
1276400 1815.7
1276410 1815.7
1276420 1818.7
1276430 1822.1
1276440 1822.1
1276450 1825.6
1276460 1828.7
1276470 1828.7
1276480 1831.9
1276490 1836.3
1276500 1836.3
1276510 1841.0
1276520 1845.8
1276530 1845.8
1276540 1850.3
1276550 1854.1
1276560 1854.1
1276570 1856.2
1276580 1857.1
1276590 1857.1
1276600 1856.9
1276610 1858.3
1276620 1861.5
1276630 1861.5
1276640 1864.7
1276650 1867.9
1276660 1867.9
1276670 1871.3
1276680 1874.6
1276690 1874.6
1276700 1877.0
1276710 1879.2
1276720 1879.2
1276730 1881.3
1276740 1883.5
1276750 1883.5
1276760 1885.9
1276770 1887.5
1276780 1887.5
1276790 1889.3
1276800 1891.8
1276810 1891.8
1276820 1895.8
1276830 1900.5
1276840 1900.5
1276850 1905.3
1276860 1910.8
1276870 1917.9
1276880 1917.9
1276890 1923.9
1276900 1927.7
1276910 1927.7
1276920 1930.9
1276930 1935.0
1276940 1935.0
1276950 1943.5
1276960 1949.2
1276970 1949.2
1276980 1952.2
1276990 1955.2
1277000 1955.2
1277010 1958.5
1277020 1962.5
1277030 1962.5
1277040 1966.2
1277050 1969.5
1277060 1969.5
1277070 1973.9
1277080 1977.5
1277090 1977.5
1277100 1978.7
1277110 1979.2
1277120 1980.0
1277130 1980.0
1277140 1982.5
1277150 1985.0
1277160 1985.0
1277170 1986.6
1277180 1989.2
1277190 1989.2
1277200 1991.5
1277210 1994.1
1277220 1994.1
1277230 1997.9
1277240 2002.0
1277250 2002.0
1277260 2005.2
1277270 2009.8
1277280 2009.8
1277290 2015.2
1277300 2018.9
1277310 2018.9
1277320 2021.6
1277330 2023.7
1277340 2026.2
1277350 2026.2
1277360 2028.6
1277370 2029.5
1277380 2029.5
1277390 2029.1
1277400 2031.3
1277410 2031.3
1277420 2036.0
1277430 2041.5
1277440 2041.5
1277450 2048.4
1277460 2054.7
1277470 2054.7
1277480 2058.7
1277490 2061.8
1277500 2061.8
1277510 2063.5
1277520 2066.1
1277530 2066.1
1277540 2069.4
1277550 2074.3
1277560 2077.2
1277570 2082.4
1277580 2087.7
1277590 2094.1
1277600 2094.1
1277610 2101.0
1277620 2106.9
1277630 2106.9
1277640 2110.9
1277650 2114.8
1277660 2114.8
1277670 2118.4
1277680 2121.6
1277690 2121.6
1277700 2123.5
1277710 2125.2
1277720 2125.2
1277730 2126.3
1277740 2127.0
1277750 2127.0
1277760 2127.7
1277770 2131.8
1277780 2131.8
1277790 2137.9
1277800 2140.4
1277810 2140.4
1277820 2141.5
1277830 2144.5
1277840 2147.1
1277850 2147.1
1277860 2147.6
1277870 2149.8
1277880 2149.8
1277890 2151.3
1277900 2147.9
1277910 2147.9
1277920 2145.6
1277930 2148.0
1277940 2148.0
1277950 2147.4
1277960 2144.6
1277970 2144.6
1277980 2144.0
1277990 2143.6
1278000 2143.6
1278010 2140.8
1278020 2136.7
1278030 2136.7
1278040 2130.9
1278050 2125.1
1278060 2122.6
1278070 2122.6
1278080 2120.7
1278090 2121.4
1278100 2121.4
1278110 2123.5
1278120 2123.9
1278130 2123.9
1278140 2126.7
1278150 2131.2
1278160 2131.2
1278170 2125.0
1278180 2126.4
1278190 2126.4
1278200 2125.0
1278210 2119.7
1278220 2119.7
1278230 2116.1
1278240 2114.8
1278250 2114.8
1278260 2113.6
1278270 2112.5
1278280 2112.5
1278290 2110.6
1278300 2107.8
1278310 2105.4
1278320 2105.4
1278330 2103.5
1278340 2100.8
1278350 2100.8
1278360 2096.8
1278370 2094.8
1278380 2094.8
1278390 2093.4
1278400 2092.8
1278410 2092.8
1278420 2091.3
1278430 2089.5
1278440 2089.5
1278450 2088.1
1278460 2086.6
1278470 2086.6
1278480 2084.1
1278490 2080.1
1278500 2080.1
1278510 2078.8
1278520 2078.4
1278530 2078.4
1278540 2077.9
1278550 2079.7
1278560 2081.4
1278570 2081.4
1278580 2081.6
1278590 2081.1
1278600 2081.1
1278610 2076.5
1278620 2070.1
1278630 2070.1
1278640 2063.7
1278650 2058.0
1278660 2058.0
1278670 2052.6
1278680 2047.1
1278690 2047.1
1278700 2041.2
1278710 2036.5
1278720 2036.5
1278730 2034.6
1278740 2033.7
1278750 2033.7
1278760 2032.9
1278770 2031.0
1278780 2028.1
1278790 2021.0
1278800 2019.1
1278810 2018.3
1278820 2018.3
1278830 2017.3
1278840 2017.3
1278850 2017.3
1278860 2017.4
1278870 2017.0
1278880 2017.0
1278890 2018.8
1278900 2020.4
1278910 2020.4
1278920 2022.6
1278930 2024.6
1278940 2024.6
1278950 2026.1
1278960 2026.2
1278970 2026.2
1278980 2028.8
1278990 2031.8
1279000 2031.8
1279010 2034.3
1279020 2036.3
1279030 2038.8
1279040 2038.8
1279050 2041.2
1279060 2043.0
1279070 2043.0
1279080 2044.1
1279090 2045.6
1279100 2045.6
1279110 2047.3
1279120 2050.4
1279130 2050.4
1279140 2054.1
1279150 2059.5
1279160 2059.5
1279170 2065.7
1279180 2071.5
1279190 2071.5
1279200 2076.5
1279210 2080.6
1279220 2080.6
1279230 2083.8
1279240 2086.8
1279250 2086.8
1279260 2088.5
1279270 2088.8
1279280 2088.6
1279290 2088.6
1279300 2091.0
1279310 2095.2
1279320 2095.2
1279330 2099.1
1279340 2103.2
1279350 2103.2
1279360 2108.3
1279370 2113.5
1279380 2113.5
1279390 2117.6
1279400 2121.1
1279410 2114.3
1279420 2118.6
1279430 2123.1
1279440 2123.1
1279450 2125.4
1279460 2126.8
1279470 2126.8
1279480 2129.1
1279490 2133.2
1279500 2133.2
1279510 2136.4
1279520 2139.8
1279530 2144.9
1279540 2144.9
1279550 2151.4
1279560 2157.9
1279570 2157.9
1279580 2163.1
1279590 2165.2
1279600 2165.2
1279610 2165.5
1279620 2166.0
1279630 2166.0
1279640 2167.3
1279650 2169.5
1279660 2169.5
1279670 2171.7
1279680 2173.8
1279690 2173.8
1279700 2176.0
1279710 2177.6
1279720 2177.6
1279730 2178.3
1279740 2179.3
1279750 2180.8
1279760 2180.8
1279770 2182.3
1279780 2183.7
1279790 2183.7
1279800 2185.7
1279810 2186.6
1279820 2186.6
1279830 2185.6
1279840 2185.0
1279850 2185.0
1279860 2184.7
1279870 2184.0
1279880 2184.0
1279890 2183.6
1279900 2183.7
1279910 2183.7
1279920 2184.0
1279930 2184.4
1279940 2184.4
1279950 2184.5
1279960 2184.0
1279970 2184.0
1279980 2183.7
1279990 2183.3
