1260000 1986.1
1260010 1978.0
1260020 1970.7
1260030 1970.7
1260040 1964.8
1260050 1958.6
1260060 1958.6
1260070 1951.7
1260080 1944.1
1260090 1944.1
1260100 1935.8
1260110 1928.7
1260120 1928.7
1260130 1920.9
1260140 1914.6
1260150 1914.6
1260160 1907.9
1260170 1901.1
1260180 1901.1
1260190 1894.5
1260200 1883.4
1260210 1865.3
1260220 1865.3
1260230 1849.4
1260240 1829.3
1260250 1829.3
1260260 1820.2
1260270 1814.6
1260280 1814.6
1260290 1808.4
1260300 1799.6
1260310 1799.6
1260320 1793.1
1260330 1787.8
1260340 1787.8
1260350 1782.5
1260360 1777.7
1260370 1777.7
1260380 1773.2
1260390 1769.3
1260400 1769.3
1260410 1766.1
1260420 1764.0
1260430 1764.0
1260440 1762.1
1260450 1760.1
1260460 1757.1
1260470 1757.1
1260480 1754.4
1260490 1751.6
1260500 1751.6
1260510 1748.8
1260520 1745.8
1260530 1745.8
1260540 1743.0
1260550 1740.4
1260560 1740.4
1260570 1738.0
1260580 1736.1
1260590 1736.1
1260600 1734.8
1260610 1733.9
1260620 1733.9
1260630 1733.3
1260640 1732.4
1260650 1732.4
1260660 1731.8
1260670 1731.3
1260680 1731.3
1260690 1730.1
1260700 1725.4
1260710 1725.1
1260720 1725.1
1260730 1724.2
1260740 1723.1
1260750 1723.1
1260760 1722.1
1260770 1721.4
1260780 1721.4
1260790 1721.1
1260800 1720.6
1260810 1720.6
1260820 1720.9
1260830 1720.2
1260840 1720.2
1260850 1720.2
1260860 1721.2
1260870 1721.2
1260880 1721.8
1260890 1721.8
1260900 1721.8
1260910 1721.5
1260920 1720.5
1260930 1720.2
1260940 1720.2
1260950 1719.4
1260960 1717.9
1260970 1717.9
1260980 1717.7
1260990 1718.2
1261000 1718.2
1261010 1720.4
1261020 1722.9
1261030 1722.9
1261040 1724.4
1261050 1723.5
1261060 1723.5
1261070 1722.3
1261080 1728.4
1261090 1728.4
1261100 1735.2
1261110 1740.1
1261120 1740.1
1261130 1744.9
1261140 1750.0
1261150 1750.0
1261160 1755.0
1261170 1760.1
1261180 1765.4
1261190 1765.4
1261200 1770.9
1261210 1776.6
1261220 1776.6
1261230 1782.0
1261240 1787.1
1261250 1787.1
1261260 1791.8
1261270 1793.1
1261280 1793.1
1261290 1798.8
1261300 1804.1
1261310 1804.1
1261320 1809.1
1261330 1815.6
1261340 1815.6
1261350 1823.5
1261360 1833.4
1261370 1833.4
1261380 1843.1
1261390 1853.6
1261400 1853.6
1261410 1860.6
1261420 1867.3
1261430 1874.0
1261440 1874.0
1261450 1881.5
1261460 1889.0
1261470 1889.0
1261480 1897.6
1261490 1905.4
1261500 1905.4
1261510 1912.6
1261520 1920.1
1261530 1920.1
1261540 1927.8
1261550 1935.1
1261560 1935.1
1261570 1939.6
1261580 1941.3
1261590 1941.3
1261600 1941.4
1261610 1937.7
1261620 1937.7
1261630 1931.4
1261640 1929.8
1261650 1929.7
1261660 1929.7
1261670 1929.5
1261680 1928.7
1261690 1928.7
1261700 1926.0
1261710 1924.3
1261720 1924.3
1261730 1926.5
1261740 1930.3
1261750 1930.3
1261760 1933.9
1261770 1936.3
1261780 1936.3
1261790 1938.0
1261800 1942.1
1261810 1942.1
1261820 1946.8
1261830 1951.4
1261840 1945.9
1261850 1950.6
1261860 1956.9
1261870 1956.9
1261880 1962.0
1261890 1963.6
1261900 1963.7
1261910 1963.7
1261920 1962.4
1261930 1962.3
1261940 1962.3
1261950 1961.3
1261960 1963.9
1261970 1963.9
1261980 1965.3
1261990 1966.7
1262000 1966.7
1262010 1968.1
1262020 1969.1
1262030 1969.1
1262040 1969.4
1262050 1969.1
1262060 1969.1
1262070 1968.3
1262080 1967.0
1262090 1967.0
1262100 1965.6
1262110 1963.5
1262120 1963.5
1262130 1957.8
1262140 1948.9
1262150 1940.2
1262160 1940.2
1262170 1933.7
1262180 1932.5
1262190 1932.5
1262200 1934.3
1262210 1931.7
1262220 1931.7
1262230 1927.4
1262240 1929.6
1262250 1929.6
1262260 1933.7
1262270 1934.1
1262280 1934.1
1262290 1934.1
1262300 1936.5
1262310 1936.5
1262320 1937.5
1262330 1936.3
1262340 1936.3
1262350 1933.2
1262360 1929.6
1262370 1929.6
1262380 1926.6
1262390 1923.6
1262400 1919.4
1262410 1919.4
1262420 1907.1
1262430 1906.6
1262440 1906.6
1262450 1906.6
1262460 1897.2
1262470 1897.2
1262480 1884.7
1262490 1879.6
1262500 1879.6
1262510 1878.0
1262520 1873.1
1262530 1873.1
1262540 1870.2
1262550 1868.0
1262560 1868.0
1262570 1867.0
1262580 1872.1
1262590 1872.1
1262600 1862.8
1262610 1854.3
1262620 1851.2
1262630 1851.2
1262640 1854.6
1262650 1859.0
1262660 1859.0
1262670 1854.9
1262680 1845.9
1262690 1845.9
1262700 1838.1
1262710 1831.2
1262720 1831.2
1262730 1826.2
1262740 1820.8
1262750 1820.8
1262760 1815.7
1262770 1808.8
1262780 1808.8
1262790 1807.5
1262800 1810.4
1262810 1810.4
1262820 1814.9
1262830 1818.0
1262840 1818.0
1262850 1821.3
1262860 1826.8
1262870 1834.4
1262880 1834.4
1262890 1840.2
1262900 1838.7
1262910 1838.7
1262920 1836.1
1262930 1831.3
1262940 1831.3
1262950 1824.7
1262960 1820.8
1262970 1820.8
1262980 1822.4
1262990 1818.4
1263000 1818.4
1263010 1816.3
1263020 1816.4
1263030 1816.4
1263040 1818.6
1263050 1817.6
1263060 1817.6
1263070 1818.3
1263080 1824.8
1263090 1824.8
1263100 1819.9
1263110 1822.1
1263120 1823.9
1263130 1823.9
1263140 1820.6
1263150 1819.0
1263160 1819.0
1263170 1817.4
1263180 1808.5
1263190 1808.5
1263200 1796.2
1263210 1788.2
1263220 1788.2
1263230 1782.5
1263240 1780.2
1263250 1780.2
1263260 1781.8
1263270 1781.6
1263280 1781.6
1263290 1777.1
1263300 1774.7
1263310 1774.7
1263320 1774.4
1263330 1778.1
1263340 1783.7
1263350 1783.7
1263360 1788.8
1263370 1787.1
1263380 1787.1
1263390 1780.9
1263400 1778.7
1263410 1778.7
1263420 1779.1
1263430 1779.3
1263440 1779.3
1263450 1776.3
1263460 1774.2
1263470 1774.2
1263480 1776.2
1263490 1777.8
1263500 1777.8
1263510 1782.4
1263520 1788.5
1263530 1788.5
1263540 1788.8
1263550 1790.3
1263560 1776.6
1263570 1780.7
1263580 1785.4
1263590 1788.2
1263600 1788.2
1263610 1787.5
1263620 1784.6
1263630 1784.6
1263640 1780.2
1263650 1774.0
1263660 1774.0
1263670 1769.1
1263680 1765.1
1263690 1765.1
1263700 1762.1
1263710 1758.3
1263720 1758.3
1263730 1752.5
1263740 1749.6
1263750 1749.6
1263760 1746.8
1263770 1744.1
1263780 1744.1
1263790 1741.1
1263800 1737.4
1263810 1737.4
1263820 1733.2
1263830 1726.8
1263840 1719.8
1263850 1719.8
1263860 1711.1
1263870 1704.1
1263880 1704.1
1263890 1699.4
1263900 1694.2
1263910 1694.2
1263920 1689.1
1263930 1684.5
1263940 1684.5
1263950 1678.6
1263960 1669.8
1263970 1669.8
1263980 1654.0
1263990 1643.7
1264000 1643.7
1264010 1644.8
1264020 1648.7
1264030 1648.7
1264040 1651.7
1264050 1650.8
1264060 1650.8
1264070 1647.4
1264080 1643.1
1264090 1638.1
1264100 1638.1
1264110 1633.8
1264120 1629.6
1264130 1629.6
1264140 1620.1
1264150 1615.7
1264160 1615.7
1264170 1611.5
1264180 1607.3
1264190 1607.3
1264200 1603.2
1264210 1599.0
1264220 1599.0
1264230 1594.3
1264240 1589.8
1264250 1589.8
1264260 1586.0
1264270 1582.2
1264280 1582.2
1264290 1578.3
1264300 1573.8
1264310 1568.0
1264320 1568.0
1264330 1561.1
1264340 1553.8
1264350 1553.8
1264360 1546.0
1264370 1538.0
1264380 1538.0
1264390 1531.0
1264400 1527.7
1264410 1527.7
1264420 1523.6
1264430 1517.3
1264440 1517.3
1264450 1511.6
1264460 1506.5
1264470 1506.5
1264480 1501.0
1264490 1494.3
1264500 1494.3
1264510 1488.6
1264520 1484.1
1264530 1484.1
1264540 1479.5
1264550 1473.7
1264560 1466.0
1264570 1466.0
1264580 1458.2
1264590 1449.7
1264600 1449.7
1264610 1440.9
1264620 1432.8
1264630 1432.8
1264640 1426.9
1264650 1422.2
1264660 1422.2
1264670 1419.3
1264680 1417.9
1264690 1417.9
1264700 1416.0
1264710 1413.1
1264720 1407.4
1264730 1403.6
1264740 1399.2
1264750 1399.2
1264760 1394.7
1264770 1389.4
1264780 1389.4
1264790 1386.3
1264800 1386.2
1264810 1387.3
1264820 1387.3
1264830 1386.2
1264840 1379.6
1264850 1379.6
1264860 1374.5
1264870 1368.5
1264880 1368.5
1264890 1363.6
1264900 1359.0
1264910 1359.0
1264920 1355.5
1264930 1353.1
1264940 1353.1
1264950 1350.4
1264960 1347.2
1264970 1347.2
1264980 1343.3
1264990 1339.3
1265000 1339.3
1265010 1334.5
1265020 1328.4
1265030 1322.2
1265040 1322.2
1265050 1315.8
1265060 1309.2
1265070 1309.2
1265080 1301.8
1265090 1295.3
1265100 1295.3
1265110 1291.1
1265120 1287.4
1265130 1287.4
1265140 1281.4
1265150 1277.6
1265160 1277.6
1265170 1277.2
1265180 1277.8
1265190 1277.8
1265200 1277.5
1265210 1274.2
1265220 1274.2
1265230 1270.0
1265240 1266.1
1265250 1266.1
1265260 1265.3
1265270 1262.2
1265280 1257.2
1265290 1257.2
1265300 1247.1
1265310 1240.7
1265320 1240.7
1265330 1235.2
1265340 1230.0
1265350 1230.0
1265360 1224.3
1265370 1221.6
1265380 1221.6
1265390 1218.2
1265400 1213.0
1265410 1213.0
1265420 1207.8
1265430 1202.6
1265440 1202.6
1265450 1197.7
1265460 1192.6
1265470 1192.6
1265480 1187.7
1265490 1182.7
1265500 1182.7
1265510 1176.5
1265520 1170.6
1265530 1166.0
1265540 1166.0
1265550 1161.6
1265560 1156.8
1265570 1156.8
1265580 1153.2
1265590 1150.6
1265600 1150.6
1265610 1148.3
1265620 1147.0
1265630 1147.0
1265640 1146.0
1265650 1144.3
1265660 1144.3
1265670 1143.1
1265680 1140.9
1265690 1140.9
1265700 1138.1
1265710 1135.5
1265720 1135.5
1265730 1132.4
1265740 1129.8
1265750 1129.8
1265760 1128.1
1265770 1126.4
1265780 1124.6
1265790 1124.6
1265800 1122.4
1265810 1119.5
1265820 1119.5
1265830 1115.6
1265840 1110.6
1265850 1110.6
1265860 1107.5
1265870 1106.2
1265880 1102.5
1265890 1101.2
1265900 1099.1
1265910 1099.1
1265920 1097.2
1265930 1095.3
1265940 1095.3
1265950 1093.3
1265960 1091.2
1265970 1091.2
1265980 1087.7
1265990 1082.3
1266000 1077.4
1266010 1077.4
1266020 1074.5
1266030 1072.2
1266040 1072.2
1266050 1068.4
1266060 1066.2
1266070 1066.2
1266080 1064.7
1266090 1063.7
1266100 1063.7
1266110 1061.5
1266120 1058.7
1266130 1058.7
1266140 1056.1
1266150 1054.2
1266160 1054.2
1266170 1053.1
1266180 1053.0
1266190 1053.0
1266200 1053.6
1266210 1054.0
1266220 1054.0
1266230 1053.3
1266240 1051.7
1266250 1050.0
1266260 1050.0
1266270 1048.1
1266280 1046.2
1266290 1046.2
1266300 1043.6
1266310 1040.5
1266320 1040.5
1266330 1038.1
1266340 1035.7
1266350 1035.7
1266360 1033.4
1266370 1030.9
1266380 1030.9
1266390 1028.3
1266400 1025.7
1266410 1025.7
1266420 1023.5
1266430 1021.7
1266440 1021.7
1266450 1019.8
1266460 1014.5
1266470 1014.5
1266480 1011.6
1266490 1009.4
1266500 1007.4
1266510 1007.4
1266520 1005.2
1266530 1003.3
1266540 1003.3
1266550 1002.1
1266560 1001.3
1266570 1001.3
1266580 1000.8
1266590 999.8
1266600 999.8
1266610 998.8
1266620 998.0
1266630 998.0
1266640 997.2
1266650 996.3
1266660 996.3
1266670 994.9
1266680 993.2
1266690 993.2
1266700 991.5
1266710 990.5
1266720 989.7
1266730 989.7
1266740 988.6
1266750 987.6
1266760 987.6
1266770 987.3
1266780 986.0
1266790 986.0
1266800 984.1
1266810 982.0
1266820 982.0
1266830 980.3
1266840 976.4
1266850 976.4
1266860 973.1
1266870 970.9
1266880 970.9
1266890 972.3
1266900 975.6
1266910 975.6
1266920 977.2
1266930 977.1
1266940 977.1
1266950 974.6
1266960 967.9
1266970 959.8
1266980 959.8
1266990 954.6
1267000 950.1
1267010 950.1
1267020 944.5
1267030 938.4
1267040 941.7
1267050 935.3
1267060 929.0
1267070 929.0
1267080 922.1
1267090 914.5
1267100 914.5
1267110 909.1
1267120 905.5
1267130 905.5
1267140 902.0
1267150 901.1
1267160 901.1
1267170 901.0
1267180 900.6
1267190 900.6
1267200 897.8
1267210 893.4
1267220 888.7
1267230 888.7
1267240 885.9
1267250 882.9
1267260 882.9
1267270 879.5
1267280 876.0
1267290 876.0
1267300 872.5
1267310 868.0
1267320 868.0
1267330 863.1
1267340 859.1
1267350 859.1
1267360 856.3
1267370 853.7
1267380 853.7
1267390 851.1
1267400 847.9
1267410 847.9
1267420 843.9
1267430 841.9
1267440 841.9
1267450 841.5
1267460 841.5
1267470 841.6
1267480 841.6
1267490 840.3
1267500 840.1
1267510 840.1
1267520 837.7
1267530 836.7
1267540 836.7
1267550 839.4
1267560 839.4
1267570 839.4
1267580 835.4
1267590 834.1
1267600 834.1
1267610 832.8
1267620 831.2
1267630 824.4
1267640 822.3
1267650 820.3
1267660 820.3
1267670 819.0
1267680 817.0
1267690 809.0
1267700 809.0
1267710 798.2
1267720 789.7
1267730 789.7
1267740 787.1
1267750 789.1
1267760 789.1
1267770 793.7
1267780 799.5
1267790 799.5
1267800 807.0
1267810 815.1
1267820 815.1
1267830 820.4
1267840 824.4
1267850 824.4
1267860 831.7
1267870 836.9
1267880 836.9
1267890 837.1
1267900 837.6
1267910 837.6
1267920 840.9
1267930 848.3
1267940 856.7
1267950 856.7
1267960 865.0
1267970 872.3
1267980 872.3
1267990 877.6
1268000 884.2
1268010 884.2
1268020 892.1
1268030 898.7
1268040 898.7
1268050 904.3
1268060 909.9
1268070 909.9
1268080 915.6
1268090 921.1
1268100 921.1
1268110 926.2
1268120 931.2
1268130 931.2
1268140 936.1
1268150 938.5
1268160 938.5
1268170 941.7
1268180 946.3
1268190 949.5
1268200 949.5
1268210 946.1
1268220 950.3
1268230 950.3
1268240 957.2
1268250 964.7
1268260 964.7
1268270 970.5
1268280 976.3
1268290 976.3
1268300 983.5
1268310 990.6
1268320 990.6
1268330 995.1
1268340 993.9
1268350 993.9
1268360 990.2
1268370 987.4
1268380 987.4
1268390 986.7
1268400 987.2
1268410 988.1
1268420 988.1
1268430 988.8
1268440 989.5
1268450 989.5
1268460 990.1
1268470 990.6
1268480 990.6
1268490 991.2
1268500 991.8
1268510 991.8
1268520 992.2
1268530 992.9
1268540 992.9
1268550 994.5
1268560 996.1
1268570 996.1
1268580 998.2
1268590 1000.5
1268600 1000.5
1268610 1001.7
1268620 1003.3
1268630 1003.3
1268640 1006.1
1268650 1009.7
1268660 1013.5
1268670 1013.5
1268680 1016.9
1268690 1020.2
1268700 1020.2
1268710 1022.1
1268720 1022.5
1268730 1022.5
1268740 1023.4
1268750 1025.3
1268760 1025.3
1268770 1026.3
1268780 1027.7
1268790 1027.7
1268800 1030.6
1268810 1032.5
1268820 1032.5
1268830 1035.2
1268840 1037.7
1268850 1037.7
1268860 1040.3
1268870 1043.0
1268880 1043.0
1268890 1045.7
1268900 1048.3
1268910 1050.5
1268920 1050.5
1268930 1052.4
1268940 1054.4
1268950 1054.4
1268960 1056.6
1268970 1058.4
1268980 1058.4
1268990 1060.3
1269000 1062.3
1269010 1062.3
1269020 1064.3
1269030 1066.6
1269040 1066.6
1269050 1069.4
1269060 1072.0
1269070 1072.0
1269080 1073.9
1269090 1075.4
1269100 1075.4
1269110 1076.1
1269120 1076.4
1269130 1076.4
1269140 1076.8
1269150 1077.9
1269160 1079.5
1269170 1079.5
1269180 1081.4
1269190 1082.9
1269200 1082.9
1269210 1083.4
1269220 1080.8
1269230 1080.8
1269240 1077.6
1269250 1079.1
1269260 1079.1
1269270 1083.7
1269280 1088.2
1269290 1088.2
1269300 1090.6
1269310 1092.4
1269320 1092.4
1269330 1094.5
1269340 1096.2
1269350 1096.2
1269360 1096.5
1269370 1099.0
1269380 1101.3
1269390 1105.5
1269400 1107.3
1269410 1108.9
1269420 1108.9
1269430 1110.8
1269440 1113.3
1269450 1113.3
1269460 1114.9
1269470 1115.9
1269480 1115.9
1269490 1116.5
1269500 1117.0
1269510 1117.0
1269520 1117.2
1269530 1116.3
1269540 1116.3
1269550 1116.0
1269560 1114.0
1269570 1114.0
1269580 1111.4
1269590 1109.9
1269600 1109.9
1269610 1108.8
1269620 1107.8
1269630 1107.5
1269640 1107.5
1269650 1107.0
1269660 1107.0
1269670 1107.0
1269680 1107.3
1269690 1107.2
1269700 1107.2
1269710 1107.3
1269720 1108.3
1269730 1108.3
1269740 1112.6
1269750 1117.8
1269760 1117.8
1269770 1120.7
1269780 1121.7
1269790 1121.7
1269800 1122.2
1269810 1121.9
1269820 1121.9
1269830 1121.6
1269840 1121.1
1269850 1121.1
1269860 1120.1
1269870 1119.0
1269880 1117.4
1269890 1117.4
1269900 1115.5
1269910 1113.3
1269920 1113.3
1269930 1111.7
1269940 1110.2
1269950 1110.2
1269960 1108.4
1269970 1106.7
1269980 1108.6
1269990 1106.6
1270000 1104.0
1270010 1104.0
1270020 1100.8
1270030 1098.0
1270040 1098.0
1270050 1096.9
1270060 1097.0
1270070 1097.0
1270080 1096.6
1270090 1095.0
1270100 1092.7
1270110 1092.7
1270120 1089.2
1270130 1084.1
1270140 1084.1
1270150 1078.3
1270160 1072.4
1270170 1072.4
1270180 1066.7
1270190 1062.3
1270200 1062.3
1270210 1057.9
1270220 1053.9
1270230 1053.9
1270240 1050.2
1270250 1046.1
1270260 1046.1
1270270 1041.8
1270280 1039.2
1270290 1039.2
1270300 1039.5
1270310 1040.4
1270320 1040.4
1270330 1041.6
1270340 1040.9
1270350 1034.0
1270360 1034.0
1270370 1028.6
1270380 1023.3
1270390 1023.3
1270400 1018.5
1270410 1016.0
1270420 1016.0
1270430 1016.6
1270440 1017.9
1270450 1017.9
1270460 1015.3
1270470 1010.0
1270480 1010.0
1270490 1004.7
1270500 999.4
1270510 999.4
1270520 994.4
1270530 989.6
1270540 989.6
1270550 985.4
1270560 982.5
1270570 982.5
1270580 987.4
1270590 986.5
1270600 982.0
1270610 982.0
1270620 977.3
1270630 973.8
1270640 973.8
1270650 974.1
1270660 977.3
1270670 977.3
1270680 980.3
1270690 980.5
1270700 980.5
1270710 980.0
1270720 981.1
1270730 981.1
1270740 980.6
1270750 977.5
1270760 977.5
1270770 973.0
1270780 966.7
1270790 966.7
1270800 961.3
1270810 959.3
1270820 959.3
1270830 958.0
1270840 957.4
1270850 952.1
1270860 952.1
1270870 944.2
1270880 938.3
1270890 938.3
1270900 932.8
1270910 925.6
1270920 925.6
1270930 917.3
1270940 910.3
1270950 910.3
1270960 906.3
1270970 900.0
1270980 900.0
1270990 892.6
1271000 890.0
1271010 890.0
1271020 887.0
1271030 881.4
1271040 881.4
1271050 874.0
1271060 867.9
1271070 861.1
1271080 861.1
1271090 856.4
1271100 852.0
1271110 852.0
1271120 847.8
1271130 842.3
1271140 842.3
1271150 835.0
1271160 827.9
1271170 833.4
1271180 827.0
1271190 820.9
1271200 820.9
1271210 815.2
1271220 807.8
1271230 807.8
1271240 798.2
1271250 789.7
1271260 789.7
1271270 786.1
1271280 789.9
1271290 789.9
1271300 799.0
1271310 806.4
1271320 814.1
1271330 814.1
1271340 821.0
1271350 828.6
1271360 828.6
1271370 837.0
1271380 851.2
1271390 851.2
1271400 866.7
1271410 875.7
1271420 875.7
1271430 881.4
1271440 887.1
1271450 887.1
1271460 893.3
1271470 900.1
1271480 900.1
1271490 906.5
1271500 912.4
1271510 912.4
1271520 918.1
1271530 923.9
1271540 923.9
1271550 930.5
1271560 935.0
1271570 936.5
1271580 936.5
1271590 937.3
1271600 938.0
1271610 938.0
1271620 938.8
1271630 939.5
1271640 939.5
1271650 940.3
1271660 941.1
1271670 941.1
1271680 941.9
1271690 943.0
1271700 943.0
1271710 944.1
1271720 945.3
1271730 945.3
1271740 946.8
1271750 949.2
1271760 949.2
1271770 949.9
1271780 951.3
1271790 952.1
1271800 952.1
1271810 952.9
1271820 953.5
1271830 953.5
1271840 954.1
1271850 954.8
1271860 954.8
1271870 955.6
1271880 956.3
1271890 956.3
1271900 956.6
1271910 957.0
1271920 957.0
1271930 957.6
1271940 958.1
1271950 958.1
1271960 958.1
1271970 958.5
1271980 958.5
1271990 959.0
1272000 959.5
1272010 959.5
1272020 959.8
1272030 960.0
1272040 958.6
1272050 958.6
1272060 953.7
1272070 946.7
1272080 946.7
1272090 938.4
1272100 929.6
1272110 929.6
1272120 922.3
1272130 916.5
1272140 916.5
1272150 912.2
1272160 910.6
1272170 910.6
1272180 913.4
1272190 919.3
1272200 919.3
1272210 926.3
1272220 933.8
1272230 933.8
1272240 941.4
1272250 949.0
1272260 949.0
1272270 955.1
1272280 961.1
1272290 967.9
1272300 967.9
1272310 973.6
1272320 978.7
1272330 978.7
1272340 983.4
1272350 988.2
1272360 988.2
1272370 999.6
1272380 1004.3
1272390 1004.3
1272400 1008.6
1272410 1010.7
1272420 1010.7
1272430 1011.8
1272440 1013.1
1272450 1013.1
1272460 1014.6
1272470 1016.5
1272480 1016.5
1272490 1018.7
1272500 1021.2
1272510 1024.2
1272520 1024.2
1272530 1027.9
1272540 1031.3
1272550 1031.3
1272560 1034.8
1272570 1038.6
1272580 1038.6
1272590 1042.1
1272600 1044.2
1272610 1044.2
1272620 1045.1
1272630 1044.8
1272640 1044.8
1272650 1044.2
1272660 1043.6
1272670 1043.6
1272680 1044.1
1272690 1045.5
1272700 1045.5
1272710 1045.8
1272720 1046.2
1272730 1046.2
1272740 1046.9
1272750 1047.5
1272760 1048.1
1272770 1048.1
1272780 1048.8
1272790 1049.7
1272800 1049.7
1272810 1050.5
1272820 1052.3
1272830 1052.3
1272840 1055.1
1272850 1059.0
1272860 1059.0
1272870 1062.1
1272880 1063.8
1272890 1063.8
1272900 1065.2
1272910 1066.2
1272920 1066.2
1272930 1067.3
1272940 1068.6
1272950 1068.6
1272960 1068.6
1272970 1065.4
1272980 1065.4
1272990 1064.3
1273000 1063.2
1273010 1061.9
1273020 1061.9
1273030 1061.6
1273040 1061.1
1273050 1061.1
1273060 1060.9
1273070 1060.9
1273080 1060.9
1273090 1061.2
1273100 1063.3
1273110 1063.3
1273120 1067.7
1273130 1071.8
1273140 1071.8
1273150 1076.5
1273160 1082.1
1273170 1082.1
1273180 1087.0
1273190 1091.2
1273200 1091.2
1273210 1096.5
1273220 1102.3
1273230 1102.3
1273240 1105.8
1273250 1107.6
1273260 1109.4
1273270 1109.4
1273280 1111.4
1273290 1114.0
1273300 1114.0
1273310 1117.0
1273320 1120.6
1273330 1120.6
1273340 1123.4
1273350 1124.6
1273360 1124.6
1273370 1125.7
1273380 1128.4
1273390 1128.4
1273400 1130.8
1273410 1133.3
1273420 1133.3
1273430 1135.2
1273440 1136.4
1273450 1136.4
1273460 1137.5
1273470 1139.2
1273480 1141.5
1273490 1141.5
1273500 1143.4
1273510 1144.9
1273520 1144.9
1273530 1147.3
1273540 1150.1
1273550 1150.1
1273560 1154.0
1273570 1155.0
1273580 1155.0
1273590 1159.1
1273600 1163.6
1273610 1163.6
1273620 1168.3
1273630 1171.9
1273640 1171.9
1273650 1174.9
1273660 1178.7
1273670 1178.7
1273680 1182.7
1273690 1186.4
1273700 1186.4
1273710 1189.6
1273720 1193.3
1273730 1197.4
1273740 1197.4
1273750 1201.3
1273760 1204.9
1273770 1204.9
1273780 1208.7
1273790 1213.5
1273800 1213.5
1273810 1218.2
1273820 1222.2
1273830 1222.2
1273840 1225.3
1273850 1228.2
1273860 1228.2
1273870 1231.2
1273880 1234.3
1273890 1234.3
1273900 1237.5
1273910 1240.9
1273920 1240.9
1273930 1244.3
1273940 1248.4
1273950 1248.4
1273960 1252.4
1273970 1257.0
1273980 1261.1
1273990 1261.1
1274000 1265.6
1274010 1270.2
1274020 1270.2
1274030 1274.5
1274040 1279.7
1274050 1279.7
1274060 1285.2
1274070 1289.7
1274080 1289.7
1274090 1294.1
1274100 1298.3
1274110 1298.3
1274120 1301.2
1274130 1303.3
1274140 1303.3
1274150 1305.1
1274160 1307.1
1274170 1306.1
1274180 1309.0
1274190 1312.9
1274200 1317.1
1274210 1317.1
1274220 1322.6
1274230 1327.2
1274240 1327.2
1274250 1331.8
1274260 1336.6
1274270 1336.6
1274280 1340.9
1274290 1344.5
1274300 1344.5
1274310 1347.3
1274320 1350.1
1274330 1350.1
1274340 1352.7
1274350 1355.4
1274360 1355.4
1274370 1358.3
1274380 1362.4
1274390 1362.4
1274400 1368.8
1274410 1371.1
1274420 1371.1
1274430 1371.9
1274440 1373.9
1274450 1380.0
1274460 1380.0
1274470 1387.0
1274480 1393.1
1274490 1393.1
1274500 1398.8
1274510 1403.9
1274520 1403.9
1274530 1407.9
1274540 1411.4
1274550 1411.4
1274560 1414.1
1274570 1415.9
1274580 1415.9
1274590 1417.6
1274600 1420.4
1274610 1420.4
1274620 1423.5
1274630 1426.7
1274640 1426.7
1274650 1430.5
1274660 1433.1
1274670 1433.1
1274680 1435.3
1274690 1438.3
1274700 1441.6
1274710 1441.6
1274720 1444.1
1274730 1446.7
1274740 1446.7
1274750 1449.2
1274760 1452.0
1274770 1452.6
1274780 1456.6
1274790 1459.6
1274800 1459.6
1274810 1462.2
1274820 1464.9
1274830 1464.9
1274840 1468.3
1274850 1471.6
1274860 1471.6
1274870 1474.0
1274880 1475.8
1274890 1475.8
1274900 1477.3
1274910 1479.2
1274920 1482.1
1274930 1482.1
1274940 1485.2
1274950 1487.8
1274960 1487.8
1274970 1489.8
1274980 1491.7
1274990 1491.7
1275000 1494.4
1275010 1497.2
1275020 1497.2
1275030 1500.1
1275040 1503.4
1275050 1503.4
1275060 1507.9
1275070 1511.4
1275080 1511.4
1275090 1513.2
1275100 1515.4
1275110 1515.4
1275120 1518.1
1275130 1520.7
1275140 1520.7
1275150 1523.3
1275160 1525.6
1275170 1527.0
1275180 1527.0
1275190 1528.7
1275200 1532.9
1275210 1532.9
1275220 1538.8
1275230 1543.7
1275240 1543.7
1275250 1548.8
1275260 1554.5
1275270 1554.5
1275280 1559.5
1275290 1564.8
1275300 1564.8
1275310 1570.8
1275320 1575.1
1275330 1575.1
1275340 1579.9
1275350 1587.1
1275360 1587.1
1275370 1593.9
1275380 1603.5
1275390 1603.5
1275400 1607.4
1275410 1611.0
1275420 1614.0
1275430 1614.0
1275440 1617.3
1275450 1621.4
1275460 1621.4
1275470 1625.4
1275480 1628.9
1275490 1628.9
1275500 1631.1
1275510 1634.0
1275520 1634.0
1275530 1637.6
1275540 1641.1
1275550 1641.1
1275560 1645.0
1275570 1648.9
1275580 1648.9
1275590 1652.8
1275600 1657.0
1275610 1657.0
1275620 1661.7
1275630 1666.6
1275640 1670.8
1275650 1670.8
1275660 1674.2
1275670 1677.2
1275680 1677.2
1275690 1681.1
1275700 1685.1
1275710 1685.1
1275720 1688.9
1275730 1692.5
1275740 1692.5
1275750 1695.4
1275760 1697.9
1275770 1697.9
1275780 1700.7
1275790 1702.4
1275800 1702.4
1275810 1703.7
1275820 1703.9
1275830 1703.9
1275840 1704.5
1275850 1705.8
1275860 1705.8
1275870 1707.0
1275880 1708.8
1275890 1710.9
1275900 1710.9
1275910 1713.3
1275920 1715.7
1275930 1715.7
1275940 1717.9
1275950 1719.8
1275960 1719.8
1275970 1723.2
1275980 1728.1
1275990 1732.6
1276000 1736.5
1276010 1739.6
1276020 1739.6
1276030 1743.2
1276040 1747.1
1276050 1747.1
1276060 1751.6
1276070 1755.7
1276080 1755.7
1276090 1760.0
1276100 1764.2
1276110 1764.2
1276120 1769.0
1276130 1775.2
1276140 1780.6
1276150 1780.6
1276160 1784.3
1276170 1787.1
1276180 1787.1
1276190 1789.3
1276200 1791.2
1276210 1791.2
1276220 1792.9
1276230 1794.9
1276240 1794.9
1276250 1797.0
1276260 1798.4
1276270 1798.4
1276280 1798.2
1276290 1799.3
1276300 1799.3
1276310 1801.8
1276320 1804.8
1276330 1804.8
1276340 1809.2
1276350 1815.3
1276360 1815.3
1276370 1820.4
1276380 1824.7
1276390 1829.8
1276400 1829.8
1276410 1836.0
1276420 1839.3
1276430 1839.3
1276440 1842.8
1276450 1846.6
1276460 1846.6
1276470 1848.0
1276480 1849.7
1276490 1849.7
1276500 1850.7
1276510 1854.4
1276520 1854.4
1276530 1858.6
1276540 1863.0
1276550 1863.0
1276560 1866.3
1276570 1867.7
1276580 1867.7
1276590 1869.5
1276600 1870.3
1276610 1874.7
1276620 1874.7
1276630 1878.1
1276640 1879.8
1276650 1879.8
1276660 1882.1
1276670 1886.0
1276680 1886.0
1276690 1890.3
1276700 1893.7
1276710 1893.7
1276720 1897.4
1276730 1900.5
1276740 1900.5
1276750 1903.5
1276760 1906.3
1276770 1906.3
1276780 1908.1
1276790 1910.9
1276800 1910.9
1276810 1914.7
1276820 1918.1
1276830 1918.1
1276840 1921.2
1276850 1923.7
1276860 1926.6
1276870 1926.6
1276880 1929.7
1276890 1933.3
1276900 1933.3
1276910 1936.3
1276920 1938.3
1276930 1938.3
1276940 1940.3
1276950 1942.7
1276960 1942.7
1276970 1944.5
1276980 1946.7
1276990 1946.7
1277000 1950.0
1277010 1953.4
1277020 1953.4
1277030 1958.3
1277040 1963.4
1277050 1963.4
1277060 1968.2
1277070 1973.4
1277080 1973.4
1277090 1979.2
1277100 1985.3
1277110 1992.7
1277120 1992.7
1277130 1998.6
1277140 2003.4
1277150 2003.4
1277160 2008.3
1277170 2013.1
1277180 2013.1
1277190 2017.4
1277200 2021.0
1277210 2018.6
1277220 2020.2
1277230 2021.9
1277240 2021.9
1277250 2024.0
1277260 2026.5
1277270 2026.5
1277280 2029.2
1277290 2032.4
1277300 2032.4
1277310 2035.9
1277320 2038.7
1277330 2041.3
1277340 2041.3
1277350 2044.0
1277360 2046.6
1277370 2046.6
1277380 2048.4
1277390 2050.2
1277400 2050.2
1277410 2052.4
1277420 2054.1
1277430 2054.1
1277440 2056.1
1277450 2057.4
1277460 2057.4
1277470 2058.8
1277480 2060.4
1277490 2060.4
1277500 2061.8
1277510 2062.9
1277520 2062.9
1277530 2062.4
1277540 2062.1
1277550 2062.1
1277560 2060.4
1277570 2057.2
1277580 2057.3
1277590 2057.3
1277600 2060.3
1277610 2062.0
1277620 2062.0
1277630 2060.4
1277640 2058.9
1277650 2058.9
1277660 2054.7
1277670 2051.7
1277680 2051.7
1277690 2050.4
1277700 2047.4
1277710 2047.4
1277720 2044.6
1277730 2043.0
1277740 2043.0
1277750 2042.7
1277760 2042.7
1277770 2042.7
1277780 2043.5
1277790 2045.4
1277800 2045.4
1277810 2046.4
1277820 2036.6
1277830 2034.1
1277840 2034.1
1277850 2034.6
1277860 2037.2
1277870 2037.2
1277880 2037.6
1277890 2036.7
1277900 2036.7
1277910 2032.7
1277920 2024.4
1277930 2024.4
1277940 2019.2
1277950 2011.6
1277960 2011.6
1277970 2006.7
1277980 2016.5
1277990 2016.5
1278000 2027.8
1278010 2031.0
1278020 2031.0
1278030 2029.1
1278040 2026.9
1278050 2025.7
1278060 2025.7
1278070 2022.2
1278080 2014.1
1278090 2014.1
1278100 2006.0
1278110 1998.8
1278120 1998.8
1278130 1989.2
1278140 1987.0
1278150 1987.0
1278160 1991.1
1278170 1997.9
1278180 1997.9
1278190 2002.5
1278200 2010.6
1278210 2010.6
1278220 2019.0
1278230 2020.7
1278240 2020.7
1278250 2018.9
1278260 2017.0
1278270 2017.0
1278280 2014.6
1278290 2012.0
1278300 2010.0
1278310 2010.0
1278320 2008.1
1278330 2006.5
1278340 2006.5
1278350 2005.0
1278360 2003.3
1278370 2003.3
1278380 2001.8
1278390 1999.9
1278400 1999.9
1278410 1997.7
1278420 1996.2
1278430 1996.2
1278440 1989.0
1278450 1987.5
1278460 1987.5
1278470 1987.0
1278480 1985.8
1278490 1985.8
1278500 1984.7
1278510 1983.3
1278520 1983.3
1278530 1982.6
1278540 1982.7
1278550 1982.7
1278560 1982.7
1278570 1983.4
1278580 1982.2
1278590 1982.2
1278600 1981.2
1278610 1979.0
1278620 1979.0
1278630 1976.0
1278640 1971.8
1278650 1971.8
1278660 1968.8
1278670 1966.1
1278680 1966.1
1278690 1962.0
1278700 1957.9
1278710 1957.9
1278720 1954.7
1278730 1952.2
1278740 1952.2
1278750 1952.4
1278760 1954.3
1278770 1954.3
1278780 1955.0
1278790 1956.3
1278800 1957.0
1278810 1957.0
1278820 1957.3
1278830 1957.3
1278840 1957.3
1278850 1957.7
1278860 1957.7
1278870 1957.7
1278880 1957.8
1278890 1960.8
1278900 1960.8
1278910 1964.9
1278920 1968.0
1278930 1968.0
1278940 1970.1
1278950 1973.1
1278960 1973.1
1278970 1974.5
1278980 1974.9
1278990 1974.9
1279000 1975.4
1279010 1976.9
1279020 1978.4
1279030 1978.4
1279040 1979.2
1279050 1979.1
1279060 1974.0
1279070 1976.7
1279080 1981.5
1279090 1981.5
1279100 1985.9
1279110 1988.6
1279120 1988.6
1279130 1990.3
1279140 1991.8
1279150 1991.8
1279160 1995.3
1279170 1999.1
1279180 1999.1
1279190 2002.0
1279200 2004.4
1279210 2004.4
1279220 2008.6
1279230 2013.2
1279240 2013.2
1279250 2016.0
1279260 2019.1
1279270 2021.9
1279280 2021.9
1279290 2023.7
1279300 2024.5
1279310 2024.5
1279320 2024.3
1279330 2025.7
1279340 2025.7
1279350 2027.3
1279360 2027.6
1279370 2027.6
1279380 2027.3
1279390 2029.0
1279400 2029.0
1279410 2031.9
1279420 2037.0
1279430 2037.0
1279440 2041.1
1279450 2044.5
1279460 2044.5
1279470 2051.6
1279480 2059.4
1279490 2059.4
1279500 2065.1
1279510 2070.5
1279520 2075.0
1279530 2075.0
1279540 2080.7
1279550 2087.6
1279560 2087.6
1279570 2093.0
1279580 2097.8
1279590 2097.8
1279600 2102.1
1279610 2107.0
1279620 2107.0
1279630 2110.9
1279640 2112.6
1279650 2112.6
1279660 2112.4
1279670 2112.8
1279680 2109.7
1279690 2111.0
1279700 2112.3
1279710 2112.3
1279720 2111.4
1279730 2110.2
1279740 2110.0
1279750 2110.0
1279760 2110.0
1279770 2109.2
1279780 2109.2
1279790 2108.7
1279800 2108.7
1279810 2108.7
1279820 2108.8
1279830 2109.7
1279840 2109.7
1279850 2110.9
1279860 2112.6
1279870 2112.6
1279880 2113.5
1279890 2113.9
1279900 2113.9
1279910 2115.0
1279920 2115.9
1279930 2115.9
1279940 2116.6
1279950 2118.6
1279960 2118.6
1279970 2120.1
1279980 2121.6
1279990 2123.0
