1260000 2157.6
1260010 2162.8
1260020 2168.8
1260030 2168.8
1260040 2174.9
1260050 2181.4
1260060 2181.4
1260070 2187.1
1260080 2192.4
1260090 2192.4
1260100 2197.4
1260110 2201.9
1260120 2201.9
1260130 2206.0
1260140 2208.8
1260150 2208.8
1260160 2208.6
1260170 2210.0
1260180 2210.0
1260190 2206.2
1260200 2198.0
1260210 2198.0
1260220 2191.3
1260230 2187.1
1260240 2181.1
1260250 2181.1
1260260 2173.6
1260270 2167.2
1260280 2167.2
1260290 2163.0
1260300 2154.2
1260310 2154.2
1260320 2149.9
1260330 2145.2
1260340 2145.2
1260350 2142.0
1260360 2140.4
1260370 2140.4
1260380 2140.2
1260390 2141.1
1260400 2141.1
1260410 2143.0
1260420 2145.6
1260430 2145.6
1260440 2149.4
1260450 2152.8
1260460 2152.8
1260470 2155.4
1260480 2156.2
1260490 2158.3
1260500 2158.3
1260510 2164.4
1260520 2170.2
1260530 2170.2
1260540 2175.1
1260550 2179.7
1260560 2179.7
1260570 2185.3
1260580 2191.5
1260590 2191.5
1260600 2188.8
1260610 2187.6
1260620 2187.6
1260630 2191.0
1260640 2198.0
1260650 2198.0
1260660 2204.4
1260670 2210.6
1260680 2210.6
1260690 2217.3
1260700 2222.7
1260710 2222.7
1260720 2226.2
1260730 2227.8
1260740 2228.3
1260750 2228.3
1260760 2226.9
1260770 2224.6
1260780 2224.6
1260790 2221.5
1260800 2217.8
1260810 2217.8
1260820 2213.5
1260830 2208.7
1260840 2208.7
1260850 2204.2
1260860 2199.4
1260870 2197.7
1260880 2192.5
1260890 2187.0
1260900 2187.0
1260910 2180.8
1260920 2174.7
1260930 2174.7
1260940 2168.8
1260950 2163.2
1260960 2163.2
1260970 2160.4
1260980 2157.5
1260990 2154.5
1261000 2154.5
1261010 2151.8
1261020 2147.9
1261030 2147.9
1261040 2144.1
1261050 2140.5
1261060 2140.5
1261070 2137.0
1261080 2133.9
1261090 2133.9
1261100 2130.9
1261110 2126.7
1261120 2126.7
1261130 2122.8
1261140 2118.5
1261150 2118.5
1261160 2114.4
1261170 2110.5
1261180 2110.5
1261190 2106.9
1261200 2103.2
1261210 2099.2
1261220 2099.2
1261230 2095.2
1261240 2091.7
1261250 2091.7
1261260 2087.2
1261270 2083.0
1261280 2083.0
1261290 2078.4
1261300 2073.7
1261310 2073.7
1261320 2069.0
1261330 2064.2
1261340 2064.2
1261350 2058.9
1261360 2053.6
1261370 2053.6
1261380 2047.9
1261390 2042.1
1261400 2042.1
1261410 2036.6
1261420 2031.8
1261430 2031.8
1261440 2026.6
1261450 2020.8
1261460 2014.9
1261470 2014.9
1261480 2009.4
1261490 2003.8
1261500 2003.8
1261510 1999.7
1261520 1996.0
1261530 1996.0
1261540 1990.7
1261550 1986.1
1261560 1986.1
1261570 1981.2
1261580 1976.4
1261590 1976.4
1261600 1971.0
1261610 1965.0
1261620 1965.0
1261630 1958.1
1261640 1951.6
1261650 1951.6
1261660 1944.3
1261670 1941.2
1261680 1941.2
1261690 1944.7
1261700 1947.2
1261710 1948.7
1261720 1948.7
1261730 1953.2
1261740 1954.9
1261750 1954.9
1261760 1955.7
1261770 1958.5
1261780 1958.5
1261790 1961.8
1261800 1963.3
1261810 1963.3
1261820 1964.8
1261830 1966.6
1261840 1966.6
1261850 1967.1
1261860 1965.0
1261870 1965.0
1261880 1970.0
1261890 1975.4
1261900 1975.4
1261910 1977.6
1261920 1979.3
1261930 1979.3
1261940 1980.1
1261950 1979.7
1261960 1979.8
1261970 1979.8
1261980 1979.5
1261990 1977.2
1262000 1977.2
1262010 1978.9
1262020 1976.7
1262030 1976.7
1262040 1973.1
1262050 1970.8
1262060 1970.8
1262070 1968.6
1262080 1965.0
1262090 1965.0
1262100 1961.5
1262110 1957.3
1262120 1957.3
1262130 1952.4
1262140 1945.8
1262150 1945.8
1262160 1944.1
1262170 1944.7
1262180 1941.5
1262190 1941.5
1262200 1937.5
1262210 1932.2
1262220 1932.2
1262230 1924.2
1262240 1913.4
1262250 1913.4
1262260 1903.7
1262270 1896.1
1262280 1896.1
1262290 1888.0
1262300 1886.1
1262310 1886.1
1262320 1880.4
1262330 1871.4
1262340 1871.4
1262350 1868.4
1262360 1871.9
1262370 1871.9
1262380 1865.4
1262390 1866.4
1262400 1866.4
1262410 1878.0
1262420 1876.2
1262430 1865.2
1262440 1865.2
1262450 1859.7
1262460 1855.6
1262470 1855.6
1262480 1852.5
1262490 1845.3
1262500 1845.3
1262510 1827.7
1262520 1811.7
1262530 1811.7
1262540 1804.5
1262550 1796.8
1262560 1796.8
1262570 1788.8
1262580 1785.0
1262590 1785.0
1262600 1777.6
1262610 1769.9
1262620 1769.9
1262630 1761.9
1262640 1753.5
1262650 1753.5
1262660 1752.4
1262670 1758.8
1262680 1761.8
1262690 1761.8
1262700 1771.8
1262710 1774.9
1262720 1774.9
1262730 1775.7
1262740 1776.2
1262750 1776.2
1262760 1774.9
1262770 1776.6
1262780 1776.6
1262790 1779.2
1262800 1779.7
1262810 1779.7
1262820 1780.0
1262830 1779.8
1262840 1779.8
1262850 1779.5
1262860 1778.6
1262870 1778.6
1262880 1779.3
1262890 1780.6
1262900 1780.6
1262910 1781.5
1262920 1782.1
1262930 1782.7
1262940 1782.7
1262950 1783.2
1262960 1781.8
1262970 1781.8
1262980 1780.2
1262990 1777.8
1263000 1777.8
1263010 1776.0
1263020 1775.6
1263030 1775.6
1263040 1774.5
1263050 1773.4
1263060 1773.4
1263070 1776.9
1263080 1781.9
1263090 1781.9
1263100 1786.9
1263110 1794.0
1263120 1794.0
1263130 1798.8
1263140 1802.4
1263150 1805.0
1263160 1812.2
1263170 1811.7
1263180 1809.8
1263190 1809.8
1263200 1806.2
1263210 1800.3
1263220 1800.3
1263230 1793.5
1263240 1791.5
1263250 1791.5
1263260 1786.6
1263270 1777.3
1263280 1777.3
1263290 1767.6
1263300 1757.1
1263310 1757.1
1263320 1753.2
1263330 1757.6
1263340 1757.6
1263350 1764.3
1263360 1773.2
1263370 1773.2
1263380 1782.6
1263390 1792.0
1263400 1793.0
1263410 1793.0
1263420 1789.9
1263430 1785.8
1263440 1785.8
1263450 1785.7
1263460 1781.9
1263470 1781.9
1263480 1778.3
1263490 1778.6
1263500 1778.6
1263510 1783.5
1263520 1793.2
1263530 1793.2
1263540 1807.9
1263550 1811.7
1263560 1811.7
1263570 1813.4
1263580 1813.3
1263590 1813.3
1263600 1811.7
1263610 1809.1
1263620 1809.1
1263630 1805.7
1263640 1802.3
1263650 1800.4
1263660 1800.4
1263670 1798.9
1263680 1796.7
1263690 1796.7
1263700 1793.4
1263710 1788.2
1263720 1788.2
1263730 1787.4
1263740 1781.7
1263750 1781.7
1263760 1776.6
1263770 1772.6
1263780 1772.6
1263790 1769.3
1263800 1767.3
1263810 1767.3
1263820 1764.3
1263830 1760.7
1263840 1760.7
1263850 1756.8
1263860 1753.3
1263870 1753.3
1263880 1749.3
1263890 1744.6
1263900 1741.5
1263910 1741.5
1263920 1737.4
1263930 1732.8
1263940 1732.8
1263950 1729.2
1263960 1729.6
1263970 1729.6
1263980 1730.3
1263990 1729.5
1264000 1729.5
1264010 1726.7
1264020 1728.9
1264030 1728.9
1264040 1729.4
1264050 1732.7
1264060 1732.7
1264070 1736.5
1264080 1739.5
1264090 1739.5
1264100 1741.6
1264110 1742.4
1264120 1742.4
1264130 1743.1
1264140 1744.1
1264150 1745.5
1264160 1745.5
1264170 1746.9
1264180 1748.2
1264190 1748.2
1264200 1751.2
1264210 1754.3
1264220 1754.3
1264230 1758.9
1264240 1761.3
1264250 1761.3
1264260 1763.2
1264270 1766.0
1264280 1766.0
1264290 1770.4
1264300 1775.3
1264310 1779.8
1264320 1781.4
1264330 1780.8
1264340 1780.8
1264350 1779.6
1264360 1777.1
1264370 1774.3
1264380 1774.3
1264390 1770.7
1264400 1766.1
1264410 1766.1
1264420 1761.7
1264430 1757.6
1264440 1757.6
1264450 1753.8
1264460 1749.3
1264470 1749.3
1264480 1744.0
1264490 1740.8
1264500 1740.8
1264510 1738.1
1264520 1735.2
1264530 1735.2
1264540 1731.3
1264550 1726.9
1264560 1726.9
1264570 1722.6
1264580 1718.5
1264590 1718.5
1264600 1714.5
1264610 1710.2
1264620 1705.2
1264630 1705.2
1264640 1700.9
1264650 1697.4
1264660 1697.4
1264670 1694.3
1264680 1691.1
1264690 1691.1
1264700 1687.4
1264710 1682.8
1264720 1682.8
1264730 1676.9
1264740 1671.1
1264750 1671.1
1264760 1666.2
1264770 1662.0
1264780 1662.0
1264790 1657.5
1264800 1652.7
1264810 1652.7
1264820 1648.0
1264830 1641.9
1264840 1641.9
1264850 1634.7
1264860 1627.5
1264870 1620.1
1264880 1620.1
1264890 1611.7
1264900 1604.8
1264910 1604.8
1264920 1598.5
1264930 1592.8
1264940 1592.8
1264950 1588.2
1264960 1583.6
1264970 1583.6
1264980 1579.2
1264990 1574.8
1265000 1574.8
1265010 1570.8
1265020 1567.3
1265030 1567.3
1265040 1564.4
1265050 1561.7
1265060 1561.7
1265070 1559.2
1265080 1556.9
1265090 1556.9
1265100 1554.4
1265110 1551.5
1265120 1548.3
1265130 1548.3
1265140 1543.2
1265150 1536.9
1265160 1536.9
1265170 1530.7
1265180 1525.5
1265190 1525.5
1265200 1520.9
1265210 1517.2
1265220 1517.2
1265230 1514.0
1265240 1510.8
1265250 1510.8
1265260 1506.8
1265270 1502.1
1265280 1502.1
1265290 1497.1
1265300 1493.0
1265310 1493.0
1265320 1490.0
1265330 1487.2
1265340 1484.2
1265350 1484.2
1265360 1481.3
1265370 1476.8
1265380 1476.8
1265390 1469.7
1265400 1462.9
1265410 1462.9
1265420 1456.3
1265430 1449.7
1265440 1449.7
1265450 1443.8
1265460 1438.4
1265470 1435.9
1265480 1431.2
1265490 1427.0
1265500 1427.0
1265510 1422.9
1265520 1418.6
1265530 1418.6
1265540 1413.9
1265550 1409.7
1265560 1409.7
1265570 1406.1
1265580 1402.8
1265590 1398.7
1265600 1398.7
1265610 1395.0
1265620 1391.0
1265630 1391.0
1265640 1386.6
1265650 1383.0
1265660 1383.0
1265670 1378.6
1265680 1374.3
1265690 1374.3
1265700 1369.9
1265710 1364.7
1265720 1364.7
1265730 1359.6
1265740 1355.0
1265750 1355.0
1265760 1350.7
1265770 1345.8
1265780 1345.8
1265790 1341.0
1265800 1335.9
1265810 1335.9
1265820 1329.6
1265830 1323.3
1265840 1316.9
1265850 1316.9
1265860 1310.7
1265870 1304.6
1265880 1304.6
1265890 1299.8
1265900 1296.1
1265910 1296.1
1265920 1291.8
1265930 1286.3
1265940 1286.3
1265950 1280.7
1265960 1276.0
1265970 1276.0
1265980 1271.6
1265990 1267.2
1266000 1267.2
1266010 1263.1
1266020 1260.2
1266030 1260.2
1266040 1258.0
1266050 1252.6
1266060 1252.6
1266070 1248.9
1266080 1245.5
1266090 1242.1
1266100 1242.1
1266110 1239.1
1266120 1236.4
1266130 1236.4
1266140 1232.7
1266150 1229.2
1266160 1229.2
1266170 1226.7
1266180 1224.1
1266190 1224.1
1266200 1221.6
1266210 1219.8
1266220 1219.8
1266230 1218.1
1266240 1214.4
1266250 1214.4
1266260 1210.0
1266270 1206.2
1266280 1206.2
1266290 1202.8
1266300 1199.7
1266310 1196.8
1266320 1196.8
1266330 1194.5
1266340 1192.3
1266350 1192.3
1266360 1189.8
1266370 1187.9
1266380 1187.9
1266390 1186.4
1266400 1185.2
1266410 1185.2
1266420 1183.6
1266430 1181.8
1266440 1181.8
1266450 1180.5
1266460 1179.3
1266470 1179.3
1266480 1178.0
1266490 1176.6
1266500 1176.6
1266510 1173.8
1266520 1170.7
1266530 1170.7
1266540 1168.0
1266550 1165.6
1266560 1163.5
1266570 1163.5
1266580 1160.5
1266590 1157.7
1266600 1157.7
1266610 1154.3
1266620 1151.7
1266630 1150.7
1266640 1148.2
1266650 1145.8
1266660 1145.8
1266670 1144.0
1266680 1142.6
1266690 1142.6
1266700 1141.1
1266710 1139.4
1266720 1139.4
1266730 1137.6
1266740 1135.1
1266750 1135.1
1266760 1131.6
1266770 1127.6
1266780 1127.6
1266790 1124.4
1266800 1121.4
1266810 1118.8
1266820 1118.8
1266830 1116.1
1266840 1113.1
1266850 1113.1
1266860 1109.8
1266870 1106.5
1266880 1106.5
1266890 1103.6
1266900 1101.3
1266910 1101.3
1266920 1099.3
1266930 1097.2
1266940 1097.2
1266950 1095.0
1266960 1092.8
1266970 1092.8
1266980 1091.4
1266990 1090.9
1267000 1090.9
1267010 1090.4
1267020 1086.3
1267030 1086.3
1267040 1080.1
1267050 1074.4
1267060 1070.2
1267070 1070.2
1267080 1066.2
1267090 1061.9
1267100 1061.9
1267110 1057.9
1267120 1054.1
1267130 1054.1
1267140 1050.0
1267150 1045.8
1267160 1045.8
1267170 1041.9
1267180 1039.0
1267190 1039.0
1267200 1036.6
1267210 1031.4
1267220 1031.4
1267230 1028.7
1267240 1026.5
1267250 1026.5
1267260 1024.4
1267270 1021.4
1267280 1018.6
1267290 1018.6
1267300 1015.8
1267310 1012.0
1267320 1012.0
1267330 1009.5
1267340 1007.8
1267350 1007.8
1267360 1005.5
1267370 1003.1
1267380 1003.1
1267390 1000.4
1267400 998.2
1267410 998.2
1267420 996.1
1267430 993.9
1267440 993.9
1267450 992.0
1267460 990.2
1267470 990.2
1267480 989.2
1267490 988.0
1267500 988.0
1267510 986.8
1267520 985.4
1267530 984.1
1267540 984.1
1267550 982.8
1267560 981.6
1267570 981.6
1267580 980.5
1267590 979.6
1267600 979.6
1267610 978.5
1267620 977.6
1267630 977.6
1267640 976.8
1267650 976.1
1267660 976.1
1267670 975.2
1267680 974.3
1267690 974.3
1267700 973.6
1267710 972.5
1267720 972.5
1267730 970.9
1267740 969.0
1267750 969.0
1267760 967.1
1267770 965.7
1267780 964.9
1267790 964.9
1267800 964.3
1267810 963.6
1267820 963.6
1267830 962.7
1267840 961.7
1267850 961.7
1267860 960.6
1267870 957.6
1267880 957.6
1267890 955.2
1267900 953.4
1267910 953.4
1267920 951.8
1267930 950.7
1267940 950.7
1267950 950.1
1267960 949.5
1267970 949.5
1267980 948.9
1267990 948.2
1268000 948.2
1268010 947.4
1268020 946.4
1268030 945.3
1268040 945.3
1268050 944.1
1268060 942.8
1268070 942.8
1268080 941.3
1268090 939.7
1268100 939.7
1268110 937.8
1268120 934.6
1268130 934.6
1268140 931.2
1268150 924.4
1268160 924.4
1268170 914.0
1268180 905.2
1268190 905.2
1268200 891.7
1268210 878.1
1268220 878.1
1268230 869.3
1268240 860.4
1268250 860.4
1268260 851.8
1268270 844.2
1268280 836.6
1268290 836.6
1268300 829.4
1268310 821.3
1268320 821.3
1268330 812.4
1268340 803.3
1268350 803.3
1268360 795.1
1268370 784.7
1268380 784.7
1268390 759.8
1268400 756.0
1268410 756.0
1268420 755.8
1268430 757.4
1268440 757.4
1268450 761.0
1268460 767.8
1268470 767.8
1268480 772.0
1268490 776.3
1268500 779.4
1268510 779.4
1268520 779.8
1268530 778.2
1268540 778.2
1268550 776.1
1268560 774.4
1268570 774.4
1268580 775.7
1268590 778.7
1268600 778.7
1268610 781.1
1268620 782.6
1268630 782.6
1268640 785.0
1268650 787.1
1268660 787.1
1268670 790.5
1268680 794.2
1268690 794.2
1268700 798.1
1268710 802.4
1268720 802.4
1268730 806.8
1268740 811.9
1268750 817.3
1268760 817.3
1268770 822.3
1268780 826.5
1268790 826.5
1268800 831.3
1268810 836.7
1268820 836.7
1268830 841.9
1268840 846.1
1268850 846.1
1268860 850.1
1268870 854.7
1268880 854.7
1268890 860.0
1268900 865.8
1268910 865.8
1268920 872.3
1268930 879.2
1268940 879.2
1268950 886.0
1268960 892.2
1268970 892.2
1268980 901.1
1268990 904.6
1269000 907.3
1269010 907.3
1269020 910.9
1269030 914.7
1269040 914.7
1269050 918.0
1269060 921.1
1269070 921.1
1269080 924.7
1269090 928.0
1269100 928.0
1269110 933.2
1269120 938.5
1269130 938.5
1269140 943.3
1269150 947.1
1269160 947.1
1269170 951.3
1269180 954.7
1269190 954.7
1269200 959.1
1269210 963.8
1269220 963.8
1269230 970.7
1269240 988.0
1269250 992.7
1269260 992.7
1269270 993.1
1269280 993.1
1269290 993.1
1269300 996.1
1269310 998.0
1269320 998.0
1269330 998.8
1269340 999.5
1269350 999.5
1269360 1000.6
1269370 1001.2
1269380 1001.2
1269390 1001.8
1269400 1002.9
1269410 1002.9
1269420 1003.8
1269430 1004.8
1269440 1004.8
1269450 1005.3
1269460 1004.0
1269470 1003.2
1269480 1003.2
1269490 1006.9
1269500 1011.5
1269510 1011.5
1269520 1013.1
1269530 1013.6
1269540 1013.6
1269550 1013.6
1269560 1013.6
1269570 1013.7
1269580 1013.7
1269590 1013.9
1269600 1013.9
1269610 1014.0
1269620 1014.1
1269630 1014.1
1269640 1014.3
1269650 1014.5
1269660 1014.5
1269670 1014.7
1269680 1014.7
1269690 1014.7
1269700 1014.8
1269710 1014.8
1269720 1014.8
1269730 1014.8
1269740 1014.9
1269750 1015.1
1269760 1015.1
1269770 1015.3
1269780 1015.5
1269790 1015.5
1269800 1015.5
1269810 1012.7
1269820 1012.7
1269830 1007.0
1269840 1003.1
1269850 1003.1
1269860 1001.1
1269870 999.4
1269880 999.4
1269890 997.7
1269900 996.1
1269910 996.1
1269920 995.0
1269930 994.2
1269940 994.2
1269950 993.6
1269960 993.1
1269970 992.7
1269980 992.7
1269990 992.2
1270000 990.7
1270010 990.7
1270020 988.7
1270030 988.1
1270040 988.1
1270050 988.1
1270060 987.8
1270070 987.8
1270080 987.2
1270090 986.6
1270100 986.6
1270110 986.1
1270120 985.0
1270130 985.0
1270140 983.3
1270150 981.8
1270160 986.7
1270170 987.0
1270180 986.3
1270190 986.3
1270200 984.3
1270210 981.6
1270220 977.8
1270230 977.8
1270240 973.2
1270250 969.0
1270260 969.0
1270270 967.9
1270280 967.2
1270290 967.2
1270300 966.8
1270310 965.6
1270320 965.6
1270330 964.3
1270340 961.9
1270350 961.9
1270360 957.2
1270370 952.5
1270380 952.5
1270390 947.5
1270400 943.6
1270410 943.6
1270420 938.1
1270430 932.3
1270440 926.9
1270450 926.9
1270460 923.6
1270470 923.4
1270480 923.4
1270490 925.7
1270500 928.4
1270510 928.4
1270520 926.4
1270530 933.2
1270540 933.2
1270550 940.2
1270560 940.6
1270570 940.6
1270580 935.2
1270590 924.6
1270600 924.6
1270610 920.9
1270620 917.8
1270630 917.8
1270640 915.3
1270650 908.5
1270660 908.5
1270670 900.9
1270680 894.4
1270690 887.6
1270700 887.6
1270710 881.2
1270720 877.5
1270730 877.5
1270740 877.5
1270750 871.9
1270760 871.9
1270770 871.2
1270780 869.4
1270790 869.4
1270800 867.4
1270810 862.7
1270820 862.7
1270830 857.3
1270840 852.2
1270850 852.2
1270860 845.3
1270870 835.6
1270880 835.6
1270890 823.6
1270900 813.6
1270910 813.6
1270920 804.8
1270930 798.0
1270940 792.0
1270950 792.0
1270960 785.1
1270970 776.2
1270980 776.2
1270990 768.8
1271000 761.0
1271010 761.0
1271020 755.5
1271030 755.4
1271040 755.4
1271050 758.9
1271060 761.9
1271070 761.9
1271080 765.0
1271090 766.9
1271100 766.9
1271110 769.3
1271120 772.9
1271130 772.9
1271140 776.8
1271150 778.3
1271160 778.3
1271170 778.7
1271180 782.6
1271190 786.2
1271200 786.2
1271210 790.0
1271220 795.0
1271230 795.0
1271240 801.2
1271250 806.5
1271260 806.5
1271270 807.4
1271280 808.9
1271290 808.9
1271300 809.6
1271310 809.8
1271320 809.8
1271330 812.1
1271340 817.0
1271350 822.9
1271360 826.3
1271370 830.1
1271380 830.1
1271390 836.2
1271400 842.3
1271410 845.9
1271420 845.9
1271430 848.7
1271440 852.7
1271450 852.7
1271460 857.9
1271470 863.3
1271480 863.3
1271490 868.8
1271500 874.5
1271510 874.5
1271520 879.8
1271530 885.7
1271540 885.7
1271550 890.1
1271560 893.5
1271570 893.5
1271580 895.5
1271590 898.2
1271600 898.2
1271610 901.6
1271620 904.9
1271630 904.9
1271640 907.5
1271650 909.6
1271660 912.1
1271670 912.1
1271680 913.9
1271690 915.4
1271700 915.4
1271710 917.0
1271720 918.4
1271730 918.4
1271740 920.0
1271750 921.9
1271760 921.9
1271770 923.7
1271780 925.8
1271790 925.8
1271800 928.8
1271810 932.1
1271820 932.1
1271830 935.3
1271840 938.0
1271850 938.0
1271860 940.7
1271870 943.3
1271880 943.3
1271890 945.6
1271900 947.7
1271910 951.1
1271920 951.1
1271930 955.2
1271940 962.7
1271950 962.7
1271960 966.6
1271970 970.8
1271980 970.8
1271990 974.3
1272000 977.3
1272010 977.3
1272020 981.4
1272030 985.0
1272040 985.0
1272050 989.7
1272060 994.6
1272070 994.6
1272080 998.8
1272090 1003.3
1272100 1003.3
1272110 1008.2
1272120 1013.1
1272130 1013.1
1272140 1017.4
1272150 1021.8
1272160 1025.2
1272170 1025.2
1272180 1029.2
1272190 1034.7
1272200 1034.7
1272210 1042.0
1272220 1049.3
1272230 1049.3
1272240 1055.9
1272250 1058.4
1272260 1058.4
1272270 1059.8
1272280 1065.8
1272290 1065.8
1272300 1072.9
1272310 1077.9
1272320 1077.9
1272330 1079.4
1272340 1080.5
1272350 1080.5
1272360 1081.6
1272370 1082.9
1272380 1084.4
1272390 1084.4
1272400 1086.1
1272410 1087.8
1272420 1087.8
1272430 1089.8
1272440 1092.0
1272450 1092.0
1272460 1093.6
1272470 1095.1
1272480 1095.1
1272490 1096.8
1272500 1098.7
1272510 1098.7
1272520 1100.6
1272530 1102.7
1272540 1100.1
1272550 1101.8
1272560 1103.5
1272570 1103.5
1272580 1104.7
1272590 1105.5
1272600 1105.5
1272610 1106.0
1272620 1106.3
1272630 1106.6
1272640 1106.6
1272650 1106.9
1272660 1107.9
1272670 1107.9
1272680 1109.6
1272690 1110.5
1272700 1110.5
1272710 1111.2
1272720 1113.1
1272730 1113.1
1272740 1114.8
1272750 1116.5
1272760 1116.5
1272770 1118.5
1272780 1120.7
1272790 1120.7
1272800 1123.2
1272810 1125.4
1272820 1125.4
1272830 1126.2
1272840 1125.7
1272850 1125.7
1272860 1125.1
1272870 1124.8
1272880 1125.7
1272890 1125.7
1272900 1127.5
1272910 1129.8
1272920 1129.8
1272930 1132.9
1272940 1135.7
1272950 1135.7
1272960 1138.2
1272970 1140.0
1272980 1140.0
1272990 1141.7
1273000 1144.2
1273010 1144.2
1273020 1146.4
1273030 1148.5
1273040 1148.5
1273050 1150.2
1273060 1151.4
1273070 1151.4
1273080 1152.3
1273090 1153.4
1273100 1153.4
1273110 1154.6
1273120 1155.9
1273130 1157.0
1273140 1151.7
1273150 1152.6
1273160 1153.5
1273170 1153.5
1273180 1154.1
1273190 1154.5
1273200 1154.5
1273210 1154.0
1273220 1155.0
1273230 1155.0
1273240 1157.0
1273250 1158.3
1273260 1158.3
1273270 1159.1
1273280 1159.6
1273290 1159.6
1273300 1159.8
1273310 1158.3
1273320 1158.3
1273330 1155.2
1273340 1146.3
1273350 1137.0
1273360 1137.0
1273370 1130.5
1273380 1124.0
1273390 1124.0
1273400 1123.0
1273410 1123.1
1273420 1123.1
1273430 1122.0
1273440 1122.4
1273450 1122.4
1273460 1121.9
1273470 1125.4
1273480 1125.4
1273490 1130.4
1273500 1132.7
1273510 1132.7
1273520 1132.2
1273530 1134.0
1273540 1134.0
1273550 1131.5
1273560 1125.0
1273570 1125.0
1273580 1115.2
1273590 1109.6
1273600 1106.7
1273610 1106.7
1273620 1104.4
1273630 1102.8
1273640 1102.8
1273650 1099.6
1273660 1098.3
1273670 1098.3
1273680 1100.4
1273690 1103.7
1273700 1103.7
1273710 1108.5
1273720 1113.3
1273730 1113.3
1273740 1125.1
1273750 1129.5
1273760 1129.5
1273770 1133.6
1273780 1136.6
1273790 1136.6
1273800 1139.1
1273810 1141.3
1273820 1141.3
1273830 1143.7
1273840 1146.1
1273850 1149.8
1273860 1149.8
1273870 1153.1
1273880 1156.3
1273890 1156.3
1273900 1160.6
1273910 1165.2
1273920 1165.2
1273930 1168.8
1273940 1172.2
1273950 1172.2
1273960 1175.9
1273970 1179.3
1273980 1179.3
1273990 1182.2
1274000 1184.4
1274010 1184.4
1274020 1185.5
1274030 1187.2
1274040 1187.2
1274050 1190.6
1274060 1195.9
1274070 1195.9
1274080 1202.5
1274090 1208.2
1274100 1211.3
1274110 1211.3
1274120 1212.4
1274130 1212.2
1274140 1212.2
1274150 1211.8
1274160 1212.3
1274170 1212.3
1274180 1213.6
1274190 1216.4
1274200 1216.4
1274210 1220.5
1274220 1225.4
1274230 1225.4
1274240 1230.3
1274250 1235.4
1274260 1235.4
1274270 1241.2
1274280 1245.4
1274290 1245.4
1274300 1248.0
1274310 1250.5
1274320 1253.8
1274330 1253.8
1274340 1257.1
1274350 1261.7
1274360 1261.7
1274370 1264.4
1274380 1266.2
1274390 1266.2
1274400 1267.7
1274410 1268.1
1274420 1268.1
1274430 1269.0
1274440 1270.4
1274450 1270.4
1274460 1272.3
1274470 1276.2
1274480 1276.2
1274490 1280.8
1274500 1285.6
1274510 1285.6
1274520 1290.2
1274530 1294.6
1274540 1294.6
1274550 1299.3
1274560 1303.3
1274570 1307.9
1274580 1307.9
1274590 1312.9
1274600 1317.0
1274610 1317.0
1274620 1321.0
1274630 1326.3
1274640 1326.3
1274650 1332.3
1274660 1337.8
1274670 1337.8
1274680 1343.1
1274690 1348.9
1274700 1348.9
1274710 1353.7
1274720 1358.9
1274730 1358.9
1274740 1364.1
1274750 1368.9
1274760 1368.9
1274770 1375.8
1274780 1382.0
1274790 1382.0
1274800 1386.6
1274810 1392.7
1274820 1399.0
1274830 1399.0
1274840 1401.6
1274850 1402.8
1274860 1402.8
1274870 1403.5
1274880 1404.2
1274890 1404.2
1274900 1404.3
1274910 1403.3
1274920 1403.3
1274930 1401.6
1274940 1403.0
1274950 1407.1
1274960 1413.1
1274970 1420.6
1274980 1420.6
1274990 1427.9
1275000 1434.5
1275010 1434.5
1275020 1439.0
1275030 1442.4
1275040 1442.4
1275050 1445.1
1275060 1447.4
1275070 1449.6
1275080 1449.6
1275090 1452.8
1275100 1457.2
1275110 1457.2
1275120 1461.6
1275130 1465.6
1275140 1465.6
1275150 1469.4
1275160 1472.3
1275170 1472.3
1275180 1475.8
1275190 1479.7
1275200 1479.7
1275210 1481.0
1275220 1482.9
1275230 1482.9
1275240 1485.7
1275250 1487.7
1275260 1487.7
1275270 1489.1
1275280 1488.6
1275290 1489.5
1275300 1489.5
1275310 1493.0
1275320 1496.8
1275330 1496.8
1275340 1501.2
1275350 1505.4
1275360 1505.4
1275370 1507.8
1275380 1509.0
1275390 1509.0
1275400 1509.7
1275410 1510.0
1275420 1510.0
1275430 1510.5
1275440 1513.0
1275450 1513.0
1275460 1515.7
1275470 1517.4
1275480 1517.4
1275490 1519.0
1275500 1521.1
1275510 1521.1
1275520 1525.0
1275530 1529.5
1275540 1533.5
1275550 1533.5
1275560 1541.4
1275570 1546.0
1275580 1546.0
1275590 1548.3
1275600 1550.0
1275610 1550.0
1275620 1550.7
1275630 1553.3
1275640 1553.3
1275650 1558.3
1275660 1562.2
1275670 1562.2
1275680 1566.1
1275690 1569.7
1275700 1569.7
1275710 1573.1
1275720 1576.4
1275730 1576.4
1275740 1580.3
1275750 1584.4
1275760 1584.4
1275770 1588.4
1275780 1592.1
1275790 1595.0
1275800 1595.0
1275810 1598.7
1275820 1602.8
1275830 1602.8
1275840 1605.7
1275850 1608.7
1275860 1608.7
1275870 1611.8
1275880 1614.9
1275890 1614.9
1275900 1616.8
1275910 1619.7
1275920 1619.7
1275930 1621.8
1275940 1622.3
1275950 1622.3
1275960 1623.0
1275970 1624.4
1275980 1624.4
1275990 1626.4
1276000 1627.6
1276010 1627.6
1276020 1629.4
1276030 1631.5
1276040 1633.2
1276050 1633.2
1276060 1635.6
1276070 1638.2
1276080 1638.2
1276090 1640.8
1276100 1644.1
1276110 1644.1
1276120 1647.4
1276130 1651.2
1276140 1651.2
1276150 1655.4
1276160 1659.1
1276170 1660.3
1276180 1663.8
1276190 1668.1
1276200 1668.1
1276210 1671.7
1276220 1674.9
1276230 1674.9
1276240 1678.1
1276250 1680.6
1276260 1681.9
1276270 1681.9
1276280 1681.5
1276290 1681.4
1276300 1681.4
1276310 1684.5
1276320 1689.7
1276330 1689.7
1276340 1695.0
1276350 1699.8
1276360 1699.8
1276370 1704.0
1276380 1707.4
1276390 1707.4
1276400 1710.2
1276410 1712.5
1276420 1712.5
1276430 1715.0
1276440 1717.9
1276450 1717.9
1276460 1720.8
1276470 1724.4
1276480 1724.4
1276490 1727.8
1276500 1731.1
1276510 1734.7
1276520 1734.7
1276530 1737.5
1276540 1739.7
1276550 1739.7
1276560 1741.2
1276570 1742.9
1276580 1742.9
1276590 1746.5
1276600 1750.0
1276610 1750.0
1276620 1753.1
1276630 1755.8
1276640 1755.8
1276650 1758.2
1276660 1760.9
1276670 1760.9
1276680 1764.6
1276690 1768.0
1276700 1768.0
1276710 1771.0
1276720 1773.1
1276730 1773.1
1276740 1773.7
1276750 1774.0
1276760 1775.6
1276770 1775.6
1276780 1778.9
1276790 1780.9
1276800 1780.9
1276810 1782.6
1276820 1783.2
1276830 1783.2
1276840 1783.1
1276850 1783.4
1276860 1783.4
1276870 1784.7
1276880 1784.8
1276890 1784.8
1276900 1783.8
1276910 1784.4
1276920 1784.4
1276930 1785.1
1276940 1785.9
1276950 1785.9
1276960 1787.1
1276970 1787.2
1276980 1787.2
1276990 1789.5
1277000 1793.3
1277010 1796.3
1277020 1796.3
1277030 1799.6
1277040 1803.3
1277050 1803.3
1277060 1806.8
1277070 1810.2
1277080 1810.2
1277090 1813.9
1277100 1818.5
1277110 1818.5
1277120 1822.6
1277130 1826.7
1277140 1826.7
1277150 1830.1
1277160 1832.3
1277170 1832.3
1277180 1834.0
1277190 1836.4
1277200 1836.4
1277210 1838.8
1277220 1841.5
1277230 1845.4
1277240 1845.4
1277250 1847.8
1277260 1849.1
1277270 1849.1
1277280 1852.2
1277290 1855.0
1277300 1855.0
1277310 1858.3
1277320 1863.0
1277330 1863.0
1277340 1867.4
1277350 1871.2
1277360 1871.2
1277370 1875.2
1277380 1879.4
1277390 1882.9
1277400 1886.4
1277410 1890.0
1277420 1890.0
1277430 1893.2
1277440 1894.7
1277450 1894.7
1277460 1897.3
1277470 1899.8
1277480 1901.7
1277490 1901.7
1277500 1905.7
1277510 1909.6
1277520 1909.6
1277530 1911.9
1277540 1913.7
1277550 1913.7
1277560 1914.7
1277570 1916.3
1277580 1916.3
1277590 1919.6
1277600 1923.5
1277610 1923.5
1277620 1927.4
1277630 1932.6
1277640 1932.6
1277650 1938.3
1277660 1944.0
1277670 1944.0
1277680 1949.0
1277690 1952.6
1277700 1952.6
1277710 1956.0
1277720 1960.5
1277730 1964.2
1277740 1964.2
1277750 1967.8
1277760 1972.3
1277770 1972.3
1277780 1977.2
1277790 1982.0
1277800 1982.0
1277810 1986.1
1277820 1990.2
1277830 1990.2
1277840 1993.4
1277850 1996.8
1277860 1996.8
1277870 1999.7
1277880 2002.8
1277890 2002.8
1277900 2004.9
1277910 2008.2
1277920 2008.2
1277930 2009.1
1277940 2011.2
1277950 2011.2
1277960 2014.1
1277970 2016.3
1277980 2018.4
1277990 2018.4
1278000 2021.1
1278010 2027.7
1278020 2027.7
1278030 2031.3
1278040 2034.2
1278050 2034.2
1278060 2038.3
1278070 2042.2
1278080 2042.2
1278090 2044.3
1278100 2045.8
1278110 2045.8
1278120 2046.2
1278130 2047.2
1278140 2047.2
1278150 2051.9
1278160 2057.9
1278170 2057.9
1278180 2063.2
1278190 2066.7
1278200 2069.1
1278210 2069.1
1278220 2071.8
1278230 2074.4
1278240 2074.4
1278250 2076.2
1278260 2078.7
1278270 2078.7
1278280 2081.6
1278290 2083.9
1278300 2083.9
1278310 2085.7
1278320 2086.9
1278330 2086.9
1278340 2088.2
1278350 2090.0
1278360 2090.0
1278370 2092.0
1278380 2093.0
1278390 2093.0
1278400 2093.8
1278410 2094.9
1278420 2094.9
1278430 2096.3
1278440 2099.0
1278450 2101.6
1278460 2101.6
1278470 2103.4
1278480 2105.7
1278490 2105.7
1278500 2108.0
1278510 2109.9
1278520 2109.9
1278530 2112.0
1278540 2113.8
1278550 2113.8
1278560 2115.2
1278570 2115.9
1278580 2115.9
1278590 2116.0
1278600 2115.0
1278610 2115.0
1278620 2118.1
1278630 2115.1
1278640 2115.1
1278650 2113.9
1278660 2114.5
1278670 2114.5
1278680 2115.7
1278690 2117.3
1278700 2114.8
1278710 2114.8
1278720 2112.3
1278730 2111.0
1278740 2111.0
1278750 2112.1
1278760 2113.4
1278770 2113.4
1278780 2115.1
1278790 2117.7
1278800 2117.7
1278810 2120.5
1278820 2123.1
1278830 2123.1
1278840 2125.1
1278850 2125.8
1278860 2125.8
1278870 2126.9
1278880 2129.3
1278890 2129.3
1278900 2131.7
1278910 2134.5
1278920 2134.5
1278930 2137.4
1278940 2138.8
1278950 2140.2
1278960 2140.2
1278970 2142.9
1278980 2145.2
1278990 2145.2
1279000 2146.8
1279010 2148.6
1279020 2148.6
1279030 2150.2
1279040 2151.7
1279050 2151.7
1279060 2154.0
1279070 2156.4
1279080 2156.4
1279090 2158.5
1279100 2160.2
1279110 2160.2
1279120 2162.7
1279130 2165.1
1279140 2165.1
1279150 2167.3
1279160 2169.4
1279170 2171.9
1279180 2171.9
1279190 2174.8
1279200 2178.2
1279210 2178.2
1279220 2181.3
1279230 2184.1
1279240 2183.8
1279250 2186.8
1279260 2189.7
1279270 2189.7
1279280 2191.9
1279290 2194.1
1279300 2194.1
1279310 2196.5
1279320 2198.0
1279330 2198.0
1279340 2200.1
1279350 2202.6
1279360 2202.6
1279370 2204.6
1279380 2206.4
1279390 2206.4
1279400 2208.4
1279410 2210.0
1279420 2211.7
1279430 2211.7
1279440 2213.6
1279450 2215.3
1279460 2215.3
1279470 2216.8
1279480 2218.2
1279490 2218.2
1279500 2220.0
1279510 2223.2
1279520 2223.2
1279530 2226.0
1279540 2228.7
1279550 2228.7
1279560 2231.4
1279570 2234.1
1279580 2234.1
1279590 2237.6
1279600 2241.4
1279610 2241.4
1279620 2245.4
1279630 2248.6
1279640 2248.6
1279650 2251.1
1279660 2253.5
1279670 2255.8
1279680 2255.8
1279690 2258.7
1279700 2262.4
1279710 2262.4
1279720 2266.3
1279730 2269.1
1279740 2269.1
1279750 2272.4
1279760 2274.1
1279770 2274.1
1279780 2275.7
1279790 2278.0
1279800 2278.0
1279810 2280.4
1279820 2283.5
1279830 2283.5
1279840 2286.5
1279850 2289.0
1279860 2289.8
1279870 2292.9
1279880 2296.6
1279890 2296.6
1279900 2300.3
1279910 2304.2
1279920 2309.1
1279930 2309.1
1279940 2313.9
1279950 2318.7
1279960 2318.7
1279970 2323.5
1279980 2329.4
1279990 2329.4
