1260000 2184.6
1260010 2184.6
1260020 2190.4
1260030 2195.6
1260040 2195.6
1260050 2200.6
1260060 2205.1
1260070 2205.1
1260080 2210.0
1260090 2215.2
1260100 2215.2
1260110 2222.7
1260120 2223.0
1260130 2223.0
1260140 2218.1
1260150 2218.4
1260160 2218.4
1260170 2225.9
1260180 2224.7
1260190 2224.7
1260200 2227.9
1260210 2220.5
1260220 2220.5
1260230 2222.9
1260240 2224.6
1260250 2227.6
1260260 2227.6
1260270 2231.2
1260280 2235.4
1260290 2235.4
1260300 2239.2
1260310 2243.3
1260320 2243.3
1260330 2249.1
1260340 2258.7
1260350 2258.7
1260360 2271.5
1260370 2276.1
1260380 2276.1
1260390 2282.2
1260400 2293.3
1260410 2293.3
1260420 2309.5
1260430 2320.8
1260440 2320.8
1260450 2324.7
1260460 2321.1
1260470 2321.1
1260480 2321.6
1260490 2312.9
1260500 2314.7
1260510 2314.7
1260520 2324.6
1260530 2333.4
1260540 2333.4
1260550 2342.7
1260560 2353.4
1260570 2353.4
1260580 2364.4
1260590 2374.1
1260600 2374.1
1260610 2382.4
1260620 2391.2
1260630 2391.2
1260640 2396.0
1260650 2398.0
1260660 2398.0
1260670 2399.7
1260680 2401.6
1260690 2401.6
1260700 2403.2
1260710 2401.5
1260720 2401.5
1260730 2396.8
1260740 2389.5
1260750 2380.8
1260760 2380.8
1260770 2371.9
1260780 2364.3
1260790 2364.3
1260800 2356.0
1260810 2346.9
1260820 2346.9
1260830 2335.8
1260840 2321.6
1260850 2321.6
1260860 2306.9
1260870 2292.9
1260880 2292.9
1260890 2281.7
1260900 2269.7
1260910 2269.7
1260920 2260.6
1260930 2254.4
1260940 2254.4
1260950 2248.6
1260960 2242.6
1260970 2242.6
1260980 2235.9
1260990 2228.7
1261000 2221.1
1261010 2221.1
1261020 2213.8
1261030 2204.5
1261040 2204.5
1261050 2198.1
1261060 2192.7
1261070 2192.7
1261080 2186.1
1261090 2178.8
1261100 2178.8
1261110 2171.9
1261120 2159.9
1261130 2159.9
1261140 2128.9
1261150 2119.4
1261160 2119.4
1261170 2114.2
1261180 2109.4
1261190 2109.4
1261200 2104.3
1261210 2099.1
1261220 2094.0
1261230 2094.0
1261240 2089.1
1261250 2083.6
1261260 2083.6
1261270 2078.2
1261280 2073.2
1261290 2073.2
1261300 2068.3
1261310 2063.7
1261320 2063.7
1261330 2059.7
1261340 2056.4
1261350 2056.4
1261360 2050.4
1261370 2047.6
1261380 2047.6
1261390 2045.3
1261400 2043.0
1261410 2043.0
1261420 2040.5
1261430 2038.1
1261440 2038.1
1261450 2036.4
1261460 2034.2
1261470 2032.4
1261480 2032.4
1261490 2030.3
1261500 2027.9
1261510 2027.9
1261520 2024.3
1261530 2020.1
1261540 2020.1
1261550 2018.0
1261560 2017.1
1261570 2017.1
1261580 2015.9
1261590 2015.3
1261600 2015.3
1261610 2014.5
1261620 2012.1
1261630 2012.1
1261640 2009.8
1261650 2011.1
1261660 2011.1
1261670 2007.0
1261680 1992.2
1261690 1992.2
1261700 1983.8
1261710 1977.4
1261720 1970.5
1261730 1970.5
1261740 1964.4
1261750 1958.7
1261760 1958.7
1261770 1953.2
1261780 1947.8
1261790 1947.8
1261800 1942.2
1261810 1936.6
1261820 1936.6
1261830 1931.4
1261840 1926.8
1261850 1926.8
1261860 1922.5
1261870 1918.7
1261880 1918.7
1261890 1915.0
1261900 1910.3
1261910 1910.3
1261920 1904.3
1261930 1894.5
1261940 1894.5
1261950 1886.7
1261960 1878.7
1261970 1870.6
1261980 1870.6
1261990 1861.5
1262000 1852.2
1262010 1852.2
1262020 1843.8
1262030 1837.0
1262040 1837.0
1262050 1828.6
1262060 1820.3
1262070 1820.3
1262080 1814.9
1262090 1807.9
1262100 1807.9
1262110 1800.5
1262120 1793.8
1262130 1793.8
1262140 1787.6
1262150 1781.1
1262160 1781.1
1262170 1773.0
1262180 1762.6
1262190 1762.6
1262200 1759.4
1262210 1757.2
1262220 1743.8
1262230 1743.8
1262240 1741.9
1262250 1741.0
1262260 1741.0
1262270 1738.2
1262280 1731.9
1262290 1731.9
1262300 1718.4
1262310 1707.7
1262320 1707.7
1262330 1698.8
1262340 1689.2
1262350 1689.2
1262360 1680.2
1262370 1674.2
1262380 1674.2
1262390 1669.8
1262400 1665.5
1262410 1665.5
1262420 1661.7
1262430 1658.7
1262440 1657.5
1262450 1657.5
1262460 1655.1
1262470 1651.4
1262480 1651.4
1262490 1649.0
1262500 1645.1
1262510 1634.5
1262520 1627.7
1262530 1620.9
1262540 1620.9
1262550 1614.5
1262560 1606.8
1262570 1606.8
1262580 1599.0
1262590 1592.1
1262600 1592.1
1262610 1585.8
1262620 1580.1
1262630 1580.1
1262640 1575.3
1262650 1571.5
1262660 1571.5
1262670 1567.6
1262680 1563.6
1262690 1559.6
1262700 1559.6
1262710 1556.0
1262720 1552.4
1262730 1552.4
1262740 1548.5
1262750 1544.6
1262760 1544.6
1262770 1541.0
1262780 1537.7
1262790 1537.7
1262800 1534.6
1262810 1532.1
1262820 1532.1
1262830 1529.3
1262840 1526.7
1262850 1526.7
1262860 1524.0
1262870 1521.6
1262880 1521.6
1262890 1519.3
1262900 1517.2
1262910 1517.2
1262920 1516.0
1262930 1514.2
1262940 1513.2
1262950 1513.2
1262960 1511.2
1262970 1509.9
1262980 1509.9
1262990 1509.1
1263000 1507.3
1263010 1507.3
1263020 1505.5
1263030 1502.9
1263040 1502.9
1263050 1500.4
1263060 1497.0
1263070 1497.0
1263080 1501.3
1263090 1502.0
1263100 1502.0
1263110 1502.5
1263120 1502.1
1263130 1502.1
1263140 1501.9
1263150 1501.6
1263160 1501.6
1263170 1501.2
1263180 1500.5
1263190 1500.9
1263200 1500.9
1263210 1501.8
1263220 1501.5
1263230 1501.5
1263240 1500.2
1263250 1498.2
1263260 1498.2
1263270 1496.5
1263280 1495.6
1263290 1495.6
1263300 1494.5
1263310 1493.7
1263320 1493.7
1263330 1492.9
1263340 1491.3
1263350 1491.3
1263360 1489.4
1263370 1488.5
1263380 1488.5
1263390 1487.5
1263400 1486.7
1263410 1486.7
1263420 1486.3
1263430 1485.1
1263440 1484.0
1263450 1484.0
1263460 1483.3
1263470 1482.1
1263480 1482.1
1263490 1483.9
1263500 1488.6
1263510 1488.6
1263520 1493.0
1263530 1494.3
1263540 1494.3
1263550 1495.2
1263560 1495.4
1263570 1495.4
1263580 1493.4
1263590 1489.4
1263600 1489.4
1263610 1484.5
1263620 1480.4
1263630 1480.4
1263640 1477.7
1263650 1483.3
1263660 1482.7
1263670 1482.7
1263680 1478.5
1263690 1474.5
1263700 1474.5
1263710 1472.7
1263720 1473.3
1263730 1473.3
1263740 1477.5
1263750 1482.2
1263760 1482.2
1263770 1486.3
1263780 1491.3
1263790 1491.3
1263800 1491.6
1263810 1486.8
1263820 1486.8
1263830 1481.0
1263840 1475.0
1263850 1475.0
1263860 1470.7
1263870 1465.0
1263880 1465.0
1263890 1461.1
1263900 1460.1
1263910 1463.0
1263920 1463.0
1263930 1465.7
1263940 1466.9
1263950 1466.9
1263960 1463.6
1263970 1459.4
1263980 1459.4
1263990 1454.9
1264000 1451.8
1264010 1451.8
1264020 1449.3
1264030 1445.6
1264040 1445.6
1264050 1440.5
1264060 1436.3
1264070 1436.3
1264080 1433.8
1264090 1432.7
1264100 1432.7
1264110 1430.5
1264120 1427.4
1264130 1427.4
1264140 1427.4
1264150 1429.5
1264160 1432.6
1264170 1432.6
1264180 1433.9
1264190 1431.9
1264200 1431.9
1264210 1431.9
1264220 1433.2
1264230 1438.6
1264240 1437.9
1264250 1435.2
1264260 1435.2
1264270 1434.3
1264280 1435.7
1264290 1435.7
1264300 1436.6
1264310 1435.8
1264320 1435.8
1264330 1434.2
1264340 1433.2
1264350 1433.2
1264360 1432.2
1264370 1431.7
1264380 1431.7
1264390 1432.6
1264400 1432.4
1264410 1430.8
1264420 1430.8
1264430 1429.2
1264440 1428.6
1264450 1428.6
1264460 1428.6
1264470 1428.6
1264480 1428.6
1264490 1429.0
1264500 1430.4
1264510 1430.4
1264520 1432.8
1264530 1433.9
1264540 1433.9
1264550 1433.7
1264560 1432.3
1264570 1432.3
1264580 1431.0
1264590 1430.3
1264600 1430.3
1264610 1429.3
1264620 1427.8
1264630 1427.8
1264640 1425.1
1264650 1420.3
1264660 1415.6
1264670 1415.6
1264680 1411.8
1264690 1409.4
1264700 1409.4
1264710 1406.3
1264720 1403.5
1264730 1403.5
1264740 1401.9
1264750 1400.6
1264760 1400.6
1264770 1399.6
1264780 1398.8
1264790 1398.8
1264800 1397.2
1264810 1400.7
1264820 1400.7
1264830 1398.0
1264840 1396.9
1264850 1396.9
1264860 1396.3
1264870 1393.5
1264880 1388.2
1264890 1388.2
1264900 1382.7
1264910 1378.0
1264920 1378.0
1264930 1376.2
1264940 1376.5
1264950 1376.5
1264960 1376.2
1264970 1374.9
1264980 1374.9
1264990 1373.0
1265000 1369.9
1265010 1369.9
1265020 1365.5
1265030 1361.9
1265040 1361.9
1265050 1357.2
1265060 1354.0
1265070 1354.0
1265080 1353.0
1265090 1352.2
1265100 1352.2
1265110 1351.7
1265120 1351.1
1265130 1349.5
1265140 1349.5
1265150 1347.2
1265160 1344.9
1265170 1344.9
1265180 1341.9
1265190 1338.2
1265200 1338.2
1265210 1334.3
1265220 1330.5
1265230 1330.5
1265240 1326.4
1265250 1321.3
1265260 1321.3
1265270 1315.9
1265280 1311.7
1265290 1311.7
1265300 1309.5
1265310 1306.5
1265320 1306.5
1265330 1302.3
1265340 1297.4
1265350 1297.4
1265360 1294.0
1265370 1292.7
1265380 1290.5
1265390 1295.6
1265400 1294.5
1265410 1293.2
1265420 1293.2
1265430 1290.3
1265440 1285.9
1265450 1285.9
1265460 1282.1
1265470 1279.5
1265480 1279.5
1265490 1276.7
1265500 1276.7
1265510 1276.7
1265520 1278.3
1265530 1279.2
1265540 1279.2
1265550 1276.6
1265560 1272.3
1265570 1272.3
1265580 1269.2
1265590 1267.7
1265600 1267.7
1265610 1270.1
1265620 1272.0
1265630 1270.1
1265640 1270.1
1265650 1265.5
1265660 1261.6
1265670 1261.6
1265680 1260.4
1265690 1258.6
1265700 1258.6
1265710 1254.1
1265720 1249.3
1265730 1249.3
1265740 1244.6
1265750 1240.6
1265760 1240.6
1265770 1238.7
1265780 1237.6
1265790 1237.6
1265800 1238.0
1265810 1239.1
1265820 1239.1
1265830 1237.7
1265840 1234.6
1265850 1234.6
1265860 1231.2
1265870 1228.3
1265880 1226.4
1265890 1226.4
1265900 1223.9
1265910 1224.3
1265920 1224.3
1265930 1225.0
1265940 1223.8
1265950 1223.8
1265960 1222.0
1265970 1223.4
1265980 1223.4
1265990 1221.6
1266000 1219.9
1266010 1219.9
1266020 1217.8
1266030 1214.8
1266040 1214.8
1266050 1212.0
1266060 1210.6
1266070 1210.6
1266080 1210.8
1266090 1210.8
1266100 1210.0
1266110 1210.0
1266120 1208.8
1266130 1207.3
1266140 1207.3
1266150 1205.4
1266160 1203.4
1266170 1203.4
1266180 1201.3
1266190 1199.5
1266200 1199.5
1266210 1197.4
1266220 1195.2
1266230 1195.2
1266240 1193.1
1266250 1191.5
1266260 1191.5
1266270 1189.9
1266280 1188.1
1266290 1188.1
1266300 1186.0
1266310 1183.7
1266320 1183.7
1266330 1181.8
1266340 1179.9
1266350 1177.6
1266360 1177.6
1266370 1175.8
1266380 1174.8
1266390 1174.8
1266400 1173.7
1266410 1172.4
1266420 1172.4
1266430 1170.8
1266440 1169.2
1266450 1169.2
1266460 1167.7
1266470 1166.0
1266480 1166.0
1266490 1164.4
1266500 1162.6
1266510 1162.6
1266520 1160.4
1266530 1158.7
1266540 1158.7
1266550 1158.7
1266560 1157.1
1266570 1157.1
1266580 1155.6
1266590 1154.3
1266600 1152.6
1266610 1152.6
1266620 1151.0
1266630 1149.9
1266640 1149.9
1266650 1148.8
1266660 1147.7
1266670 1147.7
1266680 1146.6
1266690 1145.7
1266700 1145.7
1266710 1144.5
1266720 1143.3
1266730 1143.3
1266740 1142.1
1266750 1140.8
1266760 1140.8
1266770 1139.7
1266780 1138.2
1266790 1138.2
1266800 1136.4
1266810 1134.2
1266820 1134.2
1266830 1132.5
1266840 1130.7
1266850 1128.4
1266860 1128.4
1266870 1126.2
1266880 1123.9
1266890 1123.9
1266900 1121.6
1266910 1119.2
1266920 1119.2
1266930 1116.2
1266940 1113.6
1266950 1113.6
1266960 1111.2
1266970 1108.9
1266980 1108.9
1266990 1106.8
1267000 1104.4
1267010 1104.4
1267020 1101.8
1267030 1099.2
1267040 1099.2
1267050 1096.3
1267060 1092.9
1267070 1092.9
1267080 1089.5
1267090 1085.9
1267100 1082.6
1267110 1082.6
1267120 1078.8
1267130 1074.4
1267140 1075.6
1267150 1071.4
1267160 1067.5
1267170 1067.5
1267180 1063.5
1267190 1059.3
1267200 1059.3
1267210 1055.5
1267220 1051.6
1267230 1051.6
1267240 1048.2
1267250 1044.5
1267260 1044.5
1267270 1041.6
1267280 1038.8
1267290 1038.8
1267300 1036.0
1267310 1032.5
1267320 1029.2
1267330 1029.2
1267340 1026.5
1267350 1023.9
1267360 1023.9
1267370 1021.9
1267380 1020.2
1267390 1020.2
1267400 1017.7
1267410 1015.4
1267420 1015.4
1267430 1013.3
1267440 1011.4
1267450 1011.4
1267460 1009.4
1267470 1007.1
1267480 1007.1
1267490 1004.8
1267500 1002.1
1267510 1002.1
1267520 1000.1
1267530 998.4
1267540 998.4
1267550 995.0
1267560 992.1
1267570 990.0
1267580 990.0
1267590 988.4
1267600 986.5
1267610 986.5
1267620 983.2
1267630 977.6
1267640 977.6
1267650 971.0
1267660 963.3
1267670 963.3
1267680 954.7
1267690 945.1
1267700 945.1
1267710 936.8
1267720 931.4
1267730 931.4
1267740 923.4
1267750 917.5
1267760 917.5
1267770 914.6
1267780 913.1
1267790 913.1
1267800 911.9
1267810 909.6
1267820 904.2
1267830 904.2
1267840 897.5
1267850 889.8
1267860 889.8
1267870 880.3
1267880 871.6
1267890 871.6
1267900 863.1
1267910 854.6
1267920 854.6
1267930 844.1
1267940 830.8
1267950 830.8
1267960 821.0
1267970 813.8
1267980 813.8
1267990 810.7
1268000 810.8
1268010 810.8
1268020 807.9
1268030 806.0
1268040 806.0
1268050 800.1
1268060 792.5
1268070 784.7
1268080 784.7
1268090 777.0
1268100 770.0
1268110 770.0
1268120 764.4
1268130 758.9
1268140 758.9
1268150 753.9
1268160 748.7
1268170 748.7
1268180 745.6
1268190 742.9
1268200 742.9
1268210 739.2
1268220 732.9
1268230 732.9
1268240 729.1
1268250 728.9
1268260 728.9
1268270 733.8
1268280 740.1
1268290 740.1
1268300 742.8
1268310 746.3
1268320 753.8
1268330 753.8
1268340 761.2
1268350 769.3
1268360 769.3
1268370 778.6
1268380 787.8
1268390 787.8
1268400 795.3
1268410 799.7
1268420 799.7
1268430 802.9
1268440 805.5
1268450 805.5
1268460 808.8
1268470 812.6
1268480 812.6
1268490 816.9
1268500 820.4
1268510 820.4
1268520 824.8
1268530 829.7
1268540 834.7
1268550 834.7
1268560 840.7
1268570 846.7
1268580 846.7
1268590 851.3
1268600 856.2
1268610 856.2
1268620 861.3
1268630 868.0
1268640 868.0
1268650 874.2
1268660 879.2
1268670 879.2
1268680 884.7
1268690 890.7
1268700 890.7
1268710 897.8
1268720 904.8
1268730 904.8
1268740 911.1
1268750 917.3
1268760 917.3
1268770 923.8
1268780 930.5
1268790 937.1
1268800 937.1
1268810 943.6
1268820 947.4
1268830 947.4
1268840 948.5
1268850 949.4
1268860 949.4
1268870 949.3
1268880 948.9
1268890 948.9
1268900 951.9
1268910 947.6
1268920 947.6
1268930 941.3
1268940 934.3
1268950 934.3
1268960 927.7
1268970 920.9
1268980 920.9
1268990 915.9
1269000 914.7
1269010 914.7
1269020 915.7
1269030 915.8
1269040 916.8
1269050 916.8
1269060 919.0
1269070 916.2
1269080 916.2
1269090 909.7
1269100 902.9
1269110 902.9
1269120 896.2
1269130 891.6
1269140 891.6
1269150 889.7
1269160 887.9
1269170 887.9
1269180 882.5
1269190 880.1
1269200 880.1
1269210 882.6
1269220 886.5
1269230 886.5
1269240 889.0
1269250 887.9
1269260 887.9
1269270 884.7
1269280 883.8
1269290 885.2
1269300 885.2
1269310 886.3
1269320 889.5
1269330 889.5
1269340 893.0
1269350 899.0
1269360 899.0
1269370 906.3
1269380 913.1
1269390 913.1
1269400 918.1
1269410 923.0
1269420 923.0
1269430 923.5
1269440 920.7
1269450 920.7
1269460 918.0
1269470 917.4
1269480 917.4
1269490 923.3
1269500 923.4
1269510 923.4
1269520 925.2
1269530 927.0
1269540 930.5
1269550 930.5
1269560 935.4
1269570 938.7
1269580 938.7
1269590 941.2
1269600 945.7
1269610 945.7
1269620 952.7
1269630 955.1
1269640 955.1
1269650 953.0
1269660 949.9
1269670 949.9
1269680 947.6
1269690 946.7
1269700 946.7
1269710 944.7
1269720 940.6
1269730 940.6
1269740 936.2
1269750 931.2
1269760 926.6
1269770 926.6
1269780 920.9
1269790 913.8
1269800 913.8
1269810 905.6
1269820 898.0
1269830 898.0
1269840 891.3
1269850 885.0
1269860 885.0
1269870 878.2
1269880 870.7
1269890 870.7
1269900 863.8
1269910 859.9
1269920 859.9
1269930 851.8
1269940 844.3
1269950 844.3
1269960 837.1
1269970 830.0
1269980 830.0
1269990 822.7
1270000 815.7
1270010 808.7
1270020 808.7
1270030 803.3
1270040 800.8
1270050 800.8
1270060 798.8
1270070 798.2
1270080 807.0
1270090 806.7
1270100 807.2
1270110 807.2
1270120 807.4
1270130 807.1
1270140 807.1
1270150 803.9
1270160 799.4
1270170 799.4
1270180 794.3
1270190 789.3
1270200 789.3
1270210 780.4
1270220 769.7
1270230 769.7
1270240 758.7
1270250 749.2
1270260 742.6
1270270 742.6
1270280 736.9
1270290 732.9
1270300 732.9
1270310 732.5
1270320 732.6
1270330 732.6
1270340 733.2
1270350 734.3
1270360 734.3
1270370 735.6
1270380 735.7
1270390 735.7
1270400 737.0
1270410 739.2
1270420 739.2
1270430 740.7
1270440 742.8
1270450 742.8
1270460 743.4
1270470 743.4
1270480 743.4
1270490 744.9
1270500 747.8
1270510 746.8
1270520 746.8
1270530 747.4
1270540 745.1
1270550 745.1
1270560 750.0
1270570 755.4
1270580 755.4
1270590 762.4
1270600 770.7
1270610 770.7
1270620 776.9
1270630 781.4
1270640 781.4
1270650 777.5
1270660 771.7
1270670 777.6
1270680 773.7
1270690 772.1
1270700 772.1
1270710 769.8
1270720 767.2
1270730 767.2
1270740 763.9
1270750 757.8
1270760 746.8
1270770 746.8
1270780 740.0
1270790 739.0
1270800 739.0
1270810 739.9
1270820 743.9
1270830 743.9
1270840 748.4
1270850 750.8
1270860 750.8
1270870 753.7
1270880 757.1
1270890 757.1
1270900 761.2
1270910 765.4
1270920 765.4
1270930 769.7
1270940 773.9
1270950 773.9
1270960 777.9
1270970 783.0
1270980 788.2
1270990 788.2
1271000 792.5
1271010 793.4
1271020 793.4
1271030 793.9
1271040 794.7
1271050 794.7
1271060 794.3
1271070 794.6
1271080 794.6
1271090 795.3
1271100 795.0
1271110 795.0
1271120 795.5
1271130 797.5
1271140 797.5
1271150 802.0
1271160 810.5
1271170 810.5
1271180 818.3
1271190 822.7
1271200 822.7
1271210 827.8
1271220 833.4
1271230 837.5
1271240 837.5
1271250 840.4
1271260 841.6
1271270 838.5
1271280 840.8
1271290 843.1
1271300 843.1
1271310 846.0
1271320 849.4
1271330 849.4
1271340 852.7
1271350 855.8
1271360 855.8
1271370 859.2
1271380 862.4
1271390 862.4
1271400 865.9
1271410 870.4
1271420 870.4
1271430 873.8
1271440 876.6
1271450 876.6
1271460 880.1
1271470 884.3
1271480 888.1
1271490 888.1
1271500 892.3
1271510 896.3
1271520 896.3
1271530 900.1
1271540 904.6
1271550 904.6
1271560 908.7
1271570 912.1
1271580 912.1
1271590 915.7
1271600 919.9
1271610 919.9
1271620 923.1
1271630 925.6
1271640 925.6
1271650 928.3
1271660 931.0
1271670 931.0
1271680 934.9
1271690 939.6
1271700 939.6
1271710 945.0
1271720 951.1
1271730 958.1
1271740 958.1
1271750 965.6
1271760 972.5
1271770 972.5
1271780 977.7
1271790 982.7
1271800 982.7
1271810 987.7
1271820 992.8
1271830 992.8
1271840 998.6
1271850 1005.4
1271860 1005.4
1271870 1008.9
1271880 1011.3
1271890 1011.3
1271900 1014.5
1271910 1016.5
1271920 1016.5
1271930 1018.4
1271940 1020.2
1271950 1020.2
1271960 1022.2
1271970 1024.6
1271980 1027.0
1271990 1027.0
1272000 1029.4
1272010 1032.4
1272020 1032.4
1272030 1036.2
1272040 1040.3
1272050 1040.3
1272060 1044.7
1272070 1048.4
1272080 1048.4
1272090 1053.3
1272100 1058.6
1272110 1058.6
1272120 1063.3
1272130 1067.8
1272140 1067.8
1272150 1072.1
1272160 1076.4
1272170 1076.4
1272180 1080.5
1272190 1084.8
1272200 1090.0
1272210 1090.0
1272220 1096.9
1272230 1104.3
1272240 1104.3
1272250 1111.4
1272260 1119.6
1272270 1119.6
1272280 1124.5
1272290 1126.8
1272300 1126.8
1272310 1128.8
1272320 1132.1
1272330 1132.1
1272340 1134.7
1272350 1137.6
1272360 1137.6
1272370 1138.9
1272380 1141.4
1272390 1141.4
1272400 1144.3
1272410 1146.7
1272420 1146.7
1272430 1150.2
1272440 1154.1
1272450 1157.6
1272460 1154.2
1272470 1158.3
1272480 1163.3
1272490 1163.3
1272500 1167.7
1272510 1171.8
1272520 1171.8
1272530 1176.0
1272540 1180.3
1272550 1180.3
1272560 1184.8
1272570 1188.8
1272580 1188.8
1272590 1193.4
1272600 1197.3
1272610 1197.3
1272620 1200.9
1272630 1204.9
1272640 1204.9
1272650 1208.4
1272660 1211.6
1272670 1211.6
1272680 1214.4
1272690 1216.4
1272700 1218.8
1272710 1218.8
1272720 1221.0
1272730 1223.2
1272740 1223.2
1272750 1225.4
1272760 1226.9
1272770 1226.9
1272780 1229.9
1272790 1233.7
1272800 1233.7
1272810 1237.1
1272820 1241.7
1272830 1241.7
1272840 1246.8
1272850 1252.0
1272860 1252.0
1272870 1257.1
1272880 1261.0
1272890 1261.0
1272900 1263.6
1272910 1265.3
1272920 1265.3
1272930 1267.0
1272940 1268.5
1272950 1269.8
1272960 1269.8
1272970 1271.0
1272980 1272.3
1272990 1272.3
1273000 1274.2
1273010 1277.6
1273020 1277.6
1273030 1281.8
1273040 1284.7
1273050 1284.7
1273060 1284.2
1273070 1287.0
1273080 1287.0
1273090 1289.7
1273100 1292.3
1273110 1292.3
1273120 1292.8
1273130 1294.4
1273140 1294.4
1273150 1297.6
1273160 1298.7
1273170 1298.7
1273180 1300.9
1273190 1302.9
1273200 1302.5
1273210 1302.5
1273220 1303.3
1273230 1307.0
1273240 1307.0
1273250 1310.7
1273260 1313.9
1273270 1313.9
1273280 1316.5
1273290 1319.2
1273300 1319.2
1273310 1320.8
1273320 1322.5
1273330 1322.5
1273340 1324.8
1273350 1327.2
1273360 1327.2
1273370 1328.9
1273380 1330.0
1273390 1330.0
1273400 1331.7
1273410 1333.5
1273420 1336.4
1273430 1336.4
1273440 1337.6
1273450 1338.5
1273460 1338.5
1273470 1340.0
1273480 1341.5
1273490 1341.5
1273500 1343.3
1273510 1345.3
1273520 1345.3
1273530 1347.2
1273540 1348.8
1273550 1348.8
1273560 1350.5
1273570 1352.4
1273580 1352.4
1273590 1353.9
1273600 1354.7
1273610 1354.7
1273620 1356.3
1273630 1358.3
1273640 1358.3
1273650 1360.2
1273660 1362.2
1273670 1361.8
1273680 1361.8
1273690 1362.0
1273700 1362.4
1273710 1362.4
1273720 1362.6
1273730 1363.1
1273740 1363.1
1273750 1363.8
1273760 1364.9
1273770 1364.9
1273780 1365.6
1273790 1367.1
1273800 1367.1
1273810 1369.5
1273820 1372.0
1273830 1372.0
1273840 1374.9
1273850 1377.4
1273860 1377.4
1273870 1379.2
1273880 1380.4
1273890 1380.4
1273900 1381.5
1273910 1382.6
1273920 1383.3
1273930 1383.3
1273940 1383.0
1273950 1381.9
1273960 1381.9
1273970 1381.0
1273980 1380.7
1273990 1380.7
1274000 1380.6
1274010 1380.1
1274020 1380.1
1274030 1378.8
1274040 1377.1
1274050 1377.1
1274060 1374.8
1274070 1372.6
1274080 1372.6
1274090 1370.5
1274100 1368.0
1274110 1368.0
1274120 1365.3
1274130 1362.9
1274140 1362.9
1274150 1360.4
1274160 1357.9
1274170 1355.4
1274180 1355.4
1274190 1353.1
1274200 1351.0
1274210 1351.0
1274220 1348.7
1274230 1347.7
1274240 1347.7
1274250 1347.2
1274260 1346.3
1274270 1342.1
1274280 1342.3
1274290 1341.2
1274300 1341.2
1274310 1340.1
1274320 1339.3
1274330 1339.3
1274340 1338.8
1274350 1338.5
1274360 1338.5
1274370 1337.6
1274380 1333.6
1274390 1326.6
1274400 1326.6
1274410 1319.3
1274420 1315.7
1274430 1315.7
1274440 1314.9
1274450 1315.1
1274460 1315.1
1274470 1316.4
1274480 1319.9
1274490 1319.9
1274500 1322.7
1274510 1322.6
1274520 1322.6
1274530 1322.6
1274540 1320.2
1274550 1320.2
1274560 1312.7
1274570 1303.5
1274580 1303.5
1274590 1295.0
1274600 1289.6
1274610 1289.6
1274620 1285.1
1274630 1281.4
1274640 1277.7
1274650 1277.7
1274660 1274.8
1274670 1272.7
1274680 1272.7
1274690 1271.1
1274700 1270.2
1274710 1270.2
1274720 1269.2
1274730 1266.3
1274740 1266.3
1274750 1263.4
1274760 1260.9
1274770 1260.9
1274780 1260.1
1274790 1259.8
1274800 1259.8
1274810 1259.9
1274820 1257.0
1274830 1257.0
1274840 1255.0
1274850 1254.3
1274860 1254.3
1274870 1245.2
1274880 1244.9
1274890 1245.6
1274900 1245.6
1274910 1245.9
1274920 1246.9
1274930 1246.9
1274940 1248.6
1274950 1250.0
1274960 1250.0
1274970 1252.2
1274980 1255.8
1274990 1255.8
1275000 1260.9
1275010 1265.8
1275020 1265.8
1275030 1269.7
1275040 1273.5
1275050 1273.5
1275060 1278.2
1275070 1283.0
1275080 1283.0
1275090 1287.7
1275100 1292.1
1275110 1292.1
1275120 1298.4
1275130 1304.7
1275140 1311.4
1275150 1311.4
1275160 1319.6
1275170 1324.4
1275180 1324.4
1275190 1327.5
1275200 1331.3
1275210 1331.3
1275220 1337.1
1275230 1343.6
1275240 1343.6
1275250 1348.5
1275260 1351.5
1275270 1351.5
1275280 1353.0
1275290 1356.9
1275300 1356.9
1275310 1362.5
1275320 1367.4
1275330 1367.4
1275340 1370.0
1275350 1371.6
1275360 1371.6
1275370 1373.8
1275380 1377.2
1275390 1381.9
1275400 1381.9
1275410 1387.3
1275420 1391.5
1275430 1391.5
1275440 1393.7
1275450 1396.1
1275460 1396.1
1275470 1400.6
1275480 1409.6
1275490 1409.6
1275500 1415.5
1275510 1420.7
1275520 1420.7
1275530 1425.2
1275540 1428.4
1275550 1428.4
1275560 1431.5
1275570 1433.8
1275580 1433.8
1275590 1437.7
1275600 1441.8
1275610 1445.2
1275620 1445.2
1275630 1448.0
1275640 1452.1
1275650 1452.1
1275660 1455.3
1275670 1458.0
1275680 1458.0
1275690 1460.0
1275700 1461.8
1275710 1461.8
1275720 1464.2
1275730 1466.1
1275740 1466.1
1275750 1467.5
1275760 1469.4
1275770 1469.4
1275780 1474.8
1275790 1479.6
1275800 1479.6
1275810 1482.7
1275820 1485.8
1275830 1485.8
1275840 1490.0
1275850 1493.9
1275860 1497.1
1275870 1497.1
1275880 1500.2
1275890 1503.2
1275900 1503.2
1275910 1505.8
1275920 1509.2
1275930 1509.2
1275940 1512.5
1275950 1515.1
1275960 1515.1
1275970 1517.8
1275980 1519.8
1275990 1519.8
1276000 1522.6
1276010 1526.4
1276020 1526.4
1276030 1531.6
1276040 1537.2
1276050 1537.2
1276060 1541.2
1276070 1545.4
1276080 1545.4
1276090 1553.5
1276100 1555.8
1276110 1558.2
1276120 1558.2
1276130 1559.8
1276140 1559.7
1276150 1559.7
1276160 1558.4
1276170 1556.4
1276180 1556.4
1276190 1554.9
1276200 1555.4
1276210 1555.4
1276220 1558.1
1276230 1561.9
1276240 1561.9
1276250 1564.9
1276260 1567.3
1276270 1567.3
1276280 1570.0
1276290 1572.5
1276300 1572.5
1276310 1575.6
1276320 1577.7
1276330 1577.7
1276340 1578.7
1276350 1578.8
1276360 1581.1
1276370 1581.1
1276380 1584.2
1276390 1584.3
1276400 1584.3
1276410 1582.5
1276420 1582.1
1276430 1582.1
1276440 1583.2
1276450 1584.2
1276460 1584.2
1276470 1585.6
1276480 1588.5
1276490 1588.5
1276500 1592.3
1276510 1595.5
1276520 1595.5
1276530 1598.8
1276540 1601.6
1276550 1601.6
1276560 1604.5
1276570 1608.9
1276580 1616.0
1276590 1616.0
1276600 1623.1
1276610 1628.8
1276620 1628.8
1276630 1632.5
1276640 1634.8
1276650 1634.8
1276660 1636.6
1276670 1636.8
1276680 1636.8
1276690 1635.8
1276700 1640.6
1276710 1640.6
1276720 1641.2
1276730 1642.3
1276740 1642.3
1276750 1646.2
1276760 1647.6
1276770 1647.6
1276780 1648.3
1276790 1650.4
1276800 1650.4
1276810 1654.3
1276820 1657.3
1276830 1659.2
1276840 1659.2
1276850 1661.1
1276860 1663.7
1276870 1663.7
1276880 1666.8
1276890 1668.8
1276900 1668.8
1276910 1673.1
1276920 1679.4
1276930 1679.4
1276940 1685.9
1276950 1690.9
1276960 1690.9
1276970 1696.2
1276980 1700.5
1276990 1700.5
1277000 1704.7
1277010 1708.4
1277020 1708.4
1277030 1711.3
1277040 1713.8
1277050 1713.8
1277060 1716.7
1277070 1719.5
1277080 1722.1
1277090 1722.1
1277100 1725.6
1277110 1728.8
1277120 1728.8
1277130 1732.1
1277140 1735.6
1277150 1735.6
1277160 1739.5
1277170 1744.1
1277180 1744.1
1277190 1748.2
1277200 1751.4
1277210 1751.4
1277220 1753.9
1277230 1755.5
1277240 1755.5
1277250 1758.4
1277260 1762.2
1277270 1762.2
1277280 1766.4
1277290 1771.1
1277300 1771.1
1277310 1773.8
1277320 1777.2
1277330 1781.2
1277340 1781.2
1277350 1784.3
1277360 1786.2
1277370 1786.2
1277380 1787.5
1277390 1788.5
1277400 1788.5
1277410 1789.5
1277420 1790.8
1277430 1790.8
1277440 1792.1
1277450 1793.7
1277460 1793.7
1277470 1796.8
1277480 1800.0
1277490 1800.0
1277500 1803.0
1277510 1806.3
1277520 1806.3
1277530 1808.5
1277540 1810.3
1277550 1810.3
1277560 1812.8
1277570 1815.8
1277580 1819.3
1277590 1819.3
1277600 1823.0
1277610 1826.7
1277620 1826.7
1277630 1829.9
1277640 1832.4
1277650 1832.4
1277660 1834.7
1277670 1836.8
1277680 1836.8
1277690 1839.1
1277700 1841.6
1277710 1841.6
1277720 1843.7
1277730 1846.3
1277740 1846.3
1277750 1849.6
1277760 1851.4
1277770 1851.4
1277780 1852.3
1277790 1852.8
1277800 1851.6
1277810 1851.6
1277820 1850.3
1277830 1851.2
1277840 1851.2
1277850 1854.6
1277860 1858.5
1277870 1858.5
1277880 1861.8
1277890 1864.5
1277900 1864.5
1277910 1868.1
1277920 1871.7
1277930 1872.0
1277940 1874.8
1277950 1877.8
1277960 1877.8
1277970 1881.2
1277980 1884.8
1277990 1884.8
1278000 1888.7
1278010 1892.0
1278020 1892.0
1278030 1895.2
1278040 1898.1
1278050 1900.7
1278060 1900.7
1278070 1903.1
1278080 1905.8
1278090 1905.8
1278100 1908.7
1278110 1912.8
1278120 1912.8
1278130 1917.0
1278140 1920.8
1278150 1920.8
1278160 1925.1
1278170 1929.5
1278180 1929.5
1278190 1933.3
1278200 1937.3
1278210 1937.3
1278220 1940.9
1278230 1943.7
1278240 1943.7
1278250 1946.3
1278260 1949.0
1278270 1949.0
1278280 1952.3
1278290 1956.5
1278300 1961.6
1278310 1961.6
1278320 1966.7
1278330 1971.3
1278340 1971.3
1278350 1975.7
1278360 1979.6
1278370 1979.6
1278380 1984.0
1278390 1986.9
1278400 1986.9
1278410 1990.1
1278420 1993.5
1278430 1993.5
1278440 1995.9
1278450 2000.5
1278460 2000.5
1278470 2006.7
1278480 2014.3
1278490 2014.3
1278500 2020.1
1278510 2023.4
1278520 2023.4
1278530 2026.7
1278540 2027.9
1278550 2031.0
1278560 2031.0
1278570 2034.8
1278580 2038.3
1278590 2038.3
1278600 2041.5
1278610 2044.7
1278620 2044.7
1278630 2048.6
1278640 2052.1
1278650 2052.1
1278660 2055.8
1278670 2059.8
1278680 2059.8
1278690 2063.7
1278700 2067.9
1278710 2067.9
1278720 2071.7
1278730 2075.4
1278740 2075.4
1278750 2079.7
1278760 2084.1
1278770 2088.6
1278780 2088.6
1278790 2091.6
1278800 2093.1
1278810 2093.1
1278820 2094.4
1278830 2096.4
1278840 2096.4
1278850 2098.5
1278860 2101.1
1278870 2101.1
1278880 2103.7
1278890 2105.7
1278900 2105.7
1278910 2106.8
1278920 2107.7
1278930 2107.7
1278940 2109.2
1278950 2112.6
1278960 2112.6
1278970 2117.8
1278980 2122.5
1278990 2122.5
1279000 2125.7
1279010 2128.6
1279020 2130.7
1279030 2130.7
1279040 2132.5
1279050 2134.0
1279060 2134.0
1279070 2135.5
1279080 2139.9
1279090 2139.9
1279100 2145.6
1279110 2150.9
1279120 2150.9
1279130 2158.3
1279140 2166.4
1279150 2166.4
1279160 2165.9
1279170 2174.3
1279180 2174.3
1279190 2182.2
1279200 2187.5
1279210 2187.5
1279220 2191.2
1279230 2196.0
1279240 2196.0
1279250 2201.1
1279260 2206.3
1279270 2211.2
1279280 2211.2
1279290 2216.3
1279300 2221.2
1279310 2221.2
1279320 2225.8
1279330 2229.8
1279340 2229.8
1279350 2234.8
1279360 2239.1
1279370 2239.1
1279380 2240.0
1279390 2239.7
1279400 2239.7
1279410 2239.4
1279420 2239.1
1279430 2239.1
1279440 2240.3
1279450 2242.0
1279460 2242.0
1279470 2244.9
1279480 2247.5
1279490 2247.5
1279500 2249.3
1279510 2253.3
1279520 2258.6
1279530 2258.6
1279540 2265.5
1279550 2273.0
1279560 2273.0
1279570 2278.6
1279580 2282.8
1279590 2282.8
1279600 2283.1
1279610 2281.5
1279620 2281.5
1279630 2280.9
1279640 2283.5
1279650 2283.5
1279660 2288.5
1279670 2292.6
1279680 2292.6
1279690 2295.5
1279700 2296.9
1279710 2296.9
1279720 2298.0
1279730 2299.0
1279740 2299.0
1279750 2299.3
1279760 2301.0
1279770 2303.2
1279780 2301.8
1279790 2303.9
1279800 2307.3
1279810 2307.3
1279820 2311.1
1279830 2312.2
1279840 2312.2
1279850 2311.9
1279860 2312.4
1279870 2312.4
1279880 2313.3
1279890 2314.3
1279900 2314.3
1279910 2314.8
1279920 2314.4
1279930 2314.4
1279940 2313.0
1279950 2310.6
1279960 2310.6
1279970 2307.8
1279980 2305.5
1279990 2304.6
