1260000 1743.2
1260010 1737.8
1260020 1737.8
1260030 1733.7
1260040 1730.3
1260050 1726.2
1260060 1726.2
1260070 1721.8
1260080 1717.0
1260090 1717.0
1260100 1711.9
1260110 1706.2
1260120 1706.2
1260130 1700.2
1260140 1694.4
1260150 1694.4
1260160 1689.2
1260170 1684.5
1260180 1684.5
1260190 1681.1
1260200 1678.6
1260210 1678.6
1260220 1676.7
1260230 1674.6
1260240 1677.2
1260250 1677.7
1260260 1683.5
1260270 1683.5
1260280 1687.2
1260290 1689.7
1260300 1691.4
1260310 1691.4
1260320 1693.3
1260330 1695.6
1260340 1695.6
1260350 1696.0
1260360 1698.2
1260370 1698.2
1260380 1703.3
1260390 1708.0
1260400 1708.0
1260410 1711.1
1260420 1711.8
1260430 1711.8
1260440 1711.9
1260450 1714.5
1260460 1714.5
1260470 1717.9
1260480 1723.3
1260490 1723.3
1260500 1728.7
1260510 1732.7
1260520 1732.7
1260530 1736.3
1260540 1739.1
1260550 1742.8
1260560 1742.8
1260570 1746.6
1260580 1750.0
1260590 1750.0
1260600 1754.1
1260610 1757.4
1260620 1757.4
1260630 1761.0
1260640 1767.4
1260650 1767.4
1260660 1774.4
1260670 1781.5
1260680 1781.5
1260690 1787.5
1260700 1792.5
1260710 1792.5
1260720 1797.9
1260730 1803.9
1260740 1803.9
1260750 1809.9
1260760 1816.6
1260770 1816.6
1260780 1824.9
1260790 1832.1
1260800 1835.2
1260810 1835.2
1260820 1841.1
1260830 1847.4
1260840 1847.4
1260850 1852.7
1260860 1857.0
1260870 1857.0
1260880 1860.8
1260890 1865.8
1260900 1865.8
1260910 1870.0
1260920 1872.1
1260930 1872.1
1260940 1873.0
1260950 1872.2
1260960 1872.2
1260970 1869.7
1260980 1865.6
1260990 1865.6
1261000 1861.2
1261010 1857.0
1261020 1857.0
1261030 1853.3
1261040 1850.2
1261050 1847.3
1261060 1847.3
1261070 1843.6
1261080 1838.6
1261090 1838.6
1261100 1834.1
1261110 1829.7
1261120 1829.7
1261130 1823.6
1261140 1817.7
1261150 1817.7
1261160 1813.5
1261170 1809.5
1261180 1809.5
1261190 1804.0
1261200 1797.0
1261210 1797.0
1261220 1790.2
1261230 1784.5
1261240 1784.5
1261250 1779.8
1261260 1774.1
1261270 1774.1
1261280 1768.4
1261290 1764.7
1261300 1762.1
1261310 1762.1
1261320 1759.3
1261330 1756.8
1261340 1756.8
1261350 1754.1
1261360 1750.2
1261370 1752.9
1261380 1749.9
1261390 1747.0
1261400 1747.0
1261410 1743.4
1261420 1738.6
1261430 1738.6
1261440 1736.0
1261450 1734.1
1261460 1734.1
1261470 1731.7
1261480 1729.6
1261490 1729.6
1261500 1727.2
1261510 1724.1
1261520 1724.1
1261530 1721.1
1261540 1717.8
1261550 1714.4
1261560 1714.4
1261570 1711.7
1261580 1709.3
1261590 1709.3
1261600 1706.8
1261610 1704.2
1261620 1704.2
1261630 1699.9
1261640 1694.9
1261650 1694.9
1261660 1689.7
1261670 1683.5
1261680 1683.5
1261690 1676.8
1261700 1669.8
1261710 1669.8
1261720 1663.0
1261730 1656.5
1261740 1656.5
1261750 1650.1
1261760 1643.9
1261770 1638.0
1261780 1638.0
1261790 1632.4
1261800 1626.7
1261810 1626.7
1261820 1622.9
1261830 1621.9
1261840 1621.9
1261850 1621.6
1261860 1620.9
1261870 1620.9
1261880 1620.9
1261890 1620.8
1261900 1620.8
1261910 1619.8
1261920 1617.1
1261930 1617.1
1261940 1614.7
1261950 1614.4
1261960 1614.4
1261970 1610.8
1261980 1603.9
1261990 1603.9
1262000 1596.7
1262010 1592.5
1262020 1589.6
1262030 1589.6
1262040 1590.3
1262050 1595.3
1262060 1595.3
1262070 1599.8
1262080 1600.1
1262090 1600.1
1262100 1598.5
1262110 1599.8
1262120 1599.8
1262130 1598.7
1262140 1594.8
1262150 1594.8
1262160 1590.0
1262170 1588.1
1262180 1588.1
1262190 1584.6
1262200 1580.1
1262210 1580.1
1262220 1578.3
1262230 1578.5
1262240 1578.5
1262250 1576.3
1262260 1573.8
1262270 1570.6
1262280 1570.6
1262290 1566.9
1262300 1562.5
1262310 1562.5
1262320 1557.9
1262330 1553.5
1262340 1553.5
1262350 1548.9
1262360 1542.6
1262370 1542.6
1262380 1536.0
1262390 1529.7
1262400 1529.7
1262410 1527.4
1262420 1531.2
1262430 1531.2
1262440 1534.7
1262450 1536.3
1262460 1536.3
1262470 1532.4
1262480 1525.4
1262490 1525.4
1262500 1518.5
1262510 1512.8
1262520 1510.7
1262530 1510.7
1262540 1506.4
1262550 1504.0
1262560 1504.0
1262570 1502.2
1262580 1500.6
1262590 1500.6
1262600 1497.2
1262610 1491.9
1262620 1491.9
1262630 1488.1
1262640 1486.8
1262650 1486.8
1262660 1488.2
1262670 1489.0
1262680 1489.0
1262690 1488.8
1262700 1489.9
1262710 1489.9
1262720 1493.8
1262730 1497.6
1262740 1497.6
1262750 1500.6
1262760 1502.0
1262770 1501.9
1262780 1501.9
1262790 1504.2
1262800 1507.6
1262810 1507.6
1262820 1511.7
1262830 1515.3
1262840 1515.3
1262850 1518.4
1262860 1520.5
1262870 1520.5
1262880 1520.9
1262890 1518.8
1262900 1518.8
1262910 1514.0
1262920 1510.9
1262930 1510.9
1262940 1513.1
1262950 1516.3
1262960 1516.3
1262970 1518.2
1262980 1518.6
1262990 1518.6
1263000 1517.0
1263010 1513.2
1263020 1508.5
1263030 1508.5
1263040 1503.6
1263050 1498.1
1263060 1498.1
1263070 1493.2
1263080 1489.3
1263090 1494.5
1263100 1492.7
1263110 1492.1
1263120 1492.1
1263130 1490.7
1263140 1488.2
1263150 1488.2
1263160 1485.6
1263170 1483.4
1263180 1483.4
1263190 1483.4
1263200 1483.4
1263210 1483.4
1263220 1481.8
1263230 1480.5
1263240 1480.5
1263250 1480.8
1263260 1483.1
1263270 1485.4
1263280 1485.4
1263290 1488.1
1263300 1492.1
1263310 1492.1
1263320 1495.7
1263330 1497.6
1263340 1497.6
1263350 1499.2
1263360 1500.3
1263370 1500.3
1263380 1499.6
1263390 1499.9
1263400 1499.9
1263410 1501.3
1263420 1503.7
1263430 1503.7
1263440 1505.3
1263450 1505.8
1263460 1505.8
1263470 1505.4
1263480 1506.0
1263490 1506.0
1263500 1507.0
1263510 1507.5
1263520 1507.4
1263530 1507.4
1263540 1508.1
1263550 1509.6
1263560 1509.6
1263570 1510.9
1263580 1511.8
1263590 1511.8
1263600 1512.8
1263610 1514.2
1263620 1514.2
1263630 1516.4
1263640 1518.9
1263650 1518.9
1263660 1524.2
1263670 1524.9
1263680 1524.9
1263690 1524.6
1263700 1524.4
1263710 1524.4
1263720 1524.2
1263730 1523.7
1263740 1523.7
1263750 1522.4
1263760 1521.1
1263770 1517.9
1263780 1517.9
1263790 1514.4
1263800 1512.3
1263810 1512.3
1263820 1510.7
1263830 1508.7
1263840 1508.7
1263850 1506.4
1263860 1504.2
1263870 1504.2
1263880 1501.4
1263890 1498.8
1263900 1498.8
1263910 1497.0
1263920 1496.4
1263930 1496.4
1263940 1496.7
1263950 1496.7
1263960 1496.7
1263970 1496.0
1263980 1495.0
1263990 1495.0
1264000 1493.2
1264010 1491.4
1264020 1490.0
1264030 1490.0
1264040 1488.7
1264050 1487.2
1264060 1487.2
1264070 1486.9
1264080 1487.6
1264090 1487.6
1264100 1488.8
1264110 1489.1
1264120 1489.1
1264130 1489.2
1264140 1489.3
1264150 1489.3
1264160 1489.3
1264170 1488.9
1264180 1488.9
1264190 1488.3
1264200 1487.8
1264210 1487.8
1264220 1487.4
1264230 1487.0
1264240 1488.0
1264250 1488.0
1264260 1486.9
1264270 1485.0
1264280 1485.0
1264290 1483.0
1264300 1480.9
1264310 1480.9
1264320 1479.0
1264330 1476.7
1264340 1476.7
1264350 1473.7
1264360 1471.1
1264370 1471.1
1264380 1468.7
1264390 1466.2
1264400 1466.2
1264410 1463.8
1264420 1462.1
1264430 1462.1
1264440 1460.4
1264450 1458.9
1264460 1458.9
1264470 1456.7
1264480 1454.1
1264490 1451.3
1264500 1451.3
1264510 1447.7
1264520 1444.8
1264530 1444.8
1264540 1441.6
1264550 1437.1
1264560 1437.1
1264570 1432.6
1264580 1429.0
1264590 1429.0
1264600 1425.6
1264610 1422.3
1264620 1422.3
1264630 1419.1
1264640 1416.0
1264650 1416.0
1264660 1413.1
1264670 1410.4
1264680 1410.4
1264690 1407.8
1264700 1405.5
1264710 1405.5
1264720 1402.8
1264730 1400.2
1264740 1396.7
1264750 1396.7
1264760 1393.2
1264770 1390.6
1264780 1390.6
1264790 1387.2
1264800 1383.5
1264810 1383.5
1264820 1381.0
1264830 1376.5
1264840 1376.5
1264850 1372.7
1264860 1368.4
1264870 1368.4
1264880 1364.9
1264890 1361.4
1264900 1361.4
1264910 1357.7
1264920 1354.2
1264930 1354.2
1264940 1350.7
1264950 1347.2
1264960 1347.2
1264970 1343.6
1264980 1340.6
1264990 1337.2
1265000 1337.2
1265010 1333.6
1265020 1329.3
1265030 1329.3
1265040 1325.1
1265050 1320.9
1265060 1320.9
1265070 1316.6
1265080 1312.2
1265090 1312.2
1265100 1307.6
1265110 1303.3
1265120 1303.3
1265130 1298.9
1265140 1294.5
1265150 1294.5
1265160 1290.8
1265170 1286.7
1265180 1286.7
1265190 1282.7
1265200 1278.5
1265210 1278.5
1265220 1273.8
1265230 1269.0
1265240 1264.7
1265250 1264.7
1265260 1261.1
1265270 1257.7
1265280 1257.7
1265290 1254.7
1265300 1253.0
1265310 1253.0
1265320 1251.2
1265330 1248.5
1265340 1248.5
1265350 1246.3
1265360 1243.3
1265370 1243.3
1265380 1240.4
1265390 1237.6
1265400 1238.2
1265410 1235.7
1265420 1233.5
1265430 1233.5
1265440 1230.9
1265450 1228.0
1265460 1228.0
1265470 1224.7
1265480 1221.2
1265490 1218.3
1265500 1218.3
1265510 1215.4
1265520 1213.3
1265530 1213.3
1265540 1211.0
1265550 1208.0
1265560 1208.0
1265570 1205.3
1265580 1202.5
1265590 1202.5
1265600 1199.8
1265610 1196.5
1265620 1196.5
1265630 1193.1
1265640 1190.2
1265650 1190.2
1265660 1187.7
1265670 1185.4
1265680 1185.4
1265690 1183.3
1265700 1181.4
1265710 1181.4
1265720 1179.5
1265730 1177.8
1265740 1176.3
1265750 1176.3
1265760 1173.8
1265770 1170.9
1265780 1170.9
1265790 1168.3
1265800 1165.4
1265810 1165.4
1265820 1162.2
1265830 1159.4
1265840 1159.4
1265850 1156.6
1265860 1153.7
1265870 1153.7
1265880 1151.0
1265890 1148.7
1265900 1148.7
1265910 1146.5
1265920 1144.5
1265930 1144.5
1265940 1142.1
1265950 1139.7
1265960 1139.7
1265970 1138.1
1265980 1135.8
1265990 1132.7
1266000 1132.7
1266010 1129.3
1266020 1125.4
1266030 1125.4
1266040 1121.9
1266050 1118.6
1266060 1118.6
1266070 1115.5
1266080 1112.2
1266090 1112.2
1266100 1108.8
1266110 1105.3
1266120 1105.3
1266130 1102.3
1266140 1099.3
1266150 1099.3
1266160 1096.5
1266170 1093.1
1266180 1093.1
1266190 1089.9
1266200 1086.7
1266210 1086.7
1266220 1082.7
1266230 1078.4
1266240 1075.3
1266250 1075.3
1266260 1072.5
1266270 1070.1
1266280 1070.1
1266290 1067.5
1266300 1064.7
1266310 1064.7
1266320 1061.6
1266330 1058.2
1266340 1058.2
1266350 1055.4
1266360 1053.2
1266370 1053.2
1266380 1050.8
1266390 1047.9
1266400 1047.9
1266410 1045.1
1266420 1042.1
1266430 1042.1
1266440 1040.1
1266450 1037.5
1266460 1034.4
1266470 1034.4
1266480 1031.3
1266490 1028.6
1266500 1028.6
1266510 1025.7
1266520 1022.7
1266530 1022.7
1266540 1019.7
1266550 1016.9
1266560 1017.8
1266570 1015.0
1266580 1012.5
1266590 1012.5
1266600 1009.7
1266610 1006.9
1266620 1006.9
1266630 1004.3
1266640 1001.5
1266650 1001.5
1266660 998.5
1266670 996.3
1266680 996.3
1266690 993.9
1266700 991.7
1266710 989.8
1266720 989.8
1266730 988.1
1266740 984.9
1266750 984.9
1266760 983.0
1266770 980.6
1266780 980.6
1266790 976.1
1266800 971.2
1266810 971.2
1266820 967.3
1266830 963.3
1266840 963.3
1266850 958.7
1266860 955.8
1266870 955.8
1266880 953.6
1266890 949.4
1266900 949.4
1266910 946.7
1266920 944.4
1266930 944.4
1266940 942.1
1266950 940.1
1266960 937.7
1266970 937.7
1266980 934.9
1266990 932.4
1267000 932.4
1267010 930.8
1267020 930.4
1267030 930.4
1267040 930.6
1267050 930.9
1267060 930.9
1267070 930.6
1267080 929.4
1267090 929.4
1267100 925.9
1267110 917.6
1267120 917.6
1267130 909.5
1267140 911.7
1267150 919.1
1267160 924.3
1267170 921.7
1267180 921.7
1267190 916.4
1267200 913.0
1267210 911.2
1267220 911.2
1267230 911.5
1267240 913.1
1267250 913.1
1267260 911.7
1267270 906.9
1267280 906.9
1267290 901.0
1267300 893.8
1267310 893.8
1267320 886.3
1267330 878.9
1267340 878.9
1267350 872.8
1267360 868.2
1267370 868.2
1267380 864.5
1267390 861.9
1267400 861.9
1267410 860.2
1267420 858.5
1267430 858.5
1267440 856.6
1267450 854.4
1267460 850.8
1267470 850.8
1267480 847.0
1267490 842.2
1267500 842.2
1267510 836.9
1267520 834.3
1267530 834.3
1267540 830.1
1267550 823.2
1267560 823.2
1267570 815.9
1267580 809.5
1267590 809.5
1267600 803.7
1267610 798.1
1267620 798.1
1267630 793.0
1267640 789.1
1267650 789.1
1267660 785.5
1267670 780.0
1267680 780.0
1267690 772.6
1267700 764.3
1267710 756.9
1267720 756.9
1267730 745.3
1267740 738.0
1267750 738.0
1267760 729.6
1267770 721.1
1267780 721.1
1267790 713.2
1267800 705.0
1267810 705.0
1267820 695.5
1267830 689.8
1267840 689.8
1267850 687.4
1267860 687.4
1267870 687.4
1267880 690.4
1267890 691.7
1267900 691.7
1267910 692.0
1267920 692.4
1267930 692.4
1267940 692.7
1267950 693.3
1267960 695.8
1267970 695.8
1267980 701.4
1267990 708.6
1268000 708.6
1268010 716.5
1268020 723.4
1268030 723.4
1268040 731.0
1268050 739.8
1268060 739.8
1268070 748.2
1268080 757.5
1268090 757.5
1268100 765.3
1268110 772.3
1268120 772.3
1268130 779.8
1268140 787.0
1268150 787.0
1268160 790.6
1268170 792.7
1268180 792.7
1268190 792.1
1268200 790.8
1268210 790.1
1268220 790.1
1268230 793.1
1268240 798.0
1268250 798.0
1268260 802.8
1268270 806.2
1268280 806.2
1268290 808.1
1268300 811.0
1268310 811.0
1268320 812.3
1268330 817.5
1268340 817.5
1268350 824.2
1268360 831.2
1268370 831.2
1268380 836.8
1268390 842.3
1268400 842.3
1268410 848.9
1268420 855.8
1268430 855.8
1268440 863.2
1268450 866.2
1268460 860.8
1268470 860.8
1268480 853.9
1268490 847.1
1268500 847.1
1268510 840.6
1268520 834.0
1268530 834.0
1268540 827.3
1268550 821.0
1268560 821.0
1268570 814.4
1268580 807.7
1268590 807.7
1268600 801.3
1268610 795.8
1268620 795.8
1268630 790.6
1268640 784.9
1268650 784.9
1268660 779.9
1268670 774.0
1268680 774.0
1268690 766.6
1268700 761.9
1268710 756.8
1268720 756.8
1268730 748.5
1268740 739.1
1268750 739.1
1268760 730.1
1268770 727.0
1268780 727.0
1268790 724.6
1268800 720.3
1268810 720.3
1268820 717.9
1268830 715.6
1268840 715.6
1268850 711.8
1268860 710.1
1268870 710.1
1268880 710.5
1268890 710.9
1268900 710.9
1268910 707.8
1268920 705.2
1268930 705.8
1268940 705.8
1268950 705.0
1268960 703.3
1268970 703.3
1268980 701.3
1268990 699.2
1269000 699.2
1269010 696.7
1269020 692.9
1269030 692.9
1269040 687.8
1269050 685.6
1269060 685.6
1269070 685.7
1269080 689.9
1269090 689.9
1269100 697.3
1269110 704.1
1269120 704.1
1269130 711.2
1269140 717.6
1269150 717.6
1269160 724.4
1269170 732.0
1269180 740.0
1269190 740.0
1269200 748.2
1269210 754.8
1269220 754.8
1269230 760.9
1269240 769.2
1269250 769.2
1269260 776.1
1269270 783.5
1269280 783.5
1269290 792.7
1269300 802.2
1269310 802.2
1269320 811.4
1269330 820.4
1269340 820.4
1269350 828.7
1269360 835.7
1269370 835.7
1269380 841.0
1269390 847.3
1269400 847.3
1269410 852.5
1269420 856.1
1269430 859.3
1269440 859.3
1269450 860.0
1269460 859.2
1269470 859.2
1269480 858.1
1269490 856.9
1269500 854.6
1269510 856.0
1269520 859.7
1269530 859.7
1269540 863.2
1269550 869.5
1269560 869.5
1269570 874.2
1269580 879.4
1269590 879.4
1269600 883.2
1269610 888.9
1269620 888.9
1269630 894.3
1269640 897.5
1269650 897.5
1269660 901.0
1269670 904.8
1269680 906.9
1269690 906.9
1269700 909.7
1269710 912.6
1269720 912.6
1269730 915.2
1269740 917.3
1269750 917.3
1269760 919.4
1269770 922.2
1269780 922.2
1269790 923.6
1269800 924.5
1269810 924.5
1269820 925.8
1269830 927.5
1269840 927.5
1269850 928.9
1269860 930.1
1269870 930.1
1269880 930.9
1269890 931.0
1269900 931.0
1269910 930.9
1269920 930.4
1269930 929.5
1269940 929.5
1269950 929.5
1269960 929.9
1269970 929.9
1269980 930.3
1269990 931.5
1270000 931.5
1270010 932.7
1270020 933.8
1270030 933.8
1270040 934.8
1270050 935.8
1270060 935.8
1270070 936.7
1270080 937.6
1270090 938.0
1270100 938.9
1270110 939.8
1270120 939.8
1270130 940.5
1270140 942.0
1270150 942.0
1270160 944.8
1270170 945.3
1270180 946.3
1270190 946.3
1270200 948.4
1270210 950.1
1270220 950.1
1270230 951.5
1270240 953.0
1270250 953.0
1270260 955.2
1270270 957.7
1270280 957.7
1270290 957.7
1270300 959.2
1270310 959.2
1270320 960.1
1270330 961.9
1270340 961.9
1270350 964.3
1270360 965.7
1270370 965.7
1270380 967.4
1270390 969.2
1270400 969.2
1270410 971.5
1270420 971.7
1270430 974.7
1270440 974.7
1270450 976.1
1270460 976.6
1270470 976.6
1270480 977.9
1270490 979.4
1270500 979.4
1270510 980.9
1270520 982.9
1270530 982.9
1270540 983.6
1270550 984.5
1270560 984.5
1270570 986.9
1270580 989.1
1270590 989.1
1270600 989.9
1270610 990.8
1270620 990.8
1270630 991.9
1270640 992.9
1270650 992.9
1270660 994.2
1270670 996.4
1270680 997.9
1270690 997.9
1270700 999.7
1270710 1001.4
1270720 1001.4
1270730 1002.1
1270740 1002.9
1270750 1002.9
1270760 1004.8
1270770 1006.8
1270780 1006.8
1270790 1008.7
1270800 1010.5
1270810 1010.5
1270820 1011.6
1270830 1012.9
1270840 1012.9
1270850 1014.8
1270860 1015.7
1270870 1015.7
1270880 1016.8
1270890 1017.6
1270900 1017.6
1270910 1018.7
1270920 1020.7
1270930 1022.0
1270940 1022.0
1270950 1024.1
1270960 1025.9
1270970 1025.9
1270980 1027.3
1270990 1028.5
1271000 1028.5
1271010 1029.6
1271020 1030.9
1271030 1030.9
1271040 1032.1
1271050 1033.3
1271060 1033.3
1271070 1034.6
1271080 1036.2
1271090 1036.2
1271100 1038.2
1271110 1039.8
1271120 1039.8
1271130 1041.8
1271140 1044.4
1271150 1047.6
1271160 1047.6
1271170 1051.4
1271180 1055.9
1271190 1055.9
1271200 1061.0
1271210 1065.9
1271220 1065.9
1271230 1071.7
1271240 1077.7
1271250 1077.7
1271260 1082.9
1271270 1086.7
1271280 1086.2
1271290 1089.4
1271300 1092.9
1271310 1092.9
1271320 1097.1
1271330 1102.2
1271340 1102.2
1271350 1106.9
1271360 1110.8
1271370 1110.8
1271380 1114.2
1271390 1117.5
1271400 1122.2
1271410 1122.2
1271420 1127.4
1271430 1130.4
1271440 1130.4
1271450 1133.2
1271460 1137.0
1271470 1137.0
1271480 1140.9
1271490 1143.5
1271500 1143.5
1271510 1146.4
1271520 1150.1
1271530 1150.1
1271540 1153.5
1271550 1155.7
1271560 1155.7
1271570 1156.9
1271580 1159.6
1271590 1159.6
1271600 1164.5
1271610 1169.6
1271620 1169.6
1271630 1175.2
1271640 1181.6
1271650 1187.3
1271660 1187.3
1271670 1193.1
1271680 1198.4
1271690 1198.4
1271700 1202.7
1271710 1206.5
1271720 1206.5
1271730 1210.2
1271740 1212.9
1271750 1212.9
1271760 1215.0
1271770 1216.0
1271780 1216.0
1271790 1216.3
1271800 1218.0
1271810 1218.0
1271820 1220.6
1271830 1223.4
1271840 1223.4
1271850 1225.6
1271860 1228.8
1271870 1228.8
1271880 1230.7
1271890 1234.4
1271900 1238.5
1271910 1238.5
1271920 1243.6
1271930 1250.1
1271940 1250.1
1271950 1256.0
1271960 1260.6
1271970 1260.6
1271980 1265.0
1271990 1269.6
1272000 1269.6
1272010 1274.0
1272020 1278.3
1272030 1278.3
1272040 1282.3
1272050 1285.9
1272060 1285.9
1272070 1289.2
1272080 1292.8
1272090 1292.8
1272100 1297.4
1272110 1302.1
1272120 1302.1
1272130 1307.3
1272140 1312.4
1272150 1317.3
1272160 1317.3
1272170 1322.1
1272180 1326.8
1272190 1326.8
1272200 1331.0
1272210 1334.7
1272220 1334.7
1272230 1337.5
1272240 1339.4
1272250 1339.4
1272260 1340.7
1272270 1342.0
1272280 1342.0
1272290 1344.2
1272300 1348.1
1272310 1348.1
1272320 1353.0
1272330 1357.9
1272340 1357.9
1272350 1363.5
1272360 1370.7
1272370 1370.7
1272380 1376.8
1272390 1380.8
1272400 1383.7
1272410 1383.7
1272420 1386.4
1272430 1389.8
1272440 1389.8
1272450 1393.4
1272460 1397.4
1272470 1397.4
1272480 1401.0
1272490 1405.3
1272500 1405.3
1272510 1408.6
1272520 1411.4
1272530 1411.4
1272540 1413.8
1272550 1415.3
1272560 1415.3
1272570 1417.2
1272580 1420.6
1272590 1420.6
1272600 1424.4
1272610 1427.1
1272620 1427.1
1272630 1430.2
1272640 1432.7
1272650 1434.2
1272660 1434.2
1272670 1435.8
1272680 1437.0
1272690 1437.0
1272700 1438.5
1272710 1440.9
1272720 1440.9
1272730 1443.5
1272740 1446.6
1272750 1446.6
1272760 1449.2
1272770 1451.9
1272780 1451.9
1272790 1454.7
1272800 1457.4
1272810 1457.4
1272820 1459.6
1272830 1461.9
1272840 1461.9
1272850 1465.7
1272860 1469.5
1272870 1469.5
1272880 1473.9
1272890 1477.2
1272900 1480.4
1272910 1480.4
1272920 1483.6
1272930 1486.1
1272940 1486.1
1272950 1486.6
1272960 1487.2
1272970 1487.2
1272980 1488.1
1272990 1489.5
1273000 1489.5
1273010 1491.5
1273020 1494.2
1273030 1494.2
1273040 1497.3
1273050 1500.1
1273060 1500.1
1273070 1502.1
1273080 1498.4
1273090 1498.4
1273100 1500.0
1273110 1501.8
1273120 1501.8
1273130 1503.4
1273140 1503.5
1273150 1504.3
1273160 1504.3
1273170 1505.2
1273180 1506.3
1273190 1506.3
1273200 1507.4
1273210 1510.5
1273220 1510.5
1273230 1515.9
1273240 1523.2
1273250 1523.2
1273260 1528.7
1273270 1533.2
1273280 1533.2
1273290 1537.9
1273300 1542.9
1273310 1542.9
1273320 1548.5
1273330 1553.1
1273340 1553.1
1273350 1557.3
1273360 1561.3
1273370 1563.4
1273380 1563.4
1273390 1566.7
1273400 1571.0
1273410 1571.0
1273420 1574.9
1273430 1576.8
1273440 1576.8
1273450 1578.6
1273460 1581.5
1273470 1581.5
1273480 1586.3
1273490 1591.6
1273500 1591.6
1273510 1596.2
1273520 1600.4
1273530 1600.4
1273540 1604.4
1273550 1607.4
1273560 1607.4
1273570 1610.1
1273580 1612.8
1273590 1612.8
1273600 1615.6
1273610 1618.6
1273620 1622.5
1273630 1622.5
1273640 1628.2
1273650 1634.0
1273660 1634.0
1273670 1638.1
1273680 1639.9
1273690 1639.9
1273700 1643.7
1273710 1648.3
1273720 1648.3
1273730 1653.9
1273740 1659.4
1273750 1659.4
1273760 1665.6
1273770 1671.6
1273780 1671.6
1273790 1675.4
1273800 1678.9
1273810 1678.9
1273820 1683.3
1273830 1687.3
1273840 1687.3
1273850 1691.0
1273860 1694.8
1273870 1698.9
1273880 1698.9
1273890 1703.7
1273900 1708.6
1273910 1708.6
1273920 1712.8
1273930 1716.3
1273940 1716.3
1273950 1719.5
1273960 1723.1
1273970 1723.1
1273980 1728.0
1273990 1733.7
1274000 1733.7
1274010 1738.2
1274020 1742.3
1274030 1742.3
1274040 1746.3
1274050 1751.0
1274060 1751.0
1274070 1755.3
1274080 1758.1
1274090 1758.1
1274100 1763.9
1274110 1771.0
1274120 1776.3
1274130 1776.3
1274140 1778.3
1274150 1780.3
1274160 1780.3
1274170 1781.9
1274180 1782.7
1274190 1782.7
1274200 1784.1
1274210 1787.9
1274220 1787.9
1274230 1792.5
1274240 1797.9
1274250 1797.9
1274260 1804.3
1274270 1808.5
1274280 1804.7
1274290 1809.0
1274300 1813.1
1274310 1813.1
1274320 1818.7
1274330 1825.9
1274340 1825.9
1274350 1831.6
1274360 1834.9
1274370 1838.2
1274380 1838.2
1274390 1841.9
1274400 1845.2
1274410 1845.2
1274420 1848.2
1274430 1851.2
1274440 1851.2
1274450 1854.4
1274460 1857.4
1274470 1857.4
1274480 1859.7
1274490 1861.2
1274500 1861.2
1274510 1864.3
1274520 1870.1
1274530 1870.1
1274540 1873.7
1274550 1877.5
1274560 1877.5
1274570 1881.9
1274580 1885.2
1274590 1885.2
1274600 1888.0
1274610 1890.1
1274620 1893.1
1274630 1893.1
1274640 1895.8
1274650 1898.6
1274660 1898.6
1274670 1901.7
1274680 1905.2
1274690 1905.2
1274700 1908.8
1274710 1912.9
1274720 1912.9
1274730 1916.9
1274740 1920.3
1274750 1920.3
1274760 1923.7
1274770 1928.8
1274780 1928.8
1274790 1935.1
1274800 1941.2
1274810 1941.2
1274820 1944.8
1274830 1948.6
1274840 1948.6
1274850 1954.8
1274860 1961.2
1274870 1968.8
1274880 1968.8
1274890 1973.2
1274900 1976.5
1274910 1976.5
1274920 1980.5
1274930 1984.6
1274940 1984.6
1274950 1989.6
1274960 1995.7
1274970 1995.7
1274980 2000.8
1274990 2004.8
1275000 2004.8
1275010 2009.1
1275020 2014.9
1275030 2014.9
1275040 2020.7
1275050 2028.2
1275060 2028.2
1275070 2035.8
1275080 2043.1
1275090 2043.1
1275100 2049.8
1275110 2055.3
1275120 2060.6
1275130 2060.6
1275140 2064.7
1275150 2066.8
1275160 2066.8
1275170 2068.5
1275180 2071.8
1275190 2071.8
1275200 2075.9
1275210 2079.7
1275220 2079.7
1275230 2082.8
1275240 2085.4
1275250 2085.4
1275260 2087.4
1275270 2088.6
1275280 2088.6
1275290 2089.6
1275300 2091.3
1275310 2091.3
1275320 2093.1
1275330 2095.8
1275340 2099.0
1275350 2099.0
1275360 2102.5
1275370 2107.9
1275380 2107.9
1275390 2112.6
1275400 2115.2
1275410 2115.2
1275420 2117.5
1275430 2119.9
1275440 2119.9
1275450 2122.5
1275460 2125.0
1275470 2125.0
1275480 2127.8
1275490 2127.4
1275500 2127.4
1275510 2128.2
1275520 2128.9
1275530 2128.9
1275540 2130.1
1275550 2132.7
1275560 2132.7
1275570 2133.9
1275580 2134.8
1275590 2135.3
1275600 2135.3
1275610 2136.7
1275620 2138.3
1275630 2138.3
1275640 2138.3
1275650 2137.4
1275660 2137.4
1275670 2136.4
1275680 2136.3
1275690 2136.3
1275700 2137.7
1275710 2138.9
1275720 2138.9
1275730 2137.9
1275740 2135.7
1275750 2135.7
1275760 2135.3
1275770 2135.2
1275780 2135.2
1275790 2132.3
1275800 2130.1
1275810 2130.1
1275820 2129.5
1275830 2126.8
1275840 2119.0
1275850 2119.0
1275860 2111.5
1275870 2105.9
1275880 2105.9
1275890 2102.8
1275900 2101.9
1275910 2101.9
1275920 2101.7
1275930 2100.4
1275940 2100.4
1275950 2094.6
1275960 2084.4
1275970 2084.4
1275980 2077.1
1275990 2072.2
1276000 2072.2
1276010 2068.9
1276020 2065.4
1276030 2065.4
1276040 2055.8
1276050 2044.6
1276060 2044.6
1276070 2040.0
1276080 2038.4
1276090 2036.0
1276100 2032.4
1276110 2029.5
1276120 2021.9
1276130 2021.9
1276140 2010.9
1276150 2001.6
1276160 2001.6
1276170 1994.8
1276180 1989.7
1276190 1989.7
1276200 1984.3
1276210 1978.6
1276220 1978.6
1276230 1973.7
1276240 1966.3
1276250 1966.3
1276260 1961.0
1276270 1962.5
1276280 1962.5
1276290 1963.7
1276300 1968.0
1276310 1968.0
1276320 1972.4
1276330 1972.6
1276340 1966.8
1276350 1966.8
1276360 1955.4
1276370 1946.2
1276380 1946.2
1276390 1937.9
1276400 1924.9
1276410 1924.9
1276420 1913.9
1276430 1911.6
1276440 1911.6
1276450 1910.3
1276460 1906.1
1276470 1906.1
1276480 1901.1
1276490 1891.9
1276500 1891.9
1276510 1883.1
1276520 1873.1
1276530 1873.1
1276540 1860.8
1276550 1848.4
1276560 1848.4
1276570 1837.4
1276580 1826.3
1276590 1815.4
1276600 1815.4
1276610 1806.7
1276620 1799.1
1276630 1799.1
1276640 1790.1
1276650 1781.0
1276660 1781.0
1276670 1772.1
1276680 1762.3
1276690 1762.3
1276700 1755.9
1276710 1736.3
1276720 1736.3
1276730 1728.3
1276740 1723.5
1276750 1723.5
1276760 1718.6
1276770 1712.9
1276780 1712.9
1276790 1708.3
1276800 1703.2
1276810 1703.2
1276820 1698.2
1276830 1693.5
1276840 1688.9
1276850 1688.9
1276860 1684.6
1276870 1679.6
1276880 1679.6
1276890 1674.2
1276900 1669.5
1276910 1669.5
1276920 1666.8
1276930 1665.1
1276940 1665.1
1276950 1663.7
1276960 1662.2
1276970 1662.2
1276980 1660.1
1276990 1656.7
1277000 1656.7
1277010 1652.5
1277020 1649.4
1277030 1649.4
1277040 1647.1
1277050 1644.8
1277060 1644.8
1277070 1643.2
1277080 1642.5
1277090 1641.1
1277100 1641.1
1277110 1639.5
1277120 1638.8
1277130 1638.8
1277140 1637.6
1277150 1636.1
1277160 1636.1
1277170 1634.3
1277180 1631.9
1277190 1631.9
1277200 1629.8
1277210 1628.0
1277220 1628.0
1277230 1626.1
1277240 1623.3
1277250 1623.3
1277260 1620.0
1277270 1617.6
1277280 1617.6
1277290 1616.6
1277300 1615.9
1277310 1615.9
1277320 1614.2
1277330 1608.7
1277340 1607.5
1277350 1607.5
1277360 1606.6
1277370 1605.2
1277380 1605.2
1277390 1604.5
1277400 1604.6
1277410 1604.6
1277420 1604.5
1277430 1605.0
1277440 1605.0
1277450 1605.4
1277460 1605.3
1277470 1605.3
1277480 1605.3
1277490 1605.9
1277500 1605.9
1277510 1606.7
1277520 1608.1
1277530 1608.1
1277540 1608.9
1277550 1611.4
1277560 1615.0
1277570 1615.0
1277580 1616.8
1277590 1618.6
1277600 1618.6
1277610 1621.2
1277620 1624.2
1277630 1624.2
1277640 1627.3
1277650 1630.2
1277660 1630.2
1277670 1633.2
1277680 1636.7
1277690 1636.7
1277700 1641.2
1277710 1645.0
1277720 1645.0
1277730 1648.4
1277740 1652.2
1277750 1652.2
1277760 1655.8
1277770 1659.0
1277780 1659.0
1277790 1662.2
1277800 1665.3
1277810 1668.1
1277820 1668.1
1277830 1672.0
1277840 1676.0
1277850 1676.0
1277860 1679.5
1277870 1683.0
1277880 1683.0
1277890 1686.2
1277900 1689.4
1277910 1689.4
1277920 1693.3
1277930 1696.4
1277940 1699.6
1277950 1702.9
1277960 1706.6
1277970 1706.6
1277980 1710.2
1277990 1713.8
1278000 1713.8
1278010 1718.1
1278020 1723.2
1278030 1723.2
1278040 1727.6
1278050 1732.2
1278060 1736.7
1278070 1736.7
1278080 1741.0
1278090 1744.7
1278100 1744.7
1278110 1747.6
1278120 1749.8
1278130 1749.8
1278140 1752.0
1278150 1754.6
1278160 1754.6
1278170 1756.3
1278180 1757.2
1278190 1757.2
1278200 1758.7
1278210 1760.7
1278220 1760.7
1278230 1763.0
1278240 1765.7
1278250 1765.7
1278260 1767.9
1278270 1769.4
1278280 1769.4
1278290 1771.2
1278300 1773.8
1278310 1776.0
1278320 1776.0
1278330 1777.3
1278340 1779.5
1278350 1779.5
1278360 1782.6
1278370 1786.3
1278380 1786.3
1278390 1789.8
1278400 1794.0
1278410 1794.0
1278420 1797.1
1278430 1799.6
1278440 1799.6
1278450 1804.4
1278460 1808.5
1278470 1808.5
1278480 1812.3
1278490 1816.0
1278500 1816.0
1278510 1818.1
1278520 1819.9
1278530 1819.9
1278540 1823.1
1278550 1825.3
1278560 1831.7
1278570 1831.7
1278580 1831.1
1278590 1830.6
1278600 1830.6
1278610 1830.3
1278620 1830.3
1278630 1830.3
1278640 1830.0
1278650 1829.8
1278660 1829.8
1278670 1829.7
1278680 1828.6
1278690 1828.6
1278700 1826.3
1278710 1824.2
1278720 1824.2
1278730 1823.9
1278740 1824.8
1278750 1824.8
1278760 1825.1
1278770 1824.1
1278780 1824.1
1278790 1822.9
1278800 1823.4
1278810 1824.8
1278820 1824.8
1278830 1826.6
1278840 1827.2
1278850 1827.2
1278860 1826.4
1278870 1826.5
1278880 1826.5
1278890 1827.3
1278900 1828.6
1278910 1828.6
1278920 1829.4
1278930 1829.7
1278940 1829.7
1278950 1829.7
1278960 1830.9
1278970 1830.9
1278980 1832.7
1278990 1834.4
1279000 1834.4
1279010 1835.3
1279020 1835.3
1279030 1835.3
1279040 1835.3
1279050 1836.3
1279060 1836.8
1279070 1836.8
1279080 1837.0
1279090 1837.9
1279100 1837.9
1279110 1838.2
1279120 1838.8
1279130 1838.8
1279140 1840.3
1279150 1841.6
1279160 1841.6
1279170 1847.6
1279180 1847.2
1279190 1847.2
1279200 1847.8
1279210 1847.8
1279220 1847.8
1279230 1847.3
1279240 1846.9
1279250 1846.9
1279260 1846.5
1279270 1846.7
1279280 1846.7
1279290 1847.0
1279300 1847.0
1279310 1846.7
1279320 1846.7
1279330 1846.4
1279340 1845.8
1279350 1845.8
1279360 1845.3
1279370 1844.5
1279380 1844.5
1279390 1844.0
1279400 1842.8
1279410 1842.8
1279420 1841.8
1279430 1841.8
1279440 1841.8
1279450 1841.7
1279460 1842.2
1279470 1842.2
1279480 1842.9
1279490 1843.9
1279500 1843.9
1279510 1844.8
1279520 1844.8
1279530 1843.5
1279540 1843.5
1279550 1842.6
1279560 1842.5
1279570 1842.5
1279580 1842.3
1279590 1842.1
1279600 1842.1
1279610 1841.6
1279620 1841.1
1279630 1841.1
1279640 1840.5
1279650 1839.1
1279660 1839.1
1279670 1837.3
1279680 1835.3
1279690 1835.3
1279700 1832.5
1279710 1829.4
1279720 1829.4
1279730 1824.7
1279740 1819.2
1279750 1819.2
1279760 1813.4
1279770 1810.0
1279780 1808.8
1279790 1814.6
1279800 1811.9
1279810 1807.6
1279820 1807.6
1279830 1805.6
1279840 1805.7
1279850 1805.7
1279860 1804.1
1279870 1802.3
1279880 1802.3
1279890 1800.4
1279900 1799.0
1279910 1799.0
1279920 1797.6
1279930 1795.1
1279940 1795.1
1279950 1791.8
1279960 1786.4
1279970 1786.4
1279980 1781.5
1279990 1779.0
