1260000 1719.3
1260010 1713.8
1260020 1708.4
1260030 1708.4
1260040 1703.1
1260050 1697.8
1260060 1697.8
1260070 1693.2
1260080 1689.4
1260090 1689.4
1260100 1685.8
1260110 1682.3
1260120 1682.3
1260130 1678.4
1260140 1673.9
1260150 1669.2
1260160 1669.2
1260170 1665.3
1260180 1662.3
1260190 1662.3
1260200 1659.8
1260210 1658.0
1260220 1658.0
1260230 1655.0
1260240 1656.9
1260250 1656.9
1260260 1661.0
1260270 1663.7
1260280 1663.7
1260290 1666.3
1260300 1668.6
1260310 1672.1
1260320 1673.6
1260330 1674.4
1260340 1674.4
1260350 1677.4
1260360 1681.0
1260370 1681.0
1260380 1684.8
1260390 1686.9
1260400 1687.8
1260410 1687.8
1260420 1690.3
1260430 1693.0
1260440 1693.0
1260450 1695.3
1260460 1696.9
1260470 1696.9
1260480 1700.0
1260490 1702.1
1260500 1702.1
1260510 1704.2
1260520 1707.4
1260530 1707.4
1260540 1711.0
1260550 1715.4
1260560 1715.4
1260570 1720.4
1260580 1725.3
1260590 1725.3
1260600 1730.6
1260610 1736.6
1260620 1736.6
1260630 1742.6
1260640 1749.2
1260650 1755.4
1260660 1755.4
1260670 1761.3
1260680 1766.8
1260690 1766.8
1260700 1771.7
1260710 1776.8
1260720 1776.8
1260730 1781.9
1260740 1786.7
1260750 1786.7
1260760 1792.4
1260770 1798.5
1260780 1798.5
1260790 1805.3
1260800 1813.0
1260810 1813.0
1260820 1821.3
1260830 1828.9
1260840 1828.9
1260850 1834.5
1260860 1838.3
1260870 1841.9
1260880 1847.2
1260890 1851.0
1260900 1852.6
1260910 1852.6
1260920 1852.1
1260930 1850.3
1260940 1850.3
1260950 1847.2
1260960 1843.4
1260970 1843.4
1260980 1840.7
1260990 1837.5
1261000 1837.5
1261010 1833.8
1261020 1829.7
1261030 1829.7
1261040 1825.2
1261050 1819.8
1261060 1819.8
1261070 1813.8
1261080 1808.4
1261090 1808.4
1261100 1803.9
1261110 1800.7
1261120 1796.7
1261130 1796.7
1261140 1793.7
1261150 1790.1
1261160 1790.1
1261170 1785.8
1261180 1781.0
1261190 1781.0
1261200 1777.3
1261210 1773.7
1261220 1773.7
1261230 1769.1
1261240 1763.9
1261250 1763.9
1261260 1759.1
1261270 1753.7
1261280 1753.7
1261290 1748.0
1261300 1743.1
1261310 1743.1
1261320 1738.2
1261330 1733.3
1261340 1733.3
1261350 1728.0
1261360 1724.5
1261370 1720.2
1261380 1720.2
1261390 1716.7
1261400 1711.5
1261410 1711.5
1261420 1704.8
1261430 1699.4
1261440 1699.4
1261450 1699.7
1261460 1694.6
1261470 1694.6
1261480 1690.8
1261490 1689.2
1261500 1689.2
1261510 1687.8
1261520 1686.2
1261530 1686.2
1261540 1684.1
1261550 1681.2
1261560 1681.2
1261570 1677.9
1261580 1674.0
1261590 1674.0
1261600 1670.0
1261610 1668.8
1261620 1667.4
1261630 1667.4
1261640 1665.3
1261650 1662.7
1261660 1662.7
1261670 1658.9
1261680 1654.1
1261690 1654.1
1261700 1649.0
1261710 1644.3
1261720 1644.3
1261730 1639.8
1261740 1634.7
1261750 1634.7
1261760 1630.4
1261770 1625.9
1261780 1625.9
1261790 1622.2
1261800 1618.2
1261810 1618.2
1261820 1614.8
1261830 1610.7
1261840 1610.7
1261850 1605.7
1261860 1600.0
1261870 1594.1
1261880 1594.1
1261890 1588.0
1261900 1581.7
1261910 1581.7
1261920 1575.4
1261930 1569.9
1261940 1569.9
1261950 1568.8
1261960 1570.4
1261970 1570.4
1261980 1569.6
1261990 1566.8
1262000 1566.8
1262010 1563.2
1262020 1564.1
1262030 1564.1
1262040 1559.4
1262050 1555.5
1262060 1555.5
1262070 1554.9
1262080 1555.6
1262090 1555.6
1262100 1555.5
1262110 1557.2
1262120 1557.9
1262130 1557.9
1262140 1554.9
1262150 1549.3
1262160 1549.3
1262170 1545.5
1262180 1543.9
1262190 1543.9
1262200 1544.2
1262210 1545.7
1262220 1545.7
1262230 1547.4
1262240 1547.8
1262250 1547.8
1262260 1547.4
1262270 1546.6
1262280 1546.6
1262290 1544.6
1262300 1539.5
1262310 1539.5
1262320 1534.0
1262330 1529.4
1262340 1529.4
1262350 1524.1
1262360 1518.4
1262370 1512.8
1262380 1512.8
1262390 1506.8
1262400 1499.5
1262410 1499.5
1262420 1491.7
1262430 1485.8
1262440 1485.8
1262450 1482.1
1262460 1479.8
1262470 1479.8
1262480 1477.9
1262490 1475.8
1262500 1475.8
1262510 1475.0
1262520 1475.5
1262530 1475.5
1262540 1476.2
1262550 1473.2
1262560 1473.2
1262570 1468.0
1262580 1464.5
1262590 1468.6
1262600 1468.2
1262610 1469.5
1262620 1470.9
1262630 1470.9
1262640 1465.5
1262650 1458.5
1262660 1458.5
1262670 1454.2
1262680 1455.1
1262690 1455.1
1262700 1458.1
1262710 1460.3
1262720 1460.3
1262730 1461.3
1262740 1460.5
1262750 1460.5
1262760 1460.2
1262770 1462.9
1262780 1462.9
1262790 1467.6
1262800 1471.3
1262810 1471.3
1262820 1472.9
1262830 1473.7
1262840 1473.7
1262850 1475.6
1262860 1476.8
1262870 1478.6
1262880 1478.6
1262890 1478.8
1262900 1475.5
1262910 1475.5
1262920 1475.8
1262930 1479.5
1262940 1479.5
1262950 1483.0
1262960 1484.9
1262970 1484.9
1262980 1485.4
1262990 1485.1
1263000 1485.1
1263010 1484.1
1263020 1482.2
1263030 1482.2
1263040 1478.4
1263050 1473.4
1263060 1473.4
1263070 1468.7
1263080 1463.1
1263090 1463.1
1263100 1456.8
1263110 1452.1
1263120 1448.4
1263130 1448.4
1263140 1444.2
1263150 1439.3
1263160 1439.3
1263170 1443.2
1263180 1441.7
1263190 1441.7
1263200 1436.4
1263210 1438.0
1263220 1438.0
1263230 1442.9
1263240 1446.7
1263250 1446.7
1263260 1450.0
1263270 1454.2
1263280 1454.2
1263290 1457.7
1263300 1460.5
1263310 1460.5
1263320 1462.4
1263330 1462.1
1263340 1462.1
1263350 1460.2
1263360 1461.8
1263370 1464.6
1263380 1464.6
1263390 1468.0
1263400 1469.7
1263410 1469.7
1263420 1470.9
1263430 1472.4
1263440 1472.4
1263450 1473.5
1263460 1474.3
1263470 1474.3
1263480 1474.4
1263490 1473.9
1263500 1473.9
1263510 1473.9
1263520 1476.0
1263530 1476.0
1263540 1478.2
1263550 1480.5
1263560 1480.5
1263570 1481.9
1263580 1483.4
1263590 1485.1
1263600 1485.1
1263610 1486.5
1263620 1487.5
1263630 1487.5
1263640 1488.3
1263650 1489.5
1263660 1489.5
1263670 1490.7
1263680 1490.9
1263690 1490.9
1263700 1490.8
1263710 1490.7
1263720 1490.7
1263730 1490.8
1263740 1494.9
1263750 1494.9
1263760 1493.7
1263770 1491.8
1263780 1491.8
1263790 1489.1
1263800 1487.1
1263810 1487.1
1263820 1485.1
1263830 1481.7
1263840 1478.9
1263850 1478.9
1263860 1477.4
1263870 1474.4
1263880 1474.4
1263890 1472.5
1263900 1470.2
1263910 1470.2
1263920 1467.0
1263930 1464.5
1263940 1464.5
1263950 1462.6
1263960 1461.6
1263970 1461.6
1263980 1461.1
1263990 1460.6
1264000 1460.6
1264010 1459.5
1264020 1458.3
1264030 1458.3
1264040 1456.8
1264050 1456.7
1264060 1456.7
1264070 1457.3
1264080 1457.0
1264090 1457.7
1264100 1457.7
1264110 1458.5
1264120 1458.7
1264130 1458.7
1264140 1458.8
1264150 1458.8
1264160 1458.8
1264170 1458.5
1264180 1458.7
1264190 1458.7
1264200 1458.6
1264210 1458.5
1264220 1458.5
1264230 1458.6
1264240 1458.4
1264250 1458.4
1264260 1457.3
1264270 1455.2
1264280 1455.2
1264290 1453.8
1264300 1452.3
1264310 1452.3
1264320 1455.3
1264330 1453.9
1264340 1453.4
1264350 1453.4
1264360 1452.5
1264370 1451.4
1264380 1451.4
1264390 1449.6
1264400 1447.8
1264410 1447.8
1264420 1446.1
1264430 1444.3
1264440 1444.3
1264450 1442.6
1264460 1440.7
1264470 1440.7
1264480 1438.8
1264490 1436.9
1264500 1436.9
1264510 1434.5
1264520 1432.2
1264530 1432.2
1264540 1430.1
1264550 1428.2
1264560 1428.2
1264570 1426.2
1264580 1423.4
1264590 1420.9
1264600 1420.9
1264610 1418.1
1264620 1415.1
1264630 1415.1
1264640 1411.4
1264650 1407.8
1264660 1407.8
1264670 1404.3
1264680 1401.1
1264690 1401.1
1264700 1398.0
1264710 1394.9
1264720 1394.9
1264730 1391.6
1264740 1388.2
1264750 1388.2
1264760 1384.2
1264770 1379.4
1264780 1379.4
1264790 1374.8
1264800 1370.9
1264810 1370.9
1264820 1367.3
1264830 1363.2
1264840 1358.8
1264850 1358.8
1264860 1354.3
1264870 1350.7
1264880 1350.7
1264890 1346.9
1264900 1345.1
1264910 1345.1
1264920 1341.0
1264930 1336.9
1264940 1336.9
1264950 1332.4
1264960 1328.6
1264970 1328.6
1264980 1325.6
1264990 1322.4
1265000 1322.4
1265010 1318.7
1265020 1315.4
1265030 1315.4
1265040 1312.0
1265050 1308.2
1265060 1308.2
1265070 1304.1
1265080 1300.6
1265090 1296.1
1265100 1296.1
1265110 1291.4
1265120 1287.4
1265130 1287.4
1265140 1283.9
1265150 1280.1
1265160 1280.1
1265170 1275.6
1265180 1271.7
1265190 1271.7
1265200 1267.0
1265210 1262.4
1265220 1262.4
1265230 1258.4
1265240 1255.9
1265250 1255.9
1265260 1253.8
1265270 1251.4
1265280 1251.4
1265290 1248.6
1265300 1246.1
1265310 1246.1
1265320 1243.6
1265330 1241.3
1265340 1239.0
1265350 1239.0
1265360 1236.6
1265370 1233.7
1265380 1233.7
1265390 1230.5
1265400 1227.0
1265410 1227.0
1265420 1224.3
1265430 1222.2
1265440 1222.2
1265450 1219.7
1265460 1217.1
1265470 1217.1
1265480 1215.8
1265490 1213.2
1265500 1213.2
1265510 1210.8
1265520 1208.5
1265530 1208.5
1265540 1206.5
1265550 1204.4
1265560 1204.4
1265570 1201.5
1265580 1198.1
1265590 1194.9
1265600 1194.9
1265610 1191.8
1265620 1189.1
1265630 1189.1
1265640 1186.6
1265650 1184.1
1265660 1184.1
1265670 1182.0
1265680 1180.2
1265690 1180.2
1265700 1178.0
1265710 1175.7
1265720 1175.7
1265730 1173.4
1265740 1170.8
1265750 1170.8
1265760 1167.7
1265770 1164.9
1265780 1164.9
1265790 1161.9
1265800 1159.0
1265810 1159.0
1265820 1156.2
1265830 1153.3
1265840 1151.4
1265850 1151.4
1265860 1149.6
1265870 1147.1
1265880 1147.1
1265890 1144.7
1265900 1142.4
1265910 1142.4
1265920 1140.1
1265930 1137.4
1265940 1137.4
1265950 1135.3
1265960 1132.5
1265970 1132.5
1265980 1129.3
1265990 1126.5
1266000 1126.5
1266010 1123.9
1266020 1121.2
1266030 1121.2
1266040 1118.6
1266050 1115.5
1266060 1112.5
1266070 1112.5
1266080 1108.8
1266090 1105.2
1266100 1105.2
1266110 1101.5
1266120 1098.2
1266130 1098.2
1266140 1095.1
1266150 1091.8
1266160 1091.8
1266170 1088.3
1266180 1084.6
1266190 1084.6
1266200 1081.2
1266210 1078.0
1266220 1078.0
1266230 1075.1
1266240 1071.6
1266250 1071.6
1266260 1068.4
1266270 1065.7
1266280 1065.7
1266290 1062.6
1266300 1059.7
1266310 1057.2
1266320 1057.2
1266330 1054.8
1266340 1052.2
1266350 1052.2
1266360 1049.6
1266370 1046.9
1266380 1046.9
1266390 1044.2
1266400 1041.3
1266410 1041.3
1266420 1038.2
1266430 1035.1
1266440 1035.1
1266450 1032.0
1266460 1028.9
1266470 1028.9
1266480 1025.9
1266490 1022.4
1266500 1022.4
1266510 1019.3
1266520 1016.3
1266530 1016.3
1266540 1013.7
1266550 1011.0
1266560 1008.1
1266570 1008.1
1266580 1005.5
1266590 1002.4
1266600 1002.4
1266610 999.7
1266620 997.6
1266630 997.6
1266640 996.5
1266650 994.5
1266660 994.5
1266670 992.5
1266680 990.1
1266690 990.1
1266700 987.7
1266710 985.8
1266720 985.8
1266730 983.8
1266740 981.4
1266750 981.4
1266760 979.9
1266770 977.3
1266780 977.3
1266790 974.5
1266800 971.3
1266810 967.7
1266820 967.7
1266830 965.3
1266840 962.9
1266850 962.9
1266860 960.6
1266870 957.9
1266880 957.9
1266890 954.9
1266900 952.0
1266910 952.0
1266920 948.4
1266930 945.4
1266940 945.4
1266950 943.7
1266960 942.6
1266970 942.6
1266980 941.5
1266990 938.7
1267000 938.7
1267010 935.9
1267020 933.1
1267030 933.1
1267040 930.8
1267050 928.3
1267060 925.8
1267070 925.8
1267080 923.2
1267090 920.2
1267100 920.2
1267110 914.8
1267120 907.5
1267130 907.5
1267140 899.9
1267150 893.4
1267160 893.4
1267170 886.7
1267180 879.2
1267190 879.2
1267200 871.9
1267210 874.4
1267220 874.4
1267230 883.7
1267240 881.1
1267250 881.1
1267260 881.0
1267270 877.9
1267280 877.9
1267290 871.9
1267300 866.7
1267310 861.8
1267320 861.8
1267330 856.6
1267340 851.6
1267350 851.6
1267360 847.8
1267370 843.4
1267380 843.4
1267390 838.5
1267400 834.4
1267410 834.4
1267420 831.3
1267430 828.8
1267440 828.8
1267450 823.7
1267460 818.2
1267470 818.2
1267480 810.8
1267490 801.6
1267500 801.6
1267510 793.1
1267520 785.7
1267530 785.7
1267540 780.3
1267550 777.7
1267560 778.5
1267570 778.5
1267580 777.7
1267590 776.7
1267600 776.7
1267610 775.5
1267620 773.5
1267630 773.5
1267640 770.3
1267650 764.7
1267660 764.7
1267670 759.0
1267680 753.5
1267690 753.5
1267700 747.9
1267710 740.2
1267720 740.2
1267730 732.1
1267740 723.8
1267750 723.8
1267760 715.1
1267770 705.5
1267780 705.5
1267790 696.3
1267800 688.6
1267810 685.1
1267820 685.1
1267830 685.6
1267840 688.6
1267850 688.6
1267860 689.4
1267870 689.2
1267880 689.2
1267890 689.1
1267900 689.6
1267910 689.6
1267920 689.7
1267930 689.8
1267940 689.8
1267950 690.1
1267960 691.1
1267970 691.1
1267980 692.6
1267990 697.1
1268000 697.1
1268010 703.5
1268020 708.8
1268030 708.8
1268040 715.9
1268050 724.0
1268060 729.7
1268070 729.7
1268080 733.7
1268090 737.6
1268100 737.6
1268110 741.8
1268120 745.8
1268130 745.8
1268140 750.1
1268150 755.0
1268160 755.0
1268170 759.8
1268180 765.5
1268190 765.5
1268200 771.9
1268210 778.2
1268220 778.2
1268230 784.5
1268240 791.7
1268250 791.7
1268260 795.6
1268270 801.0
1268280 801.0
1268290 808.5
1268300 815.9
1268310 823.8
1268320 823.8
1268330 831.3
1268340 836.7
1268350 836.7
1268360 842.2
1268370 849.3
1268380 849.3
1268390 856.8
1268400 863.1
1268410 863.1
1268420 871.6
1268430 880.7
1268440 880.7
1268450 887.4
1268460 890.7
1268470 890.7
1268480 888.7
1268490 883.5
1268500 883.5
1268510 875.5
1268520 861.7
1268530 845.3
1268540 845.3
1268550 838.1
1268560 832.0
1268570 832.0
1268580 823.9
1268590 816.2
1268600 816.2
1268610 809.2
1268620 803.7
1268630 803.7
1268640 797.4
1268650 792.1
1268660 792.1
1268670 788.7
1268680 782.7
1268690 782.7
1268700 771.9
1268710 762.2
1268720 762.2
1268730 757.3
1268740 750.9
1268750 750.9
1268760 743.6
1268770 738.2
1268780 736.8
1268790 736.8
1268800 737.2
1268810 739.1
1268820 739.1
1268830 741.3
1268840 742.4
1268850 742.4
1268860 743.3
1268870 742.9
1268880 742.9
1268890 742.5
1268900 742.2
1268910 742.2
1268920 739.4
1268930 732.3
1268940 732.3
1268950 722.2
1268960 711.0
1268970 711.0
1268980 703.1
1268990 695.3
1269000 695.3
1269010 691.8
1269020 685.7
1269030 683.7
1269040 683.7
1269050 684.3
1269060 684.5
1269070 684.5
1269080 685.7
1269090 690.5
1269100 690.5
1269110 697.4
1269120 705.3
1269130 705.3
1269140 714.5
1269150 723.1
1269160 723.1
1269170 731.4
1269180 740.6
1269190 740.6
1269200 747.7
1269210 749.8
1269220 749.8
1269230 756.3
1269240 761.9
1269250 761.9
1269260 765.7
1269270 770.5
1269280 776.7
1269290 776.7
1269300 783.2
1269310 789.3
1269320 789.3
1269330 795.4
1269340 802.0
1269350 802.0
1269360 809.8
1269370 819.0
1269380 819.0
1269390 827.5
1269400 834.6
1269410 834.6
1269420 842.0
1269430 849.0
1269440 849.0
1269450 856.3
1269460 861.7
1269470 861.7
1269480 864.4
1269490 865.2
1269500 865.2
1269510 865.1
1269520 866.1
1269530 871.5
1269540 871.5
1269550 877.8
1269560 885.3
1269570 885.3
1269580 891.4
1269590 897.2
1269600 897.2
1269610 902.4
1269620 904.3
1269630 904.3
1269640 905.3
1269650 906.3
1269660 906.3
1269670 907.4
1269680 908.6
1269690 908.6
1269700 910.2
1269710 911.7
1269720 911.7
1269730 913.2
1269740 914.5
1269750 914.5
1269760 915.9
1269770 917.8
1269780 921.0
1269790 921.0
1269800 922.3
1269810 921.8
1269820 921.8
1269830 921.9
1269840 922.3
1269850 922.3
1269860 922.5
1269870 922.9
1269880 922.9
1269890 923.9
1269900 924.9
1269910 924.9
1269920 925.9
1269930 927.1
1269940 927.1
1269950 928.3
1269960 929.6
1269970 929.6
1269980 930.9
1269990 932.1
1270000 932.1
1270010 933.2
1270020 934.6
1270030 936.0
1270040 936.0
1270050 937.1
1270060 938.0
1270070 938.0
1270080 938.8
1270090 940.0
1270100 940.0
1270110 941.3
1270120 942.4
1270130 942.4
1270140 943.8
1270150 945.6
1270160 945.6
1270170 947.9
1270180 950.5
1270190 950.5
1270200 952.7
1270210 952.7
1270220 952.7
1270230 952.9
1270240 954.9
1270250 954.9
1270260 956.4
1270270 957.6
1270280 958.9
1270290 958.9
1270300 960.4
1270310 962.1
1270320 962.1
1270330 964.3
1270340 966.6
1270350 966.6
1270360 966.9
1270370 967.6
1270380 967.6
1270390 970.0
1270400 972.8
1270410 972.8
1270420 974.8
1270430 976.2
1270440 976.2
1270450 978.0
1270460 979.6
1270470 979.6
1270480 981.3
1270490 982.5
1270500 982.5
1270510 983.6
1270520 985.6
1270530 986.8
1270540 986.8
1270550 988.2
1270560 989.3
1270570 989.3
1270580 990.3
1270590 991.2
1270600 991.2
1270610 992.6
1270620 993.8
1270630 993.8
1270640 995.0
1270650 996.6
1270660 996.6
1270670 998.4
1270680 999.7
1270690 999.7
1270700 1000.9
1270710 1002.5
1270720 1002.5
1270730 1003.8
1270740 1005.3
1270750 1005.3
1270760 1006.5
1270770 1007.8
1270780 1010.2
1270790 1010.2
1270800 1011.9
1270810 1013.5
1270820 1013.5
1270830 1014.5
1270840 1017.3
1270850 1017.3
1270860 1018.8
1270870 1020.6
1270880 1020.6
1270890 1022.1
1270900 1023.4
1270910 1023.4
1270920 1025.2
1270930 1027.1
1270940 1027.1
1270950 1029.0
1270960 1030.8
1270970 1030.8
1270980 1032.3
1270990 1034.0
1271000 1034.0
1271010 1036.8
1271020 1038.5
1271030 1040.2
1271040 1040.2
1271050 1042.3
1271060 1045.3
1271070 1045.3
1271080 1047.4
1271090 1050.9
1271100 1050.9
1271110 1052.0
1271120 1053.0
1271130 1053.0
1271140 1056.5
1271150 1059.4
1271160 1059.4
1271170 1061.8
1271180 1065.0
1271190 1065.0
1271200 1067.6
1271210 1073.0
1271220 1073.0
1271230 1077.6
1271240 1082.6
1271250 1087.9
1271260 1087.9
1271270 1093.8
1271280 1099.8
1271290 1099.8
1271300 1105.5
1271310 1111.5
1271320 1111.5
1271330 1116.2
1271340 1119.9
1271350 1119.9
1271360 1123.3
1271370 1127.4
1271380 1127.4
1271390 1131.3
1271400 1134.7
1271410 1134.7
1271420 1137.6
1271430 1139.5
1271440 1139.5
1271450 1140.4
1271460 1141.2
1271470 1141.2
1271480 1142.8
1271490 1145.4
1271500 1148.1
1271510 1148.1
1271520 1151.1
1271530 1154.1
1271540 1154.1
1271550 1157.1
1271560 1160.6
1271570 1160.6
1271580 1164.6
1271590 1169.8
1271600 1169.8
1271610 1175.1
1271620 1180.0
1271630 1180.0
1271640 1185.0
1271650 1190.9
1271660 1190.9
1271670 1196.1
1271680 1199.9
1271690 1199.9
1271700 1203.4
1271710 1207.1
1271720 1207.1
1271730 1211.0
1271740 1215.2
1271750 1219.5
1271760 1219.5
1271770 1223.4
1271780 1226.6
1271790 1226.6
1271800 1229.7
1271810 1233.3
1271820 1233.3
1271830 1237.5
1271840 1241.8
1271850 1241.8
1271860 1245.1
1271870 1247.9
1271880 1247.9
1271890 1250.8
1271900 1254.1
1271910 1254.1
1271920 1257.4
1271930 1260.9
1271940 1260.9
1271950 1264.7
1271960 1269.7
1271970 1269.7
1271980 1277.0
1271990 1282.3
1272000 1286.3
1272010 1286.3
1272020 1291.9
1272030 1295.9
1272040 1295.9
1272050 1298.9
1272060 1301.7
1272070 1301.7
1272080 1305.0
1272090 1309.3
1272100 1309.3
1272110 1313.5
1272120 1317.7
1272130 1317.7
1272140 1321.6
1272150 1325.8
1272160 1325.8
1272170 1330.4
1272180 1334.7
1272190 1334.7
1272200 1339.0
1272210 1343.7
1272220 1343.7
1272230 1348.1
1272240 1351.2
1272250 1353.3
1272260 1353.3
1272270 1355.3
1272280 1357.2
1272290 1357.2
1272300 1359.0
1272310 1360.8
1272320 1360.8
1272330 1363.7
1272340 1368.3
1272350 1368.3
1272360 1373.4
1272370 1378.4
1272380 1378.4
1272390 1383.4
1272400 1388.9
1272410 1388.9
1272420 1394.3
1272430 1398.6
1272440 1398.6
1272450 1403.5
1272460 1408.0
1272470 1408.0
1272480 1412.6
1272490 1416.4
1272500 1418.9
1272510 1418.9
1272520 1421.2
1272530 1423.4
1272540 1423.4
1272550 1426.1
1272560 1427.7
1272570 1427.7
1272580 1430.7
1272590 1433.9
1272600 1433.9
1272610 1437.0
1272620 1440.0
1272630 1440.0
1272640 1442.8
1272650 1445.9
1272660 1445.9
1272670 1449.2
1272680 1452.3
1272690 1452.3
1272700 1454.7
1272710 1457.5
1272720 1457.5
1272730 1460.3
1272740 1463.6
1272750 1466.6
1272760 1466.6
1272770 1468.5
1272780 1470.0
1272790 1470.0
1272800 1472.7
1272810 1475.9
1272820 1475.9
1272830 1479.3
1272840 1482.9
1272850 1482.9
1272860 1486.7
1272870 1490.5
1272880 1490.5
1272890 1494.3
1272900 1498.1
1272910 1498.1
1272920 1501.3
1272930 1504.1
1272940 1504.1
1272950 1507.4
1272960 1509.5
1272970 1509.5
1272980 1510.9
1272990 1512.3
1273000 1513.2
1273010 1513.2
1273020 1514.7
1273030 1516.6
1273040 1516.6
1273050 1518.3
1273060 1520.0
1273070 1520.0
1273080 1521.9
1273090 1524.0
1273100 1524.0
1273110 1525.9
1273120 1527.5
1273130 1527.5
1273140 1529.2
1273150 1532.2
1273160 1531.9
1273170 1536.4
1273180 1540.4
1273190 1540.4
1273200 1543.2
1273210 1545.4
1273220 1545.4
1273230 1545.5
1273240 1544.8
1273250 1547.1
1273260 1547.1
1273270 1548.8
1273280 1549.3
1273290 1549.3
1273300 1550.0
1273310 1553.5
1273320 1553.5
1273330 1557.5
1273340 1563.5
1273350 1563.5
1273360 1569.6
1273370 1574.9
1273380 1574.9
1273390 1580.1
1273400 1587.0
1273410 1587.0
1273420 1594.5
1273430 1601.0
1273440 1601.0
1273450 1606.1
1273460 1611.6
1273470 1617.1
1273480 1617.1
1273490 1618.8
1273500 1621.2
1273510 1621.2
1273520 1623.5
1273530 1626.2
1273540 1626.2
1273550 1630.0
1273560 1633.3
1273570 1633.3
1273580 1637.1
1273590 1641.5
1273600 1641.5
1273610 1645.8
1273620 1649.5
1273630 1649.5
1273640 1652.6
1273650 1655.3
1273660 1655.3
1273670 1659.6
1273680 1664.1
1273690 1664.1
1273700 1669.0
1273710 1672.4
1273720 1674.8
1273730 1674.8
1273740 1677.7
1273750 1680.5
1273760 1676.8
1273770 1679.5
1273780 1682.0
1273790 1682.0
1273800 1685.2
1273810 1688.8
1273820 1688.8
1273830 1692.4
1273840 1696.1
1273850 1696.1
1273860 1700.2
1273870 1704.7
1273880 1704.7
1273890 1709.4
1273900 1714.4
1273910 1714.4
1273920 1719.4
1273930 1723.0
1273940 1723.0
1273950 1726.7
1273960 1729.7
1273970 1732.4
1273980 1732.4
1273990 1734.5
1274000 1738.1
1274010 1738.1
1274020 1742.1
1274030 1746.9
1274040 1746.9
1274050 1751.9
1274060 1756.6
1274070 1756.6
1274080 1761.9
1274090 1767.8
1274100 1767.8
1274110 1773.5
1274120 1775.6
1274130 1775.6
1274140 1780.9
1274150 1788.0
1274160 1788.0
1274170 1794.1
1274180 1800.2
1274190 1800.2
1274200 1804.6
1274210 1807.3
1274220 1809.1
1274230 1809.1
1274240 1811.0
1274250 1815.1
1274260 1815.1
1274270 1819.6
1274280 1825.1
1274290 1825.1
1274300 1830.6
1274310 1834.4
1274320 1834.4
1274330 1837.6
1274340 1841.1
1274350 1841.1
1274360 1844.2
1274370 1847.1
1274380 1847.1
1274390 1849.9
1274400 1853.6
1274410 1853.6
1274420 1858.2
1274430 1863.1
1274440 1863.1
1274450 1866.3
1274460 1868.7
1274470 1872.9
1274480 1872.9
1274490 1876.9
1274500 1880.9
1274510 1880.9
1274520 1882.7
1274530 1884.5
1274540 1884.5
1274550 1887.5
1274560 1893.1
1274570 1893.1
1274580 1897.8
1274590 1902.1
1274600 1902.1
1274610 1906.4
1274620 1910.9
1274630 1910.9
1274640 1915.1
1274650 1919.1
1274660 1919.1
1274670 1921.6
1274680 1924.0
1274690 1924.0
1274700 1926.3
1274710 1929.0
1274720 1932.5
1274730 1932.5
1274740 1935.8
1274750 1939.3
1274760 1939.3
1274770 1942.0
1274780 1944.7
1274790 1944.7
1274800 1946.9
1274810 1948.5
1274820 1948.5
1274830 1951.1
1274840 1954.0
1274850 1954.0
1274860 1956.6
1274870 1959.6
1274880 1959.6
1274890 1962.7
1274900 1966.0
1274910 1966.0
1274920 1969.6
1274930 1973.8
1274940 1973.8
1274950 1978.3
1274960 1983.0
1274970 1990.4
1274980 1990.4
1274990 1996.2
1275000 2002.3
1275010 2002.3
1275020 2008.3
1275030 2014.1
1275040 2014.1
1275050 2019.6
1275060 2024.5
1275070 2024.5
1275080 2029.8
1275090 2036.2
1275100 2036.2
1275110 2042.9
1275120 2049.8
1275130 2049.8
1275140 2055.7
1275150 2060.1
1275160 2060.1
1275170 2064.3
1275180 2069.2
1275190 2069.2
1275200 2075.7
1275210 2082.4
1275220 2088.8
1275230 2088.8
1275240 2097.3
1275250 2107.6
1275260 2107.6
1275270 2114.1
1275280 2118.9
1275290 2118.9
1275300 2122.9
1275310 2126.8
1275320 2126.8
1275330 2129.5
1275340 2132.1
1275350 2132.1
1275360 2135.6
1275370 2139.7
1275380 2139.7
1275390 2143.5
1275400 2146.4
1275410 2146.4
1275420 2148.8
1275430 2151.4
1275440 2151.4
1275450 2153.8
1275460 2156.8
1275470 2160.0
1275480 2160.0
1275490 2163.0
1275500 2164.9
1275510 2164.9
1275520 2166.3
1275530 2167.9
1275540 2167.9
1275550 2169.2
1275560 2170.5
1275570 2170.5
1275580 2167.8
1275590 2170.5
1275600 2170.5
1275610 2173.3
1275620 2176.2
1275630 2176.2
1275640 2178.8
1275650 2180.1
1275660 2180.1
1275670 2178.1
1275680 2175.4
1275690 2173.9
1275700 2173.9
1275710 2172.6
1275720 2170.6
1275730 2170.6
1275740 2170.5
1275750 2169.4
1275760 2169.4
1275770 2168.9
1275780 2167.9
1275790 2167.9
1275800 2165.6
1275810 2165.4
1275820 2165.4
1275830 2164.8
1275840 2166.7
1275850 2166.7
1275860 2166.3
1275870 2163.4
1275880 2163.4
1275890 2158.1
1275900 2150.1
1275910 2150.1
1275920 2141.1
1275930 2133.3
1275940 2126.1
1275950 2126.1
1275960 2119.0
1275970 2112.5
1275980 2112.5
1275990 2106.9
1276000 2102.2
1276010 2102.2
1276020 2098.1
1276030 2093.6
1276040 2093.6
1276050 2088.6
1276060 2084.3
1276070 2084.3
1276080 2079.9
1276090 2074.4
1276100 2074.4
1276110 2072.3
1276120 2069.8
1276130 2069.8
1276140 2061.2
1276150 2054.4
1276160 2054.4
1276170 2048.7
1276180 2044.6
1276190 2036.9
1276200 2036.9
1276210 2036.9
1276220 2037.3
1276230 2037.3
1276240 2038.0
1276250 2039.9
1276260 2039.9
1276270 2044.9
1276280 2046.9
1276290 2046.9
1276300 2040.5
1276310 2030.0
1276320 2030.0
1276330 2021.6
1276340 2012.5
1276350 2012.5
1276360 2007.1
1276370 2004.7
1276380 2004.7
1276390 2002.5
1276400 1999.3
1276410 1999.3
1276420 1996.6
1276430 1992.9
1276440 1985.5
1276450 1985.5
1276460 1974.3
1276470 1959.9
1276480 1959.9
1276490 1945.8
1276500 1934.2
1276510 1934.2
1276520 1925.1
1276530 1913.7
1276540 1913.7
1276550 1899.4
1276560 1893.6
1276570 1893.6
1276580 1886.0
1276590 1878.3
1276600 1878.3
1276610 1870.7
1276620 1862.1
1276630 1862.1
1276640 1854.3
1276650 1844.0
1276660 1844.0
1276670 1829.5
1276680 1820.4
1276690 1814.1
1276700 1814.1
1276710 1809.1
1276720 1802.1
1276730 1802.1
1276740 1794.7
1276750 1785.3
1276760 1785.3
1276770 1778.9
1276780 1774.4
1276790 1774.4
1276800 1762.7
1276810 1756.4
1276820 1756.4
1276830 1748.5
1276840 1742.5
1276850 1742.5
1276860 1738.0
1276870 1733.1
1276880 1733.1
1276890 1727.0
1276900 1719.0
1276910 1719.0
1276920 1715.6
1276930 1714.0
1276940 1709.7
1276950 1709.7
1276960 1704.7
1276970 1699.7
1276980 1699.7
1276990 1695.9
1277000 1694.2
1277010 1694.2
1277020 1693.6
1277030 1693.0
1277040 1693.0
1277050 1692.7
1277060 1692.5
1277070 1692.5
1277080 1692.1
1277090 1691.4
1277100 1691.4
1277110 1690.8
1277120 1689.6
1277130 1689.6
1277140 1688.5
1277150 1686.4
1277160 1686.4
1277170 1684.7
1277180 1682.3
1277190 1679.4
1277200 1679.4
1277210 1676.5
1277220 1673.5
1277230 1673.5
1277240 1670.4
1277250 1667.1
1277260 1667.1
1277270 1664.0
1277280 1660.5
1277290 1660.5
1277300 1656.9
1277310 1653.3
1277320 1653.3
1277330 1649.7
1277340 1646.2
1277350 1646.2
1277360 1642.8
1277370 1639.6
1277380 1639.6
1277390 1636.9
1277400 1634.6
1277410 1630.2
1277420 1628.8
1277430 1627.2
1277440 1625.4
1277450 1625.4
1277460 1623.4
1277470 1621.4
1277480 1621.4
1277490 1619.1
1277500 1617.2
1277510 1617.2
1277520 1616.1
1277530 1615.3
1277540 1615.3
1277550 1614.4
1277560 1612.9
1277570 1612.9
1277580 1611.8
1277590 1610.7
1277600 1610.7
1277610 1610.4
1277620 1610.7
1277630 1610.7
1277640 1611.3
1277650 1613.6
1277660 1616.7
1277670 1616.7
1277680 1620.2
1277690 1623.8
1277700 1623.8
1277710 1627.3
1277720 1630.6
1277730 1630.6
1277740 1633.7
1277750 1637.0
1277760 1637.0
1277770 1640.5
1277780 1644.2
1277790 1644.2
1277800 1647.5
1277810 1650.1
1277820 1650.1
1277830 1653.8
1277840 1657.1
1277850 1657.1
1277860 1660.1
1277870 1663.4
1277880 1663.4
1277890 1666.5
1277900 1669.5
1277910 1672.5
1277920 1672.5
1277930 1675.2
1277940 1677.4
1277950 1677.4
1277960 1679.7
1277970 1682.3
1277980 1682.3
1277990 1684.4
1278000 1686.7
1278010 1686.7
1278020 1689.6
1278030 1696.9
1278040 1696.9
1278050 1699.8
1278060 1702.6
1278070 1702.6
1278080 1704.9
1278090 1707.2
1278100 1707.2
1278110 1709.6
1278120 1712.2
1278130 1712.2
1278140 1714.9
1278150 1717.5
1278160 1720.5
1278170 1720.5
1278180 1723.7
1278190 1727.0
1278200 1727.0
1278210 1729.9
1278220 1732.5
1278230 1732.5
1278240 1734.6
1278250 1736.4
1278260 1736.4
1278270 1737.9
1278280 1739.0
1278290 1739.0
1278300 1739.7
1278310 1741.7
1278320 1741.7
1278330 1744.2
1278340 1747.0
1278350 1747.0
1278360 1749.0
1278370 1751.2
1278380 1751.2
1278390 1754.8
1278400 1757.4
1278410 1759.1
1278420 1759.1
1278430 1761.7
1278440 1763.9
1278450 1763.9
1278460 1765.9
1278470 1767.7
1278480 1767.7
1278490 1769.5
1278500 1772.1
1278510 1772.1
1278520 1774.2
1278530 1775.7
1278540 1775.7
1278550 1776.5
1278560 1776.2
1278570 1776.2
1278580 1775.0
1278590 1774.3
1278600 1774.3
1278610 1773.7
1278620 1772.2
1278630 1772.2
1278640 1778.1
1278650 1777.7
1278660 1777.4
1278670 1777.4
1278680 1777.4
1278690 1777.6
1278700 1777.6
1278710 1778.0
1278720 1778.5
1278730 1778.5
1278740 1779.1
1278750 1778.3
1278760 1778.3
1278770 1779.2
1278780 1783.5
1278790 1783.5
1278800 1786.9
1278810 1788.7
1278820 1788.7
1278830 1789.9
1278840 1791.3
1278850 1791.3
1278860 1790.5
1278870 1786.8
1278880 1786.8
1278890 1784.7
1278900 1784.0
1278910 1784.3
1278920 1784.3
1278930 1783.4
1278940 1781.3
1278950 1781.3
1278960 1780.1
1278970 1779.8
1278980 1779.8
1278990 1781.4
1279000 1782.2
1279010 1782.2
1279020 1783.2
1279030 1783.9
1279040 1783.9
1279050 1784.3
1279060 1784.2
1279070 1784.2
1279080 1783.8
1279090 1784.4
1279100 1784.4
1279110 1785.2
1279120 1786.2
1279130 1786.2
1279140 1785.3
1279150 1785.6
1279160 1786.4
1279170 1786.4
1279180 1786.4
1279190 1786.4
1279200 1786.4
1279210 1787.3
1279220 1788.6
1279230 1788.6
1279240 1788.9
1279250 1789.2
1279260 1795.4
1279270 1795.8
1279280 1796.6
1279290 1796.6
1279300 1797.7
1279310 1798.9
1279320 1798.9
1279330 1799.9
1279340 1801.2
1279350 1801.2
1279360 1802.4
1279370 1803.8
1279380 1803.8
1279390 1804.7
1279400 1804.6
1279410 1803.6
1279420 1803.6
1279430 1802.6
1279440 1800.6
1279450 1800.6
1279460 1800.2
1279470 1800.9
1279480 1800.9
1279490 1801.4
1279500 1801.5
1279510 1801.5
1279520 1801.1
1279530 1801.2
1279540 1801.2
1279550 1801.3
1279560 1801.2
1279570 1801.2
1279580 1801.0
1279590 1799.9
1279600 1799.9
1279610 1798.3
1279620 1796.3
1279630 1796.3
1279640 1795.1
1279650 1793.3
1279660 1789.8
1279670 1789.8
1279680 1785.4
1279690 1781.5
1279700 1781.5
1279710 1776.7
1279720 1772.5
1279730 1772.5
1279740 1768.3
1279750 1764.1
1279760 1764.1
1279770 1760.4
1279780 1757.3
1279790 1757.3
1279800 1755.9
1279810 1756.3
1279820 1756.3
1279830 1756.2
1279840 1755.0
1279850 1755.0
1279860 1753.3
1279870 1751.2
1279880 1758.0
1279890 1758.0
1279900 1757.7
1279910 1755.2
1279920 1755.2
1279930 1753.9
1279940 1752.2
1279950 1752.2
1279960 1750.3
1279970 1752.1
1279980 1752.1
1279990 1756.3
