1260000 1523.0
1260010 1523.8
1260020 1523.8
1260030 1524.7
1260040 1525.6
1260050 1525.6
1260060 1525.9
1260070 1525.4
1260080 1525.4
1260090 1524.5
1260100 1523.3
1260110 1523.3
1260120 1520.4
1260130 1517.7
1260140 1515.4
1260150 1515.4
1260160 1511.3
1260170 1507.6
1260180 1507.6
1260190 1504.7
1260200 1501.7
1260210 1501.7
1260220 1499.3
1260230 1495.5
1260240 1495.5
1260250 1491.5
1260260 1487.3
1260270 1487.3
1260280 1482.7
1260290 1478.8
1260300 1478.8
1260310 1476.9
1260320 1479.8
1260330 1479.8
1260340 1483.8
1260350 1487.4
1260360 1487.4
1260370 1490.6
1260380 1496.7
1260390 1503.9
1260400 1503.9
1260410 1510.4
1260420 1516.7
1260430 1516.7
1260440 1522.9
1260450 1529.1
1260460 1529.1
1260470 1534.8
1260480 1540.6
1260490 1540.6
1260500 1545.6
1260510 1550.8
1260520 1550.8
1260530 1555.7
1260540 1560.8
1260550 1561.3
1260560 1565.9
1260570 1569.5
1260580 1569.5
1260590 1573.5
1260600 1578.2
1260610 1578.2
1260620 1583.4
1260630 1588.6
1260640 1592.9
1260650 1592.9
1260660 1597.1
1260670 1600.5
1260680 1600.5
1260690 1604.2
1260700 1608.0
1260710 1608.0
1260720 1611.6
1260730 1614.9
1260740 1614.9
1260750 1618.5
1260760 1623.1
1260770 1623.1
1260780 1628.0
1260790 1632.8
1260800 1632.8
1260810 1637.6
1260820 1642.4
1260830 1642.4
1260840 1647.2
1260850 1651.6
1260860 1651.6
1260870 1654.7
1260880 1655.4
1260890 1653.6
1260900 1653.6
1260910 1652.5
1260920 1653.5
1260930 1653.5
1260940 1654.8
1260950 1656.0
1260960 1656.0
1260970 1657.1
1260980 1657.9
1260990 1657.9
1261000 1657.5
1261010 1656.6
1261020 1656.6
1261030 1656.4
1261040 1655.7
1261050 1655.7
1261060 1654.3
1261070 1652.5
1261080 1652.5
1261090 1650.8
1261100 1649.1
1261110 1649.1
1261120 1652.6
1261130 1652.4
1261140 1654.1
1261150 1654.1
1261160 1656.3
1261170 1658.7
1261180 1658.7
1261190 1660.9
1261200 1661.4
1261210 1661.4
1261220 1660.6
1261230 1659.8
1261240 1659.8
1261250 1658.7
1261260 1657.4
1261270 1657.4
1261280 1655.0
1261290 1654.1
1261300 1654.1
1261310 1654.1
1261320 1652.9
1261330 1652.9
1261340 1648.8
1261350 1644.4
1261360 1644.4
1261370 1641.9
1261380 1641.2
1261390 1640.1
1261400 1640.1
1261410 1637.2
1261420 1634.2
1261430 1634.2
1261440 1631.6
1261450 1629.8
1261460 1629.8
1261470 1628.2
1261480 1626.8
1261490 1626.8
1261500 1625.3
1261510 1623.4
1261520 1623.4
1261530 1621.7
1261540 1620.5
1261550 1620.5
1261560 1619.8
1261570 1618.8
1261580 1618.8
1261590 1617.8
1261600 1617.2
1261610 1617.2
1261620 1615.7
1261630 1611.8
1261640 1608.4
1261650 1608.4
1261660 1607.3
1261670 1607.0
1261680 1607.0
1261690 1606.1
1261700 1605.1
1261710 1605.1
1261720 1603.8
1261730 1602.4
1261740 1602.4
1261750 1601.0
1261760 1598.0
1261770 1598.0
1261780 1593.7
1261790 1590.0
1261800 1590.0
1261810 1587.1
1261820 1583.5
1261830 1583.5
1261840 1580.1
1261850 1576.3
1261860 1576.3
1261870 1572.3
1261880 1568.0
1261890 1563.3
1261900 1563.3
1261910 1557.9
1261920 1551.7
1261930 1551.7
1261940 1545.1
1261950 1539.6
1261960 1539.6
1261970 1535.4
1261980 1533.1
1261990 1533.1
1262000 1531.2
1262010 1529.2
1262020 1529.2
1262030 1527.3
1262040 1524.7
1262050 1524.7
1262060 1521.5
1262070 1519.1
1262080 1519.1
1262090 1516.8
1262100 1513.3
1262110 1513.3
1262120 1509.1
1262130 1503.9
1262140 1498.2
1262150 1498.2
1262160 1495.2
1262170 1493.9
1262180 1493.9
1262190 1492.0
1262200 1488.8
1262210 1488.8
1262220 1485.3
1262230 1481.2
1262240 1481.2
1262250 1476.8
1262260 1470.7
1262270 1470.7
1262280 1466.7
1262290 1463.7
1262300 1463.7
1262310 1460.2
1262320 1455.5
1262330 1455.5
1262340 1452.0
1262350 1446.2
1262360 1446.2
1262370 1441.7
1262380 1437.8
1262390 1434.4
1262400 1434.4
1262410 1430.7
1262420 1426.5
1262430 1426.5
1262440 1420.5
1262450 1414.9
1262460 1414.9
1262470 1410.1
1262480 1406.8
1262490 1406.8
1262500 1404.9
1262510 1403.5
1262520 1403.5
1262530 1400.8
1262540 1399.4
1262550 1399.4
1262560 1398.1
1262570 1395.2
1262580 1395.2
1262590 1392.1
1262600 1387.5
1262610 1382.9
1262620 1382.9
1262630 1379.4
1262640 1374.5
1262650 1374.5
1262660 1370.0
1262670 1367.9
1262680 1367.9
1262690 1367.1
1262700 1366.8
1262710 1366.8
1262720 1363.7
1262730 1359.2
1262740 1359.2
1262750 1354.1
1262760 1348.2
1262770 1348.2
1262780 1343.0
1262790 1337.6
1262800 1337.6
1262810 1331.8
1262820 1326.1
1262830 1324.3
1262840 1319.4
1262850 1313.6
1262860 1306.2
1262870 1306.2
1262880 1301.2
1262890 1299.7
1262900 1299.7
1262910 1298.6
1262920 1297.6
1262930 1297.6
1262940 1292.6
1262950 1286.9
1262960 1286.9
1262970 1281.4
1262980 1276.3
1262990 1276.3
1263000 1270.7
1263010 1265.7
1263020 1265.7
1263030 1260.4
1263040 1255.2
1263050 1255.2
1263060 1251.2
1263070 1249.5
1263080 1249.5
1263090 1248.8
1263100 1246.6
1263110 1242.5
1263120 1242.5
1263130 1236.9
1263140 1232.2
1263150 1232.2
1263160 1227.7
1263170 1222.4
1263180 1222.4
1263190 1220.6
1263200 1224.1
1263210 1224.1
1263220 1229.1
1263230 1229.1
1263240 1229.1
1263250 1228.2
1263260 1227.3
1263270 1227.3
1263280 1228.3
1263290 1228.2
1263300 1228.2
1263310 1228.9
1263320 1231.0
1263330 1231.0
1263340 1234.7
1263350 1237.0
1263360 1236.6
1263370 1236.6
1263380 1235.3
1263390 1234.9
1263400 1234.9
1263410 1241.2
1263420 1242.6
1263430 1242.6
1263440 1243.4
1263450 1245.9
1263460 1245.9
1263470 1247.9
1263480 1249.9
1263490 1249.9
1263500 1251.7
1263510 1247.6
1263520 1247.6
1263530 1239.4
1263540 1233.6
1263550 1233.6
1263560 1230.2
1263570 1225.3
1263580 1225.3
1263590 1221.9
1263600 1223.7
1263610 1226.8
1263620 1226.8
1263630 1229.7
1263640 1232.7
1263650 1232.7
1263660 1234.3
1263670 1234.2
1263680 1234.2
1263690 1233.0
1263700 1231.5
1263710 1231.5
1263720 1229.2
1263730 1228.3
1263740 1228.3
1263750 1226.5
1263760 1224.4
1263770 1224.4
1263780 1222.1
1263790 1221.0
1263800 1221.0
1263810 1223.5
1263820 1224.3
1263830 1224.3
1263840 1223.1
1263850 1221.8
1263860 1221.1
1263870 1221.1
1263880 1220.5
1263890 1219.7
1263900 1219.7
1263910 1218.6
1263920 1217.8
1263930 1217.8
1263940 1217.0
1263950 1216.4
1263960 1216.4
1263970 1216.0
1263980 1218.3
1263990 1218.3
1264000 1218.1
1264010 1217.3
1264020 1217.3
1264030 1216.8
1264040 1216.4
1264050 1216.4
1264060 1215.9
1264070 1213.6
1264080 1213.6
1264090 1210.0
1264100 1211.3
1264110 1214.6
1264120 1214.6
1264130 1217.1
1264140 1219.5
1264150 1219.5
1264160 1222.1
1264170 1224.5
1264180 1224.5
1264190 1226.8
1264200 1228.7
1264210 1228.7
1264220 1230.2
1264230 1231.1
1264240 1231.1
1264250 1231.7
1264260 1232.0
1264270 1232.0
1264280 1231.1
1264290 1228.1
1264300 1228.1
1264310 1226.3
1264320 1227.2
1264330 1227.2
1264340 1228.2
1264350 1228.6
1264360 1225.9
1264370 1225.9
1264380 1220.8
1264390 1219.0
1264400 1219.0
1264410 1222.6
1264420 1224.9
1264430 1224.9
1264440 1225.5
1264450 1225.6
1264460 1225.6
1264470 1224.9
1264480 1223.1
1264490 1223.1
1264500 1221.1
1264510 1218.8
1264520 1218.8
1264530 1217.6
1264540 1218.8
1264550 1218.8
1264560 1220.8
1264570 1218.8
1264580 1218.8
1264590 1214.2
1264600 1208.4
1264610 1203.2
1264620 1203.2
1264630 1201.2
1264640 1201.9
1264650 1201.9
1264660 1203.1
1264670 1203.1
1264680 1203.1
1264690 1203.2
1264700 1202.3
1264710 1202.3
1264720 1198.8
1264730 1196.2
1264740 1196.2
1264750 1195.0
1264760 1193.7
1264770 1193.7
1264780 1192.8
1264790 1192.2
1264800 1192.2
1264810 1191.4
1264820 1192.8
1264830 1192.8
1264840 1193.2
1264850 1191.7
1264860 1190.4
1264870 1190.4
1264880 1189.7
1264890 1188.5
1264900 1188.5
1264910 1186.5
1264920 1184.8
1264930 1184.8
1264940 1182.8
1264950 1179.0
1264960 1179.0
1264970 1174.7
1264980 1170.2
1264990 1170.2
1265000 1166.8
1265010 1162.5
1265020 1162.5
1265030 1160.1
1265040 1159.3
1265050 1159.3
1265060 1158.2
1265070 1157.2
1265080 1157.2
1265090 1155.6
1265100 1154.9
1265110 1154.5
1265120 1154.5
1265130 1153.3
1265140 1154.6
1265150 1154.6
1265160 1152.7
1265170 1150.7
1265180 1150.7
1265190 1148.7
1265200 1146.6
1265210 1146.6
1265220 1144.4
1265230 1142.4
1265240 1142.4
1265250 1139.8
1265260 1135.9
1265270 1135.9
1265280 1131.2
1265290 1126.3
1265300 1126.3
1265310 1121.8
1265320 1118.6
1265330 1118.6
1265340 1117.9
1265350 1117.4
1265360 1119.9
1265370 1119.9
1265380 1120.3
1265390 1119.2
1265400 1119.2
1265410 1118.0
1265420 1116.8
1265430 1116.8
1265440 1115.1
1265450 1114.3
1265460 1114.3
1265470 1114.7
1265480 1115.6
1265490 1115.6
1265500 1118.3
1265510 1122.1
1265520 1122.1
1265530 1124.9
1265540 1124.0
1265550 1124.0
1265560 1120.8
1265570 1117.4
1265580 1117.4
1265590 1114.4
1265600 1111.7
1265610 1109.1
1265620 1109.1
1265630 1107.0
1265640 1105.3
1265650 1105.3
1265660 1103.8
1265670 1103.0
1265680 1103.0
1265690 1102.3
1265700 1100.6
1265710 1100.6
1265720 1103.0
1265730 1101.3
1265740 1101.3
1265750 1099.8
1265760 1098.2
1265770 1098.2
1265780 1096.6
1265790 1095.1
1265800 1095.1
1265810 1094.0
1265820 1092.3
1265830 1092.3
1265840 1087.8
1265850 1083.2
1265860 1077.9
1265870 1077.9
1265880 1072.6
1265890 1068.5
1265900 1068.5
1265910 1064.8
1265920 1060.6
1265930 1060.6
1265940 1056.5
1265950 1052.1
1265960 1052.1
1265970 1048.0
1265980 1043.9
1265990 1043.9
1266000 1039.8
1266010 1035.9
1266020 1035.9
1266030 1032.3
1266040 1028.7
1266050 1028.7
1266060 1025.2
1266070 1021.7
1266080 1021.7
1266090 1018.3
1266100 1015.2
1266110 1012.7
1266120 1012.7
1266130 1011.1
1266140 1010.1
1266150 1010.1
1266160 1008.3
1266170 1005.0
1266180 1005.0
1266190 1001.5
1266200 997.8
1266210 997.8
1266220 993.3
1266230 988.4
1266240 988.4
1266250 983.8
1266260 979.7
1266270 979.7
1266280 976.2
1266290 973.5
1266300 972.3
1266310 969.5
1266320 967.1
1266330 967.1
1266340 964.4
1266350 961.0
1266360 958.3
1266370 958.3
1266380 956.6
1266390 955.7
1266400 955.7
1266410 954.9
1266420 951.7
1266430 951.7
1266440 950.4
1266450 947.9
1266460 947.9
1266470 945.0
1266480 943.5
1266490 943.5
1266500 940.9
1266510 937.3
1266520 937.3
1266530 935.0
1266540 933.6
1266550 933.6
1266560 930.8
1266570 927.5
1266580 927.5
1266590 923.3
1266600 918.5
1266610 913.5
1266620 913.5
1266630 908.5
1266640 905.3
1266650 905.3
1266660 901.0
1266670 897.0
1266680 897.0
1266690 893.5
1266700 890.3
1266710 890.3
1266720 888.3
1266730 887.2
1266740 887.2
1266750 883.3
1266760 877.6
1266770 877.6
1266780 873.0
1266790 866.9
1266800 866.9
1266810 862.6
1266820 860.3
1266830 860.3
1266840 857.6
1266850 854.2
1266860 849.8
1266870 849.8
1266880 852.7
1266890 850.2
1266900 850.2
1266910 846.3
1266920 842.4
1266930 842.4
1266940 839.9
1266950 835.5
1266960 835.5
1266970 827.1
1266980 821.0
1266990 821.0
1267000 815.6
1267010 812.6
1267020 812.6
1267030 811.3
1267040 808.3
1267050 808.3
1267060 805.5
1267070 802.6
1267080 802.6
1267090 797.1
1267100 790.7
1267110 788.9
1267120 788.9
1267130 788.7
1267140 787.0
1267150 787.0
1267160 784.6
1267170 782.0
1267180 782.0
1267190 779.2
1267200 776.8
1267210 776.8
1267220 776.4
1267230 773.9
1267240 773.9
1267250 770.0
1267260 767.7
1267270 767.7
1267280 764.9
1267290 761.3
1267300 761.3
1267310 757.1
1267320 753.6
1267330 752.3
1267340 752.3
1267350 749.7
1267360 749.0
1267370 749.0
1267380 749.6
1267390 747.4
1267400 747.4
1267410 742.5
1267420 735.9
1267430 735.9
1267440 731.8
1267450 730.8
1267460 730.8
1267470 736.8
1267480 740.4
1267490 740.4
1267500 740.9
1267510 741.4
1267520 741.4
1267530 741.9
1267540 742.3
1267550 742.3
1267560 742.9
1267570 744.9
1267580 747.0
1267590 747.0
1267600 742.3
1267610 737.3
1267620 737.3
1267630 731.9
1267640 725.8
1267650 725.8
1267660 719.8
1267670 713.7
1267680 713.7
1267690 709.7
1267700 709.2
1267710 709.2
1267720 708.8
1267730 708.0
1267740 708.0
1267750 703.7
1267760 698.7
1267770 698.7
1267780 693.9
1267790 688.3
1267800 688.3
1267810 682.4
1267820 676.8
1267830 670.8
1267840 670.8
1267850 670.3
1267860 671.8
1267870 671.8
1267880 675.9
1267890 682.3
1267900 682.3
1267910 687.7
1267920 693.7
1267930 693.7
1267940 696.6
1267950 699.2
1267960 699.2
1267970 701.7
1267980 703.2
1267990 703.2
1268000 704.9
1268010 706.6
1268020 706.6
1268030 707.7
1268040 708.7
1268050 708.7
1268060 707.3
1268070 706.5
1268080 706.1
1268090 706.1
1268100 706.9
1268110 707.8
1268120 707.8
1268130 708.4
1268140 709.5
1268150 709.5
1268160 709.8
1268170 709.9
1268180 709.9
1268190 710.5
1268200 711.0
1268210 711.0
1268220 711.6
1268230 712.3
1268240 712.3
1268250 713.3
1268260 715.5
1268270 715.5
1268280 719.5
1268290 725.6
1268300 725.6
1268310 731.3
1268320 735.8
1268330 739.6
1268340 739.6
1268350 741.9
1268360 743.2
1268370 743.2
1268380 746.5
1268390 750.9
1268400 750.9
1268410 747.2
1268420 744.3
1268430 744.3
1268440 739.6
1268450 729.9
1268460 729.9
1268470 723.5
1268480 719.6
1268490 719.6
1268500 714.7
1268510 709.9
1268520 709.9
1268530 705.8
1268540 702.5
1268550 702.5
1268560 701.3
1268570 699.3
1268580 697.2
1268590 697.2
1268600 694.5
1268610 690.4
1268620 690.4
1268630 685.9
1268640 687.1
1268650 687.1
1268660 683.2
1268670 678.7
1268680 678.7
1268690 672.2
1268700 670.1
1268710 670.1
1268720 673.1
1268730 680.6
1268740 680.6
1268750 688.6
1268760 697.4
1268770 697.4
1268780 705.8
1268790 712.0
1268800 712.0
1268810 718.0
1268820 723.2
1268830 728.1
1268840 728.1
1268850 730.7
1268860 732.7
1268870 732.7
1268880 738.4
1268890 744.6
1268900 744.6
1268910 750.2
1268920 755.6
1268930 755.6
1268940 760.8
1268950 765.6
1268960 765.6
1268970 770.6
1268980 776.6
1268990 776.6
1269000 784.6
1269010 791.5
1269020 791.5
1269030 795.4
1269040 797.8
1269050 797.8
1269060 802.2
1269070 807.4
1269080 814.7
1269090 814.7
1269100 822.3
1269110 828.6
1269120 828.6
1269130 834.0
1269140 837.8
1269150 837.8
1269160 838.9
1269170 839.3
1269180 839.3
1269190 843.8
1269200 852.9
1269210 852.9
1269220 855.3
1269230 856.6
1269240 856.6
1269250 859.0
1269260 862.2
1269270 862.2
1269280 865.3
1269290 867.3
1269300 867.3
1269310 868.3
1269320 869.5
1269330 871.3
1269340 871.3
1269350 872.5
1269360 873.3
1269370 873.3
1269380 874.3
1269390 876.3
1269400 876.3
1269410 879.1
1269420 883.3
1269430 883.3
1269440 888.3
1269450 893.5
1269460 893.5
1269470 897.9
1269480 900.9
1269490 900.9
1269500 904.4
1269510 907.2
1269520 907.2
1269530 910.8
1269540 916.2
1269550 916.2
1269560 921.7
1269570 923.6
1269580 924.3
1269590 924.3
1269600 925.2
1269610 927.1
1269620 927.1
1269630 930.7
1269640 933.5
1269650 933.5
1269660 937.0
1269670 938.7
1269680 938.7
1269690 939.2
1269700 939.7
1269710 939.7
1269720 939.9
1269730 940.2
1269740 940.2
1269750 940.3
1269760 940.4
1269770 940.4
1269780 940.4
1269790 940.4
1269800 940.4
1269810 940.5
1269820 940.5
1269830 940.4
1269840 940.4
1269850 940.4
1269860 940.4
1269870 940.4
1269880 940.3
1269890 940.4
1269900 940.4
1269910 940.5
1269920 940.8
1269930 940.8
1269940 941.1
1269950 941.7
1269960 941.7
1269970 942.8
1269980 944.3
1269990 944.3
1270000 945.3
1270010 945.7
1270020 945.7
1270030 946.3
1270040 948.2
1270050 948.2
1270060 950.8
1270070 952.2
1270080 953.9
1270090 953.9
1270100 957.6
1270110 960.9
1270120 960.9
1270130 964.2
1270140 966.8
1270150 966.8
1270160 969.0
1270170 971.2
1270180 971.2
1270190 972.2
1270200 972.3
1270210 972.3
1270220 972.2
1270230 970.4
1270240 970.4
1270250 967.5
1270260 967.0
1270270 967.0
1270280 967.2
1270290 967.6
1270300 967.6
1270310 968.2
1270320 969.0
1270330 969.7
1270340 969.7
1270350 970.3
1270360 970.9
1270370 970.9
1270380 971.7
1270390 972.5
1270400 972.5
1270410 973.3
1270420 974.7
1270430 974.7
1270440 975.5
1270450 976.3
1270460 976.3
1270470 977.2
1270480 978.0
1270490 978.0
1270500 978.9
1270510 979.9
1270520 979.9
1270530 980.9
1270540 982.0
1270550 982.0
1270560 982.8
1270570 983.4
1270580 983.9
1270590 983.9
1270600 984.4
1270610 984.9
1270620 984.9
1270630 986.0
1270640 987.3
1270650 987.3
1270660 988.8
1270670 991.6
1270680 991.6
1270690 995.5
1270700 999.5
1270710 999.5
1270720 1003.7
1270730 1006.8
1270740 1006.8
1270750 1008.6
1270760 1010.1
1270770 1010.1
1270780 1010.9
1270790 1011.1
1270800 1011.1
1270810 1011.3
1270820 1011.6
1270830 1012.0
1270840 1012.0
1270850 1012.2
1270860 1012.2
1270870 1012.2
1270880 1015.9
1270890 1021.5
1270900 1021.5
1270910 1027.2
1270920 1030.6
1270930 1030.6
1270940 1031.8
1270950 1031.1
1270960 1031.1
1270970 1032.7
1270980 1037.0
1270990 1037.0
1271000 1042.7
1271010 1052.0
1271020 1052.0
1271030 1059.4
1271040 1065.5
1271050 1065.5
1271060 1067.7
1271070 1069.7
1271080 1070.9
1271090 1070.9
1271100 1074.1
1271110 1078.4
1271120 1078.4
1271130 1084.3
1271140 1089.6
1271150 1089.6
1271160 1089.8
1271170 1088.9
1271180 1088.9
1271190 1091.5
1271200 1095.6
1271210 1095.6
1271220 1099.8
1271230 1104.4
1271240 1104.4
1271250 1109.7
1271260 1114.7
1271270 1114.7
1271280 1120.4
1271290 1126.8
1271300 1126.8
1271310 1132.7
1271320 1137.9
1271330 1142.1
1271340 1142.1
1271350 1144.4
1271360 1146.0
1271370 1146.0
1271380 1146.9
1271390 1147.3
1271400 1147.3
1271410 1148.0
1271420 1148.8
1271430 1148.8
1271440 1150.5
1271450 1153.5
1271460 1153.5
1271470 1159.6
1271480 1167.6
1271490 1167.6
1271500 1174.5
1271510 1181.2
1271520 1181.2
1271530 1187.5
1271540 1193.7
1271550 1193.7
1271560 1199.9
1271570 1205.6
1271580 1210.7
1271590 1210.7
1271600 1215.9
1271610 1223.0
1271620 1223.0
1271630 1230.1
1271640 1236.9
1271650 1236.9
1271660 1243.7
1271670 1250.1
1271680 1250.1
1271690 1256.0
1271700 1261.9
1271710 1261.9
1271720 1266.6
1271730 1270.1
1271740 1270.1
1271750 1274.6
1271760 1280.2
1271770 1280.2
1271780 1286.2
1271790 1290.4
1271800 1290.4
1271810 1293.4
1271820 1296.4
1271830 1299.3
1271840 1299.3
1271850 1301.9
1271860 1304.9
1271870 1304.9
1271880 1307.6
1271890 1311.6
1271900 1311.6
1271910 1318.1
1271920 1324.0
1271930 1324.0
1271940 1328.8
1271950 1333.4
1271960 1333.4
1271970 1337.7
1271980 1341.5
1271990 1341.5
1272000 1345.7
1272010 1350.6
1272020 1350.6
1272030 1354.0
1272040 1356.2
1272050 1358.7
1272060 1358.7
1272070 1360.5
1272080 1362.6
1272090 1362.6
1272100 1365.6
1272110 1368.5
1272120 1368.5
1272130 1371.1
1272140 1373.1
1272150 1373.1
1272160 1374.3
1272170 1375.3
1272180 1375.3
1272190 1377.1
1272200 1381.3
1272210 1381.3
1272220 1386.3
1272230 1390.0
1272240 1390.0
1272250 1393.2
1272260 1396.3
1272270 1396.3
1272280 1399.1
1272290 1401.6
1272300 1403.5
1272310 1403.5
1272320 1405.2
1272330 1406.7
1272340 1406.7
1272350 1408.6
1272360 1409.9
1272370 1409.9
1272380 1409.9
1272390 1409.3
1272400 1409.3
1272410 1408.9
1272420 1409.9
1272430 1409.9
1272440 1410.8
1272450 1411.4
1272460 1411.4
1272470 1412.7
1272480 1414.1
1272490 1414.1
1272500 1416.7
1272510 1420.1
1272520 1420.1
1272530 1424.3
1272540 1427.5
1272550 1430.4
1272560 1430.4
1272570 1433.7
1272580 1437.3
1272590 1437.3
1272600 1441.0
1272610 1444.2
1272620 1444.2
1272630 1447.2
1272640 1450.7
1272650 1450.7
1272660 1454.3
1272670 1458.3
1272680 1458.3
1272690 1462.8
1272700 1465.8
1272710 1465.8
1272720 1467.8
1272730 1470.0
1272740 1470.0
1272750 1472.8
1272760 1475.1
1272770 1475.1
1272780 1478.9
1272790 1483.3
1272800 1488.8
1272810 1488.8
1272820 1493.0
1272830 1496.7
1272840 1496.7
1272850 1501.2
1272860 1505.5
1272870 1505.5
1272880 1508.8
1272890 1511.6
1272900 1511.6
1272910 1514.8
1272920 1518.3
1272930 1518.3
1272940 1522.3
1272950 1527.1
1272960 1527.1
1272970 1532.1
1272980 1537.7
1272990 1537.7
1273000 1543.5
1273010 1549.3
1273020 1549.3
1273030 1554.6
1273040 1559.1
1273050 1562.9
1273060 1562.9
1273070 1565.1
1273080 1568.9
1273090 1568.9
1273100 1574.0
1273110 1579.5
1273120 1579.5
1273130 1585.2
1273140 1590.8
1273150 1590.8
1273160 1595.3
1273170 1599.4
1273180 1599.4
1273190 1602.8
1273200 1606.0
1273210 1606.0
1273220 1609.4
1273230 1612.7
1273240 1612.7
1273250 1616.2
1273260 1619.8
1273270 1619.8
1273280 1623.5
1273290 1627.9
1273300 1631.7
1273310 1631.7
1273320 1635.9
1273330 1638.3
1273340 1638.3
1273350 1642.0
1273360 1646.6
1273370 1646.6
1273380 1649.9
1273390 1651.0
1273400 1651.0
1273410 1653.7
1273420 1654.8
1273430 1654.8
1273440 1657.3
1273450 1660.9
1273460 1660.9
1273470 1663.7
1273480 1665.7
1273490 1665.7
1273500 1667.5
1273510 1669.0
1273520 1669.0
1273530 1670.6
1273540 1672.3
1273550 1674.7
1273560 1674.7
1273570 1677.8
1273580 1681.7
1273590 1681.7
1273600 1685.6
1273610 1689.5
1273620 1689.5
1273630 1693.5
1273640 1697.0
1273650 1697.0
1273660 1700.2
1273670 1703.7
1273680 1703.7
1273690 1707.0
1273700 1709.7
1273710 1709.7
1273720 1711.8
1273730 1713.9
1273740 1713.9
1273750 1717.0
1273760 1721.0
1273770 1721.0
1273780 1724.9
1273790 1728.0
1273800 1729.7
1273810 1729.7
1273820 1732.5
1273830 1735.9
1273840 1735.9
1273850 1737.5
1273860 1738.2
1273870 1738.2
1273880 1739.3
1273890 1744.0
1273900 1744.0
1273910 1749.7
1273920 1754.2
1273930 1754.2
1273940 1758.0
1273950 1761.7
1273960 1761.7
1273970 1766.0
1273980 1770.0
1273990 1770.0
1274000 1772.7
1274010 1777.7
1274020 1777.7
1274030 1781.1
1274040 1784.9
1274050 1789.0
1274060 1789.0
1274070 1792.6
1274080 1795.4
1274090 1795.4
1274100 1798.4
1274110 1801.3
1274120 1801.3
1274130 1804.2
1274140 1807.1
1274150 1807.1
1274160 1810.1
1274170 1813.4
1274180 1813.4
1274190 1815.8
1274200 1817.2
1274210 1817.2
1274220 1817.6
1274230 1817.9
1274240 1817.9
1274250 1818.5
1274260 1820.6
1274270 1820.6
1274280 1824.7
1274290 1828.5
1274300 1829.9
1274310 1829.9
1274320 1831.1
1274330 1833.2
1274340 1833.2
1274350 1835.1
1274360 1838.0
1274370 1838.0
1274380 1841.1
1274390 1844.3
1274400 1844.3
1274410 1847.8
1274420 1851.8
1274430 1851.8
1274440 1855.4
1274450 1858.6
1274460 1858.6
1274470 1862.9
1274480 1865.2
1274490 1865.2
1274500 1868.3
1274510 1870.8
1274520 1870.8
1274530 1873.0
1274540 1874.6
1274550 1876.2
1274560 1876.2
1274570 1879.0
1274580 1884.2
1274590 1884.2
1274600 1888.0
1274610 1894.4
1274620 1894.4
1274630 1899.5
1274640 1904.3
1274650 1904.3
1274660 1908.3
1274670 1911.4
1274680 1911.4
1274690 1915.1
1274700 1916.9
1274710 1916.9
1274720 1917.9
1274730 1919.2
1274740 1919.2
1274750 1921.1
1274760 1925.4
1274770 1925.4
1274780 1931.3
1274790 1935.7
1274800 1937.0
1274810 1937.0
1274820 1939.7
1274830 1943.6
1274840 1943.6
1274850 1945.6
1274860 1947.7
1274870 1947.7
1274880 1949.8
1274890 1952.2
1274900 1952.2
1274910 1956.2
1274920 1959.0
1274930 1959.0
1274940 1960.7
1274950 1963.6
1274960 1963.6
1274970 1966.6
1274980 1970.0
1274990 1970.0
1275000 1974.1
1275010 1978.5
1275020 1978.5
1275030 1983.5
1275040 1988.2
1275050 1992.5
1275060 1992.5
1275070 1996.5
1275080 2000.2
1275090 2000.2
1275100 2004.0
1275110 2008.4
1275120 2008.4
1275130 2012.3
1275140 2015.4
1275150 2015.4
1275160 2018.1
1275170 2019.0
1275180 2019.0
1275190 2018.1
1275200 2017.1
1275210 2017.1
1275220 2023.4
1275230 2022.8
1275240 2022.8
1275250 2022.1
1275260 2021.5
1275270 2021.5
1275280 2023.2
1275290 2025.1
1275300 2026.9
1275310 2026.9
1275320 2029.9
1275330 2033.0
1275340 2033.0
1275350 2035.0
1275360 2036.8
1275370 2036.8
1275380 2039.3
1275390 2040.7
1275400 2040.7
1275410 2040.2
1275420 2040.2
1275430 2040.2
1275440 2041.2
1275450 2042.5
1275460 2042.5
1275470 2045.3
1275480 2048.0
1275490 2048.0
1275500 2050.2
1275510 2052.0
1275520 2052.0
1275530 2053.7
1275540 2055.0
1275550 2054.4
1275560 2054.4
1275570 2053.9
1275580 2054.8
1275590 2054.8
1275600 2057.0
1275610 2060.4
1275620 2060.4
1275630 2063.8
1275640 2067.3
1275650 2067.3
1275660 2071.1
1275670 2075.9
1275680 2075.9
1275690 2079.9
1275700 2080.5
1275710 2080.5
1275720 2081.1
1275730 2083.6
1275740 2083.6
1275750 2086.0
1275760 2088.4
1275770 2090.2
1275780 2090.2
1275790 2090.8
1275800 2092.4
1275810 2092.4
1275820 2096.1
1275830 2107.4
1275840 2107.4
1275850 2106.8
1275860 2106.8
1275870 2106.8
1275880 2108.1
1275890 2110.1
1275900 2110.1
1275910 2111.6
1275920 2112.8
1275930 2112.8
1275940 2112.8
1275950 2112.3
1275960 2112.3
1275970 2112.3
1275980 2112.3
1275990 2112.3
1276000 2111.0
1276010 2108.2
1276020 2105.4
1276030 2105.4
1276040 2104.1
1276050 2102.9
1276060 2102.9
1276070 2102.8
1276080 2102.4
1276090 2102.4
1276100 2102.4
1276110 2102.8
1276120 2102.8
1276130 2101.9
1276140 2100.6
1276150 2100.6
1276160 2098.4
1276170 2095.8
1276180 2095.8
1276190 2094.0
1276200 2092.0
1276210 2092.0
1276220 2090.8
1276230 2091.5
1276240 2091.5
1276250 2092.3
1276260 2092.1
1276270 2090.1
1276280 2090.1
1276290 2086.2
1276300 2082.6
1276310 2082.6
1276320 2081.4
1276330 2080.2
1276340 2080.2
1276350 2079.1
1276360 2080.2
1276370 2080.2
1276380 2080.2
1276390 2078.6
1276400 2078.6
1276410 2077.3
1276420 2077.0
1276430 2077.0
1276440 2079.3
1276450 2079.3
1276460 2079.3
1276470 2080.7
1276480 2082.7
1276490 2082.7
1276500 2083.5
1276510 2084.1
1276520 2084.3
1276530 2084.3
1276540 2084.5
1276550 2085.2
1276560 2085.2
1276570 2086.2
1276580 2085.6
1276590 2085.6
1276600 2084.5
1276610 2084.2
1276620 2084.2
1276630 2084.2
1276640 2084.6
1276650 2084.6
1276660 2084.7
1276670 2082.8
1276680 2082.8
1276690 2084.2
1276700 2087.0
1276710 2087.0
1276720 2084.7
1276730 2082.0
1276740 2082.0
1276750 2080.7
1276760 2080.8
1276770 2081.3
1276780 2081.3
1276790 2080.9
1276800 2080.8
1276810 2080.8
1276820 2082.7
1276830 2084.9
1276840 2084.9
1276850 2086.9
1276860 2087.8
1276870 2087.8
1276880 2087.7
1276890 2087.4
1276900 2087.4
1276910 2087.3
1276920 2087.1
1276930 2087.1
1276940 2085.0
1276950 2083.7
1276960 2083.7
1276970 2083.3
1276980 2083.3
1276990 2083.3
1277000 2081.9
1277010 2078.4
1277020 2075.7
1277030 2075.7
1277040 2074.2
1277050 2078.3
1277060 2078.3
1277070 2078.8
1277080 2078.1
1277090 2078.1
1277100 2077.6
1277110 2077.2
1277120 2077.2
1277130 2078.0
1277140 2078.0
1277150 2078.0
1277160 2078.3
1277170 2079.4
1277180 2079.4
1277190 2080.5
1277200 2082.0
1277210 2082.0
1277220 2081.6
1277230 2079.5
1277240 2079.5
1277250 2077.0
1277260 2075.7
1277270 2074.8
1277280 2074.8
1277290 2072.9
1277300 2070.8
1277310 2070.8
1277320 2068.4
1277330 2065.9
1277340 2065.9
1277350 2063.2
1277360 2060.1
1277370 2060.1
1277380 2056.0
1277390 2052.1
1277400 2052.1
1277410 2050.9
1277420 2050.2
1277430 2050.2
1277440 2047.7
1277450 2044.4
1277460 2044.4
1277470 2041.2
1277480 2037.2
1277490 2037.2
1277500 2032.0
1277510 2025.8
1277520 2020.3
1277530 2020.3
1277540 2014.8
1277550 2011.0
1277560 2011.0
1277570 2002.2
1277580 1995.8
1277590 1995.8
1277600 1992.1
1277610 1984.3
1277620 1984.3
1277630 1976.2
1277640 1972.9
1277650 1972.9
1277660 1963.3
1277670 1961.2
1277680 1961.2
1277690 1955.2
1277700 1950.1
1277710 1950.1
1277720 1945.9
1277730 1941.2
1277740 1941.2
1277750 1936.9
1277760 1932.9
1277770 1929.5
1277780 1929.5
1277790 1927.8
1277800 1926.3
1277810 1926.3
1277820 1925.6
1277830 1924.3
1277840 1924.3
1277850 1921.4
1277860 1917.1
1277870 1917.1
1277880 1912.9
1277890 1909.8
1277900 1909.8
1277910 1907.6
1277920 1906.2
1277930 1906.2
1277940 1904.0
1277950 1901.8
1277960 1901.8
1277970 1900.7
1277980 1900.1
1277990 1900.1
1278000 1899.5
1278010 1898.8
1278020 1897.3
1278030 1897.3
1278040 1896.3
1278050 1895.2
1278060 1895.2
1278070 1893.6
1278080 1891.7
1278090 1891.7
1278100 1890.2
1278110 1889.7
1278120 1889.7
1278130 1889.0
1278140 1888.9
1278150 1888.9
1278160 1890.3
1278170 1891.9
1278180 1891.9
1278190 1894.2
1278200 1895.2
1278210 1895.2
1278220 1896.1
1278230 1897.4
1278240 1897.4
1278250 1898.8
1278260 1901.3
1278270 1903.8
1278280 1897.8
1278290 1899.7
1278300 1902.2
1278310 1902.2
1278320 1904.5
1278330 1906.7
1278340 1906.7
1278350 1907.9
1278360 1908.5
1278370 1908.5
1278380 1909.0
1278390 1909.4
1278400 1909.4
1278410 1909.9
1278420 1910.6
1278430 1910.6
1278440 1911.7
1278450 1912.7
1278460 1912.7
1278470 1912.9
1278480 1913.4
1278490 1913.4
1278500 1913.3
1278510 1913.4
1278520 1913.1
1278530 1913.1
1278540 1912.8
1278550 1911.8
1278560 1911.8
1278570 1910.2
1278580 1909.3
1278590 1909.3
1278600 1908.4
1278610 1907.1
1278620 1907.1
1278630 1906.0
1278640 1904.9
1278650 1904.9
1278660 1904.0
1278670 1902.4
1278680 1902.4
1278690 1900.6
1278700 1898.7
1278710 1898.7
1278720 1896.2
1278730 1893.3
1278740 1893.3
1278750 1890.6
1278760 1890.0
1278770 1890.3
1278780 1890.3
1278790 1889.7
1278800 1888.7
1278810 1888.7
1278820 1888.1
1278830 1888.8
1278840 1888.8
1278850 1889.4
1278860 1889.7
1278870 1889.7
1278880 1890.3
1278890 1891.3
1278900 1884.2
1278910 1885.2
1278920 1886.3
1278930 1886.3
1278940 1886.6
1278950 1887.6
1278960 1887.6
1278970 1889.6
1278980 1891.2
1278990 1891.2
1279000 1893.6
1279010 1896.6
1279020 1898.4
1279030 1898.4
1279040 1899.9
1279050 1900.8
1279060 1900.8
1279070 1901.2
1279080 1901.6
1279090 1901.6
1279100 1903.0
1279110 1906.8
1279120 1906.8
1279130 1911.5
1279140 1915.8
1279150 1915.8
1279160 1920.0
1279170 1924.1
1279180 1924.1
1279190 1929.1
1279200 1935.0
1279210 1935.0
1279220 1940.7
1279230 1946.0
1279240 1946.0
1279250 1951.1
1279260 1955.8
1279270 1957.3
1279280 1957.3
1279290 1958.6
1279300 1961.8
1279310 1961.8
1279320 1965.5
1279330 1968.9
1279340 1968.9
1279350 1972.3
1279360 1975.6
1279370 1975.6
1279380 1978.7
1279390 1981.2
1279400 1981.2
1279410 1983.3
1279420 1986.3
1279430 1986.3
1279440 1989.3
1279450 1993.0
1279460 1993.0
1279470 1998.3
1279480 2006.4
1279490 2014.5
1279500 2014.5
1279510 2020.8
1279520 2021.5
1279530 2021.5
1279540 2026.1
1279550 2028.9
1279560 2028.9
1279570 2032.4
1279580 2035.5
1279590 2035.5
1279600 2037.0
1279610 2036.9
1279620 2036.9
1279630 2040.4
1279640 2045.9
1279650 2045.9
1279660 2052.6
1279670 2059.1
1279680 2059.1
1279690 2060.6
1279700 2058.0
1279710 2058.0
1279720 2058.6
1279730 2061.7
1279740 2061.2
1279750 2061.2
1279760 2062.8
1279770 2067.6
1279780 2067.6
1279790 2073.1
1279800 2074.5
1279810 2074.5
1279820 2079.8
1279830 2088.3
1279840 2088.3
1279850 2092.7
1279860 2097.3
1279870 2097.3
1279880 2103.1
1279890 2108.0
1279900 2108.0
1279910 2113.5
1279920 2121.9
1279930 2121.9
1279940 2128.7
1279950 2128.0
1279960 2128.0
1279970 2127.5
1279980 2130.3
1279990 2129.8
