1260000 1644.0
1260010 1641.3
1260020 1644.3
1260030 1641.4
1260040 1637.4
1260050 1637.4
1260060 1633.7
1260070 1630.4
1260080 1626.7
1260090 1626.7
1260100 1622.6
1260110 1618.4
1260120 1618.4
1260130 1613.8
1260140 1609.1
1260150 1609.1
1260160 1603.6
1260170 1597.8
1260180 1597.8
1260190 1592.2
1260200 1588.2
1260210 1588.2
1260220 1585.5
1260230 1583.6
1260240 1583.6
1260250 1581.8
1260260 1579.5
1260270 1579.5
1260280 1576.1
1260290 1571.3
1260300 1571.3
1260310 1568.1
1260320 1567.0
1260330 1568.8
1260340 1568.8
1260350 1573.1
1260360 1576.0
1260370 1576.0
1260380 1579.3
1260390 1582.6
1260400 1582.6
1260410 1586.4
1260420 1591.4
1260430 1591.4
1260440 1596.8
1260450 1602.0
1260460 1602.0
1260470 1607.6
1260480 1613.1
1260490 1613.1
1260500 1618.2
1260510 1622.9
1260520 1622.9
1260530 1627.0
1260540 1631.0
1260550 1631.0
1260560 1634.8
1260570 1638.2
1260580 1639.6
1260590 1643.9
1260600 1644.6
1260610 1645.1
1260620 1645.1
1260630 1645.8
1260640 1647.1
1260650 1647.1
1260660 1649.6
1260670 1653.0
1260680 1653.0
1260690 1657.1
1260700 1662.6
1260710 1662.6
1260720 1667.3
1260730 1672.9
1260740 1672.9
1260750 1677.4
1260760 1682.2
1260770 1682.2
1260780 1686.7
1260790 1690.9
1260800 1690.9
1260810 1695.3
1260820 1699.8
1260830 1704.5
1260840 1704.5
1260850 1710.0
1260860 1715.6
1260870 1715.6
1260880 1720.5
1260890 1724.4
1260900 1724.4
1260910 1728.3
1260920 1732.5
1260930 1732.5
1260940 1737.7
1260950 1743.4
1260960 1743.4
1260970 1748.5
1260980 1753.4
1260990 1753.4
1261000 1757.9
1261010 1761.1
1261020 1761.1
1261030 1763.8
1261040 1767.0
1261050 1767.0
1261060 1770.3
1261070 1773.5
1261080 1777.2
1261090 1777.2
1261100 1781.0
1261110 1784.4
1261120 1784.4
1261130 1785.7
1261140 1783.1
1261150 1786.9
1261160 1783.0
1261170 1781.0
1261180 1781.0
1261190 1778.1
1261200 1774.9
1261210 1774.9
1261220 1771.1
1261230 1766.4
1261240 1766.4
1261250 1760.8
1261260 1755.4
1261270 1755.4
1261280 1750.4
1261290 1744.8
1261300 1744.8
1261310 1739.4
1261320 1733.5
1261330 1727.8
1261340 1727.8
1261350 1722.6
1261360 1717.9
1261370 1717.9
1261380 1712.8
1261390 1707.3
1261400 1707.3
1261410 1702.0
1261420 1696.2
1261430 1696.2
1261440 1689.8
1261450 1683.5
1261460 1683.5
1261470 1677.7
1261480 1672.4
1261490 1672.4
1261500 1667.2
1261510 1661.5
1261520 1661.5
1261530 1654.7
1261540 1648.9
1261550 1648.9
1261560 1643.0
1261570 1638.0
1261580 1632.7
1261590 1632.7
1261600 1629.5
1261610 1626.7
1261620 1626.7
1261630 1623.1
1261640 1619.0
1261650 1619.0
1261660 1614.2
1261670 1608.3
1261680 1608.3
1261690 1602.5
1261700 1595.9
1261710 1595.9
1261720 1587.7
1261730 1581.6
1261740 1581.6
1261750 1576.8
1261760 1572.6
1261770 1572.6
1261780 1568.8
1261790 1564.9
1261800 1564.9
1261810 1560.6
1261820 1555.9
1261830 1552.0
1261840 1552.0
1261850 1548.7
1261860 1545.3
1261870 1545.3
1261880 1541.5
1261890 1537.5
1261900 1537.5
1261910 1534.8
1261920 1532.4
1261930 1532.4
1261940 1529.3
1261950 1526.0
1261960 1526.0
1261970 1522.9
1261980 1519.8
1261990 1519.8
1262000 1516.4
1262010 1512.8
1262020 1512.8
1262030 1507.9
1262040 1502.7
1262050 1502.7
1262060 1497.6
1262070 1492.2
1262080 1487.2
1262090 1487.2
1262100 1482.2
1262110 1478.3
1262120 1478.3
1262130 1473.3
1262140 1468.5
1262150 1468.5
1262160 1463.3
1262170 1458.0
1262180 1458.0
1262190 1452.4
1262200 1446.6
1262210 1446.6
1262220 1440.2
1262230 1435.1
1262240 1435.1
1262250 1431.9
1262260 1429.4
1262270 1429.4
1262280 1428.0
1262290 1425.9
1262300 1429.5
1262310 1429.3
1262320 1429.0
1262330 1431.0
1262340 1431.0
1262350 1435.1
1262360 1438.7
1262370 1438.7
1262380 1440.7
1262390 1442.6
1262400 1442.6
1262410 1443.5
1262420 1443.1
1262430 1443.1
1262440 1441.9
1262450 1439.4
1262460 1439.4
1262470 1436.5
1262480 1432.1
1262490 1432.1
1262500 1427.7
1262510 1424.7
1262520 1424.7
1262530 1421.4
1262540 1416.6
1262550 1416.6
1262560 1410.9
1262570 1405.2
1262580 1399.7
1262590 1399.7
1262600 1393.9
1262610 1388.8
1262620 1388.8
1262630 1385.4
1262640 1383.4
1262650 1383.4
1262660 1382.5
1262670 1382.4
1262680 1382.4
1262690 1382.5
1262700 1381.2
1262710 1381.2
1262720 1377.1
1262730 1371.5
1262740 1371.5
1262750 1367.1
1262760 1362.0
1262770 1362.0
1262780 1357.6
1262790 1355.1
1262800 1355.1
1262810 1352.9
1262820 1351.2
1262830 1352.5
1262840 1352.5
1262850 1355.0
1262860 1354.0
1262870 1355.7
1262880 1351.7
1262890 1354.0
1262900 1354.0
1262910 1357.7
1262920 1360.4
1262930 1360.4
1262940 1360.4
1262950 1359.6
1262960 1359.6
1262970 1359.0
1262980 1359.7
1262990 1359.7
1263000 1360.3
1263010 1359.3
1263020 1359.3
1263030 1359.7
1263040 1362.2
1263050 1364.2
1263060 1364.2
1263070 1363.1
1263080 1360.2
1263090 1360.2
1263100 1358.5
1263110 1358.8
1263120 1358.8
1263130 1359.5
1263140 1357.7
1263150 1357.7
1263160 1354.8
1263170 1351.1
1263180 1351.1
1263190 1347.0
1263200 1343.8
1263210 1343.8
1263220 1340.6
1263230 1336.9
1263240 1336.9
1263250 1334.5
1263260 1333.0
1263270 1333.0
1263280 1333.9
1263290 1335.8
1263300 1339.2
1263310 1339.2
1263320 1342.9
1263330 1345.4
1263340 1345.4
1263350 1343.8
1263360 1338.5
1263370 1338.5
1263380 1335.4
1263390 1338.1
1263400 1338.1
1263410 1342.0
1263420 1345.8
1263430 1345.8
1263440 1354.6
1263450 1359.4
1263460 1359.4
1263470 1362.9
1263480 1364.7
1263490 1364.7
1263500 1365.8
1263510 1366.1
1263520 1366.1
1263530 1365.7
1263540 1363.7
1263550 1359.8
1263560 1359.8
1263570 1356.4
1263580 1356.8
1263590 1356.8
1263600 1358.6
1263610 1360.4
1263620 1360.4
1263630 1362.0
1263640 1364.1
1263650 1364.1
1263660 1364.6
1263670 1364.5
1263680 1364.5
1263690 1364.8
1263700 1365.6
1263710 1365.6
1263720 1366.3
1263730 1367.1
1263740 1367.1
1263750 1366.8
1263760 1366.3
1263770 1366.3
1263780 1364.2
1263790 1362.4
1263800 1360.9
1263810 1360.9
1263820 1359.2
1263830 1356.0
1263840 1356.0
1263850 1351.7
1263860 1346.9
1263870 1346.9
1263880 1341.6
1263890 1335.3
1263900 1335.3
1263910 1330.2
1263920 1326.1
1263930 1326.1
1263940 1320.8
1263950 1317.9
1263960 1317.9
1263970 1316.4
1263980 1316.2
1263990 1316.2
1264000 1316.7
1264010 1317.3
1264020 1322.9
1264030 1323.4
1264040 1321.9
1264050 1322.1
1264060 1322.1
1264070 1325.9
1264080 1329.6
1264090 1329.6
1264100 1332.7
1264110 1335.7
1264120 1335.7
1264130 1337.6
1264140 1338.3
1264150 1338.3
1264160 1338.2
1264170 1340.8
1264180 1340.8
1264190 1343.2
1264200 1343.9
1264210 1343.9
1264220 1344.1
1264230 1344.3
1264240 1344.3
1264250 1344.7
1264260 1345.4
1264270 1345.4
1264280 1345.3
1264290 1344.4
1264300 1344.3
1264310 1344.3
1264320 1345.0
1264330 1344.6
1264340 1344.6
1264350 1343.4
1264360 1342.5
1264370 1342.5
1264380 1343.9
1264390 1343.9
1264400 1343.9
1264410 1342.4
1264420 1341.2
1264430 1341.2
1264440 1340.3
1264450 1339.2
1264460 1339.2
1264470 1337.8
1264480 1336.2
1264490 1336.2
1264500 1334.0
1264510 1332.7
1264520 1332.7
1264530 1331.6
1264540 1329.6
1264550 1328.0
1264560 1328.0
1264570 1327.4
1264580 1324.3
1264590 1324.3
1264600 1326.2
1264610 1325.7
1264620 1325.7
1264630 1323.9
1264640 1322.6
1264650 1322.6
1264660 1320.2
1264670 1317.0
1264680 1317.0
1264690 1315.6
1264700 1314.6
1264710 1314.6
1264720 1312.8
1264730 1309.0
1264740 1309.0
1264750 1305.4
1264760 1301.5
1264770 1301.5
1264780 1299.6
1264790 1297.8
1264800 1295.8
1264810 1295.8
1264820 1293.6
1264830 1290.6
1264840 1290.6
1264850 1286.9
1264860 1283.3
1264870 1283.3
1264880 1280.8
1264890 1277.8
1264900 1277.8
1264910 1273.8
1264920 1269.4
1264930 1269.4
1264940 1264.8
1264950 1260.0
1264960 1260.0
1264970 1256.1
1264980 1253.1
1264990 1253.1
1265000 1248.8
1265010 1244.3
1265020 1244.3
1265030 1240.5
1265040 1237.0
1265050 1233.8
1265060 1233.8
1265070 1231.5
1265080 1229.1
1265090 1229.1
1265100 1227.0
1265110 1224.0
1265120 1224.0
1265130 1220.1
1265140 1216.2
1265150 1216.2
1265160 1214.2
1265170 1213.5
1265180 1217.9
1265190 1216.9
1265200 1215.3
1265210 1215.3
1265220 1213.7
1265230 1211.7
1265240 1211.7
1265250 1209.5
1265260 1206.9
1265270 1206.9
1265280 1204.0
1265290 1201.5
1265300 1200.3
1265310 1200.3
1265320 1199.0
1265330 1197.1
1265340 1197.1
1265350 1194.5
1265360 1191.0
1265370 1191.0
1265380 1188.1
1265390 1184.4
1265400 1184.4
1265410 1181.0
1265420 1177.9
1265430 1177.9
1265440 1177.3
1265450 1177.4
1265460 1177.4
1265470 1177.2
1265480 1175.6
1265490 1175.6
1265500 1172.9
1265510 1170.0
1265520 1170.0
1265530 1166.8
1265540 1163.8
1265550 1160.4
1265560 1160.4
1265570 1157.7
1265580 1156.3
1265590 1156.3
1265600 1155.5
1265610 1154.2
1265620 1154.2
1265630 1152.6
1265640 1151.2
1265650 1151.2
1265660 1149.2
1265670 1146.7
1265680 1146.7
1265690 1144.9
1265700 1143.5
1265710 1143.5
1265720 1141.8
1265730 1140.0
1265740 1140.0
1265750 1138.8
1265760 1138.4
1265770 1138.4
1265780 1135.7
1265790 1132.8
1265800 1130.1
1265810 1130.1
1265820 1127.9
1265830 1125.6
1265840 1125.6
1265850 1123.2
1265860 1120.9
1265870 1120.9
1265880 1118.6
1265890 1116.9
1265900 1116.9
1265910 1114.7
1265920 1111.7
1265930 1111.7
1265940 1108.7
1265950 1105.8
1265960 1105.8
1265970 1103.4
1265980 1100.7
1265990 1100.7
1266000 1097.4
1266010 1093.8
1266020 1090.5
1266030 1090.5
1266040 1087.6
1266050 1084.3
1266060 1084.3
1266070 1080.8
1266080 1077.6
1266090 1077.6
1266100 1074.6
1266110 1071.7
1266120 1071.7
1266130 1069.1
1266140 1066.5
1266150 1066.5
1266160 1062.9
1266170 1059.2
1266180 1059.2
1266190 1056.2
1266200 1053.4
1266210 1053.4
1266220 1050.9
1266230 1048.2
1266240 1048.2
1266250 1044.9
1266260 1040.8
1266270 1037.2
1266280 1037.2
1266290 1033.2
1266300 1029.7
1266310 1029.7
1266320 1026.4
1266330 1022.9
1266340 1023.1
1266350 1021.4
1266360 1019.5
1266370 1019.5
1266380 1017.3
1266390 1014.7
1266400 1014.7
1266410 1011.8
1266420 1009.8
1266430 1009.8
1266440 1007.8
1266450 1004.7
1266460 1004.7
1266470 1002.5
1266480 1000.0
1266490 1000.0
1266500 997.2
1266510 994.5
1266520 991.9
1266530 991.9
1266540 989.3
1266550 986.5
1266560 986.5
1266570 983.6
1266580 980.2
1266590 980.2
1266600 976.5
1266610 973.0
1266620 973.0
1266630 970.2
1266640 965.9
1266650 965.9
1266660 960.0
1266670 957.5
1266680 957.5
1266690 956.0
1266700 953.8
1266710 953.8
1266720 951.0
1266730 948.6
1266740 948.6
1266750 946.4
1266760 944.6
1266770 942.8
1266780 942.8
1266790 940.9
1266800 938.9
1266810 938.9
1266820 937.3
1266830 936.3
1266840 936.3
1266850 935.0
1266860 933.2
1266870 933.2
1266880 929.9
1266890 925.5
1266900 925.5
1266910 921.8
1266920 919.6
1266930 919.6
1266940 916.4
1266950 911.8
1266960 911.8
1266970 906.4
1266980 902.2
1266990 902.2
1267000 900.8
1267010 899.8
1267020 898.2
1267030 898.2
1267040 894.2
1267050 887.4
1267060 887.4
1267070 883.0
1267080 877.6
1267090 877.6
1267100 869.9
1267110 862.2
1267120 862.2
1267130 854.8
1267140 848.3
1267150 848.3
1267160 843.0
1267170 838.6
1267180 838.6
1267190 833.5
1267200 827.7
1267210 827.7
1267220 823.3
1267230 818.4
1267240 818.4
1267250 813.3
1267260 807.6
1267270 802.1
1267280 802.1
1267290 800.6
1267300 801.6
1267310 801.6
1267320 798.3
1267330 793.9
1267340 793.9
1267350 790.5
1267360 788.0
1267370 788.0
1267380 785.3
1267390 782.4
1267400 782.4
1267410 778.7
1267420 774.2
1267430 774.2
1267440 770.0
1267450 764.6
1267460 764.6
1267470 757.1
1267480 749.7
1267490 749.7
1267500 741.9
1267510 736.1
1267520 728.5
1267530 728.5
1267540 720.8
1267550 715.7
1267560 715.7
1267570 712.5
1267580 709.3
1267590 709.3
1267600 707.1
1267610 705.3
1267620 705.3
1267630 703.8
1267640 702.3
1267650 702.3
1267660 700.6
1267670 698.9
1267680 698.9
1267690 697.2
1267700 695.7
1267710 695.7
1267720 693.6
1267730 690.1
1267740 690.1
1267750 687.8
1267760 685.7
1267770 683.0
1267780 683.0
1267790 680.0
1267800 678.7
1267810 678.7
1267820 681.3
1267830 682.2
1267840 682.2
1267850 681.8
1267860 681.2
1267870 681.2
1267880 680.8
1267890 680.3
1267900 680.3
1267910 680.7
1267920 681.2
1267930 681.2
1267940 681.5
1267950 681.6
1267960 681.6
1267970 682.4
1267980 685.4
1267990 685.4
1268000 687.0
1268010 688.2
1268020 689.9
1268030 689.9
1268040 692.7
1268050 695.6
1268060 695.6
1268070 698.1
1268080 700.9
1268090 700.7
1268100 703.5
1268110 706.1
1268120 706.1
1268130 708.8
1268140 711.5
1268150 711.5
1268160 714.5
1268170 718.8
1268180 718.8
1268190 722.8
1268200 726.4
1268210 726.4
1268220 731.5
1268230 737.7
1268240 737.7
1268250 744.2
1268260 748.9
1268270 752.4
1268280 752.4
1268290 758.1
1268300 764.1
1268310 764.1
1268320 770.2
1268330 776.7
1268340 776.7
1268350 781.5
1268360 784.9
1268370 784.9
1268380 786.8
1268390 788.0
1268400 788.0
1268410 789.2
1268420 791.1
1268430 791.1
1268440 792.4
1268450 795.2
1268460 795.2
1268470 801.0
1268480 807.8
1268490 807.8
1268500 814.3
1268510 820.0
1268520 825.2
1268530 825.2
1268540 831.2
1268550 839.5
1268560 839.5
1268570 848.0
1268580 856.4
1268590 856.4
1268600 862.9
1268610 861.3
1268620 861.3
1268630 855.4
1268640 849.8
1268650 849.8
1268660 843.7
1268670 838.0
1268680 835.8
1268690 829.1
1268700 822.7
1268710 822.7
1268720 816.6
1268730 810.7
1268740 810.7
1268750 804.8
1268760 799.1
1268770 794.0
1268780 794.0
1268790 792.0
1268800 789.5
1268810 789.5
1268820 786.3
1268830 780.8
1268840 780.8
1268850 772.2
1268860 762.7
1268870 762.7
1268880 749.2
1268890 738.4
1268900 738.4
1268910 726.0
1268920 714.4
1268930 714.4
1268940 705.1
1268950 696.8
1268960 696.8
1268970 688.3
1268980 678.8
1268990 678.8
1269000 677.2
1269010 680.9
1269020 688.1
1269030 688.1
1269040 694.8
1269050 701.6
1269060 701.6
1269070 710.7
1269080 723.7
1269090 723.7
1269100 733.7
1269110 739.9
1269120 739.9
1269130 741.5
1269140 744.2
1269150 744.2
1269160 752.5
1269170 761.7
1269180 761.7
1269190 771.8
1269200 780.7
1269210 780.7
1269220 787.9
1269230 794.9
1269240 802.6
1269250 802.6
1269260 810.4
1269270 815.2
1269280 815.2
1269290 824.4
1269300 835.2
1269310 835.2
1269320 845.5
1269330 854.6
1269340 854.6
1269350 858.4
1269360 858.5
1269370 858.5
1269380 858.7
1269390 859.0
1269400 859.0
1269410 859.5
1269420 861.5
1269430 861.5
1269440 865.3
1269450 873.0
1269460 873.0
1269470 885.2
1269480 890.2
1269490 893.6
1269500 893.6
1269510 900.1
1269520 903.2
1269530 903.2
1269540 903.9
1269550 907.1
1269560 907.1
1269570 913.5
1269580 916.3
1269590 916.3
1269600 918.6
1269610 921.3
1269620 921.3
1269630 923.4
1269640 925.8
1269650 925.8
1269660 928.6
1269670 930.7
1269680 930.7
1269690 933.0
1269700 935.7
1269710 935.7
1269720 937.9
1269730 938.7
1269740 939.1
1269750 939.1
1269760 939.5
1269770 939.6
1269780 939.6
1269790 939.6
1269800 939.3
1269810 939.3
1269820 939.1
1269830 938.8
1269840 938.8
1269850 938.9
1269860 936.8
1269870 936.8
1269880 937.6
1269890 938.5
1269900 938.5
1269910 939.6
1269920 940.8
1269930 940.8
1269940 941.8
1269950 942.6
1269960 942.6
1269970 943.0
1269980 943.1
1269990 942.9
1270000 942.9
1270010 942.8
1270020 942.9
1270030 942.9
1270040 943.3
1270050 943.9
1270060 943.9
1270070 944.7
1270080 945.7
1270090 945.7
1270100 946.6
1270110 947.4
1270120 947.4
1270130 948.3
1270140 949.4
1270150 949.4
1270160 950.4
1270170 951.5
1270180 951.5
1270190 952.8
1270200 954.1
1270210 954.1
1270220 955.5
1270230 957.1
1270240 959.0
1270250 959.0
1270260 961.2
1270270 963.5
1270280 963.5
1270290 965.4
1270300 966.8
1270310 966.8
1270320 967.9
1270330 968.9
1270340 968.9
1270350 970.0
1270360 971.1
1270370 971.1
1270380 973.2
1270390 975.3
1270400 975.3
1270410 976.5
1270420 977.4
1270430 977.4
1270440 978.2
1270450 979.0
1270460 979.0
1270470 980.4
1270480 982.3
1270490 986.6
1270500 986.6
1270510 989.7
1270520 991.1
1270530 991.1
1270540 994.0
1270550 995.9
1270560 995.9
1270570 998.7
1270580 1000.0
1270590 1000.0
1270600 1000.1
1270610 1000.1
1270620 1000.1
1270630 1000.5
1270640 1002.6
1270650 1002.6
1270660 1004.3
1270670 1005.2
1270680 1005.2
1270690 1006.1
1270700 1007.2
1270710 1007.2
1270720 1009.0
1270730 1010.9
1270740 1013.2
1270750 1013.2
1270760 1014.6
1270770 1015.9
1270780 1015.9
1270790 1017.3
1270800 1018.7
1270810 1018.7
1270820 1019.9
1270830 1020.9
1270840 1020.9
1270850 1022.2
1270860 1023.7
1270870 1023.7
1270880 1025.3
1270890 1027.4
1270900 1027.4
1270910 1029.6
1270920 1032.6
1270930 1032.6
1270940 1033.9
1270950 1035.7
1270960 1035.7
1270970 1039.4
1270980 1041.7
1270990 1045.1
1271000 1045.1
1271010 1048.7
1271020 1050.3
1271030 1050.3
1271040 1051.7
1271050 1054.7
1271060 1054.7
1271070 1057.6
1271080 1061.4
1271090 1061.4
1271100 1066.7
1271110 1073.2
1271120 1073.2
1271130 1079.8
1271140 1084.1
1271150 1084.1
1271160 1088.1
1271170 1096.0
1271180 1096.0
1271190 1103.0
1271200 1106.3
1271210 1106.3
1271220 1110.7
1271230 1122.8
1271240 1128.3
1271250 1128.3
1271260 1130.4
1271270 1132.4
1271280 1132.4
1271290 1135.3
1271300 1137.0
1271310 1137.0
1271320 1140.2
1271330 1144.1
1271340 1144.1
1271350 1147.5
1271360 1152.1
1271370 1152.1
1271380 1157.1
1271390 1161.8
1271400 1161.8
1271410 1167.1
1271420 1173.1
1271430 1173.1
1271440 1179.1
1271450 1183.5
1271460 1183.5
1271470 1186.2
1271480 1188.8
1271490 1191.8
1271500 1191.8
1271510 1196.6
1271520 1201.3
1271530 1201.3
1271540 1205.7
1271550 1208.8
1271560 1208.8
1271570 1211.1
1271580 1213.4
1271590 1213.4
1271600 1216.4
1271610 1219.4
1271620 1219.4
1271630 1222.2
1271640 1224.1
1271650 1223.5
1271660 1228.5
1271670 1234.3
1271680 1234.3
1271690 1240.0
1271700 1244.3
1271710 1244.3
1271720 1247.5
1271730 1250.4
1271740 1253.1
1271750 1253.1
1271760 1256.1
1271770 1259.8
1271780 1259.8
1271790 1264.6
1271800 1268.2
1271810 1268.2
1271820 1270.6
1271830 1273.4
1271840 1273.4
1271850 1277.1
1271860 1279.7
1271870 1279.7
1271880 1281.4
1271890 1283.1
1271900 1283.1
1271910 1284.6
1271920 1285.9
1271930 1285.9
1271940 1287.9
1271950 1290.2
1271960 1290.2
1271970 1291.7
1271980 1293.5
1271990 1295.5
1272000 1295.5
1272010 1295.9
1272020 1294.9
1272030 1294.9
1272040 1294.5
1272050 1293.9
1272060 1293.9
1272070 1293.8
1272080 1296.0
1272090 1296.0
1272100 1300.9
1272110 1306.5
1272120 1306.5
1272130 1312.4
1272140 1317.8
1272150 1317.8
1272160 1322.2
1272170 1326.1
1272180 1326.1
1272190 1329.9
1272200 1334.8
1272210 1342.0
1272220 1342.0
1272230 1349.9
1272240 1359.3
1272250 1359.3
1272260 1365.1
1272270 1370.4
1272280 1370.4
1272290 1374.9
1272300 1379.0
1272310 1379.0
1272320 1383.3
1272330 1387.9
1272340 1387.9
1272350 1392.4
1272360 1396.4
1272370 1396.4
1272380 1400.3
1272390 1404.2
1272400 1404.2
1272410 1408.4
1272420 1412.0
1272430 1412.0
1272440 1415.3
1272450 1418.2
1272460 1420.7
1272470 1420.7
1272480 1423.3
1272490 1425.8
1272500 1425.8
1272510 1428.4
1272520 1431.4
1272530 1431.4
1272540 1435.1
1272550 1438.3
1272560 1438.3
1272570 1440.5
1272580 1442.5
1272590 1442.5
1272600 1444.9
1272610 1447.8
1272620 1447.8
1272630 1451.0
1272640 1453.6
1272650 1453.6
1272660 1456.0
1272670 1458.4
1272680 1458.4
1272690 1461.4
1272700 1465.3
1272710 1469.5
1272720 1469.5
1272730 1473.4
1272740 1476.2
1272750 1476.2
1272760 1478.5
1272770 1481.1
1272780 1481.1
1272790 1484.2
1272800 1487.4
1272810 1487.4
1272820 1490.9
1272830 1495.1
1272840 1498.1
1272850 1502.3
1272860 1506.5
1272870 1506.5
1272880 1511.1
1272890 1515.8
1272900 1515.8
1272910 1520.2
1272920 1524.0
1272930 1524.0
1272940 1527.4
1272950 1531.3
1272960 1535.1
1272970 1535.1
1272980 1540.6
1272990 1542.7
1273000 1542.7
1273010 1544.4
1273020 1548.0
1273030 1548.0
1273040 1552.5
1273050 1557.2
1273060 1557.2
1273070 1561.8
1273080 1566.8
1273090 1566.8
1273100 1572.1
1273110 1577.3
1273120 1577.3
1273130 1582.2
1273140 1586.2
1273150 1586.2
1273160 1589.9
1273170 1593.8
1273180 1593.8
1273190 1598.1
1273200 1603.2
1273210 1609.1
1273220 1609.1
1273230 1614.0
1273240 1617.9
1273250 1617.9
1273260 1621.7
1273270 1625.4
1273280 1625.4
1273290 1628.2
1273300 1631.1
1273310 1631.1
1273320 1634.2
1273330 1639.2
1273340 1639.2
1273350 1644.1
1273360 1647.3
1273370 1647.3
1273380 1650.3
1273390 1653.0
1273400 1653.0
1273410 1655.9
1273420 1658.8
1273430 1658.8
1273440 1662.3
1273450 1662.8
1273460 1665.5
1273470 1665.5
1273480 1669.1
1273490 1671.9
1273500 1671.9
1273510 1674.5
1273520 1676.7
1273530 1676.7
1273540 1679.1
1273550 1682.0
1273560 1682.0
1273570 1685.4
1273580 1688.9
1273590 1688.9
1273600 1692.4
1273610 1695.4
1273620 1695.4
1273630 1698.3
1273640 1701.0
1273650 1701.0
1273660 1704.2
1273670 1707.3
1273680 1707.3
1273690 1711.4
1273700 1715.1
1273710 1718.0
1273720 1718.0
1273730 1722.0
1273740 1726.8
1273750 1726.8
1273760 1731.4
1273770 1735.3
1273780 1735.3
1273790 1738.3
1273800 1742.6
1273810 1742.6
1273820 1747.4
1273830 1752.3
1273840 1752.3
1273850 1756.6
1273860 1760.0
1273870 1760.0
1273880 1763.5
1273890 1766.6
1273900 1766.6
1273910 1770.0
1273920 1773.9
1273930 1773.9
1273940 1777.3
1273950 1780.6
1273960 1784.0
1273970 1784.0
1273980 1787.3
1273990 1791.7
1274000 1791.7
1274010 1796.7
1274020 1800.6
1274030 1800.6
1274040 1804.2
1274050 1807.5
1274060 1807.5
1274070 1810.9
1274080 1813.8
1274090 1813.8
1274100 1817.6
1274110 1822.1
1274120 1822.1
1274130 1825.8
1274140 1828.2
1274150 1828.2
1274160 1830.2
1274170 1832.9
1274180 1832.9
1274190 1835.9
1274200 1838.7
1274210 1841.9
1274220 1841.9
1274230 1845.6
1274240 1849.0
1274250 1849.0
1274260 1852.2
1274270 1854.8
1274280 1854.8
1274290 1857.5
1274300 1859.8
1274310 1859.8
1274320 1863.2
1274330 1868.0
1274340 1868.0
1274350 1872.7
1274360 1877.0
1274370 1877.0
1274380 1881.2
1274390 1884.4
1274400 1884.4
1274410 1886.3
1274420 1888.1
1274430 1888.1
1274440 1890.0
1274450 1892.2
1274460 1894.6
1274470 1894.6
1274480 1897.1
1274490 1900.4
1274500 1900.4
1274510 1903.4
1274520 1906.3
1274530 1906.3
1274540 1909.5
1274550 1912.5
1274560 1912.5
1274570 1914.8
1274580 1917.0
1274590 1917.0
1274600 1919.3
1274610 1922.0
1274620 1922.0
1274630 1924.8
1274640 1927.5
1274650 1926.5
1274660 1929.5
1274670 1932.5
1274680 1932.5
1274690 1935.1
1274700 1937.4
1274710 1939.5
1274720 1939.5
1274730 1943.2
1274740 1946.4
1274750 1946.4
1274760 1949.2
1274770 1952.3
1274780 1952.3
1274790 1957.1
1274800 1962.6
1274810 1962.6
1274820 1967.2
1274830 1972.0
1274840 1972.0
1274850 1977.2
1274860 1982.2
1274870 1982.2
1274880 1987.5
1274890 1992.7
1274900 1992.7
1274910 1998.8
1274920 2004.3
1274930 2004.3
1274940 2009.6
1274950 2013.1
1274960 2016.4
1274970 2016.4
1274980 2020.2
1274990 2022.9
1275000 2022.9
1275010 2024.0
1275020 2026.8
1275030 2026.8
1275040 2028.5
1275050 2030.3
1275060 2030.3
1275070 2033.5
1275080 2036.9
1275090 2036.9
1275100 2042.2
1275110 2048.5
1275120 2048.5
1275130 2054.9
1275140 2061.3
1275150 2061.3
1275160 2067.9
1275170 2074.6
1275180 2081.2
1275190 2081.2
1275200 2087.5
1275210 2093.7
1275220 2093.7
1275230 2100.3
1275240 2107.0
1275250 2107.0
1275260 2115.3
1275270 2122.4
1275280 2122.4
1275290 2129.4
1275300 2136.2
1275310 2136.2
1275320 2142.2
1275330 2148.0
1275340 2148.0
1275350 2154.2
1275360 2160.7
1275370 2160.7
1275380 2166.9
1275390 2173.0
1275400 2173.0
1275410 2178.6
1275420 2183.9
1275430 2188.2
1275440 2188.2
1275450 2192.6
1275460 2196.2
1275470 2196.2
1275480 2199.3
1275490 2202.2
1275500 2202.2
1275510 2205.6
1275520 2209.1
1275530 2209.1
1275540 2212.1
1275550 2214.8
1275560 2214.8
1275570 2217.1
1275580 2219.1
1275590 2219.1
1275600 2221.9
1275610 2225.2
1275620 2225.2
1275630 2228.7
1275640 2231.4
1275650 2231.4
1275660 2233.1
1275670 2234.6
1275680 2236.8
1275690 2236.8
1275700 2239.2
1275710 2241.2
1275720 2241.2
1275730 2243.7
1275740 2246.2
1275750 2246.2
1275760 2246.5
1275770 2246.2
1275780 2246.2
1275790 2245.1
1275800 2242.9
1275810 2242.9
1275820 2240.1
1275830 2237.8
1275840 2237.8
1275850 2236.9
1275860 2238.7
1275870 2236.5
1275880 2236.0
1275890 2232.2
1275900 2232.2
1275910 2228.7
1275920 2225.5
1275930 2223.4
1275940 2223.4
1275950 2222.0
1275960 2220.8
1275970 2220.8
1275980 2219.8
1275990 2218.7
1276000 2218.7
1276010 2218.1
1276020 2218.4
1276030 2218.4
1276040 2218.2
1276050 2217.3
1276060 2217.3
1276070 2215.9
1276080 2213.7
1276090 2213.7
1276100 2211.1
1276110 2209.6
1276120 2209.6
1276130 2208.6
1276140 2208.0
1276150 2208.0
1276160 2206.9
1276170 2204.8
1276180 2203.3
1276190 2203.3
1276200 2201.9
1276210 2199.1
1276220 2199.1
1276230 2195.6
1276240 2191.6
1276250 2191.6
1276260 2186.7
1276270 2182.3
1276280 2182.3
1276290 2177.9
1276300 2173.5
1276310 2173.5
1276320 2170.6
1276330 2165.9
1276340 2165.9
1276350 2158.3
1276360 2150.3
1276370 2150.3
1276380 2143.4
1276390 2137.6
1276400 2137.6
1276410 2133.8
1276420 2130.3
1276430 2125.9
1276440 2125.9
1276450 2119.5
1276460 2113.6
1276470 2113.6
1276480 2104.0
1276490 2096.3
1276500 2096.3
1276510 2089.9
1276520 2081.7
1276530 2081.7
1276540 2071.2
1276550 2063.9
1276560 2063.9
1276570 2060.9
1276580 2056.1
1276590 2056.1
1276600 2045.4
1276610 2029.4
1276620 2029.4
1276630 2016.2
1276640 2013.2
1276650 2013.2
1276660 2011.2
1276670 2014.6
1276680 2023.8
1276690 2023.8
1276700 2029.6
1276710 2034.1
1276720 2034.1
1276730 2032.2
1276740 2029.8
1276750 2029.8
1276760 2030.0
1276770 2025.7
1276780 2025.7
1276790 2018.2
1276800 2014.6
1276810 2014.6
1276820 2012.8
1276830 2011.0
1276840 2011.0
1276850 2003.8
1276860 1995.3
1276870 1995.3
1276880 1987.0
1276890 1978.1
1276900 1978.1
1276910 1968.8
1276920 1959.7
1276930 1952.5
1276940 1952.5
1276950 1946.6
1276960 1941.2
1276970 1941.2
1276980 1935.3
1276990 1929.1
1277000 1929.1
1277010 1922.4
1277020 1914.4
1277030 1914.4
1277040 1911.3
1277050 1911.5
1277060 1911.5
1277070 1914.0
1277080 1918.3
1277090 1906.8
1277100 1902.5
1277110 1893.9
1277120 1893.9
1277130 1885.1
1277140 1882.0
1277150 1882.0
1277160 1882.1
1277170 1883.2
1277180 1884.7
1277190 1884.7
1277200 1884.6
1277210 1883.6
1277220 1883.6
1277230 1883.4
1277240 1881.0
1277250 1881.0
1277260 1871.9
1277270 1860.5
1277280 1860.5
1277290 1858.0
1277300 1855.2
1277310 1855.2
1277320 1844.3
1277330 1829.3
1277340 1829.3
1277350 1810.9
1277360 1793.9
1277370 1793.9
1277380 1780.7
1277390 1769.1
1277400 1769.1
1277410 1763.1
1277420 1760.4
1277430 1757.3
1277440 1757.3
1277450 1756.2
1277460 1753.3
1277470 1753.3
1277480 1748.4
1277490 1742.7
1277500 1742.7
1277510 1737.0
1277520 1731.1
1277530 1731.1
1277540 1725.4
1277550 1719.6
1277560 1719.6
1277570 1714.4
1277580 1710.3
1277590 1710.3
1277600 1706.5
1277610 1703.3
1277620 1703.3
1277630 1700.7
1277640 1698.5
1277650 1696.2
1277660 1696.2
1277670 1693.7
1277680 1691.2
1277690 1691.2
1277700 1683.2
1277710 1681.9
1277720 1681.9
1277730 1681.4
1277740 1680.8
1277750 1680.8
1277760 1680.2
1277770 1679.3
1277780 1679.3
1277790 1678.5
1277800 1677.1
1277810 1677.1
1277820 1675.2
1277830 1672.2
1277840 1672.2
1277850 1669.9
1277860 1669.5
1277870 1669.5
1277880 1669.1
1277890 1668.1
1277900 1667.4
1277910 1667.4
1277920 1667.0
1277930 1666.5
1277940 1666.5
1277950 1665.8
1277960 1665.1
1277970 1665.1
1277980 1663.5
1277990 1661.7
1278000 1661.7
1278010 1659.8
1278020 1658.1
1278030 1658.1
1278040 1656.0
1278050 1654.0
1278060 1654.0
1278070 1652.6
1278080 1651.3
1278090 1651.3
1278100 1650.4
1278110 1649.8
1278120 1649.8
1278130 1650.0
1278140 1649.8
1278150 1649.5
1278160 1649.5
1278170 1649.7
1278180 1649.5
1278190 1649.5
1278200 1649.2
1278210 1649.3
1278220 1649.3
1278230 1649.4
1278240 1649.6
1278250 1649.6
1278260 1649.7
1278270 1650.2
1278280 1650.2
1278290 1650.8
1278300 1650.5
1278310 1650.5
1278320 1648.3
1278330 1648.6
1278340 1648.6
1278350 1648.7
1278360 1649.0
1278370 1649.0
1278380 1649.8
1278390 1650.7
1278400 1651.7
1278410 1651.7
1278420 1652.8
1278430 1654.0
1278440 1654.0
1278450 1654.6
1278460 1655.0
1278470 1655.0
1278480 1655.4
1278490 1655.6
1278500 1655.6
1278510 1656.1
1278520 1656.8
1278530 1656.8
1278540 1657.3
1278550 1658.2
1278560 1658.2
1278570 1659.2
1278580 1660.9
1278590 1660.9
1278600 1662.5
1278610 1664.5
1278620 1664.5
1278630 1666.1
1278640 1667.3
1278650 1668.3
1278660 1668.3
1278670 1669.8
1278680 1671.1
1278690 1671.1
1278700 1672.2
1278710 1673.5
1278720 1673.5
1278730 1674.9
1278740 1676.3
1278750 1676.3
1278760 1677.6
1278770 1678.7
1278780 1678.7
1278790 1681.0
1278800 1684.0
1278810 1684.0
1278820 1686.6
1278830 1689.0
1278840 1689.0
1278850 1691.2
1278860 1693.1
1278870 1693.1
1278880 1694.2
1278890 1694.8
1278900 1695.5
1278910 1695.5
1278920 1696.2
1278930 1696.0
1278940 1694.3
1278950 1693.9
1278960 1694.8
1278970 1694.8
1278980 1697.1
1278990 1699.3
1279000 1699.3
1279010 1701.6
1279020 1703.4
1279030 1703.4
1279040 1704.8
1279050 1705.4
1279060 1705.4
1279070 1705.5
1279080 1705.8
1279090 1705.8
1279100 1706.9
1279110 1709.3
1279120 1709.3
1279130 1710.9
1279140 1711.9
1279150 1713.1
1279160 1713.1
1279170 1714.0
1279180 1716.1
1279190 1716.1
1279200 1718.7
1279210 1721.1
1279220 1721.1
1279230 1723.2
1279240 1725.1
1279250 1725.1
1279260 1727.1
1279270 1729.1
1279280 1729.1
1279290 1730.1
1279300 1730.5
1279310 1730.5
1279320 1730.9
1279330 1731.9
1279340 1731.9
1279350 1733.4
1279360 1735.0
1279370 1735.0
1279380 1738.0
1279390 1743.6
1279400 1747.9
1279410 1747.9
1279420 1751.8
1279430 1755.3
1279440 1755.3
1279450 1758.0
1279460 1760.4
1279470 1760.4
1279480 1763.2
1279490 1766.1
1279500 1766.1
1279510 1769.5
1279520 1773.2
1279530 1773.2
1279540 1775.8
1279550 1778.3
1279560 1771.8
1279570 1774.6
1279580 1777.4
1279590 1777.4
1279600 1779.9
1279610 1782.1
1279620 1782.1
1279630 1785.8
1279640 1788.8
1279650 1790.6
1279660 1790.6
1279670 1792.8
1279680 1794.2
1279690 1794.2
1279700 1794.7
1279710 1796.3
1279720 1796.3
1279730 1799.2
1279740 1802.7
1279750 1802.7
1279760 1806.5
1279770 1809.4
1279780 1809.4
1279790 1811.4
1279800 1814.0
1279810 1814.0
1279820 1816.7
1279830 1819.6
1279840 1819.6
1279850 1822.7
1279860 1826.0
1279870 1826.0
1279880 1829.7
1279890 1832.2
1279900 1834.7
1279910 1834.7
1279920 1837.3
1279930 1841.5
1279940 1841.5
1279950 1847.2
1279960 1852.9
1279970 1852.9
1279980 1858.6
1279990 1863.8
