1260000 1393.4
1260010 1392.5
1260020 1392.5
1260030 1393.7
1260040 1396.3
1260050 1396.3
1260060 1399.9
1260070 1404.0
1260080 1404.0
1260090 1408.5
1260100 1412.5
1260110 1414.9
1260120 1414.9
1260130 1415.6
1260140 1416.8
1260150 1416.8
1260160 1418.2
1260170 1419.9
1260180 1419.9
1260190 1421.3
1260200 1422.6
1260210 1422.6
1260220 1423.7
1260230 1424.3
1260240 1424.3
1260250 1424.5
1260260 1423.5
1260270 1423.5
1260280 1422.7
1260290 1422.4
1260300 1422.4
1260310 1421.2
1260320 1422.0
1260330 1422.0
1260340 1423.5
1260350 1428.0
1260360 1428.1
1260370 1428.1
1260380 1427.8
1260390 1427.4
1260400 1427.4
1260410 1428.5
1260420 1430.8
1260430 1430.8
1260440 1434.0
1260450 1434.6
1260460 1434.6
1260470 1434.1
1260480 1433.2
1260490 1433.2
1260500 1433.2
1260510 1434.0
1260520 1434.0
1260530 1435.1
1260540 1435.8
1260550 1435.8
1260560 1436.0
1260570 1435.7
1260580 1435.7
1260590 1434.9
1260600 1434.2
1260610 1434.2
1260620 1434.2
1260630 1435.3
1260640 1437.0
1260650 1437.0
1260660 1438.3
1260670 1439.0
1260680 1439.0
1260690 1440.1
1260700 1441.5
1260710 1441.5
1260720 1442.6
1260730 1443.5
1260740 1443.5
1260750 1444.7
1260760 1446.3
1260770 1446.3
1260780 1447.8
1260790 1449.0
1260800 1449.0
1260810 1450.2
1260820 1451.0
1260830 1451.0
1260840 1452.1
1260850 1453.2
1260860 1454.6
1260870 1454.6
1260880 1455.7
1260890 1455.9
1260900 1455.9
1260910 1458.9
1260920 1458.8
1260930 1458.8
1260940 1459.3
1260950 1459.9
1260960 1459.9
1260970 1460.5
1260980 1460.8
1260990 1460.8
1261000 1461.0
1261010 1461.3
1261020 1461.3
1261030 1461.1
1261040 1460.6
1261050 1460.6
1261060 1460.2
1261070 1459.6
1261080 1459.6
1261090 1458.9
1261100 1458.0
1261110 1456.9
1261120 1456.9
1261130 1456.0
1261140 1455.5
1261150 1455.5
1261160 1454.7
1261170 1453.9
1261180 1453.9
1261190 1452.7
1261200 1451.0
1261210 1451.0
1261220 1448.8
1261230 1447.3
1261240 1447.3
1261250 1446.2
1261260 1444.9
1261270 1444.9
1261280 1443.9
1261290 1442.9
1261300 1442.9
1261310 1441.9
1261320 1441.1
1261330 1441.1
1261340 1440.0
1261350 1438.1
1261360 1436.5
1261370 1436.5
1261380 1435.0
1261390 1434.1
1261400 1434.1
1261410 1432.9
1261420 1430.9
1261430 1430.9
1261440 1429.1
1261450 1427.3
1261460 1427.3
1261470 1425.0
1261480 1425.7
1261490 1425.7
1261500 1425.3
1261510 1422.5
1261520 1422.5
1261530 1417.6
1261540 1414.5
1261550 1414.5
1261560 1414.7
1261570 1413.7
1261580 1413.7
1261590 1411.2
1261600 1407.5
1261610 1405.2
1261620 1405.2
1261630 1402.4
1261640 1396.3
1261650 1396.3
1261660 1389.5
1261670 1383.1
1261680 1383.1
1261690 1377.2
1261700 1373.2
1261710 1373.2
1261720 1369.4
1261730 1368.9
1261740 1368.9
1261750 1370.6
1261760 1373.7
1261770 1373.7
1261780 1377.0
1261790 1379.3
1261800 1379.3
1261810 1380.1
1261820 1379.7
1261830 1379.7
1261840 1379.3
1261850 1378.3
1261860 1376.4
1261870 1376.4
1261880 1373.3
1261890 1372.1
1261900 1372.1
1261910 1374.4
1261920 1375.8
1261930 1375.8
1261940 1375.5
1261950 1377.9
1261960 1377.9
1261970 1380.5
1261980 1383.2
1261990 1383.2
1262000 1384.3
1262010 1385.3
1262020 1385.3
1262030 1386.3
1262040 1387.3
1262050 1391.8
1262060 1393.5
1262070 1394.4
1262080 1394.4
1262090 1394.2
1262100 1393.0
1262110 1393.4
1262120 1393.4
1262130 1395.0
1262140 1395.7
1262150 1395.7
1262160 1396.2
1262170 1396.8
1262180 1396.8
1262190 1397.5
1262200 1397.9
1262210 1397.9
1262220 1398.1
1262230 1398.0
1262240 1398.0
1262250 1397.7
1262260 1397.3
1262270 1397.3
1262280 1396.9
1262290 1396.3
1262300 1396.3
1262310 1395.6
1262320 1394.9
1262330 1394.9
1262340 1393.9
1262350 1392.1
1262360 1390.1
1262370 1390.1
1262380 1388.8
1262390 1388.0
1262400 1388.0
1262410 1387.0
1262420 1385.2
1262430 1385.2
1262440 1383.7
1262450 1382.2
1262460 1382.2
1262470 1380.7
1262480 1379.4
1262490 1379.4
1262500 1378.1
1262510 1376.7
1262520 1376.7
1262530 1376.9
1262540 1377.3
1262550 1377.3
1262560 1376.6
1262570 1375.6
1262580 1375.6
1262590 1374.8
1262600 1374.5
1262610 1374.4
1262620 1374.4
1262630 1377.8
1262640 1379.6
1262650 1379.6
1262660 1381.2
1262670 1383.0
1262680 1383.0
1262690 1383.9
1262700 1383.2
1262710 1383.2
1262720 1382.1
1262730 1380.6
1262740 1380.6
1262750 1378.2
1262760 1376.2
1262770 1376.2
1262780 1374.4
1262790 1373.0
1262800 1373.0
1262810 1371.7
1262820 1370.4
1262830 1370.4
1262840 1368.7
1262850 1366.3
1262860 1363.7
1262870 1363.7
1262880 1361.2
1262890 1358.6
1262900 1358.6
1262910 1356.9
1262920 1356.1
1262930 1356.1
1262940 1356.1
1262950 1356.2
1262960 1356.2
1262970 1355.6
1262980 1355.6
1262990 1355.6
1263000 1356.4
1263010 1356.5
1263020 1356.5
1263030 1356.0
1263040 1354.7
1263050 1354.7
1263060 1351.7
1263070 1349.3
1263080 1349.3
1263090 1347.2
1263100 1346.3
1263110 1346.9
1263120 1346.9
1263130 1346.5
1263140 1345.3
1263150 1345.3
1263160 1344.6
1263170 1345.1
1263180 1345.1
1263190 1345.1
1263200 1350.8
1263210 1350.8
1263220 1349.2
1263230 1347.6
1263240 1347.6
1263250 1345.7
1263260 1344.0
1263270 1344.0
1263280 1342.2
1263290 1340.2
1263300 1340.2
1263310 1338.2
1263320 1336.0
1263330 1336.0
1263340 1333.3
1263350 1331.1
1263360 1328.6
1263370 1328.6
1263380 1325.7
1263390 1322.8
1263400 1322.8
1263410 1320.5
1263420 1318.6
1263430 1318.6
1263440 1316.7
1263450 1314.7
1263460 1314.7
1263470 1312.4
1263480 1310.0
1263490 1310.0
1263500 1307.3
1263510 1304.1
1263520 1304.1
1263530 1300.1
1263540 1296.1
1263550 1296.1
1263560 1292.6
1263570 1289.7
1263580 1289.7
1263590 1286.7
1263600 1283.8
1263610 1281.0
1263620 1281.0
1263630 1278.2
1263640 1275.1
1263650 1275.1
1263660 1271.6
1263670 1268.5
1263680 1268.5
1263690 1263.8
1263700 1256.8
1263710 1256.8
1263720 1254.1
1263730 1254.0
1263740 1254.0
1263750 1253.8
1263760 1252.9
1263770 1252.2
1263780 1249.8
1263790 1245.7
1263800 1245.7
1263810 1243.8
1263820 1240.6
1263830 1240.6
1263840 1236.3
1263850 1231.5
1263860 1227.5
1263870 1227.5
1263880 1224.4
1263890 1221.0
1263900 1221.0
1263910 1217.7
1263920 1214.7
1263930 1214.7
1263940 1211.9
1263950 1209.4
1263960 1209.4
1263970 1207.3
1263980 1205.2
1263990 1205.2
1264000 1203.1
1264010 1200.7
1264020 1200.7
1264030 1198.0
1264040 1195.0
1264050 1195.0
1264060 1191.7
1264070 1189.1
1264080 1189.1
1264090 1186.9
1264100 1184.8
1264110 1182.9
1264120 1182.9
1264130 1180.9
1264140 1178.6
1264150 1178.6
1264160 1176.3
1264170 1173.1
1264180 1173.1
1264190 1170.0
1264200 1166.4
1264210 1166.4
1264220 1164.5
1264230 1162.3
1264240 1162.3
1264250 1160.1
1264260 1158.0
1264270 1158.0
1264280 1156.4
1264290 1154.4
1264300 1154.4
1264310 1154.1
1264320 1153.8
1264330 1153.8
1264340 1152.2
1264350 1149.0
1264360 1146.1
1264370 1146.1
1264380 1143.0
1264390 1139.8
1264400 1139.8
1264410 1136.8
1264420 1134.2
1264430 1134.2
1264440 1131.5
1264450 1128.1
1264460 1128.1
1264470 1124.8
1264480 1121.9
1264490 1121.9
1264500 1119.5
1264510 1118.1
1264520 1118.1
1264530 1117.0
1264540 1115.7
1264550 1115.7
1264560 1114.2
1264570 1112.8
1264580 1112.8
1264590 1111.0
1264600 1108.0
1264610 1104.5
1264620 1104.5
1264630 1100.5
1264640 1096.7
1264650 1096.7
1264660 1093.8
1264670 1091.3
1264680 1091.3
1264690 1088.9
1264700 1086.4
1264710 1086.4
1264720 1084.3
1264730 1082.5
1264740 1082.5
1264750 1081.1
1264760 1080.0
1264770 1080.0
1264780 1078.4
1264790 1075.8
1264800 1075.8
1264810 1071.7
1264820 1067.3
1264830 1067.3
1264840 1062.7
1264850 1058.2
1264860 1053.4
1264870 1053.4
1264880 1048.8
1264890 1044.9
1264900 1044.9
1264910 1040.6
1264920 1036.6
1264930 1037.3
1264940 1033.4
1264950 1029.7
1264960 1029.7
1264970 1026.0
1264980 1022.3
1264990 1022.3
1265000 1018.7
1265010 1015.9
1265020 1015.9
1265030 1012.5
1265040 1009.6
1265050 1009.6
1265060 1006.6
1265070 1003.2
1265080 1003.2
1265090 1001.1
1265100 999.0
1265110 996.8
1265120 996.8
1265130 994.7
1265140 992.7
1265150 992.7
1265160 990.9
1265170 989.3
1265180 989.3
1265190 987.8
1265200 986.3
1265210 986.3
1265220 984.7
1265230 983.6
1265240 983.6
1265250 982.3
1265260 980.6
1265270 980.6
1265280 979.1
1265290 977.5
1265300 977.5
1265310 974.9
1265320 969.3
1265330 969.3
1265340 962.1
1265350 953.9
1265360 946.7
1265370 946.7
1265380 939.6
1265390 931.2
1265400 931.2
1265410 927.1
1265420 929.6
1265430 929.6
1265440 934.3
1265450 939.5
1265460 939.5
1265470 945.2
1265480 952.6
1265490 952.6
1265500 962.3
1265510 970.9
1265520 970.9
1265530 972.9
1265540 974.0
1265550 974.0
1265560 978.1
1265570 982.6
1265580 982.6
1265590 984.1
1265600 982.9
1265610 981.6
1265620 981.6
1265630 980.6
1265640 979.3
1265650 979.3
1265660 977.4
1265670 974.6
1265680 974.6
1265690 969.1
1265700 962.6
1265710 962.6
1265720 961.0
1265730 959.8
1265740 959.8
1265750 960.4
1265760 958.2
1265770 958.2
1265780 955.1
1265790 952.3
1265800 952.3
1265810 949.4
1265820 947.8
1265830 947.8
1265840 945.8
1265850 942.3
1265860 938.1
1265870 938.1
1265880 935.5
1265890 934.1
1265900 934.1
1265910 933.0
1265920 931.7
1265930 931.7
1265940 930.6
1265950 929.5
1265960 929.5
1265970 928.3
1265980 927.6
1265990 927.6
1266000 926.8
1266010 926.2
1266020 926.2
1266030 925.2
1266040 924.4
1266050 924.4
1266060 923.7
1266070 923.1
1266080 923.1
1266090 923.1
1266100 922.2
1266110 921.5
1266120 921.5
1266130 920.8
1266140 920.0
1266150 920.0
1266160 918.9
1266170 918.2
1266180 918.2
1266190 917.5
1266200 916.6
1266210 916.6
1266220 915.6
1266230 914.7
1266240 914.7
1266250 913.6
1266260 912.7
1266270 912.7
1266280 911.9
1266290 910.3
1266300 910.3
1266310 909.6
1266320 909.0
1266330 909.0
1266340 907.9
1266350 905.6
1266360 903.0
1266370 903.0
1266380 900.0
1266390 896.5
1266400 896.5
1266410 895.3
1266420 894.4
1266430 894.4
1266440 892.1
1266450 888.8
1266460 888.8
1266470 886.8
1266480 885.0
1266490 885.0
1266500 882.5
1266510 881.2
1266520 881.2
1266530 880.4
1266540 880.9
1266550 880.9
1266560 882.2
1266570 883.6
1266580 883.6
1266590 884.6
1266600 884.1
1266610 883.4
1266620 883.4
1266630 883.1
1266640 882.0
1266650 882.0
1266660 878.9
1266670 874.0
1266680 870.8
1266690 866.2
1266700 860.9
1266710 860.9
1266720 855.5
1266730 850.3
1266740 850.3
1266750 845.2
1266760 840.5
1266770 840.5
1266780 836.0
1266790 831.6
1266800 831.6
1266810 828.7
1266820 828.7
1266830 828.7
1266840 831.2
1266850 831.6
1266860 832.5
1266870 832.5
1266880 834.5
1266890 835.4
1266900 835.4
1266910 834.5
1266920 831.7
1266930 831.7
1266940 828.8
1266950 826.1
1266960 826.1
1266970 824.1
1266980 821.9
1266990 821.9
1267000 820.0
1267010 818.4
1267020 818.4
1267030 814.6
1267040 811.3
1267050 811.3
1267060 808.8
1267070 805.8
1267080 805.8
1267090 803.4
1267100 801.5
1267110 800.8
1267120 800.8
1267130 801.1
1267140 800.6
1267150 800.6
1267160 800.4
1267170 801.0
1267180 801.0
1267190 801.9
1267200 803.3
1267210 803.3
1267220 805.3
1267230 807.8
1267240 807.8
1267250 810.2
1267260 817.4
1267270 817.4
1267280 820.8
1267290 824.8
1267300 824.8
1267310 828.8
1267320 833.2
1267330 833.2
1267340 838.2
1267350 844.0
1267360 849.8
1267370 849.8
1267380 853.3
1267390 850.1
1267400 850.1
1267410 844.5
1267420 838.9
1267430 838.9
1267440 833.3
1267450 827.5
1267460 827.5
1267470 821.5
1267480 815.1
1267490 815.1
1267500 808.7
1267510 802.5
1267520 802.5
1267530 796.6
1267540 790.5
1267550 790.5
1267560 784.1
1267570 777.1
1267580 777.1
1267590 770.1
1267600 763.6
1267610 757.8
1267620 757.8
1267630 752.1
1267640 744.9
1267650 744.9
1267660 737.1
1267670 731.1
1267680 731.1
1267690 723.9
1267700 717.8
1267710 717.8
1267720 714.8
1267730 709.9
1267740 709.9
1267750 703.7
1267760 695.4
1267770 695.4
1267780 692.5
1267790 691.0
1267800 691.0
1267810 694.3
1267820 699.6
1267830 699.6
1267840 686.7
1267850 674.4
1267860 654.3
1267870 654.3
1267880 652.1
1267890 653.9
1267900 653.9
1267910 659.7
1267920 667.5
1267930 667.5
1267940 679.5
1267950 695.7
1267960 695.7
1267970 698.9
1267980 702.3
1267990 702.3
1268000 704.1
1268010 714.2
1268020 714.2
1268030 725.2
1268040 733.4
1268050 733.4
1268060 740.6
1268070 744.9
1268080 744.9
1268090 747.5
1268100 750.1
1268110 754.2
1268120 754.2
1268130 759.5
1268140 765.1
1268150 765.1
1268160 770.9
1268170 776.8
1268180 776.8
1268190 782.5
1268200 787.9
1268210 787.9
1268220 793.2
1268230 797.9
1268240 797.9
1268250 802.3
1268260 807.1
1268270 807.1
1268280 812.1
1268290 817.2
1268300 817.2
1268310 820.6
1268320 819.1
1268330 819.1
1268340 814.2
1268350 808.1
1268360 802.4
1268370 802.4
1268380 796.4
1268390 791.7
1268400 791.7
1268410 785.6
1268420 782.9
1268430 784.3
1268440 783.5
1268450 783.7
1268460 783.7
1268470 787.9
1268480 794.6
1268490 794.6
1268500 800.5
1268510 807.0
1268520 807.0
1268530 813.0
1268540 819.5
1268550 819.5
1268560 825.4
1268570 832.0
1268580 832.0
1268590 838.1
1268600 844.5
1268610 850.3
1268620 850.3
1268630 856.7
1268640 862.5
1268650 862.5
1268660 868.7
1268670 874.4
1268680 874.4
1268690 879.5
1268700 881.8
1268710 881.8
1268720 882.7
1268730 883.5
1268740 883.5
1268750 883.2
1268760 882.5
1268770 882.5
1268780 882.4
1268790 881.5
1268800 881.5
1268810 880.8
1268820 879.6
1268830 879.6
1268840 880.6
1268850 883.9
1268860 886.6
1268870 886.6
1268880 888.8
1268890 889.1
1268900 889.1
1268910 888.4
1268920 888.1
1268930 888.1
1268940 888.1
1268950 885.4
1268960 885.4
1268970 878.9
1268980 871.9
1268990 871.9
1269000 865.6
1269010 859.5
1269020 862.8
1269030 856.6
1269040 851.4
1269050 851.4
1269060 846.2
1269070 839.8
1269080 839.8
1269090 831.1
1269100 822.4
1269110 814.2
1269120 814.2
1269130 806.2
1269140 799.1
1269150 799.1
1269160 791.8
1269170 784.8
1269180 784.8
1269190 785.6
1269200 789.6
1269210 789.6
1269220 789.4
1269230 789.1
1269240 789.1
1269250 789.4
1269260 788.8
1269270 788.8
1269280 789.1
1269290 789.1
1269300 789.1
1269310 787.2
1269320 784.4
1269330 784.4
1269340 782.2
1269350 783.8
1269360 792.9
1269370 792.9
1269380 801.7
1269390 808.9
1269400 808.9
1269410 815.1
1269420 820.9
1269430 820.9
1269440 827.2
1269450 832.9
1269460 832.9
1269470 838.3
1269480 843.2
1269490 843.2
1269500 848.7
1269510 854.3
1269520 854.3
1269530 859.0
1269540 866.1
1269550 866.1
1269560 873.0
1269570 877.6
1269580 877.6
1269590 882.1
1269600 888.8
1269610 898.7
1269620 898.7
1269630 905.0
1269640 910.9
1269650 910.9
1269660 916.4
1269670 918.1
1269680 918.1
1269690 918.2
1269700 918.3
1269710 918.3
1269720 918.3
1269730 918.3
1269740 918.3
1269750 918.3
1269760 918.5
1269770 918.5
1269780 918.8
1269790 919.5
1269800 919.5
1269810 921.0
1269820 924.0
1269830 924.0
1269840 926.8
1269850 927.6
1269860 924.9
1269870 924.9
1269880 921.7
1269890 920.1
1269900 920.1
1269910 919.8
1269920 920.0
1269930 920.0
1269940 920.4
1269950 921.7
1269960 921.7
1269970 924.2
1269980 929.5
1269990 929.5
1270000 935.2
1270010 940.2
1270020 940.2
1270030 944.9
1270040 948.6
1270050 948.6
1270060 951.1
1270070 953.5
1270080 953.5
1270090 955.9
1270100 957.8
1270110 959.8
1270120 959.8
1270130 961.1
1270140 963.2
1270150 963.2
1270160 963.5
1270170 963.5
1270180 963.5
1270190 963.7
1270200 961.9
1270210 961.9
1270220 961.4
1270230 961.8
1270240 961.8
1270250 963.4
1270260 966.0
1270270 966.0
1270280 969.2
1270290 971.0
1270300 971.0
1270310 969.9
1270320 971.1
1270330 971.1
1270340 972.2
1270350 973.6
1270360 976.0
1270370 976.0
1270380 978.9
1270390 982.3
1270400 982.3
1270410 984.2
1270420 986.1
1270430 986.1
1270440 989.4
1270450 993.3
1270460 993.3
1270470 997.5
1270480 1001.1
1270490 1001.1
1270500 1003.5
1270510 1006.2
1270520 1006.2
1270530 1009.3
1270540 1012.2
1270550 1012.2
1270560 1014.9
1270570 1017.7
1270580 1017.7
1270590 1019.6
1270600 1021.9
1270610 1024.5
1270620 1024.5
1270630 1027.1
1270640 1029.4
1270650 1029.4
1270660 1031.5
1270670 1033.4
1270680 1033.4
1270690 1035.3
1270700 1037.0
1270710 1037.0
1270720 1039.0
1270730 1040.9
1270740 1040.9
1270750 1042.9
1270760 1044.5
1270770 1044.5
1270780 1045.8
1270790 1045.9
1270800 1045.1
1270810 1045.7
1270820 1045.4
1270830 1045.4
1270840 1043.1
1270850 1037.9
1270860 1031.0
1270870 1031.0
1270880 1025.3
1270890 1020.8
1270900 1020.8
1270910 1016.6
1270920 1012.4
1270930 1012.4
1270940 1009.4
1270950 1007.8
1270960 1007.8
1270970 1005.6
1270980 1004.0
1270990 1004.0
1271000 1003.5
1271010 1004.2
1271020 1004.2
1271030 1008.0
1271040 1011.8
1271050 1011.8
1271060 1015.7
1271070 1019.3
1271080 1019.3
1271090 1021.9
1271100 1024.3
1271110 1026.6
1271120 1026.6
1271130 1027.3
1271140 1027.2
1271150 1027.2
1271160 1027.3
1271170 1027.1
1271180 1027.1
1271190 1027.1
1271200 1028.0
1271210 1028.0
1271220 1028.6
1271230 1028.6
1271240 1028.6
1271250 1028.7
1271260 1029.9
1271270 1029.9
1271280 1030.6
1271290 1030.4
1271300 1030.4
1271310 1029.5
1271320 1028.1
1271330 1028.1
1271340 1023.5
1271350 1020.0
1271360 1019.8
1271370 1019.8
1271380 1020.4
1271390 1021.2
1271400 1021.2
1271410 1021.3
1271420 1022.1
1271430 1022.1
1271440 1023.4
1271450 1024.5
1271460 1024.5
1271470 1025.3
1271480 1026.3
1271490 1026.3
1271500 1027.2
1271510 1028.2
1271520 1028.2
1271530 1029.9
1271540 1032.3
1271550 1032.3
1271560 1033.6
1271570 1034.5
1271580 1034.5
1271590 1035.8
1271600 1037.4
1271610 1039.2
1271620 1039.2
1271630 1040.8
1271640 1042.5
1271650 1042.5
1271660 1044.2
1271670 1046.2
1271680 1046.2
1271690 1048.3
1271700 1050.5
1271710 1050.5
1271720 1053.0
1271730 1055.6
1271740 1055.6
1271750 1057.6
1271760 1059.3
1271770 1059.3
1271780 1061.0
1271790 1062.7
1271800 1062.7
1271810 1064.5
1271820 1066.2
1271830 1066.2
1271840 1067.9
1271850 1069.1
1271860 1070.4
1271870 1070.4
1271880 1072.7
1271890 1075.0
1271900 1075.0
1271910 1075.9
1271920 1076.7
1271930 1076.7
1271940 1077.8
1271950 1078.8
1271960 1078.8
1271970 1079.8
1271980 1080.7
1271990 1083.3
1272000 1084.1
1272010 1084.7
1272020 1084.7
1272030 1086.5
1272040 1089.3
1272050 1089.3
1272060 1092.3
1272070 1094.1
1272080 1094.1
1272090 1096.2
1272100 1099.6
1272110 1103.7
1272120 1103.7
1272130 1108.4
1272140 1112.7
1272150 1112.7
1272160 1117.1
1272170 1121.5
1272180 1121.5
1272190 1124.5
1272200 1126.8
1272210 1126.8
1272220 1129.0
1272230 1130.8
1272240 1130.8
1272250 1132.7
1272260 1134.3
1272270 1134.3
1272280 1135.0
1272290 1135.8
1272300 1135.8
1272310 1136.7
1272320 1138.4
1272330 1138.4
1272340 1141.2
1272350 1144.9
1272360 1148.1
1272370 1148.1
1272380 1151.7
1272390 1156.1
1272400 1156.1
1272410 1159.8
1272420 1163.1
1272430 1163.1
1272440 1165.0
1272450 1167.3
1272460 1167.3
1272470 1172.1
1272480 1176.6
1272490 1176.6
1272500 1179.6
1272510 1181.8
1272520 1181.8
1272530 1183.8
1272540 1186.3
1272550 1186.3
1272560 1189.5
1272570 1193.3
1272580 1193.3
1272590 1200.6
1272600 1203.4
1272610 1205.5
1272620 1205.5
1272630 1206.7
1272640 1208.1
1272650 1208.1
1272660 1210.3
1272670 1212.2
1272680 1212.2
1272690 1214.3
1272700 1216.0
1272710 1216.0
1272720 1217.5
1272730 1219.2
1272740 1219.2
1272750 1221.3
1272760 1223.4
1272770 1223.4
1272780 1225.6
1272790 1228.5
1272800 1228.5
1272810 1232.1
1272820 1234.8
1272830 1234.8
1272840 1238.0
1272850 1241.6
1272860 1245.2
1272870 1245.2
1272880 1248.5
1272890 1250.8
1272900 1250.8
1272910 1252.1
1272920 1254.9
1272930 1254.9
1272940 1258.4
1272950 1261.1
1272960 1261.1
1272970 1263.1
1272980 1264.5
1272990 1264.5
1273000 1265.4
1273010 1266.6
1273020 1266.6
1273030 1268.3
1273040 1269.7
1273050 1269.7
1273060 1271.1
1273070 1272.2
1273080 1272.2
1273090 1272.3
1273100 1272.0
1273110 1271.4
1273120 1271.4
1273130 1270.7
1273140 1270.0
1273150 1270.0
1273160 1269.7
1273170 1269.0
1273180 1269.0
1273190 1275.2
1273200 1275.8
1273210 1275.8
1273220 1277.3
1273230 1280.2
1273240 1280.2
1273250 1284.0
1273260 1287.9
1273270 1287.9
1273280 1290.0
1273290 1290.8
1273300 1290.8
1273310 1292.8
1273320 1297.0
1273330 1297.0
1273340 1299.5
1273350 1301.4
1273360 1302.6
1273370 1302.6
1273380 1303.7
1273390 1305.6
1273400 1305.6
1273410 1307.7
1273420 1309.6
1273430 1309.6
1273440 1311.7
1273450 1314.2
1273460 1314.2
1273470 1318.4
1273480 1323.3
1273490 1323.3
1273500 1329.0
1273510 1334.5
1273520 1334.5
1273530 1338.6
1273540 1342.2
1273550 1342.2
1273560 1345.2
1273570 1348.5
1273580 1348.5
1273590 1352.8
1273600 1357.0
1273610 1361.8
1273620 1361.8
1273630 1365.8
1273640 1369.0
1273650 1369.0
1273660 1370.7
1273670 1371.7
1273680 1371.7
1273690 1373.7
1273700 1375.1
1273710 1375.1
1273720 1375.1
1273730 1374.5
1273740 1374.5
1273750 1371.8
1273760 1370.4
1273770 1370.4
1273780 1373.0
1273790 1381.3
1273800 1381.3
1273810 1383.6
1273820 1385.6
1273830 1385.6
1273840 1388.1
1273850 1390.2
1273860 1392.0
1273870 1392.0
1273880 1392.8
1273890 1393.7
1273900 1393.7
1273910 1394.5
1273920 1394.7
1273930 1394.7
1273940 1395.8
1273950 1396.8
1273960 1396.8
1273970 1397.1
1273980 1396.1
1273990 1396.1
1274000 1393.7
1274010 1391.5
1274020 1391.5
1274030 1389.1
1274040 1386.8
1274050 1386.8
1274060 1385.5
1274070 1391.3
1274080 1391.3
1274090 1398.7
1274100 1404.4
1274110 1409.7
1274120 1409.7
1274130 1414.7
1274140 1418.9
1274150 1418.9
1274160 1423.0
1274170 1427.0
1274180 1427.0
1274190 1430.9
1274200 1434.5
1274210 1434.5
1274220 1437.1
1274230 1440.1
1274240 1440.1
1274250 1441.4
1274260 1442.0
1274270 1442.0
1274280 1443.4
1274290 1444.8
1274300 1444.8
1274310 1445.0
1274320 1445.8
1274330 1445.8
1274340 1447.4
1274350 1448.9
1274360 1449.5
1274370 1449.5
1274380 1450.7
1274390 1453.8
1274400 1461.5
1274410 1463.0
1274420 1464.9
1274430 1464.9
1274440 1467.2
1274450 1470.1
1274460 1470.1
1274470 1472.2
1274480 1474.1
1274490 1474.1
1274500 1475.6
1274510 1474.7
1274520 1474.7
1274530 1471.2
1274540 1468.8
1274550 1468.8
1274560 1469.3
1274570 1470.5
1274580 1470.5
1274590 1471.5
1274600 1472.1
1274610 1474.3
1274620 1474.3
1274630 1475.0
1274640 1474.1
1274650 1474.1
1274660 1476.0
1274670 1480.0
1274680 1480.0
1274690 1483.0
1274700 1485.8
1274710 1485.8
1274720 1490.9
1274730 1496.9
1274740 1496.9
1274750 1501.3
1274760 1505.3
1274770 1505.3
1274780 1511.4
1274790 1518.4
1274800 1518.4
1274810 1527.1
1274820 1536.0
1274830 1536.0
1274840 1543.1
1274850 1550.4
1274860 1557.6
1274870 1557.6
1274880 1563.8
1274890 1569.9
1274900 1569.9
1274910 1575.7
1274920 1582.9
1274930 1582.9
1274940 1589.0
1274950 1596.4
1274960 1596.4
1274970 1603.7
1274980 1611.5
1274990 1611.5
1275000 1619.3
1275010 1627.1
1275020 1627.1
1275030 1634.2
1275040 1640.2
1275050 1640.2
1275060 1645.0
1275070 1649.9
1275080 1649.9
1275090 1654.4
1275100 1660.2
1275110 1666.9
1275120 1666.9
1275130 1672.9
1275140 1677.7
1275150 1677.7
1275160 1682.0
1275170 1686.0
1275180 1686.0
1275190 1688.8
1275200 1690.8
1275210 1690.8
1275220 1692.6
1275230 1694.3
1275240 1694.3
1275250 1696.1
1275260 1697.6
1275270 1697.6
1275280 1699.9
1275290 1703.5
1275300 1703.5
1275310 1708.3
1275320 1713.2
1275330 1713.2
1275340 1714.9
1275350 1718.3
1275360 1721.3
1275370 1721.3
1275380 1723.8
1275390 1725.3
1275400 1725.3
1275410 1728.9
1275420 1732.5
1275430 1732.5
1275440 1736.4
1275450 1740.8
1275460 1740.8
1275470 1744.8
1275480 1747.3
1275490 1747.3
1275500 1750.4
1275510 1753.0
1275520 1753.0
1275530 1753.9
1275540 1753.7
1275550 1753.7
1275560 1752.9
1275570 1751.8
1275580 1751.8
1275590 1751.2
1275600 1751.4
1275610 1754.4
1275620 1754.4
1275630 1753.7
1275640 1752.9
1275650 1752.9
1275660 1751.8
1275670 1750.1
1275680 1750.1
1275690 1748.8
1275700 1746.7
1275710 1746.7
1275720 1744.2
1275730 1741.8
1275740 1741.8
1275750 1739.1
1275760 1736.2
1275770 1736.2
1275780 1734.1
1275790 1733.6
1275800 1733.6
1275810 1734.6
1275820 1734.6
1275830 1734.6
1275840 1734.8
1275850 1735.2
1275860 1736.2
1275870 1736.2
1275880 1737.3
1275890 1737.2
1275900 1737.2
1275910 1736.0
1275920 1736.5
1275930 1736.5
1275940 1737.5
1275950 1738.4
1275960 1738.4
1275970 1739.5
1275980 1741.4
1275990 1741.4
1276000 1744.5
1276010 1746.1
1276020 1746.1
1276030 1747.0
1276040 1748.5
1276050 1748.5
1276060 1749.5
1276070 1750.6
1276080 1750.6
1276090 1751.6
1276100 1752.9
1276110 1754.0
1276120 1754.0
1276130 1754.1
1276140 1754.5
1276150 1754.5
1276160 1755.0
1276170 1755.8
1276180 1755.8
1276190 1755.7
1276200 1755.1
1276210 1755.1
1276220 1757.9
1276230 1756.7
1276240 1756.7
1276250 1755.1
1276260 1754.2
1276270 1754.2
1276280 1753.6
1276290 1753.5
1276300 1753.5
1276310 1753.1
1276320 1755.3
1276330 1755.3
1276340 1756.6
1276350 1757.1
1276360 1759.1
1276370 1759.1
1276380 1760.6
1276390 1762.3
1276400 1762.3
1276410 1763.7
1276420 1765.5
1276430 1765.5
1276440 1768.2
1276450 1772.0
1276460 1772.0
1276470 1775.4
1276480 1776.4
1276490 1776.4
1276500 1775.7
1276510 1773.7
1276520 1773.7
1276530 1771.1
1276540 1769.3
1276550 1769.3
1276560 1768.8
1276570 1770.3
1276580 1770.3
1276590 1772.2
1276600 1773.9
1276610 1776.8
1276620 1776.8
1276630 1779.7
1276640 1781.9
1276650 1781.9
1276660 1784.4
1276670 1787.8
1276680 1787.8
1276690 1791.2
1276700 1794.2
1276710 1794.2
1276720 1797.6
1276730 1800.8
1276740 1800.8
1276750 1803.7
1276760 1806.4
1276770 1806.4
1276780 1808.7
1276790 1811.2
1276800 1811.2
1276810 1814.8
1276820 1817.8
1276830 1821.0
1276840 1823.9
1276850 1827.8
1276860 1831.4
1276870 1831.4
1276880 1834.3
1276890 1837.7
1276900 1837.7
1276910 1838.6
1276920 1838.0
1276930 1838.0
1276940 1837.4
1276950 1838.9
1276960 1838.9
1276970 1841.3
1276980 1842.1
1276990 1842.1
1277000 1841.9
1277010 1841.1
1277020 1841.1
1277030 1840.4
1277040 1840.3
1277050 1840.3
1277060 1840.0
1277070 1840.8
1277080 1840.8
1277090 1842.4
1277100 1843.7
1277110 1844.4
1277120 1844.4
1277130 1845.9
1277140 1849.1
1277150 1849.1
1277160 1852.5
1277170 1854.4
1277180 1854.4
1277190 1855.2
1277200 1856.2
1277210 1856.2
1277220 1858.0
1277230 1860.3
1277240 1860.3
1277250 1863.1
1277260 1867.0
1277270 1867.0
1277280 1870.0
1277290 1870.7
1277300 1870.7
1277310 1870.2
1277320 1868.9
1277330 1868.9
1277340 1870.5
1277350 1873.1
1277360 1874.2
1277370 1874.2
1277380 1874.2
1277390 1874.0
1277400 1874.0
1277410 1874.2
1277420 1875.3
1277430 1875.3
1277440 1880.7
1277450 1883.1
1277460 1883.1
1277470 1884.8
1277480 1885.4
1277490 1885.4
1277500 1886.0
1277510 1886.1
1277520 1886.1
1277530 1888.9
1277540 1894.5
1277550 1894.5
1277560 1900.8
1277570 1906.7
1277580 1906.7
1277590 1912.4
1277600 1918.6
1277610 1924.6
1277620 1924.6
1277630 1925.2
1277640 1923.1
1277650 1923.1
1277660 1919.4
1277670 1915.8
1277680 1915.8
1277690 1913.3
1277700 1910.3
1277710 1910.3
1277720 1906.9
1277730 1904.7
1277740 1904.7
1277750 1902.9
1277760 1901.3
1277770 1901.3
1277780 1900.6
1277790 1900.9
1277800 1900.9
1277810 1901.4
1277820 1899.8
1277830 1899.8
1277840 1897.5
1277850 1893.7
1277860 1890.3
1277870 1890.3
1277880 1887.2
1277890 1883.7
1277900 1883.7
1277910 1881.2
1277920 1879.2
1277930 1879.2
1277940 1877.7
1277950 1876.5
1277960 1876.5
1277970 1875.3
1277980 1876.4
1277990 1876.4
1278000 1877.4
1278010 1876.7
1278020 1876.7
1278030 1875.9
1278040 1874.5
1278050 1874.5
1278060 1874.4
1278070 1872.8
1278080 1872.8
1278090 1871.6
1278100 1870.7
1278110 1871.3
1278120 1871.3
1278130 1873.1
1278140 1875.0
1278150 1875.0
1278160 1875.3
1278170 1874.6
1278180 1874.6
1278190 1873.8
1278200 1873.3
1278210 1873.3
1278220 1873.0
1278230 1873.0
1278240 1873.0
1278250 1873.2
1278260 1873.1
1278270 1873.1
1278280 1872.7
1278290 1872.2
1278300 1872.2
1278310 1872.3
1278320 1872.0
1278330 1872.0
1278340 1870.9
1278350 1870.5
1278360 1871.4
1278370 1871.4
1278380 1872.7
1278390 1872.8
1278400 1872.8
1278410 1871.8
1278420 1870.8
1278430 1870.8
1278440 1870.9
1278450 1871.6
1278460 1871.6
1278470 1872.1
1278480 1872.0
1278490 1872.0
1278500 1870.5
1278510 1869.1
1278520 1869.1
1278530 1869.9
1278540 1872.5
1278550 1872.5
1278560 1876.2
1278570 1879.7
1278580 1879.7
1278590 1883.1
1278600 1885.1
1278610 1884.6
1278620 1884.6
1278630 1882.9
1278640 1884.0
1278650 1884.0
1278660 1888.0
1278670 1894.1
1278680 1896.1
1278690 1899.5
1278700 1899.4
1278710 1899.4
1278720 1898.8
1278730 1900.1
1278740 1900.1
1278750 1904.8
1278760 1910.2
1278770 1910.2
1278780 1916.8
1278790 1922.9
1278800 1922.9
1278810 1927.8
1278820 1931.7
1278830 1931.7
1278840 1935.5
1278850 1939.7
1278860 1942.5
1278870 1942.5
1278880 1945.6
1278890 1948.4
1278900 1948.4
1278910 1948.8
1278920 1948.1
1278930 1948.1
1278940 1948.2
1278950 1948.7
1278960 1948.7
1278970 1948.3
1278980 1947.5
1278990 1947.5
1279000 1948.1
1279010 1950.0
1279020 1950.0
1279030 1951.4
1279040 1952.9
1279050 1952.9
1279060 1954.1
1279070 1955.7
1279080 1955.7
1279090 1958.1
1279100 1960.7
1279110 1962.9
1279120 1962.9
1279130 1964.9
1279140 1966.8
1279150 1966.8
1279160 1968.5
1279170 1969.5
1279180 1969.5
1279190 1969.7
1279200 1969.3
1279210 1969.3
1279220 1968.4
1279230 1966.9
1279240 1966.9
1279250 1965.5
1279260 1963.1
1279270 1963.1
1279280 1959.5
1279290 1955.3
1279300 1956.7
1279310 1951.3
1279320 1949.1
1279330 1949.1
1279340 1946.9
1279350 1946.1
1279360 1946.4
1279370 1946.4
1279380 1946.9
1279390 1948.1
1279400 1948.1
1279410 1948.1
1279420 1948.0
1279430 1948.0
1279440 1949.9
1279450 1954.6
1279460 1954.6
1279470 1959.4
1279480 1963.7
1279490 1963.7
1279500 1967.0
1279510 1971.4
1279520 1971.4
1279530 1975.5
1279540 1977.9
1279550 1977.9
1279560 1979.6
1279570 1981.5
1279580 1981.5
1279590 1983.2
1279600 1984.4
1279610 1986.4
1279620 1986.4
1279630 1990.3
1279640 1993.3
1279650 1993.3
1279660 1995.2
1279670 1996.2
1279680 1996.2
1279690 1997.6
1279700 2001.6
1279710 2001.6
1279720 2005.7
1279730 2008.6
1279740 2008.6
1279750 2012.3
1279760 2015.9
1279770 2015.9
1279780 2019.5
1279790 2021.6
1279800 2021.6
1279810 2023.7
1279820 2025.3
1279830 2025.3
1279840 2027.2
1279850 2029.8
1279860 2034.3
1279870 2034.3
1279880 2039.1
1279890 2042.3
1279900 2042.3
1279910 2044.3
1279920 2047.6
1279930 2047.6
1279940 2046.0
1279950 2044.1
1279960 2044.1
1279970 2043.6
1279980 2042.6
1279990 2042.6
