1260000 1348.9
1260010 1350.9
1260020 1352.6
1260030 1352.6
1260040 1354.4
1260050 1356.1
1260060 1357.5
1260070 1357.5
1260080 1357.8
1260090 1356.5
1260100 1356.5
1260110 1358.3
1260120 1358.8
1260130 1358.8
1260140 1359.5
1260150 1361.6
1260160 1361.6
1260170 1364.1
1260180 1364.7
1260190 1364.7
1260200 1363.8
1260210 1361.7
1260220 1361.7
1260230 1360.6
1260240 1360.2
1260250 1360.2
1260260 1360.1
1260270 1360.9
1260280 1360.9
1260290 1363.1
1260300 1365.8
1260310 1367.1
1260320 1367.1
1260330 1367.8
1260340 1369.4
1260350 1369.4
1260360 1371.1
1260370 1372.8
1260380 1372.8
1260390 1375.0
1260400 1377.2
1260410 1377.2
1260420 1378.3
1260430 1378.8
1260440 1378.8
1260450 1380.2
1260460 1381.6
1260470 1381.6
1260480 1381.7
1260490 1381.8
1260500 1381.8
1260510 1382.7
1260520 1383.4
1260530 1383.4
1260540 1384.3
1260550 1385.8
1260560 1387.7
1260570 1387.7
1260580 1389.3
1260590 1390.5
1260600 1390.5
1260610 1391.8
1260620 1393.2
1260630 1393.2
1260640 1394.7
1260650 1395.1
1260660 1395.1
1260670 1395.5
1260680 1399.3
1260690 1399.3
1260700 1401.3
1260710 1402.7
1260720 1402.7
1260730 1403.5
1260740 1404.5
1260750 1404.5
1260760 1405.9
1260770 1407.0
1260780 1407.0
1260790 1407.8
1260800 1408.6
1260810 1409.3
1260820 1409.3
1260830 1409.4
1260840 1409.0
1260850 1409.0
1260860 1408.5
1260870 1407.9
1260880 1407.9
1260890 1407.7
1260900 1407.6
1260910 1407.6
1260920 1407.3
1260930 1407.0
1260940 1407.0
1260950 1406.9
1260960 1407.2
1260970 1407.2
1260980 1407.5
1260990 1407.6
1261000 1407.6
1261010 1407.7
1261020 1407.6
1261030 1407.6
1261040 1407.5
1261050 1407.3
1261060 1407.4
1261070 1407.4
1261080 1407.5
1261090 1406.8
1261100 1406.8
1261110 1405.8
1261120 1404.6
1261130 1404.6
1261140 1403.2
1261150 1401.4
1261160 1401.4
1261170 1399.6
1261180 1397.8
1261190 1397.8
1261200 1395.9
1261210 1394.4
1261220 1394.4
1261230 1393.0
1261240 1391.4
1261250 1395.8
1261260 1394.2
1261270 1392.5
1261280 1392.5
1261290 1390.4
1261300 1388.1
1261310 1385.5
1261320 1385.5
1261330 1384.3
1261340 1382.5
1261350 1382.5
1261360 1380.3
1261370 1379.1
1261380 1379.1
1261390 1378.1
1261400 1376.4
1261410 1376.4
1261420 1374.6
1261430 1374.4
1261440 1374.4
1261450 1372.9
1261460 1371.2
1261470 1371.2
1261480 1369.9
1261490 1367.9
1261500 1367.9
1261510 1365.8
1261520 1362.8
1261530 1362.8
1261540 1361.7
1261550 1361.0
1261560 1358.9
1261570 1358.9
1261580 1357.7
1261590 1355.9
1261600 1355.9
1261610 1352.4
1261620 1347.4
1261630 1347.4
1261640 1343.5
1261650 1343.6
1261660 1343.6
1261670 1343.0
1261680 1340.1
1261690 1340.1
1261700 1335.1
1261710 1330.2
1261720 1330.2
1261730 1325.3
1261740 1319.6
1261750 1319.6
1261760 1313.3
1261770 1308.7
1261780 1308.7
1261790 1307.8
1261800 1311.0
1261810 1316.4
1261820 1318.2
1261830 1322.1
1261840 1321.3
1261850 1321.3
1261860 1319.3
1261870 1317.5
1261880 1317.5
1261890 1316.3
1261900 1314.2
1261910 1314.2
1261920 1311.6
1261930 1311.9
1261940 1311.9
1261950 1313.5
1261960 1316.9
1261970 1316.9
1261980 1321.3
1261990 1324.9
1262000 1324.9
1262010 1328.0
1262020 1330.4
1262030 1330.4
1262040 1332.6
1262050 1334.5
1262060 1336.0
1262070 1336.0
1262080 1337.0
1262090 1337.9
1262100 1337.9
1262110 1338.7
1262120 1339.4
1262130 1339.4
1262140 1340.4
1262150 1341.1
1262160 1341.1
1262170 1341.4
1262180 1342.0
1262190 1342.0
1262200 1343.0
1262210 1343.7
1262220 1343.7
1262230 1344.0
1262240 1344.1
1262250 1344.1
1262260 1344.5
1262270 1345.6
1262280 1345.6
1262290 1346.2
1262300 1346.7
1262310 1347.3
1262320 1347.3
1262330 1347.9
1262340 1348.3
1262350 1348.3
1262360 1348.5
1262370 1350.0
1262380 1350.0
1262390 1357.3
1262400 1360.5
1262410 1360.5
1262420 1361.7
1262430 1361.4
1262440 1361.4
1262450 1360.5
1262460 1359.2
1262470 1359.2
1262480 1358.2
1262490 1357.0
1262500 1357.0
1262510 1355.7
1262520 1354.2
1262530 1354.2
1262540 1352.7
1262550 1351.3
1262560 1349.3
1262570 1349.3
1262580 1346.7
1262590 1343.1
1262600 1343.1
1262610 1338.4
1262620 1335.6
1262630 1335.6
1262640 1333.5
1262650 1330.8
1262660 1330.8
1262670 1328.3
1262680 1325.8
1262690 1325.8
1262700 1323.5
1262710 1320.9
1262720 1320.9
1262730 1318.4
1262740 1315.9
1262750 1315.9
1262760 1315.0
1262770 1312.9
1262780 1312.9
1262790 1311.1
1262800 1309.2
1262810 1307.1
1262820 1307.1
1262830 1305.8
1262840 1304.5
1262850 1304.5
1262860 1302.8
1262870 1300.4
1262880 1300.4
1262890 1297.6
1262900 1295.2
1262910 1295.2
1262920 1293.0
1262930 1290.9
1262940 1290.9
1262950 1289.1
1262960 1288.6
1262970 1288.6
1262980 1288.2
1262990 1288.9
1263000 1288.9
1263010 1289.0
1263020 1288.2
1263030 1288.2
1263040 1287.4
1263050 1286.9
1263060 1286.9
1263070 1286.9
1263080 1287.1
1263090 1286.7
1263100 1286.7
1263110 1285.6
1263120 1284.8
1263130 1284.8
1263140 1283.8
1263150 1282.6
1263160 1282.6
1263170 1281.7
1263180 1280.9
1263190 1280.9
1263200 1280.0
1263210 1278.5
1263220 1278.5
1263230 1276.8
1263240 1275.5
1263250 1275.5
1263260 1275.0
1263270 1274.6
1263280 1274.6
1263290 1274.5
1263300 1273.6
1263310 1273.5
1263320 1273.5
1263330 1272.8
1263340 1273.4
1263350 1273.4
1263360 1275.0
1263370 1276.6
1263380 1276.6
1263390 1276.7
1263400 1275.7
1263410 1275.7
1263420 1273.9
1263430 1272.4
1263440 1272.4
1263450 1270.8
1263460 1269.4
1263470 1269.4
1263480 1268.6
1263490 1267.9
1263500 1267.9
1263510 1266.4
1263520 1264.7
1263530 1264.7
1263540 1268.0
1263550 1266.2
1263560 1264.6
1263570 1264.6
1263580 1262.7
1263590 1260.3
1263600 1260.3
1263610 1258.9
1263620 1257.8
1263630 1257.8
1263640 1256.7
1263650 1255.6
1263660 1255.6
1263670 1255.0
1263680 1255.2
1263690 1255.2
1263700 1254.3
1263710 1252.9
1263720 1252.9
1263730 1251.6
1263740 1250.6
1263750 1250.6
1263760 1249.5
1263770 1248.7
1263780 1248.7
1263790 1247.4
1263800 1245.3
1263810 1243.1
1263820 1243.1
1263830 1240.5
1263840 1237.6
1263850 1237.6
1263860 1234.5
1263870 1231.7
1263880 1231.7
1263890 1229.0
1263900 1226.2
1263910 1226.2
1263920 1223.2
1263930 1220.4
1263940 1220.4
1263950 1217.7
1263960 1215.4
1263970 1215.4
1263980 1213.0
1263990 1210.5
1264000 1210.5
1264010 1207.6
1264020 1204.6
1264030 1204.6
1264040 1201.6
1264050 1198.8
1264060 1196.1
1264070 1196.1
1264080 1193.5
1264090 1191.0
1264100 1191.0
1264110 1188.4
1264120 1187.2
1264130 1187.2
1264140 1184.5
1264150 1181.6
1264160 1181.6
1264170 1178.9
1264180 1175.7
1264190 1175.7
1264200 1172.1
1264210 1169.2
1264220 1169.2
1264230 1167.1
1264240 1164.9
1264250 1164.9
1264260 1162.5
1264270 1160.0
1264280 1160.0
1264290 1157.8
1264300 1155.2
1264310 1152.6
1264320 1152.6
1264330 1150.3
1264340 1148.2
1264350 1148.2
1264360 1146.1
1264370 1143.5
1264380 1143.5
1264390 1141.0
1264400 1138.9
1264410 1138.9
1264420 1136.7
1264430 1134.2
1264440 1134.2
1264450 1131.7
1264460 1128.9
1264470 1128.9
1264480 1125.5
1264490 1122.7
1264500 1122.7
1264510 1120.2
1264520 1117.2
1264530 1117.2
1264540 1113.9
1264550 1110.3
1264560 1107.8
1264570 1107.8
1264580 1105.3
1264590 1103.0
1264600 1103.0
1264610 1101.0
1264620 1098.9
1264630 1098.9
1264640 1096.4
1264650 1093.8
1264660 1093.8
1264670 1091.3
1264680 1088.6
1264690 1089.4
1264700 1086.7
1264710 1083.6
1264720 1083.6
1264730 1080.9
1264740 1077.9
1264750 1077.9
1264760 1075.1
1264770 1072.5
1264780 1072.5
1264790 1069.9
1264800 1067.4
1264810 1065.2
1264820 1065.2
1264830 1063.3
1264840 1060.9
1264850 1060.9
1264860 1058.3
1264870 1055.3
1264880 1055.3
1264890 1052.6
1264900 1049.9
1264910 1049.9
1264920 1047.3
1264930 1044.8
1264940 1044.8
1264950 1042.5
1264960 1040.5
1264970 1040.5
1264980 1038.5
1264990 1036.9
1265000 1036.9
1265010 1035.6
1265020 1034.4
1265030 1034.4
1265040 1032.9
1265050 1031.4
1265060 1029.9
1265070 1029.9
1265080 1028.6
1265090 1027.4
1265100 1027.4
1265110 1027.5
1265120 1027.3
1265130 1027.3
1265140 1025.2
1265150 1021.7
1265160 1021.7
1265170 1018.2
1265180 1015.1
1265190 1015.1
1265200 1011.6
1265210 1009.0
1265220 1009.0
1265230 1006.8
1265240 1004.5
1265250 1004.5
1265260 1002.5
1265270 1001.2
1265280 1001.2
1265290 998.9
1265300 997.3
1265310 994.8
1265320 994.8
1265330 992.3
1265340 990.5
1265350 990.5
1265360 989.7
1265370 986.2
1265380 986.2
1265390 983.1
1265400 980.8
1265410 980.8
1265420 977.1
1265430 969.1
1265440 969.1
1265450 961.8
1265460 955.8
1265470 955.8
1265480 952.7
1265490 951.5
1265500 951.5
1265510 946.0
1265520 939.4
1265530 939.4
1265540 931.6
1265550 923.0
1265560 914.8
1265570 914.8
1265580 907.1
1265590 900.7
1265600 900.7
1265610 896.7
1265620 895.4
1265630 895.4
1265640 895.8
1265650 897.1
1265660 897.1
1265670 899.5
1265680 901.8
1265690 901.8
1265700 905.6
1265710 912.3
1265720 912.3
1265730 918.7
1265740 925.9
1265750 925.9
1265760 930.6
1265770 930.0
1265780 930.0
1265790 928.9
1265800 927.8
1265810 926.8
1265820 926.8
1265830 925.6
1265840 924.8
1265850 924.8
1265860 925.0
1265870 924.6
1265880 924.6
1265890 924.9
1265900 925.2
1265910 925.2
1265920 924.7
1265930 924.1
1265940 924.1
1265950 923.5
1265960 924.0
1265970 924.0
1265980 925.1
1265990 924.8
1266000 924.8
1266010 923.7
1266020 922.7
1266030 922.7
1266040 921.6
1266050 920.5
1266060 919.6
1266070 919.6
1266080 918.6
1266090 917.5
1266100 917.5
1266110 915.7
1266120 914.3
1266130 914.3
1266140 912.8
1266150 911.0
1266160 911.0
1266170 909.3
1266180 908.6
1266190 908.6
1266200 907.5
1266210 906.9
1266220 906.9
1266230 906.9
1266240 906.6
1266250 906.6
1266260 905.8
1266270 904.2
1266280 904.2
1266290 903.0
1266300 902.0
1266310 900.3
1266320 900.3
1266330 896.7
1266340 894.6
1266350 894.6
1266360 893.8
1266370 892.6
1266380 892.6
1266390 891.4
1266400 890.5
1266410 890.5
1266420 889.8
1266430 889.3
1266440 890.1
1266450 889.5
1266460 888.9
1266470 888.9
1266480 887.8
1266490 886.6
1266500 886.6
1266510 885.6
1266520 885.0
1266530 885.0
1266540 886.0
1266550 886.3
1266560 887.6
1266570 887.6
1266580 888.0
1266590 887.7
1266600 887.7
1266610 887.3
1266620 886.7
1266630 886.7
1266640 886.0
1266650 885.5
1266660 885.5
1266670 884.8
1266680 881.0
1266690 881.0
1266700 876.1
1266710 874.6
1266720 874.6
1266730 874.1
1266740 874.0
1266750 874.0
1266760 874.4
1266770 874.9
1266780 874.9
1266790 875.5
1266800 876.1
1266810 873.3
1266820 873.3
1266830 868.9
1266840 865.2
1266850 865.2
1266860 863.4
1266870 862.6
1266880 862.6
1266890 861.9
1266900 861.0
1266910 861.0
1266920 860.6
1266930 860.5
1266940 860.5
1266950 860.5
1266960 860.8
1266970 860.8
1266980 860.7
1266990 860.7
1267000 860.7
1267010 861.0
1267020 863.6
1267030 863.6
1267040 863.4
1267050 859.0
1267060 855.0
1267070 855.0
1267080 849.4
1267090 843.0
1267100 843.0
1267110 837.3
1267120 831.4
1267130 831.4
1267140 824.9
1267150 819.3
1267160 819.3
1267170 813.5
1267180 807.3
1267190 807.3
1267200 801.0
1267210 794.9
1267220 794.9
1267230 788.7
1267240 780.6
1267250 780.6
1267260 771.6
1267270 768.7
1267280 768.7
1267290 775.6
1267300 783.2
1267310 789.9
1267320 789.9
1267330 796.7
1267340 802.2
1267350 802.2
1267360 806.8
1267370 808.6
1267380 808.6
1267390 809.9
1267400 813.1
1267410 813.1
1267420 813.4
1267430 812.0
1267440 812.0
1267450 813.1
1267460 815.2
1267470 815.2
1267480 814.1
1267490 809.3
1267500 809.3
1267510 802.9
1267520 796.2
1267530 796.2
1267540 789.8
1267550 783.4
1267560 776.7
1267570 776.7
1267580 769.6
1267590 762.3
1267600 762.3
1267610 756.0
1267620 749.8
1267630 749.8
1267640 743.1
1267650 737.4
1267660 737.4
1267670 733.0
1267680 729.5
1267690 729.5
1267700 726.2
1267710 724.7
1267720 724.7
1267730 723.4
1267740 722.5
1267750 722.5
1267760 721.9
1267770 721.3
1267780 721.3
1267790 720.9
1267800 720.3
1267810 719.6
1267820 719.6
1267830 718.9
1267840 718.2
1267850 718.2
1267860 717.7
1267870 718.0
1267880 718.0
1267890 716.4
1267900 713.4
1267910 713.4
1267920 696.4
1267930 681.9
1267940 681.9
1267950 669.8
1267960 661.2
1267970 661.2
1267980 652.6
1267990 648.8
1268000 648.8
1268010 649.0
1268020 653.4
1268030 653.4
1268040 661.0
1268050 669.1
1268060 677.7
1268070 677.7
1268080 686.9
1268090 698.2
1268100 698.2
1268110 700.4
1268120 704.5
1268130 704.5
1268140 709.4
1268150 716.1
1268160 716.1
1268170 723.1
1268180 729.9
1268190 728.9
1268200 736.2
1268210 743.6
1268220 743.6
1268230 752.0
1268240 757.9
1268250 757.9
1268260 763.0
1268270 767.9
1268280 767.9
1268290 771.4
1268300 772.6
1268310 772.7
1268320 772.7
1268330 772.7
1268340 773.1
1268350 773.1
1268360 778.9
1268370 785.6
1268380 785.6
1268390 791.6
1268400 797.5
1268410 797.5
1268420 802.1
1268430 805.1
1268440 805.1
1268450 806.2
1268460 808.0
1268470 808.0
1268480 811.1
1268490 814.5
1268500 814.5
1268510 819.6
1268520 825.8
1268530 825.8
1268540 831.5
1268550 836.4
1268560 838.8
1268570 838.8
1268580 840.1
1268590 842.4
1268600 842.4
1268610 846.9
1268620 851.8
1268630 851.8
1268640 856.7
1268650 861.7
1268660 861.7
1268670 867.3
1268680 871.3
1268690 871.3
1268700 872.7
1268710 873.3
1268720 873.3
1268730 874.3
1268740 875.7
1268750 875.7
1268760 877.7
1268770 878.8
1268780 877.7
1268790 877.7
1268800 878.3
1268810 879.5
1268820 879.5
1268830 880.8
1268840 881.8
1268850 881.8
1268860 883.7
1268870 884.9
1268880 884.9
1268890 884.9
1268900 884.1
1268910 884.1
1268920 881.9
1268930 876.0
1268940 876.0
1268950 869.0
1268960 863.8
1268970 863.8
1268980 859.9
1268990 856.2
1269000 856.2
1269010 852.7
1269020 849.4
1269030 849.4
1269040 845.9
1269050 836.2
1269060 825.9
1269070 825.9
1269080 819.6
1269090 813.9
1269100 813.9
1269110 808.6
1269120 803.9
1269130 803.9
1269140 798.5
1269150 792.3
1269160 792.3
1269170 784.8
1269180 780.5
1269190 780.5
1269200 781.4
1269210 783.7
1269220 783.7
1269230 786.0
1269240 787.0
1269250 787.0
1269260 788.5
1269270 788.3
1269280 788.3
1269290 788.5
1269300 787.4
1269310 787.1
1269320 787.1
1269330 787.1
1269340 782.6
1269350 782.6
1269360 779.9
1269370 778.9
1269380 778.9
1269390 785.1
1269400 791.4
1269410 791.4
1269420 792.7
1269430 796.2
1269440 796.2
1269450 803.7
1269460 812.5
1269470 812.5
1269480 821.4
1269490 829.3
1269500 829.3
1269510 834.8
1269520 842.5
1269530 842.5
1269540 851.0
1269550 857.0
1269560 861.8
1269570 861.8
1269580 867.0
1269590 872.5
1269600 872.5
1269610 874.5
1269620 880.6
1269630 880.6
1269640 888.1
1269650 894.6
1269660 894.6
1269670 899.7
1269680 904.6
1269690 904.6
1269700 909.4
1269710 911.7
1269720 911.7
1269730 913.9
1269740 916.4
1269750 916.4
1269760 917.0
1269770 917.2
1269780 917.2
1269790 917.4
1269800 917.6
1269810 917.8
1269820 917.8
1269830 918.1
1269840 919.3
1269850 919.3
1269860 921.9
1269870 925.5
1269880 925.5
1269890 928.2
1269900 930.0
1269910 930.0
1269920 932.4
1269930 934.6
1269940 934.6
1269950 937.0
1269960 939.1
1269970 939.1
1269980 941.9
1269990 944.9
1270000 944.9
1270010 947.4
1270020 949.6
1270030 949.6
1270040 952.0
1270050 954.0
1270060 956.7
1270070 956.7
1270080 958.8
1270090 960.9
1270100 960.9
1270110 963.1
1270120 964.7
1270130 964.7
1270140 964.5
1270150 964.3
1270160 964.3
1270170 964.2
1270180 963.8
1270190 963.8
1270200 961.3
1270210 960.0
1270220 960.0
1270230 960.4
1270240 960.7
1270250 960.7
1270260 962.5
1270270 963.2
1270280 963.2
1270290 964.2
1270300 966.4
1270310 966.4
1270320 966.4
1270330 964.5
1270340 964.9
1270350 964.9
1270360 964.4
1270370 965.0
1270380 965.0
1270390 966.2
1270400 967.1
1270410 967.1
1270420 967.2
1270430 967.7
1270440 967.7
1270450 969.7
1270460 973.9
1270470 973.9
1270480 977.2
1270490 979.6
1270500 979.6
1270510 981.5
1270520 983.3
1270530 983.3
1270540 984.9
1270550 988.2
1270560 991.0
1270570 991.0
1270580 994.5
1270590 997.9
1270600 997.9
1270610 1000.1
1270620 1001.9
1270630 1001.9
1270640 1003.7
1270650 1004.7
1270660 1004.7
1270670 1005.0
1270680 1004.8
1270690 1004.8
1270700 1004.2
1270710 1003.4
1270720 1003.4
1270730 1002.5
1270740 1001.4
1270750 1001.4
1270760 1000.2
1270770 999.0
1270780 999.0
1270790 997.7
1270800 996.3
1270810 994.9
1270820 994.9
1270830 994.3
1270840 993.4
1270850 993.4
1270860 992.7
1270870 993.1
1270880 993.1
1270890 993.4
1270900 993.6
1270910 993.6
1270920 994.3
1270930 995.2
1270940 995.2
1270950 996.1
1270960 997.0
1270970 997.0
1270980 998.2
1270990 999.8
1271000 999.8
1271010 1001.2
1271020 1002.5
1271030 1002.5
1271040 1004.1
1271050 1005.4
1271060 1006.0
1271070 1006.0
1271080 1006.3
1271090 1006.1
1271100 1006.1
1271110 1006.0
1271120 1006.3
1271130 1006.3
1271140 1006.8
1271150 1009.2
1271160 1009.2
1271170 1009.9
1271180 1011.0
1271190 1011.0
1271200 1012.6
1271210 1012.9
1271220 1012.9
1271230 1012.0
1271240 1011.3
1271250 1011.3
1271260 1011.1
1271270 1010.5
1271280 1010.5
1271290 1010.1
1271300 1010.5
1271310 1011.0
1271320 1011.0
1271330 1011.2
1271340 1011.8
1271350 1011.8
1271360 1011.9
1271370 1012.1
1271380 1012.1
1271390 1012.4
1271400 1013.0
1271410 1013.0
1271420 1013.3
1271430 1014.6
1271440 1014.6
1271450 1015.1
1271460 1015.3
1271470 1015.3
1271480 1016.4
1271490 1017.7
1271500 1017.7
1271510 1018.7
1271520 1019.9
1271530 1019.9
1271540 1021.2
1271550 1022.3
1271560 1023.3
1271570 1023.3
1271580 1024.2
1271590 1025.1
1271600 1025.1
1271610 1026.3
1271620 1027.9
1271630 1027.9
1271640 1028.6
1271650 1029.3
1271660 1029.3
1271670 1029.9
1271680 1030.8
1271690 1030.8
1271700 1031.6
1271710 1032.7
1271720 1032.7
1271730 1034.6
1271740 1035.6
1271750 1036.5
1271760 1037.5
1271770 1038.5
1271780 1038.5
1271790 1039.4
1271800 1040.3
1271810 1041.3
1271820 1041.3
1271830 1042.0
1271840 1042.6
1271850 1042.6
1271860 1042.8
1271870 1043.3
1271880 1043.3
1271890 1043.5
1271900 1043.7
1271910 1043.7
1271920 1043.8
1271930 1044.4
1271940 1044.4
1271950 1047.2
1271960 1051.4
1271970 1051.4
1271980 1055.4
1271990 1058.4
1272000 1058.4
1272010 1061.1
1272020 1064.1
1272030 1064.1
1272040 1065.6
1272050 1067.3
1272060 1069.5
1272070 1069.5
1272080 1072.7
1272090 1075.7
1272100 1075.7
1272110 1074.5
1272120 1073.3
1272130 1073.3
1272140 1074.0
1272150 1073.3
1272160 1073.3
1272170 1073.2
1272180 1077.1
1272190 1077.1
1272200 1081.4
1272210 1084.0
1272220 1084.0
1272230 1085.7
1272240 1086.5
1272250 1086.5
1272260 1087.0
1272270 1087.1
1272280 1087.1
1272290 1087.3
1272300 1087.2
1272310 1087.0
1272320 1087.0
1272330 1086.4
1272340 1088.6
1272350 1088.6
1272360 1086.7
1272370 1083.6
1272380 1083.6
1272390 1082.0
1272400 1082.9
1272410 1082.9
1272420 1084.1
1272430 1086.0
1272440 1086.0
1272450 1090.1
1272460 1094.3
1272470 1094.3
1272480 1099.0
1272490 1104.7
1272500 1104.7
1272510 1110.2
1272520 1113.9
1272530 1113.9
1272540 1114.5
1272550 1113.2
1272560 1113.2
1272570 1111.3
1272580 1110.3
1272590 1110.4
1272600 1110.4
1272610 1112.0
1272620 1116.7
1272630 1116.7
1272640 1122.5
1272650 1129.1
1272660 1129.1
1272670 1134.0
1272680 1136.7
1272690 1136.7
1272700 1138.1
1272710 1138.4
1272720 1138.4
1272730 1137.8
1272740 1137.8
1272750 1137.8
1272760 1138.4
1272770 1138.5
1272780 1138.5
1272790 1138.1
1272800 1137.8
1272810 1137.8
1272820 1139.7
1272830 1142.1
1272840 1145.2
1272850 1145.2
1272860 1148.0
1272870 1149.1
1272880 1149.1
1272890 1149.8
1272900 1152.9
1272910 1152.9
1272920 1154.8
1272930 1155.4
1272940 1159.6
1272950 1160.4
1272960 1161.9
1272970 1161.9
1272980 1163.7
1272990 1165.8
1273000 1165.8
1273010 1168.6
1273020 1169.9
1273030 1169.9
1273040 1170.9
1273050 1172.3
1273060 1172.3
1273070 1175.0
1273080 1177.2
1273090 1179.4
1273100 1179.4
1273110 1182.4
1273120 1185.8
1273130 1185.8
1273140 1190.1
1273150 1193.6
1273160 1193.6
1273170 1195.6
1273180 1196.8
1273190 1196.8
1273200 1197.7
1273210 1198.4
1273220 1198.4
1273230 1198.9
1273240 1198.5
1273250 1198.5
1273260 1198.6
1273270 1201.9
1273280 1201.9
1273290 1207.3
1273300 1211.4
1273310 1211.4
1273320 1213.8
1273330 1215.9
1273340 1217.1
1273350 1217.1
1273360 1217.3
1273370 1217.2
1273380 1217.2
1273390 1217.0
1273400 1217.5
1273410 1217.5
1273420 1218.5
1273430 1220.9
1273440 1220.9
1273450 1225.5
1273460 1230.7
1273470 1230.7
1273480 1236.0
1273490 1240.7
1273500 1240.7
1273510 1246.3
1273520 1253.7
1273530 1253.7
1273540 1261.2
1273550 1272.3
1273560 1272.3
1273570 1277.9
1273580 1281.4
1273590 1283.5
1273600 1283.5
1273610 1285.3
1273620 1287.4
1273630 1287.4
1273640 1289.7
1273650 1291.9
1273660 1291.9
1273670 1293.7
1273680 1295.4
1273690 1295.4
1273700 1297.7
1273710 1298.9
1273720 1298.9
1273730 1301.8
1273740 1304.8
1273750 1304.8
1273760 1307.3
1273770 1309.6
1273780 1309.6
1273790 1312.4
1273800 1316.0
1273810 1316.0
1273820 1319.5
1273830 1322.2
1273840 1324.2
1273850 1324.2
1273860 1324.6
1273870 1323.5
1273880 1323.5
1273890 1321.2
1273900 1318.7
1273910 1318.7
1273920 1314.2
1273930 1309.0
1273940 1309.0
1273950 1303.3
1273960 1299.3
1273970 1299.3
1273980 1306.2
1273990 1314.1
1274000 1314.1
1274010 1320.5
1274020 1326.8
1274030 1326.8
1274040 1330.6
1274050 1333.6
1274060 1333.6
1274070 1336.4
1274080 1337.6
1274090 1338.6
1274100 1338.6
1274110 1339.5
1274120 1340.3
1274130 1340.3
1274140 1340.4
1274150 1347.3
1274160 1347.3
1274170 1347.3
1274180 1346.5
1274190 1346.5
1274200 1345.1
1274210 1342.6
1274220 1342.6
1274230 1341.9
1274240 1342.4
1274250 1342.4
1274260 1340.9
1274270 1340.5
1274280 1340.5
1274290 1341.9
1274300 1343.1
1274310 1343.1
1274320 1343.1
1274330 1341.0
1274340 1339.4
1274350 1339.4
1274360 1343.8
1274370 1352.0
1274380 1352.0
1274390 1356.6
1274400 1364.7
1274410 1364.7
1274420 1372.6
1274430 1381.6
1274440 1381.6
1274450 1389.4
1274460 1395.5
1274470 1395.5
1274480 1400.7
1274490 1406.3
1274500 1406.3
1274510 1412.3
1274520 1418.2
1274530 1418.2
1274540 1423.1
1274550 1428.2
1274560 1428.2
1274570 1433.5
1274580 1439.1
1274590 1444.4
1274600 1444.4
1274610 1448.7
1274620 1453.2
1274630 1453.2
1274640 1457.7
1274650 1461.8
1274660 1461.8
1274670 1465.5
1274680 1469.2
1274690 1469.2
1274700 1473.6
1274710 1478.1
1274720 1478.1
1274730 1482.9
1274740 1488.6
1274750 1488.6
1274760 1496.1
1274770 1499.8
1274780 1499.8
1274790 1504.5
1274800 1509.7
1274810 1509.7
1274820 1515.8
1274830 1522.2
1274840 1529.1
1274850 1529.1
1274860 1535.2
1274870 1540.2
1274880 1540.2
1274890 1544.1
1274900 1547.0
1274910 1547.0
1274920 1549.5
1274930 1551.9
1274940 1551.9
1274950 1555.8
1274960 1560.8
1274970 1560.8
1274980 1566.5
1274990 1572.1
1275000 1572.1
1275010 1577.2
1275020 1583.0
1275030 1583.0
1275040 1588.1
1275050 1593.7
1275060 1593.7
1275070 1598.5
1275080 1602.4
1275090 1606.1
1275100 1606.1
1275110 1609.8
1275120 1613.0
1275130 1613.0
1275140 1616.4
1275150 1619.3
1275160 1619.3
1275170 1622.9
1275180 1626.1
1275190 1626.1
1275200 1628.7
1275210 1632.5
1275220 1632.5
1275230 1636.1
1275240 1637.3
1275250 1637.3
1275260 1641.5
1275270 1649.1
1275280 1649.1
1275290 1653.8
1275300 1657.9
1275310 1657.9
1275320 1662.2
1275330 1666.2
1275340 1669.3
1275350 1669.3
1275360 1676.5
1275370 1676.4
1275380 1676.4
1275390 1676.3
1275400 1676.8
1275410 1676.8
1275420 1676.9
1275430 1676.3
1275440 1676.3
1275450 1674.9
1275460 1676.0
1275470 1676.0
1275480 1677.8
1275490 1678.6
1275500 1678.6
1275510 1677.7
1275520 1676.1
1275530 1676.1
1275540 1674.5
1275550 1672.5
1275560 1672.5
1275570 1670.5
1275580 1669.3
1275590 1668.7
1275600 1668.7
1275610 1668.0
1275620 1667.4
1275630 1667.4
1275640 1667.1
1275650 1666.6
1275660 1666.6
1275670 1665.7
1275680 1664.8
1275690 1664.8
1275700 1663.4
1275710 1661.0
1275720 1661.0
1275730 1658.6
1275740 1656.6
1275750 1656.6
1275760 1655.7
1275770 1655.9
1275780 1655.9
1275790 1658.1
1275800 1662.3
1275810 1662.3
1275820 1666.2
1275830 1667.7
1275840 1668.8
1275850 1668.8
1275860 1669.9
1275870 1670.6
1275880 1670.6
1275890 1671.0
1275900 1671.0
1275910 1671.0
1275920 1670.8
1275930 1671.7
1275940 1671.7
1275950 1673.8
1275960 1675.4
1275970 1681.6
1275980 1681.5
1275990 1681.6
1276000 1681.6
1276010 1681.8
1276020 1683.0
1276030 1683.0
1276040 1683.8
1276050 1684.1
1276060 1684.1
1276070 1685.4
1276080 1685.9
1276090 1684.7
1276100 1684.7
1276110 1682.6
1276120 1681.7
1276130 1681.7
1276140 1681.8
1276150 1682.5
1276160 1682.5
1276170 1683.2
1276180 1683.9
1276190 1683.9
1276200 1684.5
1276210 1685.3
1276220 1685.3
1276230 1685.1
1276240 1684.5
1276250 1684.5
1276260 1685.7
1276270 1688.6
1276280 1688.6
1276290 1690.3
1276300 1692.0
1276310 1692.0
1276320 1693.3
1276330 1694.4
1276340 1694.8
1276350 1694.8
1276360 1694.4
1276370 1693.5
1276380 1693.5
1276390 1693.3
1276400 1693.6
1276410 1693.6
1276420 1693.5
1276430 1691.8
1276440 1691.8
1276450 1691.3
1276460 1691.5
1276470 1691.5
1276480 1691.8
1276490 1694.1
1276500 1694.1
1276510 1696.1
1276520 1698.4
1276530 1698.4
1276540 1701.0
1276550 1702.4
1276560 1702.4
1276570 1703.7
1276580 1711.7
1276590 1717.1
1276600 1717.1
1276610 1723.4
1276620 1728.6
1276630 1728.6
1276640 1732.9
1276650 1736.0
1276660 1736.0
1276670 1738.7
1276680 1739.6
1276690 1739.6
1276700 1741.2
1276710 1743.9
1276720 1743.9
1276730 1746.6
1276740 1749.7
1276750 1749.7
1276760 1752.4
1276770 1754.9
1276780 1754.9
1276790 1756.1
1276800 1757.0
1276810 1757.0
1276820 1757.7
1276830 1758.7
1276840 1759.5
1276850 1759.5
1276860 1760.6
1276870 1762.5
1276880 1762.5
1276890 1765.3
1276900 1766.5
1276910 1766.5
1276920 1767.7
1276930 1769.8
1276940 1769.8
1276950 1771.5
1276960 1773.3
1276970 1773.3
1276980 1775.7
1276990 1778.4
1277000 1778.4
1277010 1780.8
1277020 1783.6
1277030 1783.6
1277040 1786.2
1277050 1789.1
1277060 1789.1
1277070 1792.4
1277080 1796.0
1277090 1799.3
1277100 1799.3
1277110 1802.1
1277120 1805.6
1277130 1805.6
1277140 1808.6
1277150 1812.5
1277160 1812.5
1277170 1816.4
1277180 1820.1
1277190 1820.5
1277200 1823.7
1277210 1826.6
1277220 1826.6
1277230 1829.5
1277240 1832.2
1277250 1832.2
1277260 1834.2
1277270 1834.9
1277280 1834.9
1277290 1834.9
1277300 1835.9
1277310 1835.9
1277320 1837.8
1277330 1839.2
1277340 1840.3
1277350 1840.3
1277360 1842.6
1277370 1844.7
1277380 1844.7
1277390 1843.8
1277400 1841.0
1277410 1841.0
1277420 1836.9
1277430 1832.9
1277440 1832.9
1277450 1831.3
1277460 1829.1
1277470 1829.1
1277480 1826.2
1277490 1825.2
1277500 1825.2
1277510 1825.0
1277520 1824.0
1277530 1824.0
1277540 1822.9
1277550 1821.7
1277560 1821.7
1277570 1822.5
1277580 1826.6
1277590 1830.6
1277600 1830.6
1277610 1833.2
1277620 1836.5
1277630 1836.5
1277640 1839.7
1277650 1841.6
1277660 1841.6
1277670 1843.2
1277680 1844.4
1277690 1844.4
1277700 1845.0
1277710 1844.0
1277720 1844.0
1277730 1843.1
1277740 1841.4
1277750 1841.4
1277760 1839.7
1277770 1836.9
1277780 1836.9
1277790 1834.8
1277800 1833.3
1277810 1838.2
1277820 1836.7
1277830 1835.0
1277840 1834.3
1277850 1834.3
1277860 1834.1
1277870 1835.0
1277880 1835.0
1277890 1835.3
1277900 1835.2
1277910 1835.2
1277920 1835.5
1277930 1833.9
1277940 1833.9
1277950 1831.1
1277960 1826.8
1277970 1826.8
1277980 1824.3
1277990 1822.5
1278000 1822.5
1278010 1820.6
1278020 1818.9
1278030 1818.9
1278040 1817.4
1278050 1817.5
1278060 1817.5
1278070 1818.5
1278080 1817.8
1278090 1814.9
1278100 1814.9
1278110 1812.6
1278120 1809.7
1278130 1809.7
1278140 1806.3
1278150 1805.2
1278160 1805.2
1278170 1804.3
1278180 1803.9
1278190 1803.9
1278200 1806.5
1278210 1808.5
1278220 1808.5
1278230 1809.5
1278240 1810.5
1278250 1810.5
1278260 1811.4
1278270 1812.1
1278280 1812.1
1278290 1812.3
1278300 1812.0
1278310 1812.0
1278320 1812.3
1278330 1813.7
1278340 1816.6
1278350 1816.6
1278360 1820.6
1278370 1824.1
1278380 1824.1
1278390 1828.2
1278400 1835.9
1278410 1835.9
1278420 1850.7
1278430 1861.1
1278440 1861.1
1278450 1867.1
1278460 1870.0
1278470 1870.0
1278480 1872.5
1278490 1874.2
1278500 1874.2
1278510 1874.2
1278520 1873.4
1278530 1873.4
1278540 1875.6
1278550 1875.6
1278560 1875.6
1278570 1872.7
1278580 1869.5
1278590 1867.4
1278600 1867.4
1278610 1866.8
1278620 1866.6
1278630 1866.6
1278640 1866.8
1278650 1867.8
1278660 1867.8
1278670 1869.6
1278680 1872.8
1278690 1872.8
1278700 1876.3
1278710 1877.9
1278720 1877.9
1278730 1877.1
1278740 1873.0
1278750 1873.0
1278760 1870.1
1278770 1871.2
1278780 1871.2
1278790 1872.6
1278800 1873.4
1278810 1873.4
1278820 1873.7
1278830 1872.1
1278840 1871.1
1278850 1871.1
1278860 1870.8
1278870 1871.4
1278880 1871.4
1278890 1872.8
1278900 1874.5
1278910 1874.5
1278920 1876.0
1278930 1876.9
1278940 1876.9
1278950 1878.6
1278960 1881.1
1278970 1881.1
1278980 1882.4
1278990 1882.9
1279000 1882.9
1279010 1882.8
1279020 1883.8
1279030 1883.8
1279040 1888.8
1279050 1890.9
1279060 1890.9
1279070 1894.2
1279080 1898.0
1279090 1902.5
1279100 1902.5
1279110 1905.2
1279120 1906.6
1279130 1906.6
1279140 1908.0
1279150 1910.5
1279160 1910.5
1279170 1912.5
1279180 1916.3
1279190 1916.3
1279200 1920.0
1279210 1923.1
1279220 1923.1
1279230 1924.5
1279240 1925.6
1279250 1925.6
1279260 1924.9
1279270 1925.4
1279280 1925.4
1279290 1924.6
1279300 1928.2
1279310 1928.2
1279320 1929.8
1279330 1932.3
1279340 1935.7
1279350 1935.7
1279360 1935.8
1279370 1936.9
1279380 1936.9
1279390 1940.2
1279400 1943.2
1279410 1943.2
1279420 1945.3
1279430 1947.0
1279440 1947.0
1279450 1947.6
1279460 1947.2
1279470 1947.2
1279480 1947.4
1279490 1947.3
1279500 1947.3
1279510 1946.6
1279520 1947.0
1279530 1947.0
1279540 1947.1
1279550 1948.3
1279560 1948.3
1279570 1949.6
1279580 1950.6
1279590 1951.1
1279600 1951.1
1279610 1949.9
1279620 1945.8
1279630 1945.8
1279640 1943.2
1279650 1943.3
1279660 1944.1
1279670 1944.6
1279680 1945.1
1279690 1945.1
1279700 1947.9
1279710 1952.6
1279720 1952.6
1279730 1957.8
1279740 1962.4
1279750 1962.4
1279760 1967.2
1279770 1971.7
1279780 1971.7
1279790 1976.2
1279800 1980.0
1279810 1980.0
1279820 1984.0
1279830 1986.7
1279840 1988.0
1279850 1988.0
1279860 1989.5
1279870 1988.3
1279880 1988.3
1279890 1984.8
1279900 1982.4
1279910 1982.4
1279920 1981.3
1279930 1978.7
1279940 1978.7
1279950 1974.9
1279960 1969.7
1279970 1969.7
1279980 1965.5
1279990 1964.3
