1260000 1282.3
1260010 1281.3
1260020 1281.3
1260030 1280.4
1260040 1281.3
1260050 1281.3
1260060 1281.0
1260070 1281.2
1260080 1281.2
1260090 1282.7
1260100 1285.0
1260110 1285.0
1260120 1286.2
1260130 1288.1
1260140 1288.1
1260150 1290.5
1260160 1291.5
1260170 1291.5
1260180 1292.1
1260190 1292.5
1260200 1292.1
1260210 1292.1
1260220 1292.7
1260230 1293.5
1260240 1293.5
1260250 1294.1
1260260 1294.6
1260270 1294.6
1260280 1299.7
1260290 1299.7
1260300 1299.7
1260310 1299.4
1260320 1300.7
1260330 1300.7
1260340 1302.5
1260350 1303.4
1260360 1303.4
1260370 1303.6
1260380 1304.3
1260390 1304.3
1260400 1306.1
1260410 1309.5
1260420 1309.5
1260430 1312.3
1260440 1315.0
1260450 1317.7
1260460 1317.7
1260470 1319.0
1260480 1320.4
1260490 1320.4
1260500 1322.5
1260510 1325.0
1260520 1325.0
1260530 1327.4
1260540 1329.1
1260550 1329.1
1260560 1330.0
1260570 1330.4
1260580 1330.4
1260590 1330.7
1260600 1330.6
1260610 1330.6
1260620 1330.2
1260630 1330.4
1260640 1330.4
1260650 1331.9
1260660 1333.4
1260670 1333.4
1260680 1334.5
1260690 1335.0
1260700 1335.2
1260710 1335.2
1260720 1334.9
1260730 1334.8
1260740 1334.8
1260750 1335.3
1260760 1336.0
1260770 1336.0
1260780 1336.3
1260790 1336.5
1260800 1336.5
1260810 1336.4
1260820 1336.2
1260830 1336.2
1260840 1335.8
1260850 1340.5
1260860 1340.5
1260870 1340.8
1260880 1340.7
1260890 1340.7
1260900 1341.0
1260910 1341.9
1260920 1341.9
1260930 1343.0
1260940 1343.5
1260950 1343.3
1260960 1343.3
1260970 1342.8
1260980 1342.0
1260990 1342.0
1261000 1340.9
1261010 1340.0
1261020 1340.0
1261030 1339.1
1261040 1338.3
1261050 1338.3
1261060 1336.9
1261070 1335.3
1261080 1335.3
1261090 1334.0
1261100 1332.8
1261110 1332.8
1261120 1331.3
1261130 1329.6
1261140 1329.6
1261150 1328.3
1261160 1327.0
1261170 1327.0
1261180 1325.3
1261190 1323.5
1261200 1321.9
1261210 1321.9
1261220 1320.4
1261230 1319.1
1261240 1319.1
1261250 1317.8
1261260 1316.3
1261270 1316.3
1261280 1314.5
1261290 1313.2
1261300 1313.2
1261310 1311.8
1261320 1310.5
1261330 1310.5
1261340 1309.7
1261350 1307.9
1261360 1307.9
1261370 1306.2
1261380 1304.7
1261390 1304.7
1261400 1304.1
1261410 1303.1
1261420 1306.6
1261430 1304.7
1261440 1304.9
1261450 1304.2
1261460 1304.2
1261470 1303.6
1261480 1302.5
1261490 1302.5
1261500 1301.3
1261510 1300.6
1261520 1300.6
1261530 1299.9
1261540 1299.7
1261550 1299.7
1261560 1299.5
1261570 1299.0
1261580 1299.0
1261590 1297.4
1261600 1293.5
1261610 1293.5
1261620 1290.4
1261630 1289.5
1261640 1289.5
1261650 1287.5
1261660 1283.6
1261670 1283.6
1261680 1279.2
1261690 1279.5
1261700 1278.6
1261710 1278.6
1261720 1271.6
1261730 1266.3
1261740 1266.3
1261750 1262.1
1261760 1256.9
1261770 1256.9
1261780 1250.4
1261790 1246.3
1261800 1246.3
1261810 1248.2
1261820 1250.5
1261830 1250.5
1261840 1252.8
1261850 1256.1
1261860 1256.1
1261870 1253.7
1261880 1256.2
1261890 1256.2
1261900 1259.5
1261910 1260.0
1261920 1260.0
1261930 1255.1
1261940 1248.7
1261950 1248.8
1261960 1248.8
1261970 1252.4
1261980 1255.6
1261990 1261.0
1262000 1263.6
1262010 1267.0
1262020 1267.0
1262030 1272.4
1262040 1277.2
1262050 1277.2
1262060 1280.8
1262070 1283.5
1262080 1283.5
1262090 1284.8
1262100 1284.6
1262110 1284.6
1262120 1281.1
1262130 1279.3
1262140 1279.3
1262150 1280.1
1262160 1281.6
1262170 1281.6
1262180 1281.0
1262190 1281.0
1262200 1280.5
1262210 1280.5
1262220 1279.5
1262230 1280.0
1262240 1280.0
1262250 1282.9
1262260 1286.5
1262270 1286.5
1262280 1290.0
1262290 1289.8
1262300 1289.8
1262310 1289.7
1262320 1288.4
1262330 1288.4
1262340 1285.9
1262350 1283.5
1262360 1283.5
1262370 1281.7
1262380 1279.7
1262390 1279.7
1262400 1278.6
1262410 1278.6
1262420 1278.6
1262430 1278.2
1262440 1277.4
1262450 1276.5
1262460 1276.5
1262470 1275.3
1262480 1274.1
1262490 1274.1
1262500 1272.9
1262510 1271.4
1262520 1271.4
1262530 1269.5
1262540 1267.3
1262550 1267.3
1262560 1269.4
1262570 1267.6
1262580 1267.6
1262590 1265.6
1262600 1262.5
1262610 1262.5
1262620 1259.2
1262630 1256.1
1262640 1256.1
1262650 1254.7
1262660 1252.8
1262670 1252.8
1262680 1251.0
1262690 1249.7
1262700 1248.3
1262710 1248.3
1262720 1246.3
1262730 1245.8
1262740 1245.8
1262750 1244.6
1262760 1243.3
1262770 1243.3
1262780 1241.4
1262790 1239.5
1262800 1239.5
1262810 1238.0
1262820 1236.7
1262830 1236.7
1262840 1236.2
1262850 1234.9
1262860 1234.9
1262870 1233.5
1262880 1235.6
1262890 1235.6
1262900 1236.7
1262910 1236.3
1262920 1236.3
1262930 1235.2
1262940 1233.1
1262950 1232.0
1262960 1232.0
1262970 1231.3
1262980 1230.5
1262990 1230.5
1263000 1229.0
1263010 1227.4
1263020 1227.4
1263030 1226.1
1263040 1224.8
1263050 1224.8
1263060 1224.4
1263070 1222.7
1263080 1222.7
1263090 1221.0
1263100 1219.5
1263110 1219.5
1263120 1217.4
1263130 1215.2
1263140 1219.6
1263150 1216.2
1263160 1212.7
1263170 1212.7
1263180 1210.1
1263190 1207.6
1263200 1205.5
1263210 1205.5
1263220 1202.9
1263230 1201.5
1263240 1201.5
1263250 1201.2
1263260 1201.7
1263270 1201.7
1263280 1201.5
1263290 1200.3
1263300 1200.3
1263310 1198.0
1263320 1198.0
1263330 1198.0
1263340 1197.4
1263350 1195.7
1263360 1195.7
1263370 1193.1
1263380 1190.1
1263390 1190.1
1263400 1187.3
1263410 1185.3
1263420 1185.3
1263430 1183.2
1263440 1183.3
1263450 1184.1
1263460 1184.1
1263470 1184.1
1263480 1184.3
1263490 1184.3
1263500 1184.3
1263510 1183.7
1263520 1183.7
1263530 1183.6
1263540 1183.9
1263550 1183.9
1263560 1183.6
1263570 1183.4
1263580 1183.4
1263590 1183.0
1263600 1181.5
1263610 1181.5
1263620 1179.5
1263630 1178.3
1263640 1178.3
1263650 1177.8
1263660 1176.7
1263670 1176.7
1263680 1176.3
1263690 1175.1
1263700 1174.6
1263710 1180.4
1263720 1179.4
1263730 1178.4
1263740 1178.4
1263750 1177.7
1263760 1177.5
1263770 1177.5
1263780 1176.9
1263790 1176.0
1263800 1176.0
1263810 1175.0
1263820 1173.9
1263830 1173.9
1263840 1172.4
1263850 1170.9
1263860 1170.9
1263870 1170.2
1263880 1171.0
1263890 1171.0
1263900 1171.8
1263910 1171.5
1263920 1171.5
1263930 1169.9
1263940 1168.3
1263950 1166.1
1263960 1166.1
1263970 1163.1
1263980 1161.1
1263990 1161.1
1264000 1159.2
1264010 1157.5
1264020 1157.5
1264030 1155.4
1264040 1153.2
1264050 1153.2
1264060 1151.5
1264070 1150.5
1264080 1150.5
1264090 1149.0
1264100 1146.3
1264110 1146.3
1264120 1144.0
1264130 1141.7
1264140 1141.7
1264150 1139.7
1264160 1137.7
1264170 1137.7
1264180 1135.3
1264190 1133.1
1264200 1130.8
1264210 1130.8
1264220 1128.3
1264230 1126.2
1264240 1126.2
1264250 1123.9
1264260 1121.4
1264270 1121.4
1264280 1119.3
1264290 1120.7
1264300 1120.7
1264310 1117.1
1264320 1114.5
1264330 1114.5
1264340 1113.2
1264350 1111.3
1264360 1111.3
1264370 1108.9
1264380 1106.5
1264390 1106.5
1264400 1104.2
1264410 1102.0
1264420 1102.0
1264430 1099.9
1264440 1097.9
1264450 1095.8
1264460 1095.8
1264470 1094.2
1264480 1093.1
1264490 1093.1
1264500 1091.3
1264510 1089.1
1264520 1089.1
1264530 1086.8
1264540 1084.1
1264550 1084.1
1264560 1081.4
1264570 1078.8
1264580 1078.8
1264590 1076.1
1264600 1074.0
1264610 1074.0
1264620 1072.0
1264630 1069.6
1264640 1069.6
1264650 1067.3
1264660 1065.6
1264670 1065.6
1264680 1063.5
1264690 1061.3
1264700 1059.1
1264710 1059.1
1264720 1056.3
1264730 1054.7
1264740 1054.7
1264750 1053.0
1264760 1051.5
1264770 1051.5
1264780 1049.6
1264790 1047.8
1264800 1047.8
1264810 1045.2
1264820 1042.9
1264830 1042.9
1264840 1040.9
1264850 1039.0
1264860 1039.0
1264870 1038.3
1264880 1035.7
1264890 1035.7
1264900 1033.7
1264910 1031.4
1264920 1031.4
1264930 1028.4
1264940 1025.9
1264950 1023.9
1264960 1023.9
1264970 1021.9
1264980 1020.0
1264990 1020.0
1265000 1018.0
1265010 1015.5
1265020 1015.5
1265030 1013.0
1265040 1011.0
1265050 1011.0
1265060 1008.9
1265070 1006.3
1265080 1006.3
1265090 1004.0
1265100 1002.1
1265110 1002.1
1265120 1000.3
1265130 998.5
1265140 998.5
1265150 996.3
1265160 993.8
1265170 993.8
1265180 991.2
1265190 988.9
1265200 988.9
1265210 986.5
1265220 984.8
1265230 982.0
1265240 982.0
1265250 979.3
1265260 977.4
1265270 977.4
1265280 975.4
1265290 973.1
1265300 973.1
1265310 971.6
1265320 970.8
1265330 970.8
1265340 969.8
1265350 968.5
1265360 968.5
1265370 966.8
1265380 965.0
1265390 965.0
1265400 963.0
1265410 960.8
1265420 960.8
1265430 957.7
1265440 955.5
1265450 957.0
1265460 955.4
1265470 953.5
1265480 951.7
1265490 951.7
1265500 951.6
1265510 952.0
1265520 952.0
1265530 951.3
1265540 947.5
1265550 947.5
1265560 945.0
1265570 945.0
1265580 945.0
1265590 943.5
1265600 938.7
1265610 938.7
1265620 935.2
1265630 932.7
1265640 932.7
1265650 931.3
1265660 930.3
1265670 930.3
1265680 929.5
1265690 927.3
1265700 927.3
1265710 923.7
1265720 921.4
1265730 918.2
1265740 918.2
1265750 912.8
1265760 903.4
1265770 903.4
1265780 896.6
1265790 890.6
1265800 890.6
1265810 883.6
1265820 876.0
1265830 876.0
1265840 870.1
1265850 866.1
1265860 866.1
1265870 863.0
1265880 860.8
1265890 860.8
1265900 859.0
1265910 857.4
1265920 857.4
1265930 856.2
1265940 854.9
1265950 854.9
1265960 853.8
1265970 852.7
1265980 851.6
1265990 851.6
1266000 850.5
1266010 849.6
1266020 849.6
1266030 853.6
1266040 852.8
1266050 852.8
1266060 852.6
1266070 853.6
1266080 853.6
1266090 855.6
1266100 858.5
1266110 858.5
1266120 862.7
1266130 866.9
1266140 866.9
1266150 870.3
1266160 874.6
1266170 874.6
1266180 879.4
1266190 884.8
1266200 884.8
1266210 888.9
1266220 888.5
1266230 887.3
1266240 887.3
1266250 886.1
1266260 885.1
1266270 885.1
1266280 884.1
1266290 883.2
1266300 883.2
1266310 882.4
1266320 881.4
1266330 881.4
1266340 880.4
1266350 879.5
1266360 879.5
1266370 878.8
1266380 878.1
1266390 878.1
1266400 877.2
1266410 876.4
1266420 876.4
1266430 875.9
1266440 875.5
1266450 875.5
1266460 875.2
1266470 874.7
1266480 873.2
1266490 873.2
1266500 872.0
1266510 871.4
1266520 871.4
1266530 871.0
1266540 870.6
1266550 870.6
1266560 870.3
1266570 869.9
1266580 869.9
1266590 869.5
1266600 869.2
1266610 869.9
1266620 868.6
1266630 867.8
1266640 867.8
1266650 867.3
1266660 866.8
1266670 866.8
1266680 866.4
1266690 865.6
1266700 865.6
1266710 864.6
1266720 863.9
1266730 863.3
1266740 863.3
1266750 862.7
1266760 862.0
1266770 862.0
1266780 861.4
1266790 860.9
1266800 860.9
1266810 860.1
1266820 858.9
1266830 858.9
1266840 858.0
1266850 857.2
1266860 857.2
1266870 856.6
1266880 856.2
1266890 856.2
1266900 855.2
1266910 854.2
1266920 854.2
1266930 853.8
1266940 853.4
1266950 853.4
1266960 852.4
1266970 851.4
1266980 851.1
1266990 851.1
1267000 850.6
1267010 850.3
1267020 850.3
1267030 850.1
1267040 849.9
1267050 849.9
1267060 849.8
1267070 849.8
1267080 849.8
1267090 849.3
1267100 848.8
1267110 848.8
1267120 848.4
1267130 848.3
1267140 848.3
1267150 848.3
1267160 848.1
1267170 848.1
1267180 847.8
1267190 847.3
1267200 846.3
1267210 844.1
1267220 842.2
1267230 838.2
1267240 838.2
1267250 833.2
1267260 832.1
1267270 832.1
1267280 831.4
1267290 827.3
1267300 827.3
1267310 823.2
1267320 819.2
1267330 819.2
1267340 814.6
1267350 809.7
1267360 809.7
1267370 804.6
1267380 799.8
1267390 799.8
1267400 795.6
1267410 791.2
1267420 791.2
1267430 785.3
1267440 778.3
1267450 778.3
1267460 771.1
1267470 764.6
1267480 758.5
1267490 758.5
1267500 753.5
1267510 749.2
1267520 749.2
1267530 744.3
1267540 739.0
1267550 739.0
1267560 736.7
1267570 732.4
1267580 732.4
1267590 727.6
1267600 722.8
1267610 722.8
1267620 717.2
1267630 712.5
1267640 712.5
1267650 715.0
1267660 718.3
1267670 718.3
1267680 717.3
1267690 716.9
1267700 716.9
1267710 716.9
1267720 716.7
1267730 713.2
1267740 713.2
1267750 703.8
1267760 693.2
1267770 693.2
1267780 683.5
1267790 675.8
1267800 675.8
1267810 668.2
1267820 660.9
1267830 660.9
1267840 650.8
1267850 645.8
1267860 645.8
1267870 645.6
1267880 647.2
1267890 647.2
1267900 653.5
1267910 662.9
1267920 662.9
1267930 672.8
1267940 679.0
1267950 679.0
1267960 681.3
1267970 682.9
1267980 685.6
1267990 685.6
1268000 688.0
1268010 691.6
1268020 691.6
1268030 698.3
1268040 706.8
1268050 706.8
1268060 714.5
1268070 720.6
1268080 720.6
1268090 725.4
1268100 728.8
1268110 728.8
1268120 729.7
1268130 731.2
1268140 731.2
1268150 733.8
1268160 737.1
1268170 737.1
1268180 742.6
1268190 749.7
1268200 749.7
1268210 757.1
1268220 760.3
1268230 760.3
1268240 760.3
1268250 760.3
1268260 760.9
1268270 760.9
1268280 761.5
1268290 761.9
1268300 761.9
1268310 762.4
1268320 763.2
1268330 763.2
1268340 764.7
1268350 768.0
1268360 768.0
1268370 768.7
1268380 773.8
1268390 773.8
1268400 779.4
1268410 785.5
1268420 785.5
1268430 790.7
1268440 795.2
1268450 795.2
1268460 800.6
1268470 804.4
1268480 807.7
1268490 807.7
1268500 811.6
1268510 815.4
1268520 815.4
1268530 819.3
1268540 822.9
1268550 822.9
1268560 827.2
1268570 831.8
1268580 831.8
1268590 836.5
1268600 839.8
1268610 839.8
1268620 840.5
1268630 841.4
1268640 841.4
1268650 842.4
1268660 844.0
1268670 844.0
1268680 846.6
1268690 850.8
1268700 850.8
1268710 852.4
1268720 850.0
1268730 848.7
1268740 848.7
1268750 849.4
1268760 850.9
1268770 850.9
1268780 852.9
1268790 855.4
1268800 855.4
1268810 857.4
1268820 859.4
1268830 859.4
1268840 861.8
1268850 864.9
1268860 864.9
1268870 867.1
1268880 867.9
1268890 867.9
1268900 865.1
1268910 858.4
1268920 858.4
1268930 850.8
1268940 843.1
1268950 843.1
1268960 836.5
1268970 827.6
1268980 819.0
1268990 819.0
1269000 811.5
1269010 805.2
1269020 805.2
1269030 799.4
1269040 794.0
1269050 794.0
1269060 789.1
1269070 784.8
1269080 784.8
1269090 779.7
1269100 777.0
1269110 777.0
1269120 777.8
1269130 778.3
1269140 778.3
1269150 779.8
1269160 781.2
1269170 781.2
1269180 782.5
1269190 783.5
1269200 783.5
1269210 783.8
1269220 783.5
1269230 783.3
1269240 783.3
1269250 783.9
1269260 783.7
1269270 783.7
1269280 783.1
1269290 782.3
1269300 782.3
1269310 780.5
1269320 778.0
1269330 778.0
1269340 776.0
1269350 774.7
1269360 774.7
1269370 778.8
1269380 787.4
1269390 787.4
1269400 795.0
1269410 802.9
1269420 802.9
1269430 811.5
1269440 820.8
1269450 820.8
1269460 829.5
1269470 836.7
1269480 841.6
1269490 841.6
1269500 848.9
1269510 856.6
1269520 856.6
1269530 859.4
1269540 861.6
1269550 862.4
1269560 864.6
1269570 864.9
1269580 864.9
1269590 865.7
1269600 868.6
1269610 868.6
1269620 876.6
1269630 886.8
1269640 886.8
1269650 893.3
1269660 894.3
1269670 894.3
1269680 894.7
1269690 895.3
1269700 895.3
1269710 897.3
1269720 901.4
1269730 904.5
1269740 904.5
1269750 908.3
1269760 911.6
1269770 911.6
1269780 908.2
1269790 907.7
1269800 907.7
1269810 909.3
1269820 911.6
1269830 911.6
1269840 913.5
1269850 915.4
1269860 915.4
1269870 917.3
1269880 921.5
1269890 921.5
1269900 925.7
1269910 927.1
1269920 927.1
1269930 927.9
1269940 928.9
1269950 928.9
1269960 930.6
1269970 932.4
1269980 934.2
1269990 934.2
1270000 935.5
1270010 937.2
1270020 937.2
1270030 939.8
1270040 943.4
1270050 943.4
1270060 947.0
1270070 947.9
1270080 947.9
1270090 947.5
1270100 946.9
1270110 946.9
1270120 946.3
1270130 945.7
1270140 947.6
1270150 946.5
1270160 946.0
1270170 946.0
1270180 946.0
1270190 946.4
1270200 946.4
1270210 946.9
1270220 947.2
1270230 947.4
1270240 947.4
1270250 947.8
1270260 948.7
1270270 948.7
1270280 950.1
1270290 951.4
1270300 951.4
1270310 953.1
1270320 955.5
1270330 955.5
1270340 957.2
1270350 957.8
1270360 957.8
1270370 958.1
1270380 958.7
1270390 958.7
1270400 959.4
1270410 960.2
1270420 960.2
1270430 961.6
1270440 963.9
1270450 963.9
1270460 965.4
1270470 967.1
1270480 970.0
1270490 970.0
1270500 973.7
1270510 976.3
1270520 976.3
1270530 977.5
1270540 978.5
1270550 978.5
1270560 979.2
1270570 980.2
1270580 980.2
1270590 981.0
1270600 981.4
1270610 981.4
1270620 981.5
1270630 981.7
1270640 981.7
1270650 982.1
1270660 982.5
1270670 982.5
1270680 983.1
1270690 983.7
1270700 983.7
1270710 984.3
1270720 984.6
1270730 985.4
1270740 985.4
1270750 985.6
1270760 985.5
1270770 985.5
1270780 985.7
1270790 985.9
1270800 985.9
1270810 986.1
1270820 986.3
1270830 986.3
1270840 986.8
1270850 987.3
1270860 987.3
1270870 987.7
1270880 988.4
1270890 988.4
1270900 989.4
1270910 990.2
1270920 990.2
1270930 990.8
1270940 991.7
1270950 991.7
1270960 992.9
1270970 994.4
1270980 995.7
1270990 995.7
1271000 996.6
1271010 996.8
1271020 996.8
1271030 996.6
1271040 996.4
1271050 996.4
1271060 996.8
1271070 997.3
1271080 997.3
1271090 997.4
1271100 996.7
1271110 996.7
1271120 996.2
1271130 996.1
1271140 996.1
1271150 996.3
1271160 996.4
1271170 996.4
1271180 996.6
1271190 996.8
1271200 996.8
1271210 996.9
1271220 997.1
1271230 997.5
1271240 997.5
1271250 997.8
1271260 998.1
1271270 998.1
1271280 998.5
1271290 998.7
1271300 998.7
1271310 999.0
1271320 999.1
1271330 999.5
1271340 999.8
1271350 1000.3
1271360 1000.3
1271370 1000.8
1271380 1001.3
1271390 1001.3
1271400 1001.7
1271410 1002.4
1271420 1002.4
1271430 1003.1
1271440 1003.2
1271450 1003.2
1271460 1003.1
1271470 1003.4
1271480 1003.9
1271490 1003.9
1271500 1004.2
1271510 1004.6
1271520 1004.6
1271530 1005.0
1271540 1005.6
1271550 1005.6
1271560 1006.2
1271570 1006.4
1271580 1006.4
1271590 1006.7
1271600 1007.1
1271610 1007.1
1271620 1007.0
1271630 1007.1
1271640 1007.1
1271650 1008.4
1271660 1008.2
1271670 1008.2
1271680 1008.2
1271690 1008.6
1271700 1008.6
1271710 1008.8
1271720 1008.9
1271730 1009.2
1271740 1009.2
1271750 1009.7
1271760 1010.3
1271770 1010.3
1271780 1010.3
1271790 1010.4
1271800 1010.4
1271810 1011.1
1271820 1011.9
1271830 1011.9
1271840 1012.1
1271850 1012.0
1271860 1012.0
1271870 1012.1
1271880 1012.5
1271890 1012.5
1271900 1013.0
1271910 1013.5
1271920 1013.5
1271930 1015.5
1271940 1016.7
1271950 1016.7
1271960 1018.2
1271970 1018.9
1271980 1019.2
1271990 1019.2
1272000 1020.2
1272010 1021.0
1272020 1021.0
1272030 1021.9
1272040 1023.1
1272050 1023.1
1272060 1023.7
1272070 1024.4
1272080 1024.4
1272090 1025.0
1272100 1024.4
1272110 1024.4
1272120 1023.9
1272130 1026.6
1272140 1026.6
1272150 1027.8
1272160 1028.4
1272170 1028.4
1272180 1029.7
1272190 1029.1
1272200 1029.1
1272210 1028.4
1272220 1027.9
1272230 1028.8
1272240 1028.8
1272250 1031.0
1272260 1032.4
1272270 1032.4
1272280 1033.4
1272290 1034.5
1272300 1034.5
1272310 1035.2
1272320 1034.9
1272330 1034.9
1272340 1034.9
1272350 1035.5
1272360 1035.5
1272370 1037.1
1272380 1039.5
1272390 1039.5
1272400 1040.5
1272410 1042.0
1272420 1042.0
1272430 1044.5
1272440 1044.3
1272450 1044.3
1272460 1042.4
1272470 1042.2
1272480 1041.9
1272490 1041.9
1272500 1042.0
1272510 1045.2
1272520 1045.2
1272530 1052.9
1272540 1055.6
1272550 1055.6
1272560 1057.0
1272570 1059.1
1272580 1059.1
1272590 1061.1
1272600 1062.4
1272610 1062.4
1272620 1063.6
1272630 1064.7
1272640 1064.7
1272650 1065.9
1272660 1066.7
1272670 1066.7
1272680 1067.3
1272690 1068.4
1272700 1068.4
1272710 1068.6
1272720 1068.4
1272730 1068.7
1272740 1068.7
1272750 1069.8
1272760 1072.2
1272770 1072.2
1272780 1074.0
1272790 1076.0
1272800 1076.0
1272810 1078.5
1272820 1079.3
1272830 1079.3
1272840 1079.0
1272850 1078.1
1272860 1078.1
1272870 1077.4
1272880 1077.9
1272890 1077.9
1272900 1079.8
1272910 1083.5
1272920 1083.5
1272930 1088.9
1272940 1091.1
1272950 1091.1
1272960 1091.4
1272970 1091.7
1272980 1092.4
1272990 1092.4
1273000 1093.2
1273010 1093.8
1273020 1093.8
1273030 1094.5
1273040 1097.1
1273050 1097.1
1273060 1100.8
1273070 1103.4
1273080 1103.4
1273090 1105.0
1273100 1107.1
1273110 1107.1
1273120 1110.1
1273130 1117.1
1273140 1117.1
1273150 1120.4
1273160 1123.4
1273170 1123.4
1273180 1125.6
1273190 1126.3
1273200 1126.3
1273210 1126.8
1273220 1127.5
1273230 1128.4
1273240 1128.4
1273250 1129.9
1273260 1131.7
1273270 1131.7
1273280 1133.4
1273290 1132.6
1273300 1132.6
1273310 1131.1
1273320 1130.5
1273330 1130.5
1273340 1131.4
1273350 1133.4
1273360 1133.4
1273370 1135.8
1273380 1137.6
1273390 1137.6
1273400 1140.0
1273410 1143.7
1273420 1143.7
1273430 1146.2
1273440 1148.1
1273450 1148.1
1273460 1151.5
1273470 1156.9
1273480 1163.2
1273490 1163.2
1273500 1170.7
1273510 1177.8
1273520 1177.8
1273530 1183.3
1273540 1187.3
1273550 1187.3
1273560 1190.0
1273570 1192.7
1273580 1192.7
1273590 1195.9
1273600 1199.1
1273610 1199.1
1273620 1201.3
1273630 1202.8
1273640 1202.8
1273650 1203.7
1273660 1203.4
1273670 1203.4
1273680 1202.4
1273690 1200.5
1273700 1200.5
1273710 1198.8
1273720 1195.9
1273730 1197.4
1273740 1197.4
1273750 1195.1
1273760 1196.2
1273770 1196.2
1273780 1198.1
1273790 1200.5
1273800 1200.5
1273810 1205.2
1273820 1208.8
1273830 1208.8
1273840 1211.5
1273850 1214.7
1273860 1214.7
1273870 1217.7
1273880 1220.0
1273890 1220.0
1273900 1221.6
1273910 1224.9
1273920 1224.9
1273930 1227.5
1273940 1229.3
1273950 1229.3
1273960 1230.2
1273970 1229.1
1273980 1228.0
1273990 1228.0
1274000 1230.2
1274010 1232.5
1274020 1232.5
1274030 1235.3
1274040 1237.3
1274050 1237.3
1274060 1237.9
1274070 1239.4
1274080 1239.4
1274090 1241.2
1274100 1242.0
1274110 1242.0
1274120 1241.3
1274130 1239.5
1274140 1239.5
1274150 1234.2
1274160 1228.8
1274170 1228.8
1274180 1232.1
1274190 1235.5
1274200 1235.5
1274210 1240.4
1274220 1245.6
1274230 1252.9
1274240 1252.9
1274250 1261.2
1274260 1269.2
1274270 1269.2
1274280 1277.3
1274290 1285.1
1274300 1285.1
1274310 1293.1
1274320 1299.6
1274330 1301.5
1274340 1306.8
1274350 1313.8
1274360 1313.8
1274370 1319.9
1274380 1325.1
1274390 1325.1
1274400 1329.7
1274410 1332.9
1274420 1332.9
1274430 1333.5
1274440 1336.4
1274450 1336.4
1274460 1342.6
1274470 1348.6
1274480 1354.1
1274490 1354.1
1274500 1359.6
1274510 1363.6
1274520 1363.6
1274530 1367.2
1274540 1370.2
1274550 1370.2
1274560 1372.2
1274570 1374.8
1274580 1374.8
1274590 1378.0
1274600 1380.6
1274610 1380.6
1274620 1382.6
1274630 1385.6
1274640 1385.6
1274650 1389.5
1274660 1395.1
1274670 1395.1
1274680 1401.2
1274690 1407.2
1274700 1407.2
1274710 1412.5
1274720 1417.9
1274730 1422.4
1274740 1422.4
1274750 1426.2
1274760 1428.9
1274770 1428.9
1274780 1431.1
1274790 1432.7
1274800 1432.7
1274810 1434.8
1274820 1438.0
1274830 1438.0
1274840 1441.6
1274850 1445.9
1274860 1445.9
1274870 1450.2
1274880 1454.2
1274890 1454.2
1274900 1459.1
1274910 1463.2
1274920 1463.2
1274930 1466.7
1274940 1475.4
1274950 1475.4
1274960 1478.6
1274970 1481.3
1274980 1484.7
1274990 1484.7
1275000 1489.1
1275010 1492.1
1275020 1492.1
1275030 1494.6
1275040 1499.1
1275050 1499.1
1275060 1503.9
1275070 1508.4
1275080 1508.4
1275090 1513.5
1275100 1515.5
1275110 1515.5
1275120 1517.5
1275130 1519.9
1275140 1519.9
1275150 1521.4
1275160 1523.2
1275170 1523.2
1275180 1525.8
1275190 1530.4
1275200 1530.4
1275210 1533.4
1275220 1534.2
1275230 1535.2
1275240 1535.2
1275250 1537.3
1275260 1539.9
1275270 1539.9
1275280 1543.2
1275290 1547.0
1275300 1547.0
1275310 1548.6
1275320 1549.6
1275330 1549.6
1275340 1550.3
1275350 1551.5
1275360 1551.5
1275370 1552.3
1275380 1552.3
1275390 1552.3
1275400 1551.5
1275410 1551.2
1275420 1551.2
1275430 1551.5
1275440 1551.7
1275450 1551.7
1275460 1550.6
1275470 1550.9
1275480 1550.9
1275490 1552.4
1275500 1552.9
1275510 1553.1
1275520 1553.1
1275530 1553.2
1275540 1553.2
1275550 1559.4
1275560 1558.8
1275570 1558.9
1275580 1558.9
1275590 1559.6
1275600 1559.5
1275610 1559.5
1275620 1559.4
1275630 1559.6
1275640 1559.6
1275650 1561.2
1275660 1562.9
1275670 1562.9
1275680 1563.8
1275690 1563.0
1275700 1563.0
1275710 1561.5
1275720 1559.5
1275730 1559.5
1275740 1560.4
1275750 1563.8
1275760 1566.9
1275770 1566.9
1275780 1569.4
1275790 1570.6
1275800 1570.6
1275810 1572.9
1275820 1575.6
1275830 1575.6
1275840 1578.4
1275850 1580.7
1275860 1580.7
1275870 1581.9
1275880 1581.3
1275890 1581.3
1275900 1581.3
1275910 1584.4
1275920 1584.4
1275930 1587.4
1275940 1587.2
1275950 1587.2
1275960 1587.9
1275970 1589.3
1275980 1589.3
1275990 1591.0
1276000 1592.9
1276010 1594.9
1276020 1594.9
1276030 1596.2
1276040 1596.8
1276050 1596.8
1276060 1596.8
1276070 1596.5
1276080 1596.5
1276090 1596.1
1276100 1595.9
1276110 1595.9
1276120 1596.5
1276130 1596.7
1276140 1596.7
1276150 1595.7
1276160 1600.3
1276170 1600.3
1276180 1601.4
1276190 1604.0
1276200 1604.0
1276210 1607.2
1276220 1609.7
1276230 1609.7
1276240 1611.4
1276250 1612.5
1276260 1613.2
1276270 1613.2
1276280 1614.0
1276290 1613.6
1276300 1613.6
1276310 1611.3
1276320 1609.3
1276330 1609.3
1276340 1608.8
1276350 1609.6
1276360 1609.6
1276370 1610.3
1276380 1610.8
1276390 1610.8
1276400 1610.6
1276410 1608.9
1276420 1608.9
1276430 1608.9
1276440 1610.2
1276450 1610.2
1276460 1612.4
1276470 1614.2
1276480 1614.2
1276490 1616.3
1276500 1618.7
1276510 1620.2
1276520 1620.2
1276530 1621.8
1276540 1623.6
1276550 1623.6
1276560 1625.8
1276570 1627.0
1276580 1627.0
1276590 1627.7
1276600 1629.4
1276610 1629.4
1276620 1632.8
1276630 1634.0
1276640 1634.0
1276650 1636.9
1276660 1641.0
1276670 1641.0
1276680 1643.8
1276690 1645.1
1276700 1645.1
1276710 1645.9
1276720 1647.0
1276730 1647.0
1276740 1648.5
1276750 1651.3
1276760 1654.2
1276770 1659.1
1276780 1662.0
1276790 1666.2
1276800 1666.2
1276810 1671.1
1276820 1675.8
1276830 1675.8
1276840 1681.1
1276850 1685.9
1276860 1685.9
1276870 1690.0
1276880 1693.3
1276890 1693.3
1276900 1696.7
1276910 1700.2
1276920 1700.2
1276930 1703.6
1276940 1707.7
1276950 1707.7
1276960 1711.5
1276970 1716.3
1276980 1716.3
1276990 1721.2
1277000 1725.3
1277010 1729.8
1277020 1729.8
1277030 1733.0
1277040 1733.8
1277050 1733.8
1277060 1733.7
1277070 1734.7
1277080 1734.7
1277090 1736.0
1277100 1737.6
1277110 1737.6
1277120 1738.1
1277130 1737.8
1277140 1737.8
1277150 1738.0
1277160 1738.2
1277170 1738.2
1277180 1738.5
1277190 1737.5
1277200 1737.5
1277210 1737.5
1277220 1740.5
1277230 1740.5
1277240 1743.9
1277250 1747.1
1277260 1751.0
1277270 1751.0
1277280 1754.6
1277290 1757.8
1277300 1757.8
1277310 1760.2
1277320 1762.3
1277330 1762.3
1277340 1764.7
1277350 1765.9
1277360 1765.9
1277370 1764.7
1277380 1766.4
1277390 1766.4
1277400 1763.8
1277410 1762.0
1277420 1762.0
1277430 1760.8
1277440 1760.0
1277450 1760.0
1277460 1759.8
1277470 1759.9
1277480 1759.9
1277490 1759.1
1277500 1758.3
1277510 1758.3
1277520 1758.3
1277530 1757.7
1277540 1757.5
1277550 1757.5
1277560 1758.0
1277570 1758.0
1277580 1758.0
1277590 1757.7
1277600 1758.0
1277610 1758.0
1277620 1757.7
1277630 1755.8
1277640 1755.8
1277650 1754.1
1277660 1752.9
1277670 1752.9
1277680 1752.4
1277690 1751.2
1277700 1751.2
1277710 1749.0
1277720 1746.4
1277730 1746.4
1277740 1744.6
1277750 1743.6
1277760 1743.2
1277770 1743.2
1277780 1744.7
1277790 1746.9
1277800 1746.9
1277810 1749.2
1277820 1751.4
1277830 1751.4
1277840 1753.5
1277850 1756.2
1277860 1756.2
1277870 1759.1
1277880 1761.5
1277890 1761.5
1277900 1763.9
1277910 1766.9
1277920 1766.9
1277930 1770.8
1277940 1773.8
1277950 1773.8
1277960 1773.1
1277970 1769.8
1277980 1769.8
1277990 1770.8
1278000 1766.7
1278010 1764.0
1278020 1764.0
1278030 1764.0
1278040 1765.1
1278050 1765.1
1278060 1765.5
1278070 1765.5
1278080 1765.5
1278090 1765.7
1278100 1766.3
1278110 1766.3
1278120 1767.4
1278130 1769.2
1278140 1769.2
1278150 1771.1
1278160 1772.1
1278170 1772.1
1278180 1772.3
1278190 1773.1
1278200 1773.1
1278210 1771.7
1278220 1772.3
1278230 1772.3
1278240 1773.2
1278250 1771.9
1278260 1770.4
1278270 1770.4
1278280 1770.5
1278290 1770.1
1278300 1770.1
1278310 1769.3
1278320 1768.5
1278330 1768.5
1278340 1768.1
1278350 1768.5
1278360 1768.5
1278370 1769.5
1278380 1771.6
1278390 1771.6
1278400 1776.9
1278410 1782.5
1278420 1782.5
1278430 1787.3
1278440 1792.0
1278450 1792.0
1278460 1795.9
1278470 1799.7
1278480 1799.7
1278490 1803.8
1278500 1809.2
1278510 1814.3
1278520 1814.3
1278530 1819.1
1278540 1822.4
1278550 1822.4
1278560 1824.1
1278570 1826.4
1278580 1826.4
1278590 1829.0
1278600 1831.5
1278610 1834.6
1278620 1837.5
1278630 1840.7
1278640 1840.7
1278650 1844.1
1278660 1847.1
1278670 1847.1
1278680 1849.4
1278690 1850.7
1278700 1850.7
1278710 1853.4
1278720 1856.9
1278730 1856.9
1278740 1860.3
1278750 1863.6
1278760 1866.2
1278770 1866.2
1278780 1867.4
1278790 1867.7
1278800 1867.7
1278810 1867.9
1278820 1867.6
1278830 1867.6
1278840 1867.9
1278850 1868.6
1278860 1868.6
1278870 1869.9
1278880 1873.2
1278890 1873.2
1278900 1876.9
1278910 1880.3
1278920 1880.3
1278930 1883.0
1278940 1885.7
1278950 1885.7
1278960 1886.5
1278970 1883.5
1278980 1883.5
1278990 1879.4
1279000 1875.8
1279010 1873.5
1279020 1873.5
1279030 1876.0
1279040 1879.7
1279050 1879.7
1279060 1882.4
1279070 1884.6
1279080 1884.6
1279090 1885.2
1279100 1885.5
1279110 1885.5
1279120 1886.5
1279130 1888.6
1279140 1888.6
1279150 1890.1
1279160 1891.3
1279170 1891.3
1279180 1892.0
1279190 1892.5
1279200 1892.5
1279210 1893.5
1279220 1894.8
1279230 1899.4
1279240 1900.4
1279250 1899.8
1279260 1899.4
1279270 1899.4
1279280 1898.2
1279290 1897.7
1279300 1897.7
1279310 1895.8
1279320 1895.5
1279330 1895.5
1279340 1897.6
1279350 1899.3
1279360 1899.3
1279370 1903.1
1279380 1907.2
1279390 1907.2
1279400 1910.1
1279410 1910.1
1279420 1910.1
1279430 1909.3
1279440 1909.1
1279450 1909.1
1279460 1911.1
1279470 1914.9
1279480 1914.9
1279490 1916.3
1279500 1916.9
1279510 1919.7
1279520 1919.7
1279530 1922.5
1279540 1924.5
1279550 1924.5
1279560 1925.3
1279570 1925.2
1279580 1925.2
1279590 1926.8
1279600 1928.4
1279610 1928.4
1279620 1928.5
1279630 1929.8
1279640 1929.8
1279650 1932.2
1279660 1933.4
1279670 1933.4
1279680 1934.5
1279690 1937.4
1279700 1937.4
1279710 1939.8
1279720 1940.3
1279730 1940.3
1279740 1941.6
1279750 1944.0
1279760 1947.1
1279770 1947.1
1279780 1951.1
1279790 1954.4
1279800 1954.4
1279810 1955.4
1279820 1957.2
1279830 1957.2
1279840 1958.7
1279850 1959.7
1279860 1959.7
1279870 1961.4
1279880 1962.8
1279890 1962.8
1279900 1962.8
1279910 1955.5
1279920 1955.5
1279930 1946.6
1279940 1940.2
1279950 1940.2
1279960 1934.7
1279970 1930.1
1279980 1930.1
1279990 1927.5
