1260000 851.2
1260010 850.9
1260020 850.9
1260030 850.6
1260040 850.1
1260050 850.1
1260060 849.4
1260070 848.7
1260080 848.7
1260090 848.0
1260100 847.4
1260110 847.4
1260120 846.7
1260130 846.2
1260140 846.2
1260150 845.6
1260160 845.1
1260170 844.6
1260180 844.6
1260190 844.2
1260200 843.5
1260210 843.5
1260220 842.8
1260230 842.2
1260240 842.2
1260250 841.8
1260260 841.3
1260270 841.3
1260280 840.6
1260290 840.2
1260300 840.2
1260310 840.0
1260320 839.7
1260330 839.7
1260340 839.4
1260350 839.1
1260360 839.1
1260370 838.7
1260380 838.4
1260390 838.4
1260400 838.0
1260410 837.6
1260420 837.4
1260430 837.4
1260440 837.1
1260450 836.9
1260460 836.9
1260470 837.0
1260480 837.2
1260490 837.2
1260500 836.7
1260510 836.3
1260520 836.3
1260530 835.9
1260540 835.7
1260550 835.7
1260560 835.5
1260570 835.0
1260580 835.0
1260590 834.5
1260600 834.1
1260610 834.1
1260620 833.7
1260630 833.3
1260640 833.3
1260650 833.0
1260660 832.9
1260670 833.0
1260680 833.0
1260690 832.8
1260700 832.3
1260710 832.3
1260720 832.0
1260730 831.7
1260740 831.7
1260750 831.5
1260760 831.2
1260770 831.2
1260780 831.2
1260790 831.1
1260800 831.1
1260810 831.1
1260820 831.2
1260830 831.2
1260840 831.1
1260850 831.1
1260860 831.1
1260870 831.1
1260880 831.3
1260890 831.3
1260900 831.3
1260910 831.0
1260920 831.0
1260930 830.7
1260940 830.4
1260950 830.2
1260960 830.2
1260970 830.1
1260980 830.1
1260990 830.1
1261000 830.0
1261010 829.3
1261020 829.3
1261030 828.8
1261040 828.5
1261050 828.5
1261060 828.3
1261070 828.1
1261080 828.1
1261090 827.9
1261100 827.6
1261110 827.6
1261120 827.1
1261130 826.4
1261140 826.4
1261150 825.2
1261160 823.9
1261170 823.9
1261180 823.1
1261190 822.4
1261200 821.9
1261210 821.9
1261220 821.4
1261230 821.2
1261240 821.2
1261250 821.0
1261260 820.8
1261270 820.8
1261280 820.8
1261290 820.8
1261300 820.8
1261310 820.6
1261320 820.4
1261330 820.9
1261340 820.6
1261350 820.4
1261360 820.4
1261370 820.2
1261380 820.0
1261390 820.0
1261400 819.7
1261410 819.3
1261420 819.3
1261430 819.1
1261440 818.8
1261450 818.4
1261460 818.4
1261470 818.1
1261480 817.9
1261490 817.9
1261500 817.8
1261510 817.8
1261520 817.8
1261530 818.0
1261540 818.2
1261550 818.2
1261560 818.2
1261570 818.1
1261580 818.1
1261590 818.0
1261600 818.2
1261610 818.2
1261620 818.2
1261630 817.5
1261640 817.5
1261650 817.4
1261660 817.4
1261670 817.4
1261680 817.1
1261690 816.5
1261700 815.7
1261710 815.7
1261720 815.1
1261730 814.8
1261740 814.8
1261750 814.5
1261760 814.3
1261770 814.3
1261780 814.0
1261790 813.6
1261800 813.6
1261810 813.2
1261820 812.9
1261830 812.9
1261840 812.6
1261850 810.1
1261860 810.1
1261870 801.9
1261880 794.4
1261890 794.4
1261900 790.2
1261910 788.4
1261920 788.4
1261930 789.0
1261940 788.4
1261950 788.1
1261960 788.1
1261970 788.2
1261980 788.9
1261990 788.9
1262000 789.3
1262010 792.7
1262020 792.7
1262030 798.3
1262040 801.8
1262050 801.8
1262060 803.4
1262070 804.7
1262080 804.7
1262090 806.7
1262100 809.2
1262110 809.2
1262120 811.3
1262130 812.4
1262140 812.4
1262150 812.1
1262160 811.2
1262170 811.2
1262180 809.4
1262190 806.7
1262200 804.6
1262210 804.6
1262220 803.5
1262230 803.4
1262240 803.4
1262250 803.5
1262260 804.3
1262270 804.3
1262280 805.8
1262290 808.0
1262300 808.0
1262310 810.6
1262320 813.7
1262330 813.7
1262340 817.8
1262350 822.4
1262360 822.4
1262370 827.0
1262380 829.3
1262390 829.3
1262400 830.4
1262410 831.3
1262420 831.3
1262430 832.7
1262440 834.0
1262450 834.0
1262460 834.5
1262470 836.0
1262480 837.7
1262490 837.7
1262500 840.2
1262510 841.9
1262520 841.9
1262530 842.8
1262540 843.2
1262550 843.2
1262560 843.3
1262570 843.3
1262580 843.3
1262590 843.3
1262600 843.4
1262610 843.4
1262620 843.6
1262630 844.0
1262640 844.0
1262650 844.1
1262660 844.2
1262670 844.2
1262680 844.3
1262690 844.5
1262700 844.5
1262710 844.7
1262720 844.8
1262730 844.7
1262740 844.7
1262750 844.7
1262760 844.7
1262770 844.7
1262780 844.7
1262790 844.8
1262800 844.8
1262810 845.0
1262820 845.0
1262830 845.0
1262840 844.8
1262850 844.6
1262860 844.6
1262870 844.6
1262880 844.5
1262890 844.5
1262900 844.5
1262910 844.6
1262920 844.6
1262930 844.7
1262940 844.8
1262950 844.8
1262960 845.0
1262970 845.4
1262980 846.3
1262990 846.3
1263000 847.1
1263010 847.8
1263020 847.8
1263030 848.6
1263040 849.8
1263050 849.8
1263060 850.4
1263070 850.9
1263080 850.9
1263090 851.2
1263100 851.6
1263110 851.6
1263120 852.1
1263130 852.5
1263140 852.5
1263150 853.0
1263160 853.3
1263170 853.3
1263180 853.5
1263190 853.5
1263200 853.5
1263210 853.4
1263220 853.6
1263230 853.8
1263240 853.8
1263250 853.9
1263260 854.1
1263270 854.1
1263280 854.4
1263290 854.5
1263300 854.5
1263310 854.6
1263320 854.9
1263330 854.9
1263340 855.1
1263350 855.3
1263360 855.3
1263370 855.3
1263380 855.1
1263390 855.1
1263400 855.0
1263410 854.8
1263420 854.8
1263430 854.5
1263440 854.4
1263450 854.4
1263460 854.4
1263470 854.2
1263480 854.2
1263490 854.2
1263500 854.2
1263510 854.1
1263520 854.1
1263530 854.0
1263540 853.9
1263550 853.9
1263560 853.8
1263570 853.6
1263580 853.6
1263590 853.3
1263600 853.1
1263610 853.1
1263620 853.0
1263630 852.8
1263640 852.8
1263650 852.7
1263660 852.6
1263670 852.6
1263680 852.4
1263690 852.2
1263700 852.2
1263710 852.1
1263720 851.9
1263730 851.9
1263740 851.8
1263750 851.8
1263760 851.7
1263770 851.7
1263780 851.4
1263790 851.1
1263800 851.1
1263810 850.8
1263820 850.6
1263830 850.6
1263840 850.4
1263850 850.1
1263860 850.1
1263870 849.8
1263880 849.6
1263890 849.6
1263900 849.4
1263910 849.1
1263920 849.1
1263930 848.8
1263940 848.4
1263950 848.4
1263960 847.9
1263970 847.7
1263980 847.7
1263990 847.4
1264000 847.0
1264010 846.8
1264020 846.8
1264030 846.4
1264040 845.7
1264050 845.7
1264060 844.9
1264070 844.6
1264080 844.6
1264090 844.1
1264100 843.4
1264110 843.4
1264120 842.9
1264130 842.4
1264140 842.4
1264150 841.8
1264160 842.1
1264170 842.1
1264180 842.9
1264190 844.0
1264200 845.9
1264210 847.1
1264220 847.9
1264230 847.9
1264240 848.5
1264250 849.2
1264260 849.7
1264270 849.7
1264280 850.1
1264290 850.5
1264300 850.5
1264310 850.7
1264320 850.9
1264330 850.9
1264340 851.0
1264350 851.1
1264360 851.1
1264370 851.2
1264380 851.2
1264390 851.2
1264400 851.3
1264410 851.1
1264420 851.1
1264430 851.2
1264440 851.1
1264450 851.1
1264460 850.9
1264470 850.5
1264480 850.5
1264490 850.2
1264500 850.0
1264510 849.7
1264520 849.7
1264530 849.2
1264540 848.7
1264550 848.7
1264560 847.9
1264570 847.5
1264580 847.5
1264590 846.9
1264600 846.4
1264610 846.4
1264620 846.0
1264630 845.3
1264640 845.3
1264650 844.6
1264660 844.0
1264670 844.0
1264680 843.1
1264690 842.3
1264700 842.3
1264710 841.3
1264720 838.9
1264730 838.9
1264740 834.6
1264750 829.2
1264760 825.5
1264770 826.1
1264780 823.3
1264790 820.9
1264800 820.9
1264810 818.1
1264820 817.2
1264830 817.2
1264840 820.2
1264850 822.7
1264860 822.7
1264870 825.4
1264880 828.3
1264890 828.3
1264900 829.6
1264910 829.7
1264920 829.7
1264930 830.0
1264940 830.8
1264950 830.8
1264960 831.9
1264970 833.2
1264980 833.2
1264990 834.6
1265000 835.9
1265010 837.2
1265020 837.2
1265030 838.6
1265040 839.8
1265050 839.8
1265060 840.7
1265070 841.7
1265080 841.7
1265090 842.5
1265100 843.1
1265110 843.1
1265120 843.6
1265130 844.0
1265140 844.0
1265150 844.4
1265160 844.5
1265170 844.5
1265180 844.5
1265190 844.7
1265200 844.7
1265210 845.0
1265220 845.0
1265230 845.0
1265240 845.2
1265250 845.1
1265260 845.1
1265270 844.7
1265280 844.4
1265290 844.5
1265300 844.5
1265310 844.6
1265320 844.8
1265330 844.8
1265340 845.1
1265350 842.6
1265360 842.6
1265370 842.0
1265380 841.3
1265390 841.3
1265400 840.6
1265410 840.0
1265420 840.0
1265430 839.5
1265440 838.7
1265450 838.7
1265460 838.2
1265470 837.7
1265480 837.7
1265490 837.1
1265500 836.2
1265510 836.2
1265520 835.4
1265530 834.7
1265540 834.0
1265550 834.0
1265560 833.2
1265570 832.5
1265580 832.5
1265590 831.9
1265600 831.3
1265610 831.3
1265620 830.5
1265630 829.4
1265640 829.4
1265650 828.2
1265660 827.2
1265670 827.2
1265680 826.2
1265690 825.3
1265700 825.3
1265710 824.4
1265720 823.5
1265730 823.5
1265740 822.4
1265750 821.1
1265760 821.1
1265770 819.9
1265780 818.7
1265790 817.5
1265800 817.5
1265810 816.3
1265820 815.3
1265830 815.3
1265840 814.2
1265850 813.2
1265860 813.2
1265870 812.6
1265880 811.2
1265890 811.2
1265900 808.3
1265910 806.9
1265920 806.9
1265930 805.2
1265940 803.6
1265950 803.6
1265960 802.6
1265970 801.3
1265980 801.3
1265990 800.1
1266000 798.7
1266010 798.7
1266020 797.7
1266030 796.2
1266040 795.4
1266050 795.4
1266060 793.6
1266070 792.3
1266080 792.3
1266090 791.3
1266100 789.7
1266110 789.7
1266120 788.5
1266130 787.5
1266140 787.5
1266150 786.6
1266160 785.9
1266170 785.9
1266180 785.2
1266190 784.6
1266200 784.6
1266210 783.9
1266220 782.9
1266230 782.9
1266240 781.9
1266250 781.0
1266260 781.0
1266270 780.4
1266280 780.0
1266290 779.6
1266300 779.6
1266310 779.2
1266320 778.6
1266330 778.6
1266340 777.8
1266350 777.1
1266360 777.1
1266370 776.6
1266380 776.0
1266390 776.0
1266400 775.5
1266410 774.9
1266420 774.9
1266430 774.3
1266440 773.6
1266450 773.6
1266460 773.0
1266470 772.5
1266480 772.5
1266490 772.1
1266500 771.8
1266510 771.8
1266520 770.6
1266530 769.9
1266540 769.7
1266550 769.7
1266560 769.0
1266570 767.6
1266580 767.6
1266590 766.4
1266600 765.2
1266610 765.2
1266620 764.0
1266630 762.8
1266640 762.8
1266650 761.7
1266660 760.1
1266670 760.1
1266680 758.7
1266690 757.9
1266700 757.9
1266710 757.0
1266720 755.9
1266730 755.9
1266740 754.6
1266750 754.1
1266760 754.1
1266770 753.1
1266780 752.0
1266790 752.0
1266800 750.8
1266810 750.0
1266820 749.4
1266830 749.4
1266840 748.6
1266850 747.9
1266860 747.9
1266870 747.4
1266880 746.7
1266890 746.7
1266900 746.1
1266910 745.4
1266920 745.4
1266930 744.9
1266940 744.4
1266950 744.4
1266960 743.9
1266970 743.4
1266980 743.4
1266990 743.0
1267000 742.5
1267010 742.5
1267020 742.0
1267030 741.1
1267040 741.1
1267050 740.1
1267060 739.1
1267070 738.2
1267080 738.2
1267090 737.3
1267100 734.9
1267110 734.9
1267120 734.3
1267130 733.4
1267140 733.4
1267150 732.7
1267160 731.9
1267170 731.9
1267180 731.1
1267190 730.3
1267200 730.3
1267210 729.5
1267220 728.7
1267230 728.7
1267240 728.2
1267250 728.4
1267260 728.4
1267270 729.1
1267280 729.8
1267290 729.8
1267300 730.8
1267310 732.3
1267320 734.0
1267330 734.0
1267340 735.6
1267350 737.3
1267360 737.3
1267370 738.9
1267380 740.0
1267390 740.0
1267400 741.4
1267410 743.2
1267420 743.2
1267430 744.0
1267440 743.4
1267450 743.4
1267460 743.5
1267470 743.6
1267480 743.6
1267490 743.7
1267500 743.5
1267510 743.5
1267520 743.2
1267530 742.8
1267540 742.8
1267550 741.1
1267560 739.4
1267570 733.8
1267580 733.8
1267590 728.7
1267600 725.9
1267610 725.9
1267620 721.6
1267630 714.7
1267640 714.7
1267650 707.6
1267660 704.9
1267670 704.9
1267680 703.6
1267690 698.6
1267700 698.6
1267710 695.3
1267720 694.7
1267730 694.7
1267740 693.4
1267750 693.4
1267760 693.4
1267770 692.0
1267780 692.1
1267790 692.1
1267800 691.9
1267810 688.6
1267820 685.9
1267830 685.9
1267840 685.8
1267850 684.8
1267860 684.8
1267870 680.1
1267880 681.4
1267890 681.4
1267900 682.6
1267910 680.1
1267920 680.1
1267930 679.7
1267940 680.2
1267950 680.2
1267960 681.5
1267970 682.7
1267980 682.7
1267990 684.0
1268000 684.7
1268010 684.7
1268020 684.4
1268030 684.2
1268040 684.2
1268050 684.8
1268060 684.1
1268070 680.0
1268080 680.0
1268090 674.3
1268100 669.6
1268110 669.6
1268120 668.0
1268130 668.5
1268140 668.5
1268150 670.6
1268160 674.7
1268170 674.7
1268180 679.6
1268190 684.2
1268200 684.2
1268210 688.4
1268220 692.1
1268230 692.1
1268240 694.5
1268250 696.7
1268260 696.7
1268270 696.1
1268280 704.4
1268290 704.4
1268300 709.7
1268310 713.1
1268320 713.1
1268330 714.8
1268340 704.4
1268350 693.3
1268360 693.3
1268370 685.9
1268380 677.4
1268390 677.4
1268400 662.2
1268410 647.0
1268420 647.0
1268430 637.0
1268440 625.4
1268450 625.4
1268460 619.3
1268470 617.9
1268480 617.9
1268490 617.2
1268500 617.2
1268510 617.2
1268520 619.3
1268530 629.0
1268540 629.0
1268550 638.6
1268560 648.7
1268570 648.7
1268580 663.7
1268590 680.1
1268600 695.5
1268610 695.5
1268620 715.6
1268630 733.2
1268640 733.2
1268650 748.3
1268660 763.8
1268670 763.8
1268680 772.9
1268690 781.0
1268700 781.0
1268710 788.7
1268720 795.9
1268730 795.9
1268740 803.3
1268750 808.8
1268760 808.8
1268770 809.8
1268780 810.2
1268790 810.2
1268800 810.4
1268810 809.6
1268820 809.6
1268830 808.2
1268840 809.1
1268850 810.5
1268860 811.4
1268870 811.0
1268880 809.5
1268890 809.5
1268900 809.7
1268910 806.8
1268920 806.8
1268930 801.9
1268940 796.7
1268950 796.7
1268960 791.2
1268970 786.6
1268980 786.6
1268990 784.6
1269000 788.0
1269010 788.0
1269020 793.7
1269030 798.3
1269040 798.3
1269050 803.0
1269060 806.7
1269070 806.7
1269080 810.0
1269090 813.2
1269100 816.6
1269110 816.6
1269120 818.1
1269130 819.3
1269140 819.3
1269150 821.4
1269160 821.6
1269170 821.6
1269180 821.7
1269190 822.6
1269200 822.6
1269210 823.5
1269220 824.3
1269230 824.3
1269240 825.2
1269250 826.4
1269260 826.4
1269270 827.5
1269280 828.4
1269290 828.4
1269300 829.4
1269310 830.5
1269320 830.5
1269330 831.7
1269340 832.6
1269350 833.8
1269360 833.8
1269370 835.6
1269380 837.2
1269390 837.2
1269400 838.7
1269410 841.2
1269420 841.2
1269430 841.8
1269440 842.2
1269450 842.4
1269460 843.0
1269470 844.1
1269480 844.1
1269490 845.1
1269500 846.7
1269510 846.7
1269520 848.7
1269530 849.7
1269540 849.7
1269550 850.8
1269560 851.7
1269570 851.7
1269580 852.2
1269590 852.8
1269600 852.9
1269610 852.9
1269620 852.7
1269630 853.2
1269640 853.2
1269650 854.0
1269660 853.9
1269670 853.9
1269680 854.3
1269690 855.5
1269700 855.5
1269710 856.0
1269720 855.4
1269730 855.4
1269740 854.8
1269750 854.5
1269760 854.5
1269770 854.0
1269780 853.0
1269790 853.0
1269800 852.0
1269810 850.7
1269820 850.7
1269830 849.9
1269840 849.2
1269850 849.2
1269860 848.4
1269870 847.6
1269880 846.4
1269890 846.4
1269900 845.3
1269910 844.2
1269920 844.2
1269930 843.2
1269940 841.7
1269950 841.7
1269960 839.8
1269970 839.0
1269980 839.0
1269990 838.7
1270000 838.6
1270010 838.6
1270020 838.7
1270030 839.1
1270040 839.1
1270050 839.1
1270060 839.4
1270070 839.4
1270080 839.9
1270090 839.7
1270100 839.7
1270110 838.9
1270120 838.2
1270130 837.2
1270140 837.2
1270150 836.4
1270160 836.5
1270170 836.5
1270180 836.8
1270190 836.5
1270200 836.5
1270210 835.6
1270220 835.6
1270230 835.6
1270240 835.8
1270250 836.0
1270260 836.0
1270270 836.3
1270280 836.8
1270290 836.8
1270300 837.8
1270310 839.3
1270320 839.3
1270330 841.0
1270340 843.3
1270350 843.3
1270360 844.6
1270370 844.8
1270380 844.8
1270390 844.8
1270400 845.0
1270410 844.7
1270420 844.7
1270430 843.6
1270440 843.2
1270450 843.2
1270460 843.7
1270470 844.4
1270480 844.4
1270490 844.7
1270500 843.8
1270510 843.8
1270520 842.7
1270530 840.3
1270540 840.3
1270550 838.4
1270560 837.2
1270570 837.2
1270580 837.2
1270590 837.6
1270600 837.6
1270610 838.0
1270620 838.2
1270630 839.9
1270640 839.4
1270650 839.9
1270660 838.5
1270670 838.5
1270680 837.5
1270690 837.3
1270700 837.3
1270710 837.4
1270720 837.4
1270730 837.4
1270740 837.6
1270750 837.7
1270760 837.7
1270770 837.9
1270780 838.1
1270790 838.1
1270800 838.5
1270810 839.0
1270820 839.0
1270830 839.4
1270840 839.7
1270850 839.7
1270860 840.7
1270870 840.9
1270880 840.9
1270890 840.9
1270900 842.6
1270910 843.9
1270920 843.9
1270930 844.9
1270940 845.7
1270950 845.7
1270960 846.1
1270970 846.3
1270980 846.3
1270990 846.4
1271000 846.5
1271010 846.5
1271020 846.7
1271030 847.1
1271040 847.1
1271050 847.8
1271060 848.2
1271070 848.2
1271080 848.5
1271090 848.5
1271100 848.5
1271110 848.4
1271120 848.4
1271130 848.6
1271140 848.6
1271150 849.2
1271160 849.8
1271170 849.8
1271180 849.5
1271190 849.7
1271200 849.7
1271210 850.1
1271220 850.5
1271230 851.5
1271240 851.6
1271250 851.6
1271260 851.6
1271270 851.7
1271280 851.6
1271290 851.6
1271300 851.6
1271310 851.6
1271320 851.6
1271330 851.7
1271340 851.8
1271350 851.8
1271360 851.9
1271370 852.0
1271380 852.0
1271390 852.0
1271400 852.1
1271410 852.2
1271420 852.2
1271430 852.3
1271440 852.4
1271450 852.4
1271460 852.4
1271470 852.5
1271480 852.5
1271490 852.5
1271500 852.6
1271510 852.6
1271520 852.7
1271530 852.7
1271540 852.7
1271550 852.7
1271560 852.6
1271570 852.6
1271580 852.6
1271590 852.6
1271600 852.6
1271610 852.6
1271620 852.6
1271630 852.6
1271640 852.6
1271650 852.7
1271660 852.8
1271670 852.8
1271680 852.9
1271690 852.8
1271700 852.8
1271710 852.7
1271720 852.8
1271730 852.8
1271740 853.0
1271750 853.3
1271760 853.3
1271770 854.1
1271780 856.1
1271790 856.1
1271800 857.1
1271810 857.5
1271820 857.5
1271830 857.8
1271840 857.9
1271850 857.9
1271860 857.9
1271870 858.1
1271880 858.1
1271890 858.3
1271900 858.6
1271910 858.8
1271920 858.8
1271930 859.1
1271940 859.4
1271950 859.4
1271960 859.6
1271970 859.7
1271980 859.7
1271990 859.7
1272000 859.5
1272010 859.5
1272020 859.2
1272030 859.1
1272040 859.1
1272050 859.0
1272060 858.9
1272070 858.9
1272080 858.8
1272090 858.6
1272100 858.6
1272110 858.5
1272120 858.5
1272130 858.5
1272140 858.5
1272150 858.8
1272160 859.0
1272170 859.0
1272180 858.8
1272190 858.7
1272200 858.7
1272210 859.0
1272220 859.6
1272230 859.6
1272240 860.1
1272250 860.4
1272260 860.4
1272270 860.5
1272280 860.1
1272290 860.1
1272300 858.3
1272310 857.5
1272320 857.5
1272330 857.1
1272340 856.8
1272350 856.8
1272360 856.5
1272370 856.4
1272380 856.4
1272390 856.1
1272400 855.8
1272410 855.6
1272420 855.6
1272430 856.2
1272440 856.6
1272450 856.6
1272460 856.8
1272470 856.8
1272480 856.8
1272490 856.8
1272500 856.9
1272510 856.9
1272520 857.4
1272530 857.9
1272540 857.9
1272550 858.2
1272560 858.8
1272570 858.8
1272580 859.0
1272590 860.0
1272600 860.0
1272610 862.0
1272620 863.7
1272630 863.7
1272640 865.5
1272650 865.8
1272660 866.1
1272670 866.1
1272680 866.2
1272690 866.4
1272700 866.4
1272710 866.5
1272720 866.2
1272730 866.2
1272740 867.1
1272750 867.0
1272760 867.0
1272770 866.2
1272780 866.0
1272790 866.0
1272800 865.6
1272810 864.8
1272820 864.8
1272830 863.8
1272840 863.8
1272850 863.8
1272860 864.6
1272870 866.8
1272880 866.8
1272890 867.6
1272900 869.8
1272910 869.8
1272920 872.6
1272930 875.1
1272940 877.8
1272950 877.8
1272960 881.3
1272970 882.2
1272980 882.2
1272990 882.3
1273000 882.6
1273010 882.6
1273020 882.5
1273030 883.9
1273040 883.9
1273050 883.9
1273060 884.0
1273070 884.0
1273080 884.1
1273090 884.0
1273100 884.0
1273110 884.2
1273120 884.4
1273130 884.4
1273140 884.6
1273150 884.7
1273160 884.7
1273170 884.6
1273180 884.4
1273190 884.2
1273200 884.2
1273210 883.8
1273220 883.1
1273230 883.1
1273240 882.6
1273250 881.8
1273260 881.8
1273270 881.3
1273280 879.1
1273290 879.1
1273300 875.4
1273310 874.6
1273320 874.6
1273330 874.6
1273340 874.6
1273350 874.6
1273360 874.6
1273370 874.5
1273380 874.5
1273390 874.5
1273400 874.8
1273410 874.8
1273420 875.1
1273430 875.6
1273440 876.1
1273450 876.1
1273460 876.8
1273470 877.7
1273480 877.7
1273490 878.6
1273500 879.9
1273510 879.9
1273520 882.6
1273530 886.4
1273540 886.4
1273550 888.0
1273560 888.2
1273570 888.2
1273580 888.4
1273590 888.6
1273600 888.6
1273610 888.9
1273620 889.4
1273630 889.6
1273640 890.1
1273650 890.4
1273660 890.4
1273670 890.8
1273680 891.3
1273690 891.8
1273700 891.8
1273710 892.0
1273720 892.1
1273730 892.1
1273740 892.3
1273750 892.6
1273760 892.6
1273770 892.9
1273780 893.3
1273790 893.3
1273800 893.7
1273810 894.2
1273820 894.2
1273830 894.8
1273840 895.5
1273850 895.5
1273860 896.2
1273870 896.9
1273880 896.9
1273890 897.5
1273900 898.1
1273910 898.1
1273920 898.9
1273930 899.8
1273940 900.4
1273950 900.4
1273960 901.0
1273970 901.7
1273980 901.7
1273990 902.5
1274000 903.6
1274010 903.6
1274020 904.7
1274030 905.9
1274040 905.9
1274050 907.0
1274060 908.0
1274070 908.0
1274080 909.0
1274090 910.7
1274100 910.7
1274110 911.2
1274120 911.3
1274130 911.3
1274140 911.3
1274150 911.6
1274160 911.6
1274170 911.6
1274180 911.7
1274190 911.8
1274200 911.8
1274210 911.2
1274220 909.8
1274230 909.8
1274240 912.1
1274250 912.1
1274260 912.1
1274270 912.2
1274280 912.2
1274290 912.2
1274300 912.5
1274310 912.7
1274320 912.7
1274330 912.8
1274340 913.0
1274350 913.0
1274360 913.2
1274370 913.2
1274380 913.2
1274390 913.4
1274400 914.4
1274410 914.4
1274420 914.7
1274430 914.7
1274440 914.7
1274450 914.7
1274460 914.8
1274470 915.1
1274480 915.1
1274490 915.2
1274500 915.4
1274510 915.4
1274520 915.5
1274530 915.7
1274540 915.7
1274550 915.8
1274560 916.4
1274570 916.4
1274580 916.5
1274590 917.3
1274600 917.3
1274610 918.3
1274620 918.9
1274630 918.9
1274640 919.1
1274650 919.5
1274660 919.5
1274670 919.4
1274680 919.1
1274690 919.1
1274700 918.9
1274710 918.7
1274720 918.5
1274730 918.5
1274740 918.3
1274750 918.1
1274760 918.1
1274770 917.8
1274780 917.8
1274790 917.8
1274800 918.0
1274810 918.4
1274820 918.4
1274830 919.1
1274840 921.4
1274850 921.4
1274860 922.1
1274870 922.2
1274880 922.2
1274890 922.4
1274900 922.8
1274910 922.8
1274920 923.0
1274930 923.5
1274940 923.5
1274950 924.1
1274960 925.0
1274970 926.2
1274980 926.2
1274990 927.7
1275000 929.3
1275010 929.3
1275020 930.2
1275030 930.7
1275040 930.7
1275050 931.3
1275060 931.1
1275070 931.1
1275080 930.6
1275090 930.4
1275100 930.4
1275110 930.0
1275120 930.2
1275130 930.2
1275140 931.0
1275150 931.1
1275160 931.1
1275170 931.4
1275180 931.7
1275190 931.7
1275200 932.7
1275210 934.5
1275220 937.6
1275230 937.6
1275240 941.5
1275250 944.7
1275260 944.7
1275270 947.4
1275280 949.5
1275290 949.5
1275300 950.8
1275310 951.6
1275320 951.6
1275330 951.8
1275340 951.7
1275350 951.7
1275360 952.1
1275370 952.8
1275380 952.8
1275390 953.7
1275400 954.7
1275410 954.7
1275420 955.2
1275430 955.3
1275440 955.3
1275450 953.0
1275460 952.1
1275470 950.9
1275480 950.9
1275490 949.4
1275500 947.8
1275510 947.8
1275520 946.8
1275530 946.2
1275540 946.2
1275550 945.8
1275560 945.5
1275570 945.5
1275580 945.2
1275590 944.8
1275600 944.8
1275610 944.4
1275620 944.2
1275630 944.2
1275640 944.0
1275650 943.9
1275660 943.9
1275670 943.9
1275680 944.2
1275690 944.2
1275700 944.6
1275710 945.1
1275720 945.7
1275730 945.7
1275740 946.3
1275750 947.0
1275760 947.0
1275770 947.4
1275780 947.6
1275790 947.6
1275800 947.9
1275810 948.1
1275820 948.1
1275830 948.0
1275840 947.9
1275850 947.9
1275860 947.8
1275870 948.0
1275880 948.0
1275890 948.3
1275900 948.7
1275910 948.7
1275920 948.8
1275930 949.1
1275940 949.1
1275950 950.0
1275960 950.6
1275970 950.6
1275980 950.8
1275990 951.3
1276000 952.2
1276010 952.2
1276020 952.9
1276030 953.3
1276040 953.3
1276050 953.5
1276060 955.3
1276070 955.3
1276080 956.0
1276090 956.1
1276100 956.1
1276110 957.0
1276120 959.1
1276130 959.1
1276140 961.4
1276150 964.2
1276160 964.2
1276170 967.4
1276180 970.3
1276190 970.3
1276200 973.3
1276210 976.2
1276220 976.2
1276230 978.8
1276240 980.6
1276250 982.1
1276260 982.1
1276270 982.8
1276280 983.0
1276290 983.0
1276300 983.1
1276310 983.1
1276320 983.1
1276330 983.0
1276340 982.8
1276350 982.8
1276360 982.3
1276370 981.7
1276380 981.7
1276390 980.9
1276400 980.0
1276410 980.0
1276420 979.0
1276430 978.1
1276440 978.1
1276450 977.3
1276460 976.6
1276470 976.6
1276480 975.9
1276490 975.3
1276500 974.8
1276510 974.8
1276520 974.5
1276530 974.2
1276540 974.2
1276550 973.4
1276560 972.8
1276570 972.8
1276580 972.6
1276590 972.5
1276600 972.5
1276610 972.0
1276620 971.9
1276630 971.9
1276640 972.0
1276650 972.0
1276660 972.0
1276670 973.6
1276680 973.7
1276690 973.7
1276700 973.8
1276710 974.1
1276720 974.1
1276730 974.6
1276740 975.2
1276750 975.7
1276760 975.7
1276770 975.9
1276780 976.2
1276790 976.2
1276800 976.7
1276810 977.8
1276820 977.8
1276830 978.6
1276840 980.6
1276850 980.6
1276860 981.9
1276870 983.8
1276880 983.8
1276890 985.8
1276900 987.3
1276910 987.3
1276920 988.7
1276930 989.8
1276940 989.8
1276950 991.7
1276960 993.8
1276970 993.8
1276980 996.1
1276990 998.3
1277000 1000.0
1277010 1000.0
1277020 1002.0
1277030 1003.8
1277040 1003.8
1277050 1005.2
1277060 1006.1
1277070 1006.1
1277080 1007.8
1277090 1010.5
1277100 1010.5
1277110 1013.0
1277120 1014.8
1277130 1014.8
1277140 1016.4
1277150 1018.0
1277160 1018.0
1277170 1019.9
1277180 1022.2
1277190 1022.2
1277200 1024.4
1277210 1027.0
1277220 1027.0
1277230 1028.8
1277240 1031.0
1277250 1031.9
1277260 1031.9
1277270 1028.4
1277280 1033.3
1277290 1033.3
1277300 1038.1
1277310 1041.7
1277320 1041.7
1277330 1040.8
1277340 1040.6
1277350 1040.6
1277360 1045.5
1277370 1050.5
1277380 1050.5
1277390 1054.5
1277400 1057.2
1277410 1057.2
1277420 1062.3
1277430 1067.2
1277440 1067.2
1277450 1068.3
1277460 1069.2
1277470 1069.2
1277480 1069.9
1277490 1067.9
1277500 1067.9
1277510 1066.3
1277520 1066.4
1277530 1067.3
1277540 1067.3
1277550 1068.5
1277560 1069.8
1277570 1069.8
1277580 1072.0
1277590 1075.5
1277600 1075.5
1277610 1078.7
1277620 1080.8
1277630 1080.8
1277640 1081.8
1277650 1083.2
1277660 1083.2
1277670 1085.0
1277680 1086.1
1277690 1086.1
1277700 1087.3
1277710 1089.1
1277720 1089.1
1277730 1090.2
1277740 1091.4
1277750 1091.4
1277760 1092.4
1277770 1093.7
1277780 1094.4
1277790 1094.4
1277800 1095.7
1277810 1097.0
1277820 1097.0
1277830 1097.2
1277840 1097.5
1277850 1097.5
1277860 1098.0
1277870 1099.2
1277880 1099.2
1277890 1100.8
1277900 1105.7
1277910 1105.7
1277920 1107.6
1277930 1109.2
1277940 1109.2
1277950 1108.4
1277960 1106.1
1277970 1106.1
1277980 1103.2
1277990 1103.7
1278000 1103.7
1278010 1106.2
1278020 1108.7
1278030 1110.9
1278040 1110.9
1278050 1111.9
1278060 1112.4
1278070 1112.4
1278080 1112.3
1278090 1113.0
1278100 1113.0
1278110 1114.9
1278120 1116.5
1278130 1116.5
1278140 1117.6
1278150 1118.4
1278160 1118.4
1278170 1119.4
1278180 1121.1
1278190 1121.1
1278200 1122.4
1278210 1123.2
1278220 1123.2
1278230 1125.1
1278240 1127.0
1278250 1127.0
1278260 1128.5
1278270 1129.0
1278280 1127.8
1278290 1127.8
1278300 1126.9
1278310 1126.9
1278320 1126.9
1278330 1126.7
1278340 1126.9
1278350 1126.9
1278360 1127.7
1278370 1129.2
1278380 1129.2
1278390 1130.8
1278400 1132.3
1278410 1132.3
1278420 1133.3
1278430 1133.6
1278440 1133.6
1278450 1133.9
1278460 1134.6
1278470 1134.6
1278480 1137.0
1278490 1138.3
1278500 1138.3
1278510 1142.2
1278520 1140.2
1278530 1138.9
1278540 1138.9
1278550 1140.2
1278560 1145.1
1278570 1145.1
1278580 1149.9
1278590 1154.8
1278600 1154.8
1278610 1159.2
1278620 1162.9
1278630 1162.9
1278640 1165.4
1278650 1167.0
1278660 1167.0
1278670 1169.0
1278680 1171.5
1278690 1171.5
1278700 1173.9
1278710 1175.7
1278720 1175.7
1278730 1176.8
1278740 1177.7
1278750 1177.7
1278760 1178.6
1278770 1180.5
1278780 1181.7
1278790 1181.7
1278800 1182.7
1278810 1184.7
1278820 1184.7
1278830 1186.3
1278840 1187.6
1278850 1187.6
1278860 1189.7
1278870 1191.7
1278880 1191.7
1278890 1193.1
1278900 1194.5
1278910 1194.5
1278920 1196.3
1278930 1197.1
1278940 1197.1
1278950 1196.6
1278960 1197.3
1278970 1197.3
1278980 1200.2
1278990 1202.6
1279000 1202.6
1279010 1200.7
1279020 1197.4
1279030 1197.4
1279040 1192.3
1279050 1187.1
1279060 1183.4
1279070 1183.4
1279080 1183.7
1279090 1188.4
1279100 1188.4
1279110 1194.4
1279120 1200.3
1279130 1201.5
1279140 1207.2
1279150 1213.4
1279160 1213.4
1279170 1218.4
1279180 1223.3
1279190 1223.3
1279200 1228.0
1279210 1230.9
1279220 1230.9
1279230 1233.4
1279240 1235.7
1279250 1235.7
1279260 1238.4
1279270 1241.7
1279280 1241.7
1279290 1243.9
1279300 1244.5
1279310 1243.6
1279320 1243.6
1279330 1243.1
1279340 1243.3
1279350 1243.3
1279360 1244.2
1279370 1244.5
1279380 1244.5
1279390 1244.4
1279400 1244.9
1279410 1244.9
1279420 1245.8
1279430 1248.8
1279440 1248.8
1279450 1253.1
1279460 1257.5
1279470 1257.5
1279480 1261.4
1279490 1264.8
1279500 1264.8
1279510 1266.6
1279520 1266.7
1279530 1266.7
1279540 1265.7
1279550 1264.4
1279560 1263.5
1279570 1263.5
1279580 1262.0
1279590 1260.4
1279600 1260.4
1279610 1259.2
1279620 1259.0
1279630 1259.0
1279640 1259.4
1279650 1259.4
1279660 1259.4
1279670 1259.0
1279680 1258.2
1279690 1258.2
1279700 1257.8
1279710 1257.7
1279720 1257.7
1279730 1258.2
1279740 1260.2
1279750 1264.4
1279760 1267.4
1279770 1269.7
1279780 1269.7
1279790 1272.1
1279800 1275.0
1279810 1278.0
1279820 1278.0
1279830 1280.8
1279840 1284.5
1279850 1284.5
1279860 1288.6
1279870 1292.0
1279880 1292.0
1279890 1293.7
1279900 1294.4
1279910 1294.4
1279920 1295.5
1279930 1297.4
1279940 1297.4
1279950 1299.6
1279960 1301.9
1279970 1301.9
1279980 1302.7
1279990 1301.5
