1260000 774.3
1260010 775.1
1260020 776.8
1260030 778.8
1260040 778.8
1260050 780.6
1260060 781.9
1260070 781.9
1260080 783.3
1260090 783.3
1260100 783.3
1260110 781.1
1260120 777.5
1260130 777.5
1260140 773.4
1260150 768.7
1260160 768.7
1260170 764.3
1260180 761.7
1260190 761.7
1260200 760.4
1260210 759.7
1260220 759.7
1260230 760.0
1260240 763.4
1260250 763.4
1260260 768.7
1260270 774.1
1260280 779.3
1260290 779.3
1260300 784.9
1260310 791.0
1260320 791.0
1260330 796.9
1260340 802.4
1260350 806.8
1260360 811.5
1260370 814.8
1260380 814.8
1260390 814.3
1260400 811.3
1260410 811.3
1260420 807.8
1260430 804.8
1260440 804.8
1260450 801.6
1260460 798.3
1260470 798.3
1260480 797.3
1260490 799.7
1260500 799.7
1260510 803.7
1260520 808.1
1260530 808.1
1260540 812.8
1260550 816.3
1260560 817.6
1260570 817.6
1260580 818.7
1260590 819.8
1260600 819.8
1260610 820.4
1260620 821.7
1260630 821.7
1260640 823.9
1260650 824.6
1260660 824.6
1260670 823.6
1260680 824.2
1260690 824.2
1260700 826.4
1260710 828.1
1260720 828.1
1260730 828.1
1260740 827.0
1260750 827.0
1260760 826.1
1260770 826.5
1260780 826.5
1260790 827.7
1260800 828.6
1260810 829.2
1260820 829.2
1260830 829.4
1260840 829.3
1260850 829.3
1260860 828.9
1260870 827.6
1260880 827.6
1260890 824.9
1260900 821.4
1260910 826.9
1260920 824.3
1260930 823.1
1260940 823.1
1260950 823.6
1260960 824.3
1260970 824.3
1260980 823.8
1260990 824.1
1261000 824.1
1261010 826.8
1261020 830.6
1261030 830.6
1261040 833.0
1261050 832.3
1261060 831.5
1261070 831.5
1261080 831.8
1261090 830.8
1261100 830.8
1261110 828.1
1261120 825.8
1261130 825.8
1261140 824.7
1261150 824.7
1261160 824.7
1261170 825.5
1261180 824.1
1261190 824.1
1261200 821.9
1261210 821.0
1261220 821.0
1261230 820.0
1261240 820.1
1261250 820.1
1261260 822.2
1261270 825.3
1261280 825.3
1261290 828.9
1261300 831.6
1261310 832.2
1261320 832.2
1261330 832.1
1261340 832.0
1261350 832.0
1261360 831.9
1261370 831.6
1261380 831.6
1261390 831.2
1261400 830.7
1261410 830.7
1261420 830.1
1261430 829.6
1261440 829.6
1261450 829.1
1261460 828.4
1261470 828.4
1261480 829.2
1261490 828.0
1261500 828.0
1261510 826.9
1261520 826.1
1261530 826.1
1261540 825.9
1261550 826.0
1261560 825.6
1261570 825.6
1261580 825.1
1261590 824.6
1261600 824.6
1261610 824.2
1261620 823.7
1261630 823.7
1261640 823.1
1261650 822.6
1261660 822.6
1261670 821.9
1261680 821.3
1261690 821.3
1261700 820.6
1261710 819.7
1261720 819.7
1261730 818.8
1261740 817.8
1261750 817.8
1261760 816.7
1261770 815.7
1261780 815.7
1261790 814.7
1261800 814.0
1261810 814.0
1261820 813.3
1261830 812.8
1261840 812.3
1261850 812.3
1261860 811.8
1261870 811.3
1261880 811.3
1261890 810.7
1261900 810.0
1261910 810.0
1261920 809.4
1261930 808.9
1261940 808.9
1261950 808.2
1261960 807.4
1261970 807.4
1261980 806.6
1261990 805.9
1262000 805.9
1262010 805.5
1262020 804.9
1262030 804.9
1262040 804.6
1262050 805.5
1262060 805.5
1262070 805.6
1262080 805.1
1262090 804.9
1262100 804.9
1262110 804.4
1262120 803.8
1262130 803.8
1262140 803.4
1262150 803.8
1262160 803.8
1262170 804.1
1262180 805.0
1262190 805.0
1262200 806.6
1262210 807.4
1262220 807.4
1262230 808.4
1262240 809.3
1262250 809.3
1262260 810.3
1262270 811.4
1262280 811.4
1262290 812.4
1262300 813.4
1262310 813.4
1262320 814.3
1262330 815.2
1262340 816.2
1262350 816.2
1262360 817.1
1262370 818.2
1262380 818.2
1262390 819.2
1262400 820.3
1262410 820.3
1262420 821.5
1262430 822.7
1262440 822.7
1262450 824.1
1262460 825.4
1262470 825.4
1262480 826.4
1262490 827.1
1262500 827.1
1262510 827.6
1262520 825.8
1262530 825.8
1262540 822.2
1262550 819.4
1262560 819.4
1262570 817.4
1262580 816.2
1262590 815.5
1262600 815.5
1262610 815.4
1262620 816.0
1262630 811.6
1262640 812.7
1262650 813.0
1262660 813.0
1262670 813.5
1262680 811.0
1262690 811.0
1262700 807.1
1262710 804.5
1262720 804.5
1262730 803.2
1262740 800.9
1262750 800.9
1262760 797.8
1262770 794.3
1262780 794.3
1262790 789.7
1262800 784.3
1262810 784.3
1262820 778.7
1262830 773.1
1262840 773.1
1262850 767.2
1262860 761.7
1262870 755.5
1262880 755.5
1262890 748.2
1262900 740.5
1262910 740.5
1262920 732.4
1262930 724.4
1262940 724.4
1262950 716.5
1262960 708.1
1262970 708.1
1262980 700.3
1262990 693.0
1263000 693.0
1263010 684.3
1263020 674.9
1263030 674.9
1263040 664.6
1263050 656.6
1263060 656.6
1263070 662.4
1263080 670.8
1263090 670.8
1263100 679.5
1263110 682.6
1263120 681.1
1263130 681.1
1263140 680.2
1263150 679.6
1263160 679.6
1263170 679.4
1263180 680.8
1263190 680.8
1263200 685.2
1263210 690.0
1263220 690.0
1263230 694.6
1263240 698.8
1263250 698.8
1263260 704.2
1263270 709.9
1263280 709.9
1263290 715.1
1263300 719.8
1263310 719.8
1263320 724.7
1263330 728.1
1263340 728.1
1263350 725.3
1263360 720.3
1263370 717.8
1263380 717.8
1263390 720.0
1263400 722.7
1263410 722.7
1263420 722.7
1263430 719.2
1263440 719.2
1263450 714.9
1263460 710.1
1263470 710.1
1263480 706.5
1263490 706.8
1263500 706.8
1263510 708.6
1263520 710.0
1263530 710.0
1263540 711.9
1263550 714.6
1263560 714.6
1263570 717.3
1263580 719.9
1263590 719.9
1263600 722.7
1263610 725.5
1263620 728.4
1263630 728.4
1263640 732.4
1263650 737.7
1263660 737.7
1263670 743.1
1263680 747.7
1263690 747.7
1263700 751.9
1263710 756.5
1263720 756.5
1263730 761.1
1263740 765.9
1263750 765.9
1263760 770.8
1263770 775.3
1263780 778.0
1263790 783.2
1263800 787.4
1263810 787.4
1263820 792.4
1263830 797.3
1263840 797.3
1263850 802.8
1263860 808.0
1263870 813.0
1263880 813.0
1263890 817.6
1263900 821.7
1263910 821.7
1263920 825.9
1263930 829.2
1263940 829.2
1263950 831.1
1263960 832.0
1263970 832.0
1263980 832.1
1263990 831.9
1264000 831.9
1264010 831.8
1264020 831.5
1264030 831.5
1264040 831.3
1264050 831.1
1264060 831.1
1264070 830.9
1264080 830.7
1264090 830.7
1264100 830.5
1264110 830.2
1264120 830.2
1264130 830.0
1264140 829.8
1264150 829.5
1264160 829.5
1264170 829.3
1264180 828.9
1264190 828.9
1264200 828.7
1264210 828.4
1264220 828.4
1264230 828.0
1264240 827.8
1264250 827.8
1264260 827.5
1264270 827.3
1264280 827.3
1264290 827.0
1264300 826.3
1264310 826.3
1264320 823.6
1264330 819.0
1264340 819.0
1264350 811.6
1264360 805.3
1264370 805.3
1264380 799.0
1264390 793.6
1264400 790.8
1264410 790.8
1264420 790.1
1264430 790.0
1264440 790.0
1264450 791.0
1264460 792.0
1264470 792.0
1264480 793.5
1264490 793.6
1264500 793.6
1264510 794.3
1264520 797.4
1264530 797.4
1264540 802.3
1264550 807.5
1264560 807.5
1264570 812.7
1264580 818.0
1264590 818.0
1264600 822.1
1264610 823.5
1264620 823.5
1264630 823.8
1264640 823.9
1264650 824.1
1264660 824.1
1264670 824.2
1264680 824.2
1264690 824.2
1264700 824.1
1264710 822.1
1264720 822.1
1264730 817.3
1264740 812.2
1264750 812.2
1264760 807.5
1264770 803.2
1264780 803.2
1264790 798.9
1264800 794.6
1264810 794.6
1264820 790.4
1264830 787.3
1264840 787.3
1264850 785.0
1264860 782.8
1264870 782.8
1264880 779.0
1264890 773.3
1264900 766.7
1264910 766.7
1264920 760.0
1264930 755.3
1264940 755.3
1264950 751.8
1264960 749.3
1264970 749.3
1264980 747.6
1264990 746.3
1265000 746.3
1265010 744.9
1265020 743.0
1265030 743.0
1265040 742.9
1265050 744.2
1265060 744.2
1265070 748.5
1265080 754.8
1265090 754.8
1265100 761.0
1265110 767.1
1265120 767.1
1265130 773.1
1265140 779.2
1265150 784.4
1265160 784.4
1265170 786.3
1265180 788.1
1265190 788.1
1265200 792.9
1265210 798.6
1265220 798.6
1265230 803.9
1265240 804.9
1265250 804.9
1265260 800.3
1265270 795.4
1265280 795.4
1265290 791.3
1265300 788.4
1265310 788.4
1265320 789.1
1265330 788.5
1265340 788.5
1265350 784.0
1265360 781.1
1265370 781.1
1265380 784.3
1265390 791.5
1265400 791.5
1265410 799.0
1265420 804.2
1265430 807.8
1265440 807.8
1265450 809.9
1265460 811.2
1265470 811.2
1265480 812.8
1265490 814.9
1265500 814.9
1265510 823.3
1265520 826.6
1265530 826.6
1265540 830.2
1265550 833.4
1265560 833.4
1265570 836.1
1265580 837.8
1265590 837.8
1265600 838.7
1265610 838.8
1265620 838.8
1265630 838.4
1265640 837.8
1265650 837.8
1265660 837.0
1265670 836.4
1265680 835.8
1265690 835.8
1265700 835.3
1265710 834.7
1265720 834.7
1265730 834.2
1265740 834.0
1265750 834.0
1265760 834.3
1265770 834.2
1265780 834.2
1265790 833.5
1265800 833.0
1265810 833.0
1265820 832.6
1265830 832.2
1265840 832.2
1265850 831.9
1265860 831.7
1265870 831.7
1265880 831.6
1265890 831.5
1265900 831.5
1265910 831.4
1265920 831.4
1265930 831.5
1265940 831.5
1265950 831.6
1265960 831.8
1265970 831.8
1265980 832.0
1265990 832.3
1266000 832.3
1266010 833.0
1266020 834.1
1266030 834.1
1266040 834.6
1266050 834.9
1266060 834.9
1266070 835.6
1266080 836.3
1266090 836.4
1266100 837.1
1266110 837.4
1266120 837.4
1266130 837.8
1266140 838.2
1266150 838.2
1266160 838.4
1266170 838.5
1266180 838.7
1266190 838.7
1266200 838.8
1266210 838.8
1266220 838.8
1266230 839.1
1266240 839.4
1266250 839.4
1266260 839.7
1266270 840.0
1266280 840.0
1266290 840.3
1266300 840.6
1266310 840.6
1266320 840.8
1266330 841.0
1266340 841.0
1266350 841.2
1266360 841.4
1266370 841.4
1266380 841.6
1266390 841.8
1266400 841.8
1266410 842.2
1266420 842.6
1266430 842.6
1266440 843.1
1266450 843.7
1266460 844.2
1266470 844.2
1266480 844.9
1266490 845.6
1266500 845.6
1266510 846.5
1266520 847.4
1266530 847.4
1266540 848.5
1266550 849.6
1266560 849.6
1266570 850.8
1266580 851.9
1266590 851.9
1266600 852.9
1266610 853.9
1266620 853.9
1266630 855.0
1266640 856.1
1266650 856.1
1266660 856.6
1266670 857.0
1266680 855.8
1266690 856.3
1266700 856.8
1266710 857.3
1266720 857.3
1266730 857.7
1266740 858.1
1266750 858.1
1266760 858.6
1266770 859.1
1266780 859.1
1266790 859.4
1266800 859.6
1266810 859.6
1266820 859.6
1266830 859.4
1266840 859.4
1266850 858.2
1266860 857.0
1266870 857.0
1266880 857.2
1266890 858.4
1266900 858.4
1266910 859.9
1266920 861.2
1266930 861.2
1266940 862.7
1266950 864.0
1266960 865.1
1266970 865.1
1266980 865.2
1266990 864.2
1267000 864.2
1267010 862.3
1267020 860.4
1267030 860.4
1267040 858.2
1267050 855.4
1267060 855.4
1267070 852.1
1267080 848.3
1267090 848.3
1267100 845.7
1267110 842.5
1267120 842.5
1267130 838.4
1267140 836.0
1267150 836.0
1267160 834.1
1267170 831.8
1267180 831.8
1267190 830.2
1267200 826.8
1267210 822.9
1267220 822.9
1267230 818.8
1267240 815.2
1267250 815.2
1267260 812.8
1267270 809.9
1267280 809.9
1267290 808.0
1267300 806.9
1267310 806.9
1267320 806.2
1267330 805.3
1267340 805.3
1267350 803.5
1267360 803.2
1267370 803.2
1267380 803.1
1267390 802.5
1267400 802.5
1267410 802.2
1267420 801.3
1267430 801.3
1267440 798.0
1267450 792.9
1267460 790.8
1267470 790.8
1267480 789.7
1267490 788.0
1267500 788.0
1267510 783.9
1267520 781.0
1267530 781.0
1267540 777.1
1267550 774.0
1267560 774.0
1267570 772.5
1267580 771.3
1267590 771.3
1267600 769.3
1267610 768.6
1267620 768.6
1267630 768.5
1267640 768.5
1267650 768.5
1267660 768.7
1267670 769.4
1267680 769.4
1267690 771.2
1267700 773.8
1267710 773.8
1267720 775.4
1267730 774.3
1267740 769.1
1267750 769.1
1267760 764.5
1267770 761.5
1267780 761.5
1267790 760.2
1267800 760.5
1267810 760.5
1267820 761.3
1267830 759.1
1267840 759.1
1267850 756.5
1267860 756.1
1267870 756.1
1267880 755.9
1267890 756.0
1267900 756.0
1267910 754.7
1267920 749.9
1267930 749.9
1267940 744.9
1267950 738.8
1267960 738.8
1267970 733.4
1267980 727.8
1267990 721.2
1268000 721.2
1268010 715.6
1268020 710.6
1268030 710.6
1268040 704.5
1268050 699.4
1268060 699.4
1268070 694.1
1268080 688.0
1268090 688.0
1268100 686.6
1268110 684.1
1268120 684.1
1268130 677.6
1268140 671.2
1268150 671.2
1268160 670.1
1268170 669.3
1268180 669.3
1268190 667.0
1268200 665.3
1268210 665.3
1268220 663.2
1268230 658.8
1268240 654.1
1268250 654.1
1268260 650.6
1268270 645.6
1268280 645.6
1268290 640.8
1268300 636.0
1268310 636.0
1268320 631.0
1268330 628.6
1268340 628.6
1268350 629.9
1268360 633.7
1268370 633.7
1268380 634.6
1268390 630.3
1268400 630.3
1268410 626.8
1268420 625.7
1268430 625.7
1268440 627.4
1268450 628.9
1268460 628.9
1268470 630.0
1268480 630.8
1268490 631.4
1268500 631.4
1268510 630.4
1268520 619.3
1268530 619.3
1268540 610.1
1268550 609.4
1268560 609.4
1268570 608.8
1268580 608.4
1268590 608.4
1268600 610.2
1268610 618.3
1268620 618.3
1268630 625.9
1268640 633.8
1268650 633.8
1268660 642.9
1268670 648.8
1268680 648.8
1268690 648.3
1268700 647.6
1268710 647.6
1268720 645.6
1268730 643.6
1268740 642.8
1268750 642.8
1268760 640.3
1268770 633.2
1268780 633.2
1268790 637.7
1268800 646.8
1268810 646.8
1268820 648.4
1268830 648.2
1268840 648.2
1268850 649.0
1268860 651.6
1268870 651.6
1268880 654.4
1268890 654.9
1268900 654.9
1268910 655.2
1268920 655.6
1268930 655.6
1268940 656.6
1268950 657.8
1268960 657.8
1268970 659.7
1268980 663.1
1268990 663.1
1269000 668.3
1269010 672.0
1269020 680.4
1269030 680.4
1269040 682.7
1269050 685.0
1269060 685.0
1269070 688.4
1269080 693.6
1269090 693.6
1269100 697.4
1269110 697.5
1269120 697.5
1269130 696.9
1269140 698.1
1269150 698.1
1269160 699.5
1269170 699.0
1269180 699.0
1269190 697.3
1269200 693.8
1269210 693.8
1269220 691.1
1269230 688.6
1269240 688.6
1269250 686.3
1269260 685.8
1269270 687.0
1269280 687.0
1269290 687.9
1269300 689.6
1269310 689.6
1269320 691.7
1269330 693.2
1269340 693.2
1269350 694.2
1269360 695.9
1269370 695.9
1269380 697.3
1269390 699.0
1269400 699.0
1269410 702.4
1269420 707.2
1269430 707.2
1269440 710.2
1269450 712.2
1269460 712.2
1269470 719.0
1269480 730.6
1269490 730.6
1269500 732.2
1269510 732.2
1269520 738.5
1269530 738.5
1269540 744.1
1269550 745.2
1269560 745.2
1269570 746.8
1269580 750.4
1269590 750.4
1269600 756.7
1269610 761.9
1269620 766.2
1269630 773.5
1269640 776.7
1269650 776.7
1269660 780.0
1269670 781.5
1269680 781.5
1269690 781.1
1269700 786.5
1269710 786.5
1269720 795.1
1269730 801.7
1269740 801.7
1269750 803.9
1269760 806.4
1269770 810.4
1269780 810.4
1269790 816.6
1269800 821.4
1269810 821.4
1269820 823.1
1269830 823.8
1269840 823.8
1269850 827.4
1269860 830.5
1269870 830.5
1269880 832.8
1269890 835.2
1269900 835.2
1269910 837.0
1269920 837.9
1269930 837.9
1269940 839.5
1269950 841.5
1269960 841.5
1269970 842.9
1269980 844.0
1269990 844.0
1270000 844.5
1270010 845.3
1270020 845.3
1270030 846.2
1270040 847.1
1270050 847.9
1270060 847.9
1270070 849.1
1270080 850.5
1270090 850.5
1270100 851.9
1270110 853.2
1270120 853.2
1270130 854.1
1270140 855.0
1270150 855.0
1270160 855.8
1270170 856.9
1270180 856.9
1270190 858.4
1270200 859.8
1270210 861.1
1270220 861.9
1270230 862.7
1270240 862.7
1270250 863.8
1270260 865.1
1270270 865.1
1270280 866.3
1270290 867.5
1270300 868.6
1270310 868.6
1270320 869.9
1270330 871.0
1270340 871.0
1270350 872.2
1270360 873.4
1270370 873.4
1270380 874.3
1270390 875.5
1270400 875.5
1270410 876.6
1270420 877.7
1270430 877.7
1270440 878.8
1270450 880.1
1270460 880.1
1270470 881.6
1270480 882.9
1270490 882.9
1270500 884.1
1270510 885.0
1270520 885.0
1270530 886.0
1270540 887.1
1270550 888.1
1270560 888.1
1270570 889.1
1270580 890.2
1270590 890.2
1270600 891.2
1270610 892.4
1270620 892.4
1270630 894.1
1270640 896.1
1270650 896.1
1270660 897.8
1270670 899.6
1270680 899.6
1270690 902.4
1270700 906.3
1270710 906.3
1270720 909.7
1270730 912.1
1270740 912.1
1270750 914.2
1270760 916.0
1270770 916.0
1270780 916.3
1270790 914.5
1270800 910.5
1270810 910.5
1270820 902.8
1270830 898.4
1270840 898.4
1270850 898.1
1270860 897.9
1270870 897.9
1270880 895.9
1270890 893.0
1270900 893.0
1270910 891.5
1270920 891.4
1270930 891.4
1270940 891.8
1270950 892.4
1270960 892.4
1270970 893.7
1270980 895.1
1270990 895.1
1271000 896.7
1271010 897.9
1271020 897.9
1271030 894.2
1271040 887.3
1271050 884.9
1271060 884.9
1271070 883.9
1271080 883.4
1271090 883.4
1271100 882.7
1271110 881.3
1271120 881.3
1271130 879.8
1271140 880.0
1271150 880.0
1271160 881.3
1271170 882.5
1271180 882.5
1271190 882.1
1271200 879.1
1271210 879.1
1271220 875.9
1271230 874.5
1271240 874.5
1271250 872.3
1271260 869.0
1271270 869.0
1271280 865.8
1271290 863.1
1271300 863.1
1271310 860.9
1271320 859.7
1271330 859.1
1271340 859.1
1271350 857.3
1271360 856.4
1271370 856.4
1271380 856.4
1271390 856.3
1271400 858.3
1271410 857.4
1271420 856.1
1271430 856.1
1271440 855.2
1271450 854.6
1271460 854.6
1271470 854.3
1271480 853.1
1271490 853.1
1271500 852.0
1271510 851.9
1271520 851.9
1271530 852.0
1271540 852.2
1271550 852.2
1271560 852.7
1271570 853.1
1271580 852.0
1271590 852.0
1271600 850.3
1271610 848.4
1271620 848.4
1271630 846.5
1271640 844.7
1271650 844.7
1271660 843.3
1271670 842.4
1271680 842.4
1271690 842.2
1271700 842.1
1271710 842.1
1271720 842.0
1271730 841.9
1271740 841.9
1271750 841.9
1271760 842.5
1271770 842.5
1271780 843.6
1271790 845.5
1271800 845.5
1271810 847.5
1271820 848.9
1271830 849.6
1271840 849.6
1271850 850.0
1271860 850.3
1271870 850.3
1271880 850.7
1271890 850.4
1271900 850.4
1271910 850.3
1271920 850.5
1271930 850.5
1271940 850.5
1271950 850.3
1271960 850.3
1271970 849.9
1271980 849.4
1271990 849.4
1272000 848.5
1272010 847.9
1272020 847.9
1272030 847.0
1272040 845.3
1272050 845.3
1272060 842.9
1272070 841.1
1272080 839.6
1272090 839.6
1272100 836.8
1272110 832.9
1272120 832.9
1272130 829.3
1272140 826.9
1272150 826.9
1272160 825.1
1272170 822.6
1272180 822.6
1272190 821.0
1272200 819.2
1272210 819.2
1272220 818.2
1272230 817.6
1272240 817.6
1272250 817.3
1272260 817.8
1272270 817.8
1272280 818.5
1272290 818.1
1272300 818.1
1272310 817.5
1272320 817.2
1272330 817.0
1272340 817.0
1272350 816.9
1272360 816.6
1272370 816.6
1272380 815.1
1272390 812.7
1272400 812.7
1272410 810.4
1272420 808.1
1272430 808.1
1272440 806.0
1272450 804.7
1272460 804.7
1272470 804.2
1272480 803.8
1272490 803.8
1272500 802.6
1272510 801.3
1272520 801.3
1272530 800.7
1272540 800.3
1272550 800.3
1272560 800.9
1272570 801.0
1272580 801.0
1272590 800.8
1272600 800.2
1272610 800.1
1272620 800.1
1272630 800.4
1272640 800.5
1272650 800.5
1272660 800.8
1272670 801.3
1272680 801.3
1272690 802.8
1272700 806.1
1272710 806.1
1272720 808.1
1272730 808.0
1272740 808.0
1272750 807.4
1272760 807.2
1272770 807.2
1272780 808.3
1272790 810.1
1272800 810.1
1272810 812.0
1272820 813.5
1272830 813.5
1272840 815.0
1272850 816.2
1272860 816.9
1272870 816.9
1272880 817.4
1272890 817.7
1272900 817.7
1272910 817.9
1272920 817.9
1272930 817.9
1272940 817.8
1272950 817.1
1272960 817.1
1272970 816.4
1272980 816.8
1272990 816.8
1273000 817.7
1273010 818.1
1273020 818.1
1273030 818.2
1273040 818.3
1273050 818.3
1273060 818.5
1273070 818.7
1273080 818.7
1273090 819.0
1273100 819.4
1273110 819.8
1273120 819.8
1273130 821.1
1273140 821.6
1273150 821.6
1273160 819.7
1273170 819.7
1273180 819.7
1273190 820.5
1273200 821.3
1273210 821.3
1273220 821.4
1273230 822.1
1273240 822.1
1273250 822.7
1273260 822.4
1273270 822.4
1273280 822.1
1273290 823.1
1273300 823.1
1273310 824.8
1273320 825.1
1273330 825.1
1273340 825.7
1273350 827.3
1273360 828.5
1273370 828.5
1273380 830.2
1273390 831.9
1273400 831.9
1273410 834.2
1273420 837.1
1273430 837.1
1273440 839.2
1273450 839.8
1273460 839.8
1273470 838.9
1273480 838.2
1273490 838.2
1273500 838.1
1273510 839.4
1273520 839.4
1273530 840.6
1273540 841.2
1273550 841.2
1273560 841.6
1273570 842.7
1273580 842.7
1273590 842.7
1273600 842.2
1273610 842.2
1273620 840.8
1273630 839.0
1273640 838.3
1273650 838.3
1273660 838.6
1273670 838.9
1273680 838.9
1273690 839.4
1273700 840.0
1273710 840.0
1273720 839.5
1273730 838.5
1273740 838.5
1273750 838.2
1273760 837.6
1273770 837.6
1273780 836.9
1273790 836.3
1273800 838.2
1273810 837.0
1273820 836.2
1273830 836.2
1273840 835.9
1273850 834.8
1273860 834.8
1273870 833.8
1273880 833.7
1273890 835.6
1273900 835.6
1273910 839.0
1273920 840.8
1273930 840.8
1273940 843.0
1273950 844.7
1273960 844.7
1273970 846.6
1273980 848.7
1273990 848.7
1274000 850.2
1274010 851.1
1274020 851.1
1274030 852.4
1274040 853.5
1274050 853.5
1274060 854.3
1274070 855.2
1274080 855.2
1274090 857.0
1274100 858.1
1274110 858.1
1274120 858.9
1274130 859.1
1274140 858.3
1274150 858.3
1274160 857.6
1274170 857.6
1274180 857.6
1274190 858.6
1274200 859.3
1274210 859.3
1274220 860.4
1274230 861.6
1274240 861.6
1274250 863.1
1274260 864.6
1274270 864.6
1274280 865.9
1274290 868.1
1274300 868.1
1274310 872.1
1274320 875.3
1274330 875.3
1274340 877.3
1274350 880.4
1274360 880.4
1274370 880.8
1274380 881.2
1274390 881.8
1274400 882.0
1274410 883.0
1274420 883.2
1274430 883.2
1274440 882.9
1274450 883.0
1274460 883.0
1274470 883.8
1274480 886.1
1274490 886.1
1274500 887.6
1274510 886.9
1274520 886.9
1274530 884.9
1274540 885.9
1274550 885.9
1274560 886.8
1274570 887.5
1274580 887.5
1274590 886.9
1274600 884.5
1274610 884.5
1274620 884.3
1274630 884.4
1274640 883.7
1274650 883.7
1274660 883.1
1274670 882.9
1274680 882.9
1274690 882.7
1274700 882.6
1274710 882.6
1274720 882.4
1274730 882.3
1274740 882.3
1274750 882.1
1274760 882.0
1274770 882.0
1274780 881.9
1274790 881.9
1274800 881.9
1274810 881.9
1274820 881.8
1274830 881.8
1274840 881.8
1274850 881.9
1274860 881.9
1274870 882.0
1274880 882.2
1274890 882.2
1274900 882.3
1274910 882.4
1274920 882.5
1274930 882.5
1274940 882.5
1274950 882.4
1274960 882.4
1274970 882.3
1274980 882.2
1274990 882.2
1275000 882.1
1275010 881.8
1275020 881.8
1275030 880.6
1275040 878.9
1275050 878.9
1275060 877.0
1275070 874.8
1275080 874.8
1275090 873.7
1275100 874.6
1275110 874.6
1275120 876.8
1275130 878.6
1275140 878.6
1275150 879.9
1275160 880.4
1275170 880.7
1275180 880.7
1275190 880.8
1275200 880.7
1275210 880.7
1275220 880.7
1275230 880.7
1275240 880.7
1275250 880.8
1275260 880.9
1275270 880.9
1275280 880.9
1275290 881.0
1275300 881.0
1275310 881.1
1275320 880.9
1275330 880.9
1275340 880.7
1275350 880.6
1275360 880.6
1275370 880.6
1275380 880.6
1275390 880.6
1275400 880.5
1275410 880.4
1275420 880.3
1275430 880.3
1275440 880.0
1275450 880.3
1275460 880.3
1275470 880.3
1275480 880.4
1275490 880.4
1275500 880.6
1275510 880.7
1275520 880.7
1275530 881.0
1275540 881.2
1275550 881.2
1275560 881.4
1275570 881.4
1275580 881.4
1275590 881.5
1275600 881.7
1275610 881.7
1275620 882.5
1275630 882.8
1275640 882.8
1275650 883.2
1275660 883.6
1275670 883.7
1275680 883.7
1275690 883.8
1275700 884.1
1275710 884.1
1275720 884.4
1275730 884.7
1275740 884.7
1275750 885.1
1275760 885.6
1275770 885.6
1275780 886.2
1275790 886.8
1275800 886.8
1275810 887.6
1275820 888.4
1275830 888.4
1275840 888.6
1275850 889.3
1275860 889.3
1275870 890.2
1275880 891.9
1275890 891.9
1275900 893.6
1275910 894.0
1275920 894.2
1275930 894.2
1275940 894.4
1275950 895.3
1275960 895.3
1275970 895.9
1275980 896.4
1275990 896.4
1276000 897.2
1276010 897.9
1276020 897.9
1276030 898.7
1276040 898.6
1276050 898.6
1276060 899.3
1276070 899.7
1276080 899.7
1276090 899.1
1276100 899.3
1276110 899.3
1276120 899.2
1276130 899.5
1276140 899.5
1276150 899.8
1276160 900.2
1276170 900.2
1276180 901.1
1276190 902.0
1276200 902.0
1276210 902.0
1276220 902.0
1276230 903.5
1276240 903.5
1276250 903.4
1276260 902.4
1276270 902.4
1276280 903.5
1276290 904.7
1276300 904.7
1276310 905.4
1276320 906.3
1276330 906.3
1276340 907.0
1276350 908.7
1276360 908.7
1276370 910.0
1276380 910.7
1276390 910.7
1276400 911.7
1276410 912.8
1276420 912.8
1276430 914.1
1276440 915.7
1276450 917.2
1276460 917.2
1276470 918.7
1276480 920.2
1276490 920.2
1276500 921.2
1276510 921.6
1276520 921.6
1276530 922.1
1276540 922.2
1276550 922.2
1276560 921.6
1276570 920.5
1276580 920.5
1276590 919.2
1276600 917.9
1276610 917.9
1276620 916.8
1276630 916.0
1276640 916.0
1276650 915.1
1276660 914.1
1276670 914.1
1276680 913.3
1276690 912.5
1276700 911.8
1276710 911.8
1276720 911.1
1276730 909.8
1276740 909.8
1276750 908.3
1276760 906.8
1276770 906.8
1276780 905.0
1276790 903.1
1276800 903.1
1276810 901.2
1276820 899.5
1276830 899.5
1276840 898.8
1276850 898.2
1276860 898.2
1276870 898.4
1276880 900.1
1276890 900.1
1276900 902.6
1276910 904.2
1276920 904.2
1276930 905.1
1276940 905.9
1276950 907.3
1276960 907.3
1276970 908.4
1276980 908.8
1276990 908.8
1277000 910.1
1277010 911.0
1277020 911.0
1277030 911.0
1277040 911.5
1277050 911.5
1277060 913.4
1277070 915.1
1277080 915.1
1277090 916.0
1277100 916.4
1277110 916.4
1277120 916.9
1277130 917.3
1277140 917.3
1277150 917.6
1277160 917.8
1277170 917.8
1277180 918.3
1277190 918.8
1277200 919.4
1277210 919.4
1277220 920.0
1277230 920.7
1277240 920.7
1277250 921.4
1277260 921.7
1277270 921.7
1277280 922.4
1277290 923.0
1277300 923.0
1277310 923.3
1277320 923.3
1277330 923.3
1277340 923.2
1277350 923.4
1277360 923.4
1277370 923.5
1277380 923.4
1277390 923.4
1277400 924.0
1277410 925.0
1277420 925.0
1277430 927.2
1277440 928.7
1277450 931.4
1277460 934.4
1277470 936.7
1277480 939.8
1277490 939.8
1277500 942.2
1277510 944.6
1277520 944.6
1277530 946.9
1277540 949.2
1277550 949.2
1277560 951.2
1277570 953.5
1277580 953.5
1277590 956.0
1277600 958.1
1277610 958.1
1277620 960.0
1277630 962.2
1277640 962.2
1277650 964.5
1277660 966.9
1277670 966.9
1277680 969.1
1277690 971.3
1277700 971.3
1277710 973.5
1277720 975.7
1277730 977.6
1277740 977.6
1277750 979.4
1277760 981.0
1277770 981.0
1277780 982.7
1277790 984.9
1277800 984.9
1277810 987.3
1277820 988.7
1277830 988.7
1277840 987.4
1277850 982.2
1277860 982.2
1277870 977.3
1277880 973.3
1277890 973.3
1277900 969.9
1277910 966.4
1277920 966.4
1277930 962.2
1277940 957.6
1277950 957.6
1277960 953.4
1277970 950.2
1277980 948.1
1277990 948.1
1278000 946.7
1278010 945.4
1278020 945.4
1278030 944.4
1278040 944.3
1278050 944.3
1278060 944.0
1278070 944.5
1278080 944.5
1278090 944.0
1278100 943.3
1278110 943.3
1278120 942.8
1278130 942.4
1278140 942.4
1278150 941.7
1278160 941.0
1278170 941.0
1278180 940.3
1278190 940.5
1278200 940.5
1278210 941.0
1278220 941.8
1278230 943.0
1278240 943.0
1278250 944.5
1278260 945.9
1278270 945.9
1278280 946.5
1278290 946.6
1278300 946.6
1278310 945.4
1278320 945.3
1278330 945.3
1278340 945.9
1278350 946.0
1278360 946.0
1278370 946.0
1278380 946.2
1278390 946.2
1278400 947.0
1278410 947.2
1278420 947.2
1278430 946.9
1278440 946.4
1278450 946.4
1278460 946.0
1278470 945.5
1278480 945.7
1278490 945.7
1278500 946.0
1278510 946.2
1278520 946.2
1278530 947.3
1278540 948.9
1278550 948.9
1278560 950.2
1278570 950.5
1278580 950.5
1278590 950.0
1278600 949.4
1278610 949.4
1278620 949.5
1278630 950.7
1278640 950.7
1278650 952.4
1278660 952.1
1278670 952.1
1278680 955.0
1278690 957.0
1278700 957.0
1278710 961.3
1278720 964.0
1278730 964.0
1278740 965.5
1278750 965.9
1278760 966.1
1278770 966.1
1278780 967.0
1278790 968.5
1278800 968.5
1278810 970.4
1278820 972.4
1278830 972.4
1278840 974.0
1278850 976.1
1278860 976.1
1278870 978.4
1278880 981.1
1278890 981.1
1278900 983.8
1278910 986.4
1278920 986.4
1278930 987.2
1278940 986.1
1278950 986.1
1278960 984.7
1278970 983.5
1278980 983.5
1278990 982.9
1279000 982.4
1279010 981.7
1279020 981.7
1279030 980.5
1279040 979.4
1279050 979.4
1279060 978.9
1279070 978.3
1279080 978.3
1279090 977.6
1279100 977.0
1279110 977.0
1279120 976.7
1279130 976.4
1279140 976.4
1279150 976.1
1279160 975.8
1279170 975.8
1279180 975.4
1279190 975.0
1279200 975.0
1279210 974.3
1279220 973.9
1279230 973.9
1279240 974.0
1279250 973.8
1279260 974.1
1279270 974.1
1279280 974.7
1279290 974.5
1279300 977.7
1279310 978.0
1279320 979.3
1279330 979.3
1279340 981.9
1279350 985.0
1279360 985.0
1279370 987.7
1279380 989.4
1279390 989.4
1279400 990.3
1279410 991.0
1279420 991.0
1279430 991.9
1279440 992.7
1279450 992.7
1279460 993.8
1279470 995.0
1279480 995.0
1279490 995.4
1279500 995.0
1279510 995.1
1279520 995.1
1279530 995.1
1279540 995.2
1279550 995.2
1279560 995.7
1279570 996.5
1279580 996.5
1279590 997.3
1279600 997.8
1279610 997.8
1279620 998.1
1279630 998.4
1279640 998.4
1279650 998.9
1279660 999.5
1279670 999.5
1279680 1000.4
1279690 1001.3
1279700 1001.3
1279710 1002.3
1279720 1003.0
1279730 1003.0
1279740 1003.6
1279750 1004.5
1279760 1005.1
1279770 1005.1
1279780 1005.9
1279790 1006.8
1279800 1006.8
1279810 1008.0
1279820 1008.8
1279830 1008.8
1279840 1010.1
1279850 1011.4
1279860 1011.4
1279870 1012.9
1279880 1015.3
1279890 1015.3
1279900 1016.6
1279910 1017.5
1279920 1020.3
1279930 1021.8
1279940 1023.4
1279950 1023.4
1279960 1024.1
1279970 1024.2
1279980 1024.2
1279990 1024.6
