1260000 655.6
1260010 652.7
1260020 650.5
1260030 650.5
1260040 649.0
1260050 647.9
1260060 647.9
1260070 647.0
1260080 646.2
1260090 646.2
1260100 645.5
1260110 644.8
1260120 644.8
1260130 644.4
1260140 644.1
1260150 644.1
1260160 643.9
1260170 643.7
1260180 643.7
1260190 643.0
1260200 641.4
1260210 639.9
1260220 639.9
1260230 638.9
1260240 638.3
1260250 638.3
1260260 637.8
1260270 637.3
1260280 637.3
1260290 637.0
1260300 636.6
1260310 636.6
1260320 636.3
1260330 636.0
1260340 636.0
1260350 635.8
1260360 635.6
1260370 635.6
1260380 635.4
1260390 635.2
1260400 635.2
1260410 634.8
1260420 634.6
1260430 634.6
1260440 634.7
1260450 634.7
1260460 634.7
1260470 634.4
1260480 634.0
1260490 635.6
1260500 635.6
1260510 636.7
1260520 636.8
1260530 636.8
1260540 636.5
1260550 635.0
1260560 635.0
1260570 633.3
1260580 632.8
1260590 632.8
1260600 632.5
1260610 631.3
1260620 631.3
1260630 628.8
1260640 630.3
1260650 630.3
1260660 630.8
1260670 629.6
1260680 629.6
1260690 629.7
1260700 629.3
1260710 629.3
1260720 627.8
1260730 624.3
1260740 621.1
1260750 621.1
1260760 619.3
1260770 616.5
1260780 616.5
1260790 613.8
1260800 609.1
1260810 609.1
1260820 603.6
1260830 600.8
1260840 600.8
1260850 599.8
1260860 599.5
1260870 599.5
1260880 599.1
1260890 599.3
1260900 599.3
1260910 600.5
1260920 601.0
1260930 601.0
1260940 601.8
1260950 602.5
1260960 602.5
1260970 603.3
1260980 604.0
1260990 604.4
1261000 604.4
1261010 604.7
1261020 604.6
1261030 604.6
1261040 604.4
1261050 605.1
1261060 605.1
1261070 605.2
1261080 605.2
1261090 605.2
1261100 605.1
1261110 604.9
1261120 604.9
1261130 604.7
1261140 604.3
1261150 604.3
1261160 604.0
1261170 603.5
1261180 603.5
1261190 603.0
1261200 602.7
1261210 602.7
1261220 602.3
1261230 602.2
1261240 602.1
1261250 602.1
1261260 601.9
1261270 601.6
1261280 601.6
1261290 601.5
1261300 601.3
1261310 601.3
1261320 599.7
1261330 599.0
1261340 599.2
1261350 599.4
1261360 600.1
1261370 600.1
1261380 601.0
1261390 601.1
1261400 601.1
1261410 601.4
1261420 602.4
1261430 602.4
1261440 602.1
1261450 601.8
1261460 601.8
1261470 602.2
1261480 602.5
1261490 602.5
1261500 602.3
1261510 602.7
1261520 602.5
1261530 602.5
1261540 601.8
1261550 601.9
1261560 601.9
1261570 602.2
1261580 601.9
1261590 601.9
1261600 601.4
1261610 601.4
1261620 601.4
1261630 601.0
1261640 601.1
1261650 601.1
1261660 600.8
1261670 600.2
1261680 600.2
1261690 599.6
1261700 599.1
1261710 599.1
1261720 598.3
1261730 598.2
1261740 598.2
1261750 598.8
1261760 599.1
1261770 598.6
1261780 598.6
1261790 598.2
1261800 598.2
1261810 598.2
1261820 598.0
1261830 597.9
1261840 597.9
1261850 598.0
1261860 598.2
1261870 598.2
1261880 598.6
1261890 599.1
1261900 599.1
1261910 600.4
1261920 602.2
1261930 602.2
1261940 604.9
1261950 606.6
1261960 606.6
1261970 606.9
1261980 607.4
1261990 607.4
1262000 607.8
1262010 608.0
1262020 608.8
1262030 608.8
1262040 609.3
1262050 609.8
1262060 609.8
1262070 610.8
1262080 612.0
1262090 612.0
1262100 612.8
1262110 613.6
1262120 613.6
1262130 614.4
1262140 615.3
1262150 615.3
1262160 615.8
1262170 616.1
1262180 616.1
1262190 616.3
1262200 616.3
1262210 616.3
1262220 616.2
1262230 616.6
1262240 616.6
1262250 617.3
1262260 618.2
1262270 618.2
1262280 619.3
1262290 620.0
1262300 620.4
1262310 620.4
1262320 620.8
1262330 621.3
1262340 621.3
1262350 622.0
1262360 622.2
1262370 622.2
1262380 621.5
1262390 621.2
1262400 621.2
1262410 621.8
1262420 622.3
1262430 622.3
1262440 623.3
1262450 624.9
1262460 624.9
1262470 624.9
1262480 627.6
1262490 627.6
1262500 628.1
1262510 628.5
1262520 628.5
1262530 628.6
1262540 629.0
1262550 629.7
1262560 629.7
1262570 630.9
1262580 633.1
1262590 633.1
1262600 636.1
1262610 638.9
1262620 638.9
1262630 640.5
1262640 640.9
1262650 640.9
1262660 640.5
1262670 640.0
1262680 640.0
1262690 639.7
1262700 639.7
1262710 639.7
1262720 639.9
1262730 640.4
1262740 640.4
1262750 640.9
1262760 641.3
1262770 641.3
1262780 641.4
1262790 641.2
1262800 641.1
1262810 641.1
1262820 640.4
1262830 639.8
1262840 639.8
1262850 639.9
1262860 639.6
1262870 639.6
1262880 638.4
1262890 636.5
1262900 636.5
1262910 634.9
1262920 633.9
1262930 633.9
1262940 632.8
1262950 631.5
1262960 631.5
1262970 629.9
1262980 628.1
1262990 628.1
1263000 627.0
1263010 626.3
1263020 626.3
1263030 625.1
1263040 623.8
1263050 623.1
1263060 626.8
1263070 627.2
1263080 627.6
1263090 627.6
1263100 626.5
1263110 625.1
1263120 625.1
1263130 623.5
1263140 621.9
1263150 621.9
1263160 620.6
1263170 619.4
1263180 619.4
1263190 618.3
1263200 617.4
1263210 617.4
1263220 616.6
1263230 615.8
1263240 615.8
1263250 615.2
1263260 614.4
1263270 614.4
1263280 613.1
1263290 612.0
1263300 612.0
1263310 611.1
1263320 610.2
1263330 609.7
1263340 609.7
1263350 609.6
1263360 609.3
1263370 609.3
1263380 609.2
1263390 609.2
1263400 609.2
1263410 608.7
1263420 608.1
1263430 608.1
1263440 607.6
1263450 607.2
1263460 607.2
1263470 606.9
1263480 606.5
1263490 606.5
1263500 606.2
1263510 605.7
1263520 605.7
1263530 605.2
1263540 604.6
1263550 604.6
1263560 604.1
1263570 603.6
1263580 603.0
1263590 603.0
1263600 602.5
1263610 601.9
1263620 601.9
1263630 602.5
1263640 601.9
1263650 601.9
1263660 601.2
1263670 600.1
1263680 600.1
1263690 599.6
1263700 598.0
1263710 598.0
1263720 595.4
1263730 597.2
1263740 597.2
1263750 597.3
1263760 597.2
1263770 597.2
1263780 597.0
1263790 596.9
1263800 596.9
1263810 596.5
1263820 596.4
1263830 596.5
1263840 596.5
1263850 596.6
1263860 596.6
1263870 596.6
1263880 596.5
1263890 596.6
1263900 596.6
1263910 596.7
1263920 596.9
1263930 596.9
1263940 597.3
1263950 597.5
1263960 597.5
1263970 597.4
1263980 597.2
1263990 597.2
1264000 597.1
1264010 596.9
1264020 596.9
1264030 596.8
1264040 596.6
1264050 596.6
1264060 596.5
1264070 596.3
1264080 596.1
1264090 596.1
1264100 595.9
1264110 595.6
1264120 595.6
1264130 595.4
1264140 595.0
1264150 595.0
1264160 594.5
1264170 594.1
1264180 594.1
1264190 593.3
1264200 592.8
1264210 594.1
1264220 593.5
1264230 593.0
1264240 593.0
1264250 592.5
1264260 592.2
1264270 592.2
1264280 592.0
1264290 592.1
1264300 592.1
1264310 592.4
1264320 592.8
1264330 592.8
1264340 593.0
1264350 592.9
1264360 592.9
1264370 592.9
1264380 592.9
1264390 592.1
1264400 592.1
1264410 590.9
1264420 590.9
1264430 590.9
1264440 592.3
1264450 592.9
1264460 592.9
1264470 592.8
1264480 591.8
1264490 591.8
1264500 589.6
1264510 588.2
1264520 588.2
1264530 587.7
1264540 587.3
1264550 587.3
1264560 586.8
1264570 586.5
1264580 586.5
1264590 586.1
1264600 585.7
1264610 585.5
1264620 585.5
1264630 585.2
1264640 584.9
1264650 584.9
1264660 584.6
1264670 584.4
1264680 584.4
1264690 584.3
1264700 584.3
1264710 584.3
1264720 584.3
1264730 584.4
1264740 584.4
1264750 584.6
1264760 584.6
1264770 584.6
1264780 584.6
1264790 586.9
1264800 586.9
1264810 587.2
1264820 587.5
1264830 587.5
1264840 587.5
1264850 587.5
1264860 587.5
1264870 587.5
1264880 587.5
1264890 587.6
1264900 587.6
1264910 587.8
1264920 588.0
1264930 588.0
1264940 588.3
1264950 588.6
1264960 588.6
1264970 589.0
1264980 589.0
1264990 589.0
1265000 588.6
1265010 588.1
1265020 588.1
1265030 588.2
1265040 588.6
1265050 588.6
1265060 588.7
1265070 588.7
1265080 588.7
1265090 589.1
1265100 589.2
1265110 589.2
1265120 589.2
1265130 589.1
1265140 589.3
1265150 589.3
1265160 589.6
1265170 589.8
1265180 589.8
1265190 589.8
1265200 590.0
1265210 590.0
1265220 590.2
1265230 590.4
1265240 590.4
1265250 590.5
1265260 590.7
1265270 590.7
1265280 590.6
1265290 590.5
1265300 590.5
1265310 590.6
1265320 590.6
1265330 590.6
1265340 590.5
1265350 590.5
1265360 590.5
1265370 591.6
1265380 591.7
1265390 591.8
1265400 591.8
1265410 592.0
1265420 592.2
1265430 592.2
1265440 592.7
1265450 593.6
1265460 593.6
1265470 594.7
1265480 595.8
1265490 595.8
1265500 597.0
1265510 597.9
1265520 597.9
1265530 598.6
1265540 598.8
1265550 598.8
1265560 598.4
1265570 597.9
1265580 597.9
1265590 597.4
1265600 596.8
1265610 596.8
1265620 596.1
1265630 595.7
1265640 595.7
1265650 595.7
1265660 596.4
1265670 597.9
1265680 597.9
1265690 598.6
1265700 598.8
1265710 598.8
1265720 599.9
1265730 600.9
1265740 600.9
1265750 602.2
1265760 603.0
1265770 603.0
1265780 604.4
1265790 605.9
1265800 605.9
1265810 607.4
1265820 608.9
1265830 608.9
1265840 612.4
1265850 614.2
1265860 614.2
1265870 615.5
1265880 617.0
1265890 619.0
1265900 619.0
1265910 620.0
1265920 620.9
1265930 620.9
1265940 621.9
1265950 626.8
1265960 626.8
1265970 627.8
1265980 629.3
1265990 629.3
1266000 630.4
1266010 632.2
1266020 632.2
1266030 633.8
1266040 635.6
1266050 635.6
1266060 637.7
1266070 639.9
1266080 639.9
1266090 642.1
1266100 643.9
1266110 643.9
1266120 645.6
1266130 648.0
1266140 650.3
1266150 650.3
1266160 652.2
1266170 654.0
1266180 654.0
1266190 655.1
1266200 657.3
1266210 657.3
1266220 659.0
1266230 660.5
1266240 660.5
1266250 662.0
1266260 664.8
1266270 664.8
1266280 667.4
1266290 669.9
1266300 669.9
1266310 672.5
1266320 674.8
1266330 674.8
1266340 676.9
1266350 678.7
1266360 678.7
1266370 680.4
1266380 681.5
1266390 681.5
1266400 681.7
1266410 683.6
1266420 684.9
1266430 684.9
1266440 685.7
1266450 688.3
1266460 688.3
1266470 690.6
1266480 692.7
1266490 692.7
1266500 694.4
1266510 695.8
1266520 695.8
1266530 699.0
1266540 701.1
1266550 701.1
1266560 703.4
1266570 705.9
1266580 705.9
1266590 708.1
1266600 710.6
1266610 710.6
1266620 713.3
1266630 716.5
1266640 716.5
1266650 720.4
1266660 724.4
1266670 728.0
1266680 728.0
1266690 730.2
1266700 731.2
1266710 731.2
1266720 731.3
1266730 731.4
1266740 731.4
1266750 731.6
1266760 732.1
1266770 732.1
1266780 732.6
1266790 732.9
1266800 732.9
1266810 733.2
1266820 733.2
1266830 733.2
1266840 732.7
1266850 731.7
1266860 731.7
1266870 730.2
1266880 728.8
1266890 728.8
1266900 727.4
1266910 726.2
1266920 725.0
1266930 725.0
1266940 723.9
1266950 723.3
1266960 723.3
1266970 723.4
1266980 723.3
1266990 723.3
1267000 722.5
1267010 721.9
1267020 721.9
1267030 721.6
1267040 721.8
1267050 721.8
1267060 722.8
1267070 724.7
1267080 724.7
1267090 726.5
1267100 729.0
1267110 729.0
1267120 737.9
1267130 739.4
1267140 739.4
1267150 739.5
1267160 739.5
1267170 739.5
1267180 739.5
1267190 739.3
1267200 739.0
1267210 739.0
1267220 738.7
1267230 737.9
1267240 737.9
1267250 736.9
1267260 736.6
1267270 736.6
1267280 737.1
1267290 737.6
1267300 737.6
1267310 737.3
1267320 737.1
1267330 737.1
1267340 737.9
1267350 739.8
1267360 739.8
1267370 740.7
1267380 738.1
1267390 738.1
1267400 734.4
1267410 731.9
1267420 731.9
1267430 729.2
1267440 727.6
1267450 726.3
1267460 726.3
1267470 724.1
1267480 720.0
1267490 720.0
1267500 715.2
1267510 711.1
1267520 711.1
1267530 707.3
1267540 703.8
1267550 703.8
1267560 700.8
1267570 699.0
1267580 699.0
1267590 698.5
1267600 697.7
1267610 697.7
1267620 695.7
1267630 693.7
1267640 693.7
1267650 690.8
1267660 688.9
1267670 688.9
1267680 687.9
1267690 687.8
1267700 681.0
1267710 681.0
1267720 679.6
1267730 678.0
1267740 678.0
1267750 676.7
1267760 674.9
1267770 674.9
1267780 672.8
1267790 670.9
1267800 670.9
1267810 669.3
1267820 668.4
1267830 668.4
1267840 667.5
1267850 667.3
1267860 667.3
1267870 668.3
1267880 668.0
1267890 668.0
1267900 667.7
1267910 666.2
1267920 666.2
1267930 664.7
1267940 663.1
1267950 662.2
1267960 662.2
1267970 661.2
1267980 660.4
1267990 660.4
1268000 659.8
1268010 659.5
1268020 659.5
1268030 658.6
1268040 657.8
1268050 657.8
1268060 655.5
1268070 653.3
1268080 653.3
1268090 652.0
1268100 650.4
1268110 650.4
1268120 648.8
1268130 647.5
1268140 647.5
1268150 644.8
1268160 641.8
1268170 641.8
1268180 639.5
1268190 637.3
1268200 637.3
1268210 635.4
1268220 634.0
1268230 632.9
1268240 632.9
1268250 631.7
1268260 630.7
1268270 630.7
1268280 629.6
1268290 628.8
1268300 628.8
1268310 627.8
1268320 626.9
1268330 626.9
1268340 626.2
1268350 625.5
1268360 625.5
1268370 624.7
1268380 624.1
1268390 624.1
1268400 623.7
1268410 623.2
1268420 623.2
1268430 622.3
1268440 621.4
1268450 621.4
1268460 621.4
1268470 621.5
1268480 621.2
1268490 621.2
1268500 618.9
1268510 618.3
1268520 618.3
1268530 618.0
1268540 617.6
1268550 617.6
1268560 617.9
1268570 618.6
1268580 618.6
1268590 619.2
1268600 620.3
1268610 620.3
1268620 622.2
1268630 624.3
1268640 624.3
1268650 626.5
1268660 627.6
1268670 627.6
1268680 629.7
1268690 631.6
1268700 631.6
1268710 633.2
1268720 635.8
1268730 637.1
1268740 637.1
1268750 638.4
1268760 639.2
1268770 639.2
1268780 640.3
1268790 641.0
1268800 641.0
1268810 641.2
1268820 641.2
1268830 641.2
1268840 641.9
1268850 642.6
1268860 642.6
1268870 643.7
1268880 646.9
1268890 646.9
1268900 647.1
1268910 647.9
1268920 647.9
1268930 648.6
1268940 649.0
1268950 649.0
1268960 649.9
1268970 651.5
1268980 652.3
1268990 652.3
1269000 651.5
1269010 648.8
1269020 648.8
1269030 644.8
1269040 642.2
1269050 642.2
1269060 642.0
1269070 641.7
1269080 641.7
1269090 641.7
1269100 641.5
1269110 641.5
1269120 641.4
1269130 641.4
1269140 641.4
1269150 641.3
1269160 641.2
1269170 641.2
1269180 641.2
1269190 641.3
1269200 641.3
1269210 641.1
1269220 639.8
1269230 639.8
1269240 637.9
1269250 635.7
1269260 634.4
1269270 634.4
1269280 629.9
1269290 613.3
1269300 613.3
1269310 598.2
1269320 592.6
1269330 592.6
1269340 591.9
1269350 594.1
1269360 594.1
1269370 595.7
1269380 595.2
1269390 595.2
1269400 596.0
1269410 602.2
1269420 602.2
1269430 610.2
1269440 616.6
1269450 616.6
1269460 627.5
1269470 634.7
1269480 634.7
1269490 645.4
1269500 650.8
1269510 652.1
1269520 652.1
1269530 651.8
1269540 653.9
1269550 653.9
1269560 657.6
1269570 660.6
1269580 660.6
1269590 662.5
1269600 666.1
1269610 666.1
1269620 669.7
1269630 673.2
1269640 673.2
1269650 676.2
1269660 677.2
1269670 677.2
1269680 676.8
1269690 677.3
1269700 677.3
1269710 678.2
1269720 679.1
1269730 679.1
1269740 680.2
1269750 681.4
1269760 682.9
1269770 682.9
1269780 684.6
1269790 686.2
1269800 686.2
1269810 687.6
1269820 689.0
1269830 689.0
1269840 689.0
1269850 688.1
1269860 688.1
1269870 686.6
1269880 685.7
1269890 685.7
1269900 685.3
1269910 685.3
1269920 685.3
1269930 685.5
1269940 685.8
1269950 685.8
1269960 686.3
1269970 687.1
1269980 687.1
1269990 688.8
1270000 690.8
1270010 692.6
1270020 692.6
1270030 694.2
1270040 695.0
1270050 695.0
1270060 698.2
1270070 698.0
1270080 698.0
1270090 698.5
1270100 699.1
1270110 699.1
1270120 699.5
1270130 699.8
1270140 699.8
1270150 700.5
1270160 701.7
1270170 701.7
1270180 702.4
1270190 703.3
1270200 703.3
1270210 705.3
1270220 706.7
1270230 706.7
1270240 707.8
1270250 708.2
1270260 708.2
1270270 708.6
1270280 709.1
1270290 709.9
1270300 709.9
1270310 710.0
1270320 710.2
1270330 710.2
1270340 711.0
1270350 711.9
1270360 711.9
1270370 713.2
1270380 714.8
1270390 714.8
1270400 716.1
1270410 717.4
1270420 717.4
1270430 718.5
1270440 719.7
1270450 719.7
1270460 721.5
1270470 723.3
1270480 723.3
1270490 725.3
1270500 728.2
1270510 728.2
1270520 730.2
1270530 732.7
1270540 735.9
1270550 735.9
1270560 739.2
1270570 743.4
1270580 743.4
1270590 746.8
1270600 749.2
1270610 749.2
1270620 751.4
1270630 753.7
1270640 753.7
1270650 755.9
1270660 760.1
1270670 760.1
1270680 760.0
1270690 759.8
1270700 759.8
1270710 759.7
1270720 759.3
1270730 759.3
1270740 759.0
1270750 759.0
1270760 759.0
1270770 759.6
1270780 760.9
1270790 762.2
1270800 762.2
1270810 763.1
1270820 763.4
1270830 763.4
1270840 763.1
1270850 762.4
1270860 762.4
1270870 761.4
1270880 760.2
1270890 760.2
1270900 758.8
1270910 758.0
1270920 758.0
1270930 758.2
1270940 757.7
1270950 757.7
1270960 757.1
1270970 756.2
1270980 756.2
1270990 755.8
1271000 760.1
1271010 760.1
1271020 761.3
1271030 761.3
1271040 761.3
1271050 760.4
1271060 757.0
1271070 754.3
1271080 754.3
1271090 752.4
1271100 751.2
1271110 751.2
1271120 750.1
1271130 748.3
1271140 748.3
1271150 745.6
1271160 744.3
1271170 744.3
1271180 743.0
1271190 741.2
1271200 741.2
1271210 738.4
1271220 736.1
1271230 736.1
1271240 735.0
1271250 734.6
1271260 734.6
1271270 732.9
1271280 731.5
1271290 731.5
1271300 731.0
1271310 731.2
1271320 731.9
1271330 731.9
1271340 732.3
1271350 732.8
1271360 732.8
1271370 733.8
1271380 735.3
1271390 735.3
1271400 736.4
1271410 737.8
1271420 737.8
1271430 738.6
1271440 739.5
1271450 739.5
1271460 740.8
1271470 742.0
1271480 742.0
1271490 741.7
1271500 741.2
1271510 741.2
1271520 740.5
1271530 739.7
1271540 739.7
1271550 738.5
1271560 737.5
1271570 737.0
1271580 737.0
1271590 736.7
1271600 736.7
1271610 736.7
1271620 736.3
1271630 735.7
1271640 735.7
1271650 734.9
1271660 734.0
1271670 734.0
1271680 733.2
1271690 731.8
1271700 731.8
1271710 730.5
1271720 729.4
1271730 729.4
1271740 729.2
1271750 728.7
1271760 728.7
1271770 728.1
1271780 727.6
1271790 727.6
1271800 727.3
1271810 727.0
1271820 726.9
1271830 726.9
1271840 726.7
1271850 727.8
1271860 727.8
1271870 728.1
1271880 728.9
1271890 728.9
1271900 730.2
1271910 730.9
1271920 730.9
1271930 731.3
1271940 732.3
1271950 732.3
1271960 733.0
1271970 733.8
1271980 733.8
1271990 734.7
1272000 735.1
1272010 735.1
1272020 735.7
1272030 736.3
1272040 736.3
1272050 736.9
1272060 737.8
1272070 737.8
1272080 738.4
1272090 738.8
1272100 739.2
1272110 739.2
1272120 739.6
1272130 739.5
1272140 739.5
1272150 739.7
1272160 739.6
1272170 739.6
1272180 739.2
1272190 739.1
1272200 739.1
1272210 739.0
1272220 738.9
1272230 738.9
1272240 738.7
1272250 736.6
1272260 736.6
1272270 734.5
1272280 732.1
1272290 732.1
1272300 729.7
1272310 728.5
1272320 728.5
1272330 727.8
1272340 727.3
1272350 726.9
1272360 726.9
1272370 726.9
1272380 726.9
1272390 726.9
1272400 726.6
1272410 726.1
1272420 726.1
1272430 725.6
1272440 724.9
1272450 727.0
1272460 727.7
1272470 728.8
1272480 728.8
1272490 729.3
1272500 729.6
1272510 729.6
1272520 729.8
1272530 729.7
1272540 729.7
1272550 729.7
1272560 729.6
1272570 729.6
1272580 729.6
1272590 729.3
1272600 728.7
1272610 728.7
1272620 728.3
1272630 728.7
1272640 728.7
1272650 728.9
1272660 728.9
1272670 728.9
1272680 729.2
1272690 730.0
1272700 730.0
1272710 731.2
1272720 732.3
1272730 732.3
1272740 733.0
1272750 733.4
1272760 733.4
1272770 733.6
1272780 733.6
1272790 733.6
1272800 733.3
1272810 732.9
1272820 732.9
1272830 732.6
1272840 732.4
1272850 732.5
1272860 732.5
1272870 732.8
1272880 733.4
1272890 733.4
1272900 734.0
1272910 734.5
1272920 734.5
1272930 734.9
1272940 735.4
1272950 735.4
1272960 735.4
1272970 735.3
1272980 735.3
1272990 735.6
1273000 735.9
1273010 735.9
1273020 737.1
1273030 738.0
1273040 738.0
1273050 736.3
1273060 736.2
1273070 736.2
1273080 736.3
1273090 736.6
1273100 736.6
1273110 737.2
1273120 737.9
1273130 738.5
1273140 738.5
1273150 739.2
1273160 740.0
1273170 740.0
1273180 740.9
1273190 741.7
1273200 741.7
1273210 742.3
1273220 742.7
1273230 742.7
1273240 742.6
1273250 742.1
1273260 742.1
1273270 741.7
1273280 741.2
1273290 741.2
1273300 739.6
1273310 738.3
1273320 738.3
1273330 736.9
1273340 736.0
1273350 736.0
1273360 739.3
1273370 743.3
1273380 747.3
1273390 747.3
1273400 748.5
1273410 749.7
1273420 749.7
1273430 751.3
1273440 752.4
1273450 752.4
1273460 752.7
1273470 752.7
1273480 752.7
1273490 752.7
1273500 753.6
1273510 753.6
1273520 754.5
1273530 755.2
1273540 755.2
1273550 755.0
1273560 753.6
1273570 753.6
1273580 752.1
1273590 751.8
1273600 751.8
1273610 752.3
1273620 753.5
1273630 754.2
1273640 754.2
1273650 754.9
1273660 755.5
1273670 755.5
1273680 756.7
1273690 758.3
1273700 758.3
1273710 758.8
1273720 759.8
1273730 759.8
1273740 760.2
1273750 760.5
1273760 760.5
1273770 760.5
1273780 760.4
1273790 760.4
1273800 760.5
1273810 760.4
1273820 760.4
1273830 760.1
1273840 760.2
1273850 760.2
1273860 760.3
1273870 760.3
1273880 760.5
1273890 760.5
1273900 760.7
1273910 760.7
1273920 760.7
1273930 760.7
1273940 760.8
1273950 760.8
1273960 760.9
1273970 761.3
1273980 761.3
1273990 761.8
1274000 761.8
1274010 761.8
1274020 761.8
1274030 761.8
1274040 761.8
1274050 761.6
1274060 761.4
1274070 761.4
1274080 761.4
1274090 761.3
1274100 761.3
1274110 760.5
1274120 760.1
1274130 760.1
1274140 761.9
1274150 762.5
1274160 763.0
1274170 763.0
1274180 763.5
1274190 763.8
1274200 763.8
1274210 764.4
1274220 764.5
1274230 764.5
1274240 764.7
1274250 766.6
1274260 766.6
1274270 768.4
1274280 769.8
1274290 769.8
1274300 772.2
1274310 774.2
1274320 774.2
1274330 775.2
1274340 776.6
1274350 776.6
1274360 778.6
1274370 780.7
1274380 780.7
1274390 782.2
1274400 783.0
1274410 783.8
1274420 783.8
1274430 784.8
1274440 785.7
1274450 785.7
1274460 786.9
1274470 788.0
1274480 788.0
1274490 788.9
1274500 789.7
1274510 789.7
1274520 790.3
1274530 790.6
1274540 790.6
1274550 790.7
1274560 789.9
1274570 789.9
1274580 789.2
1274590 789.5
1274600 789.5
1274610 790.2
1274620 790.1
1274630 790.1
1274640 790.2
1274650 792.1
1274660 794.1
1274670 794.1
1274680 794.2
1274690 793.9
1274700 793.9
1274710 793.4
1274720 793.3
1274730 793.3
1274740 793.4
1274750 793.6
1274760 793.6
1274770 793.7
1274780 794.9
1274790 794.9
1274800 796.3
1274810 797.1
1274820 797.1
1274830 797.9
1274840 799.0
1274850 799.0
1274860 802.5
1274870 803.5
1274880 803.5
1274890 804.3
1274900 805.1
1274910 805.1
1274920 806.0
1274930 806.9
1274940 807.9
1274950 807.9
1274960 809.2
1274970 811.0
1274980 811.0
1274990 812.6
1275000 813.8
1275010 813.8
1275020 814.8
1275030 815.6
1275040 815.6
1275050 816.4
1275060 817.1
1275070 817.1
1275080 817.7
1275090 818.4
1275100 818.4
1275110 818.8
1275120 819.0
1275130 819.0
1275140 819.0
1275150 819.0
1275160 819.0
1275170 818.6
1275180 818.0
1275190 817.3
1275200 817.3
1275210 816.8
1275220 816.3
1275230 816.3
1275240 816.3
1275250 817.4
1275260 817.4
1275270 819.7
1275280 820.4
1275290 820.4
1275300 819.4
1275310 819.0
1275320 819.0
1275330 819.0
1275340 819.3
1275350 819.3
1275360 819.7
1275370 820.3
1275380 820.3
1275390 820.8
1275400 821.5
1275410 821.5
1275420 822.2
1275430 822.7
1275440 823.0
1275450 823.0
1275460 825.1
1275470 825.3
1275480 825.3
1275490 825.4
1275500 825.3
1275510 825.3
1275520 824.3
1275530 822.9
1275540 822.9
1275550 821.4
1275560 819.8
1275570 819.8
1275580 818.5
1275590 817.9
1275600 817.9
1275610 818.0
1275620 816.5
1275630 816.5
1275640 808.5
1275650 800.9
1275660 800.9
1275670 794.6
1275680 789.5
1275690 787.9
1275700 787.9
1275710 789.8
1275720 793.5
1275730 793.5
1275740 798.9
1275750 806.3
1275760 806.3
1275770 814.1
1275780 822.0
1275790 822.0
1275800 829.7
1275810 836.9
1275820 836.9
1275830 843.0
1275840 845.6
1275850 845.6
1275860 847.5
1275870 848.6
1275880 848.6
1275890 849.0
1275900 849.7
1275910 849.7
1275920 850.6
1275930 852.0
1275940 852.0
1275950 852.9
1275960 853.4
1275970 854.3
1275980 854.3
1275990 854.8
1276000 855.0
1276010 855.0
1276020 855.5
1276030 855.8
1276040 855.8
1276050 856.1
1276060 856.6
1276070 858.2
1276080 859.2
1276090 860.3
1276100 860.3
1276110 861.8
1276120 863.4
1276130 863.4
1276140 864.6
1276150 866.0
1276160 866.0
1276170 867.8
1276180 868.8
1276190 868.8
1276200 870.7
1276210 873.2
1276220 875.3
1276230 875.3
1276240 877.5
1276250 879.5
1276260 879.5
1276270 881.2
1276280 882.7
1276290 882.7
1276300 884.2
1276310 885.7
1276320 885.7
1276330 887.7
1276340 890.3
1276350 890.3
1276360 892.5
1276370 893.9
1276380 893.9
1276390 895.0
1276400 896.6
1276410 896.6
1276420 898.1
1276430 898.8
1276440 898.8
1276450 898.6
1276460 898.0
1276470 897.4
1276480 897.4
1276490 896.6
1276500 895.4
1276510 895.4
1276520 894.1
1276530 892.8
1276540 892.8
1276550 891.5
1276560 890.2
1276570 890.2
1276580 889.1
1276590 888.1
1276600 888.1
1276610 887.2
1276620 885.9
1276630 885.9
1276640 884.6
1276650 883.3
1276660 883.3
1276670 882.1
1276680 880.9
1276690 881.1
1276700 879.8
1276710 878.3
1276720 876.5
1276730 876.5
1276740 874.4
1276750 872.1
1276760 872.1
1276770 869.4
1276780 866.4
1276790 866.4
1276800 863.1
1276810 860.6
1276820 860.6
1276830 859.1
1276840 857.5
1276850 857.5
1276860 857.0
1276870 857.0
1276880 857.0
1276890 858.2
1276900 861.8
1276910 861.8
1276920 864.4
1276930 866.8
1276940 866.8
1276950 869.4
1276960 871.4
1276970 871.4
1276980 874.0
1276990 875.6
1277000 876.1
1277010 876.1
1277020 876.6
1277030 876.9
1277040 876.9
1277050 877.1
1277060 877.2
1277070 877.2
1277080 877.3
1277090 877.4
1277100 877.4
1277110 877.5
1277120 877.4
1277130 877.4
1277140 877.3
1277150 877.7
1277160 877.7
1277170 878.0
1277180 878.2
1277190 878.2
1277200 878.6
1277210 879.2
1277220 879.2
1277230 879.6
1277240 880.2
1277250 880.5
1277260 880.5
1277270 880.8
1277280 881.2
1277290 881.2
1277300 882.0
1277310 882.6
1277320 882.6
1277330 883.3
1277340 883.8
1277350 883.8
1277360 884.2
1277370 884.7
1277380 884.7
1277390 885.2
1277400 885.7
1277410 885.7
1277420 886.5
1277430 887.2
1277440 887.2
1277450 888.0
1277460 888.6
1277470 888.6
1277480 889.5
1277490 890.4
1277500 891.3
1277510 891.3
1277520 892.5
1277530 894.2
1277540 894.2
1277550 896.2
1277560 897.3
1277570 897.3
1277580 898.2
1277590 898.9
1277600 898.9
1277610 899.4
1277620 899.7
1277630 899.7
1277640 899.7
1277650 899.5
1277660 899.5
1277670 899.3
1277680 899.3
1277690 899.3
1277700 898.8
1277710 898.5
1277720 898.5
1277730 898.4
1277740 898.3
1277750 897.8
1277760 897.8
1277770 897.4
1277780 897.3
1277790 897.3
1277800 897.2
1277810 897.1
1277820 897.1
1277830 897.2
1277840 897.3
1277850 897.3
1277860 897.4
1277870 897.3
1277880 897.3
1277890 897.1
1277900 896.7
1277910 896.8
1277920 895.7
1277930 895.0
1277940 895.0
1277950 894.5
1277960 893.9
1277970 893.9
1277980 893.4
1277990 892.8
1278000 892.8
1278010 892.2
1278020 891.6
1278030 891.1
1278040 891.1
1278050 890.7
1278060 890.3
1278070 890.3
1278080 889.9
1278090 889.7
1278100 889.7
1278110 889.4
1278120 889.1
1278130 889.1
1278140 888.9
1278150 889.0
1278160 889.0
1278170 889.1
1278180 888.9
1278190 888.9
1278200 888.6
1278210 888.2
1278220 888.2
1278230 887.4
1278240 886.3
1278250 886.3
1278260 885.6
1278270 885.1
1278280 884.9
1278290 884.9
1278300 884.8
1278310 884.5
1278320 884.5
1278330 884.4
1278340 884.3
1278350 884.3
1278360 884.2
1278370 884.0
1278380 884.0
1278390 883.9
1278400 883.8
1278410 883.8
1278420 883.6
1278430 883.6
1278440 883.6
1278450 883.6
1278460 883.5
1278470 883.5
1278480 883.2
1278490 883.1
1278500 883.1
1278510 883.3
1278520 883.4
1278530 883.9
1278540 883.9
1278550 884.2
1278560 884.4
1278570 884.4
1278580 884.8
1278590 885.1
1278600 885.1
1278610 885.6
1278620 886.1
1278630 886.1
1278640 886.9
1278650 887.3
1278660 887.3
1278670 887.6
1278680 888.3
1278690 888.3
1278700 888.6
1278710 888.8
1278720 888.8
1278730 889.3
1278740 889.2
1278750 889.2
1278760 889.3
1278770 889.4
1278780 889.6
1278790 889.6
1278800 890.0
1278810 891.1
1278820 891.1
1278830 892.5
1278840 893.6
1278850 893.6
1278860 894.2
1278870 894.7
1278880 894.7
1278890 895.1
1278900 895.6
1278910 895.6
1278920 896.2
1278930 897.4
1278940 897.4
1278950 899.3
1278960 901.9
1278970 901.9
1278980 904.6
1278990 906.5
1279000 906.5
1279010 908.0
1279020 909.3
1279030 909.3
1279040 910.8
1279050 911.9
1279060 913.4
1279070 913.4
1279080 915.4
1279090 917.5
1279100 917.5
1279110 919.6
1279120 921.3
1279130 921.3
1279140 922.9
1279150 925.8
1279160 925.8
1279170 928.3
1279180 930.9
1279190 930.9
1279200 933.8
1279210 935.9
1279220 935.9
1279230 938.0
1279240 940.3
1279250 940.3
1279260 942.7
1279270 945.0
1279280 945.0
1279290 947.3
1279300 949.2
1279310 951.0
1279320 951.0
1279330 952.8
1279340 954.5
1279350 954.5
1279360 956.0
1279370 957.3
1279380 957.3
1279390 958.4
1279400 959.3
1279410 959.3
1279420 960.1
1279430 960.6
1279440 960.6
1279450 960.8
1279460 960.8
1279470 960.8
1279480 960.3
1279490 959.5
1279500 959.5
1279510 958.6
1279520 957.5
1279530 957.5
1279540 956.0
1279550 954.1
1279560 952.0
1279570 952.0
1279580 949.9
1279590 947.0
1279600 947.0
1279610 944.6
1279620 942.5
1279630 942.5
1279640 939.8
1279650 937.5
1279660 937.5
1279670 935.2
1279680 932.5
1279690 932.5
1279700 929.9
1279710 927.3
1279720 927.3
1279730 924.9
1279740 922.6
1279750 922.6
1279760 920.7
1279770 917.4
1279780 917.4
1279790 915.7
1279800 914.6
1279810 912.8
1279820 912.8
1279830 911.0
1279840 910.5
1279850 910.5
1279860 909.9
1279870 909.3
1279880 909.3
1279890 908.8
1279900 908.4
1279910 908.4
1279920 908.2
1279930 907.9
1279940 907.9
1279950 907.5
1279960 907.1
1279970 907.1
1279980 907.1
1279990 907.2
