1260000 685.8
1260010 685.8
1260020 685.8
1260030 686.0
1260040 686.7
1260050 686.7
1260060 687.1
1260070 687.5
1260080 687.5
1260090 688.2
1260100 689.7
1260110 689.7
1260120 691.1
1260130 692.1
1260140 692.1
1260150 693.3
1260160 694.3
1260170 694.7
1260180 694.7
1260190 694.8
1260200 694.9
1260210 694.9
1260220 694.7
1260230 694.2
1260240 694.2
1260250 693.5
1260260 693.5
1260270 693.5
1260280 693.6
1260290 693.8
1260300 693.8
1260310 694.1
1260320 695.0
1260330 695.0
1260340 695.7
1260350 695.8
1260360 695.8
1260370 695.3
1260380 694.4
1260390 694.4
1260400 694.5
1260410 695.6
1260420 695.6
1260430 696.2
1260440 696.3
1260450 695.7
1260460 695.7
1260470 694.8
1260480 694.7
1260490 694.7
1260500 695.8
1260510 702.7
1260520 702.7
1260530 704.0
1260540 704.9
1260550 704.9
1260560 705.5
1260570 705.7
1260580 705.7
1260590 705.4
1260600 706.3
1260610 706.3
1260620 707.7
1260630 708.2
1260640 708.2
1260650 708.6
1260660 709.3
1260670 709.3
1260680 709.8
1260690 710.4
1260700 711.0
1260710 711.0
1260720 711.4
1260730 711.9
1260740 711.9
1260750 712.2
1260760 712.7
1260770 712.7
1260780 713.2
1260790 713.4
1260800 713.4
1260810 713.4
1260820 713.2
1260830 713.2
1260840 712.8
1260850 712.4
1260860 712.4
1260870 712.1
1260880 712.0
1260890 712.0
1260900 712.0
1260910 712.1
1260920 712.1
1260930 712.2
1260940 712.1
1260950 711.6
1260960 711.6
1260970 712.0
1260980 712.2
1260990 712.2
1261000 712.5
1261010 712.7
1261020 712.7
1261030 713.0
1261040 713.1
1261050 713.1
1261060 713.2
1261070 713.6
1261080 719.5
1261090 719.7
1261100 719.7
1261110 719.7
1261120 719.5
1261130 719.1
1261140 719.1
1261150 718.1
1261160 718.4
1261170 718.4
1261180 718.7
1261190 718.6
1261200 717.6
1261210 717.6
1261220 717.3
1261230 717.8
1261240 717.8
1261250 718.9
1261260 719.6
1261270 719.6
1261280 721.2
1261290 723.2
1261300 723.2
1261310 725.0
1261320 726.7
1261330 726.7
1261340 727.8
1261350 728.2
1261360 728.2
1261370 727.8
1261380 729.0
1261390 729.0
1261400 731.3
1261410 733.5
1261420 733.5
1261430 735.0
1261440 735.9
1261450 735.9
1261460 737.8
1261470 737.8
1261480 735.2
1261490 735.2
1261500 731.4
1261510 727.6
1261520 727.6
1261530 723.9
1261540 720.6
1261550 720.6
1261560 718.3
1261570 716.2
1261580 716.2
1261590 714.7
1261600 713.8
1261610 713.8
1261620 712.1
1261630 716.7
1261640 716.7
1261650 722.5
1261660 729.4
1261670 729.4
1261680 736.0
1261690 742.2
1261700 742.2
1261710 748.3
1261720 754.0
1261730 759.8
1261740 759.8
1261750 765.0
1261760 769.8
1261770 769.8
1261780 774.3
1261790 778.6
1261800 778.6
1261810 782.4
1261820 785.4
1261830 785.4
1261840 788.3
1261850 791.3
1261860 791.3
1261870 794.3
1261880 796.8
1261890 796.8
1261900 798.5
1261910 799.0
1261920 799.0
1261930 799.3
1261940 799.6
1261950 799.6
1261960 800.2
1261970 800.9
1261980 801.6
1261990 801.6
1262000 802.3
1262010 802.8
1262020 802.8
1262030 803.2
1262040 803.5
1262050 803.5
1262060 803.7
1262070 803.9
1262080 803.9
1262090 803.9
1262100 803.9
1262110 803.9
1262120 803.9
1262130 803.7
1262140 803.7
1262150 803.5
1262160 803.6
1262170 803.6
1262180 804.0
1262190 804.2
1262200 804.2
1262210 804.6
1262220 805.6
1262230 806.2
1262240 806.2
1262250 806.7
1262260 807.1
1262270 807.1
1262280 807.4
1262290 807.6
1262300 807.6
1262310 807.7
1262320 807.8
1262330 807.8
1262340 807.9
1262350 808.2
1262360 808.2
1262370 808.5
1262380 808.7
1262390 808.7
1262400 809.1
1262410 809.5
1262420 809.5
1262430 809.9
1262440 810.3
1262450 810.3
1262460 810.5
1262470 810.8
1262480 811.0
1262490 811.0
1262500 811.2
1262510 811.5
1262520 811.5
1262530 811.5
1262540 811.7
1262550 811.7
1262560 811.7
1262570 811.8
1262580 811.8
1262590 812.0
1262600 812.2
1262610 812.2
1262620 812.7
1262630 813.1
1262640 813.1
1262650 813.7
1262660 814.3
1262670 814.3
1262680 814.6
1262690 814.9
1262700 814.9
1262710 815.2
1262720 815.5
1262730 815.5
1262740 815.4
1262750 813.8
1262760 809.3
1262770 809.3
1262780 802.6
1262790 793.6
1262800 793.6
1262810 786.7
1262820 779.8
1262830 779.8
1262840 773.0
1262850 766.2
1262860 766.2
1262870 759.3
1262880 752.3
1262890 752.3
1262900 745.7
1262910 739.1
1262920 739.1
1262930 732.5
1262940 725.9
1262950 725.9
1262960 719.2
1262970 712.5
1262980 712.5
1262990 705.7
1263000 699.0
1263010 692.2
1263020 692.2
1263030 684.2
1263040 676.0
1263050 676.0
1263060 667.7
1263070 660.2
1263080 660.2
1263090 652.8
1263100 646.4
1263110 646.4
1263120 641.6
1263130 636.5
1263140 636.5
1263150 631.8
1263160 633.4
1263170 633.4
1263180 637.4
1263190 639.0
1263200 639.0
1263210 643.4
1263220 647.5
1263230 647.5
1263240 650.3
1263250 652.5
1263260 653.8
1263270 653.8
1263280 655.1
1263290 656.5
1263300 656.5
1263310 657.9
1263320 659.3
1263330 659.3
1263340 660.6
1263350 662.0
1263360 662.0
1263370 664.8
1263380 665.9
1263390 665.9
1263400 666.7
1263410 667.6
1263420 667.6
1263430 668.5
1263440 669.1
1263450 669.1
1263460 669.5
1263470 669.7
1263480 669.7
1263490 669.8
1263500 669.9
1263510 670.0
1263520 670.0
1263530 670.0
1263540 670.6
1263550 670.6
1263560 672.0
1263570 673.6
1263580 673.6
1263590 675.4
1263600 677.5
1263610 677.5
1263620 680.2
1263630 683.2
1263640 683.2
1263650 685.6
1263660 687.3
1263670 687.3
1263680 688.9
1263690 691.1
1263700 691.1
1263710 692.8
1263720 695.4
1263730 695.4
1263740 698.9
1263750 702.4
1263760 702.4
1263770 706.3
1263780 709.9
1263790 713.1
1263800 713.1
1263810 715.3
1263820 717.6
1263830 717.6
1263840 720.8
1263850 724.2
1263860 724.2
1263870 727.2
1263880 729.9
1263890 729.9
1263900 732.1
1263910 733.9
1263920 733.9
1263930 734.9
1263940 735.0
1263950 741.3
1263960 739.5
1263970 736.9
1263980 736.9
1263990 736.8
1264000 739.9
1264010 739.9
1264020 740.9
1264030 743.2
1264040 748.1
1264050 748.1
1264060 751.0
1264070 753.5
1264080 753.5
1264090 756.3
1264100 758.6
1264110 758.6
1264120 760.3
1264130 761.3
1264140 761.3
1264150 761.8
1264160 761.8
1264170 761.8
1264180 761.2
1264190 760.2
1264200 760.2
1264210 758.6
1264220 757.1
1264230 757.1
1264240 755.9
1264250 754.7
1264260 754.7
1264270 752.5
1264280 752.1
1264290 752.8
1264300 752.8
1264310 752.5
1264320 751.7
1264330 751.7
1264340 750.5
1264350 749.0
1264360 749.0
1264370 747.0
1264380 744.4
1264390 744.4
1264400 741.8
1264410 739.6
1264420 739.6
1264430 736.7
1264440 733.3
1264450 733.3
1264460 729.3
1264470 724.6
1264480 724.6
1264490 720.1
1264500 719.7
1264510 719.7
1264520 727.8
1264530 732.5
1264540 736.7
1264550 736.7
1264560 739.7
1264570 740.7
1264580 740.7
1264590 740.9
1264600 740.9
1264610 740.9
1264620 740.3
1264630 738.8
1264640 738.8
1264650 736.9
1264660 734.9
1264670 734.9
1264680 733.5
1264690 732.4
1264700 732.4
1264710 731.3
1264720 729.8
1264730 729.8
1264740 728.2
1264750 726.2
1264760 726.2
1264770 723.8
1264780 721.3
1264790 721.3
1264800 720.1
1264810 718.7
1264820 716.4
1264830 716.4
1264840 715.1
1264850 713.7
1264860 713.7
1264870 711.9
1264880 709.8
1264890 709.8
1264900 707.6
1264910 705.8
1264920 705.8
1264930 702.6
1264940 697.9
1264950 697.9
1264960 692.2
1264970 688.2
1264980 688.2
1264990 688.2
1265000 689.5
1265010 689.5
1265020 689.6
1265030 688.1
1265040 688.1
1265050 692.5
1265060 697.3
1265070 700.6
1265080 700.6
1265090 703.8
1265100 712.4
1265110 712.4
1265120 715.1
1265130 717.1
1265140 717.1
1265150 719.0
1265160 720.6
1265170 720.6
1265180 722.1
1265190 723.0
1265200 723.0
1265210 723.2
1265220 722.8
1265230 722.8
1265240 722.0
1265250 720.7
1265260 720.7
1265270 719.0
1265280 720.7
1265290 720.7
1265300 726.1
1265310 731.2
1265320 736.0
1265330 736.0
1265340 740.6
1265350 744.9
1265360 744.9
1265370 748.7
1265380 751.9
1265390 751.9
1265400 754.4
1265410 754.9
1265420 754.9
1265430 752.9
1265440 749.7
1265450 749.7
1265460 745.4
1265470 740.2
1265480 740.2
1265490 735.1
1265500 735.2
1265510 735.2
1265520 740.5
1265530 746.6
1265540 746.6
1265550 752.5
1265560 758.2
1265570 763.9
1265580 763.9
1265590 768.7
1265600 770.1
1265610 770.1
1265620 769.6
1265630 769.5
1265640 769.5
1265650 772.1
1265660 776.0
1265670 776.0
1265680 784.7
1265690 788.3
1265700 788.3
1265710 792.3
1265720 792.7
1265730 792.7
1265740 793.6
1265750 797.8
1265760 797.8
1265770 802.0
1265780 805.7
1265790 805.7
1265800 809.7
1265810 813.9
1265820 815.9
1265830 815.9
1265840 814.3
1265850 812.7
1265860 812.7
1265870 813.5
1265880 816.7
1265890 816.7
1265900 820.3
1265910 822.1
1265920 822.1
1265930 823.0
1265940 823.9
1265950 823.9
1265960 824.8
1265970 825.7
1265980 825.7
1265990 826.7
1266000 827.5
1266010 827.5
1266020 828.2
1266030 828.7
1266040 828.7
1266050 829.1
1266060 829.6
1266070 829.6
1266080 830.1
1266090 830.3
1266100 830.6
1266110 830.6
1266120 830.9
1266130 831.2
1266140 831.2
1266150 831.4
1266160 831.6
1266170 831.6
1266180 831.8
1266190 832.1
1266200 832.1
1266210 832.5
1266220 832.9
1266230 832.9
1266240 833.4
1266250 833.9
1266260 835.2
1266270 835.7
1266280 836.3
1266290 836.3
1266300 836.5
1266310 836.6
1266320 836.6
1266330 837.0
1266340 837.5
1266350 837.9
1266360 837.9
1266370 838.3
1266380 838.5
1266390 838.5
1266400 838.8
1266410 839.0
1266420 839.0
1266430 839.1
1266440 839.2
1266450 839.2
1266460 839.3
1266470 839.2
1266480 839.2
1266490 839.3
1266500 839.5
1266510 839.5
1266520 839.7
1266530 839.8
1266540 839.8
1266550 839.9
1266560 840.0
1266570 840.0
1266580 840.1
1266590 840.2
1266600 840.4
1266610 840.4
1266620 840.6
1266630 840.6
1266640 840.6
1266650 840.8
1266660 841.0
1266670 841.0
1266680 841.2
1266690 841.3
1266700 841.3
1266710 841.4
1266720 841.5
1266730 841.5
1266740 841.6
1266750 841.6
1266760 841.6
1266770 841.8
1266780 841.8
1266790 841.8
1266800 841.6
1266810 841.6
1266820 841.6
1266830 841.5
1266840 841.6
1266850 842.8
1266860 842.8
1266870 843.1
1266880 843.6
1266890 843.6
1266900 844.1
1266910 844.8
1266920 844.8
1266930 845.8
1266940 847.2
1266950 847.2
1266960 848.7
1266970 850.3
1266980 850.3
1266990 851.9
1267000 853.2
1267010 853.2
1267020 854.5
1267030 855.6
1267040 855.6
1267050 856.5
1267060 856.9
1267070 856.9
1267080 857.0
1267090 857.3
1267100 857.3
1267110 857.8
1267120 858.7
1267130 857.7
1267140 857.7
1267150 853.6
1267160 848.5
1267170 848.5
1267180 843.2
1267190 838.8
1267200 838.8
1267210 835.1
1267220 832.1
1267230 832.1
1267240 829.3
1267250 826.0
1267260 826.0
1267270 822.4
1267280 819.3
1267290 819.3
1267300 816.4
1267310 813.4
1267320 813.4
1267330 811.1
1267340 809.3
1267350 809.3
1267360 807.1
1267370 804.9
1267380 802.5
1267390 802.5
1267400 800.8
1267410 800.1
1267420 800.1
1267430 801.3
1267440 803.5
1267450 803.5
1267460 806.6
1267470 808.0
1267480 808.0
1267490 807.7
1267500 809.2
1267510 809.2
1267520 809.3
1267530 806.2
1267540 806.2
1267550 802.6
1267560 800.4
1267570 800.4
1267580 797.0
1267590 793.4
1267600 793.4
1267610 789.4
1267620 786.1
1267630 781.5
1267640 781.5
1267650 778.3
1267660 775.4
1267670 775.4
1267680 772.4
1267690 768.0
1267700 768.0
1267710 764.6
1267720 762.3
1267730 762.3
1267740 760.4
1267750 755.5
1267760 755.5
1267770 750.0
1267780 745.4
1267790 745.4
1267800 741.2
1267810 739.0
1267820 739.0
1267830 736.8
1267840 735.2
1267850 735.2
1267860 733.6
1267870 732.1
1267880 730.6
1267890 730.6
1267900 729.6
1267910 728.7
1267920 728.7
1267930 727.7
1267940 727.1
1267950 727.1
1267960 726.9
1267970 726.3
1267980 726.3
1267990 726.0
1268000 726.4
1268010 726.4
1268020 727.9
1268030 728.3
1268040 728.3
1268050 728.9
1268060 729.2
1268070 729.2
1268080 729.8
1268090 729.0
1268100 729.0
1268110 726.3
1268120 723.9
1268130 723.9
1268140 723.1
1268150 721.4
1268160 718.0
1268170 718.0
1268180 714.4
1268190 710.1
1268200 710.1
1268210 705.3
1268220 699.9
1268230 699.9
1268240 693.6
1268250 688.0
1268260 688.0
1268270 684.6
1268280 682.3
1268290 682.3
1268300 678.7
1268310 675.1
1268320 675.1
1268330 669.9
1268340 665.0
1268350 665.0
1268360 662.9
1268370 662.8
1268380 662.8
1268390 662.8
1268400 662.6
1268410 662.1
1268420 662.1
1268430 660.1
1268440 655.7
1268450 655.7
1268460 653.7
1268470 652.3
1268480 652.3
1268490 648.7
1268500 644.9
1268510 644.9
1268520 641.4
1268530 637.8
1268540 637.8
1268550 633.8
1268560 631.0
1268570 631.0
1268580 628.7
1268590 625.4
1268600 625.4
1268610 621.8
1268620 621.5
1268630 621.5
1268640 621.0
1268650 620.2
1268660 619.1
1268670 619.1
1268680 618.0
1268690 617.1
1268700 617.1
1268710 617.2
1268720 620.3
1268730 620.3
1268740 621.7
1268750 623.4
1268760 623.4
1268770 628.0
1268780 632.7
1268790 632.7
1268800 638.3
1268810 643.6
1268820 643.6
1268830 646.0
1268840 647.1
1268850 647.1
1268860 648.4
1268870 650.0
1268880 650.0
1268890 651.6
1268900 653.3
1268910 655.0
1268920 655.0
1268930 657.5
1268940 660.2
1268950 660.2
1268960 662.8
1268970 666.0
1268980 666.0
1268990 668.2
1269000 668.2
1269010 668.2
1269020 666.2
1269030 664.0
1269040 664.0
1269050 664.5
1269060 665.1
1269070 665.1
1269080 665.7
1269090 667.2
1269100 667.2
1269110 668.9
1269120 670.6
1269130 670.6
1269140 672.8
1269150 663.9
1269160 654.6
1269170 654.6
1269180 652.2
1269190 645.7
1269200 640.1
1269210 631.3
1269220 612.1
1269230 612.1
1269240 607.1
1269250 602.8
1269260 602.8
1269270 601.2
1269280 601.8
1269290 601.8
1269300 605.5
1269310 609.8
1269320 609.8
1269330 614.5
1269340 621.2
1269350 621.2
1269360 627.7
1269370 632.0
1269380 632.0
1269390 636.2
1269400 639.3
1269410 639.3
1269420 642.6
1269430 647.2
1269440 650.7
1269450 650.7
1269460 653.3
1269470 656.5
1269480 656.5
1269490 660.3
1269500 664.2
1269510 664.2
1269520 667.7
1269530 671.9
1269540 671.9
1269550 676.7
1269560 682.1
1269570 682.1
1269580 687.8
1269590 691.2
1269600 691.2
1269610 696.7
1269620 704.8
1269630 704.8
1269640 712.6
1269650 718.1
1269660 718.1
1269670 723.3
1269680 729.0
1269690 732.0
1269700 732.0
1269710 733.9
1269720 734.6
1269730 734.6
1269740 733.7
1269750 734.4
1269760 734.4
1269770 736.6
1269780 739.5
1269790 745.1
1269800 749.6
1269810 754.6
1269820 754.6
1269830 760.1
1269840 776.2
1269850 776.2
1269860 792.6
1269870 801.3
1269880 801.3
1269890 803.2
1269900 804.1
1269910 804.1
1269920 805.4
1269930 808.9
1269940 810.4
1269950 810.4
1269960 811.4
1269970 812.7
1269980 812.7
1269990 814.0
1270000 815.4
1270010 815.4
1270020 816.2
1270030 816.9
1270040 816.9
1270050 818.9
1270060 820.4
1270070 820.4
1270080 821.5
1270090 822.4
1270100 822.4
1270110 823.6
1270120 825.5
1270130 825.5
1270140 827.1
1270150 828.8
1270160 828.8
1270170 830.4
1270180 831.6
1270190 833.2
1270200 833.2
1270210 834.8
1270220 836.6
1270230 836.6
1270240 838.2
1270250 839.8
1270260 839.8
1270270 841.5
1270280 843.1
1270290 843.1
1270300 844.6
1270310 845.9
1270320 845.9
1270330 847.4
1270340 848.6
1270350 848.6
1270360 849.7
1270370 850.6
1270380 852.5
1270390 853.5
1270400 854.8
1270410 854.8
1270420 856.6
1270430 858.3
1270440 858.3
1270450 859.8
1270460 861.0
1270470 862.4
1270480 862.4
1270490 864.2
1270500 865.1
1270510 865.1
1270520 866.0
1270530 866.6
1270540 866.6
1270550 867.3
1270560 868.2
1270570 868.2
1270580 869.1
1270590 870.0
1270600 870.0
1270610 870.9
1270620 871.7
1270630 871.7
1270640 872.3
1270650 873.0
1270660 873.0
1270670 874.0
1270680 874.9
1270690 874.9
1270700 875.6
1270710 876.4
1270720 877.1
1270730 877.1
1270740 878.0
1270750 878.8
1270760 878.8
1270770 879.8
1270780 880.8
1270790 880.8
1270800 881.9
1270810 883.2
1270820 883.2
1270830 884.7
1270840 886.4
1270850 886.4
1270860 887.7
1270870 888.7
1270880 888.7
1270890 889.9
1270900 891.4
1270910 891.4
1270920 893.0
1270930 894.9
1270940 894.9
1270950 896.8
1270960 898.5
1270970 900.3
1270980 903.6
1270990 905.4
1271000 906.8
1271010 906.8
1271020 907.7
1271030 908.3
1271040 908.3
1271050 909.1
1271060 909.8
1271070 909.8
1271080 910.1
1271090 911.1
1271100 911.1
1271110 913.0
1271120 913.0
1271130 913.0
1271140 903.3
1271150 894.1
1271160 894.1
1271170 888.8
1271180 884.8
1271190 884.8
1271200 881.5
1271210 879.1
1271220 877.5
1271230 877.5
1271240 875.4
1271250 872.2
1271260 872.2
1271270 868.3
1271280 864.9
1271290 864.9
1271300 861.7
1271310 859.6
1271320 859.6
1271330 858.7
1271340 858.0
1271350 858.0
1271360 854.8
1271370 851.3
1271380 851.3
1271390 851.4
1271400 849.6
1271410 849.6
1271420 845.8
1271430 843.1
1271440 843.1
1271450 842.0
1271460 849.9
1271470 856.5
1271480 856.5
1271490 857.1
1271500 857.5
1271510 857.5
1271520 857.7
1271530 857.6
1271540 857.6
1271550 857.4
1271560 857.2
1271570 857.7
1271580 857.5
1271590 857.0
1271600 857.0
1271610 856.3
1271620 855.5
1271630 855.5
1271640 854.5
1271650 853.7
1271660 853.7
1271670 853.0
1271680 852.2
1271690 852.2
1271700 851.5
1271710 850.8
1271720 850.8
1271730 849.9
1271740 849.0
1271750 847.9
1271760 847.9
1271770 847.1
1271780 846.5
1271790 846.5
1271800 846.1
1271810 845.6
1271820 845.6
1271830 845.1
1271840 844.8
1271850 844.8
1271860 844.0
1271870 843.3
1271880 843.3
1271890 843.0
1271900 842.6
1271910 842.6
1271920 841.9
1271930 841.5
1271940 841.5
1271950 841.0
1271960 840.6
1271970 840.6
1271980 840.2
1271990 839.3
1272000 838.4
1272010 838.4
1272020 837.8
1272030 837.1
1272040 837.1
1272050 836.6
1272060 835.9
1272070 835.9
1272080 835.0
1272090 834.1
1272100 834.1
1272110 833.4
1272120 832.8
1272130 832.8
1272140 832.3
1272150 831.7
1272160 831.7
1272170 831.2
1272180 830.6
1272190 830.6
1272200 830.2
1272210 829.7
1272220 829.7
1272230 829.3
1272240 828.9
1272250 828.5
1272260 828.5
1272270 828.1
1272280 827.6
1272290 827.6
1272300 827.4
1272310 827.2
1272320 827.2
1272330 827.0
1272340 826.9
1272350 826.9
1272360 826.9
1272370 827.1
1272380 827.1
1272390 827.3
1272400 827.0
1272410 827.0
1272420 826.9
1272430 826.9
1272440 826.9
1272450 827.1
1272460 827.3
1272470 827.3
1272480 827.3
1272490 827.6
1272500 828.1
1272510 828.1
1272520 828.2
1272530 828.5
1272540 828.5
1272550 828.7
1272560 829.5
1272570 829.5
1272580 831.4
1272590 831.9
1272600 831.9
1272610 832.0
1272620 832.5
1272630 832.5
1272640 833.0
1272650 833.0
1272660 833.0
1272670 833.6
1272680 834.0
1272690 834.0
1272700 834.1
1272710 834.0
1272720 834.0
1272730 834.1
1272740 834.4
1272750 834.4
1272760 834.5
1272770 831.9
1272780 831.2
1272790 831.2
1272800 828.8
1272810 824.0
1272820 824.0
1272830 822.1
1272840 821.7
1272850 821.7
1272860 820.5
1272870 820.2
1272880 820.2
1272890 820.5
1272900 818.5
1272910 818.5
1272920 815.1
1272930 813.3
1272940 813.3
1272950 812.6
1272960 811.0
1272970 811.0
1272980 805.3
1272990 801.8
1273000 801.8
1273010 798.9
1273020 793.2
1273030 786.3
1273040 786.3
1273050 780.3
1273060 775.1
1273070 775.1
1273080 772.6
1273090 772.0
1273100 772.0
1273110 774.2
1273120 777.0
1273130 777.0
1273140 779.3
1273150 783.8
1273160 783.8
1273170 786.2
1273180 789.0
1273190 789.0
1273200 791.6
1273210 793.8
1273220 793.8
1273230 795.5
1273240 796.0
1273250 796.0
1273260 795.6
1273270 796.0
1273280 795.5
1273290 795.5
1273300 796.4
1273310 798.2
1273320 798.2
1273330 800.5
1273340 801.6
1273350 801.6
1273360 801.7
1273370 803.1
1273380 803.1
1273390 804.6
1273400 806.0
1273410 806.0
1273420 808.7
1273430 809.2
1273440 809.2
1273450 807.5
1273460 806.0
1273470 806.0
1273480 805.4
1273490 805.5
1273500 805.5
1273510 806.3
1273520 810.7
1273530 814.2
1273540 814.2
1273550 815.9
1273560 816.3
1273570 816.3
1273580 816.4
1273590 816.8
1273600 816.8
1273610 817.3
1273620 817.9
1273630 817.9
1273640 818.2
1273650 818.6
1273660 818.6
1273670 819.1
1273680 819.6
1273690 819.6
1273700 819.9
1273710 820.0
1273720 820.0
1273730 820.2
1273740 819.7
1273750 819.7
1273760 818.8
1273770 814.6
1273780 814.6
1273790 812.5
1273800 811.2
1273810 809.7
1273820 809.7
1273830 808.2
1273840 805.7
1273850 805.7
1273860 799.8
1273870 799.2
1273880 799.2
1273890 803.2
1273900 805.9
1273910 805.9
1273920 809.7
1273930 813.4
1273940 813.4
1273950 816.0
1273960 818.1
1273970 820.6
1273980 823.0
1273990 825.6
1274000 825.6
1274010 826.9
1274020 828.6
1274030 828.6
1274040 829.2
1274050 830.0
1274060 831.0
1274070 831.0
1274080 832.0
1274090 832.7
1274100 832.7
1274110 833.2
1274120 833.4
1274130 833.4
1274140 833.2
1274150 834.5
1274160 834.5
1274170 835.8
1274180 835.7
1274190 835.7
1274200 837.1
1274210 838.4
1274220 838.4
1274230 838.9
1274240 839.4
1274250 839.4
1274260 838.8
1274270 838.2
1274280 838.2
1274290 838.5
1274300 838.1
1274310 838.6
1274320 838.6
1274330 839.9
1274340 841.4
1274350 841.4
1274360 843.5
1274370 845.3
1274380 845.3
1274390 846.5
1274400 847.9
1274410 847.9
1274420 848.9
1274430 849.7
1274440 849.7
1274450 850.6
1274460 851.5
1274470 851.5
1274480 853.0
1274490 854.1
1274500 854.1
1274510 855.4
1274520 857.1
1274530 857.1
1274540 858.9
1274550 860.0
1274560 860.2
1274570 860.2
1274580 862.2
1274590 862.3
1274600 862.3
1274610 862.5
1274620 862.1
1274630 862.1
1274640 861.6
1274650 861.2
1274660 861.2
1274670 861.0
1274680 860.9
1274690 860.9
1274700 860.8
1274710 861.2
1274720 861.2
1274730 861.8
1274740 861.9
1274750 861.9
1274760 862.1
1274770 862.1
1274780 862.1
1274790 862.5
1274800 863.3
1274810 863.5
1274820 863.5
1274830 861.2
1274840 858.1
1274850 858.1
1274860 855.3
1274870 851.9
1274880 851.9
1274890 851.5
1274900 853.0
1274910 853.0
1274920 857.9
1274930 862.9
1274940 862.9
1274950 866.3
1274960 868.5
1274970 868.5
1274980 869.5
1274990 869.9
1275000 869.9
1275010 870.4
1275020 871.0
1275030 871.0
1275040 871.2
1275050 871.5
1275060 871.5
1275070 871.9
1275080 872.3
1275090 872.8
1275100 872.8
1275110 873.8
1275120 875.2
1275130 875.2
1275140 876.6
1275150 877.1
1275160 877.1
1275170 876.7
1275180 876.1
1275190 875.3
1275200 875.1
1275210 874.7
1275220 874.7
1275230 874.2
1275240 873.6
1275250 873.6
1275260 873.1
1275270 872.7
1275280 872.7
1275290 871.9
1275300 869.3
1275310 869.3
1275320 867.8
1275330 867.4
1275340 867.4
1275350 867.4
1275360 865.5
1275370 866.1
1275380 866.1
1275390 869.5
1275400 871.0
1275410 871.0
1275420 872.7
1275430 875.8
1275440 875.8
1275450 878.7
1275460 882.3
1275470 882.3
1275480 886.2
1275490 888.4
1275500 888.4
1275510 890.2
1275520 892.0
1275530 892.0
1275540 893.4
1275550 894.9
1275560 894.9
1275570 896.5
1275580 898.6
1275590 900.7
1275600 900.7
1275610 902.8
1275620 904.9
1275630 904.9
1275640 907.5
1275650 910.0
1275660 910.0
1275670 912.3
1275680 914.9
1275690 914.9
1275700 917.2
1275710 919.4
1275720 919.4
1275730 921.0
1275740 921.9
1275750 921.9
1275760 923.4
1275770 925.5
1275780 925.5
1275790 923.1
1275800 920.3
1275810 920.3
1275820 917.6
1275830 916.0
1275840 915.2
1275850 915.2
1275860 914.8
1275870 914.4
1275880 914.4
1275890 913.9
1275900 913.2
1275910 913.2
1275920 912.3
1275930 911.3
1275940 911.3
1275950 910.2
1275960 908.7
1275970 908.7
1275980 907.4
1275990 906.6
1276000 906.6
1276010 905.9
1276020 905.0
1276030 905.0
1276040 904.0
1276050 902.8
1276060 902.8
1276070 901.5
1276080 900.2
1276090 900.2
1276100 898.9
1276110 897.5
1276120 895.9
1276130 895.9
1276140 894.2
1276150 892.8
1276160 892.8
1276170 891.0
1276180 889.6
1276190 889.6
1276200 889.1
1276210 888.8
1276220 888.8
1276230 888.4
1276240 887.8
1276250 887.8
1276260 887.0
1276270 886.0
1276280 886.0
1276290 885.8
1276300 885.2
1276310 885.2
1276320 884.7
1276330 884.9
1276340 884.9
1276350 886.4
1276360 887.0
1276370 886.8
1276380 886.8
1276390 886.6
1276400 886.6
1276410 886.6
1276420 886.4
1276430 886.4
1276440 886.4
1276450 885.7
1276460 884.9
1276470 884.9
1276480 883.4
1276490 881.4
1276500 881.4
1276510 880.4
1276520 880.1
1276530 880.1
1276540 879.9
1276550 879.7
1276560 879.7
1276570 879.4
1276580 879.2
1276590 879.2
1276600 878.8
1276610 878.7
1276620 878.6
1276630 878.6
1276640 878.4
1276650 878.2
1276660 878.2
1276670 878.1
1276680 878.0
1276690 878.0
1276700 878.1
1276710 878.2
1276720 878.2
1276730 878.3
1276740 878.4
1276750 878.4
1276760 878.7
1276770 879.0
1276780 879.0
1276790 879.0
1276800 879.1
1276810 879.1
1276820 879.5
1276830 880.0
1276840 880.0
1276850 879.9
1276860 880.1
1276870 880.0
1276880 880.0
1276890 880.5
1276900 881.1
1276910 881.1
1276920 881.3
1276930 881.5
1276940 881.5
1276950 882.0
1276960 882.3
1276970 882.3
1276980 883.8
1276990 885.8
1277000 885.8
1277010 886.6
1277020 886.6
1277030 886.6
1277040 886.5
1277050 886.9
1277060 886.9
1277070 886.8
1277080 887.1
1277090 887.1
1277100 888.1
1277110 888.0
1277120 888.4
1277130 888.4
1277140 888.9
1277150 889.3
1277160 889.3
1277170 888.9
1277180 889.0
1277190 889.0
1277200 889.1
1277210 888.6
1277220 888.6
1277230 888.3
1277240 888.1
1277250 888.1
1277260 887.9
1277270 887.1
1277280 887.1
1277290 886.2
1277300 885.7
1277310 885.7
1277320 885.7
1277330 886.3
1277340 886.3
1277350 887.0
1277360 888.5
1277370 888.5
1277380 891.2
1277390 894.4
1277400 896.4
1277410 896.4
1277420 898.0
1277430 899.3
1277440 899.3
1277450 900.2
1277460 900.9
1277470 900.9
1277480 901.3
1277490 901.4
1277500 901.4
1277510 901.2
1277520 901.2
1277530 901.2
1277540 901.4
1277550 902.1
1277560 902.1
1277570 902.6
1277580 902.6
1277590 902.6
1277600 902.9
1277610 903.1
1277620 903.1
1277630 905.2
1277640 905.2
1277650 905.2
1277660 905.2
1277670 905.4
1277680 906.1
1277690 906.1
1277700 907.0
1277710 907.9
1277720 907.9
1277730 908.6
1277740 909.6
1277750 909.6
1277760 911.2
1277770 913.0
1277780 913.0
1277790 915.0
1277800 916.6
1277810 916.6
1277820 917.9
1277830 919.5
1277840 919.5
1277850 921.5
1277860 923.5
1277870 923.5
1277880 926.0
1277890 928.5
1277900 930.8
1277910 930.8
1277920 932.6
1277930 934.6
1277940 934.6
1277950 936.4
1277960 938.1
1277970 938.1
1277980 939.6
1277990 941.1
1278000 941.1
1278010 942.6
1278020 944.1
1278030 944.1
1278040 946.1
1278050 948.7
1278060 948.7
1278070 951.6
1278080 953.9
1278090 953.9
1278100 954.1
1278110 952.6
1278120 952.6
1278130 950.3
1278140 948.1
1278150 945.8
1278160 945.8
1278170 943.1
1278180 940.3
1278190 940.3
1278200 936.8
1278210 932.1
1278220 932.1
1278230 926.9
1278240 923.4
1278250 923.6
1278260 921.9
1278270 921.2
1278280 921.2
1278290 919.2
1278300 919.0
1278310 919.0
1278320 920.5
1278330 921.6
1278340 921.6
1278350 922.6
1278360 923.2
1278370 923.2
1278380 924.2
1278390 926.8
1278400 926.8
1278410 928.7
1278420 929.1
1278430 927.2
1278440 927.2
1278450 925.2
1278460 923.7
1278470 923.7
1278480 922.6
1278490 922.3
1278500 922.3
1278510 922.0
1278520 921.6
1278530 921.6
1278540 920.8
1278550 920.1
1278560 920.1
1278570 919.5
1278580 918.9
1278590 918.9
1278600 918.8
1278610 918.8
1278620 918.8
1278630 919.2
1278640 919.6
1278650 919.6
1278660 920.0
1278670 920.5
1278680 920.7
1278690 920.7
1278700 920.9
1278710 921.2
1278720 921.2
1278730 921.9
1278740 923.2
1278750 923.2
1278760 925.1
1278770 927.1
1278780 927.1
1278790 929.2
1278800 931.1
1278810 931.1
1278820 931.5
1278830 930.3
1278840 930.3
1278850 928.6
1278860 927.6
1278870 927.1
1278880 926.5
1278890 926.4
1278900 926.4
1278910 926.8
1278920 927.2
1278930 927.7
1278940 927.7
1278950 928.1
1278960 929.3
1278970 929.3
1278980 931.2
1278990 933.6
1279000 933.6
1279010 935.9
1279020 937.8
1279030 937.8
1279040 939.8
1279050 941.8
1279060 941.8
1279070 942.6
1279080 944.2
1279090 944.2
1279100 945.7
1279110 946.1
1279120 946.1
1279130 945.6
1279140 944.5
1279150 944.5
1279160 943.6
1279170 942.3
1279180 939.4
1279190 939.4
1279200 939.3
1279210 941.2
1279220 941.2
1279230 941.7
1279240 942.0
1279250 942.0
1279260 942.4
1279270 942.8
1279280 942.8
1279290 943.1
1279300 943.4
1279310 943.4
1279320 943.9
1279330 944.5
1279340 944.5
1279350 945.0
1279360 945.5
1279370 945.5
1279380 946.1
1279390 947.1
1279400 947.1
1279410 948.6
1279420 950.2
1279430 951.7
1279440 951.7
1279450 953.3
1279460 955.0
1279470 955.0
1279480 960.5
1279490 960.9
1279500 960.9
1279510 961.3
1279520 962.0
1279530 962.0
1279540 963.3
1279550 964.3
1279560 964.3
1279570 964.9
1279580 965.7
1279590 965.7
1279600 966.4
1279610 967.1
1279620 967.1
1279630 967.5
1279640 967.8
1279650 967.8
1279660 968.1
1279670 968.3
1279680 968.3
1279690 969.7
1279700 970.9
1279710 971.7
1279720 971.7
1279730 972.5
1279740 973.0
1279750 973.0
1279760 973.4
1279770 973.3
1279780 973.3
1279790 972.9
1279800 972.9
1279810 972.9
1279820 973.9
1279830 975.0
1279840 975.0
1279850 975.9
1279860 976.5
1279870 976.5
1279880 976.5
1279890 976.1
1279900 976.1
1279910 975.7
1279920 975.5
1279930 975.5
1279940 975.9
1279950 976.7
1279960 977.5
1279970 977.5
1279980 978.3
1279990 978.6
