1260000 642.2
1260010 642.2
1260020 640.1
1260030 639.0
1260040 639.0
1260050 638.2
1260060 637.1
1260070 635.3
1260080 635.3
1260090 632.8
1260100 630.6
1260110 630.6
1260120 629.2
1260130 628.5
1260140 628.5
1260150 626.9
1260160 625.9
1260170 625.9
1260180 625.0
1260190 623.2
1260200 623.2
1260210 623.6
1260220 624.4
1260230 624.4
1260240 624.3
1260250 623.9
1260260 623.9
1260270 623.5
1260280 623.1
1260290 623.1
1260300 622.5
1260310 622.7
1260320 623.2
1260330 623.2
1260340 624.6
1260350 625.6
1260360 625.6
1260370 625.2
1260380 626.5
1260390 626.5
1260400 629.9
1260410 631.7
1260420 633.1
1260430 632.2
1260440 631.6
1260450 631.6
1260460 630.9
1260470 630.4
1260480 630.4
1260490 629.7
1260500 629.1
1260510 629.1
1260520 628.4
1260530 627.6
1260540 627.6
1260550 627.3
1260560 627.0
1260570 626.9
1260580 626.9
1260590 626.4
1260600 625.4
1260610 625.4
1260620 624.8
1260630 624.2
1260640 624.2
1260650 623.7
1260660 623.1
1260670 623.1
1260680 622.6
1260690 622.1
1260700 622.1
1260710 621.6
1260720 621.2
1260730 621.2
1260740 620.8
1260750 620.4
1260760 620.4
1260770 620.1
1260780 619.8
1260790 619.8
1260800 619.4
1260810 619.0
1260820 618.8
1260830 618.8
1260840 618.6
1260850 618.3
1260860 618.3
1260870 617.4
1260880 616.5
1260890 616.5
1260900 615.7
1260910 615.2
1260920 615.2
1260930 614.7
1260940 614.3
1260950 614.3
1260960 613.9
1260970 613.6
1260980 613.6
1260990 613.4
1261000 613.2
1261010 613.2
1261020 613.0
1261030 612.9
1261040 612.9
1261050 613.0
1261060 613.6
1261070 613.6
1261080 614.2
1261090 614.8
1261100 614.9
1261110 614.9
1261120 614.4
1261130 613.9
1261140 613.9
1261150 614.0
1261160 614.2
1261170 614.2
1261180 614.6
1261190 615.7
1261200 615.7
1261210 616.6
1261220 617.2
1261230 617.2
1261240 618.0
1261250 619.0
1261260 619.0
1261270 621.0
1261280 622.8
1261290 622.8
1261300 623.4
1261310 624.8
1261320 624.8
1261330 625.5
1261340 626.3
1261350 627.3
1261360 627.3
1261370 627.9
1261380 628.8
1261390 628.8
1261400 629.5
1261410 630.3
1261420 630.3
1261430 630.8
1261440 631.3
1261450 631.3
1261460 631.7
1261470 632.0
1261480 632.0
1261490 632.2
1261500 632.4
1261510 632.4
1261520 632.5
1261530 632.5
1261540 632.5
1261550 632.6
1261560 635.0
1261570 635.0
1261580 635.0
1261590 634.8
1261600 634.4
1261610 634.4
1261620 634.0
1261630 633.4
1261640 633.4
1261650 632.4
1261660 631.0
1261670 631.0
1261680 630.2
1261690 629.4
1261700 629.4
1261710 628.7
1261720 628.2
1261730 628.2
1261740 627.6
1261750 627.5
1261760 627.5
1261770 627.5
1261780 627.3
1261790 627.3
1261800 628.0
1261810 629.7
1261820 629.7
1261830 631.9
1261840 634.3
1261850 636.5
1261860 636.5
1261870 638.6
1261880 640.6
1261890 640.6
1261900 642.4
1261910 644.1
1261920 644.1
1261930 646.1
1261940 648.6
1261950 648.6
1261960 651.4
1261970 653.7
1261980 653.7
1261990 655.1
1262000 656.2
1262010 656.2
1262020 658.4
1262030 660.5
1262040 660.5
1262050 662.2
1262060 663.8
1262070 663.8
1262080 665.6
1262090 667.3
1262100 667.3
1262110 669.4
1262120 671.8
1262130 678.8
1262140 678.8
1262150 680.9
1262160 682.7
1262170 682.7
1262180 684.2
1262190 685.2
1262200 685.2
1262210 686.4
1262220 689.4
1262230 689.4
1262240 691.4
1262250 692.5
1262260 692.5
1262270 694.7
1262280 698.2
1262290 698.2
1262300 701.4
1262310 704.1
1262320 704.1
1262330 706.2
1262340 708.1
1262350 708.1
1262360 709.8
1262370 711.1
1262380 712.2
1262390 712.2
1262400 713.0
1262410 713.5
1262420 713.5
1262430 713.6
1262440 713.4
1262450 713.4
1262460 713.1
1262470 712.7
1262480 712.7
1262490 712.3
1262500 711.9
1262510 711.9
1262520 711.3
1262530 710.7
1262540 710.7
1262550 710.2
1262560 709.8
1262570 709.8
1262580 709.4
1262590 709.0
1262600 709.0
1262610 708.7
1262620 708.3
1262630 707.9
1262640 707.9
1262650 707.5
1262660 706.8
1262670 706.8
1262680 706.0
1262690 705.4
1262700 705.4
1262710 708.2
1262720 707.3
1262730 707.3
1262740 706.6
1262750 706.2
1262760 706.2
1262770 705.8
1262780 705.4
1262790 705.4
1262800 705.1
1262810 704.6
1262820 704.6
1262830 704.2
1262840 703.9
1262850 703.9
1262860 703.6
1262870 703.0
1262880 702.2
1262890 702.2
1262900 701.5
1262910 700.7
1262920 700.7
1262930 699.8
1262940 698.9
1262950 698.9
1262960 697.7
1262970 695.8
1262980 695.8
1262990 693.3
1263000 691.0
1263010 691.0
1263020 689.7
1263030 688.7
1263040 688.7
1263050 687.7
1263060 687.1
1263070 687.1
1263080 687.5
1263090 688.4
1263100 688.4
1263110 689.1
1263120 689.9
1263130 689.9
1263140 689.8
1263150 689.6
1263160 689.0
1263170 689.0
1263180 687.1
1263190 684.2
1263200 684.2
1263210 679.6
1263220 673.8
1263230 673.8
1263240 668.0
1263250 662.5
1263260 662.5
1263270 657.4
1263280 648.8
1263290 648.8
1263300 643.8
1263310 639.0
1263320 639.0
1263330 634.3
1263340 629.6
1263350 629.6
1263360 627.8
1263370 626.8
1263380 626.8
1263390 626.1
1263400 625.5
1263410 624.8
1263420 624.8
1263430 623.7
1263440 622.2
1263450 622.2
1263460 619.7
1263470 616.5
1263480 616.5
1263490 613.2
1263500 610.8
1263510 610.8
1263520 608.8
1263530 607.2
1263540 607.2
1263550 605.8
1263560 604.6
1263570 604.6
1263580 603.5
1263590 603.4
1263600 603.4
1263610 602.7
1263620 601.2
1263630 601.2
1263640 601.2
1263650 601.1
1263660 600.8
1263670 600.8
1263680 600.5
1263690 600.2
1263700 600.2
1263710 600.2
1263720 599.4
1263730 599.4
1263740 599.2
1263750 599.2
1263760 599.2
1263770 599.3
1263780 599.4
1263790 599.4
1263800 599.5
1263810 599.4
1263820 599.4
1263830 600.9
1263840 607.3
1263850 607.3
1263860 612.5
1263870 612.1
1263880 612.1
1263890 611.8
1263900 611.7
1263910 611.9
1263920 611.9
1263930 611.9
1263940 611.8
1263950 611.8
1263960 611.7
1263970 612.0
1263980 612.0
1263990 612.0
1264000 611.6
1264010 611.6
1264020 611.1
1264030 610.8
1264040 610.8
1264050 611.1
1264060 612.2
1264070 612.2
1264080 613.0
1264090 613.6
1264100 613.6
1264110 613.9
1264120 613.9
1264130 613.9
1264140 613.8
1264150 613.8
1264160 613.8
1264170 613.8
1264180 613.6
1264190 611.2
1264200 611.2
1264210 607.8
1264220 607.4
1264230 607.4
1264240 608.5
1264250 610.7
1264260 610.7
1264270 614.0
1264280 616.6
1264290 616.6
1264300 616.4
1264310 616.4
1264320 616.4
1264330 616.6
1264340 618.0
1264350 618.0
1264360 619.7
1264370 620.2
1264380 620.2
1264390 623.0
1264400 624.8
1264410 624.8
1264420 624.7
1264430 627.9
1264440 628.5
1264450 628.5
1264460 629.4
1264470 629.8
1264480 629.8
1264490 630.1
1264500 630.4
1264510 630.4
1264520 630.6
1264530 629.9
1264540 629.9
1264550 628.8
1264560 627.8
1264570 627.8
1264580 626.9
1264590 626.1
1264600 626.1
1264610 625.6
1264620 625.3
1264630 625.3
1264640 624.9
1264650 623.7
1264660 623.7
1264670 622.6
1264680 621.5
1264690 619.9
1264700 619.9
1264710 618.5
1264720 617.3
1264730 617.3
1264740 616.5
1264750 616.0
1264760 616.0
1264770 615.7
1264780 615.6
1264790 615.6
1264800 615.5
1264810 616.0
1264820 616.0
1264830 615.6
1264840 615.5
1264850 615.5
1264860 615.7
1264870 615.8
1264880 615.8
1264890 615.9
1264900 616.2
1264910 616.2
1264920 617.4
1264930 618.6
1264940 618.4
1264950 618.4
1264960 616.7
1264970 616.8
1264980 616.8
1264990 618.1
1265000 618.3
1265010 621.0
1265020 619.9
1265030 620.2
1265040 620.2
1265050 621.0
1265060 621.7
1265070 621.7
1265080 621.6
1265090 621.8
1265100 621.8
1265110 622.2
1265120 622.5
1265130 622.5
1265140 622.7
1265150 622.7
1265160 622.7
1265170 623.0
1265180 623.7
1265190 623.7
1265200 624.4
1265210 625.1
1265220 625.6
1265230 625.6
1265240 625.9
1265250 625.7
1265260 625.7
1265270 626.1
1265280 626.2
1265290 626.2
1265300 626.1
1265310 626.1
1265320 626.1
1265330 626.1
1265340 626.4
1265350 626.4
1265360 626.9
1265370 627.4
1265380 627.4
1265390 628.1
1265400 628.7
1265410 628.7
1265420 629.0
1265430 629.3
1265440 629.3
1265450 629.7
1265460 630.2
1265470 630.1
1265480 630.1
1265490 629.4
1265500 628.8
1265510 628.8
1265520 628.5
1265530 627.1
1265540 627.1
1265550 624.6
1265560 623.0
1265570 623.0
1265580 623.0
1265590 629.7
1265600 629.7
1265610 630.7
1265620 631.4
1265630 631.4
1265640 632.0
1265650 632.8
1265660 632.8
1265670 634.2
1265680 636.3
1265690 636.3
1265700 638.6
1265710 640.7
1265720 642.3
1265730 642.3
1265740 643.6
1265750 644.6
1265760 644.6
1265770 645.7
1265780 646.9
1265790 646.9
1265800 648.2
1265810 649.7
1265820 649.7
1265830 651.8
1265840 653.9
1265850 653.9
1265860 655.5
1265870 657.2
1265880 657.2
1265890 659.3
1265900 661.4
1265910 661.4
1265920 663.4
1265930 665.3
1265940 665.3
1265950 667.1
1265960 668.7
1265970 669.8
1265980 669.8
1265990 670.5
1266000 671.5
1266010 671.5
1266020 673.7
1266030 675.9
1266040 675.9
1266050 677.9
1266060 679.4
1266070 679.4
1266080 680.5
1266090 682.2
1266100 682.2
1266110 684.3
1266120 687.3
1266130 687.3
1266140 691.0
1266150 694.2
1266160 694.2
1266170 700.6
1266180 703.5
1266190 703.5
1266200 706.9
1266210 711.7
1266220 711.7
1266230 716.7
1266240 720.5
1266250 723.7
1266260 723.7
1266270 726.3
1266280 726.8
1266290 726.8
1266300 726.1
1266310 726.4
1266320 726.4
1266330 728.5
1266340 732.8
1266350 732.8
1266360 738.1
1266370 742.1
1266380 742.1
1266390 744.4
1266400 745.6
1266410 745.6
1266420 745.9
1266430 747.3
1266440 747.3
1266450 748.0
1266460 748.3
1266470 748.3
1266480 748.1
1266490 747.8
1266500 748.1
1266510 748.1
1266520 748.1
1266530 749.2
1266540 749.2
1266550 750.8
1266560 751.3
1266570 751.3
1266580 752.8
1266590 754.2
1266600 754.2
1266610 756.1
1266620 756.0
1266630 756.0
1266640 756.4
1266650 759.3
1266660 759.3
1266670 761.0
1266680 762.4
1266690 762.4
1266700 764.2
1266710 766.2
1266720 766.2
1266730 767.9
1266740 769.0
1266750 769.5
1266760 771.7
1266770 772.6
1266780 772.6
1266790 772.6
1266800 772.0
1266810 771.2
1266820 771.2
1266830 770.0
1266840 769.4
1266850 769.4
1266860 769.7
1266870 769.9
1266880 769.9
1266890 770.4
1266900 771.3
1266910 771.3
1266920 772.2
1266930 773.1
1266940 773.1
1266950 771.9
1266960 771.2
1266970 771.2
1266980 772.2
1266990 773.9
1267000 774.9
1267010 774.9
1267020 774.9
1267030 774.3
1267040 774.3
1267050 773.2
1267060 771.9
1267070 771.9
1267080 770.8
1267090 769.8
1267100 769.8
1267110 769.1
1267120 768.4
1267130 768.4
1267140 767.9
1267150 767.5
1267160 767.5
1267170 767.4
1267180 767.7
1267190 767.7
1267200 768.7
1267210 770.7
1267220 770.7
1267230 771.1
1267240 769.9
1267250 769.9
1267260 767.3
1267270 764.0
1267280 760.7
1267290 760.7
1267300 757.7
1267310 754.7
1267320 754.7
1267330 751.2
1267340 748.4
1267350 748.4
1267360 746.2
1267370 744.3
1267380 744.3
1267390 742.9
1267400 741.5
1267410 741.5
1267420 739.9
1267430 738.7
1267440 738.7
1267450 737.8
1267460 736.5
1267470 736.5
1267480 735.3
1267490 733.3
1267500 733.3
1267510 730.6
1267520 727.3
1267530 724.7
1267540 724.7
1267550 722.5
1267560 720.6
1267570 720.6
1267580 718.3
1267590 716.0
1267600 716.0
1267610 713.6
1267620 710.8
1267630 710.8
1267640 707.9
1267650 705.5
1267660 705.5
1267670 702.5
1267680 698.2
1267690 698.2
1267700 694.8
1267710 692.2
1267720 692.2
1267730 690.0
1267740 687.5
1267750 687.5
1267760 684.8
1267770 681.9
1267780 679.3
1267790 679.3
1267800 676.5
1267810 673.7
1267820 673.7
1267830 670.8
1267840 667.8
1267850 667.8
1267860 665.8
1267870 663.3
1267880 663.3
1267890 660.1
1267900 658.3
1267910 658.3
1267920 656.9
1267930 656.9
1267940 656.9
1267950 655.6
1267960 654.5
1267970 654.5
1267980 652.9
1267990 650.9
1268000 650.9
1268010 649.7
1268020 648.9
1268030 648.1
1268040 648.1
1268050 647.3
1268060 646.6
1268070 646.6
1268080 646.0
1268090 645.3
1268100 645.3
1268110 644.7
1268120 644.0
1268130 644.0
1268140 643.5
1268150 643.3
1268160 643.3
1268170 643.0
1268180 642.4
1268190 642.4
1268200 641.7
1268210 641.2
1268220 641.2
1268230 641.1
1268240 640.7
1268250 640.7
1268260 640.6
1268270 640.8
1268280 640.8
1268290 641.0
1268300 641.3
1268310 641.7
1268320 641.7
1268330 642.0
1268340 642.4
1268350 642.4
1268360 643.0
1268370 643.6
1268380 643.6
1268390 645.0
1268400 646.2
1268410 646.2
1268420 646.4
1268430 646.2
1268440 646.2
1268450 646.3
1268460 646.9
1268470 646.9
1268480 647.7
1268490 648.2
1268500 648.2
1268510 647.3
1268520 646.8
1268530 646.8
1268540 646.5
1268550 649.2
1268560 651.4
1268570 651.4
1268580 652.8
1268590 653.0
1268600 653.0
1268610 652.7
1268620 652.6
1268630 652.6
1268640 652.6
1268650 652.9
1268660 652.9
1268670 653.4
1268680 654.6
1268690 654.6
1268700 656.0
1268710 656.5
1268720 656.5
1268730 655.7
1268740 655.0
1268750 655.0
1268760 654.9
1268770 655.9
1268780 655.9
1268790 657.0
1268800 658.3
1268810 660.2
1268820 660.2
1268830 661.9
1268840 662.5
1268850 662.5
1268860 662.7
1268870 663.1
1268880 663.1
1268890 667.4
1268900 674.6
1268910 674.6
1268920 675.3
1268930 671.6
1268940 671.6
1268950 668.4
1268960 665.0
1268970 665.0
1268980 661.5
1268990 660.9
1269000 660.9
1269010 661.4
1269020 664.1
1269030 664.1
1269040 667.5
1269050 670.1
1269060 668.2
1269070 668.2
1269080 667.9
1269090 668.3
1269100 668.3
1269110 674.3
1269120 672.8
1269130 672.8
1269140 672.9
1269150 672.4
1269160 672.4
1269170 671.3
1269180 670.5
1269190 670.5
1269200 669.4
1269210 667.9
1269220 667.9
1269230 667.5
1269240 667.5
1269250 667.5
1269260 667.4
1269270 666.3
1269280 666.3
1269290 661.8
1269300 655.3
1269310 655.3
1269320 648.7
1269330 643.8
1269340 641.3
1269350 641.3
1269360 638.4
1269370 635.5
1269380 635.5
1269390 633.4
1269400 630.2
1269410 630.2
1269420 626.4
1269430 621.1
1269440 621.1
1269450 613.8
1269460 607.5
1269470 607.5
1269480 605.0
1269490 604.6
1269500 604.6
1269510 604.5
1269520 604.4
1269530 604.4
1269540 602.0
1269550 596.5
1269560 596.5
1269570 594.5
1269580 594.9
1269590 600.1
1269600 600.1
1269610 608.4
1269620 614.9
1269630 614.9
1269640 620.1
1269650 627.3
1269660 627.3
1269670 634.5
1269680 641.1
1269690 641.1
1269700 646.4
1269710 653.1
1269720 653.1
1269730 660.4
1269740 667.8
1269750 667.8
1269760 671.8
1269770 679.1
1269780 679.1
1269790 686.2
1269800 694.7
1269810 694.7
1269820 704.1
1269830 712.4
1269840 717.4
1269850 717.4
1269860 722.1
1269870 724.7
1269880 724.7
1269890 724.4
1269900 725.0
1269910 725.0
1269920 726.3
1269930 726.2
1269940 726.2
1269950 726.9
1269960 728.0
1269970 728.0
1269980 729.5
1269990 730.7
1270000 730.7
1270010 732.0
1270020 733.8
1270030 733.8
1270040 735.7
1270050 738.5
1270060 738.5
1270070 741.2
1270080 743.7
1270090 743.7
1270100 746.0
1270110 748.6
1270120 750.9
1270130 750.9
1270140 752.6
1270150 753.8
1270160 753.8
1270170 754.5
1270180 755.3
1270190 755.3
1270200 756.3
1270210 757.6
1270220 757.6
1270230 758.9
1270240 760.6
1270250 760.6
1270260 762.7
1270270 764.5
1270280 764.5
1270290 770.8
1270300 771.1
1270310 771.1
1270320 773.4
1270330 774.9
1270340 774.9
1270350 776.4
1270360 778.2
1270370 779.4
1270380 779.4
1270390 780.2
1270400 781.1
1270410 781.1
1270420 781.8
1270430 782.4
1270440 782.4
1270450 782.6
1270460 782.8
1270470 782.8
1270480 781.9
1270490 779.0
1270500 779.0
1270510 777.1
1270520 778.8
1270530 778.8
1270540 783.2
1270550 784.5
1270560 784.5
1270570 782.7
1270580 781.4
1270590 781.4
1270600 782.4
1270610 783.5
1270620 784.4
1270630 784.4
1270640 784.7
1270650 785.5
1270660 785.5
1270670 786.8
1270680 788.1
1270690 788.1
1270700 788.6
1270710 789.7
1270720 789.7
1270730 791.1
1270740 792.3
1270750 792.3
1270760 793.4
1270770 793.3
1270780 793.3
1270790 792.9
1270800 792.6
1270810 792.6
1270820 792.3
1270830 792.3
1270840 792.3
1270850 793.1
1270860 794.2
1270870 795.2
1270880 798.4
1270890 799.2
1270900 799.6
1270910 799.6
1270920 800.2
1270930 801.6
1270940 801.6
1270950 802.8
1270960 803.7
1270970 803.7
1270980 804.8
1270990 805.7
1271000 805.7
1271010 806.2
1271020 806.2
1271030 806.2
1271040 805.6
1271050 805.6
1271060 805.6
1271070 806.6
1271080 807.5
1271090 807.5
1271100 808.6
1271110 807.1
1271120 807.1
1271130 805.2
1271140 803.6
1271150 799.8
1271160 799.8
1271170 794.8
1271180 790.6
1271190 790.6
1271200 788.1
1271210 786.2
1271220 786.2
1271230 784.3
1271240 781.9
1271250 781.9
1271260 780.3
1271270 778.3
1271280 778.3
1271290 776.6
1271300 775.6
1271310 775.6
1271320 774.8
1271330 774.2
1271340 774.2
1271350 773.6
1271360 773.0
1271370 773.0
1271380 772.8
1271390 772.9
1271400 773.0
1271410 773.0
1271420 772.7
1271430 771.7
1271440 771.7
1271450 769.8
1271460 768.5
1271470 768.5
1271480 769.8
1271490 769.7
1271500 769.7
1271510 769.4
1271520 768.5
1271530 768.5
1271540 767.8
1271550 767.8
1271560 767.8
1271570 768.0
1271580 768.6
1271590 768.6
1271600 769.3
1271610 769.2
1271620 769.2
1271630 769.1
1271640 769.1
1271650 769.3
1271660 769.3
1271670 769.3
1271680 769.3
1271690 769.3
1271700 769.6
1271710 769.7
1271720 769.7
1271730 769.6
1271740 769.4
1271750 769.4
1271760 769.5
1271770 769.7
1271780 769.7
1271790 769.9
1271800 769.6
1271810 769.6
1271820 769.2
1271830 768.8
1271840 768.8
1271850 768.4
1271860 768.2
1271870 768.2
1271880 768.0
1271890 768.2
1271900 768.3
1271910 768.3
1271920 768.3
1271930 768.3
1271940 768.3
1271950 768.4
1271960 768.5
1271970 768.5
1271980 768.6
1271990 768.9
1272000 768.9
1272010 769.1
1272020 769.6
1272030 769.6
1272040 770.0
1272050 770.1
1272060 770.1
1272070 770.4
1272080 772.4
1272090 772.4
1272100 772.9
1272110 772.8
1272120 772.8
1272130 773.3
1272140 773.5
1272150 773.5
1272160 773.5
1272170 773.4
1272180 773.1
1272190 773.1
1272200 772.8
1272210 772.2
1272220 772.2
1272230 771.6
1272240 770.8
1272250 770.8
1272260 770.4
1272270 770.2
1272280 770.2
1272290 770.4
1272300 770.6
1272310 770.6
1272320 770.7
1272330 771.0
1272340 771.0
1272350 771.0
1272360 770.6
1272370 770.6
1272380 768.6
1272390 767.6
1272400 767.6
1272410 765.0
1272420 767.5
1272430 767.9
1272440 767.9
1272450 767.9
1272460 768.0
1272470 768.0
1272480 768.4
1272490 768.7
1272500 768.7
1272510 768.4
1272520 768.1
1272530 768.1
1272540 767.8
1272550 768.1
1272560 768.1
1272570 768.8
1272580 768.7
1272590 768.7
1272600 767.9
1272610 765.2
1272620 765.2
1272630 761.1
1272640 760.1
1272650 760.1
1272660 760.3
1272670 760.9
1272680 764.1
1272690 764.1
1272700 766.1
1272710 768.3
1272720 768.3
1272730 769.0
1272740 768.7
1272750 768.7
1272760 768.4
1272770 768.0
1272780 768.0
1272790 767.7
1272800 767.7
1272810 767.7
1272820 767.6
1272830 767.3
1272840 767.3
1272850 767.0
1272860 766.7
1272870 766.7
1272880 766.7
1272890 766.9
1272900 766.9
1272910 767.4
1272920 767.5
1272930 767.3
1272940 767.3
1272950 767.0
1272960 766.8
1272970 766.8
1272980 765.7
1272990 764.2
1273000 764.2
1273010 763.8
1273020 763.8
1273030 763.8
1273040 764.6
1273050 765.5
1273060 765.5
1273070 765.9
1273080 766.1
1273090 766.1
1273100 766.4
1273110 767.0
1273120 767.0
1273130 768.0
1273140 768.5
1273150 768.5
1273160 768.8
1273170 769.6
1273180 769.6
1273190 769.8
1273200 768.6
1273210 765.8
1273220 765.8
1273230 760.8
1273240 756.9
1273250 756.9
1273260 754.2
1273270 751.5
1273280 748.8
1273290 747.2
1273300 747.0
1273310 747.0
1273320 747.7
1273330 749.6
1273340 749.6
1273350 752.4
1273360 755.0
1273370 755.0
1273380 757.0
1273390 759.2
1273400 759.2
1273410 761.5
1273420 763.2
1273430 763.2
1273440 764.5
1273450 766.1
1273460 767.5
1273470 767.5
1273480 768.8
1273490 770.5
1273500 770.5
1273510 772.8
1273520 775.0
1273530 775.0
1273540 775.8
1273550 775.7
1273560 775.7
1273570 774.7
1273580 773.8
1273590 773.8
1273600 773.3
1273610 772.9
1273620 772.9
1273630 772.6
1273640 772.8
1273650 772.8
1273660 773.4
1273670 773.8
1273680 773.8
1273690 773.6
1273700 773.1
1273710 772.4
1273720 772.4
1273730 771.9
1273740 771.4
1273750 771.4
1273760 771.1
1273770 771.0
1273780 771.0
1273790 771.3
1273800 771.3
1273810 771.3
1273820 771.3
1273830 771.4
1273840 771.4
1273850 771.3
1273860 771.6
1273870 771.6
1273880 772.6
1273890 772.8
1273900 772.8
1273910 772.3
1273920 770.4
1273930 770.4
1273940 770.3
1273950 770.4
1273960 770.2
1273970 770.2
1273980 770.0
1273990 769.9
1274000 769.9
1274010 769.7
1274020 771.8
1274030 771.8
1274040 772.0
1274050 770.3
1274060 770.3
1274070 772.0
1274080 773.1
1274090 773.1
1274100 774.0
1274110 775.2
1274120 775.2
1274130 776.3
1274140 777.5
1274150 777.5
1274160 779.1
1274170 780.8
1274180 780.8
1274190 782.9
1274200 784.2
1274210 784.2
1274220 784.5
1274230 784.9
1274240 788.1
1274250 788.1
1274260 788.6
1274270 789.8
1274280 789.8
1274290 791.8
1274300 792.4
1274310 792.4
1274320 793.7
1274330 795.6
1274340 795.6
1274350 798.1
1274360 800.7
1274370 800.7
1274380 802.7
1274390 804.8
1274400 804.8
1274410 807.3
1274420 810.4
1274430 810.4
1274440 813.0
1274450 815.1
1274460 815.1
1274470 816.9
1274480 820.9
1274490 822.5
1274500 822.5
1274510 823.9
1274520 825.3
1274530 825.3
1274540 826.4
1274550 826.5
1274560 826.5
1274570 825.1
1274580 823.0
1274590 823.0
1274600 820.7
1274610 818.6
1274620 818.6
1274630 817.1
1274640 816.8
1274650 816.8
1274660 816.8
1274670 816.9
1274680 816.9
1274690 816.7
1274700 814.0
1274710 814.0
1274720 810.9
1274730 808.8
1274740 808.0
1274750 808.0
1274760 808.0
1274770 808.4
1274780 808.4
1274790 809.5
1274800 809.9
1274810 809.9
1274820 810.2
1274830 810.8
1274840 810.8
1274850 812.1
1274860 814.9
1274870 814.9
1274880 815.4
1274890 815.0
1274900 815.0
1274910 814.6
1274920 814.3
1274930 814.3
1274940 814.2
1274950 814.0
1274960 814.0
1274970 813.9
1274980 813.8
1274990 813.6
1275000 813.6
1275010 812.3
1275020 812.5
1275030 812.5
1275040 812.2
1275050 812.0
1275060 812.0
1275070 811.8
1275080 811.9
1275090 812.0
1275100 812.1
1275110 811.5
1275120 811.5
1275130 811.0
1275140 810.8
1275150 810.8
1275160 810.7
1275170 810.5
1275180 810.5
1275190 810.1
1275200 809.8
1275210 809.8
1275220 809.7
1275230 809.6
1275240 809.6
1275250 809.5
1275260 809.4
1275270 809.5
1275280 809.5
1275290 809.6
1275300 809.7
1275310 809.7
1275320 809.8
1275330 810.1
1275340 810.1
1275350 810.5
1275360 810.9
1275370 810.9
1275380 811.3
1275390 811.8
1275400 811.8
1275410 812.5
1275420 813.1
1275430 813.1
1275440 813.5
1275450 814.3
1275460 814.3
1275470 815.8
1275480 817.9
1275490 817.9
1275500 820.4
1275510 822.9
1275520 825.4
1275530 825.4
1275540 827.3
1275550 826.5
1275560 826.5
1275570 820.8
1275580 814.1
1275590 814.1
1275600 807.6
1275610 804.5
1275620 804.5
1275630 807.7
1275640 810.1
1275650 810.1
1275660 812.5
1275670 815.8
1275680 815.8
1275690 821.4
1275700 828.8
1275710 828.8
1275720 833.9
1275730 842.3
1275740 842.3
1275750 849.6
1275760 855.7
1275770 860.0
1275780 860.0
1275790 862.4
1275800 866.5
1275810 866.5
1275820 871.6
1275830 875.6
1275840 875.6
1275850 877.6
1275860 879.6
1275870 879.6
1275880 881.3
1275890 883.1
1275900 883.1
1275910 885.5
1275920 888.1
1275930 888.1
1275940 890.7
1275950 892.8
1275960 892.8
1275970 894.9
1275980 896.9
1275990 896.9
1276000 898.9
1276010 901.5
1276020 904.2
1276030 904.2
1276040 906.6
1276050 908.2
1276060 908.2
1276070 909.7
1276080 911.4
1276090 911.4
1276100 913.2
1276110 915.0
1276120 915.0
1276130 917.1
1276140 919.6
1276150 919.6
1276160 922.0
1276170 924.1
1276180 924.1
1276190 925.9
1276200 927.9
1276210 927.9
1276220 929.9
1276230 931.1
1276240 931.1
1276250 930.8
1276260 930.4
1276270 930.4
1276280 931.1
1276290 931.1
1276300 930.3
1276310 930.9
1276320 929.4
1276330 927.9
1276340 927.9
1276350 926.4
1276360 924.6
1276370 924.6
1276380 922.7
1276390 920.8
1276400 920.8
1276410 918.9
1276420 917.1
1276430 917.1
1276440 915.3
1276450 913.4
1276460 913.4
1276470 911.3
1276480 909.3
1276490 909.3
1276500 907.3
1276510 905.2
1276520 905.2
1276530 903.5
1276540 901.8
1276550 900.1
1276560 900.1
1276570 898.0
1276580 896.0
1276590 896.0
1276600 894.3
1276610 892.5
1276620 892.5
1276630 891.2
1276640 889.7
1276650 889.7
1276660 888.2
1276670 886.8
1276680 886.8
1276690 885.8
1276700 884.8
1276710 884.8
1276720 884.1
1276730 883.4
1276740 883.4
1276750 882.3
1276760 881.0
1276770 881.0
1276780 880.1
1276790 879.7
1276800 879.8
1276810 879.8
1276820 879.8
1276830 879.7
1276840 879.7
1276850 879.3
1276860 878.3
1276870 878.3
1276880 876.9
1276890 874.5
1276900 874.5
1276910 872.9
1276920 872.5
1276930 872.5
1276940 870.5
1276950 869.7
1276960 869.7
1276970 868.9
1276980 867.1
1276990 867.1
1277000 864.5
1277010 863.2
1277020 863.2
1277030 863.2
1277040 863.4
1277050 863.5
1277060 863.5
1277070 863.6
1277080 866.0
1277090 866.0
1277100 868.9
1277110 872.3
1277120 872.3
1277130 876.7
1277140 881.1
1277150 881.1
1277160 884.3
1277170 885.0
1277180 885.0
1277190 884.9
1277200 884.8
1277210 884.8
1277220 884.9
1277230 884.5
1277240 884.5
1277250 884.4
1277260 884.3
1277270 884.3
1277280 884.1
1277290 884.2
1277300 884.2
1277310 884.3
1277320 884.3
1277330 884.4
1277340 884.4
1277350 884.5
1277360 884.7
1277370 884.7
1277380 885.0
1277390 885.3
1277400 885.3
1277410 885.5
1277420 885.7
1277430 885.7
1277440 885.7
1277450 885.8
1277460 885.8
1277470 885.8
1277480 885.8
1277490 885.8
1277500 885.9
1277510 886.1
1277520 886.1
1277530 886.6
1277540 888.3
1277550 888.3
1277560 888.4
1277570 888.2
1277580 887.9
1277590 887.9
1277600 887.7
1277610 887.5
1277620 887.5
1277630 887.5
1277640 887.5
1277650 887.5
1277660 887.6
1277670 888.0
1277680 888.0
1277690 888.5
1277700 888.6
1277710 888.6
1277720 887.9
1277730 887.8
1277740 887.8
1277750 887.9
1277760 888.0
1277770 888.0
1277780 888.3
1277790 888.7
1277800 888.7
1277810 889.1
1277820 889.4
1277830 889.5
1277840 889.5
1277850 889.4
1277860 889.4
1277870 889.4
1277880 889.6
1277890 890.1
1277900 890.1
1277910 890.3
1277920 890.3
1277930 890.3
1277940 890.7
1277950 890.8
1277960 890.8
1277970 891.1
1277980 891.3
1277990 891.3
1278000 891.4
1278010 891.4
1278020 891.4
1278030 891.6
1278040 891.7
1278050 891.7
1278060 891.8
1278070 891.7
1278080 892.3
1278090 892.3
1278100 892.4
1278110 893.3
1278120 893.3
1278130 894.3
1278140 894.8
1278150 894.9
1278160 895.0
1278170 895.1
1278180 895.1
1278190 895.0
1278200 895.0
1278210 895.0
1278220 895.2
1278230 895.1
1278240 895.1
1278250 894.9
1278260 893.7
1278270 893.7
1278280 893.4
1278290 893.4
1278300 893.4
1278310 893.3
1278320 893.5
1278330 893.8
1278340 893.8
1278350 894.0
1278360 894.0
1278370 894.0
1278380 894.0
1278390 894.0
1278400 894.0
1278410 894.1
1278420 894.3
1278430 894.3
1278440 894.2
1278450 894.1
1278460 894.1
1278470 894.3
1278480 894.3
1278490 894.3
1278500 894.1
1278510 894.1
1278520 894.1
1278530 894.3
1278540 894.5
1278550 894.5
1278560 894.8
1278570 895.1
1278580 895.1
1278590 895.2
1278600 895.4
1278610 895.6
1278620 895.6
1278630 895.8
1278640 895.9
1278650 895.9
1278660 896.2
1278670 896.2
1278680 896.2
1278690 896.3
1278700 896.2
1278710 896.2
1278720 896.0
1278730 896.1
1278740 896.1
1278750 896.2
1278760 896.3
1278770 896.5
1278780 896.5
1278790 896.6
1278800 896.6
1278810 897.0
1278820 897.5
1278830 897.5
1278840 898.5
1278850 899.8
1278860 900.0
1278870 900.0
1278880 900.4
1278890 901.1
1278900 901.1
1278910 901.9
1278920 903.7
1278930 903.7
1278940 905.7
1278950 907.5
1278960 907.5
1278970 908.9
1278980 909.9
1278990 909.9
1279000 911.1
1279010 912.5
1279020 912.5
1279030 913.9
1279040 915.1
1279050 915.1
1279060 915.8
1279070 916.7
1279080 916.7
1279090 917.8
1279100 919.1
1279110 920.6
1279120 920.6
1279130 922.1
1279140 923.5
1279150 923.5
1279160 924.7
1279170 925.4
1279180 925.4
1279190 926.1
1279200 926.7
1279210 926.7
1279220 927.5
1279230 928.2
1279240 928.2
1279250 928.9
1279260 929.5
1279270 929.5
1279280 930.1
1279290 930.8
1279300 930.8
1279310 931.6
1279320 931.9
1279330 931.9
1279340 932.1
1279350 932.5
1279360 932.8
1279370 932.8
1279380 933.2
1279390 932.4
1279400 932.4
1279410 933.2
1279420 933.7
1279430 933.7
1279440 934.0
1279450 934.3
1279460 934.3
1279470 934.4
1279480 934.3
1279490 934.3
1279500 934.0
1279510 933.5
1279520 933.5
1279530 932.9
1279540 932.3
1279550 932.3
1279560 931.7
1279570 931.1
1279580 931.1
1279590 930.5
1279600 929.7
1279610 929.7
1279620 929.0
1279630 928.5
1279640 927.8
1279650 927.8
1279660 927.2
1279670 926.6
1279680 926.6
1279690 926.1
1279700 925.5
1279710 925.5
1279720 924.9
1279730 924.1
1279740 924.1
1279750 923.3
1279760 922.7
1279770 922.7
1279780 922.4
1279790 922.4
1279800 922.4
1279810 922.4
1279820 922.4
1279830 922.4
1279840 922.5
1279850 922.5
1279860 922.5
1279870 922.3
1279880 922.1
1279890 922.3
1279900 922.3
1279910 922.7
1279920 923.1
1279930 923.1
1279940 923.3
1279950 923.1
1279960 923.1
1279970 923.3
1279980 922.5
1279990 922.5
