1260000 582.3
1260010 582.3
1260020 582.2
1260030 582.1
1260040 582.1
1260050 582.7
1260060 582.3
1260070 582.3
1260080 582.2
1260090 582.4
1260100 583.2
1260110 583.2
1260120 583.5
1260130 583.0
1260140 583.0
1260150 582.4
1260160 582.4
1260170 582.4
1260180 582.3
1260190 582.4
1260200 582.4
1260210 582.2
1260220 582.1
1260230 582.1
1260240 582.1
1260250 582.1
1260260 582.1
1260270 582.8
1260280 583.7
1260290 583.7
1260300 583.3
1260310 583.0
1260320 583.0
1260330 583.0
1260340 583.1
1260350 582.7
1260360 582.7
1260370 582.8
1260380 583.2
1260390 583.2
1260400 583.6
1260410 583.9
1260420 583.9
1260430 584.3
1260440 584.5
1260450 584.5
1260460 584.5
1260470 584.5
1260480 584.5
1260490 584.4
1260500 584.2
1260510 584.2
1260520 583.6
1260530 584.4
1260540 584.4
1260550 584.1
1260560 583.5
1260570 583.5
1260580 582.7
1260590 582.0
1260600 581.8
1260610 581.8
1260620 581.7
1260630 581.6
1260640 581.6
1260650 581.5
1260660 581.6
1260670 581.6
1260680 581.7
1260690 581.8
1260700 581.8
1260710 581.8
1260720 581.9
1260730 581.9
1260740 582.0
1260750 581.8
1260760 581.8
1260770 581.6
1260780 581.5
1260790 581.5
1260800 581.7
1260810 581.6
1260820 581.6
1260830 581.5
1260840 581.4
1260850 581.4
1260860 581.3
1260870 581.4
1260880 581.4
1260890 581.4
1260900 581.4
1260910 581.4
1260920 581.4
1260930 581.4
1260940 581.5
1260950 581.5
1260960 581.6
1260970 581.6
1260980 581.6
1260990 581.8
1261000 581.9
1261010 581.9
1261020 581.9
1261030 582.1
1261040 582.1
1261050 582.4
1261060 582.7
1261070 582.7
1261080 582.9
1261090 583.2
1261100 582.3
1261110 582.4
1261120 582.8
1261130 583.5
1261140 583.5
1261150 584.2
1261160 584.8
1261170 584.8
1261180 585.6
1261190 586.8
1261200 586.8
1261210 586.7
1261220 586.1
1261230 586.1
1261240 585.9
1261250 585.9
1261260 585.9
1261270 586.0
1261280 585.8
1261290 585.8
1261300 585.1
1261310 583.7
1261320 583.7
1261330 582.5
1261340 582.2
1261350 582.2
1261360 582.4
1261370 582.6
1261380 582.6
1261390 582.6
1261400 582.5
1261410 582.3
1261420 582.3
1261430 582.2
1261440 581.8
1261450 581.8
1261460 581.9
1261470 582.3
1261480 582.3
1261490 582.4
1261500 582.3
1261510 582.3
1261520 582.2
1261530 581.9
1261540 581.9
1261550 581.9
1261560 580.2
1261570 580.2
1261580 577.7
1261590 576.9
1261600 576.9
1261610 576.9
1261620 576.9
1261630 576.9
1261640 576.9
1261650 576.8
1261660 576.8
1261670 576.8
1261680 576.8
1261690 576.9
1261700 576.9
1261710 576.8
1261720 577.1
1261730 577.1
1261740 579.0
1261750 581.3
1261760 581.3
1261770 581.3
1261780 580.7
1261790 580.7
1261800 580.5
1261810 580.4
1261820 580.4
1261830 580.3
1261840 580.2
1261850 580.2
1261860 580.2
1261870 580.2
1261880 580.2
1261890 580.4
1261900 580.7
1261910 581.0
1261920 581.0
1261930 580.9
1261940 580.7
1261950 580.7
1261960 580.6
1261970 580.5
1261980 580.5
1261990 580.6
1262000 580.7
1262010 580.7
1262020 580.5
1262030 580.4
1262040 580.4
1262050 580.3
1262060 580.2
1262070 580.2
1262080 580.2
1262090 580.5
1262100 580.5
1262110 580.5
1262120 580.4
1262130 580.4
1262140 580.3
1262150 580.3
1262160 580.2
1262170 580.2
1262180 580.2
1262190 580.1
1262200 580.1
1262210 580.1
1262220 580.2
1262230 580.2
1262240 580.1
1262250 580.1
1262260 580.1
1262270 580.1
1262280 580.1
1262290 580.1
1262300 580.1
1262310 580.1
1262320 580.1
1262330 580.1
1262340 580.0
1262350 580.0
1262360 580.0
1262370 579.8
1262380 579.8
1262390 579.7
1262400 579.7
1262410 579.7
1262420 579.6
1262430 579.5
1262440 579.3
1262450 579.3
1262460 579.3
1262470 579.4
1262480 579.4
1262490 579.4
1262500 579.4
1262510 579.4
1262520 579.5
1262530 579.6
1262540 579.6
1262550 579.7
1262560 579.7
1262570 579.7
1262580 579.7
1262590 579.7
1262600 579.7
1262610 579.7
1262620 579.6
1262630 579.6
1262640 579.6
1262650 579.6
1262660 579.6
1262670 579.5
1262680 579.5
1262690 579.4
1262700 579.4
1262710 579.4
1262720 579.3
1262730 579.3
1262740 579.2
1262750 579.3
1262760 579.3
1262770 579.3
1262780 579.3
1262790 579.3
1262800 579.4
1262810 579.7
1262820 579.6
1262830 579.3
1262840 579.0
1262850 579.0
1262860 578.9
1262870 579.0
1262880 579.0
1262890 579.0
1262900 578.8
1262910 578.8
1262920 578.7
1262930 578.9
1262940 579.0
1262950 579.0
1262960 579.0
1262970 579.1
1262980 579.1
1262990 579.1
1263000 579.1
1263010 579.1
1263020 579.0
1263030 578.9
1263040 578.9
1263050 578.9
1263060 579.1
1263070 579.1
1263080 579.1
1263090 578.9
1263100 578.9
1263110 578.8
1263120 578.8
1263130 578.8
1263140 578.8
1263150 578.7
1263160 578.7
1263170 578.7
1263180 578.6
1263190 578.6
1263200 578.6
1263210 578.6
1263220 578.7
1263230 578.7
1263240 578.7
1263250 578.8
1263260 578.8
1263270 578.8
1263280 578.8
1263290 578.8
1263300 578.8
1263310 578.9
1263320 578.9
1263330 578.8
1263340 578.8
1263350 578.8
1263360 578.8
1263370 578.8
1263380 578.8
1263390 578.9
1263400 578.8
1263410 578.8
1263420 578.7
1263430 578.8
1263440 578.8
1263450 578.8
1263460 578.8
1263470 578.8
1263480 578.8
1263490 578.7
1263500 578.7
1263510 578.7
1263520 578.8
1263530 578.8
1263540 578.8
1263550 578.8
1263560 578.8
1263570 578.8
1263580 578.6
1263590 578.6
1263600 578.6
1263610 578.6
1263620 578.6
1263630 578.6
1263640 578.6
1263650 578.6
1263660 578.6
1263670 578.7
1263680 578.7
1263690 578.7
1263700 578.8
1263710 579.1
1263720 579.4
1263730 579.4
1263740 579.6
1263750 579.7
1263760 579.7
1263770 579.8
1263780 579.8
1263790 579.8
1263800 579.8
1263810 579.7
1263820 579.7
1263830 579.6
1263840 579.3
1263850 579.3
1263860 578.9
1263870 578.3
1263880 578.3
1263890 577.8
1263900 577.3
1263910 577.3
1263920 577.2
1263930 576.8
1263940 576.8
1263950 576.3
1263960 575.8
1263970 574.6
1263980 574.6
1263990 574.6
1264000 574.6
1264010 574.6
1264020 574.6
1264030 574.5
1264040 574.5
1264050 574.6
1264060 574.5
1264070 574.5
1264080 574.5
1264090 574.5
1264100 574.5
1264110 574.5
1264120 574.4
1264130 574.4
1264140 574.4
1264150 574.4
1264160 574.4
1264170 574.4
1264180 574.4
1264190 574.4
1264200 574.4
1264210 574.4
1264220 574.4
1264230 574.4
1264240 574.4
1264250 574.4
1264260 574.4
1264270 574.4
1264280 574.5
1264290 574.5
1264300 574.7
1264310 574.9
1264320 574.9
1264330 575.2
1264340 575.7
1264350 575.7
1264360 576.3
1264370 576.9
1264380 576.9
1264390 577.7
1264400 578.3
1264410 578.3
1264420 578.6
1264430 578.7
1264440 578.7
1264450 578.5
1264460 578.2
1264470 578.2
1264480 578.0
1264490 578.0
1264500 577.9
1264510 577.9
1264520 578.0
1264530 578.0
1264540 578.0
1264550 578.0
1264560 578.0
1264570 578.0
1264580 577.9
1264590 577.9
1264600 577.9
1264610 577.9
1264620 578.0
1264630 578.0
1264640 578.1
1264650 578.3
1264660 578.3
1264670 578.4
1264680 578.3
1264690 578.3
1264700 578.1
1264710 577.7
1264720 577.7
1264730 578.2
1264740 578.3
1264750 577.9
1264760 577.9
1264770 577.9
1264780 577.8
1264790 577.8
1264800 577.4
1264810 577.4
1264820 577.4
1264830 577.3
1264840 577.3
1264850 577.3
1264860 577.3
1264870 577.4
1264880 577.4
1264890 577.4
1264900 577.5
1264910 577.5
1264920 577.3
1264930 577.2
1264940 577.2
1264950 577.2
1264960 577.3
1264970 577.3
1264980 577.3
1264990 577.1
1265000 577.1
1265010 577.0
1265020 577.1
1265030 577.0
1265040 577.0
1265050 577.1
1265060 577.0
1265070 577.0
1265080 577.0
1265090 577.0
1265100 577.0
1265110 577.0
1265120 576.9
1265130 577.0
1265140 577.0
1265150 576.8
1265160 576.8
1265170 576.7
1265180 576.6
1265190 576.6
1265200 577.1
1265210 578.5
1265220 578.5
1265230 579.0
1265240 577.8
1265250 577.8
1265260 575.5
1265270 574.3
1265280 574.4
1265290 574.4
1265300 575.6
1265310 575.8
1265320 575.8
1265330 576.2
1265340 576.4
1265350 576.4
1265360 576.8
1265370 576.8
1265380 576.8
1265390 576.7
1265400 576.6
1265410 576.6
1265420 576.6
1265430 576.5
1265440 576.5
1265450 576.4
1265460 576.4
1265470 576.4
1265480 576.4
1265490 576.2
1265500 576.2
1265510 576.1
1265520 576.3
1265530 576.4
1265540 576.4
1265550 576.4
1265560 576.3
1265570 576.3
1265580 576.1
1265590 575.7
1265600 575.7
1265610 576.2
1265620 576.4
1265630 576.4
1265640 576.4
1265650 576.5
1265660 576.5
1265670 576.5
1265680 576.5
1265690 576.5
1265700 576.5
1265710 576.3
1265720 576.3
1265730 576.0
1265740 576.0
1265750 576.0
1265760 576.2
1265770 576.3
1265780 576.3
1265790 576.1
1265800 576.3
1265810 577.6
1265820 577.6
1265830 577.4
1265840 576.6
1265850 576.6
1265860 577.1
1265870 577.1
1265880 577.1
1265890 575.7
1265900 576.2
1265910 576.2
1265920 576.4
1265930 576.0
1265940 576.0
1265950 576.3
1265960 576.8
1265970 576.8
1265980 576.8
1265990 577.0
1266000 577.0
1266010 577.1
1266020 576.7
1266030 576.7
1266040 576.6
1266050 576.6
1266060 576.3
1266070 576.3
1266080 576.2
1266090 576.4
1266100 576.4
1266110 577.0
1266120 576.5
1266130 576.5
1266140 576.4
1266150 576.7
1266160 576.7
1266170 575.4
1266180 572.8
1266190 572.8
1266200 572.4
1266210 572.5
1266220 572.5
1266230 572.5
1266240 572.5
1266250 572.5
1266260 572.5
1266270 572.5
1266280 572.5
1266290 572.5
1266300 573.1
1266310 575.8
1266320 575.8
1266330 577.0
1266340 576.8
1266350 576.8
1266360 576.6
1266370 576.4
1266380 576.4
1266390 576.4
1266400 576.2
1266410 576.2
1266420 576.1
1266430 576.1
1266440 576.1
1266450 575.9
1266460 575.7
1266470 575.7
1266480 575.7
1266490 575.5
1266500 575.5
1266510 575.4
1266520 575.3
1266530 575.3
1266540 575.3
1266550 575.2
1266560 575.2
1266570 575.1
1266580 575.1
1266590 575.0
1266600 575.0
1266610 574.9
1266620 575.1
1266630 575.1
1266640 575.2
1266650 575.2
1266660 575.2
1266670 575.5
1266680 575.3
1266690 575.3
1266700 575.3
1266710 575.4
1266720 575.4
1266730 575.5
1266740 575.4
1266750 575.4
1266760 575.4
1266770 575.2
1266780 575.2
1266790 575.1
1266800 575.3
1266810 575.3
1266820 575.4
1266830 575.3
1266840 575.3
1266850 575.3
1266860 575.3
1266870 575.2
1266880 575.2
1266890 575.2
1266900 575.3
1266910 575.3
1266920 575.2
1266930 575.2
1266940 575.2
1266950 575.3
1266960 575.4
1266970 575.4
1266980 575.5
1266990 575.8
1267000 575.8
1267010 576.9
1267020 578.0
1267030 578.0
1267040 578.3
1267050 578.6
1267060 578.6
1267070 579.1
1267080 579.2
1267090 579.2
1267100 579.2
1267110 579.3
1267120 579.6
1267130 579.6
1267140 580.2
1267150 580.9
1267160 580.9
1267170 581.2
1267180 581.2
1267190 581.2
1267200 581.2
1267210 581.0
1267220 581.0
1267230 581.1
1267240 581.1
1267250 581.1
1267260 581.1
1267270 581.2
1267280 581.2
1267290 581.2
1267300 581.5
1267310 581.5
1267320 581.6
1267330 581.5
1267340 581.5
1267350 581.2
1267360 581.2
1267370 581.2
1267380 581.2
1267390 581.2
1267400 581.2
1267410 581.2
1267420 581.1
1267430 581.3
1267440 581.3
1267450 581.4
1267460 581.9
1267470 581.9
1267480 581.9
1267490 582.0
1267500 582.0
1267510 582.0
1267520 582.0
1267530 582.0
1267540 582.0
1267550 582.1
1267560 582.1
1267570 582.2
1267580 582.2
1267590 582.2
1267600 582.2
1267610 582.2
1267620 582.2
1267630 582.2
1267640 582.3
1267650 582.3
1267660 582.3
1267670 582.3
1267680 582.3
1267690 582.3
1267700 582.4
1267710 582.4
1267720 582.4
1267730 582.4
1267740 582.4
1267750 582.4
1267760 582.4
1267770 582.4
1267780 582.4
1267790 582.4
1267800 582.5
1267810 582.5
1267820 582.5
1267830 582.5
1267840 582.5
1267850 582.6
1267860 582.6
1267870 582.6
1267880 582.6
1267890 582.7
1267900 582.7
1267910 582.7
1267920 582.7
1267930 582.7
1267940 582.7
1267950 582.7
1267960 582.8
1267970 582.8
1267980 582.8
1267990 582.8
1268000 582.8
1268010 582.8
1268020 582.9
1268030 582.9
1268040 582.9
1268050 582.9
1268060 582.9
1268070 583.0
1268080 583.0
1268090 583.0
1268100 583.0
1268110 583.1
1268120 583.1
1268130 583.1
1268140 583.1
1268150 583.1
1268160 583.1
1268170 583.1
1268180 583.1
1268190 583.1
1268200 583.1
1268210 583.1
1268220 583.1
1268230 583.1
1268240 583.0
1268250 583.0
1268260 583.0
1268270 583.0
1268280 583.0
1268290 583.0
1268300 582.9
1268310 582.9
1268320 582.9
1268330 582.9
1268340 582.9
1268350 582.8
1268360 582.8
1268370 582.8
1268380 582.8
1268390 582.9
1268400 583.4
1268410 583.4
1268420 584.2
1268430 584.6
1268440 584.6
1268450 584.9
1268460 584.8
1268470 584.8
1268480 584.6
1268490 584.7
1268500 584.7
1268510 584.8
1268520 584.4
1268530 584.4
1268540 583.6
1268550 584.6
1268560 584.6
1268570 585.3
1268580 585.3
1268590 585.3
1268600 585.3
1268610 585.7
1268620 585.7
1268630 587.3
1268640 588.1
1268650 588.1
1268660 588.1
1268670 587.8
1268680 586.1
1268690 586.1
1268700 585.4
1268710 585.5
1268720 585.5
1268730 585.3
1268740 585.3
1268750 585.3
1268760 585.4
1268770 585.6
1268780 585.6
1268790 585.8
1268800 585.9
1268810 585.9
1268820 586.5
1268830 586.7
1268840 586.7
1268850 586.9
1268860 587.2
1268870 587.2
1268880 587.2
1268890 587.1
1268900 587.1
1268910 587.1
1268920 587.2
1268930 587.2
1268940 587.2
1268950 587.3
1268960 587.3
1268970 587.3
1268980 587.5
1268990 587.7
1269000 587.7
1269010 587.7
1269020 587.8
1269030 587.8
1269040 587.9
1269050 587.9
1269060 587.9
1269070 587.7
1269080 584.9
1269090 584.9
1269100 582.7
1269110 585.8
1269120 585.8
1269130 588.7
1269140 589.0
1269150 589.0
1269160 588.9
1269170 588.7
1269180 588.7
1269190 588.7
1269200 588.6
1269210 588.0
1269220 584.5
1269230 583.0
1269240 585.3
1269250 585.3
1269260 588.7
1269270 589.0
1269280 589.0
1269290 588.9
1269300 588.5
1269310 588.5
1269320 588.6
1269330 588.5
1269340 588.5
1269350 587.5
1269360 587.2
1269370 587.2
1269380 587.0
1269390 586.8
1269400 586.8
1269410 586.9
1269420 587.0
1269430 587.1
1269440 587.1
1269450 587.2
1269460 587.1
1269470 587.1
1269480 587.2
1269490 587.2
1269500 587.2
1269510 585.6
1269520 583.1
1269530 583.1
1269540 582.7
1269550 584.1
1269560 584.1
1269570 588.6
1269580 589.5
1269590 589.5
1269600 589.4
1269610 589.4
1269620 589.4
1269630 589.4
1269640 589.4
1269650 589.4
1269660 589.4
1269670 589.3
1269680 589.3
1269690 589.3
1269700 589.3
1269710 589.3
1269720 589.3
1269730 589.2
1269740 589.0
1269750 589.0
1269760 588.7
1269770 588.5
1269780 588.5
1269790 588.3
1269800 588.1
1269810 588.3
1269820 588.1
1269830 588.1
1269840 588.1
1269850 588.0
1269860 587.9
1269870 587.9
1269880 587.8
1269890 587.7
1269900 587.7
1269910 587.5
1269920 587.4
1269930 587.4
1269940 587.4
1269950 587.4
1269960 587.3
1269970 587.3
1269980 587.0
1269990 586.1
1270000 586.1
1270010 586.1
1270020 586.1
1270030 586.1
1270040 586.1
1270050 586.1
1270060 586.1
1270070 586.0
1270080 586.0
1270090 586.0
1270100 586.0
1270110 586.0
1270120 586.0
1270130 586.0
1270140 586.0
1270150 586.0
1270160 586.0
1270170 586.0
1270180 586.0
1270190 586.0
1270200 586.1
1270210 586.1
1270220 586.1
1270230 586.0
1270240 585.9
1270250 585.9
1270260 585.8
1270270 585.7
1270280 585.7
1270290 585.7
1270300 585.7
1270310 585.7
1270320 585.8
1270330 585.9
1270340 585.9
1270350 586.0
1270360 586.2
1270370 586.2
1270380 586.2
1270390 586.1
1270400 586.1
1270410 585.7
1270420 585.3
1270430 585.3
1270440 585.0
1270450 584.9
1270460 585.5
1270470 585.5
1270480 588.4
1270490 589.9
1270500 589.9
1270510 588.9
1270520 585.4
1270530 585.4
1270540 584.4
1270550 584.0
1270560 584.0
1270570 584.0
1270580 584.0
1270590 584.0
1270600 584.1
1270610 584.2
1270620 584.2
1270630 584.2
1270640 584.2
1270650 584.2
1270660 584.1
1270670 584.0
1270680 584.0
1270690 583.5
1270700 583.5
1270710 583.5
1270720 583.6
1270730 583.6
1270740 583.6
1270750 583.6
1270760 583.5
1270770 583.4
1270780 583.4
1270790 583.1
1270800 582.9
1270810 582.9
1270820 582.9
1270830 583.0
1270840 583.0
1270850 583.1
1270860 583.0
1270870 583.0
1270880 582.9
1270890 582.8
1270900 582.8
1270910 582.5
1270920 581.9
1270930 581.9
1270940 581.8
1270950 581.6
1270960 581.6
1270970 581.4
1270980 581.3
1270990 581.2
1271000 581.3
1271010 581.2
1271020 581.2
1271030 581.2
1271040 581.1
1271050 581.0
1271060 581.0
1271070 580.9
1271080 580.8
1271090 580.8
1271100 580.7
1271110 580.6
1271120 580.6
1271130 580.5
1271140 580.5
1271150 580.5
1271160 580.5
1271170 580.4
1271180 580.4
1271190 580.2
1271200 580.1
1271210 580.1
1271220 580.0
1271230 580.0
1271240 579.9
1271250 579.9
1271260 579.9
1271270 579.9
1271280 579.9
1271290 579.9
1271300 579.8
1271310 579.8
1271320 579.8
1271330 579.8
1271340 579.8
1271350 579.8
1271360 579.7
1271370 579.7
1271380 579.7
1271390 579.7
1271400 579.7
1271410 579.8
1271420 580.2
1271430 580.2
1271440 580.7
1271450 581.0
1271460 581.0
1271470 581.1
1271480 581.4
1271490 581.4
1271500 582.0
1271510 582.9
1271520 584.1
1271530 584.1
1271540 585.6
1271550 586.9
1271560 586.9
1271570 588.4
1271580 590.1
1271590 590.1
1271600 597.8
1271610 598.6
1271620 598.6
1271630 598.9
1271640 599.0
1271650 599.0
1271660 599.1
1271670 599.2
1271680 599.2
1271690 599.8
1271700 601.9
1271710 601.9
1271720 604.7
1271730 606.7
1271740 606.7
1271750 608.7
1271760 610.3
1271770 611.6
1271780 611.6
1271790 612.6
1271800 614.0
1271810 614.0
1271820 615.7
1271830 617.3
1271840 617.3
1271850 618.9
1271860 620.3
1271870 620.3
1271880 621.5
1271890 622.4
1271900 622.4
1271910 623.2
1271920 624.4
1271930 624.4
1271940 625.8
1271950 627.4
1271960 627.4
1271970 628.6
1271980 627.5
1271990 627.5
1272000 629.1
1272010 632.4
1272020 633.3
1272030 633.3
1272040 633.5
1272050 633.9
1272060 633.9
1272070 635.4
1272080 636.6
1272090 636.6
1272100 636.1
1272110 635.9
1272120 635.9
1272130 636.9
1272140 638.1
1272150 638.1
1272160 638.5
1272170 639.9
1272180 639.9
1272190 640.5
1272200 645.9
1272210 645.9
1272220 648.1
1272230 648.6
1272240 648.6
1272250 649.0
1272260 650.8
1272270 652.3
1272280 652.3
1272290 654.5
1272300 655.7
1272310 655.7
1272320 656.2
1272330 656.3
1272340 656.3
1272350 656.7
1272360 657.3
1272370 657.3
1272380 658.5
1272390 659.8
1272400 659.8
1272410 660.4
1272420 660.6
1272430 660.6
1272440 660.2
1272450 659.6
1272460 659.6
1272470 658.5
1272480 656.1
1272490 656.1
1272500 654.1
1272510 650.9
1272520 650.9
1272530 646.2
1272540 645.1
1272550 645.8
1272560 645.8
1272570 645.1
1272580 642.0
1272590 642.0
1272600 638.5
1272610 637.1
1272620 637.1
1272630 637.7
1272640 639.6
1272650 639.6
1272660 644.4
1272670 645.9
1272680 645.9
1272690 645.0
1272700 644.4
1272710 644.4
1272720 643.6
1272730 643.5
1272740 643.5
1272750 645.4
1272760 648.0
1272770 648.0
1272780 648.4
1272790 648.8
1272800 650.7
1272810 650.7
1272820 651.3
1272830 652.0
1272840 652.0
1272850 652.6
1272860 652.9
1272870 652.9
1272880 653.2
1272890 653.9
1272900 653.9
1272910 655.1
1272920 655.9
1272930 655.9
1272940 656.6
1272950 657.5
1272960 657.5
1272970 658.4
1272980 660.1
1272990 660.1
1273000 660.3
1273010 657.2
1273020 657.2
1273030 647.7
1273040 641.5
1273050 638.4
1273060 638.4
1273070 641.1
1273080 647.6
1273090 647.6
1273100 654.7
1273110 658.9
1273120 658.9
1273130 660.6
1273140 661.9
1273150 661.9
1273160 664.0
1273170 665.6
1273180 665.6
1273190 667.0
1273200 668.0
1273210 668.0
1273220 668.9
1273230 669.8
1273240 669.8
1273250 670.6
1273260 671.2
1273270 671.2
1273280 671.9
1273290 672.7
1273300 672.7
1273310 673.8
1273320 675.2
1273330 676.6
1273340 676.6
1273350 677.9
1273360 679.1
1273370 679.1
1273380 680.1
1273390 681.2
1273400 683.1
1273410 684.3
1273420 685.9
1273430 685.9
1273440 687.3
1273450 688.4
1273460 688.4
1273470 689.1
1273480 690.0
1273490 690.0
1273500 691.5
1273510 693.3
1273520 693.3
1273530 695.1
1273540 697.1
1273550 697.1
1273560 698.3
1273570 699.1
1273580 700.1
1273590 700.1
1273600 701.2
1273610 702.4
1273620 702.4
1273630 703.1
1273640 703.3
1273650 703.3
1273660 703.2
1273670 701.5
1273680 701.5
1273690 697.9
1273700 700.4
1273710 700.4
1273720 704.4
1273730 705.9
1273740 705.9
1273750 706.8
1273760 707.5
1273770 707.5
1273780 708.1
1273790 708.7
1273800 708.7
1273810 709.4
1273820 710.0
1273830 710.7
1273840 710.7
1273850 711.5
1273860 712.4
1273870 712.4
1273880 713.1
1273890 713.5
1273900 713.5
1273910 714.1
1273920 714.8
1273930 714.8
1273940 715.3
1273950 716.0
1273960 716.0
1273970 717.0
1273980 718.5
1273990 718.5
1274000 721.2
1274010 722.5
1274020 722.5
1274030 723.7
1274040 725.7
1274050 725.7
1274060 727.5
1274070 730.0
1274080 730.0
1274090 732.1
1274100 733.8
1274110 735.8
1274120 735.8
1274130 737.2
1274140 737.8
1274150 737.8
1274160 737.9
1274170 738.6
1274180 738.6
1274190 742.1
1274200 743.3
1274210 743.3
1274220 744.5
1274230 745.3
1274240 745.3
1274250 745.9
1274260 746.8
1274270 746.8
1274280 747.5
1274290 748.2
1274300 748.2
1274310 748.8
1274320 749.3
1274330 749.3
1274340 749.7
1274350 750.1
1274360 750.3
1274370 750.3
1274380 750.7
1274390 751.0
1274400 751.0
1274410 751.3
1274420 751.7
1274430 751.7
1274440 752.1
1274450 752.3
1274460 752.3
1274470 752.6
1274480 752.7
1274490 752.7
1274500 752.8
1274510 752.8
1274520 752.8
1274530 752.9
1274540 753.0
1274550 753.0
1274560 753.0
1274570 752.6
1274580 752.6
1274590 752.2
1274600 752.0
1274610 752.0
1274620 752.0
1274630 751.6
1274640 751.4
1274650 751.4
1274660 751.2
1274670 751.1
1274680 751.1
1274690 751.1
1274700 751.1
1274710 751.1
1274720 751.3
1274730 751.8
1274740 751.8
1274750 752.9
1274760 755.1
1274770 755.1
1274780 757.9
1274790 761.1
1274800 761.1
1274810 762.9
1274820 763.7
1274830 763.7
1274840 764.2
1274850 764.6
1274860 764.6
1274870 764.7
1274880 764.6
1274890 764.3
1274900 764.3
1274910 763.4
1274920 758.9
1274930 758.9
1274940 754.9
1274950 753.4
1274960 753.4
1274970 752.5
1274980 752.0
1274990 752.0
1275000 751.6
1275010 751.2
1275020 751.2
1275030 749.7
1275040 744.9
1275050 744.9
1275060 738.9
1275070 733.5
1275080 733.5
1275090 729.7
1275100 726.4
1275110 726.4
1275120 721.5
1275130 720.7
1275140 724.3
1275150 724.3
1275160 730.5
1275170 737.5
1275180 737.5
1275190 745.3
1275200 753.2
1275210 752.1
1275220 759.7
1275230 767.0
1275240 767.0
1275250 773.3
1275260 778.1
1275270 778.1
1275280 782.2
1275290 784.8
1275300 784.8
1275310 785.7
1275320 786.3
1275330 786.3
1275340 786.7
1275350 786.9
1275360 786.9
1275370 787.0
1275380 787.2
1275390 787.7
1275400 787.7
1275410 788.7
1275420 789.9
1275430 789.9
1275440 790.7
1275450 791.4
1275460 791.4
1275470 792.0
1275480 792.5
1275490 792.5
1275500 793.2
1275510 793.9
1275520 793.9
1275530 794.4
1275540 794.9
1275550 794.9
1275560 795.3
1275570 795.6
1275580 795.6
1275590 795.8
1275600 795.9
1275610 795.9
1275620 795.9
1275630 796.0
1275640 795.9
1275650 795.9
1275660 795.7
1275670 795.3
1275680 795.3
1275690 794.7
1275700 793.1
1275710 793.1
1275720 789.1
1275730 784.7
1275740 784.7
1275750 780.1
1275760 774.9
1275770 774.9
1275780 770.3
1275790 765.9
1275800 765.9
1275810 760.7
1275820 758.1
1275830 758.1
1275840 751.3
1275850 745.4
1275860 745.4
1275870 741.9
1275880 741.0
1275890 741.0
1275900 742.1
1275910 743.5
1275920 745.2
1275930 745.2
1275940 748.7
1275950 754.4
1275960 754.4
1275970 760.7
1275980 765.8
1275990 765.8
1276000 768.0
1276010 769.2
1276020 769.2
1276030 770.8
1276040 773.6
1276050 773.6
1276060 777.2
1276070 780.7
1276080 780.7
1276090 785.1
1276100 789.0
1276110 789.0
1276120 791.0
1276130 793.1
1276140 793.1
1276150 795.3
1276160 797.7
1276170 799.9
1276180 799.9
1276190 802.1
1276200 804.9
1276210 804.9
1276220 807.5
1276230 810.9
1276240 810.9
1276250 814.6
1276260 817.6
1276270 817.6
1276280 820.6
1276290 822.3
1276300 822.3
1276310 823.8
1276320 827.7
1276330 827.7
1276340 832.1
1276350 834.6
1276360 834.6
1276370 835.1
1276380 836.5
1276390 836.5
1276400 839.8
1276410 840.6
1276420 840.0
1276430 841.0
1276440 840.5
1276450 839.1
1276460 839.1
1276470 838.0
1276480 837.6
1276490 837.6
1276500 837.3
1276510 837.0
1276520 837.0
1276530 837.2
1276540 837.5
1276550 837.5
1276560 837.7
1276570 838.3
1276580 838.3
1276590 839.0
1276600 839.5
1276610 839.5
1276620 839.5
1276630 838.5
1276640 838.5
1276650 837.4
1276660 836.3
1276670 836.3
1276680 834.7
1276690 832.3
1276700 830.5
1276710 830.5
1276720 829.7
1276730 829.2
1276740 829.2
1276750 828.3
1276760 828.2
1276770 828.2
1276780 828.7
1276790 829.6
1276800 829.6
1276810 830.4
1276820 831.4
1276830 831.4
1276840 832.5
1276850 834.2
1276860 834.2
1276870 836.4
1276880 838.8
1276890 838.8
1276900 840.9
1276910 842.5
1276920 842.5
1276930 844.0
1276940 845.6
1276950 846.9
1276960 846.9
1276970 848.3
1276980 849.7
1276990 849.7
1277000 851.2
1277010 852.3
1277020 852.3
1277030 853.0
1277040 858.3
1277050 858.3
1277060 860.0
1277070 861.5
1277080 861.5
1277090 861.6
1277100 862.6
1277110 862.6
1277120 864.6
1277130 864.6
1277140 864.6
1277150 866.2
1277160 868.6
1277170 868.6
1277180 868.7
1277190 869.0
1277200 870.3
1277210 870.3
1277220 871.7
1277230 872.5
1277240 872.5
1277250 872.9
1277260 873.6
1277270 873.6
1277280 873.5
1277290 873.4
1277300 873.4
1277310 874.4
1277320 875.4
1277330 875.4
1277340 875.6
1277350 876.2
1277360 876.2
1277370 877.9
1277380 879.3
1277390 879.3
1277400 879.9
1277410 880.0
1277420 880.0
1277430 880.1
1277440 880.4
1277450 880.4
1277460 880.4
1277470 880.4
1277480 880.7
1277490 880.7
1277500 881.5
1277510 881.9
1277520 881.9
1277530 881.7
1277540 881.5
1277550 881.5
1277560 881.3
1277570 881.1
1277580 881.1
1277590 881.0
1277600 881.1
1277610 881.1
1277620 880.8
1277630 880.3
1277640 880.3
1277650 879.4
1277660 882.0
1277670 882.0
1277680 880.4
1277690 879.4
1277700 879.4
1277710 878.3
1277720 877.2
1277730 876.2
1277740 876.2
1277750 875.4
1277760 874.6
1277770 874.6
1277780 873.8
1277790 873.4
1277800 873.4
1277810 873.0
1277820 872.7
1277830 872.7
1277840 872.5
1277850 872.2
1277860 872.2
1277870 871.7
1277880 871.1
1277890 871.1
1277900 870.7
1277910 870.7
1277920 870.7
1277930 870.2
1277940 869.9
1277950 869.9
1277960 869.5
1277970 869.1
1277980 868.6
1277990 868.6
1278000 868.2
1278010 867.4
1278020 867.4
1278030 867.1
1278040 867.2
1278050 867.2
1278060 867.5
1278070 868.0
1278080 868.0
1278090 868.0
1278100 867.9
1278110 867.9
1278120 867.9
1278130 867.7
1278140 867.7
1278150 867.5
1278160 867.5
1278170 867.5
1278180 867.5
1278190 867.4
1278200 867.4
1278210 867.3
1278220 866.9
1278230 866.0
1278240 866.0
1278250 865.3
1278260 865.3
1278270 865.3
1278280 865.3
1278290 863.9
1278300 863.9
1278310 862.5
1278320 862.2
1278330 862.2
1278340 861.3
1278350 859.2
1278360 859.2
1278370 857.3
1278380 855.4
1278390 855.4
1278400 853.0
1278410 850.1
1278420 850.1
1278430 847.9
1278440 845.2
1278450 845.2
1278460 842.2
1278470 838.8
1278480 838.8
1278490 835.7
1278500 832.3
1278510 828.9
1278520 828.9
1278530 826.0
1278540 823.2
1278550 823.2
1278560 820.5
1278570 817.9
1278580 817.9
1278590 815.3
1278600 812.6
1278610 812.6
1278620 809.4
1278630 806.3
1278640 806.3
1278650 803.4
1278660 800.6
1278670 800.6
1278680 798.3
1278690 796.6
1278700 796.6
1278710 795.2
1278720 795.0
1278730 795.0
1278740 795.5
1278750 796.0
1278760 796.7
1278770 796.7
1278780 798.0
1278790 800.1
1278800 800.1
1278810 802.9
1278820 806.3
1278830 806.3
1278840 805.8
1278850 799.8
1278860 799.8
1278870 792.8
1278880 785.8
1278890 790.6
1278900 783.9
1278910 779.7
1278920 779.7
1278930 778.0
1278940 778.2
1278950 778.2
1278960 779.4
1278970 782.1
1278980 782.1
1278990 785.9
1279000 790.1
1279010 795.0
1279020 795.0
1279030 800.6
1279040 806.8
1279050 806.8
1279060 812.8
1279070 819.7
1279080 819.7
1279090 827.2
1279100 834.9
1279110 834.9
1279120 842.3
1279130 849.0
1279140 849.0
1279150 855.4
1279160 862.3
1279170 862.3
1279180 867.6
1279190 872.0
1279200 872.0
1279210 874.3
1279220 875.6
1279230 875.6
1279240 876.8
1279250 878.0
1279260 878.0
1279270 879.2
1279280 880.4
1279290 881.3
1279300 881.3
1279310 882.3
1279320 883.4
1279330 883.4
1279340 884.4
1279350 885.4
1279360 885.4
1279370 886.3
1279380 887.1
1279390 887.1
1279400 888.0
1279410 888.9
1279420 888.9
1279430 890.0
1279440 890.9
1279450 890.9
1279460 891.9
1279470 892.6
1279480 892.6
1279490 893.2
1279500 893.9
1279510 894.7
1279520 895.4
1279530 896.1
1279540 896.7
1279550 896.7
1279560 897.1
1279570 897.4
1279580 897.4
1279590 897.7
1279600 897.9
1279610 897.9
1279620 898.0
1279630 898.1
1279640 898.1
1279650 898.1
1279660 898.2
1279670 898.2
1279680 898.5
1279690 898.3
1279700 898.3
1279710 898.1
1279720 897.9
1279730 897.9
1279740 897.5
1279750 896.8
1279760 896.8
1279770 895.4
1279780 893.8
1279790 892.2
1279800 892.2
1279810 890.8
1279820 889.7
1279830 889.7
1279840 889.0
1279850 888.5
1279860 888.5
1279870 888.3
1279880 888.1
1279890 888.1
1279900 887.6
1279910 887.3
1279920 887.3
1279930 887.5
1279940 888.0
1279950 888.0
1279960 888.4
1279970 888.5
1279980 888.5
1279990 888.6
