1260000 581.9
1260010 581.8
1260020 581.8
1260030 581.9
1260040 581.9
1260050 581.9
1260060 581.9
1260070 581.7
1260080 581.7
1260090 581.7
1260100 581.9
1260110 582.0
1260120 582.0
1260130 581.9
1260140 581.9
1260150 581.9
1260160 581.9
1260170 581.8
1260180 581.8
1260190 581.7
1260200 581.8
1260210 581.8
1260220 582.0
1260230 582.2
1260240 581.9
1260250 582.5
1260260 585.7
1260270 585.7
1260280 588.4
1260290 588.8
1260300 588.8
1260310 588.8
1260320 588.1
1260330 588.1
1260340 587.5
1260350 587.7
1260360 588.7
1260370 588.7
1260380 589.2
1260390 588.7
1260400 588.7
1260410 585.7
1260420 582.6
1260430 582.6
1260440 582.0
1260450 582.3
1260460 582.3
1260470 582.7
1260480 583.5
1260490 583.5
1260500 583.6
1260510 583.9
1260520 583.9
1260530 583.9
1260540 584.0
1260550 584.0
1260560 583.9
1260570 583.7
1260580 583.7
1260590 583.6
1260600 583.3
1260610 583.0
1260620 583.0
1260630 582.8
1260640 582.6
1260650 582.6
1260660 582.5
1260670 582.2
1260680 582.2
1260690 582.1
1260700 582.1
1260710 582.1
1260720 582.1
1260730 582.0
1260740 582.0
1260750 581.9
1260760 581.8
1260770 581.8
1260780 581.9
1260790 582.1
1260800 582.1
1260810 582.0
1260820 582.1
1260830 582.1
1260840 582.2
1260850 582.3
1260860 582.5
1260870 582.5
1260880 582.0
1260890 579.3
1260900 579.3
1260910 577.8
1260920 577.6
1260930 577.6
1260940 577.7
1260950 577.7
1260960 577.7
1260970 577.7
1260980 577.9
1260990 577.9
1261000 578.1
1261010 578.2
1261020 578.2
1261030 578.8
1261040 580.9
1261050 580.9
1261060 582.8
1261070 582.6
1261080 582.6
1261090 581.8
1261100 581.6
1261110 581.6
1261120 581.7
1261130 581.6
1261140 581.6
1261150 581.6
1261160 581.6
1261170 581.6
1261180 581.6
1261190 581.5
1261200 581.6
1261210 581.6
1261220 581.5
1261230 581.4
1261240 581.4
1261250 581.4
1261260 581.3
1261270 581.3
1261280 581.3
1261290 581.3
1261300 581.3
1261310 581.1
1261320 581.1
1261330 581.1
1261340 581.1
1261350 581.1
1261360 581.1
1261370 581.1
1261380 581.1
1261390 581.0
1261400 581.0
1261410 581.0
1261420 581.0
1261430 581.0
1261440 580.9
1261450 580.8
1261460 580.8
1261470 580.8
1261480 580.8
1261490 580.8
1261500 580.8
1261510 580.8
1261520 580.8
1261530 580.8
1261540 580.7
1261550 580.7
1261560 580.7
1261570 580.6
1261580 580.6
1261590 580.6
1261600 580.5
1261610 580.5
1261620 580.5
1261630 580.5
1261640 580.5
1261650 580.6
1261660 580.6
1261670 580.6
1261680 580.6
1261690 580.5
1261700 580.6
1261710 580.6
1261720 580.6
1261730 580.5
1261740 580.5
1261750 580.5
1261760 580.5
1261770 580.5
1261780 580.5
1261790 580.4
1261800 580.4
1261810 580.4
1261820 580.4
1261830 580.4
1261840 580.4
1261850 580.4
1261860 580.4
1261870 580.4
1261880 580.3
1261890 580.3
1261900 580.3
1261910 580.1
1261920 580.1
1261930 580.1
1261940 580.1
1261950 580.1
1261960 580.1
1261970 580.1
1261980 580.1
1261990 580.1
1262000 580.2
1262010 580.3
1262020 580.3
1262030 580.3
1262040 580.3
1262050 580.3
1262060 580.3
1262070 580.2
1262080 580.2
1262090 580.2
1262100 580.2
1262110 580.2
1262120 580.2
1262130 580.1
1262140 580.1
1262150 580.1
1262160 580.0
1262170 580.0
1262180 580.0
1262190 580.0
1262200 579.9
1262210 579.9
1262220 579.8
1262230 579.8
1262240 579.8
1262250 579.8
1262260 579.8
1262270 579.8
1262280 579.8
1262290 579.8
1262300 579.8
1262310 579.8
1262320 579.8
1262330 579.8
1262340 579.8
1262350 579.8
1262360 579.8
1262370 579.8
1262380 579.8
1262390 579.8
1262400 579.8
1262410 579.8
1262420 579.8
1262430 579.7
1262440 579.7
1262450 579.7
1262460 579.7
1262470 579.7
1262480 579.7
1262490 579.7
1262500 579.7
1262510 579.7
1262520 579.7
1262530 579.6
1262540 579.6
1262550 579.6
1262560 579.6
1262570 579.5
1262580 579.5
1262590 579.5
1262600 579.4
1262610 579.4
1262620 579.4
1262630 579.3
1262640 579.3
1262650 579.3
1262660 579.2
1262670 579.2
1262680 579.2
1262690 579.1
1262700 579.1
1262710 579.1
1262720 579.0
1262730 579.0
1262740 579.0
1262750 578.9
1262760 578.9
1262770 578.9
1262780 578.8
1262790 578.8
1262800 578.8
1262810 578.8
1262820 578.7
1262830 578.7
1262840 578.7
1262850 578.7
1262860 578.7
1262870 578.8
1262880 578.8
1262890 578.8
1262900 578.8
1262910 578.9
1262920 578.9
1262930 578.9
1262940 578.9
1262950 578.9
1262960 578.9
1262970 578.8
1262980 578.7
1262990 578.7
1263000 578.7
1263010 578.6
1263020 578.6
1263030 578.6
1263040 578.5
1263050 578.5
1263060 578.5
1263070 578.4
1263080 578.4
1263090 578.5
1263100 578.4
1263110 578.4
1263120 578.4
1263130 578.3
1263140 578.3
1263150 578.3
1263160 578.2
1263170 578.2
1263180 578.1
1263190 578.0
1263200 578.0
1263210 578.0
1263220 578.0
1263230 578.0
1263240 578.0
1263250 578.0
1263260 577.9
1263270 577.9
1263280 577.9
1263290 577.9
1263300 577.9
1263310 577.9
1263320 577.9
1263330 577.9
1263340 577.9
1263350 577.9
1263360 577.9
1263370 577.9
1263380 577.9
1263390 577.9
1263400 577.9
1263410 577.8
1263420 577.8
1263430 577.8
1263440 577.8
1263450 577.8
1263460 577.7
1263470 577.7
1263480 577.7
1263490 577.7
1263500 577.6
1263510 577.6
1263520 577.6
1263530 577.7
1263540 577.6
1263550 577.6
1263560 577.5
1263570 577.6
1263580 577.6
1263590 577.6
1263600 577.6
1263610 577.6
1263620 577.6
1263630 577.6
1263640 577.6
1263650 577.5
1263660 577.5
1263670 577.5
1263680 577.4
1263690 577.4
1263700 577.4
1263710 577.3
1263720 577.3
1263730 577.2
1263740 577.2
1263750 577.3
1263760 577.4
1263770 577.4
1263780 577.5
1263790 577.6
1263800 577.6
1263810 577.5
1263820 577.2
1263830 577.2
1263840 577.2
1263850 577.1
1263860 577.1
1263870 577.1
1263880 577.1
1263890 577.1
1263900 577.1
1263910 577.1
1263920 577.1
1263930 577.1
1263940 577.1
1263950 577.1
1263960 577.0
1263970 577.0
1263980 577.0
1263990 577.0
1264000 577.0
1264010 576.8
1264020 576.8
1264030 576.7
1264040 576.6
1264050 576.6
1264060 576.7
1264070 576.7
1264080 576.7
1264090 576.9
1264100 577.1
1264110 577.1
1264120 576.7
1264130 576.8
1264140 576.8
1264150 576.9
1264160 576.9
1264170 576.9
1264180 576.9
1264190 576.9
1264200 576.9
1264210 576.8
1264220 576.8
1264230 576.8
1264240 576.7
1264250 576.8
1264260 576.9
1264270 576.9
1264280 576.8
1264290 576.7
1264300 576.7
1264310 576.6
1264320 576.4
1264330 576.4
1264340 576.4
1264350 576.5
1264360 576.5
1264370 576.7
1264380 576.8
1264390 576.8
1264400 576.8
1264410 576.8
1264420 576.8
1264430 576.8
1264440 576.8
1264450 576.8
1264460 576.8
1264470 576.7
1264480 576.7
1264490 576.7
1264500 576.7
1264510 576.7
1264520 576.7
1264530 576.6
1264540 576.6
1264550 576.6
1264560 576.6
1264570 576.6
1264580 576.6
1264590 576.6
1264600 576.7
1264610 576.7
1264620 576.5
1264630 576.3
1264640 576.3
1264650 576.2
1264660 576.1
1264670 576.1
1264680 576.1
1264690 576.1
1264700 576.1
1264710 576.1
1264720 576.1
1264730 576.1
1264740 576.1
1264750 576.2
1264760 576.2
1264770 576.3
1264780 576.2
1264790 576.2
1264800 576.2
1264810 576.5
1264820 577.4
1264830 577.1
1264840 577.4
1264850 577.6
1264860 577.6
1264870 577.4
1264880 577.0
1264890 577.0
1264900 576.8
1264910 576.7
1264920 576.7
1264930 576.6
1264940 576.5
1264950 576.5
1264960 576.4
1264970 576.3
1264980 576.3
1264990 575.8
1265000 575.6
1265010 575.6
1265020 575.4
1265030 575.3
1265040 575.8
1265050 575.8
1265060 576.0
1265070 576.1
1265080 576.1
1265090 576.0
1265100 576.1
1265110 576.1
1265120 576.0
1265130 575.8
1265140 575.8
1265150 575.7
1265160 575.6
1265170 575.6
1265180 575.6
1265190 575.7
1265200 575.7
1265210 576.0
1265220 575.8
1265230 575.8
1265240 575.7
1265250 575.8
1265260 575.8
1265270 575.8
1265280 575.7
1265290 575.4
1265300 575.4
1265310 575.4
1265320 575.7
1265330 575.7
1265340 575.7
1265350 575.5
1265360 575.5
1265370 575.3
1265380 575.4
1265390 575.4
1265400 575.5
1265410 575.5
1265420 575.5
1265430 575.5
1265440 575.5
1265450 575.5
1265460 575.6
1265470 575.6
1265480 575.6
1265490 575.4
1265500 575.4
1265510 575.4
1265520 574.8
1265530 575.1
1265540 575.1
1265550 576.2
1265560 575.9
1265570 575.6
1265580 575.6
1265590 575.8
1265600 575.5
1265610 575.5
1265620 575.7
1265630 575.8
1265640 575.8
1265650 575.8
1265660 575.7
1265670 575.7
1265680 575.6
1265690 575.6
1265700 575.6
1265710 575.6
1265720 575.5
1265730 575.5
1265740 575.4
1265750 575.4
1265760 575.4
1265770 575.5
1265780 575.4
1265790 575.4
1265800 575.2
1265810 575.3
1265820 576.0
1265830 576.0
1265840 576.4
1265850 576.7
1265860 576.7
1265870 576.6
1265880 575.5
1265890 575.5
1265900 575.4
1265910 575.5
1265920 575.5
1265930 576.0
1265940 576.0
1265950 576.0
1265960 575.8
1265970 575.5
1265980 575.5
1265990 575.8
1266000 575.7
1266010 575.7
1266020 575.7
1266030 575.8
1266040 575.8
1266050 575.7
1266060 575.8
1266070 575.3
1266080 575.3
1266090 574.8
1266100 575.3
1266110 575.3
1266120 575.2
1266130 575.2
1266140 575.2
1266150 575.3
1266160 575.7
1266170 575.7
1266180 578.4
1266190 580.4
1266200 580.4
1266210 578.5
1266220 576.4
1266230 576.4
1266240 576.4
1266250 576.6
1266260 576.6
1266270 576.7
1266280 576.6
1266290 576.6
1266300 576.4
1266310 576.1
1266320 576.1
1266330 575.5
1266340 574.7
1266350 573.7
1266360 573.7
1266370 574.5
1266380 576.1
1266390 576.1
1266400 576.1
1266410 576.2
1266420 576.2
1266430 576.6
1266440 576.8
1266450 576.8
1266460 576.8
1266470 576.8
1266480 576.8
1266490 576.8
1266500 576.8
1266510 576.8
1266520 576.8
1266530 576.4
1266540 576.4
1266550 576.0
1266560 575.6
1266570 575.9
1266580 575.6
1266590 575.7
1266600 575.9
1266610 575.9
1266620 576.1
1266630 576.3
1266640 576.3
1266650 576.5
1266660 576.5
1266670 576.5
1266680 576.2
1266690 576.0
1266700 576.0
1266710 573.3
1266720 571.5
1266730 571.5
1266740 571.5
1266750 571.5
1266760 571.5
1266770 571.5
1266780 571.5
1266790 571.5
1266800 571.5
1266810 571.5
1266820 571.5
1266830 571.5
1266840 573.1
1266850 573.1
1266860 576.1
1266870 576.2
1266880 575.6
1266890 575.6
1266900 575.4
1266910 575.2
1266920 575.2
1266930 575.2
1266940 575.1
1266950 575.1
1266960 575.2
1266970 575.1
1266980 575.1
1266990 575.0
1267000 575.1
1267010 575.1
1267020 575.1
1267030 575.1
1267040 575.1
1267050 575.0
1267060 574.8
1267070 574.8
1267080 574.7
1267090 574.7
1267100 574.7
1267110 574.9
1267120 574.9
1267130 574.8
1267140 574.8
1267150 574.6
1267160 574.5
1267170 574.5
1267180 574.5
1267190 574.6
1267200 574.6
1267210 574.9
1267220 575.2
1267230 575.2
1267240 575.1
1267250 574.9
1267260 574.9
1267270 575.1
1267280 576.8
1267290 576.8
1267300 577.3
1267310 577.4
1267320 577.4
1267330 577.6
1267340 577.8
1267350 577.8
1267360 578.3
1267370 578.6
1267380 578.6
1267390 578.6
1267400 578.6
1267410 578.6
1267420 578.6
1267430 578.6
1267440 578.6
1267450 578.6
1267460 578.6
1267470 578.6
1267480 578.6
1267490 578.6
1267500 578.6
1267510 578.6
1267520 578.6
1267530 578.7
1267540 578.7
1267550 578.7
1267560 578.6
1267570 578.6
1267580 578.6
1267590 578.1
1267600 578.1
1267610 577.9
1267620 577.8
1267630 577.8
1267640 577.7
1267650 577.8
1267660 577.8
1267670 577.8
1267680 577.9
1267690 577.9
1267700 577.9
1267710 577.9
1267720 577.9
1267730 577.9
1267740 578.0
1267750 577.9
1267760 577.9
1267770 577.8
1267780 577.9
1267790 577.9
1267800 578.0
1267810 578.0
1267820 578.0
1267830 578.1
1267840 578.1
1267850 578.1
1267860 578.1
1267870 578.2
1267880 578.2
1267890 578.4
1267900 578.5
1267910 578.5
1267920 578.5
1267930 578.5
1267940 578.5
1267950 578.5
1267960 578.4
1267970 578.5
1267980 578.5
1267990 577.7
1268000 577.9
1268010 577.9
1268020 578.2
1268030 578.2
1268040 578.2
1268050 578.5
1268060 579.1
1268070 579.1
1268080 579.8
1268090 579.8
1268100 579.8
1268110 579.8
1268120 579.8
1268130 579.8
1268140 579.8
1268150 579.8
1268160 579.9
1268170 579.9
1268180 580.1
1268190 580.2
1268200 580.2
1268210 580.3
1268220 580.3
1268230 580.3
1268240 580.2
1268250 580.2
1268260 580.2
1268270 580.3
1268280 580.3
1268290 580.3
1268300 580.4
1268310 580.4
1268320 580.4
1268330 580.5
1268340 580.7
1268350 580.7
1268360 580.7
1268370 580.6
1268380 580.6
1268390 580.7
1268400 580.7
1268410 580.7
1268420 580.7
1268430 580.8
1268440 580.8
1268450 580.8
1268460 580.7
1268470 580.8
1268480 580.8
1268490 580.7
1268500 580.6
1268510 580.6
1268520 581.1
1268530 581.2
1268540 581.2
1268550 581.3
1268560 581.4
1268570 581.4
1268580 581.5
1268590 581.5
1268600 581.5
1268610 581.5
1268620 581.5
1268630 581.5
1268640 581.9
1268650 582.1
1268660 582.1
1268670 582.1
1268680 582.1
1268690 582.1
1268700 582.1
1268710 582.2
1268720 582.1
1268730 582.1
1268740 582.3
1268750 583.1
1268760 583.1
1268770 583.4
1268780 583.1
1268790 583.1
1268800 583.0
1268810 583.0
1268820 583.0
1268830 583.0
1268840 583.0
1268850 583.0
1268860 583.0
1268870 583.0
1268880 583.0
1268890 583.0
1268900 582.9
1268910 582.9
1268920 583.2
1268930 583.0
1268940 583.0
1268950 583.0
1268960 583.1
1268970 583.2
1268980 583.2
1268990 582.9
1269000 582.8
1269010 582.8
1269020 582.7
1269030 582.7
1269040 582.7
1269050 582.6
1269060 582.4
1269070 582.4
1269080 582.3
1269090 582.2
1269100 582.2
1269110 582.4
1269120 582.4
1269130 582.4
1269140 582.4
1269150 582.5
1269160 582.5
1269170 582.5
1269180 582.5
1269190 582.5
1269200 582.3
1269210 582.1
1269220 582.0
1269230 582.0
1269240 582.0
1269250 581.9
1269260 581.9
1269270 582.3
1269280 582.5
1269290 582.5
1269300 582.4
1269310 582.5
1269320 582.5
1269330 582.5
1269340 582.5
1269350 582.5
1269360 582.6
1269370 582.7
1269380 582.7
1269390 582.6
1269400 582.5
1269410 582.5
1269420 582.6
1269430 582.7
1269440 582.7
1269450 582.5
1269460 581.8
1269470 579.3
1269480 579.3
1269490 578.0
1269500 578.1
1269510 578.2
1269520 582.2
1269530 584.8
1269540 584.8
1269550 584.8
1269560 584.2
1269570 584.2
1269580 584.4
1269590 584.7
1269600 584.7
1269610 584.7
1269620 584.7
1269630 584.7
1269640 584.7
1269650 584.7
1269660 584.7
1269670 584.5
1269680 584.5
1269690 584.5
1269700 584.4
1269710 583.4
1269720 582.9
1269730 582.9
1269740 583.6
1269750 583.5
1269760 583.5
1269770 583.4
1269780 583.2
1269790 583.2
1269800 583.1
1269810 583.0
1269820 583.0
1269830 583.0
1269840 583.1
1269850 583.1
1269860 583.3
1269870 583.6
1269880 583.6
1269890 583.9
1269900 584.1
1269910 584.1
1269920 584.2
1269930 583.2
1269940 583.2
1269950 583.2
1269960 583.2
1269970 583.2
1269980 583.1
1269990 583.1
1270000 583.0
1270010 583.0
1270020 583.0
1270030 583.0
1270040 583.0
1270050 583.3
1270060 583.6
1270070 583.6
1270080 584.0
1270090 584.2
1270100 584.2
1270110 584.2
1270120 583.6
1270130 583.6
1270140 582.6
1270150 582.5
1270160 582.5
1270170 582.6
1270180 582.7
1270190 582.7
1270200 582.9
1270210 583.3
1270220 583.3
1270230 583.3
1270240 583.0
1270250 582.6
1270260 582.6
1270270 582.3
1270280 582.0
1270290 582.0
1270300 581.9
1270310 582.0
1270320 582.0
1270330 581.7
1270340 581.6
1270350 581.6
1270360 581.6
1270370 581.6
1270380 581.6
1270390 581.5
1270400 581.5
1270410 581.5
1270420 581.6
1270430 581.7
1270440 581.7
1270450 581.6
1270460 581.5
1270470 581.5
1270480 581.5
1270490 581.5
1270500 581.5
1270510 581.5
1270520 581.5
1270530 581.5
1270540 581.5
1270550 581.6
1270560 581.3
1270570 581.3
1270580 580.8
1270590 580.8
1270600 580.8
1270610 580.7
1270620 580.6
1270630 580.6
1270640 580.7
1270650 581.1
1270660 581.1
1270670 581.3
1270680 581.2
1270690 581.3
1270700 580.3
1270710 580.6
1270720 580.6
1270730 580.7
1270740 581.0
1270750 581.0
1270760 581.1
1270770 581.0
1270780 580.9
1270790 580.9
1270800 580.9
1270810 581.0
1270820 581.0
1270830 581.0
1270840 581.0
1270850 581.0
1270860 580.9
1270870 580.9
1270880 580.9
1270890 580.8
1270900 580.7
1270910 580.7
1270920 580.6
1270930 580.5
1270940 580.5
1270950 580.4
1270960 580.4
1270970 580.4
1270980 580.2
1270990 580.2
1271000 580.2
1271010 580.2
1271020 580.0
1271030 579.7
1271040 579.7
1271050 579.3
1271060 579.1
1271070 579.1
1271080 579.1
1271090 579.1
1271100 579.1
1271110 579.0
1271120 579.0
1271130 579.0
1271140 579.1
1271150 579.2
1271160 579.2
1271170 579.1
1271180 579.1
1271190 579.1
1271200 578.2
1271210 577.9
1271220 577.9
1271230 578.4
1271240 578.9
1271250 578.9
1271260 578.5
1271270 578.7
1271280 578.7
1271290 578.5
1271300 578.0
1271310 577.6
1271320 577.6
1271330 577.5
1271340 577.5
1271350 577.5
1271360 577.7
1271370 577.6
1271380 577.6
1271390 577.5
1271400 577.3
1271410 577.3
1271420 577.2
1271430 577.4
1271440 577.4
1271450 577.6
1271460 577.6
1271470 577.6
1271480 577.5
1271490 577.6
1271500 577.6
1271510 577.5
1271520 577.3
1271530 577.3
1271540 577.5
1271550 577.5
1271560 577.2
1271570 577.2
1271580 577.0
1271590 577.2
1271600 577.2
1271610 577.7
1271620 576.9
1271630 576.9
1271640 576.9
1271650 576.9
1271660 576.9
1271670 576.9
1271680 576.8
1271690 576.8
1271700 576.6
1271710 576.4
1271720 576.4
1271730 576.5
1271740 576.4
1271750 576.4
1271760 576.5
1271770 576.1
1271780 576.1
1271790 576.1
1271800 575.8
1271810 575.5
1271820 575.5
1271830 575.2
1271840 575.0
1271850 575.0
1271860 575.0
1271870 575.8
1271880 575.8
1271890 575.9
1271900 576.0
1271910 576.0
1271920 575.6
1271930 575.3
1271940 575.3
1271950 575.2
1271960 575.2
1271970 575.2
1271980 575.2
1271990 575.2
1272000 575.2
1272010 575.2
1272020 575.1
1272030 575.1
1272040 574.8
1272050 574.7
1272060 574.7
1272070 574.9
1272080 574.9
1272090 574.9
1272100 574.9
1272110 574.6
1272120 574.7
1272130 574.7
1272140 574.6
1272150 574.7
1272160 574.7
1272170 574.8
1272180 574.8
1272190 574.8
1272200 574.7
1272210 574.7
1272220 574.7
1272230 574.7
1272240 574.6
1272250 574.6
1272260 574.6
1272270 574.7
1272280 574.7
1272290 574.6
1272300 574.4
1272310 574.4
1272320 574.4
1272330 574.0
1272340 573.8
1272350 573.8
1272360 574.4
1272370 574.4
1272380 574.4
1272390 574.6
1272400 574.4
1272410 574.4
1272420 574.2
1272430 573.9
1272440 573.9
1272450 573.8
1272460 573.5
1272470 573.5
1272480 573.3
1272490 573.0
1272500 573.0
1272510 572.2
1272520 569.8
1272530 569.8
1272540 567.7
1272550 567.6
1272560 567.6
1272570 567.4
1272580 567.5
1272590 567.7
1272600 567.7
1272610 568.0
1272620 568.1
1272630 568.1
1272640 567.8
1272650 567.5
1272660 567.5
1272670 567.3
1272680 567.4
1272690 567.4
1272700 567.5
1272710 567.6
1272720 567.6
1272730 567.7
1272740 567.7
1272750 567.7
1272760 567.7
1272770 567.7
1272780 567.7
1272790 567.7
1272800 567.8
1272810 567.8
1272820 567.8
1272830 567.8
1272840 567.8
1272850 568.0
1272860 569.4
1272870 570.8
1272880 570.8
1272890 570.9
1272900 571.0
1272910 571.0
1272920 570.8
1272930 570.5
1272940 570.5
1272950 571.1
1272960 573.0
1272970 573.0
1272980 576.0
1272990 577.7
1273000 577.7
1273010 577.9
1273020 577.7
1273030 577.7
1273040 577.3
1273050 577.0
1273060 577.0
1273070 576.7
1273080 576.5
1273090 576.5
1273100 576.3
1273110 576.2
1273120 576.3
1273130 576.3
1273140 576.0
1273150 575.7
1273160 575.7
1273170 575.4
1273180 575.0
1273190 575.0
1273200 574.7
1273210 574.5
1273220 574.5
1273230 574.2
1273240 573.8
1273250 573.8
1273260 573.5
1273270 573.2
1273280 573.2
1273290 573.0
1273300 572.7
1273310 572.7
1273320 572.3
1273330 572.1
1273340 572.1
1273350 571.9
1273360 571.9
1273370 572.6
1273380 572.6
1273390 575.9
1273400 581.0
1273410 581.0
1273420 585.8
1273430 587.6
1273440 587.6
1273450 587.9
1273460 588.0
1273470 588.0
1273480 588.0
1273490 588.1
1273500 588.1
1273510 588.9
1273520 590.0
1273530 590.0
1273540 590.7
1273550 591.5
1273560 591.5
1273570 592.1
1273580 592.5
1273590 592.5
1273600 593.4
1273610 594.1
1273620 594.1
1273630 595.2
1273640 597.0
1273650 598.6
1273660 598.6
1273670 598.9
1273680 598.6
1273690 601.7
1273700 601.4
1273710 601.2
1273720 601.2
1273730 601.5
1273740 601.4
1273750 601.4
1273760 602.0
1273770 602.2
1273780 602.2
1273790 602.5
1273800 602.5
1273810 602.5
1273820 602.5
1273830 602.6
1273840 602.6
1273850 602.3
1273860 602.6
1273870 602.6
1273880 602.7
1273890 602.8
1273900 602.4
1273910 602.4
1273920 601.0
1273930 600.3
1273940 600.3
1273950 599.7
1273960 599.1
1273970 599.1
1273980 598.6
1273990 598.4
1274000 598.4
1274010 598.4
1274020 598.6
1274030 598.6
1274040 598.8
1274050 599.0
1274060 599.0
1274070 599.1
1274080 599.2
1274090 599.2
1274100 599.1
1274110 599.0
1274120 599.0
1274130 598.9
1274140 598.7
1274150 598.5
1274160 598.5
1274170 597.9
1274180 598.1
1274190 598.1
1274200 598.1
1274210 598.2
1274220 598.2
1274230 598.4
1274240 598.6
1274250 598.6
1274260 599.1
1274270 599.5
1274280 599.5
1274290 602.2
1274300 602.6
1274310 602.6
1274320 602.8
1274330 603.3
1274340 603.3
1274350 603.5
1274360 603.7
1274370 603.7
1274380 604.7
1274390 606.0
1274400 606.0
1274410 607.6
1274420 609.5
1274430 611.8
1274440 611.8
1274450 612.6
1274460 613.1
1274470 613.1
1274480 613.4
1274490 615.4
1274500 615.4
1274510 618.1
1274520 620.5
1274530 620.5
1274540 622.6
1274550 624.8
1274560 624.8
1274570 627.5
1274580 630.5
1274590 630.5
1274600 632.8
1274610 634.9
1274620 634.9
1274630 638.4
1274640 642.4
1274650 642.4
1274660 646.6
1274670 650.9
1274680 655.2
1274690 655.2
1274700 658.9
1274710 663.1
1274720 663.1
1274730 667.9
1274740 673.1
1274750 673.1
1274760 678.4
1274770 684.1
1274780 684.1
1274790 690.1
1274800 694.7
1274810 694.7
1274820 697.4
1274830 696.3
1274840 696.3
1274850 695.0
1274860 695.7
1274870 695.7
1274880 699.0
1274890 704.1
1274900 708.2
1274910 713.3
1274920 715.8
1274930 716.6
1274940 716.6
1274950 717.3
1274960 718.6
1274970 718.6
1274980 720.2
1274990 720.8
1275000 720.8
1275010 720.9
1275020 720.2
1275030 720.2
1275040 718.7
1275050 715.0
1275060 715.0
1275070 709.9
1275080 705.9
1275090 705.9
1275100 702.2
1275110 700.0
1275120 700.0
1275130 697.9
1275140 696.6
1275150 696.6
1275160 696.2
1275170 696.2
1275180 696.2
1275190 696.7
1275200 697.6
1275210 698.9
1275220 698.9
1275230 700.1
1275240 703.6
1275250 703.6
1275260 706.2
1275270 709.5
1275280 709.5
1275290 713.4
1275300 717.2
1275310 717.2
1275320 721.1
1275330 725.4
1275340 725.4
1275350 730.9
1275360 732.8
1275370 732.8
1275380 730.0
1275390 722.0
1275400 722.0
1275410 717.7
1275420 716.3
1275430 716.3
1275440 712.5
1275450 705.2
1275460 699.0
1275470 699.0
1275480 693.9
1275490 687.5
1275500 687.5
1275510 684.7
1275520 678.8
1275530 678.8
1275540 674.0
1275550 668.8
1275560 668.8
1275570 665.2
1275580 663.4
1275590 663.4
1275600 661.4
1275610 660.5
1275620 660.5
1275630 659.2
1275640 656.8
1275650 656.8
1275660 653.6
1275670 648.5
1275680 648.5
1275690 645.8
1275700 644.6
1275710 648.0
1275720 648.0
1275730 653.0
1275740 659.1
1275750 659.1
1275760 665.0
1275770 668.9
1275780 668.9
1275790 670.5
1275800 669.8
1275810 669.8
1275820 665.8
1275830 662.9
1275840 662.9
1275850 667.0
1275860 669.6
1275870 669.6
1275880 672.4
1275890 676.3
1275900 676.3
1275910 680.7
1275920 685.5
1275930 685.5
1275940 692.3
1275950 698.4
1275960 698.4
1275970 703.7
1275980 707.4
1275990 709.9
1276000 709.9
1276010 712.0
1276020 714.1
1276030 714.1
1276040 715.5
1276050 716.2
1276060 716.2
1276070 716.6
1276080 716.6
1276090 716.6
1276100 716.9
1276110 716.9
1276120 717.1
1276130 716.8
1276140 716.5
1276150 716.5
1276160 716.4
1276170 716.0
1276180 716.0
1276190 715.1
1276200 714.7
1276210 714.7
1276220 713.8
1276230 712.9
1276240 712.0
1276250 712.0
1276260 711.2
1276270 710.6
1276280 710.6
1276290 710.0
1276300 709.4
1276310 709.4
1276320 708.8
1276330 708.2
1276340 708.2
1276350 707.5
1276360 706.9
1276370 706.9
1276380 706.4
1276390 706.1
1276400 706.1
1276410 705.9
1276420 705.9
1276430 705.9
1276440 706.2
1276450 707.1
1276460 707.1
1276470 708.5
1276480 710.0
1276490 710.6
1276500 710.6
1276510 710.7
1276520 711.3
1276530 711.3
1276540 712.7
1276550 714.0
1276560 714.0
1276570 715.2
1276580 716.7
1276590 716.7
1276600 718.4
1276610 720.2
1276620 720.2
1276630 722.3
1276640 726.0
1276650 726.0
1276660 728.8
1276670 730.7
1276680 730.7
1276690 734.2
1276700 740.4
1276710 740.4
1276720 747.0
1276730 756.0
1276740 756.0
1276750 759.9
1276760 762.3
1276770 764.1
1276780 764.1
1276790 767.6
1276800 771.5
1276810 771.5
1276820 774.6
1276830 775.4
1276840 775.4
1276850 774.8
1276860 775.1
1276870 775.1
1276880 776.4
1276890 779.4
1276900 779.4
1276910 783.7
1276920 785.9
1276930 785.9
1276940 785.9
1276950 785.9
1276960 785.9
1276970 785.8
1276980 785.5
1276990 785.5
1277000 785.4
1277010 785.2
1277020 784.8
1277030 784.8
1277040 784.1
1277050 783.1
1277060 783.1
1277070 780.0
1277080 777.8
1277090 777.8
1277100 779.3
1277110 777.1
1277120 777.1
1277130 774.0
1277140 771.3
1277150 771.3
1277160 773.1
1277170 776.0
1277180 776.0
1277190 779.5
1277200 779.7
1277210 779.7
1277220 777.0
1277230 773.5
1277240 773.5
1277250 773.4
1277260 777.3
1277270 777.3
1277280 779.3
1277290 777.8
1277300 775.1
1277310 775.1
1277320 771.0
1277330 768.1
1277340 773.6
1277350 769.8
1277360 772.4
1277370 772.4
1277380 768.6
1277390 767.2
1277400 767.2
1277410 772.5
1277420 771.3
1277430 771.3
1277440 774.4
1277450 782.1
1277460 782.1
1277470 782.7
1277480 780.2
1277490 780.2
1277500 777.1
1277510 778.0
1277520 778.0
1277530 782.5
1277540 788.2
1277550 790.0
1277560 790.0
1277570 790.4
1277580 792.1
1277590 792.1
1277600 795.6
1277610 796.7
1277620 796.7
1277630 796.2
1277640 798.0
1277650 798.0
1277660 796.7
1277670 797.0
1277680 797.0
1277690 798.7
1277700 798.5
1277710 798.5
1277720 798.7
1277730 799.0
1277740 799.0
1277750 799.1
1277760 800.3
1277770 800.3
1277780 801.0
1277790 801.7
1277800 803.0
1277810 803.0
1277820 805.1
1277830 807.4
1277840 807.4
1277850 808.2
1277860 808.8
1277870 808.8
1277880 809.6
1277890 810.5
1277900 810.5
1277910 811.0
1277920 812.3
1277930 812.3
1277940 813.8
1277950 813.4
1277960 812.2
1277970 812.1
1277980 812.3
1277990 812.3
1278000 812.4
1278010 812.5
1278020 812.5
1278030 812.7
1278040 812.9
1278050 812.9
1278060 813.1
1278070 813.6
1278080 814.3
1278090 814.3
1278100 815.3
1278110 816.4
1278120 816.4
1278130 817.6
1278140 818.4
1278150 818.4
1278160 818.8
1278170 819.9
1278180 819.9
1278190 820.8
1278200 821.9
1278210 821.9
1278220 823.0
1278230 824.0
1278240 824.0
1278250 825.0
1278260 825.8
1278270 825.8
1278280 827.1
1278290 828.7
1278300 828.7
1278310 831.9
1278320 834.1
1278330 834.9
1278340 834.9
1278350 835.7
1278360 836.5
1278370 836.5
1278380 837.2
1278390 837.9
1278400 837.9
1278410 838.5
1278420 839.2
1278430 839.2
1278440 839.8
1278450 840.5
1278460 840.5
1278470 841.2
1278480 842.0
1278490 842.0
1278500 842.7
1278510 843.4
1278520 843.4
1278530 844.2
1278540 844.9
1278550 844.9
1278560 845.7
1278570 846.0
1278580 846.6
1278590 846.6
1278600 847.0
1278610 847.3
1278620 847.3
1278630 847.2
1278640 846.9
1278650 846.9
1278660 846.5
1278670 846.0
1278680 846.0
1278690 845.7
1278700 845.4
1278710 845.4
1278720 845.2
1278730 845.1
1278740 845.1
1278750 844.8
1278760 844.4
1278770 844.4
1278780 843.8
1278790 842.8
1278800 842.8
1278810 842.0
1278820 841.4
1278830 841.4
1278840 841.2
1278850 841.0
1278860 840.7
1278870 840.7
1278880 840.4
1278890 840.1
1278900 840.1
1278910 839.3
1278920 837.0
1278930 837.0
1278940 833.3
1278950 828.3
1278960 828.3
1278970 822.4
1278980 817.3
1278990 817.3
1279000 813.9
1279010 811.7
1279020 811.7
1279030 810.1
1279040 807.6
1279050 807.6
1279060 804.5
1279070 801.2
1279080 801.2
1279090 797.6
1279100 792.9
1279110 787.5
1279120 787.5
1279130 781.8
1279140 775.9
1279150 775.9
1279160 770.2
1279170 764.9
1279180 764.9
1279190 758.0
1279200 756.0
1279210 756.0
1279220 755.4
1279230 755.2
1279240 755.2
1279250 755.2
1279260 755.3
1279270 755.3
1279280 755.1
1279290 755.7
1279300 755.7
1279310 757.7
1279320 761.8
1279330 761.8
1279340 767.3
1279350 772.9
1279360 778.4
1279370 778.4
1279380 782.9
1279390 787.3
1279400 787.3
1279410 791.9
1279420 796.4
1279430 796.4
1279440 800.6
1279450 804.3
1279460 804.3
1279470 805.2
1279480 805.8
1279490 805.8
1279500 808.2
1279510 812.9
1279520 812.9
1279530 819.6
1279540 827.3
1279550 827.3
1279560 834.8
1279570 841.4
1279580 841.4
1279590 847.0
1279600 851.1
1279610 851.1
1279620 852.3
1279630 852.6
1279640 852.9
1279650 852.9
1279660 853.1
1279670 853.4
1279680 853.4
1279690 853.6
1279700 853.8
1279710 853.8
1279720 853.7
1279730 853.7
1279740 853.7
1279750 854.0
1279760 854.4
1279770 854.4
1279780 854.6
1279790 854.0
1279800 854.0
1279810 853.2
1279820 848.8
1279830 848.8
1279840 850.4
1279850 853.8
1279860 853.8
1279870 855.8
1279880 859.2
1279890 862.2
1279900 862.2
1279910 864.2
1279920 865.4
1279930 865.4
1279940 866.8
1279950 868.5
1279960 868.5
1279970 869.8
1279980 871.0
1279990 871.0
