1260000 580.2
1260010 580.2
1260020 580.1
1260030 579.9
1260040 579.9
1260050 579.8
1260060 579.8
1260070 579.8
1260080 579.8
1260090 579.8
1260100 579.8
1260110 579.7
1260120 579.7
1260130 579.7
1260140 579.7
1260150 579.6
1260160 579.6
1260170 579.6
1260180 579.6
1260190 579.6
1260200 579.5
1260210 579.5
1260220 579.5
1260230 579.5
1260240 579.5
1260250 579.5
1260260 579.5
1260270 579.5
1260280 579.5
1260290 579.5
1260300 579.5
1260310 579.8
1260320 579.8
1260330 580.1
1260340 580.3
1260350 580.3
1260360 579.7
1260370 580.0
1260380 580.0
1260390 580.3
1260400 580.3
1260410 580.3
1260420 579.9
1260430 579.7
1260440 579.7
1260450 580.4
1260460 581.8
1260470 581.8
1260480 583.2
1260490 584.6
1260500 584.6
1260510 586.1
1260520 587.3
1260530 588.2
1260540 588.2
1260550 588.4
1260560 590.8
1260570 590.8
1260580 596.5
1260590 602.9
1260600 602.9
1260610 608.9
1260620 613.2
1260630 613.2
1260640 613.9
1260650 614.4
1260660 614.4
1260670 614.4
1260680 614.7
1260690 614.7
1260700 616.9
1260710 619.2
1260720 619.2
1260730 620.1
1260740 621.5
1260750 621.5
1260760 622.4
1260770 623.5
1260780 624.3
1260790 624.3
1260800 624.7
1260810 625.5
1260820 625.5
1260830 625.9
1260840 626.6
1260850 626.6
1260860 627.4
1260870 628.1
1260880 628.1
1260890 628.3
1260900 628.5
1260910 628.5
1260920 628.9
1260930 628.4
1260940 628.4
1260950 628.8
1260960 628.2
1260970 628.2
1260980 628.4
1260990 628.6
1261000 628.6
1261010 628.7
1261020 628.7
1261030 628.9
1261040 628.9
1261050 629.0
1261060 629.2
1261070 629.2
1261080 629.6
1261090 629.6
1261100 629.6
1261110 629.0
1261120 628.0
1261130 628.0
1261140 626.7
1261150 626.8
1261160 626.8
1261170 627.7
1261180 628.0
1261190 628.0
1261200 627.6
1261210 627.5
1261220 627.5
1261230 627.9
1261240 628.0
1261250 628.0
1261260 627.5
1261270 627.0
1261280 627.0
1261290 627.4
1261300 627.5
1261310 626.0
1261320 626.0
1261330 625.0
1261340 625.5
1261350 625.5
1261360 625.9
1261370 625.3
1261380 625.3
1261390 624.4
1261400 623.2
1261410 623.2
1261420 622.2
1261430 621.3
1261440 621.3
1261450 620.8
1261460 620.2
1261470 620.2
1261480 619.9
1261490 619.3
1261500 618.2
1261510 617.6
1261520 616.8
1261530 616.8
1261540 616.6
1261550 615.7
1261560 613.1
1261570 613.1
1261580 612.1
1261590 612.1
1261600 612.1
1261610 611.8
1261620 611.3
1261630 611.3
1261640 611.0
1261650 610.1
1261660 610.1
1261670 609.1
1261680 608.3
1261690 608.3
1261700 607.5
1261710 606.7
1261720 606.7
1261730 605.9
1261740 605.0
1261750 605.0
1261760 604.1
1261770 603.2
1261780 603.2
1261790 602.4
1261800 601.6
1261810 601.6
1261820 600.8
1261830 600.0
1261840 599.3
1261850 599.3
1261860 598.6
1261870 598.0
1261880 598.0
1261890 597.4
1261900 596.5
1261910 596.5
1261920 596.0
1261930 595.7
1261940 595.7
1261950 595.4
1261960 595.1
1261970 595.1
1261980 595.0
1261990 594.8
1262000 594.8
1262010 594.7
1262020 594.5
1262030 594.5
1262040 594.3
1262050 594.0
1262060 594.0
1262070 593.6
1262080 592.2
1262090 588.6
1262100 588.6
1262110 585.3
1262120 580.5
1262130 580.5
1262140 579.1
1262150 579.0
1262160 579.0
1262170 579.0
1262180 578.5
1262190 578.5
1262200 578.6
1262210 578.8
1262220 578.8
1262230 578.8
1262240 578.7
1262250 578.7
1262260 578.7
1262270 578.8
1262280 578.8
1262290 579.5
1262300 579.1
1262310 579.1
1262320 579.1
1262330 579.0
1262340 579.4
1262350 579.4
1262360 579.4
1262370 579.4
1262380 579.4
1262390 579.4
1262400 579.4
1262410 579.4
1262420 579.3
1262430 579.3
1262440 579.3
1262450 579.3
1262460 579.3
1262470 579.3
1262480 579.5
1262490 579.9
1262500 579.9
1262510 579.7
1262520 578.9
1262530 578.9
1262540 578.7
1262550 578.7
1262560 578.7
1262570 578.8
1262580 578.8
1262590 578.8
1262600 578.8
1262610 578.8
1262620 578.8
1262630 578.8
1262640 579.2
1262650 579.4
1262660 579.4
1262670 579.7
1262680 579.5
1262690 579.5
1262700 579.9
1262710 579.7
1262720 579.7
1262730 579.6
1262740 579.6
1262750 579.6
1262760 579.6
1262770 579.5
1262780 579.5
1262790 579.4
1262800 579.4
1262810 579.4
1262820 579.3
1262830 579.3
1262840 579.3
1262850 579.2
1262860 579.3
1262870 579.3
1262880 579.3
1262890 579.2
1262900 579.5
1262910 579.5
1262920 579.8
1262930 579.9
1262940 579.9
1262950 579.8
1262960 579.9
1262970 579.9
1262980 579.9
1262990 579.8
1263000 579.8
1263010 579.8
1263020 579.8
1263030 579.8
1263040 579.8
1263050 579.7
1263060 579.7
1263070 579.7
1263080 579.6
1263090 579.6
1263100 579.1
1263110 578.8
1263120 578.8
1263130 578.6
1263140 578.6
1263150 578.6
1263160 578.6
1263170 578.8
1263180 578.8
1263190 578.8
1263200 578.8
1263210 578.7
1263220 578.6
1263230 578.2
1263240 578.1
1263250 578.1
1263260 578.2
1263270 578.2
1263280 578.2
1263290 578.2
1263300 578.2
1263310 578.2
1263320 578.2
1263330 578.2
1263340 578.2
1263350 578.2
1263360 578.2
1263370 578.2
1263380 578.2
1263390 578.0
1263400 577.9
1263410 577.9
1263420 577.9
1263430 577.9
1263440 577.9
1263450 577.8
1263460 577.8
1263470 577.8
1263480 577.8
1263490 577.9
1263500 577.9
1263510 577.7
1263520 577.6
1263530 577.6
1263540 577.3
1263550 577.2
1263560 577.2
1263570 577.3
1263580 577.4
1263590 577.4
1263600 577.4
1263610 577.4
1263620 577.4
1263630 577.5
1263640 577.4
1263650 577.4
1263660 577.4
1263670 577.4
1263680 577.3
1263690 577.3
1263700 577.2
1263710 577.1
1263720 577.1
1263730 577.1
1263740 577.0
1263750 577.0
1263760 576.9
1263770 577.0
1263780 577.0
1263790 577.0
1263800 577.0
1263810 577.0
1263820 577.0
1263830 577.0
1263840 577.0
1263850 577.0
1263860 577.0
1263870 577.0
1263880 576.9
1263890 576.9
1263900 576.9
1263910 576.8
1263920 576.7
1263930 576.9
1263940 576.9
1263950 576.9
1263960 576.9
1263970 576.9
1263980 576.9
1263990 576.9
1264000 576.9
1264010 577.0
1264020 577.0
1264030 577.0
1264040 576.8
1264050 576.3
1264060 576.3
1264070 576.2
1264080 576.3
1264090 576.3
1264100 576.6
1264110 576.8
1264120 576.8
1264130 576.7
1264140 576.8
1264150 576.8
1264160 576.7
1264170 576.9
1264180 576.9
1264190 576.9
1264200 576.6
1264210 576.5
1264220 576.5
1264230 576.1
1264240 575.8
1264250 575.8
1264260 576.1
1264270 576.3
1264280 576.3
1264290 576.3
1264300 576.4
1264310 576.4
1264320 576.3
1264330 576.4
1264340 576.4
1264350 576.5
1264360 576.8
1264370 576.9
1264380 577.3
1264390 577.3
1264400 577.3
1264410 576.5
1264420 575.9
1264430 575.9
1264440 575.9
1264450 575.9
1264460 575.9
1264470 575.9
1264480 576.0
1264490 576.6
1264500 576.6
1264510 576.5
1264520 576.7
1264530 576.7
1264540 576.4
1264550 576.4
1264560 576.4
1264570 576.4
1264580 576.3
1264590 576.3
1264600 576.0
1264610 576.0
1264620 576.0
1264630 576.0
1264640 575.9
1264650 575.9
1264660 575.5
1264670 575.4
1264680 575.4
1264690 575.8
1264700 576.0
1264710 576.2
1264720 576.2
1264730 576.5
1264740 576.6
1264750 576.6
1264760 577.2
1264770 577.4
1264780 577.4
1264790 577.5
1264800 577.5
1264810 577.5
1264820 578.1
1264830 580.3
1264840 580.3
1264850 584.0
1264860 587.6
1264870 587.6
1264880 591.6
1264890 596.5
1264900 596.5
1264910 598.8
1264920 598.8
1264930 598.8
1264940 597.9
1264950 596.8
1264960 596.2
1264970 596.2
1264980 595.7
1264990 595.4
1265000 595.4
1265010 595.2
1265020 595.2
1265030 595.2
1265040 595.2
1265050 595.2
1265060 595.2
1265070 595.3
1265080 595.4
1265090 595.4
1265100 595.3
1265110 595.0
1265120 595.0
1265130 594.7
1265140 594.0
1265150 594.0
1265160 591.7
1265170 587.9
1265180 587.9
1265190 585.8
1265200 585.0
1265210 585.0
1265220 584.6
1265230 584.1
1265240 583.6
1265250 583.6
1265260 583.2
1265270 582.9
1265280 582.9
1265290 584.2
1265300 587.5
1265310 587.5
1265320 589.8
1265330 590.4
1265340 590.4
1265350 590.0
1265360 588.8
1265370 588.8
1265380 587.1
1265390 585.3
1265400 585.3
1265410 583.8
1265420 583.4
1265430 583.4
1265440 582.5
1265450 582.2
1265460 582.2
1265470 581.9
1265480 580.6
1265490 579.6
1265500 579.6
1265510 579.5
1265520 579.6
1265530 577.4
1265540 576.8
1265550 576.3
1265560 576.3
1265570 576.5
1265580 576.6
1265590 576.6
1265600 576.6
1265610 576.5
1265620 576.5
1265630 576.5
1265640 576.5
1265650 576.5
1265660 576.9
1265670 577.0
1265680 577.0
1265690 576.6
1265700 577.0
1265710 577.0
1265720 577.0
1265730 576.6
1265740 576.1
1265750 576.1
1265760 575.8
1265770 575.8
1265780 575.8
1265790 575.9
1265800 575.8
1265810 575.8
1265820 575.9
1265830 576.1
1265840 576.1
1265850 576.1
1265860 576.0
1265870 576.0
1265880 575.8
1265890 575.4
1265900 575.4
1265910 575.3
1265920 575.3
1265930 575.3
1265940 575.3
1265950 575.3
1265960 575.3
1265970 575.3
1265980 575.3
1265990 575.3
1266000 575.4
1266010 575.4
1266020 575.4
1266030 575.4
1266040 575.4
1266050 575.4
1266060 575.4
1266070 575.4
1266080 575.4
1266090 575.4
1266100 575.4
1266110 575.3
1266120 575.3
1266130 575.3
1266140 575.3
1266150 575.3
1266160 575.3
1266170 575.3
1266180 575.3
1266190 575.3
1266200 575.3
1266210 575.3
1266220 575.3
1266230 575.3
1266240 575.3
1266250 575.3
1266260 575.3
1266270 575.3
1266280 575.3
1266290 575.2
1266300 575.2
1266310 575.2
1266320 575.2
1266330 575.2
1266340 575.2
1266350 575.2
1266360 575.1
1266370 575.1
1266380 575.1
1266390 575.1
1266400 575.1
1266410 575.1
1266420 575.1
1266430 575.1
1266440 575.1
1266450 575.1
1266460 575.1
1266470 575.0
1266480 575.0
1266490 575.0
1266500 575.0
1266510 575.0
1266520 575.0
1266530 575.0
1266540 575.0
1266550 574.9
1266560 574.9
1266570 574.9
1266580 574.9
1266590 574.9
1266600 574.9
1266610 574.8
1266620 574.8
1266630 574.8
1266640 574.7
1266650 574.7
1266660 574.4
1266670 574.3
1266680 574.3
1266690 574.4
1266700 574.3
1266710 574.3
1266720 574.2
1266730 574.2
1266740 574.2
1266750 574.2
1266760 574.2
1266770 574.2
1266780 574.4
1266790 574.6
1266800 574.4
1266810 574.4
1266820 574.6
1266830 574.7
1266840 574.7
1266850 574.7
1266860 574.6
1266870 574.6
1266880 574.6
1266890 574.6
1266900 574.6
1266910 574.5
1266920 574.5
1266930 574.5
1266940 574.6
1266950 574.6
1266960 574.6
1266970 574.8
1266980 575.1
1266990 575.1
1267000 575.0
1267010 574.8
1267020 574.8
1267030 574.9
1267040 574.8
1267050 574.8
1267060 574.8
1267070 575.0
1267080 575.4
1267090 575.4
1267100 574.8
1267110 574.4
1267120 574.4
1267130 574.9
1267140 575.8
1267150 575.8
1267160 575.2
1267170 574.9
1267180 574.9
1267190 575.2
1267200 575.1
1267210 575.1
1267220 574.5
1267230 571.9
1267240 571.9
1267250 570.3
1267260 570.2
1267270 570.2
1267280 570.2
1267290 570.2
1267300 570.2
1267310 570.1
1267320 570.1
1267330 570.1
1267340 570.1
1267350 570.7
1267360 571.6
1267370 571.6
1267380 573.2
1267390 575.3
1267400 575.3
1267410 576.7
1267420 577.2
1267430 577.2
1267440 576.0
1267450 574.6
1267460 574.6
1267470 574.3
1267480 573.9
1267490 573.9
1267500 574.8
1267510 575.6
1267520 575.6
1267530 575.9
1267540 576.0
1267550 576.0
1267560 575.7
1267570 575.1
1267580 574.5
1267590 574.5
1267600 574.3
1267610 574.4
1267620 574.4
1267630 574.7
1267640 574.6
1267650 574.6
1267660 574.3
1267670 574.1
1267680 574.1
1267690 574.0
1267700 574.0
1267710 574.0
1267720 574.0
1267730 573.9
1267740 573.9
1267750 573.9
1267760 574.0
1267770 574.0
1267780 574.2
1267790 574.4
1267800 574.4
1267810 574.5
1267820 574.5
1267830 574.5
1267840 574.4
1267850 574.5
1267860 574.7
1267870 574.6
1267880 574.9
1267890 575.1
1267900 575.1
1267910 575.2
1267920 575.1
1267930 575.1
1267940 575.1
1267950 575.0
1267960 575.0
1267970 575.2
1267980 575.2
1267990 575.2
1268000 575.2
1268010 575.3
1268020 575.3
1268030 575.4
1268040 575.6
1268050 575.6
1268060 575.7
1268070 575.7
1268080 575.7
1268090 575.6
1268100 575.7
1268110 575.8
1268120 575.8
1268130 575.9
1268140 576.1
1268150 576.1
1268160 577.6
1268170 579.3
1268180 579.3
1268190 578.9
1268200 577.7
1268210 577.7
1268220 576.7
1268230 576.6
1268240 576.6
1268250 576.3
1268260 576.1
1268270 576.1
1268280 576.1
1268290 576.1
1268300 576.1
1268310 576.1
1268320 576.0
1268330 576.0
1268340 575.9
1268350 575.9
1268360 575.5
1268370 575.5
1268380 575.6
1268390 576.2
1268400 576.2
1268410 576.4
1268420 576.5
1268430 576.5
1268440 576.4
1268450 576.5
1268460 576.5
1268470 576.7
1268480 576.7
1268490 576.7
1268500 576.8
1268510 576.9
1268520 576.9
1268530 577.0
1268540 577.2
1268550 577.2
1268560 577.3
1268570 577.4
1268580 577.4
1268590 577.5
1268600 577.6
1268610 577.6
1268620 577.7
1268630 577.7
1268640 576.6
1268650 576.6
1268660 575.8
1268670 574.9
1268680 574.9
1268690 573.9
1268700 576.4
1268710 576.4
1268720 578.6
1268730 578.7
1268740 578.7
1268750 578.9
1268760 578.9
1268770 578.9
1268780 578.9
1268790 579.0
1268800 579.0
1268810 579.0
1268820 579.1
1268830 579.1
1268840 579.1
1268850 579.2
1268860 579.2
1268870 579.4
1268880 579.5
1268890 579.6
1268900 579.6
1268910 579.7
1268920 579.8
1268930 579.8
1268940 580.0
1268950 580.1
1268960 580.1
1268970 579.8
1268980 579.5
1268990 579.5
1269000 579.9
1269010 580.3
1269020 580.3
1269030 580.7
1269040 580.8
1269050 580.8
1269060 581.0
1269070 581.1
1269080 581.1
1269090 581.1
1269100 581.0
1269110 581.0
1269120 580.6
1269130 580.7
1269140 580.7
1269150 581.3
1269160 582.1
1269170 582.1
1269180 582.1
1269190 582.0
1269200 581.8
1269210 581.8
1269220 581.7
1269230 581.7
1269240 581.7
1269250 581.7
1269260 581.6
1269270 581.6
1269280 581.6
1269290 581.3
1269300 581.3
1269310 579.5
1269320 580.4
1269330 580.4
1269340 581.8
1269350 581.9
1269360 581.9
1269370 581.9
1269380 580.6
1269390 580.6
1269400 578.5
1269410 578.6
1269420 579.3
1269430 579.3
1269440 579.7
1269450 579.8
1269460 579.8
1269470 579.9
1269480 580.0
1269490 580.0
1269500 580.2
1269510 580.2
1269520 580.2
1269530 579.1
1269540 579.0
1269550 579.0
1269560 580.9
1269570 578.7
1269580 578.7
1269590 575.2
1269600 575.1
1269610 575.1
1269620 577.3
1269630 578.9
1269640 579.2
1269650 579.3
1269660 579.1
1269670 578.9
1269680 578.9
1269690 578.8
1269700 579.0
1269710 579.0
1269720 579.1
1269730 578.9
1269740 578.9
1269750 578.8
1269760 578.9
1269770 578.9
1269780 578.8
1269790 578.7
1269800 578.7
1269810 578.5
1269820 578.5
1269830 578.5
1269840 578.5
1269850 578.6
1269860 578.6
1269870 578.5
1269880 578.5
1269890 578.5
1269900 578.4
1269910 578.5
1269920 578.5
1269930 578.5
1269940 578.4
1269950 578.3
1269960 578.3
1269970 578.3
1269980 578.4
1269990 578.4
1270000 578.4
1270010 578.4
1270020 578.4
1270030 578.3
1270040 578.3
1270050 578.3
1270060 578.2
1270070 578.2
1270080 578.2
1270090 578.1
1270100 578.2
1270110 578.2
1270120 578.2
1270130 578.3
1270140 578.3
1270150 578.3
1270160 578.1
1270170 578.1
1270180 578.0
1270190 578.0
1270200 578.0
1270210 578.0
1270220 578.0
1270230 578.0
1270240 578.0
1270250 578.0
1270260 577.9
1270270 577.9
1270280 577.9
1270290 577.7
1270300 577.7
1270310 578.0
1270320 578.3
1270330 578.3
1270340 578.3
1270350 578.1
1270360 578.1
1270370 578.2
1270380 578.2
1270390 578.2
1270400 577.8
1270410 577.7
1270420 577.7
1270430 577.8
1270440 577.9
1270450 577.9
1270460 577.9
1270470 577.9
1270480 577.8
1270490 577.8
1270500 577.7
1270510 577.7
1270520 577.7
1270530 577.7
1270540 577.8
1270550 577.8
1270560 577.8
1270570 577.6
1270580 577.6
1270590 577.6
1270600 577.7
1270610 577.7
1270620 577.8
1270630 577.3
1270640 577.3
1270650 577.1
1270660 576.8
1270670 576.8
1270680 576.7
1270690 576.7
1270700 576.7
1270710 576.7
1270720 576.7
1270730 576.7
1270740 576.7
1270750 576.8
1270760 576.6
1270770 576.6
1270780 576.5
1270790 576.3
1270800 576.3
1270810 576.4
1270820 576.4
1270830 576.4
1270840 576.3
1270850 576.3
1270860 576.3
1270870 576.4
1270880 576.4
1270890 576.4
1270900 576.4
1270910 576.3
1270920 576.3
1270930 576.4
1270940 576.6
1270950 576.6
1270960 576.7
1270970 576.7
1270980 576.7
1270990 576.7
1271000 576.8
1271010 576.9
1271020 576.9
1271030 576.9
1271040 577.0
1271050 577.0
1271060 577.0
1271070 577.3
1271080 577.3
1271090 577.3
1271100 577.3
1271110 577.3
1271120 577.3
1271130 577.4
1271140 577.4
1271150 577.2
1271160 577.4
1271170 577.4
1271180 577.5
1271190 577.3
1271200 577.3
1271210 577.1
1271220 577.0
1271230 577.0
1271240 577.0
1271250 576.7
1271260 576.6
1271270 576.6
1271280 576.6
1271290 576.6
1271300 576.6
1271310 576.6
1271320 576.7
1271330 576.7
1271340 576.8
1271350 576.8
1271360 576.8
1271370 576.7
1271380 576.5
1271390 576.5
1271400 576.4
1271410 576.3
1271420 576.2
1271430 576.2
1271440 576.1
1271450 576.1
1271460 576.1
1271470 576.1
1271480 576.1
1271490 576.3
1271500 576.3
1271510 575.9
1271520 575.9
1271530 575.2
1271540 574.8
1271550 574.8
1271560 574.4
1271570 574.1
1271580 574.1
1271590 574.1
1271600 574.2
1271610 574.2
1271620 574.3
1271630 573.8
1271640 573.8
1271650 572.2
1271660 570.1
1271670 570.1
1271680 569.2
1271690 568.7
1271700 568.7
1271710 568.7
1271720 568.5
1271730 568.5
1271740 568.2
1271750 568.0
1271760 568.0
1271770 567.8
1271780 567.8
1271790 567.8
1271800 567.8
1271810 567.9
1271820 567.9
1271830 567.9
1271840 568.0
1271850 568.3
1271860 568.3
1271870 568.6
1271880 568.6
1271890 568.6
1271900 568.7
1271910 568.7
1271920 568.7
1271930 568.6
1271940 568.6
1271950 568.6
1271960 568.6
1271970 568.6
1271980 568.6
1271990 568.8
1272000 568.7
1272010 568.7
1272020 568.8
1272030 568.8
1272040 568.8
1272050 568.8
1272060 568.7
1272070 568.6
1272080 568.6
1272090 568.5
1272100 568.3
1272110 568.3
1272120 568.2
1272130 568.1
1272140 568.1
1272150 567.9
1272160 567.8
1272170 567.8
1272180 567.7
1272190 567.2
1272200 567.2
1272210 567.1
1272220 567.2
1272230 567.2
1272240 567.1
1272250 567.2
1272260 567.2
1272270 567.2
1272280 567.2
1272290 567.2
1272300 567.2
1272310 567.4
1272320 567.5
1272330 567.5
1272340 567.6
1272350 567.6
1272360 567.6
1272370 567.3
1272380 567.2
1272390 567.2
1272400 567.1
1272410 567.1
1272420 567.1
1272430 567.2
1272440 567.3
1272450 567.3
1272460 567.4
1272470 567.4
1272480 567.4
1272490 567.4
1272500 567.2
1272510 567.2
1272520 566.6
1272530 566.6
1272540 566.6
1272550 566.7
1272560 566.7
1272570 566.8
1272580 566.8
1272590 566.7
1272600 566.8
1272610 566.8
1272620 567.1
1272630 567.2
1272640 567.2
1272650 567.2
1272660 567.2
1272670 567.2
1272680 567.3
1272690 567.4
1272700 567.4
1272710 567.4
1272720 567.4
1272730 567.4
1272740 567.4
1272750 567.4
1272760 567.4
1272770 567.3
1272780 567.1
1272790 567.1
1272800 567.1
1272810 567.1
1272820 565.8
1272830 565.8
1272840 566.1
1272850 566.7
1272860 566.7
1272870 567.1
1272880 567.2
1272890 567.2
1272900 567.3
1272910 567.2
1272920 567.2
1272930 567.2
1272940 567.3
1272950 567.3
1272960 567.1
1272970 567.2
1272980 567.2
1272990 567.7
1273000 567.9
1273010 567.9
1273020 568.0
1273030 568.0
1273040 568.0
1273050 568.0
1273060 567.8
1273070 567.8
1273080 567.4
1273090 566.5
1273100 566.1
1273110 566.1
1273120 566.5
1273130 566.5
1273140 566.5
1273150 566.8
1273160 566.8
1273170 566.8
1273180 566.8
1273190 566.9
1273200 566.9
1273210 566.9
1273220 566.9
1273230 566.9
1273240 567.0
1273250 567.1
1273260 567.1
1273270 567.0
1273280 566.9
1273290 566.9
1273300 566.9
1273310 566.9
1273320 566.9
1273330 566.9
1273340 566.9
1273350 566.8
1273360 566.8
1273370 566.8
1273380 566.8
1273390 566.8
1273400 566.9
1273410 566.8
1273420 566.8
1273430 566.7
1273440 566.6
1273450 566.6
1273460 566.5
1273470 566.3
1273480 566.3
1273490 566.1
1273500 566.0
1273510 566.0
1273520 565.9
1273530 565.9
1273540 565.9
1273550 566.0
1273560 566.1
1273570 566.1
1273580 566.0
1273590 566.0
1273600 566.0
1273610 566.0
1273620 566.6
1273630 566.4
1273640 566.4
1273650 566.1
1273660 566.1
1273670 566.1
1273680 566.5
1273690 566.8
1273700 566.8
1273710 566.7
1273720 565.8
1273730 565.8
1273740 565.5
1273750 565.5
1273760 565.5
1273770 565.6
1273780 565.6
1273790 565.6
1273800 565.5
1273810 565.5
1273820 565.7
1273830 565.6
1273840 565.5
1273850 565.5
1273860 565.4
1273870 565.7
1273880 566.7
1273890 566.7
1273900 566.0
1273910 566.8
1273920 566.8
1273930 566.5
1273940 567.4
1273950 567.4
1273960 567.4
1273970 567.5
1273980 567.5
1273990 566.5
1274000 566.2
1274010 566.2
1274020 566.2
1274030 566.0
1274040 566.0
1274050 566.1
1274060 565.5
1274070 565.5
1274080 565.3
1274090 565.0
1274100 565.0
1274110 564.9
1274120 564.7
1274130 564.3
1274140 564.3
1274150 563.5
1274160 562.4
1274170 562.4
1274180 562.5
1274190 561.8
1274200 561.8
1274210 561.3
1274220 560.9
1274230 560.9
1274240 560.6
1274250 560.3
1274260 560.3
1274270 560.3
1274280 560.5
1274290 560.5
1274300 560.8
1274310 561.2
1274320 561.2
1274330 561.6
1274340 562.2
1274350 562.2
1274360 562.9
1274370 563.6
1274380 563.6
1274390 564.0
1274400 564.4
1274410 564.9
1274420 565.1
1274430 565.4
1274440 566.2
1274450 566.2
1274460 565.8
1274470 565.7
1274480 565.7
1274490 569.2
1274500 572.5
1274510 572.5
1274520 575.9
1274530 580.7
1274540 580.7
1274550 585.6
1274560 587.2
1274570 587.2
1274580 588.2
1274590 589.3
1274600 589.3
1274610 590.3
1274620 589.9
1274630 589.9
1274640 589.3
1274650 588.7
1274660 588.2
1274670 588.2
1274680 587.7
1274690 587.6
1274700 587.6
1274710 587.9
1274720 588.2
1274730 588.2
1274740 588.4
1274750 588.6
1274760 588.6
1274770 588.9
1274780 589.2
1274790 589.2
1274800 589.4
1274810 589.5
1274820 589.5
1274830 588.7
1274840 587.4
1274850 587.4
1274860 586.1
1274870 584.9
1274880 584.9
1274890 583.9
1274900 582.9
1274910 582.5
1274920 582.5
1274930 582.4
1274940 582.1
1274950 582.1
1274960 581.9
1274970 581.9
1274980 581.9
1274990 581.9
1275000 582.1
1275010 582.1
1275020 581.9
1275030 582.4
1275040 582.4
1275050 581.6
1275060 581.4
1275070 581.4
1275080 581.4
1275090 581.5
1275100 581.5
1275110 581.4
1275120 581.3
1275130 581.3
1275140 581.2
1275150 581.1
1275160 581.1
1275170 581.0
1275180 581.0
1275190 581.0
1275200 581.0
1275210 581.0
1275220 581.1
1275230 581.1
1275240 581.3
1275250 581.3
1275260 581.3
1275270 581.2
1275280 581.3
1275290 581.3
1275300 581.3
1275310 581.3
1275320 581.3
1275330 581.3
1275340 581.1
1275350 581.1
1275360 580.9
1275370 580.6
1275380 580.6
1275390 580.5
1275400 580.7
1275410 580.7
1275420 581.8
1275430 584.6
1275440 586.1
1275450 586.1
1275460 586.4
1275470 586.9
1275480 586.9
1275490 587.0
1275500 587.5
1275510 587.5
1275520 591.2
1275530 596.5
1275540 596.5
1275550 601.7
1275560 606.7
1275570 606.7
1275580 609.5
1275590 614.0
1275600 614.0
1275610 621.2
1275620 627.9
1275630 627.9
1275640 630.7
1275650 630.9
1275660 630.9
1275670 631.1
1275680 631.2
1275690 631.3
1275700 631.3
1275710 632.3
1275720 635.1
1275730 635.1
1275740 637.1
1275750 637.7
1275760 637.7
1275770 639.2
1275780 641.4
1275790 641.4
1275800 644.2
1275810 647.6
1275820 647.6
1275830 651.5
1275840 655.6
1275850 655.6
1275860 660.1
1275870 664.8
1275880 664.8
1275890 669.7
1275900 673.5
1275910 673.5
1275920 674.2
1275930 673.8
1275940 673.8
1275950 673.6
1275960 673.8
1275970 674.3
1275980 674.3
1275990 675.6
1276000 677.4
1276010 677.4
1276020 679.1
1276030 679.7
1276040 679.7
1276050 679.9
1276060 680.8
1276070 680.8
1276080 680.0
1276090 677.7
1276100 677.7
1276110 675.7
1276120 674.3
1276130 674.3
1276140 673.3
1276150 672.7
1276160 672.7
1276170 670.5
1276180 666.2
1276190 666.2
1276200 662.9
1276210 661.3
1276220 660.7
1276230 660.7
1276240 660.4
1276250 659.5
1276260 659.5
1276270 659.0
1276280 658.6
1276290 658.6
1276300 657.8
1276310 656.8
1276320 656.8
1276330 656.2
1276340 655.7
1276350 655.7
1276360 655.2
1276370 654.8
1276380 654.8
1276390 654.3
1276400 653.6
1276410 653.6
1276420 653.0
1276430 652.3
1276440 652.3
1276450 651.6
1276460 650.7
1276470 650.7
1276480 647.8
1276490 641.6
1276500 639.2
1276510 639.2
1276520 634.9
1276530 628.8
1276540 628.8
1276550 626.1
1276560 623.7
1276570 623.7
1276580 621.6
1276590 620.4
1276600 620.4
1276610 619.4
1276620 618.9
1276630 618.9
1276640 618.7
1276650 618.5
1276660 618.5
1276670 618.2
1276680 617.9
1276690 617.9
1276700 617.7
1276710 617.1
1276720 617.1
1276730 616.3
1276740 616.1
1276750 616.0
1276760 616.0
1276770 615.8
1276780 615.5
1276790 615.5
1276800 615.1
1276810 614.6
1276820 614.6
1276830 614.1
1276840 612.8
1276850 612.8
1276860 609.6
1276870 608.2
1276880 608.2
1276890 606.9
1276900 606.1
1276910 606.1
1276920 606.7
1276930 607.4
1276940 607.4
1276950 608.1
1276960 608.9
1276970 608.9
1276980 609.4
1276990 609.7
1277000 609.9
1277010 609.9
1277020 610.8
1277030 611.3
1277040 611.3
1277050 612.2
1277060 610.8
1277070 610.8
1277080 610.2
1277090 611.7
1277100 611.7
1277110 614.1
1277120 614.5
1277130 614.5
1277140 614.7
1277150 615.1
1277160 615.1
1277170 615.4
1277180 615.7
1277190 615.7
1277200 616.3
1277210 617.6
1277220 617.6
1277230 618.5
1277240 618.9
1277250 618.9
1277260 619.7
1277270 621.2
1277280 621.9
1277290 621.9
1277300 622.5
1277310 623.7
1277320 623.7
1277330 625.1
1277340 626.0
1277350 626.0
1277360 626.8
1277370 627.5
1277380 627.5
1277390 627.6
1277400 627.0
1277410 627.0
1277420 627.1
1277430 627.4
1277440 627.4
1277450 627.7
1277460 628.1
1277470 628.1
1277480 629.8
1277490 630.8
1277500 630.8
1277510 632.5
1277520 634.3
1277530 635.9
1277540 635.9
1277550 637.4
1277560 639.6
1277570 639.6
1277580 642.2
1277590 644.4
1277600 644.4
1277610 646.8
1277620 649.2
1277630 649.2
1277640 651.1
1277650 653.7
1277660 653.7
1277670 655.5
1277680 657.1
1277690 657.1
1277700 658.1
1277710 659.0
1277720 659.0
1277730 659.4
1277740 658.8
1277750 658.8
1277760 658.8
1277770 659.2
1277780 659.2
1277790 659.7
1277800 660.2
1277810 661.1
1277820 661.1
1277830 662.0
1277840 662.6
1277850 662.6
1277860 663.6
1277870 665.2
1277880 665.2
1277890 666.9
1277900 668.0
1277910 668.0
1277920 668.3
1277930 669.0
1277940 669.0
1277950 669.7
1277960 669.9
1277970 669.9
1277980 670.2
1277990 670.8
1278000 670.8
1278010 671.3
1278020 671.9
1278030 671.9
1278040 672.4
1278050 673.0
1278060 673.5
1278070 673.5
1278080 674.1
1278090 678.7
1278100 678.7
1278110 680.3
1278120 683.1
1278130 683.1
1278140 686.5
1278150 689.5
1278160 689.5
1278170 691.7
1278180 693.6
1278190 693.6
1278200 696.2
1278210 699.5
1278220 699.5
1278230 701.9
1278240 702.6
1278250 702.6
1278260 703.5
1278270 705.7
1278280 705.7
1278290 708.6
1278300 711.2
1278310 712.8
1278320 712.8
1278330 714.0
1278340 714.6
1278350 714.6
1278360 716.0
1278370 719.2
1278380 719.2
1278390 724.1
1278400 730.5
1278410 730.5
1278420 735.3
1278430 739.2
1278440 739.2
1278450 742.3
1278460 745.5
1278470 745.5
1278480 748.7
1278490 748.5
1278500 748.5
1278510 746.5
1278520 744.7
1278530 744.7
1278540 742.8
1278550 741.0
1278560 741.0
1278570 739.0
1278580 737.7
1278590 736.4
1278600 736.4
1278610 734.5
1278620 732.5
1278630 732.5
1278640 732.0
1278650 733.5
1278660 733.5
1278670 736.7
1278680 741.2
1278690 741.2
1278700 745.7
1278710 754.5
1278720 754.5
1278730 759.0
1278740 763.4
1278750 763.4
1278760 769.0
1278770 775.9
1278780 775.9
1278790 783.4
1278800 790.6
1278810 790.6
1278820 796.5
1278830 801.5
1278840 806.3
1278850 806.3
1278860 810.6
1278870 814.8
1278880 814.8
1278890 819.1
1278900 822.4
1278910 822.4
1278920 822.7
1278930 822.4
1278940 822.4
1278950 822.0
1278960 821.4
1278970 821.4
1278980 820.8
1278990 820.1
1279000 820.1
1279010 819.3
1279020 818.4
1279030 818.4
1279040 817.4
1279050 816.3
1279060 816.3
1279070 815.0
1279080 813.7
1279090 812.4
1279100 812.4
1279110 811.2
1279120 810.0
1279130 810.0
1279140 808.6
1279150 807.4
1279160 807.4
1279170 806.0
1279180 804.5
1279190 804.5
1279200 802.9
1279210 801.1
1279220 801.1
1279230 799.4
1279240 798.0
1279250 798.0
1279260 797.1
1279270 796.4
1279280 796.4
1279290 795.8
1279300 795.2
1279310 795.2
1279320 794.6
1279330 794.3
1279340 794.3
1279350 793.9
1279360 793.6
1279370 793.1
1279380 793.1
1279390 793.2
1279400 794.2
1279410 794.2
1279420 796.1
1279430 799.2
1279440 799.2
1279450 802.1
1279460 803.9
1279470 803.9
1279480 805.6
1279490 806.8
1279500 806.8
1279510 804.8
1279520 800.1
1279530 800.1
1279540 795.3
1279550 790.9
1279560 790.9
1279570 786.8
1279580 782.2
1279590 782.2
1279600 778.1
1279610 774.5
1279620 773.0
1279630 773.0
1279640 769.9
1279650 764.1
1279660 764.1
1279670 759.4
1279680 755.6
1279690 755.6
1279700 753.8
1279710 756.1
1279720 756.1
1279730 761.0
1279740 766.4
1279750 766.4
1279760 772.1
1279770 778.1
1279780 778.1
1279790 784.2
1279800 790.3
1279810 790.3
1279820 796.6
1279830 803.1
1279840 803.1
1279850 809.7
1279860 816.4
1279870 816.4
1279880 823.1
1279890 829.0
1279900 833.8
1279910 833.8
1279920 838.3
1279930 841.7
1279940 841.7
1279950 842.4
1279960 843.5
1279970 843.5
1279980 844.7
1279990 845.6
