1260000 596.4
1260010 596.8
1260020 597.2
1260030 597.2
1260040 597.5
1260050 597.9
1260060 597.9
1260070 598.4
1260080 598.9
1260090 598.9
1260100 599.6
1260110 600.2
1260120 600.2
1260130 600.7
1260140 601.0
1260150 601.0
1260160 601.5
1260170 602.1
1260180 602.1
1260190 602.7
1260200 602.4
1260210 602.4
1260220 603.0
1260230 603.7
1260240 603.7
1260250 604.4
1260260 605.1
1260270 605.1
1260280 605.8
1260290 606.6
1260300 606.9
1260310 606.9
1260320 607.4
1260330 608.2
1260340 608.2
1260350 609.1
1260360 610.7
1260370 610.7
1260380 612.5
1260390 613.4
1260400 613.4
1260410 615.1
1260420 615.9
1260430 615.9
1260440 616.5
1260450 618.0
1260460 618.0
1260470 620.9
1260480 622.0
1260490 622.0
1260500 621.8
1260510 621.1
1260520 621.1
1260530 621.0
1260540 621.7
1260550 623.7
1260560 623.7
1260570 627.8
1260580 627.8
1260590 627.8
1260600 627.8
1260610 627.7
1260620 627.7
1260630 627.7
1260640 627.6
1260650 627.6
1260660 627.5
1260670 627.5
1260680 627.5
1260690 627.4
1260700 627.4
1260710 627.4
1260720 627.5
1260730 627.5
1260740 627.5
1260750 627.5
1260760 628.4
1260770 628.4
1260780 629.9
1260790 631.9
1260800 631.9
1260810 635.6
1260820 641.3
1260830 644.6
1260840 644.6
1260850 644.0
1260860 644.9
1260870 644.9
1260880 648.0
1260890 653.2
1260900 653.2
1260910 655.0
1260920 655.6
1260930 655.6
1260940 656.5
1260950 656.6
1260960 656.6
1260970 656.6
1260980 656.8
1260990 656.8
1261000 657.0
1261010 656.7
1261020 656.7
1261030 656.6
1261040 656.4
1261050 656.4
1261060 656.2
1261070 656.9
1261080 656.1
1261090 656.1
1261100 656.1
1261110 655.8
1261120 655.8
1261130 656.2
1261140 656.5
1261150 656.5
1261160 657.0
1261170 657.3
1261180 657.3
1261190 657.6
1261200 657.4
1261210 657.4
1261220 656.6
1261230 655.6
1261240 655.6
1261250 655.1
1261260 654.7
1261270 654.7
1261280 653.8
1261290 653.7
1261300 653.7
1261310 653.7
1261320 653.4
1261330 652.2
1261340 651.6
1261350 650.4
1261360 649.8
1261370 649.8
1261380 648.8
1261390 647.9
1261400 647.9
1261410 647.1
1261420 645.8
1261430 645.8
1261440 644.8
1261450 643.5
1261460 643.5
1261470 642.1
1261480 641.4
1261490 641.4
1261500 640.0
1261510 637.4
1261520 637.4
1261530 636.0
1261540 635.0
1261550 635.0
1261560 633.4
1261570 632.4
1261580 632.4
1261590 631.2
1261600 630.2
1261610 629.0
1261620 629.0
1261630 627.3
1261640 625.9
1261650 625.9
1261660 623.9
1261670 621.8
1261680 621.8
1261690 620.8
1261700 620.4
1261710 620.4
1261720 619.4
1261730 618.7
1261740 618.7
1261750 617.7
1261760 616.7
1261770 616.7
1261780 615.6
1261790 614.2
1261800 614.2
1261810 612.9
1261820 611.6
1261830 611.6
1261840 610.4
1261850 609.2
1261860 608.1
1261870 608.1
1261880 607.0
1261890 606.0
1261900 605.5
1261910 604.4
1261920 603.3
1261930 603.3
1261940 602.4
1261950 601.6
1261960 601.6
1261970 600.9
1261980 600.0
1261990 600.0
1262000 599.3
1262010 598.6
1262020 598.6
1262030 598.2
1262040 597.1
1262050 597.1
1262060 595.4
1262070 594.8
1262080 594.8
1262090 594.2
1262100 593.6
1262110 593.6
1262120 593.1
1262130 592.5
1262140 592.0
1262150 592.0
1262160 591.5
1262170 591.0
1262180 591.0
1262190 590.5
1262200 590.0
1262210 590.0
1262220 589.6
1262230 589.3
1262240 589.3
1262250 589.2
1262260 589.2
1262270 589.2
1262280 589.1
1262290 588.9
1262300 588.9
1262310 588.8
1262320 588.7
1262330 588.7
1262340 588.7
1262350 588.7
1262360 588.7
1262370 588.4
1262380 587.2
1262390 585.2
1262400 585.2
1262410 582.7
1262420 580.5
1262430 580.5
1262440 579.4
1262450 578.9
1262460 578.9
1262470 578.8
1262480 578.3
1262490 578.3
1262500 578.1
1262510 578.0
1262520 578.0
1262530 578.2
1262540 578.4
1262550 578.4
1262560 578.6
1262570 578.6
1262580 578.6
1262590 578.6
1262600 578.9
1262610 578.9
1262620 579.2
1262630 579.0
1262640 579.0
1262650 578.7
1262660 578.6
1262670 578.9
1262680 578.9
1262690 578.9
1262700 579.0
1262710 579.0
1262720 579.1
1262730 579.0
1262740 579.0
1262750 578.9
1262760 578.8
1262770 578.8
1262780 578.8
1262790 578.8
1262800 578.8
1262810 578.8
1262820 578.8
1262830 578.8
1262840 578.8
1262850 579.2
1262860 579.2
1262870 579.3
1262880 579.0
1262890 579.0
1262900 579.1
1262910 579.3
1262920 579.2
1262930 579.2
1262940 579.0
1262950 579.0
1262960 579.0
1262970 579.1
1262980 579.1
1262990 579.1
1263000 579.1
1263010 578.9
1263020 578.9
1263030 578.2
1263040 578.8
1263050 578.9
1263060 578.9
1263070 578.9
1263080 578.9
1263090 578.8
1263100 578.6
1263110 578.6
1263120 578.2
1263130 578.4
1263140 578.4
1263150 578.6
1263160 577.9
1263170 578.1
1263180 578.1
1263190 578.4
1263200 578.7
1263210 578.7
1263220 578.8
1263230 579.0
1263240 579.0
1263250 579.4
1263260 580.3
1263270 580.3
1263280 579.8
1263290 579.1
1263300 579.1
1263310 579.1
1263320 579.2
1263330 579.2
1263340 579.5
1263350 580.4
1263360 580.4
1263370 581.1
1263380 581.7
1263390 581.7
1263400 581.7
1263410 580.6
1263420 580.6
1263430 579.7
1263440 579.6
1263450 578.9
1263460 578.9
1263470 579.1
1263480 579.9
1263490 579.9
1263500 582.0
1263510 585.8
1263520 585.8
1263530 590.0
1263540 593.5
1263550 593.5
1263560 595.5
1263570 597.4
1263580 597.4
1263590 598.8
1263600 599.6
1263610 599.6
1263620 600.4
1263630 598.4
1263640 598.4
1263650 598.7
1263660 599.2
1263670 599.2
1263680 599.8
1263690 599.9
1263700 599.5
1263710 599.5
1263720 599.1
1263730 598.8
1263740 598.8
1263750 598.7
1263760 598.6
1263770 598.6
1263780 598.3
1263790 598.0
1263800 598.0
1263810 597.2
1263820 597.0
1263830 597.0
1263840 596.8
1263850 596.5
1263860 596.5
1263870 596.2
1263880 596.2
1263890 596.2
1263900 596.5
1263910 596.5
1263920 596.5
1263930 596.5
1263940 596.4
1263950 596.4
1263960 596.4
1263970 596.4
1263980 596.0
1263990 596.0
1264000 596.0
1264010 596.1
1264020 596.1
1264030 596.3
1264040 596.5
1264050 596.5
1264060 596.7
1264070 597.0
1264080 597.0
1264090 597.3
1264100 597.7
1264110 597.7
1264120 597.9
1264130 598.3
1264140 598.3
1264150 598.6
1264160 598.9
1264170 598.9
1264180 599.2
1264190 599.6
1264200 599.0
1264210 599.8
1264220 600.0
1264230 600.0
1264240 600.0
1264250 600.3
1264260 600.7
1264270 600.7
1264280 601.2
1264290 601.7
1264300 601.7
1264310 602.3
1264320 602.7
1264330 602.7
1264340 603.1
1264350 603.6
1264360 603.6
1264370 604.2
1264380 604.7
1264390 604.7
1264400 605.1
1264410 605.6
1264420 605.6
1264430 606.2
1264440 606.6
1264450 606.6
1264460 606.7
1264470 608.6
1264480 608.6
1264490 610.3
1264500 611.0
1264510 610.5
1264520 610.5
1264530 611.8
1264540 612.2
1264550 612.2
1264560 612.6
1264570 612.4
1264580 612.4
1264590 612.8
1264600 613.4
1264610 613.4
1264620 613.7
1264630 614.1
1264640 614.1
1264650 614.2
1264660 614.5
1264670 614.5
1264680 614.8
1264690 615.3
1264700 615.3
1264710 617.0
1264720 618.0
1264730 618.0
1264740 618.3
1264750 619.3
1264760 620.3
1264770 620.3
1264780 619.6
1264790 620.5
1264800 620.5
1264810 621.2
1264820 622.0
1264830 622.0
1264840 622.5
1264850 622.8
1264860 622.8
1264870 623.0
1264880 623.2
1264890 623.2
1264900 623.4
1264910 623.7
1264920 623.7
1264930 624.2
1264940 625.5
1264950 625.5
1264960 627.1
1264970 627.9
1264980 627.9
1264990 628.9
1265000 630.4
1265010 631.7
1265020 631.7
1265030 632.8
1265040 633.0
1265050 633.0
1265060 633.6
1265070 634.2
1265080 634.2
1265090 635.1
1265100 635.3
1265110 635.3
1265120 635.3
1265130 636.5
1265140 636.5
1265150 639.1
1265160 639.3
1265170 639.3
1265180 640.0
1265190 640.6
1265200 640.6
1265210 640.6
1265220 640.3
1265230 640.3
1265240 640.4
1265250 642.3
1265260 642.3
1265270 644.3
1265280 647.5
1265290 647.9
1265300 647.9
1265310 647.5
1265320 647.9
1265330 647.9
1265340 648.0
1265350 648.2
1265360 647.4
1265370 647.8
1265380 648.2
1265390 648.2
1265400 648.3
1265410 648.3
1265420 648.3
1265430 648.4
1265440 648.3
1265450 648.3
1265460 648.1
1265470 647.9
1265480 647.9
1265490 647.5
1265500 646.9
1265510 646.9
1265520 646.4
1265530 645.7
1265540 645.4
1265550 645.4
1265560 645.5
1265570 645.6
1265580 645.6
1265590 645.8
1265600 645.9
1265610 645.9
1265620 645.7
1265630 645.8
1265640 645.8
1265650 646.1
1265660 646.5
1265670 646.5
1265680 647.1
1265690 648.0
1265700 648.0
1265710 649.6
1265720 650.4
1265730 650.4
1265740 652.0
1265750 653.3
1265760 653.3
1265770 654.7
1265780 655.7
1265790 655.7
1265800 656.3
1265810 656.3
1265820 656.2
1265830 656.2
1265840 655.8
1265850 655.4
1265860 655.4
1265870 655.0
1265880 654.6
1265890 654.6
1265900 654.3
1265910 654.8
1265920 654.8
1265930 654.8
1265940 651.8
1265950 651.8
1265960 649.2
1265970 647.7
1265980 647.7
1265990 646.9
1266000 646.4
1266010 646.4
1266020 645.0
1266030 641.5
1266040 641.5
1266050 636.6
1266060 631.2
1266070 627.1
1266080 627.1
1266090 626.9
1266100 626.0
1266110 626.0
1266120 624.0
1266130 623.3
1266140 623.3
1266150 622.9
1266160 621.9
1266170 621.9
1266180 620.1
1266190 618.8
1266200 618.8
1266210 618.5
1266220 619.3
1266230 619.3
1266240 618.8
1266250 618.2
1266260 618.2
1266270 617.4
1266280 616.8
1266290 616.8
1266300 616.3
1266310 615.8
1266320 615.0
1266330 615.0
1266340 614.4
1266350 613.8
1266360 613.8
1266370 613.3
1266380 613.1
1266390 613.1
1266400 612.5
1266410 611.4
1266420 611.4
1266430 611.4
1266440 611.1
1266450 611.1
1266460 610.2
1266470 609.6
1266480 609.6
1266490 609.0
1266500 608.3
1266510 608.3
1266520 607.3
1266530 606.7
1266540 606.7
1266550 606.2
1266560 605.0
1266570 605.0
1266580 604.4
1266590 604.9
1266600 604.4
1266610 604.4
1266620 604.1
1266630 603.9
1266640 603.9
1266650 603.4
1266660 602.9
1266670 602.9
1266680 603.2
1266690 603.0
1266700 603.0
1266710 602.3
1266720 601.6
1266730 601.6
1266740 601.2
1266750 600.9
1266760 600.9
1266770 600.8
1266780 600.4
1266790 600.4
1266800 600.1
1266810 599.1
1266820 599.1
1266830 599.5
1266840 600.0
1266850 599.8
1266860 599.8
1266870 599.8
1266880 599.8
1266890 599.8
1266900 599.8
1266910 599.7
1266920 599.7
1266930 599.7
1266940 599.9
1266950 599.9
1266960 599.3
1266970 598.8
1266980 598.8
1266990 598.6
1267000 598.4
1267010 598.4
1267020 598.1
1267030 597.7
1267040 597.7
1267050 597.3
1267060 597.1
1267070 597.1
1267080 597.0
1267090 596.5
1267100 596.5
1267110 595.4
1267120 595.1
1267130 595.2
1267140 595.2
1267150 595.1
1267160 594.9
1267170 594.9
1267180 594.7
1267190 594.5
1267200 594.5
1267210 594.5
1267220 594.0
1267230 594.0
1267240 592.5
1267250 589.8
1267260 589.8
1267270 587.6
1267280 584.9
1267290 584.9
1267300 582.7
1267310 580.0
1267320 580.0
1267330 577.6
1267340 576.9
1267350 576.9
1267360 577.7
1267370 576.5
1267380 574.8
1267390 574.8
1267400 574.0
1267410 573.9
1267420 573.9
1267430 573.9
1267440 574.3
1267450 574.3
1267460 575.3
1267470 575.9
1267480 575.9
1267490 576.1
1267500 576.5
1267510 576.5
1267520 576.7
1267530 576.6
1267540 576.6
1267550 576.3
1267560 576.1
1267570 576.1
1267580 576.1
1267590 576.1
1267600 576.1
1267610 575.9
1267620 575.2
1267630 574.0
1267640 574.0
1267650 571.6
1267660 570.0
1267670 570.0
1267680 569.7
1267690 569.7
1267700 569.7
1267710 569.7
1267720 569.7
1267730 569.7
1267740 569.7
1267750 569.7
1267760 569.7
1267770 569.8
1267780 570.2
1267790 570.2
1267800 571.5
1267810 573.6
1267820 573.6
1267830 574.4
1267840 574.5
1267850 574.5
1267860 574.5
1267870 574.5
1267880 574.5
1267890 574.4
1267900 574.4
1267910 574.4
1267920 574.4
1267930 574.5
1267940 574.6
1267950 574.6
1267960 574.7
1267970 574.8
1267980 574.8
1267990 574.7
1268000 574.7
1268010 574.7
1268020 574.7
1268030 574.7
1268040 574.7
1268050 574.3
1268060 573.6
1268070 573.6
1268080 573.1
1268090 573.5
1268100 573.5
1268110 574.3
1268120 574.6
1268130 574.6
1268140 574.7
1268150 574.8
1268160 574.7
1268170 574.7
1268180 574.7
1268190 574.7
1268200 574.7
1268210 574.7
1268220 574.6
1268230 574.6
1268240 574.5
1268250 574.5
1268260 574.5
1268270 574.5
1268280 574.7
1268290 574.7
1268300 574.7
1268310 574.7
1268320 574.7
1268330 574.7
1268340 574.8
1268350 574.8
1268360 574.8
1268370 575.0
1268380 575.0
1268390 575.2
1268400 575.4
1268410 575.4
1268420 575.6
1268430 575.8
1268440 575.9
1268450 575.9
1268460 576.0
1268470 576.1
1268480 576.1
1268490 576.2
1268500 576.3
1268510 576.3
1268520 576.3
1268530 576.3
1268540 576.3
1268550 576.3
1268560 576.3
1268570 576.3
1268580 576.4
1268590 576.5
1268600 576.5
1268610 576.5
1268620 576.5
1268630 576.5
1268640 576.6
1268650 576.6
1268660 576.6
1268670 576.7
1268680 576.8
1268690 576.9
1268700 576.9
1268710 577.0
1268720 577.1
1268730 577.1
1268740 577.3
1268750 577.4
1268760 577.4
1268770 577.6
1268780 578.3
1268790 578.3
1268800 578.3
1268810 577.9
1268820 577.9
1268830 577.9
1268840 578.0
1268850 578.0
1268860 578.0
1268870 578.0
1268880 578.0
1268890 578.1
1268900 578.3
1268910 578.3
1268920 578.4
1268930 578.4
1268940 578.4
1268950 578.4
1268960 578.3
1268970 578.3
1268980 578.3
1268990 578.4
1269000 578.4
1269010 578.4
1269020 577.8
1269030 577.3
1269040 577.3
1269050 577.7
1269060 577.8
1269070 577.8
1269080 577.7
1269090 577.6
1269100 577.6
1269110 577.6
1269120 577.5
1269130 577.5
1269140 577.4
1269150 577.2
1269160 577.2
1269170 576.0
1269180 574.4
1269190 574.4
1269200 574.4
1269210 576.1
1269220 576.4
1269230 576.4
1269240 576.3
1269250 576.5
1269260 576.5
1269270 576.7
1269280 576.7
1269290 576.7
1269300 576.6
1269310 576.6
1269320 576.6
1269330 576.4
1269340 576.4
1269350 576.4
1269360 576.5
1269370 576.6
1269380 576.6
1269390 576.7
1269400 576.8
1269410 576.8
1269420 576.9
1269430 576.8
1269440 576.8
1269450 576.7
1269460 576.7
1269470 576.6
1269480 576.6
1269490 576.6
1269500 576.2
1269510 576.2
1269520 575.8
1269530 576.1
1269540 576.1
1269550 576.2
1269560 576.1
1269570 576.1
1269580 576.1
1269590 576.3
1269600 576.3
1269610 576.6
1269620 575.4
1269630 575.4
1269640 573.8
1269650 573.8
1269660 573.8
1269670 575.8
1269680 578.2
1269690 578.2
1269700 578.2
1269710 578.2
1269720 578.2
1269730 578.0
1269740 577.8
1269750 577.7
1269760 577.7
1269770 577.7
1269780 577.8
1269790 577.8
1269800 577.7
1269810 577.6
1269820 577.6
1269830 577.3
1269840 577.1
1269850 577.1
1269860 577.2
1269870 577.1
1269880 577.1
1269890 576.9
1269900 575.3
1269910 575.3
1269920 574.4
1269930 574.4
1269940 574.4
1269950 575.4
1269960 576.4
1269970 576.4
1269980 576.6
1269990 576.6
1270000 576.8
1270010 576.8
1270020 576.8
1270030 576.7
1270040 576.7
1270050 576.8
1270060 576.3
1270070 576.3
1270080 576.1
1270090 576.1
1270100 576.1
1270110 576.0
1270120 576.0
1270130 576.0
1270140 575.9
1270150 575.9
1270160 575.9
1270170 575.8
1270180 575.8
1270190 575.8
1270200 575.8
1270210 575.7
1270220 575.7
1270230 575.7
1270240 575.8
1270250 575.8
1270260 576.0
1270270 576.0
1270280 575.6
1270290 575.6
1270300 575.6
1270310 575.7
1270320 575.7
1270330 575.7
1270340 575.8
1270350 575.8
1270360 575.8
1270370 576.0
1270380 576.0
1270390 576.5
1270400 576.9
1270410 576.9
1270420 576.9
1270430 576.9
1270440 576.9
1270450 576.9
1270460 576.8
1270470 576.8
1270480 576.7
1270490 576.7
1270500 576.7
1270510 576.7
1270520 576.8
1270530 576.7
1270540 576.7
1270550 576.5
1270560 576.6
1270570 576.6
1270580 576.6
1270590 576.5
1270600 576.5
1270610 576.1
1270620 575.7
1270630 575.7
1270640 575.7
1270650 575.7
1270660 575.7
1270670 575.7
1270680 575.6
1270690 575.6
1270700 575.3
1270710 575.3
1270720 575.3
1270730 575.4
1270740 575.3
1270750 575.3
1270760 575.1
1270770 575.0
1270780 575.0
1270790 575.0
1270800 575.0
1270810 575.0
1270820 575.0
1270830 575.1
1270840 575.0
1270850 575.0
1270860 574.9
1270870 575.0
1270880 575.0
1270890 574.9
1270900 574.4
1270910 574.4
1270920 574.1
1270930 574.0
1270940 574.0
1270950 573.8
1270960 573.9
1270970 573.9
1270980 573.9
1270990 573.8
1271000 573.8
1271010 573.8
1271020 573.9
1271030 573.9
1271040 573.9
1271050 573.8
1271060 573.6
1271070 573.6
1271080 573.6
1271090 573.7
1271100 573.7
1271110 573.7
1271120 573.6
1271130 573.6
1271140 573.6
1271150 573.7
1271160 573.7
1271170 573.5
1271180 572.3
1271190 572.3
1271200 571.0
1271210 570.6
1271220 570.6
1271230 570.3
1271240 570.3
1271250 570.3
1271260 569.9
1271270 569.6
1271280 569.6
1271290 569.5
1271300 569.3
1271310 569.3
1271320 569.3
1271330 569.8
1271340 569.8
1271350 569.8
1271360 569.7
1271370 569.5
1271380 569.5
1271390 569.4
1271400 569.3
1271410 569.3
1271420 569.2
1271430 569.1
1271440 569.1
1271450 568.9
1271460 568.8
1271470 568.8
1271480 568.8
1271490 568.8
1271500 568.8
1271510 568.9
1271520 568.9
1271530 568.9
1271540 568.7
1271550 568.7
1271560 568.7
1271570 568.9
1271580 568.8
1271590 568.8
1271600 568.8
1271610 569.0
1271620 569.3
1271630 569.3
1271640 569.4
1271650 569.4
1271660 569.4
1271670 569.5
1271680 569.7
1271690 569.7
1271700 569.5
1271710 569.2
1271720 569.2
1271730 568.9
1271740 568.3
1271750 568.3
1271760 568.0
1271770 567.8
1271780 567.8
1271790 567.2
1271800 567.3
1271810 567.3
1271820 567.9
1271830 568.3
1271840 568.4
1271850 568.4
1271860 568.4
1271870 568.4
1271880 568.4
1271890 568.3
1271900 568.3
1271910 568.3
1271920 568.4
1271930 568.5
1271940 568.5
1271950 568.6
1271960 568.6
1271970 568.6
1271980 568.7
1271990 568.7
1272000 568.7
1272010 568.7
1272020 568.8
1272030 568.8
1272040 568.9
1272050 569.0
1272060 569.0
1272070 569.0
1272080 569.0
1272090 569.0
1272100 568.9
1272110 568.8
1272120 568.5
1272130 568.5
1272140 567.9
1272150 567.4
1272160 567.4
1272170 566.9
1272180 566.9
1272190 566.9
1272200 567.0
1272210 566.9
1272220 566.9
1272230 566.7
1272240 566.6
1272250 566.6
1272260 566.6
1272270 566.9
1272280 566.9
1272290 567.4
1272300 567.5
1272310 567.5
1272320 567.5
1272330 567.5
1272340 567.5
1272350 567.6
1272360 567.4
1272370 567.2
1272380 567.2
1272390 567.1
1272400 567.1
1272410 567.1
1272420 567.1
1272430 567.2
1272440 566.8
1272450 567.0
1272460 567.1
1272470 567.1
1272480 567.2
1272490 567.1
1272500 567.1
1272510 567.1
1272520 567.0
1272530 567.0
1272540 567.0
1272550 567.1
1272560 567.1
1272570 567.1
1272580 567.2
1272590 567.2
1272600 567.2
1272610 567.2
1272620 567.3
1272630 567.3
1272640 567.5
1272650 567.5
1272660 567.5
1272670 567.4
1272680 567.5
1272690 567.5
1272700 566.9
1272710 566.7
1272720 566.7
1272730 566.7
1272740 566.6
1272750 566.6
1272760 566.5
1272770 566.7
1272780 566.7
1272790 567.0
1272800 567.2
1272810 567.2
1272820 567.2
1272830 567.2
1272840 567.2
1272850 567.1
1272860 567.2
1272870 567.2
1272880 567.2
1272890 567.2
1272900 566.9
1272910 566.9
1272920 566.4
1272930 566.4
1272940 566.4
1272950 566.5
1272960 566.4
1272970 566.4
1272980 566.3
1272990 566.6
1273000 566.6
1273010 567.1
1273020 567.1
1273030 567.1
1273040 566.7
1273050 566.5
1273060 566.5
1273070 566.0
1273080 565.9
1273090 565.9
1273100 566.0
1273110 566.7
1273120 566.7
1273130 567.1
1273140 567.1
1273150 566.6
1273160 566.6
1273170 566.3
1273180 566.8
1273190 566.8
1273200 566.9
1273210 566.9
1273220 566.9
1273230 567.0
1273240 567.2
1273250 567.2
1273260 567.2
1273270 567.1
1273280 567.1
1273290 566.8
1273300 566.5
1273310 566.5
1273320 566.4
1273330 566.7
1273340 566.7
1273350 567.0
1273360 566.9
1273370 566.9
1273380 567.0
1273390 566.9
1273400 566.9
1273410 566.7
1273420 566.9
1273430 567.0
1273440 567.0
1273450 567.0
1273460 567.0
1273470 567.0
1273480 566.9
1273490 566.8
1273500 566.8
1273510 566.8
1273520 567.0
1273530 567.0
1273540 567.3
1273550 566.7
1273560 566.7
1273570 566.7
1273580 566.7
1273590 566.7
1273600 566.6
1273610 566.5
1273620 566.5
1273630 566.7
1273640 566.7
1273650 566.7
1273660 566.8
1273670 566.8
1273680 566.7
1273690 566.7
1273700 566.8
1273710 566.8
1273720 566.8
1273730 566.7
1273740 566.3
1273750 566.3
1273760 565.9
1273770 565.9
1273780 565.9
1273790 566.1
1273800 566.3
1273810 566.3
1273820 566.4
1273830 566.5
1273840 566.5
1273850 566.5
1273860 566.4
1273870 566.4
1273880 566.4
1273890 566.3
1273900 566.3
1273910 566.3
1273920 566.3
1273930 566.4
1273940 566.4
1273950 566.4
1273960 566.3
1273970 566.3
1273980 566.3
1273990 566.4
1274000 566.4
1274010 566.5
1274020 566.6
1274030 566.6
1274040 566.7
1274050 566.8
1274060 566.8
1274070 566.9
1274080 566.9
1274090 566.9
1274100 566.8
1274110 566.6
1274120 566.6
1274130 566.5
1274140 566.3
1274150 566.3
1274160 566.2
1274170 566.1
1274180 566.1
1274190 565.9
1274200 566.0
1274210 566.4
1274220 566.4
1274230 567.5
1274240 567.8
1274250 567.9
1274260 567.5
1274270 567.6
1274280 567.6
1274290 567.4
1274300 567.3
1274310 567.3
1274320 567.1
1274330 567.1
1274340 567.1
1274350 567.0
1274360 566.9
1274370 566.9
1274380 566.6
1274390 566.3
1274400 566.3
1274410 566.3
1274420 566.3
1274430 566.3
1274440 566.0
1274450 565.1
1274460 563.8
1274470 563.8
1274480 562.4
1274490 561.6
1274500 561.6
1274510 561.2
1274520 561.1
1274530 561.1
1274540 561.1
1274550 561.1
1274560 561.1
1274570 561.0
1274580 561.0
1274590 561.0
1274600 561.0
1274610 561.0
1274620 561.0
1274630 561.0
1274640 561.0
1274650 561.0
1274660 560.9
1274670 560.9
1274680 560.9
1274690 560.9
1274700 560.9
1274710 560.9
1274720 560.9
1274730 560.9
1274740 560.8
1274750 560.8
1274760 560.9
1274770 560.8
1274780 560.8
1274790 560.8
1274800 560.8
1274810 560.8
1274820 560.8
1274830 560.8
1274840 560.8
1274850 560.8
1274860 560.8
1274870 560.8
1274880 560.8
1274890 560.8
1274900 560.8
1274910 560.8
1274920 560.8
1274930 560.8
1274940 560.7
1274950 560.7
1274960 560.7
1274970 560.7
1274980 560.8
1274990 561.1
1275000 561.1
1275010 561.5
1275020 562.0
1275030 562.0
1275040 562.9
1275050 564.0
1275060 564.0
1275070 565.3
1275080 566.1
1275090 566.1
1275100 566.8
1275110 567.3
1275120 567.3
1275130 568.3
1275140 569.3
1275150 569.3
1275160 570.2
1275170 571.2
1275180 571.2
1275190 572.2
1275200 573.4
1275210 573.4
1275220 574.6
1275230 575.8
1275240 577.1
1275250 577.1
1275260 578.3
1275270 579.2
1275280 579.2
1275290 580.0
1275300 580.5
1275310 580.5
1275320 580.9
1275330 580.9
1275340 580.9
1275350 580.8
1275360 580.6
1275370 580.6
1275380 580.4
1275390 580.2
1275400 580.2
1275410 580.0
1275420 579.8
1275430 579.8
1275440 579.5
1275450 579.3
1275460 578.7
1275470 578.5
1275480 578.3
1275490 578.3
1275500 578.0
1275510 577.7
1275520 577.5
1275530 577.5
1275540 577.5
1275550 577.5
1275560 577.5
1275570 577.2
1275580 577.0
1275590 577.0
1275600 577.0
1275610 576.7
1275620 576.7
1275630 576.5
1275640 576.2
1275650 576.2
1275660 576.0
1275670 575.9
1275680 575.9
1275690 575.8
1275700 575.9
1275710 575.9
1275720 576.0
1275730 576.2
1275740 576.2
1275750 576.7
1275760 578.5
1275770 580.8
1275780 580.8
1275790 581.2
1275800 580.9
1275810 580.9
1275820 580.6
1275830 580.9
1275840 580.9
1275850 580.9
1275860 580.5
1275870 580.5
1275880 580.1
1275890 580.7
1275900 580.7
1275910 582.7
1275920 584.4
1275930 584.4
1275940 585.4
1275950 586.1
1275960 586.1
1275970 586.8
1275980 587.3
1275990 587.3
1276000 587.8
1276010 588.3
1276020 588.3
1276030 589.0
1276040 590.0
1276050 590.7
1276060 590.7
1276070 597.5
1276080 597.9
1276090 597.9
1276100 598.0
1276110 597.7
1276120 597.7
1276130 597.3
1276140 597.3
1276150 597.3
1276160 598.0
1276170 599.0
1276180 599.0
1276190 599.4
1276200 597.0
1276210 597.0
1276220 593.9
1276230 594.8
1276240 594.8
1276250 598.1
1276260 600.3
1276270 600.3
1276280 600.5
1276290 600.4
1276300 600.3
1276310 600.3
1276320 600.1
1276330 599.9
1276340 599.9
1276350 599.7
1276360 599.5
1276370 599.5
1276380 599.0
1276390 598.8
1276400 598.8
1276410 598.6
1276420 598.5
1276430 598.5
1276440 598.1
1276450 597.3
1276460 597.3
1276470 597.1
1276480 597.0
1276490 597.0
1276500 596.9
1276510 596.8
1276520 596.8
1276530 596.7
1276540 596.5
1276550 596.5
1276560 596.3
1276570 596.2
1276580 596.0
1276590 596.0
1276600 595.8
1276610 595.7
1276620 595.7
1276630 595.6
1276640 595.4
1276650 595.4
1276660 595.3
1276670 595.2
1276680 595.7
1276690 595.6
1276700 595.5
1276710 595.5
1276720 595.7
1276730 595.6
1276740 595.6
1276750 595.4
1276760 595.7
1276770 595.7
1276780 596.1
1276790 597.1
1276800 597.1
1276810 599.3
1276820 601.5
1276830 602.6
1276840 602.6
1276850 602.9
1276860 603.4
1276870 603.4
1276880 603.3
1276890 603.4
1276900 603.4
1276910 603.9
1276920 603.8
1276930 603.8
1276940 603.3
1276950 602.9
1276960 602.9
1276970 602.6
1276980 602.4
1276990 602.4
1277000 602.2
1277010 602.1
1277020 602.1
1277030 602.0
1277040 601.8
1277050 601.8
1277060 601.6
1277070 601.5
1277080 601.4
1277090 601.4
1277100 601.3
1277110 601.1
1277120 601.1
1277130 600.9
1277140 600.7
1277150 600.7
1277160 600.4
1277170 600.2
1277180 600.2
1277190 598.9
1277200 594.7
1277210 594.7
1277220 589.7
1277230 585.2
1277240 585.2
1277250 583.9
1277260 583.9
1277270 583.9
1277280 583.6
1277290 584.2
1277300 585.6
1277310 586.4
1277320 587.9
1277330 587.9
1277340 589.9
1277350 593.5
1277360 597.6
1277370 597.6
1277380 599.0
1277390 599.3
1277400 599.3
1277410 599.9
1277420 600.7
1277430 600.7
1277440 601.2
1277450 602.4
1277460 602.4
1277470 603.6
1277480 604.3
1277490 604.3
1277500 605.0
1277510 605.1
1277520 605.1
1277530 605.0
1277540 605.3
1277550 605.3
1277560 605.7
1277570 606.0
1277580 606.0
1277590 606.3
1277600 606.5
1277610 606.7
1277620 606.7
1277630 606.9
1277640 607.1
1277650 607.1
1277660 607.4
1277670 607.7
1277680 607.7
1277690 608.1
1277700 608.1
1277710 608.1
1277720 607.9
1277730 608.0
1277740 608.0
1277750 608.1
1277760 608.3
1277770 608.3
1277780 608.5
1277790 608.8
1277800 608.8
1277810 609.1
1277820 609.4
1277830 609.4
1277840 609.8
1277850 610.1
1277860 610.1
1277870 610.4
1277880 610.9
1277890 611.6
1277900 611.6
1277910 613.6
1277920 614.0
1277930 614.0
1277940 614.3
1277950 614.8
1277960 614.8
1277970 615.3
1277980 615.9
1277990 615.9
1278000 616.6
1278010 617.4
1278020 617.4
1278030 618.3
1278040 619.1
1278050 619.1
1278060 619.9
1278070 620.8
1278080 620.8
1278090 621.9
1278100 623.5
1278110 623.5
1278120 624.4
1278130 625.1
1278140 626.0
1278150 626.0
1278160 627.1
1278170 628.1
1278180 628.1
1278190 628.9
1278200 629.8
1278210 629.8
1278220 630.6
1278230 631.4
1278240 631.4
1278250 632.0
1278260 632.8
1278270 632.8
1278280 633.6
1278290 634.3
1278300 634.3
1278310 635.1
1278320 636.0
1278330 636.0
1278340 637.2
1278350 638.3
1278360 638.3
1278370 639.4
1278380 640.6
1278390 641.8
1278400 641.8
1278410 643.0
1278420 644.2
1278430 644.2
1278440 645.4
1278450 645.9
1278460 645.9
1278470 646.4
1278480 647.1
1278490 647.1
1278500 647.6
1278510 647.9
1278520 647.9
1278530 651.1
1278540 651.8
1278550 651.8
1278560 654.1
1278570 658.7
1278580 658.7
1278590 663.5
1278600 667.9
1278610 667.9
1278620 672.3
1278630 676.1
1278640 676.1
1278650 680.1
1278660 684.4
1278670 688.0
1278680 688.0
1278690 690.7
1278700 693.0
1278710 693.0
1278720 695.4
1278730 698.2
1278740 698.2
1278750 701.1
1278760 704.9
1278770 704.9
1278780 709.4
1278790 714.7
1278800 714.7
1278810 720.1
1278820 725.8
1278830 725.8
1278840 731.4
1278850 736.6
1278860 736.6
1278870 741.0
1278880 745.2
1278890 745.2
1278900 749.0
1278910 752.7
1278920 755.4
1278930 755.4
1278940 757.3
1278950 758.2
1278960 758.2
1278970 758.0
1278980 757.0
1278990 757.0
1279000 755.5
1279010 753.1
1279020 753.1
1279030 750.1
1279040 747.0
1279050 747.0
1279060 743.6
1279070 739.9
1279080 739.9
1279090 736.3
1279100 733.9
1279110 733.9
1279120 731.8
1279130 729.8
1279140 729.8
1279150 733.8
1279160 732.0
1279170 732.0
1279180 730.5
1279190 728.7
1279200 726.6
1279210 726.6
1279220 723.8
1279230 720.2
1279240 720.2
1279250 714.6
1279260 711.7
1279270 711.7
1279280 714.8
1279290 719.3
1279300 719.3
1279310 724.3
1279320 728.7
1279330 728.7
1279340 732.5
1279350 736.2
1279360 736.2
1279370 740.1
1279380 744.8
1279390 744.8
1279400 749.9
1279410 754.4
1279420 754.4
1279430 758.8
1279440 762.8
1279450 766.1
1279460 766.1
1279470 768.5
1279480 770.3
1279490 770.3
1279500 771.1
1279510 771.2
1279520 771.2
1279530 770.7
1279540 770.7
1279550 770.7
1279560 771.2
1279570 771.1
1279580 771.1
1279590 769.9
1279600 767.6
1279610 767.6
1279620 765.7
1279630 764.4
1279640 764.4
1279650 763.2
1279660 762.3
1279670 762.3
1279680 760.7
1279690 759.2
1279700 758.6
1279710 758.6
1279720 758.4
1279730 758.2
1279740 758.2
1279750 758.7
1279760 761.3
1279770 761.1
1279780 766.3
1279790 770.1
1279800 770.1
1279810 771.3
1279820 772.6
1279830 772.6
1279840 774.6
1279850 777.2
1279860 777.2
1279870 780.0
1279880 783.2
1279890 783.2
1279900 787.4
1279910 791.9
1279920 791.9
1279930 796.8
1279940 802.4
1279950 802.4
1279960 808.3
1279970 813.5
1279980 817.5
1279990 817.5
