1260000 853.4
1260010 853.4
1260020 850.8
1260030 852.8
1260040 852.8
1260050 852.0
1260060 850.2
1260070 850.2
1260080 850.8
1260090 849.4
1260100 849.4
1260110 845.9
1260120 843.2
1260130 841.1
1260140 841.1
1260150 839.6
1260160 838.5
1260170 838.5
1260180 838.2
1260190 837.8
1260200 837.8
1260210 837.1
1260220 837.4
1260230 837.4
1260240 836.3
1260250 834.7
1260260 834.7
1260270 833.6
1260280 833.1
1260290 833.1
1260300 833.4
1260310 835.0
1260320 835.0
1260330 837.3
1260340 838.8
1260350 838.8
1260360 834.6
1260370 832.4
1260380 832.0
1260390 832.0
1260400 832.3
1260410 831.6
1260420 831.6
1260430 830.4
1260440 828.9
1260450 828.9
1260460 829.1
1260470 826.3
1260480 826.3
1260490 822.1
1260500 818.1
1260510 818.1
1260520 814.9
1260530 812.8
1260540 806.6
1260550 805.0
1260560 804.0
1260570 804.0
1260580 802.3
1260590 800.3
1260600 800.3
1260610 798.7
1260620 797.0
1260630 797.0
1260640 795.3
1260650 793.5
1260660 791.3
1260670 791.3
1260680 789.7
1260690 789.5
1260700 789.5
1260710 791.6
1260720 793.0
1260730 793.0
1260740 790.5
1260750 789.8
1260760 789.8
1260770 790.1
1260780 790.9
1260790 790.9
1260800 791.4
1260810 791.7
1260820 791.7
1260830 791.5
1260840 794.3
1260850 794.3
1260860 798.4
1260870 799.5
1260880 799.5
1260890 794.6
1260900 789.2
1260910 783.5
1260920 783.5
1260930 776.6
1260940 768.5
1260950 768.5
1260960 755.6
1260970 745.7
1260980 745.7
1260990 737.7
1261000 730.6
1261010 730.6
1261020 733.0
1261030 736.9
1261040 736.9
1261050 736.1
1261060 736.3
1261070 736.3
1261080 738.1
1261090 743.2
1261100 738.0
1261110 743.7
1261120 750.4
1261130 750.4
1261140 757.7
1261150 763.7
1261160 763.7
1261170 775.3
1261180 785.2
1261190 789.2
1261200 789.2
1261210 793.7
1261220 796.7
1261230 796.7
1261240 794.8
1261250 792.0
1261260 792.0
1261270 793.0
1261280 797.2
1261290 797.2
1261300 802.8
1261310 808.3
1261320 808.3
1261330 813.6
1261340 817.8
1261350 817.8
1261360 821.6
1261370 822.4
1261380 822.4
1261390 820.5
1261400 818.6
1261410 818.6
1261420 816.6
1261430 814.9
1261440 813.9
1261450 813.9
1261460 813.4
1261470 812.6
1261480 812.6
1261490 811.4
1261500 810.2
1261510 810.2
1261520 809.1
1261530 808.4
1261540 808.4
1261550 807.3
1261560 802.7
1261570 802.7
1261580 796.7
1261590 792.5
1261600 792.5
1261610 789.8
1261620 788.4
1261630 788.4
1261640 787.2
1261650 786.6
1261660 786.6
1261670 783.5
1261680 784.3
1261690 784.3
1261700 783.3
1261710 783.9
1261720 785.2
1261730 785.2
1261740 783.4
1261750 784.7
1261760 784.7
1261770 788.2
1261780 790.9
1261790 790.9
1261800 791.5
1261810 791.7
1261820 791.7
1261830 789.3
1261840 785.1
1261850 785.1
1261860 785.1
1261870 785.1
1261880 785.1
1261890 787.4
1261900 788.5
1261910 788.5
1261920 788.4
1261930 788.0
1261940 788.0
1261950 787.1
1261960 785.4
1261970 783.9
1261980 783.9
1261990 785.0
1262000 784.4
1262010 784.4
1262020 784.1
1262030 784.2
1262040 784.2
1262050 780.5
1262060 774.9
1262070 774.9
1262080 774.6
1262090 777.1
1262100 777.1
1262110 777.9
1262120 779.0
1262130 779.0
1262140 779.3
1262150 775.3
1262160 775.3
1262170 766.4
1262180 755.5
1262190 755.5
1262200 749.3
1262210 756.6
1262220 756.6
1262230 765.2
1262240 770.3
1262250 762.1
1262260 762.1
1262270 763.0
1262280 768.8
1262290 768.8
1262300 773.4
1262310 773.9
1262320 773.9
1262330 772.9
1262340 771.9
1262350 771.9
1262360 770.8
1262370 768.6
1262380 768.6
1262390 764.3
1262400 760.2
1262410 760.2
1262420 756.5
1262430 752.9
1262440 752.9
1262450 752.3
1262460 756.5
1262470 756.5
1262480 760.0
1262490 762.5
1262500 763.6
1262510 763.6
1262520 762.9
1262530 760.1
1262540 760.1
1262550 756.5
1262560 755.8
1262570 755.8
1262580 755.7
1262590 755.5
1262600 755.5
1262610 755.1
1262620 756.0
1262630 756.0
1262640 756.4
1262650 754.0
1262660 754.0
1262670 753.2
1262680 753.0
1262690 753.0
1262700 752.4
1262710 751.7
1262720 751.7
1262730 750.7
1262740 750.0
1262750 750.0
1262760 751.1
1262770 751.5
1262780 751.5
1262790 751.5
1262800 751.4
1262810 751.6
1262820 748.2
1262830 748.4
1262840 748.6
1262850 748.6
1262860 748.2
1262870 748.0
1262880 748.0
1262890 747.9
1262900 747.2
1262910 747.2
1262920 746.5
1262930 745.8
1262940 745.8
1262950 745.5
1262960 745.2
1262970 745.2
1262980 745.0
1262990 739.8
1263000 739.8
1263010 713.2
1263020 701.8
1263030 697.3
1263040 697.3
1263050 696.8
1263060 698.6
1263070 698.6
1263080 701.7
1263090 703.9
1263100 703.9
1263110 709.2
1263120 713.6
1263130 713.6
1263140 719.0
1263150 724.4
1263160 724.4
1263170 729.6
1263180 735.3
1263190 735.3
1263200 741.5
1263210 744.9
1263220 744.9
1263230 745.1
1263240 743.7
1263250 743.7
1263260 739.9
1263270 735.6
1263280 735.6
1263290 734.3
1263300 735.3
1263310 738.2
1263320 738.2
1263330 743.6
1263340 747.3
1263350 747.3
1263360 747.6
1263370 747.7
1263380 747.7
1263390 746.4
1263400 746.4
1263410 746.4
1263420 745.5
1263430 741.4
1263440 741.4
1263450 735.0
1263460 730.3
1263470 730.3
1263480 729.6
1263490 730.1
1263500 730.1
1263510 731.0
1263520 734.7
1263530 734.7
1263540 743.2
1263550 747.5
1263560 748.6
1263570 748.6
1263580 748.6
1263590 748.7
1263600 748.7
1263610 748.8
1263620 748.5
1263630 748.5
1263640 748.4
1263650 746.8
1263660 746.8
1263670 744.7
1263680 743.6
1263690 743.6
1263700 742.1
1263710 739.2
1263720 739.2
1263730 733.0
1263740 725.3
1263750 725.3
1263760 719.6
1263770 719.6
1263780 719.6
1263790 724.2
1263800 729.4
1263810 731.7
1263820 731.7
1263830 735.9
1263840 741.0
1263850 741.0
1263860 744.4
1263870 742.3
1263880 742.3
1263890 739.4
1263900 740.3
1263910 740.3
1263920 746.8
1263930 749.6
1263940 749.6
1263950 750.9
1263960 749.9
1263970 748.8
1263980 747.5
1263990 747.9
1264000 747.9
1264010 748.7
1264020 748.4
1264030 748.4
1264040 747.0
1264050 743.0
1264060 743.0
1264070 738.5
1264080 731.6
1264090 727.2
1264100 727.2
1264110 722.4
1264120 717.2
1264130 717.2
1264140 713.7
1264150 711.5
1264160 711.5
1264170 710.2
1264180 708.9
1264190 708.9
1264200 708.2
1264210 707.3
1264220 707.3
1264230 707.8
1264240 710.0
1264250 710.0
1264260 711.3
1264270 714.8
1264280 714.8
1264290 719.3
1264300 723.7
1264310 723.7
1264320 727.1
1264330 726.5
1264340 724.1
1264350 724.1
1264360 722.9
1264370 723.6
1264380 723.6
1264390 726.5
1264400 724.9
1264410 724.9
1264420 719.2
1264430 713.9
1264440 713.9
1264450 709.3
1264460 705.2
1264470 705.2
1264480 700.8
1264490 698.5
1264500 698.5
1264510 699.4
1264520 702.7
1264530 702.7
1264540 706.3
1264550 708.8
1264560 708.8
1264570 712.9
1264580 717.2
1264590 717.2
1264600 722.2
1264610 725.2
1264620 726.5
1264630 726.5
1264640 726.6
1264650 726.9
1264660 726.9
1264670 728.2
1264680 730.2
1264690 730.2
1264700 733.0
1264710 732.2
1264720 732.2
1264730 729.6
1264740 727.8
1264750 727.8
1264760 725.6
1264770 722.3
1264780 722.3
1264790 718.2
1264800 713.3
1264810 713.3
1264820 709.0
1264830 707.2
1264840 707.2
1264850 706.9
1264860 706.7
1264870 706.3
1264880 706.3
1264890 706.2
1264900 706.2
1264910 706.2
1264920 706.2
1264930 706.7
1264940 706.7
1264950 708.5
1264960 710.6
1264970 710.6
1264980 711.3
1264990 711.4
1265000 711.4
1265010 712.7
1265020 714.6
1265030 714.6
1265040 716.8
1265050 720.5
1265060 720.5
1265070 724.7
1265080 729.0
1265090 729.0
1265100 733.5
1265110 737.7
1265120 737.7
1265130 741.5
1265140 745.5
1265150 747.2
1265160 747.2
1265170 743.4
1265180 738.6
1265190 738.6
1265200 736.0
1265210 735.3
1265220 735.3
1265230 735.4
1265240 737.6
1265250 737.6
1265260 740.4
1265270 743.4
1265280 743.4
1265290 746.8
1265300 750.4
1265310 750.4
1265320 751.8
1265330 749.9
1265340 749.9
1265350 749.0
1265360 748.7
1265370 748.7
1265380 748.6
1265390 749.1
1265400 747.4
1265410 747.4
1265420 745.4
1265430 744.0
1265440 744.0
1265450 740.3
1265460 735.0
1265470 735.0
1265480 730.7
1265490 727.9
1265500 727.9
1265510 726.0
1265520 727.0
1265530 727.0
1265540 728.5
1265550 726.0
1265560 726.0
1265570 720.6
1265580 716.2
1265590 716.2
1265600 714.6
1265610 714.0
1265620 714.0
1265630 716.1
1265640 714.8
1265650 714.8
1265660 712.8
1265670 711.0
1265680 709.7
1265690 709.7
1265700 710.2
1265710 709.9
1265720 709.9
1265730 710.0
1265740 709.3
1265750 709.3
1265760 710.4
1265770 711.9
1265780 711.9
1265790 715.6
1265800 720.7
1265810 720.7
1265820 725.2
1265830 728.1
1265840 728.1
1265850 730.9
1265860 734.2
1265870 734.2
1265880 738.2
1265890 742.1
1265900 742.1
1265910 745.0
1265920 747.8
1265930 750.6
1265940 750.6
1265950 753.3
1265960 755.6
1265970 755.6
1265980 757.3
1265990 758.4
1266000 758.4
1266010 757.1
1266020 753.9
1266030 753.9
1266040 751.9
1266050 750.4
1266060 750.4
1266070 747.2
1266080 743.2
1266090 743.2
1266100 740.1
1266110 737.3
1266120 737.3
1266130 732.8
1266140 728.0
1266150 728.0
1266160 725.1
1266170 725.0
1266180 725.0
1266190 727.5
1266200 731.6
1266210 735.3
1266220 735.3
1266230 732.9
1266240 726.5
1266250 726.5
1266260 721.2
1266270 719.5
1266280 719.5
1266290 717.6
1266300 721.4
1266310 721.4
1266320 725.8
1266330 729.4
1266340 729.4
1266350 728.5
1266360 723.6
1266370 723.6
1266380 720.2
1266390 718.9
1266400 718.9
1266410 718.7
1266420 721.1
1266430 721.1
1266440 724.4
1266450 724.4
1266460 723.4
1266470 723.4
1266480 721.6
1266490 718.8
1266500 718.8
1266510 713.6
1266520 710.2
1266530 710.2
1266540 705.3
1266550 703.3
1266560 703.3
1266570 703.0
1266580 704.3
1266590 704.3
1266600 704.9
1266610 702.7
1266620 702.7
1266630 699.5
1266640 696.5
1266650 696.5
1266660 693.9
1266670 690.5
1266680 690.5
1266690 689.9
1266700 689.4
1266710 688.3
1266720 688.3
1266730 686.9
1266740 685.0
1266750 685.0
1266760 681.8
1266770 681.0
1266780 681.0
1266790 679.4
1266800 675.0
1266810 675.0
1266820 670.8
1266830 668.1
1266840 668.1
1266850 664.2
1266860 660.2
1266870 661.8
1266880 659.5
1266890 656.4
1266900 656.4
1266910 654.8
1266920 652.7
1266930 652.7
1266940 650.1
1266950 648.1
1266960 648.1
1266970 646.4
1266980 645.0
1266990 643.6
1267000 643.6
1267010 642.1
1267020 641.5
1267030 641.5
1267040 640.5
1267050 639.2
1267060 639.2
1267070 638.0
1267080 636.8
1267090 636.8
1267100 635.5
1267110 634.5
1267120 634.5
1267130 632.8
1267140 630.9
1267150 630.9
1267160 628.9
1267170 627.9
1267180 627.9
1267190 628.0
1267200 631.1
1267210 631.1
1267220 634.4
1267230 636.0
1267240 637.0
1267250 637.0
1267260 637.4
1267270 638.0
1267280 638.0
1267290 637.6
1267300 637.2
1267310 637.2
1267320 636.4
1267330 635.4
1267340 635.4
1267350 632.3
1267360 630.2
1267370 630.2
1267380 629.0
1267390 626.4
1267400 626.4
1267410 624.5
1267420 623.1
1267430 623.1
1267440 621.9
1267450 619.9
1267460 618.6
1267470 618.3
1267480 618.0
1267490 618.0
1267500 616.7
1267510 613.7
1267520 612.8
1267530 612.8
1267540 612.1
1267550 611.2
1267560 611.2
1267570 610.4
1267580 609.7
1267590 609.7
1267600 609.1
1267610 609.0
1267620 609.0
1267630 609.9
1267640 605.8
1267650 605.8
1267660 604.6
1267670 605.2
1267680 605.2
1267690 605.9
1267700 606.0
1267710 606.0
1267720 606.3
1267730 606.9
1267740 606.9
1267750 606.7
1267760 606.7
1267770 606.2
1267780 606.2
1267790 606.4
1267800 608.0
1267810 608.0
1267820 608.7
1267830 607.0
1267840 607.0
1267850 600.5
1267860 593.7
1267870 593.7
1267880 590.6
1267890 588.8
1267900 588.8
1267910 588.2
1267920 586.9
1267930 586.9
1267940 586.2
1267950 585.7
1267960 585.7
1267970 585.3
1267980 584.8
1267990 584.8
1268000 584.4
1268010 584.2
1268020 584.2
1268030 584.1
1268040 584.0
1268050 583.6
1268060 583.6
1268070 579.7
1268080 574.7
1268090 574.7
1268100 573.7
1268110 573.5
1268120 573.5
1268130 573.2
1268140 573.3
1268150 573.3
1268160 573.2
1268170 573.3
1268180 573.3
1268190 573.3
1268200 573.2
1268210 573.2
1268220 573.0
1268230 572.9
1268240 572.9
1268250 573.0
1268260 572.9
1268270 572.9
1268280 573.0
1268290 572.9
1268300 572.9
1268310 572.9
1268320 572.9
1268330 572.9
1268340 572.9
1268350 573.1
1268360 573.0
1268370 573.0
1268380 571.2
1268390 568.8
1268400 568.8
1268410 568.4
1268420 568.4
1268430 568.4
1268440 568.4
1268450 568.4
1268460 568.4
1268470 568.4
1268480 568.6
1268490 568.6
1268500 571.1
1268510 573.0
1268520 573.0
1268530 573.2
1268540 573.4
1268550 573.4
1268560 573.6
1268570 573.5
1268580 573.4
1268590 573.4
1268600 573.2
1268610 572.8
1268620 572.8
1268630 572.7
1268640 572.6
1268650 572.6
1268660 572.5
1268670 572.6
1268680 572.6
1268690 572.6
1268700 572.8
1268710 572.8
1268720 572.8
1268730 572.6
1268740 572.6
1268750 572.5
1268760 572.7
1268770 572.7
1268780 572.6
1268790 572.7
1268800 572.7
1268810 572.7
1268820 572.7
1268830 572.6
1268840 572.6
1268850 572.6
1268860 572.6
1268870 572.6
1268880 572.7
1268890 572.8
1268900 572.8
1268910 573.0
1268920 573.1
1268930 573.1
1268940 573.1
1268950 573.1
1268960 573.1
1268970 573.1
1268980 573.1
1268990 573.1
1269000 573.1
1269010 573.1
1269020 573.1
1269030 573.1
1269040 573.3
1269050 573.3
1269060 573.9
1269070 574.4
1269080 574.4
1269090 574.4
1269100 574.4
1269110 574.3
1269120 574.3
1269130 574.3
1269140 574.5
1269150 574.5
1269160 574.4
1269170 574.6
1269180 574.6
1269190 574.4
1269200 574.5
1269210 574.5
1269220 574.5
1269230 574.5
1269240 574.5
1269250 574.4
1269260 574.6
1269270 574.6
1269280 574.8
1269290 574.7
1269300 574.7
1269310 574.6
1269320 574.7
1269330 574.7
1269340 574.6
1269350 574.4
1269360 574.3
1269370 574.3
1269380 574.3
1269390 574.2
1269400 574.2
1269410 574.2
1269420 574.2
1269430 574.2
1269440 574.2
1269450 574.2
1269460 574.2
1269470 574.2
1269480 574.1
1269490 574.1
1269500 574.1
1269510 574.0
1269520 574.0
1269530 573.9
1269540 573.9
1269550 573.9
1269560 573.8
1269570 573.8
1269580 573.8
1269590 573.8
1269600 573.8
1269610 573.8
1269620 574.0
1269630 574.0
1269640 574.0
1269650 574.0
1269660 574.2
1269670 574.2
1269680 574.2
1269690 574.2
1269700 574.2
1269710 574.2
1269720 573.8
1269730 573.6
1269740 573.6
1269750 573.5
1269760 573.5
1269770 573.5
1269780 574.1
1269790 575.5
1269800 575.5
1269810 574.3
1269820 574.0
1269830 574.0
1269840 574.0
1269850 574.0
1269860 574.0
1269870 574.0
1269880 573.9
1269890 573.9
1269900 573.9
1269910 574.2
1269920 574.1
1269930 574.1
1269940 574.0
1269950 573.9
1269960 573.9
1269970 574.1
1269980 574.2
1269990 574.2
1270000 574.3
1270010 574.1
1270020 574.1
1270030 574.0
1270040 574.1
1270050 574.1
1270060 574.2
1270070 573.7
1270080 573.7
1270090 572.7
1270100 572.8
1270110 572.8
1270120 571.7
1270130 570.6
1270140 570.6
1270150 570.2
1270160 570.2
1270170 570.5
1270180 570.5
1270190 571.1
1270200 572.5
1270210 572.5
1270220 573.3
1270230 573.3
1270240 573.3
1270250 573.0
1270260 572.7
1270270 572.7
1270280 572.6
1270290 572.5
1270300 572.5
1270310 572.5
1270320 572.5
1270330 572.5
1270340 572.4
1270350 572.5
1270360 572.5
1270370 572.4
1270380 572.4
1270390 572.4
1270400 572.3
1270410 572.1
1270420 572.0
1270430 572.0
1270440 572.1
1270450 572.2
1270460 572.2
1270470 572.2
1270480 572.1
1270490 572.1
1270500 572.0
1270510 572.0
1270520 572.0
1270530 571.9
1270540 571.9
1270550 571.9
1270560 571.9
1270570 571.9
1270580 571.9
1270590 571.8
1270600 571.7
1270610 571.7
1270620 571.6
1270630 571.6
1270640 571.6
1270650 571.5
1270660 571.6
1270670 571.7
1270680 571.7
1270690 571.5
1270700 571.3
1270710 571.3
1270720 571.5
1270730 571.7
1270740 571.7
1270750 571.7
1270760 571.6
1270770 571.6
1270780 571.4
1270790 571.4
1270800 571.4
1270810 571.7
1270820 572.0
1270830 572.0
1270840 571.8
1270850 571.2
1270860 571.2
1270870 571.1
1270880 571.1
1270890 571.1
1270900 571.1
1270910 570.9
1270920 570.9
1270930 570.9
1270940 570.9
1270950 570.8
1270960 570.8
1270970 570.8
1270980 570.8
1270990 570.8
1271000 570.6
1271010 570.5
1271020 570.5
1271030 570.6
1271040 570.9
1271050 570.9
1271060 570.9
1271070 571.0
1271080 571.0
1271090 571.1
1271100 571.0
1271110 571.0
1271120 571.0
1271130 570.9
1271140 570.9
1271150 570.2
1271160 569.8
1271170 569.8
1271180 569.8
1271190 569.8
1271200 569.7
1271210 569.7
1271220 569.7
1271230 569.8
1271240 569.8
1271250 569.8
1271260 569.7
1271270 569.7
1271280 569.7
1271290 569.5
1271300 569.5
1271310 569.4
1271320 569.3
1271330 569.3
1271340 569.2
1271350 569.1
1271360 569.1
1271370 569.1
1271380 569.0
1271390 569.0
1271400 569.1
1271410 569.2
1271420 569.2
1271430 569.2
1271440 569.2
1271450 569.2
1271460 569.4
1271470 569.4
1271480 569.3
1271490 569.3
1271500 569.2
1271510 569.2
1271520 569.2
1271530 569.3
1271540 569.4
1271550 569.4
1271560 569.5
1271570 569.6
1271580 569.6
1271590 569.7
1271600 569.9
1271610 569.9
1271620 570.0
1271630 569.9
1271640 569.9
1271650 569.9
1271660 569.6
1271670 569.6
1271680 569.4
1271690 569.3
1271700 569.3
1271710 569.2
1271720 569.6
1271730 569.7
1271740 569.7
1271750 569.6
1271760 568.4
1271770 568.4
1271780 569.0
1271790 568.9
1271800 568.9
1271810 568.8
1271820 568.9
1271830 568.9
1271840 569.1
1271850 569.3
1271860 569.3
1271870 568.9
1271880 568.6
1271890 568.6
1271900 568.6
1271910 568.4
1271920 568.4
1271930 568.3
1271940 568.2
1271950 568.2
1271960 568.2
1271970 568.3
1271980 568.3
1271990 568.4
1272000 568.6
1272010 569.3
1272020 569.3
1272030 570.4
1272040 570.4
1272050 570.4
1272060 570.3
1272070 570.2
1272080 570.2
1272090 570.2
1272100 569.3
1272110 569.3
1272120 569.1
1272130 568.7
1272140 568.7
1272150 568.7
1272160 568.7
1272170 568.7
1272180 569.1
1272190 569.2
1272200 569.2
1272210 569.2
1272220 569.1
1272230 569.1
1272240 569.0
1272250 568.9
1272260 568.9
1272270 568.9
1272280 569.0
1272290 569.1
1272300 569.1
1272310 569.0
1272320 569.2
1272330 569.2
1272340 569.2
1272350 568.7
1272360 568.7
1272370 568.5
1272380 568.6
1272390 568.6
1272400 568.7
1272410 568.6
1272420 568.6
1272430 568.5
1272440 568.3
1272450 568.3
1272460 568.2
1272470 568.3
1272480 568.3
1272490 568.3
1272500 568.4
1272510 568.4
1272520 568.6
1272530 568.2
1272540 568.3
1272550 568.3
1272560 568.4
1272570 568.2
1272580 568.2
1272590 568.1
1272600 568.1
1272610 568.1
1272620 568.0
1272630 567.9
1272640 567.9
1272650 567.7
1272660 567.7
1272670 567.7
1272680 567.9
1272690 568.1
1272700 568.1
1272710 568.0
1272720 568.1
1272730 568.1
1272740 568.2
1272750 568.2
1272760 568.2
1272770 568.1
1272780 567.4
1272790 565.5
1272800 568.0
1272810 566.8
1272820 564.6
1272830 564.6
1272840 563.2
1272850 562.9
1272860 562.9
1272870 562.8
1272880 562.8
1272890 562.8
1272900 562.8
1272910 562.8
1272920 562.8
1272930 562.8
1272940 562.8
1272950 562.8
1272960 562.7
1272970 562.7
1272980 562.7
1272990 562.7
1273000 562.7
1273010 562.7
1273020 562.7
1273030 562.7
1273040 562.7
1273050 562.6
1273060 562.6
1273070 562.7
1273080 562.7
1273090 563.5
1273100 565.3
1273110 565.3
1273120 566.3
1273130 567.0
1273140 567.0
1273150 567.5
1273160 567.7
1273170 567.7
1273180 567.5
1273190 567.5
1273200 567.5
1273210 567.6
1273220 567.7
1273230 567.7
1273240 567.7
1273250 567.7
1273260 567.7
1273270 567.8
1273280 567.7
1273290 567.7
1273300 567.6
1273310 567.6
1273320 567.6
1273330 567.6
1273340 567.6
1273350 567.7
1273360 567.7
1273370 568.0
1273380 568.0
1273390 568.0
1273400 568.0
1273410 567.8
1273420 567.8
1273430 567.6
1273440 567.5
1273450 567.5
1273460 567.5
1273470 567.7
1273480 567.7
1273490 567.8
1273500 567.6
1273510 567.6
1273520 567.4
1273530 567.8
1273540 567.8
1273550 567.9
1273560 567.8
1273570 567.8
1273580 567.6
1273590 567.6
1273600 567.7
1273610 567.7
1273620 567.7
1273630 567.6
1273640 567.6
1273650 567.4
1273660 567.4
1273670 567.4
1273680 567.4
1273690 567.3
1273700 567.3
1273710 567.4
1273720 567.5
1273730 567.5
1273740 567.5
1273750 567.4
1273760 567.4
1273770 567.4
1273780 567.3
1273790 567.3
1273800 567.3
1273810 567.2
1273820 567.2
1273830 567.1
1273840 566.9
1273850 566.7
1273860 566.7
1273870 566.8
1273880 566.7
1273890 566.7
1273900 566.7
1273910 566.5
1273920 566.5
1273930 566.5
1273940 566.5
1273950 566.5
1273960 566.5
1273970 566.5
1273980 566.5
1273990 566.4
1274000 566.3
1274010 566.3
1274020 566.6
1274030 566.3
1274040 566.3
1274050 566.3
1274060 566.4
1274070 566.4
1274080 566.4
1274090 566.4
1274100 566.5
1274110 566.5
1274120 566.8
1274130 566.9
1274140 566.9
1274150 566.9
1274160 566.8
1274170 566.8
1274180 566.6
1274190 566.4
1274200 566.4
1274210 566.1
1274220 566.2
1274230 566.2
1274240 566.1
1274250 565.9
1274260 565.9
1274270 565.8
1274280 565.5
1274290 565.5
1274300 565.3
1274310 565.4
1274320 565.4
1274330 565.4
1274340 565.5
1274350 565.5
1274360 565.3
1274370 564.8
1274380 564.9
1274390 564.9
1274400 565.0
1274410 565.1
1274420 565.1
1274430 565.2
1274440 565.3
1274450 565.3
1274460 565.0
1274470 565.0
1274480 565.0
1274490 565.2
1274500 565.7
1274510 565.7
1274520 565.9
1274530 566.0
1274540 566.0
1274550 566.0
1274560 565.9
1274570 565.9
1274580 565.6
1274590 565.3
1274600 565.3
1274610 565.3
1274620 565.3
1274630 565.3
1274640 565.3
1274650 564.0
1274660 563.1
1274670 563.1
1274680 563.0
1274690 563.6
1274700 563.6
1274710 564.7
1274720 565.4
1274730 565.4
1274740 565.4
1274750 565.5
1274760 565.5
1274770 565.5
1274780 565.6
1274790 565.6
1274800 565.6
1274810 565.5
1274820 565.5
1274830 565.3
1274840 565.4
1274850 565.4
1274860 565.7
1274870 565.9
1274880 565.9
1274890 565.9
1274900 566.0
1274910 566.0
1274920 566.0
1274930 565.9
1274940 565.7
1274950 565.7
1274960 565.6
1274970 565.5
1274980 565.5
1274990 565.5
1275000 565.6
1275010 565.6
1275020 565.5
1275030 565.3
1275040 565.3
1275050 565.2
1275060 565.1
1275070 565.1
1275080 564.9
1275090 564.9
1275100 564.9
1275110 564.8
1275120 564.6
1275130 564.6
1275140 564.4
1275150 564.8
1275160 565.2
1275170 565.2
1275180 565.0
1275190 565.0
1275200 565.0
1275210 565.1
1275220 565.5
1275230 565.5
1275240 565.6
1275250 565.0
1275260 565.0
1275270 563.7
1275280 563.6
1275290 563.6
1275300 563.9
1275310 563.7
1275320 563.7
1275330 563.5
1275340 563.5
1275350 563.5
1275360 563.5
1275370 563.5
1275380 563.5
1275390 563.5
1275400 563.5
1275410 563.5
1275420 563.5
1275430 563.5
1275440 563.5
1275450 563.5
1275460 563.4
1275470 563.4
1275480 563.4
1275490 563.4
1275500 563.4
1275510 563.4
1275520 563.4
1275530 563.4
1275540 563.4
1275550 563.4
1275560 563.3
1275570 563.3
1275580 563.4
1275590 563.6
1275600 563.6
1275610 563.4
1275620 563.3
1275630 563.3
1275640 563.2
1275650 563.2
1275660 563.2
1275670 563.2
1275680 563.3
1275690 563.2
1275700 563.2
1275710 563.1
1275720 563.0
1275730 563.0
1275740 563.0
1275750 563.0
1275760 563.0
1275770 563.1
1275780 563.2
1275790 563.2
1275800 563.2
1275810 563.2
1275820 563.2
1275830 563.2
1275840 563.1
1275850 563.1
1275860 563.1
1275870 563.1
1275880 563.1
1275890 563.1
1275900 563.2
1275910 563.2
1275920 563.2
1275930 563.1
1275940 563.1
1275950 563.1
1275960 563.1
1275970 563.0
1275980 563.0
1275990 563.0
1276000 563.0
1276010 563.0
1276020 563.0
1276030 563.0
1276040 563.0
1276050 563.0
1276060 563.0
1276070 563.0
1276080 563.0
1276090 563.0
1276100 563.0
1276110 563.1
1276120 563.2
1276130 563.2
1276140 563.3
1276150 563.3
1276160 563.3
1276170 563.4
1276180 563.4
1276190 563.4
1276200 563.4
1276210 563.4
1276220 563.3
1276230 563.3
1276240 563.3
1276250 563.3
1276260 563.3
1276270 563.3
1276280 563.3
1276290 563.3
1276300 563.3
1276310 563.2
1276320 563.2
1276330 563.2
1276340 563.1
1276350 563.1
1276360 563.0
1276370 563.0
1276380 563.0
1276390 563.1
1276400 563.1
1276410 563.1
1276420 563.0
1276430 563.0
1276440 563.1
1276450 563.0
1276460 562.8
1276470 562.8
1276480 562.8
1276490 562.8
1276500 562.8
1276510 562.8
1276520 562.8
1276530 562.8
1276540 562.8
1276550 562.8
1276560 562.8
1276570 562.8
1276580 562.8
1276590 562.7
1276600 562.7
1276610 562.7
1276620 562.7
1276630 562.7
1276640 562.7
1276650 562.7
1276660 562.7
1276670 562.7
1276680 562.7
1276690 562.7
1276700 562.8
1276710 562.9
1276720 562.9
1276730 562.9
1276740 562.8
1276750 562.7
1276760 562.7
1276770 563.0
1276780 563.0
1276790 563.0
1276800 563.0
1276810 562.9
1276820 562.9
1276830 562.9
1276840 563.2
1276850 563.2
1276860 563.3
1276870 563.5
1276880 563.5
1276890 563.8
1276900 563.8
1276910 563.8
1276920 563.8
1276930 563.4
1276940 563.4
1276950 563.0
1276960 563.1
1276970 563.1
1276980 563.0
1276990 563.3
1277000 564.0
1277010 564.0
1277020 563.6
1277030 563.0
1277040 563.0
1277050 563.0
1277060 563.0
1277070 563.0
1277080 563.0
1277090 563.1
1277100 563.1
1277110 563.0
1277120 562.8
1277130 562.8
1277140 562.7
1277150 562.6
1277160 562.6
1277170 562.5
1277180 562.5
1277190 562.5
1277200 562.5
1277210 562.5
1277220 562.5
1277230 562.5
1277240 562.5
1277250 562.5
1277260 562.5
1277270 562.6
1277280 562.6
1277290 562.6
1277300 562.6
1277310 562.8
1277320 562.8
1277330 565.7
1277340 567.2
1277350 567.2
1277360 564.7
1277370 562.6
1277380 562.6
1277390 562.4
1277400 562.4
1277410 562.4
1277420 562.4
1277430 562.4
1277440 562.4
1277450 562.3
1277460 562.3
1277470 562.3
1277480 562.3
1277490 562.3
1277500 562.3
1277510 562.3
1277520 562.2
1277530 561.6
1277540 561.6
1277550 561.4
1277560 561.2
1277570 561.2
1277580 561.0
1277590 560.8
1277600 560.8
1277610 560.8
1277620 560.8
1277630 560.8
1277640 560.9
1277650 561.1
1277660 561.6
1277670 562.1
1277680 562.4
1277690 562.4
1277700 562.1
1277710 561.1
1277720 561.1
1277730 559.8
1277740 558.8
1277750 558.8
1277760 558.3
1277770 558.2
1277780 558.2
1277790 558.1
1277800 558.1
1277810 558.1
1277820 558.1
1277830 558.1
1277840 558.1
1277850 558.1
1277860 558.1
1277870 558.1
1277880 558.1
1277890 558.1
1277900 558.1
1277910 558.1
1277920 558.1
1277930 558.0
1277940 558.0
1277950 558.0
1277960 558.0
1277970 558.0
1277980 558.0
1277990 558.0
1278000 558.0
1278010 558.0
1278020 557.9
1278030 557.9
1278040 557.9
1278050 557.9
1278060 557.9
1278070 557.9
1278080 557.9
1278090 557.8
1278100 557.8
1278110 557.8
1278120 557.8
1278130 557.8
1278140 557.7
1278150 557.7
1278160 557.7
1278170 557.7
1278180 557.7
1278190 557.7
1278200 557.7
1278210 558.1
1278220 558.1
1278230 558.8
1278240 559.1
1278250 559.1
1278260 559.5
1278270 559.9
1278280 561.8
1278290 561.7
1278300 561.6
1278310 561.6
1278320 561.6
1278330 561.6
1278340 561.6
1278350 561.6
1278360 561.5
1278370 561.6
1278380 561.6
1278390 561.8
1278400 561.9
1278410 561.9
1278420 561.9
1278430 561.9
1278440 561.9
1278450 562.0
1278460 562.0
1278470 562.0
1278480 562.0
1278490 562.0
1278500 562.0
1278510 561.9
1278520 561.8
1278530 561.8
1278540 561.8
1278550 561.8
1278560 561.8
1278570 561.8
1278580 561.7
1278590 561.6
1278600 561.6
1278610 561.5
1278620 561.5
1278630 561.5
1278640 561.5
1278650 561.4
1278660 561.4
1278670 561.4
1278680 561.3
1278690 561.3
1278700 561.2
1278710 560.8
1278720 560.8
1278730 560.3
1278740 559.6
1278750 559.6
1278760 558.9
1278770 558.2
1278780 558.2
1278790 557.8
1278800 557.4
1278810 557.4
1278820 557.2
1278830 557.1
1278840 557.1
1278850 557.1
1278860 558.4
1278870 559.0
1278880 559.0
1278890 558.3
1278900 560.1
1278910 560.1
1278920 559.5
1278930 559.2
1278940 559.2
1278950 558.9
1278960 558.4
1278970 558.4
1278980 558.1
1278990 557.9
1279000 557.9
1279010 558.1
1279020 559.0
1279030 559.0
1279040 558.5
1279050 557.2
1279060 557.2
1279070 557.0
1279080 556.8
1279090 556.8
1279100 556.7
1279110 556.7
1279120 556.7
1279130 556.7
1279140 556.7
1279150 556.6
1279160 556.6
1279170 556.6
1279180 556.6
1279190 556.6
1279200 556.6
1279210 556.6
1279220 556.6
1279230 556.6
1279240 556.6
1279250 556.6
1279260 556.5
1279270 556.5
1279280 556.5
1279290 556.5
1279300 556.5
1279310 556.5
1279320 556.5
1279330 556.5
1279340 556.5
1279350 556.5
1279360 556.5
1279370 556.5
1279380 556.5
1279390 556.4
1279400 556.4
1279410 556.4
1279420 556.4
1279430 556.4
1279440 556.4
1279450 556.4
1279460 556.4
1279470 556.4
1279480 556.4
1279490 556.4
1279500 556.4
1279510 556.4
1279520 556.4
1279530 556.4
1279540 556.4
1279550 556.4
1279560 556.4
1279570 556.4
1279580 556.4
1279590 556.4
1279600 556.4
1279610 556.3
1279620 556.3
1279630 556.3
1279640 556.3
1279650 556.3
1279660 556.3
1279670 556.3
1279680 556.3
1279690 556.3
1279700 556.3
1279710 556.3
1279720 556.3
1279730 556.3
1279740 556.3
1279750 556.3
1279760 556.2
1279770 556.2
1279780 556.2
1279790 556.2
1279800 556.2
1279810 556.2
1279820 556.2
1279830 556.3
1279840 556.3
1279850 556.3
1279860 556.7
1279870 556.7
1279880 557.4
1279890 558.2
1279900 559.4
1279910 559.4
1279920 560.5
1279930 561.6
1279940 561.6
1279950 562.4
1279960 562.9
1279970 562.9
1279980 563.0
1279990 563.3
