1260000 736.8
1260010 736.3
1260020 736.3
1260030 734.5
1260040 734.6
1260050 733.2
1260060 733.2
1260070 730.4
1260080 727.2
1260090 727.2
1260100 726.5
1260110 726.0
1260120 726.0
1260130 725.1
1260140 723.9
1260150 723.9
1260160 722.4
1260170 721.3
1260180 721.3
1260190 720.4
1260200 719.4
1260210 719.4
1260220 718.4
1260230 717.4
1260240 717.4
1260250 716.6
1260260 716.0
1260270 716.0
1260280 715.8
1260290 715.7
1260300 715.7
1260310 715.6
1260320 715.6
1260330 715.9
1260340 712.4
1260350 713.8
1260360 714.3
1260370 714.3
1260380 714.4
1260390 714.2
1260400 714.2
1260410 713.9
1260420 713.8
1260430 713.8
1260440 713.6
1260450 713.6
1260460 713.6
1260470 713.5
1260480 713.3
1260490 713.3
1260500 712.8
1260510 712.2
1260520 712.2
1260530 711.4
1260540 710.3
1260550 710.3
1260560 709.2
1260570 708.1
1260580 709.3
1260590 709.3
1260600 713.0
1260610 716.0
1260620 716.0
1260630 719.0
1260640 722.0
1260650 722.0
1260660 724.8
1260670 727.9
1260680 727.9
1260690 729.2
1260700 728.1
1260710 728.1
1260720 727.6
1260730 727.0
1260740 727.0
1260750 723.1
1260760 718.7
1260770 718.7
1260780 714.9
1260790 715.1
1260800 715.1
1260810 718.3
1260820 720.9
1260830 720.9
1260840 723.4
1260850 724.5
1260860 725.5
1260870 725.5
1260880 722.3
1260890 715.2
1260900 715.2
1260910 706.6
1260920 700.8
1260930 700.8
1260940 703.7
1260950 704.9
1260960 704.9
1260970 705.0
1260980 705.4
1260990 705.4
1261000 705.4
1261010 705.2
1261020 705.2
1261030 705.1
1261040 704.9
1261050 704.9
1261060 704.9
1261070 704.4
1261080 704.4
1261090 703.9
1261100 703.7
1261110 708.0
1261120 708.0
1261130 717.8
1261140 725.7
1261150 725.7
1261160 731.4
1261170 736.3
1261180 736.3
1261190 740.7
1261200 745.0
1261210 745.0
1261220 748.0
1261230 752.6
1261240 752.6
1261250 757.9
1261260 761.6
1261270 761.6
1261280 763.6
1261290 765.6
1261300 765.6
1261310 767.5
1261320 769.8
1261330 769.8
1261340 773.3
1261350 775.7
1261360 775.7
1261370 775.1
1261380 774.2
1261390 775.1
1261400 775.1
1261410 777.3
1261420 779.3
1261430 779.3
1261440 781.1
1261450 783.6
1261460 783.6
1261470 785.8
1261480 784.1
1261490 784.1
1261500 783.5
1261510 782.0
1261520 782.0
1261530 780.4
1261540 778.6
1261550 778.6
1261560 776.0
1261570 773.1
1261580 773.1
1261590 771.1
1261600 769.4
1261610 769.4
1261620 768.3
1261630 767.3
1261640 765.8
1261650 765.8
1261660 763.8
1261670 762.0
1261680 762.0
1261690 760.1
1261700 758.3
1261710 758.3
1261720 755.9
1261730 752.5
1261740 752.5
1261750 748.9
1261760 745.4
1261770 745.4
1261780 742.3
1261790 739.9
1261800 739.9
1261810 737.8
1261820 735.7
1261830 735.7
1261840 733.6
1261850 731.4
1261860 731.4
1261870 728.9
1261880 725.3
1261890 721.1
1261900 721.1
1261910 716.2
1261920 710.6
1261930 710.6
1261940 704.5
1261950 698.3
1261960 698.3
1261970 692.0
1261980 685.1
1261990 685.1
1262000 681.8
1262010 681.9
1262020 681.9
1262030 682.6
1262040 683.7
1262050 678.8
1262060 677.7
1262070 677.0
1262080 677.0
1262090 673.5
1262100 672.0
1262110 672.0
1262120 671.9
1262130 671.9
1262140 671.9
1262150 671.0
1262160 669.5
1262170 668.2
1262180 668.2
1262190 667.2
1262200 665.7
1262210 665.7
1262220 664.5
1262230 663.9
1262240 663.9
1262250 662.4
1262260 662.0
1262270 662.0
1262280 661.3
1262290 661.5
1262300 661.5
1262310 662.8
1262320 664.1
1262330 664.1
1262340 665.7
1262350 666.3
1262360 666.3
1262370 666.4
1262380 667.0
1262390 667.0
1262400 667.3
1262410 665.6
1262420 666.3
1262430 666.3
1262440 669.6
1262450 671.3
1262460 671.3
1262470 672.6
1262480 673.5
1262490 673.5
1262500 674.1
1262510 674.4
1262520 674.4
1262530 674.4
1262540 674.1
1262550 674.1
1262560 672.9
1262570 670.0
1262580 670.0
1262590 664.8
1262600 658.0
1262610 658.0
1262620 658.8
1262630 658.1
1262640 658.1
1262650 658.4
1262660 659.1
1262670 659.1
1262680 658.4
1262690 657.5
1262700 655.9
1262710 655.9
1262720 655.3
1262730 660.3
1262740 660.3
1262750 665.4
1262760 668.4
1262770 668.4
1262780 669.8
1262790 670.1
1262800 670.1
1262810 669.4
1262820 669.3
1262830 669.3
1262840 669.2
1262850 667.5
1262860 667.5
1262870 665.8
1262880 666.2
1262890 666.2
1262900 666.8
1262910 666.9
1262920 666.9
1262930 664.6
1262940 659.1
1262950 661.4
1262960 661.4
1262970 665.1
1262980 666.9
1262990 666.9
1263000 666.9
1263010 663.7
1263020 663.7
1263030 661.1
1263040 656.1
1263050 656.1
1263060 651.7
1263070 652.3
1263080 652.3
1263090 655.7
1263100 661.2
1263110 661.2
1263120 666.9
1263130 669.8
1263140 669.8
1263150 674.3
1263160 679.7
1263170 679.7
1263180 681.9
1263190 673.8
1263200 673.8
1263210 674.0
1263220 677.5
1263230 677.2
1263240 677.2
1263250 675.2
1263260 677.6
1263270 677.6
1263280 679.1
1263290 679.7
1263300 679.7
1263310 679.6
1263320 680.2
1263330 680.2
1263340 681.5
1263350 679.6
1263360 679.6
1263370 675.6
1263380 669.5
1263390 669.5
1263400 663.5
1263410 661.0
1263420 661.0
1263430 663.9
1263440 670.4
1263450 670.4
1263460 677.3
1263470 682.3
1263480 681.9
1263490 681.9
1263500 680.6
1263510 680.2
1263520 680.2
1263530 677.0
1263540 677.2
1263550 677.2
1263560 680.7
1263570 680.5
1263580 680.5
1263590 679.5
1263600 678.4
1263610 678.4
1263620 676.3
1263630 674.5
1263640 674.5
1263650 673.0
1263660 670.5
1263670 670.5
1263680 667.4
1263690 667.0
1263700 667.0
1263710 666.7
1263720 666.4
1263730 666.4
1263740 666.0
1263750 665.7
1263760 665.8
1263770 664.6
1263780 666.1
1263790 666.5
1263800 666.5
1263810 666.7
1263820 666.7
1263830 666.7
1263840 667.8
1263850 672.9
1263860 672.9
1263870 679.0
1263880 684.1
1263890 684.1
1263900 687.2
1263910 688.1
1263920 688.1
1263930 688.2
1263940 689.3
1263950 689.3
1263960 686.5
1263970 680.0
1263980 680.0
1263990 673.8
1264000 670.9
1264010 671.0
1264020 671.0
1264030 671.7
1264040 673.6
1264050 673.6
1264060 676.8
1264070 681.3
1264080 681.3
1264090 682.1
1264100 679.2
1264110 679.2
1264120 677.2
1264130 673.7
1264140 673.7
1264150 670.7
1264160 668.7
1264170 668.7
1264180 669.2
1264190 667.2
1264200 667.2
1264210 661.8
1264220 660.0
1264230 660.0
1264240 660.1
1264250 660.5
1264260 661.0
1264270 661.0
1264280 663.7
1264290 669.4
1264300 669.4
1264310 674.4
1264320 677.4
1264330 677.4
1264340 678.2
1264350 674.1
1264360 674.1
1264370 675.6
1264380 673.3
1264390 673.3
1264400 669.2
1264410 668.8
1264420 668.8
1264430 670.1
1264440 670.2
1264450 670.2
1264460 670.1
1264470 669.9
1264480 669.9
1264490 669.2
1264500 668.5
1264510 668.5
1264520 665.6
1264530 662.6
1264540 661.3
1264550 661.3
1264560 661.3
1264570 663.0
1264580 663.0
1264590 665.2
1264600 665.5
1264610 665.5
1264620 665.3
1264630 666.4
1264640 666.4
1264650 667.8
1264660 670.7
1264670 670.7
1264680 674.1
1264690 674.9
1264700 674.9
1264710 675.0
1264720 675.3
1264730 675.3
1264740 675.7
1264750 676.4
1264760 676.4
1264770 677.3
1264780 678.0
1264790 678.6
1264800 678.6
1264810 678.8
1264820 678.8
1264830 678.8
1264840 677.0
1264850 674.6
1264860 674.6
1264870 674.2
1264880 674.0
1264890 674.0
1264900 673.8
1264910 673.6
1264920 672.2
1264930 672.0
1264940 672.0
1264950 672.0
1264960 672.2
1264970 673.3
1264980 673.3
1264990 673.9
1265000 674.5
1265010 674.5
1265020 675.0
1265030 675.6
1265040 675.6
1265050 675.5
1265060 674.4
1265070 673.9
1265080 673.9
1265090 674.3
1265100 675.2
1265110 675.2
1265120 677.0
1265130 680.4
1265140 680.4
1265150 684.2
1265160 688.3
1265170 688.3
1265180 692.6
1265190 693.5
1265200 693.5
1265210 694.2
1265220 695.7
1265230 695.7
1265240 696.7
1265250 696.7
1265260 696.7
1265270 696.5
1265280 696.1
1265290 696.1
1265300 695.5
1265310 694.4
1265320 692.5
1265330 692.5
1265340 691.8
1265350 691.1
1265360 691.1
1265370 690.3
1265380 689.0
1265390 689.0
1265400 687.1
1265410 686.0
1265420 686.0
1265430 684.9
1265440 684.2
1265450 684.2
1265460 684.2
1265470 683.9
1265480 683.9
1265490 683.5
1265500 682.8
1265510 682.8
1265520 682.4
1265530 682.0
1265540 682.0
1265550 681.6
1265560 681.4
1265570 681.4
1265580 681.3
1265590 680.9
1265600 680.2
1265610 680.2
1265620 680.6
1265630 680.5
1265640 680.5
1265650 680.7
1265660 680.7
1265670 680.7
1265680 680.7
1265690 679.9
1265700 679.9
1265710 682.2
1265720 683.2
1265730 683.2
1265740 685.2
1265750 688.1
1265760 688.1
1265770 690.6
1265780 693.7
1265790 693.7
1265800 697.1
1265810 700.2
1265820 700.2
1265830 703.6
1265840 707.5
1265850 709.2
1265860 709.2
1265870 705.1
1265880 699.9
1265890 699.9
1265900 694.8
1265910 691.2
1265920 691.2
1265930 689.0
1265940 687.3
1265950 687.3
1265960 685.6
1265970 684.0
1265980 684.0
1265990 683.2
1266000 683.4
1266010 683.4
1266020 683.9
1266030 684.5
1266040 684.5
1266050 685.0
1266060 685.6
1266070 685.6
1266080 686.0
1266090 684.0
1266100 684.0
1266110 685.4
1266120 687.8
1266130 689.1
1266140 689.1
1266150 687.0
1266160 683.8
1266170 683.8
1266180 680.9
1266190 678.3
1266200 678.3
1266210 675.1
1266220 672.0
1266230 672.0
1266240 669.0
1266250 666.1
1266260 666.1
1266270 663.8
1266280 662.3
1266290 662.3
1266300 661.8
1266310 662.6
1266320 662.6
1266330 663.7
1266340 665.3
1266350 665.3
1266360 667.2
1266370 668.5
1266380 669.1
1266390 669.1
1266400 669.8
1266410 670.3
1266420 670.3
1266430 670.1
1266440 669.9
1266450 669.9
1266460 669.3
1266470 668.6
1266480 668.6
1266490 667.7
1266500 666.5
1266510 666.5
1266520 664.9
1266530 663.2
1266540 663.2
1266550 661.0
1266560 658.0
1266570 658.0
1266580 654.2
1266590 650.7
1266600 650.7
1266610 649.3
1266620 648.9
1266630 649.0
1266640 649.0
1266650 649.1
1266660 648.9
1266670 648.1
1266680 647.4
1266690 645.8
1266700 645.8
1266710 645.2
1266720 645.0
1266730 645.0
1266740 645.0
1266750 644.2
1266760 644.2
1266770 643.2
1266780 642.2
1266790 642.2
1266800 640.9
1266810 641.0
1266820 641.0
1266830 640.7
1266840 639.6
1266850 639.6
1266860 639.0
1266870 638.7
1266880 638.7
1266890 637.6
1266900 637.0
1266910 637.0
1266920 637.0
1266930 635.3
1266940 633.5
1266950 633.5
1266960 633.6
1266970 633.7
1266980 633.7
1266990 633.3
1267000 632.6
1267010 632.6
1267020 631.9
1267030 629.1
1267040 629.1
1267050 626.5
1267060 624.3
1267070 624.3
1267080 623.8
1267090 623.5
1267100 623.5
1267110 622.6
1267120 622.0
1267130 622.0
1267140 621.7
1267150 621.2
1267160 620.3
1267170 620.3
1267180 618.3
1267190 617.1
1267200 617.1
1267210 616.5
1267220 615.8
1267230 615.8
1267240 615.1
1267250 613.4
1267260 613.4
1267270 612.4
1267280 611.5
1267290 611.5
1267300 610.6
1267310 609.7
1267320 609.7
1267330 609.3
1267340 608.8
1267350 608.8
1267360 607.8
1267370 607.5
1267380 607.5
1267390 606.3
1267400 605.1
1267410 605.1
1267420 604.0
1267430 603.0
1267440 601.8
1267450 601.8
1267460 599.3
1267470 595.6
1267480 595.6
1267490 593.5
1267500 593.5
1267510 593.5
1267520 597.5
1267530 599.4
1267540 599.4
1267550 599.5
1267560 599.5
1267570 599.5
1267580 599.3
1267590 599.1
1267600 599.1
1267610 598.6
1267620 598.2
1267630 598.2
1267640 596.3
1267650 595.2
1267660 595.2
1267670 594.6
1267680 595.3
1267690 595.7
1267700 595.7
1267710 595.1
1267720 594.5
1267730 594.5
1267740 594.1
1267750 593.6
1267760 593.6
1267770 593.2
1267780 592.9
1267790 592.9
1267800 591.7
1267810 591.2
1267820 591.2
1267830 591.0
1267840 589.7
1267850 589.7
1267860 588.9
1267870 588.7
1267880 588.7
1267890 588.6
1267900 588.2
1267910 588.2
1267920 587.8
1267930 587.7
1267940 587.7
1267950 587.6
1267960 587.4
1267970 583.6
1267980 583.6
1267990 578.6
1268000 576.6
1268010 576.6
1268020 575.7
1268030 573.9
1268040 573.9
1268050 572.8
1268060 572.7
1268070 572.7
1268080 572.8
1268090 572.8
1268100 572.8
1268110 573.1
1268120 573.7
1268130 573.7
1268140 573.8
1268150 573.7
1268160 573.7
1268170 573.5
1268180 572.8
1268190 572.8
1268200 570.3
1268210 568.8
1268220 568.7
1268230 568.7
1268240 568.6
1268250 568.6
1268260 568.6
1268270 568.6
1268280 568.6
1268290 568.6
1268300 568.7
1268310 571.5
1268320 571.5
1268330 574.0
1268340 574.1
1268350 574.1
1268360 574.0
1268370 574.2
1268380 574.2
1268390 574.8
1268400 574.9
1268410 574.9
1268420 575.0
1268430 575.0
1268440 575.0
1268450 575.0
1268460 575.0
1268470 575.0
1268480 575.0
1268490 575.0
1268500 574.8
1268510 574.8
1268520 574.6
1268530 573.8
1268540 573.8
1268550 574.0
1268560 574.3
1268570 574.3
1268580 574.4
1268590 574.4
1268600 574.4
1268610 574.4
1268620 574.4
1268630 574.4
1268640 574.1
1268650 574.0
1268660 574.0
1268670 573.9
1268680 573.8
1268690 573.8
1268700 573.9
1268710 574.0
1268720 574.0
1268730 574.2
1268740 574.3
1268750 574.1
1268760 574.1
1268770 574.1
1268780 574.0
1268790 574.0
1268800 574.0
1268810 574.1
1268820 574.1
1268830 574.2
1268840 574.3
1268850 574.3
1268860 574.6
1268870 575.3
1268880 575.3
1268890 575.5
1268900 575.3
1268910 575.3
1268920 575.2
1268930 575.2
1268940 575.2
1268950 575.1
1268960 575.1
1268970 575.1
1268980 575.1
1268990 575.1
1269000 575.3
1269010 575.3
1269020 575.5
1269030 575.6
1269040 575.6
1269050 575.6
1269060 575.4
1269070 575.4
1269080 575.2
1269090 575.1
1269100 575.1
1269110 575.1
1269120 575.0
1269130 575.0
1269140 575.3
1269150 575.7
1269160 575.7
1269170 575.7
1269180 575.5
1269190 575.5
1269200 575.3
1269210 575.2
1269220 575.2
1269230 575.2
1269240 575.2
1269250 575.2
1269260 575.2
1269270 575.1
1269280 574.9
1269290 574.9
1269300 574.9
1269310 574.9
1269320 574.9
1269330 574.9
1269340 574.9
1269350 574.9
1269360 575.0
1269370 575.0
1269380 575.0
1269390 575.0
1269400 574.9
1269410 574.9
1269420 574.9
1269430 574.9
1269440 574.9
1269450 574.8
1269460 574.9
1269470 574.9
1269480 575.0
1269490 575.1
1269500 575.1
1269510 575.1
1269520 575.2
1269530 575.2
1269540 575.2
1269550 575.2
1269560 575.2
1269570 575.2
1269580 575.1
1269590 575.2
1269600 575.2
1269610 575.1
1269620 575.1
1269630 575.1
1269640 575.4
1269650 575.2
1269660 575.2
1269670 574.8
1269680 574.8
1269690 574.8
1269700 574.9
1269710 574.8
1269720 574.8
1269730 574.7
1269740 574.6
1269750 574.6
1269760 574.7
1269770 574.8
1269780 574.8
1269790 574.7
1269800 574.5
1269810 574.4
1269820 574.4
1269830 574.2
1269840 574.0
1269850 574.0
1269860 573.9
1269870 573.9
1269880 573.9
1269890 574.0
1269900 573.9
1269910 573.9
1269920 573.9
1269930 574.1
1269940 574.1
1269950 574.7
1269960 572.6
1269970 572.6
1269980 571.6
1269990 571.9
1270000 571.9
1270010 574.5
1270020 575.1
1270030 575.1
1270040 574.8
1270050 574.7
1270060 574.4
1270070 574.4
1270080 573.7
1270090 573.7
1270100 573.7
1270110 573.9
1270120 573.8
1270130 573.8
1270140 573.9
1270150 573.9
1270160 573.9
1270170 573.7
1270180 573.5
1270190 573.5
1270200 574.2
1270210 574.3
1270220 574.3
1270230 573.9
1270240 573.8
1270250 573.8
1270260 574.0
1270270 573.9
1270280 573.9
1270290 574.0
1270300 574.1
1270310 574.1
1270320 573.9
1270330 573.9
1270340 573.8
1270350 573.8
1270360 573.8
1270370 573.8
1270380 573.8
1270390 573.8
1270400 573.6
1270410 573.6
1270420 573.6
1270430 573.5
1270440 573.5
1270450 573.5
1270460 573.4
1270470 573.4
1270480 573.2
1270490 572.9
1270500 572.9
1270510 572.8
1270520 572.7
1270530 572.7
1270540 572.6
1270550 572.4
1270560 572.4
1270570 572.4
1270580 572.5
1270590 572.4
1270600 572.4
1270610 572.3
1270620 572.3
1270630 572.3
1270640 572.2
1270650 572.1
1270660 572.1
1270670 572.1
1270680 572.0
1270690 572.0
1270700 571.9
1270710 572.1
1270720 572.1
1270730 572.2
1270740 572.1
1270750 572.1
1270760 572.0
1270770 571.9
1270780 571.9
1270790 571.7
1270800 571.6
1270810 571.6
1270820 571.1
1270830 570.2
1270840 570.2
1270850 569.2
1270860 569.3
1270870 569.0
1270880 569.0
1270890 569.0
1270900 570.1
1270910 570.1
1270920 570.5
1270930 570.4
1270940 570.4
1270950 570.4
1270960 570.0
1270970 570.0
1270980 570.2
1270990 570.3
1271000 570.3
1271010 570.7
1271020 570.8
1271030 570.8
1271040 570.7
1271050 570.6
1271060 570.6
1271070 570.6
1271080 570.6
1271090 570.6
1271100 570.6
1271110 570.6
1271120 570.6
1271130 570.6
1271140 570.4
1271150 570.2
1271160 570.2
1271170 570.2
1271180 570.0
1271190 570.0
1271200 570.0
1271210 570.0
1271220 570.0
1271230 570.1
1271240 570.1
1271250 570.1
1271260 570.2
1271270 570.1
1271280 570.1
1271290 570.0
1271300 570.3
1271310 570.3
1271320 570.5
1271330 570.1
1271340 570.1
1271350 570.1
1271360 569.8
1271370 569.6
1271380 569.6
1271390 569.0
1271400 568.8
1271410 568.8
1271420 568.9
1271430 569.0
1271440 569.0
1271450 569.0
1271460 568.8
1271470 568.8
1271480 568.8
1271490 568.9
1271500 568.9
1271510 568.9
1271520 568.8
1271530 568.8
1271540 568.5
1271550 568.5
1271560 568.5
1271570 568.7
1271580 568.8
1271590 568.8
1271600 568.7
1271610 568.6
1271620 568.6
1271630 568.5
1271640 568.8
1271650 568.8
1271660 568.8
1271670 568.9
1271680 568.8
1271690 568.8
1271700 568.7
1271710 568.7
1271720 568.7
1271730 567.9
1271740 567.1
1271750 567.1
1271760 567.4
1271770 567.5
1271780 567.5
1271790 567.5
1271800 567.5
1271810 567.5
1271820 567.6
1271830 567.6
1271840 567.6
1271850 567.7
1271860 567.7
1271870 567.7
1271880 567.6
1271890 567.6
1271900 567.6
1271910 567.6
1271920 567.8
1271930 568.3
1271940 568.3
1271950 568.5
1271960 568.5
1271970 568.5
1271980 568.5
1271990 568.4
1272000 568.4
1272010 568.4
1272020 568.4
1272030 568.4
1272040 568.4
1272050 568.6
1272060 568.6
1272070 568.5
1272080 568.4
1272090 568.4
1272100 568.5
1272110 568.5
1272120 568.5
1272130 568.1
1272140 567.8
1272150 567.8
1272160 567.5
1272170 567.6
1272180 567.6
1272190 567.6
1272200 567.6
1272210 567.8
1272220 567.8
1272230 567.8
1272240 567.8
1272250 567.8
1272260 567.8
1272270 568.0
1272280 568.0
1272290 567.9
1272300 568.0
1272310 568.0
1272320 568.1
1272330 568.1
1272340 568.1
1272350 568.0
1272360 567.9
1272370 567.9
1272380 567.9
1272390 567.9
1272400 567.9
1272410 568.0
1272420 568.1
1272430 568.2
1272440 568.2
1272450 568.3
1272460 568.4
1272470 568.4
1272480 568.4
1272490 568.4
1272500 568.4
1272510 568.3
1272520 568.3
1272530 568.3
1272540 568.4
1272550 568.4
1272560 568.4
1272570 568.5
1272580 568.4
1272590 568.3
1272600 568.3
1272610 568.1
1272620 568.1
1272630 567.2
1272640 567.1
1272650 567.1
1272660 567.6
1272670 567.2
1272680 567.2
1272690 567.1
1272700 567.1
1272710 567.0
1272720 567.0
1272730 567.0
1272740 567.0
1272750 567.0
1272760 567.0
1272770 567.0
1272780 567.0
1272790 566.8
1272800 566.8
1272810 566.8
1272820 567.0
1272830 567.1
1272840 567.1
1272850 567.1
1272860 567.1
1272870 567.1
1272880 566.9
1272890 566.9
1272900 566.9
1272910 567.0
1272920 567.1
1272930 567.1
1272940 567.1
1272950 567.0
1272960 566.8
1272970 566.8
1272980 566.8
1272990 566.8
1273000 566.8
1273010 566.9
1273020 567.0
1273030 567.0
1273040 567.0
1273050 567.0
1273060 567.0
1273070 567.0
1273080 567.0
1273090 567.0
1273100 567.0
1273110 567.0
1273120 567.0
1273130 567.0
1273140 567.2
1273150 567.2
1273160 567.3
1273170 567.1
1273180 567.1
1273190 567.2
1273200 567.1
1273210 567.1
1273220 566.9
1273230 566.8
1273240 566.7
1273250 566.7
1273260 566.9
1273270 566.9
1273280 566.9
1273290 567.0
1273300 567.2
1273310 567.2
1273320 567.3
1273330 566.4
1273340 566.4
1273350 564.3
1273360 562.6
1273370 562.6
1273380 562.2
1273390 562.2
1273400 562.2
1273410 562.2
1273420 562.1
1273430 562.1
1273440 562.1
1273450 562.1
1273460 562.1
1273470 562.1
1273480 562.1
1273490 562.1
1273500 562.1
1273510 562.1
1273520 562.1
1273530 562.1
1273540 562.0
1273550 562.0
1273560 562.0
1273570 562.0
1273580 562.1
1273590 562.1
1273600 563.1
1273610 564.8
1273620 564.8
1273630 566.3
1273640 567.0
1273650 567.0
1273660 567.2
1273670 567.1
1273680 567.1
1273690 566.9
1273700 566.9
1273710 566.9
1273720 566.9
1273730 566.7
1273740 566.7
1273750 566.7
1273760 566.6
1273770 566.6
1273780 566.6
1273790 566.7
1273800 567.0
1273810 567.0
1273820 566.9
1273830 566.9
1273840 566.9
1273850 567.1
1273860 567.3
1273870 567.3
1273880 567.4
1273890 567.3
1273900 567.3
1273910 567.2
1273920 567.1
1273930 567.1
1273940 566.9
1273950 566.9
1273960 566.9
1273970 566.8
1273980 566.7
1273990 566.7
1274000 566.8
1274010 566.8
1274020 566.7
1274030 566.7
1274040 566.7
1274050 566.6
1274060 566.6
1274070 566.6
1274080 566.7
1274090 566.7
1274100 566.8
1274110 566.8
1274120 566.8
1274130 566.5
1274140 566.5
1274150 566.5
1274160 566.6
1274170 566.7
1274180 566.7
1274190 566.8
1274200 566.7
1274210 566.7
1274220 566.7
1274230 566.7
1274240 566.7
1274250 566.6
1274260 566.6
1274270 566.6
1274280 566.6
1274290 566.6
1274300 566.5
1274310 566.5
1274320 565.6
1274330 565.6
1274340 565.6
1274350 565.8
1274360 565.7
1274370 565.7
1274380 565.7
1274390 565.7
1274400 565.2
1274410 565.2
1274420 565.3
1274430 565.3
1274440 565.2
1274450 565.1
1274460 565.1
1274470 565.1
1274480 564.9
1274490 564.9
1274500 564.9
1274510 564.9
1274520 564.9
1274530 564.9
1274540 564.9
1274550 564.8
1274560 564.8
1274570 564.9
1274580 564.8
1274590 564.8
1274600 564.7
1274610 564.7
1274620 564.7
1274630 564.7
1274640 564.7
1274650 564.7
1274660 564.7
1274670 564.6
1274680 564.6
1274690 564.4
1274700 564.5
1274710 564.5
1274720 564.6
1274730 564.6
1274740 564.6
1274750 564.5
1274760 564.6
1274770 564.6
1274780 564.6
1274790 564.6
1274800 564.5
1274810 564.5
1274820 564.5
1274830 564.5
1274840 564.5
1274850 564.5
1274860 564.5
1274870 564.5
1274880 564.5
1274890 564.5
1274900 564.5
1274910 564.7
1274920 564.6
1274930 564.6
1274940 564.4
1274950 564.5
1274960 564.5
1274970 564.4
1274980 564.4
1274990 564.4
1275000 564.4
1275010 564.4
1275020 564.4
1275030 564.3
1275040 564.3
1275050 564.3
1275060 564.3
1275070 564.3
1275080 564.3
1275090 564.3
1275100 564.3
1275110 564.3
1275120 564.3
1275130 564.2
1275140 564.1
1275150 564.1
1275160 564.1
1275170 564.1
1275180 564.1
1275190 564.2
1275200 564.2
1275210 564.2
1275220 564.0
1275230 564.0
1275240 564.0
1275250 564.0
1275260 564.0
1275270 564.0
1275280 564.1
1275290 563.9
1275300 563.9
1275310 563.9
1275320 563.9
1275330 563.9
1275340 563.9
1275350 563.8
1275360 563.8
1275370 563.8
1275380 563.8
1275390 563.8
1275400 563.8
1275410 563.8
1275420 563.8
1275430 563.8
1275440 563.8
1275450 563.8
1275460 563.8
1275470 563.8
1275480 563.8
1275490 563.8
1275500 563.8
1275510 563.8
1275520 563.8
1275530 563.8
1275540 563.8
1275550 563.8
1275560 563.8
1275570 563.7
1275580 563.8
1275590 563.8
1275600 564.0
1275610 564.0
1275620 564.0
1275630 563.9
1275640 563.9
1275650 563.9
1275660 563.8
1275670 563.8
1275680 563.8
1275690 563.8
1275700 563.8
1275710 563.8
1275720 563.8
1275730 563.8
1275740 563.8
1275750 563.9
1275760 563.9
1275770 563.9
1275780 563.8
1275790 563.8
1275800 563.8
1275810 563.9
1275820 563.8
1275830 563.8
1275840 563.8
1275850 563.7
1275860 563.7
1275870 563.7
1275880 563.7
1275890 563.7
1275900 563.7
1275910 563.7
1275920 563.6
1275930 563.6
1275940 563.6
1275950 563.5
1275960 563.5
1275970 563.5
1275980 563.5
1275990 563.5
1276000 563.5
1276010 563.5
1276020 563.5
1276030 563.5
1276040 563.5
1276050 563.5
1276060 563.7
1276070 563.6
1276080 563.6
1276090 563.5
1276100 563.6
1276110 563.7
1276120 563.7
1276130 563.7
1276140 563.7
1276150 563.7
1276160 563.6
1276170 563.5
1276180 563.5
1276190 563.6
1276200 563.7
1276210 563.7
1276220 563.7
1276230 563.6
1276240 563.6
1276250 563.5
1276260 563.5
1276270 563.5
1276280 563.5
1276290 563.5
1276300 563.5
1276310 563.5
1276320 563.6
1276330 563.6
1276340 563.6
1276350 563.6
1276360 563.6
1276370 563.6
1276380 563.6
1276390 563.6
1276400 563.6
1276410 563.8
1276420 564.2
1276430 564.2
1276440 564.5
1276450 564.3
1276460 564.3
1276470 562.7
1276480 561.4
1276490 561.4
1276500 561.0
1276510 560.4
1276520 560.4
1276530 559.7
1276540 559.5
1276550 559.5
1276560 559.5
1276570 559.5
1276580 559.5
1276590 559.4
1276600 559.5
1276610 559.5
1276620 559.4
1276630 559.4
1276640 559.4
1276650 559.4
1276660 559.3
1276670 559.2
1276680 559.2
1276690 559.2
1276700 559.2
1276710 559.2
1276720 559.1
1276730 559.1
1276740 559.1
1276750 559.1
1276760 559.1
1276770 559.1
1276780 559.0
1276790 559.0
1276800 559.0
1276810 559.0
1276820 558.9
1276830 558.9
1276840 558.9
1276850 558.9
1276860 558.9
1276870 558.9
1276880 558.9
1276890 558.9
1276900 558.9
1276910 558.9
1276920 559.0
1276930 559.0
1276940 559.1
1276950 559.5
1276960 559.5
1276970 560.2
1276980 561.0
1276990 561.0
1277000 561.6
1277010 562.0
1277020 562.0
1277030 562.2
1277040 562.6
1277050 562.6
1277060 563.4
1277070 564.7
1277080 564.7
1277090 566.0
1277100 567.4
1277110 567.4
1277120 568.6
1277130 569.3
1277140 569.3
1277150 569.7
1277160 569.6
1277170 569.3
1277180 569.3
1277190 569.1
1277200 568.8
1277210 568.8
1277220 568.7
1277230 568.6
1277240 568.6
1277250 568.6
1277260 568.5
1277270 568.5
1277280 568.4
1277290 568.3
1277300 568.3
1277310 568.2
1277320 568.0
1277330 568.0
1277340 567.8
1277350 567.6
1277360 567.6
1277370 567.4
1277380 567.4
1277390 567.4
1277400 568.1
1277410 567.8
1277420 567.8
1277430 566.6
1277440 566.4
1277450 566.6
1277460 566.6
1277470 566.6
1277480 566.6
1277490 566.6
1277500 566.5
1277510 566.5
1277520 566.5
1277530 566.4
1277540 566.2
1277550 566.2
1277560 564.6
1277570 562.7
1277580 562.7
1277590 564.9
1277600 567.9
1277610 567.9
1277620 571.2
1277630 576.5
1277640 576.5
1277650 582.8
1277660 589.4
1277670 589.4
1277680 594.3
1277690 595.9
1277700 597.2
1277710 597.2
1277720 598.4
1277730 599.4
1277740 599.4
1277750 600.5
1277760 602.1
1277770 602.1
1277780 603.5
1277790 605.2
1277800 605.2
1277810 607.0
1277820 608.4
1277830 608.4
1277840 609.2
1277850 610.9
1277860 610.9
1277870 613.7
1277880 616.3
1277890 616.3
1277900 618.8
1277910 621.2
1277920 621.2
1277930 623.3
1277940 624.7
1277950 625.5
1277960 625.5
1277970 625.5
1277980 625.8
1277990 625.8
1278000 626.0
1278010 626.4
1278020 626.4
1278030 626.2
1278040 625.3
1278050 625.3
1278060 621.1
1278070 618.2
1278080 618.2
1278090 614.2
1278100 609.4
1278110 609.4
1278120 604.8
1278130 600.5
1278140 600.5
1278150 596.8
1278160 594.0
1278170 594.0
1278180 592.2
1278190 591.4
1278200 591.4
1278210 590.9
1278220 590.4
1278230 589.9
1278240 589.9
1278250 589.5
1278260 589.1
1278270 589.1
1278280 588.8
1278290 588.4
1278300 588.4
1278310 588.2
1278320 588.1
1278330 588.1
1278340 588.0
1278350 587.4
1278360 587.4
1278370 587.0
1278380 586.7
1278390 586.7
1278400 586.4
1278410 586.2
1278420 586.2
1278430 585.9
1278440 585.7
1278450 585.7
1278460 585.5
1278470 585.3
1278480 585.0
1278490 585.0
1278500 584.9
1278510 584.8
1278520 584.8
1278530 584.4
1278540 583.9
1278550 583.9
1278560 583.4
1278570 583.0
1278580 583.0
1278590 582.6
1278600 582.2
1278610 582.2
1278620 581.8
1278630 581.7
1278640 581.7
1278650 581.5
1278660 581.4
1278670 581.4
1278680 582.8
1278690 582.8
1278700 582.8
1278710 582.6
1278720 582.4
1278730 582.4
1278740 582.1
1278750 581.9
1278760 581.8
1278770 581.8
1278780 581.8
1278790 581.4
1278800 581.4
1278810 581.5
1278820 581.5
1278830 581.5
1278840 581.7
1278850 581.0
1278860 581.0
1278870 580.8
1278880 580.9
1278890 580.9
1278900 580.7
1278910 580.5
1278920 580.5
1278930 580.6
1278940 579.9
1278950 579.9
1278960 580.3
1278970 581.1
1278980 581.1
1278990 582.1
1279000 582.8
1279010 582.9
1279020 582.9
1279030 583.1
1279040 583.3
1279050 583.3
1279060 583.6
1279070 583.9
1279080 583.9
1279090 584.8
1279100 585.7
1279110 585.7
1279120 586.1
1279130 587.0
1279140 587.0
1279150 587.6
1279160 587.9
1279170 587.9
1279180 588.1
1279190 588.3
1279200 588.3
1279210 588.3
1279220 588.3
1279230 588.3
1279240 588.0
1279250 587.6
1279260 587.6
1279270 587.4
1279280 587.4
1279290 587.6
1279300 588.4
1279310 588.1
1279320 588.1
1279330 588.1
1279340 588.0
1279350 587.8
1279360 587.8
1279370 587.4
1279380 587.1
1279390 587.1
1279400 587.1
1279410 587.0
1279420 587.0
1279430 587.0
1279440 586.7
1279450 586.7
1279460 586.9
1279470 587.1
1279480 587.1
1279490 587.2
1279500 587.5
1279510 587.5
1279520 588.3
1279530 590.1
1279540 591.5
1279550 591.5
1279560 592.3
1279570 593.5
1279580 593.5
1279590 595.1
1279600 596.1
1279610 596.1
1279620 595.6
1279630 595.5
1279640 595.5
1279650 596.5
1279660 599.1
1279670 599.1
1279680 602.0
1279690 604.7
1279700 604.7
1279710 607.4
1279720 610.0
1279730 610.0
1279740 612.6
1279750 614.9
1279760 614.9
1279770 616.8
1279780 618.6
1279790 620.7
1279800 620.7
1279810 622.6
1279820 624.0
1279830 624.0
1279840 624.4
1279850 622.1
1279860 622.1
1279870 623.9
1279880 626.9
1279890 626.9
1279900 629.2
1279910 631.7
1279920 635.8
1279930 638.8
1279940 641.3
1279950 641.3
1279960 642.8
1279970 644.0
1279980 644.0
1279990 645.8
