1260000 1333.7
1260010 1332.1
1260020 1328.8
1260030 1328.8
1260040 1324.2
1260050 1319.4
1260060 1319.4
1260070 1314.2
1260080 1309.4
1260090 1309.4
1260100 1304.3
1260110 1298.8
1260120 1298.8
1260130 1294.3
1260140 1290.0
1260150 1290.0
1260160 1285.3
1260170 1278.7
1260180 1278.7
1260190 1270.3
1260200 1259.4
1260210 1246.8
1260220 1246.8
1260230 1239.6
1260240 1233.1
1260250 1233.1
1260260 1227.6
1260270 1223.1
1260280 1223.1
1260290 1217.9
1260300 1211.8
1260310 1211.8
1260320 1205.1
1260330 1196.5
1260340 1196.5
1260350 1185.7
1260360 1173.2
1260370 1173.2
1260380 1159.0
1260390 1143.6
1260400 1143.6
1260410 1130.8
1260420 1119.9
1260430 1119.9
1260440 1112.2
1260450 1106.0
1260460 1116.6
1260470 1102.9
1260480 1091.7
1260490 1083.2
1260500 1083.2
1260510 1076.4
1260520 1076.2
1260530 1076.2
1260540 1077.8
1260550 1075.6
1260560 1075.6
1260570 1070.2
1260580 1067.0
1260590 1067.0
1260600 1058.7
1260610 1046.1
1260620 1046.1
1260630 1035.7
1260640 1023.7
1260650 1023.7
1260660 1004.6
1260670 995.0
1260680 995.0
1260690 997.4
1260700 1001.3
1260710 1001.3
1260720 1003.6
1260730 1005.5
1260740 1009.6
1260750 1009.6
1260760 1020.0
1260770 1033.4
1260780 1033.4
1260790 1044.1
1260800 1055.3
1260810 1055.3
1260820 1067.8
1260830 1076.5
1260840 1076.5
1260850 1084.4
1260860 1092.0
1260870 1092.0
1260880 1099.8
1260890 1108.5
1260900 1108.5
1260910 1116.1
1260920 1123.1
1260930 1123.1
1260940 1130.5
1260950 1137.3
1260960 1137.3
1260970 1144.4
1260980 1151.3
1260990 1151.3
1261000 1158.0
1261010 1164.8
1261020 1171.7
1261030 1167.9
1261040 1172.9
1261050 1178.1
1261060 1178.1
1261070 1184.4
1261080 1191.1
1261090 1191.1
1261100 1197.8
1261110 1204.6
1261120 1204.6
1261130 1210.9
1261140 1216.2
1261150 1216.2
1261160 1222.5
1261170 1227.7
1261180 1227.7
1261190 1231.4
1261200 1236.1
1261210 1236.1
1261220 1241.9
1261230 1248.0
1261240 1248.0
1261250 1253.3
1261260 1257.8
1261270 1263.0
1261280 1263.0
1261290 1267.0
1261300 1268.9
1261310 1268.9
1261320 1270.9
1261330 1272.1
1261340 1272.1
1261350 1272.8
1261360 1275.3
1261370 1275.3
1261380 1279.9
1261390 1285.2
1261400 1285.2
1261410 1289.5
1261420 1292.9
1261430 1292.9
1261440 1295.3
1261450 1298.5
1261460 1298.5
1261470 1303.2
1261480 1309.3
1261490 1309.3
1261500 1316.1
1261510 1322.4
1261520 1322.4
1261530 1328.8
1261540 1335.4
1261550 1342.0
1261560 1342.0
1261570 1349.1
1261580 1356.4
1261590 1356.4
1261600 1364.2
1261610 1372.2
1261620 1372.2
1261630 1380.4
1261640 1389.0
1261650 1389.0
1261660 1397.7
1261670 1405.5
1261680 1405.5
1261690 1411.1
1261700 1415.2
1261710 1415.2
1261720 1418.1
1261730 1419.6
1261740 1419.6
1261750 1418.4
1261760 1414.4
1261770 1414.4
1261780 1408.9
1261790 1403.0
1261800 1398.4
1261810 1398.4
1261820 1395.3
1261830 1390.1
1261840 1390.1
1261850 1383.8
1261860 1377.8
1261870 1377.8
1261880 1371.8
1261890 1369.0
1261900 1369.0
1261910 1369.5
1261920 1370.9
1261930 1370.9
1261940 1371.2
1261950 1375.6
1261960 1375.6
1261970 1380.0
1261980 1380.1
1261990 1380.1
1262000 1378.6
1262010 1377.4
1262020 1377.4
1262030 1378.7
1262040 1380.5
1262050 1380.5
1262060 1380.0
1262070 1374.9
1262080 1370.6
1262090 1370.6
1262100 1364.1
1262110 1357.3
1262120 1357.3
1262130 1352.1
1262140 1347.1
1262150 1347.1
1262160 1341.8
1262170 1332.5
1262180 1332.5
1262190 1333.5
1262200 1335.3
1262210 1335.3
1262220 1336.7
1262230 1337.7
1262240 1337.7
1262250 1340.5
1262260 1342.0
1262270 1342.0
1262280 1339.8
1262290 1338.1
1262300 1338.1
1262310 1340.3
1262320 1344.5
1262330 1347.8
1262340 1347.8
1262350 1349.0
1262360 1349.9
1262370 1349.9
1262380 1350.8
1262390 1350.5
1262400 1350.5
1262410 1348.8
1262420 1344.8
1262430 1344.8
1262440 1339.4
1262450 1333.4
1262460 1333.4
1262470 1327.2
1262480 1320.0
1262490 1320.0
1262500 1312.8
1262510 1306.5
1262520 1306.5
1262530 1300.6
1262540 1294.8
1262550 1294.8
1262560 1287.7
1262570 1279.0
1262580 1279.0
1262590 1271.4
1262600 1265.1
1262610 1259.4
1262620 1259.4
1262630 1253.3
1262640 1247.1
1262650 1247.1
1262660 1241.4
1262670 1236.7
1262680 1236.7
1262690 1231.5
1262700 1226.5
1262710 1226.5
1262720 1221.6
1262730 1217.1
1262740 1226.6
1262750 1222.0
1262760 1218.2
1262770 1218.2
1262780 1212.0
1262790 1201.9
1262800 1201.9
1262810 1194.8
1262820 1189.4
1262830 1189.4
1262840 1182.4
1262850 1174.1
1262860 1169.1
1262870 1169.1
1262880 1166.4
1262890 1164.1
1262900 1164.1
1262910 1162.0
1262920 1160.4
1262930 1160.4
1262940 1160.4
1262950 1162.4
1262960 1162.4
1262970 1165.0
1262980 1166.9
1262990 1166.9
1263000 1167.3
1263010 1167.4
1263020 1167.4
1263030 1167.9
1263040 1168.4
1263050 1168.4
1263060 1168.8
1263070 1168.4
1263080 1168.4
1263090 1167.4
1263100 1165.8
1263110 1165.8
1263120 1164.0
1263130 1160.7
1263140 1157.5
1263150 1157.5
1263160 1155.4
1263170 1155.9
1263180 1155.9
1263190 1155.7
1263200 1156.9
1263210 1156.9
1263220 1159.0
1263230 1163.5
1263240 1163.5
1263250 1168.2
1263260 1163.5
1263270 1163.5
1263280 1158.6
1263290 1157.2
1263300 1157.2
1263310 1149.2
1263320 1149.8
1263330 1149.8
1263340 1151.2
1263350 1152.7
1263360 1152.7
1263370 1150.1
1263380 1145.1
1263390 1145.1
1263400 1142.3
1263410 1142.8
1263420 1140.9
1263430 1140.9
1263440 1135.5
1263450 1129.3
1263460 1129.3
1263470 1120.2
1263480 1109.6
1263490 1109.6
1263500 1104.1
1263510 1111.3
1263520 1111.3
1263530 1122.2
1263540 1130.9
1263550 1130.9
1263560 1138.3
1263570 1148.9
1263580 1148.9
1263590 1162.6
1263600 1176.8
1263610 1176.8
1263620 1188.3
1263630 1198.0
1263640 1198.0
1263650 1206.3
1263660 1213.9
1263670 1220.5
1263680 1220.5
1263690 1225.8
1263700 1229.1
1263710 1229.1
1263720 1229.7
1263730 1230.8
1263740 1230.8
1263750 1232.6
1263760 1234.7
1263770 1234.7
1263780 1237.1
1263790 1239.3
1263800 1239.3
1263810 1241.3
1263820 1245.5
1263830 1245.5
1263840 1248.1
1263850 1243.2
1263860 1243.2
1263870 1234.9
1263880 1229.0
1263890 1221.0
1263900 1218.4
1263910 1216.6
1263920 1216.6
1263930 1214.5
1263940 1212.4
1263950 1209.6
1263960 1209.6
1263970 1207.3
1263980 1207.3
1263990 1207.3
1264000 1207.1
1264010 1207.9
1264020 1207.9
1264030 1207.3
1264040 1206.2
1264050 1206.2
1264060 1203.5
1264070 1201.8
1264080 1201.8
1264090 1201.7
1264100 1201.0
1264110 1201.0
1264120 1200.4
1264130 1199.2
1264140 1199.2
1264150 1197.9
1264160 1196.3
1264170 1196.3
1264180 1194.7
1264190 1193.2
1264200 1192.2
1264210 1192.2
1264220 1191.9
1264230 1192.3
1264240 1192.3
1264250 1191.6
1264260 1189.6
1264270 1189.6
1264280 1187.0
1264290 1182.7
1264300 1182.7
1264310 1178.5
1264320 1173.1
1264330 1173.1
1264340 1164.9
1264350 1157.5
1264360 1157.5
1264370 1151.4
1264380 1147.0
1264390 1147.0
1264400 1143.0
1264410 1139.6
1264420 1139.6
1264430 1135.4
1264440 1131.8
1264450 1131.8
1264460 1129.4
1264470 1120.7
1264480 1119.1
1264490 1119.1
1264500 1117.0
1264510 1114.4
1264520 1114.4
1264530 1110.2
1264540 1103.7
1264550 1103.7
1264560 1100.8
1264570 1099.9
1264580 1099.9
1264590 1097.4
1264600 1095.9
1264610 1095.9
1264620 1096.7
1264630 1096.5
1264640 1096.5
1264650 1096.1
1264660 1095.4
1264670 1095.4
1264680 1093.2
1264690 1090.3
1264700 1090.3
1264710 1087.6
1264720 1085.3
1264730 1082.5
1264740 1082.5
1264750 1079.3
1264760 1075.5
1264770 1075.5
1264780 1073.5
1264790 1070.0
1264800 1070.0
1264810 1066.3
1264820 1063.3
1264830 1063.3
1264840 1059.4
1264850 1055.5
1264860 1055.5
1264870 1051.6
1264880 1047.4
1264890 1047.4
1264900 1043.5
1264910 1039.5
1264920 1039.5
1264930 1035.4
1264940 1031.1
1264950 1031.1
1264960 1027.3
1264970 1023.2
1264980 1023.2
1264990 1018.6
1265000 1015.2
1265010 1011.5
1265020 1011.5
1265030 1007.2
1265040 1002.7
1265050 998.3
1265060 993.6
1265070 990.5
1265080 990.5
1265090 986.2
1265100 982.4
1265110 982.4
1265120 980.0
1265130 975.8
1265140 975.8
1265150 971.3
1265160 968.1
1265170 968.1
1265180 969.2
1265190 971.0
1265200 971.0
1265210 968.4
1265220 962.0
1265230 962.0
1265240 958.3
1265250 958.3
1265260 959.1
1265270 959.1
1265280 960.3
1265290 961.6
1265300 961.6
1265310 958.9
1265320 952.5
1265330 952.5
1265340 945.1
1265350 938.6
1265360 938.6
1265370 934.6
1265380 928.8
1265390 928.8
1265400 922.9
1265410 917.8
1265420 917.8
1265430 914.0
1265440 915.4
1265450 915.4
1265460 918.7
1265470 919.1
1265480 919.1
1265490 914.8
1265500 909.0
1265510 909.0
1265520 904.2
1265530 900.9
1265540 897.5
1265550 897.5
1265560 893.5
1265570 891.3
1265580 891.3
1265590 890.3
1265600 890.4
1265610 890.4
1265620 892.4
1265630 891.3
1265640 891.3
1265650 894.9
1265660 899.6
1265670 899.6
1265680 905.0
1265690 909.2
1265700 909.2
1265710 909.6
1265720 907.7
1265730 907.7
1265740 907.1
1265750 906.7
1265760 906.7
1265770 905.1
1265780 900.6
1265790 894.6
1265800 894.6
1265810 888.2
1265820 881.9
1265830 881.9
1265840 876.1
1265850 870.1
1265860 870.1
1265870 864.9
1265880 862.0
1265890 862.0
1265900 860.4
1265910 858.7
1265920 858.7
1265930 856.7
1265940 855.1
1265950 855.1
1265960 853.5
1265970 851.4
1265980 851.4
1265990 849.7
1266000 847.8
1266010 847.8
1266020 845.7
1266030 845.0
1266040 845.0
1266050 840.2
1266060 835.2
1266070 830.8
1266080 830.8
1266090 826.4
1266100 822.4
1266110 822.4
1266120 817.1
1266130 810.0
1266140 810.0
1266150 804.8
1266160 800.3
1266170 800.3
1266180 798.5
1266190 802.3
1266200 802.3
1266210 809.3
1266220 812.3
1266230 812.3
1266240 816.0
1266250 823.0
1266260 823.0
1266270 829.4
1266280 833.2
1266290 833.2
1266300 836.6
1266310 839.8
1266320 841.9
1266330 841.9
1266340 839.5
1266350 837.5
1266360 837.5
1266370 839.9
1266380 844.0
1266390 844.0
1266400 848.7
1266410 850.8
1266420 850.8
1266430 846.1
1266440 843.7
1266450 843.7
1266460 845.9
1266470 847.1
1266480 847.1
1266490 843.7
1266500 840.4
1266510 840.4
1266520 840.7
1266530 840.3
1266540 840.3
1266550 834.3
1266560 830.9
1266570 830.9
1266580 830.3
1266590 832.2
1266600 836.9
1266610 836.9
1266620 835.2
1266630 834.3
1266640 834.3
1266650 835.5
1266660 837.4
1266670 837.4
1266680 840.1
1266690 843.0
1266700 843.0
1266710 848.2
1266720 855.2
1266730 855.2
1266740 860.0
1266750 859.7
1266760 859.7
1266770 858.5
1266780 856.2
1266790 854.1
1266800 849.5
1266810 851.4
1266820 851.4
1266830 849.8
1266840 848.7
1266850 848.7
1266860 848.5
1266870 847.7
1266880 846.6
1266890 846.6
1266900 845.8
1266910 844.5
1266920 844.5
1266930 842.9
1266940 841.5
1266950 841.5
1266960 839.8
1266970 837.9
1266980 837.9
1266990 834.8
1267000 828.9
1267010 828.9
1267020 823.2
1267030 819.0
1267040 819.0
1267050 814.0
1267060 812.6
1267070 812.6
1267080 818.3
1267090 819.9
1267100 819.9
1267110 822.2
1267120 819.8
1267130 814.0
1267140 814.0
1267150 809.0
1267160 803.9
1267170 803.9
1267180 798.3
1267190 799.0
1267200 799.0
1267210 803.7
1267220 808.5
1267230 808.5
1267240 812.1
1267250 816.1
1267260 816.1
1267270 821.2
1267280 822.8
1267290 822.8
1267300 822.5
1267310 822.3
1267320 822.3
1267330 821.9
1267340 821.1
1267350 821.1
1267360 820.6
1267370 819.8
1267380 818.9
1267390 818.3
1267400 817.6
1267410 817.1
1267420 817.1
1267430 816.3
1267440 814.7
1267450 814.7
1267460 810.6
1267470 805.4
1267480 805.4
1267490 801.2
1267500 797.0
1267510 797.0
1267520 791.5
1267530 783.8
1267540 783.8
1267550 778.4
1267560 780.1
1267570 780.1
1267580 782.9
1267590 783.5
1267600 783.5
1267610 783.3
1267620 784.1
1267630 784.1
1267640 784.8
1267650 784.9
1267660 785.8
1267670 785.8
1267680 786.4
1267690 785.2
1267700 785.2
1267710 782.6
1267720 779.9
1267730 779.9
1267740 778.7
1267750 776.3
1267760 776.3
1267770 773.8
1267780 771.6
1267790 771.6
1267800 776.6
1267810 783.9
1267820 783.9
1267830 787.6
1267840 789.9
1267850 789.9
1267860 791.0
1267870 787.5
1267880 787.5
1267890 785.7
1267900 787.1
1267910 787.1
1267920 787.5
1267930 788.9
1267940 788.4
1267950 788.4
1267960 780.9
1267970 782.2
1267980 782.2
1267990 784.9
1268000 787.5
1268010 787.5
1268020 790.3
1268030 793.0
1268040 793.0
1268050 793.7
1268060 795.8
1268070 795.8
1268080 797.3
1268090 796.5
1268100 796.5
1268110 794.8
1268120 795.1
1268130 795.1
1268140 795.5
1268150 794.7
1268160 794.7
1268170 793.7
1268180 793.3
1268190 789.5
1268200 789.5
1268210 785.4
1268220 782.4
1268230 782.4
1268240 778.5
1268250 774.9
1268260 774.9
1268270 772.7
1268280 768.7
1268290 768.7
1268300 768.1
1268310 767.7
1268320 767.7
1268330 765.9
1268340 764.8
1268350 764.8
1268360 763.9
1268370 759.9
1268380 759.9
1268390 755.2
1268400 750.3
1268410 750.3
1268420 745.5
1268430 740.2
1268440 740.2
1268450 735.5
1268460 733.6
1268470 735.1
1268480 735.1
1268490 734.6
1268500 732.4
1268510 732.4
1268520 728.6
1268530 723.9
1268540 723.9
1268550 714.9
1268560 709.8
1268570 709.8
1268580 703.6
1268590 698.1
1268600 698.1
1268610 692.5
1268620 687.0
1268630 687.0
1268640 682.0
1268650 679.6
1268660 679.6
1268670 681.4
1268680 686.5
1268690 686.5
1268700 688.8
1268710 687.3
1268720 685.7
1268730 685.7
1268740 683.9
1268750 682.2
1268760 682.2
1268770 679.6
1268780 675.7
1268790 675.7
1268800 671.5
1268810 669.4
1268820 669.4
1268830 668.1
1268840 665.6
1268850 665.6
1268860 663.5
1268870 662.0
1268880 662.0
1268890 662.0
1268900 659.8
1268910 659.8
1268920 653.7
1268930 649.1
1268940 649.1
1268950 645.0
1268960 642.0
1268970 642.0
1268980 639.5
1268990 637.8
1269000 635.4
1269010 635.4
1269020 632.8
1269030 630.4
1269040 630.4
1269050 628.2
1269060 626.8
1269070 626.8
1269080 623.2
1269090 623.6
1269100 623.6
1269110 630.4
1269120 638.8
1269130 638.8
1269140 644.1
1269150 647.8
1269160 647.8
1269170 648.3
1269180 648.4
1269190 648.4
1269200 648.4
1269210 648.2
1269220 648.2
1269230 644.8
1269240 637.0
1269250 629.2
1269260 629.2
1269270 623.8
1269280 622.9
1269290 622.9
1269300 623.6
1269310 623.7
1269320 623.7
1269330 623.1
1269340 623.1
1269350 623.1
1269360 622.0
1269370 620.5
1269380 620.5
1269390 619.9
1269400 617.9
1269410 617.9
1269420 614.2
1269430 615.6
1269440 615.6
1269450 617.2
1269460 616.1
1269470 616.1
1269480 612.6
1269490 609.3
1269500 609.3
1269510 608.7
1269520 608.2
1269530 604.4
1269540 604.4
1269550 599.4
1269560 598.6
1269570 598.6
1269580 597.7
1269590 595.3
1269600 595.3
1269610 593.7
1269620 591.8
1269630 591.8
1269640 590.5
1269650 588.4
1269660 588.4
1269670 583.8
1269680 577.8
1269690 577.8
1269700 574.8
1269710 574.8
1269720 574.8
1269730 573.4
1269740 573.2
1269750 573.2
1269760 572.8
1269770 572.5
1269780 572.3
1269790 572.3
1269800 572.3
1269810 572.1
1269820 572.1
1269830 571.9
1269840 571.7
1269850 571.7
1269860 571.7
1269870 571.7
1269880 571.7
1269890 571.5
1269900 571.1
1269910 571.1
1269920 571.2
1269930 571.2
1269940 571.2
1269950 571.1
1269960 570.9
1269970 570.9
1269980 570.8
1269990 570.8
1270000 570.8
1270010 570.9
1270020 571.4
1270030 571.4
1270040 572.2
1270050 571.8
1270060 572.3
1270070 572.3
1270080 573.1
1270090 573.1
1270100 573.1
1270110 573.5
1270120 574.1
1270130 574.1
1270140 574.8
1270150 575.3
1270160 575.3
1270170 575.7
1270180 576.3
1270190 576.3
1270200 578.7
1270210 581.4
1270220 581.4
1270230 582.1
1270240 582.4
1270250 582.4
1270260 583.3
1270270 583.8
1270280 583.8
1270290 583.3
1270300 582.9
1270310 582.9
1270320 580.0
1270330 576.4
1270340 577.2
1270350 577.2
1270360 577.9
1270370 578.6
1270380 578.6
1270390 579.3
1270400 580.0
1270410 580.0
1270420 581.5
1270430 583.4
1270440 583.4
1270450 584.0
1270460 582.6
1270470 582.6
1270480 582.8
1270490 582.8
1270500 582.8
1270510 584.1
1270520 584.8
1270530 584.8
1270540 584.6
1270550 584.3
1270560 584.3
1270570 584.2
1270580 584.3
1270590 584.5
1270600 584.5
1270610 584.7
1270620 585.0
1270630 585.0
1270640 585.6
1270650 586.4
1270660 586.4
1270670 588.3
1270680 592.9
1270690 592.9
1270700 598.8
1270710 604.7
1270720 604.7
1270730 605.6
1270740 605.2
1270750 605.2
1270760 603.8
1270770 602.0
1270780 602.0
1270790 600.7
1270800 599.3
1270810 599.3
1270820 598.2
1270830 597.4
1270840 597.4
1270850 596.8
1270860 596.1
1270870 595.6
1270880 595.6
1270890 595.1
1270900 594.6
1270910 594.6
1270920 593.9
1270930 593.5
1270940 593.5
1270950 593.1
1270960 592.8
1270970 592.8
1270980 592.4
1270990 592.2
1271000 592.2
1271010 592.0
1271020 591.9
1271030 591.9
1271040 592.4
1271050 594.0
1271060 594.0
1271070 596.1
1271080 599.3
1271090 599.3
1271100 601.6
1271110 601.6
1271120 601.3
1271130 601.3
1271140 601.2
1271150 601.0
1271160 601.0
1271170 600.9
1271180 600.8
1271190 600.8
1271200 600.6
1271210 600.9
1271220 600.9
1271230 601.0
1271240 602.0
1271250 602.0
1271260 603.6
1271270 603.6
1271280 603.6
1271290 603.6
1271300 603.2
1271310 603.2
1271320 602.1
1271330 601.2
1271340 601.2
1271350 601.1
1271360 601.1
1271370 601.1
1271380 600.8
1271390 599.9
1271400 598.1
1271410 598.1
1271420 598.8
1271430 599.1
1271440 599.1
1271450 598.8
1271460 598.8
1271470 598.8
1271480 599.0
1271490 599.1
1271500 599.1
1271510 599.5
1271520 600.2
1271530 600.2
1271540 603.3
1271550 604.8
1271560 604.8
1271570 605.2
1271580 604.8
1271590 604.8
1271600 604.1
1271610 603.0
1271620 603.0
1271630 600.5
1271640 599.1
1271650 598.9
1271660 598.9
1271670 598.6
1271680 598.4
1271690 598.4
1271700 598.3
1271710 598.4
1271720 598.4
1271730 599.5
1271740 600.6
1271750 600.6
1271760 603.0
1271770 605.4
1271780 605.4
1271790 607.7
1271800 608.0
1271810 608.0
1271820 607.9
1271830 607.5
1271840 607.5
1271850 607.3
1271860 607.0
1271870 607.0
1271880 607.2
1271890 608.0
1271900 608.0
1271910 607.7
1271920 606.6
1271930 606.7
1271940 606.7
1271950 606.8
1271960 606.4
1271970 606.4
1271980 606.3
1271990 606.5
1272000 606.5
1272010 605.8
1272020 605.6
1272030 605.6
1272040 605.4
1272050 605.0
1272060 605.0
1272070 604.9
1272080 604.8
1272090 604.8
1272100 604.6
1272110 604.3
1272120 603.3
1272130 602.9
1272140 602.5
1272150 602.5
1272160 602.2
1272170 601.7
1272180 601.2
1272190 601.2
1272200 600.8
1272210 600.3
1272220 600.3
1272230 600.0
1272240 599.7
1272250 599.7
1272260 599.6
1272270 599.2
1272280 599.2
1272290 598.7
1272300 598.2
1272310 598.2
1272320 598.3
1272330 598.5
1272340 598.5
1272350 599.5
1272360 600.3
1272370 600.3
1272380 600.2
1272390 600.0
1272400 600.0
1272410 600.5
1272420 601.4
1272430 601.4
1272440 601.6
1272450 602.3
1272460 604.1
1272470 604.1
1272480 604.8
1272490 604.9
1272500 604.9
1272510 604.7
1272520 604.6
1272530 604.6
1272540 605.7
1272550 606.9
1272560 606.9
1272570 607.4
1272580 607.6
1272590 607.6
1272600 608.2
1272610 609.3
1272620 609.3
1272630 610.3
1272640 610.5
1272650 610.5
1272660 610.5
1272670 610.7
1272680 610.7
1272690 611.5
1272700 612.7
1272710 613.3
1272720 608.5
1272730 607.6
1272740 606.2
1272750 606.2
1272760 604.8
1272770 603.8
1272780 603.8
1272790 602.2
1272800 599.8
1272810 599.8
1272820 597.4
1272830 595.7
1272840 595.7
1272850 594.5
1272860 593.8
1272870 593.8
1272880 593.2
1272890 592.6
1272900 592.6
1272910 592.4
1272920 592.1
1272930 592.1
1272940 592.0
1272950 591.6
1272960 591.6
1272970 591.1
1272980 590.7
1272990 590.2
1273000 590.2
1273010 589.8
1273020 589.4
1273030 589.4
1273040 589.0
1273050 588.5
1273060 588.5
1273070 587.7
1273080 587.0
1273090 587.0
1273100 586.6
1273110 586.2
1273120 586.2
1273130 585.9
1273140 586.0
1273150 586.0
1273160 585.5
1273170 585.0
1273180 585.0
1273190 585.3
1273200 586.2
1273210 586.2
1273220 588.1
1273230 590.1
1273240 590.1
1273250 591.1
1273260 591.3
1273270 591.1
1273280 591.1
1273290 590.3
1273300 589.2
1273310 589.2
1273320 586.2
1273330 585.2
1273340 585.2
1273350 584.2
1273360 584.2
1273370 584.2
1273380 584.9
1273390 585.4
1273400 585.4
1273410 586.1
1273420 586.9
1273430 586.9
1273440 587.7
1273450 588.4
1273460 588.4
1273470 589.1
1273480 589.8
1273490 589.8
1273500 590.2
1273510 591.1
1273520 592.4
1273530 592.4
1273540 592.6
1273550 592.7
1273560 592.7
1273570 593.3
1273580 594.0
1273590 594.0
1273600 594.9
1273610 595.8
1273620 595.8
1273630 596.7
1273640 597.5
1273650 597.5
1273660 598.4
1273670 599.4
1273680 599.4
1273690 600.3
1273700 601.2
1273710 601.2
1273720 602.1
1273730 602.8
1273740 602.8
1273750 603.3
1273760 603.8
1273770 603.8
1273780 604.3
1273790 604.9
1273800 605.5
1273810 605.5
1273820 606.1
1273830 606.6
1273840 606.6
1273850 607.3
1273860 608.0
1273870 608.0
1273880 608.8
1273890 609.6
1273900 609.6
1273910 610.3
1273920 610.2
1273930 610.2
1273940 610.2
1273950 609.7
1273960 609.7
1273970 609.6
1273980 609.6
1273990 609.6
1274000 609.6
1274010 609.8
1274020 609.8
1274030 609.9
1274040 610.0
1274050 610.1
1274060 610.1
1274070 610.3
1274080 610.4
1274090 610.4
1274100 610.5
1274110 610.7
1274120 610.7
1274130 610.9
1274140 610.4
1274150 610.4
1274160 610.0
1274170 609.6
1274180 609.6
1274190 609.1
1274200 608.8
1274210 608.8
1274220 608.5
1274230 608.4
1274240 608.4
1274250 608.2
1274260 608.0
1274270 608.0
1274280 607.9
1274290 607.7
1274300 607.7
1274310 607.5
1274320 607.2
1274330 607.0
1274340 607.0
1274350 606.7
1274360 606.6
1274370 606.6
1274380 605.7
1274390 605.0
1274400 605.0
1274410 604.5
1274420 604.2
1274430 604.2
1274440 603.9
1274450 603.5
1274460 603.5
1274470 603.2
1274480 603.0
1274490 603.0
1274500 602.8
1274510 602.5
1274520 602.5
1274530 601.2
1274540 601.3
1274550 601.3
1274560 601.1
1274570 601.0
1274580 600.9
1274590 600.9
1274600 600.8
1274610 600.9
1274620 600.9
1274630 600.9
1274640 600.8
1274650 600.8
1274660 600.7
1274670 600.5
1274680 600.5
1274690 600.4
1274700 600.1
1274710 600.1
1274720 599.9
1274730 599.8
1274740 599.8
1274750 599.5
1274760 599.4
1274770 599.4
1274780 599.3
1274790 599.0
1274800 599.0
1274810 598.6
1274820 598.2
1274830 598.2
1274840 597.7
1274850 597.4
1274860 597.1
1274870 597.1
1274880 596.6
1274890 595.7
1274900 595.7
1274910 595.2
1274920 594.7
1274930 594.7
1274940 594.3
1274950 593.8
1274960 593.8
1274970 593.3
1274980 592.8
1274990 592.8
1275000 592.3
1275010 591.8
1275020 591.8
1275030 591.3
1275040 590.7
1275050 590.7
1275060 590.3
1275070 589.8
1275080 589.8
1275090 589.4
1275100 589.0
1275110 588.4
1275120 588.4
1275130 587.0
1275140 586.2
1275150 586.2
1275160 585.5
1275170 584.3
1275180 584.3
1275190 583.5
1275200 583.3
1275210 583.3
1275220 583.0
1275230 582.9
1275240 582.9
1275250 582.8
1275260 582.4
1275270 582.4
1275280 581.8
1275290 581.0
1275300 581.0
1275310 580.8
1275320 581.0
1275330 581.0
1275340 579.9
1275350 578.3
1275360 578.3
1275370 578.4
1275380 578.4
1275390 578.7
1275400 578.7
1275410 579.4
1275420 579.5
1275430 579.5
1275440 579.0
1275450 579.5
1275460 579.5
1275470 579.3
1275480 578.0
1275490 578.0
1275500 576.3
1275510 575.8
1275520 575.8
1275530 574.9
1275540 572.9
1275550 572.9
1275560 572.5
1275570 572.5
1275580 572.5
1275590 572.0
1275600 570.4
1275610 570.4
1275620 570.0
1275630 569.5
1275640 569.1
1275650 569.1
1275660 568.6
1275670 566.6
1275680 566.6
1275690 565.2
1275700 564.9
1275710 564.9
1275720 564.8
1275730 564.9
1275740 564.2
1275750 564.1
1275760 565.9
1275770 565.9
1275780 567.0
1275790 565.1
1275800 565.1
1275810 564.4
1275820 564.3
1275830 564.3
1275840 564.1
1275850 564.1
1275860 564.1
1275870 564.0
1275880 563.9
1275890 563.9
1275900 563.9
1275910 563.9
1275920 563.8
1275930 563.8
1275940 563.7
1275950 563.7
1275960 563.7
1275970 563.6
1275980 563.6
1275990 563.6
1276000 563.6
1276010 563.5
1276020 563.5
1276030 563.5
1276040 563.5
1276050 563.5
1276060 563.5
1276070 563.4
1276080 563.4
1276090 563.3
1276100 563.2
1276110 563.2
1276120 563.2
1276130 563.2
1276140 563.2
1276150 563.2
1276160 563.2
1276170 563.2
1276180 563.2
1276190 563.2
1276200 563.2
1276210 563.2
1276220 563.1
1276230 563.0
1276240 563.0
1276250 563.0
1276260 563.0
1276270 563.0
1276280 563.0
1276290 563.0
1276300 563.0
1276310 563.0
1276320 562.9
1276330 562.9
1276340 562.8
1276350 562.9
1276360 562.9
1276370 562.9
1276380 562.9
1276390 562.9
1276400 563.0
1276410 562.9
1276420 562.9
1276430 563.0
1276440 563.2
1276450 563.3
1276460 563.3
1276470 563.3
1276480 563.2
1276490 563.2
1276500 563.0
1276510 562.8
1276520 562.8
1276530 562.8
1276540 562.9
1276550 562.9
1276560 563.1
1276570 563.6
1276580 563.6
1276590 563.8
1276600 563.9
1276610 563.9
1276620 563.3
1276630 562.8
1276640 562.8
1276650 562.7
1276660 562.7
1276670 562.7
1276680 562.6
1276690 562.4
1276700 562.5
1276710 562.5
1276720 562.6
1276730 562.5
1276740 562.5
1276750 562.5
1276760 562.5
1276770 562.5
1276780 562.5
1276790 562.4
1276800 562.4
1276810 562.4
1276820 562.5
1276830 562.5
1276840 562.5
1276850 562.4
1276860 562.4
1276870 562.4
1276880 562.5
1276890 562.5
1276900 562.5
1276910 562.6
1276920 562.6
1276930 562.6
1276940 562.5
1276950 562.5
1276960 562.3
1276970 562.3
1276980 562.2
1276990 562.2
1277000 562.0
1277010 562.0
1277020 562.0
1277030 561.9
1277040 562.0
1277050 562.0
1277060 562.0
1277070 562.0
1277080 562.0
1277090 562.0
1277100 562.0
1277110 562.0
1277120 562.1
1277130 562.1
1277140 562.1
1277150 562.0
1277160 562.0
1277170 562.0
1277180 562.0
1277190 562.0
1277200 562.0
1277210 562.0
1277220 562.0
1277230 561.9
1277240 561.9
1277250 561.9
1277260 561.9
1277270 561.9
1277280 561.8
1277290 561.8
1277300 561.8
1277310 561.8
1277320 561.7
1277330 561.7
1277340 561.8
1277350 562.6
1277360 562.6
1277370 562.6
1277380 562.6
1277390 562.6
1277400 562.7
1277410 562.9
1277420 562.9
1277430 562.9
1277440 562.7
1277450 562.7
1277460 562.8
1277470 562.9
1277480 562.9
1277490 562.7
1277500 562.8
1277510 563.0
1277520 563.0
1277530 562.8
1277540 562.6
1277550 562.6
1277560 562.5
1277570 562.4
1277580 562.3
1277590 562.3
1277600 562.4
1277610 562.4
1277620 562.9
1277630 564.0
1277640 564.0
1277650 564.1
1277660 563.3
1277670 563.3
1277680 562.9
1277690 562.7
1277700 562.7
1277710 562.6
1277720 562.6
1277730 562.6
1277740 562.6
1277750 562.7
1277760 562.7
1277770 562.7
1277780 562.8
1277790 562.9
1277800 562.9
1277810 563.0
1277820 563.2
1277830 563.2
1277840 563.4
1277850 563.6
1277860 563.6
1277870 563.8
1277880 563.9
1277890 563.9
1277900 563.9
1277910 563.9
1277920 563.9
1277930 563.8
1277940 563.9
1277950 563.9
1277960 563.9
1277970 564.0
1277980 564.0
1277990 564.0
1278000 563.9
1278010 563.9
1278020 563.9
1278030 563.9
1278040 563.9
1278050 563.9
1278060 563.7
1278070 563.8
1278080 563.8
1278090 563.8
1278100 563.8
1278110 563.8
1278120 563.8
1278130 563.8
1278140 563.8
1278150 563.8
1278160 564.0
1278170 564.0
1278180 564.0
1278190 564.0
1278200 564.0
1278210 564.0
1278220 564.0
1278230 564.0
1278240 563.9
1278250 563.9
1278260 563.9
1278270 564.0
1278280 564.0
1278290 564.0
1278300 564.0
1278310 563.9
1278320 563.9
1278330 563.9
1278340 564.0
1278350 564.2
1278360 564.2
1278370 564.1
1278380 563.9
1278390 563.9
1278400 563.9
1278410 563.9
1278420 563.9
1278430 563.9
1278440 563.9
1278450 563.9
1278460 563.9
1278470 563.9
1278480 563.9
1278490 563.8
1278500 563.8
1278510 563.8
1278520 563.9
1278530 563.9
1278540 563.9
1278550 563.9
1278560 563.9
1278570 563.9
1278580 563.9
1278590 563.7
1278600 563.7
1278610 563.7
1278620 563.7
1278630 563.6
1278640 563.6
1278650 563.6
1278660 563.7
1278670 563.7
1278680 563.6
1278690 563.6
1278700 563.6
1278710 563.6
1278720 563.5
1278730 563.5
1278740 563.3
1278750 563.3
1278760 563.3
1278770 563.5
1278780 563.5
1278790 563.5
1278800 563.6
1278810 563.7
1278820 563.7
1278830 563.8
1278840 563.7
1278850 563.7
1278860 563.7
1278870 563.6
1278880 563.4
1278890 563.4
1278900 563.1
1278910 562.8
1278920 562.8
1278930 562.7
1278940 562.7
1278950 562.7
1278960 562.7
1278970 562.5
1278980 562.5
1278990 561.2
1279000 560.6
1279010 560.6
1279020 560.6
1279030 560.6
1279040 560.6
1279050 560.6
1279060 560.6
1279070 560.6
1279080 560.6
1279090 560.7
1279100 560.7
1279110 560.7
1279120 560.7
1279130 560.7
1279140 560.7
1279150 560.8
1279160 560.8
1279170 560.8
1279180 560.8
1279190 560.7
1279200 560.7
1279210 560.6
1279220 560.5
1279230 560.5
1279240 560.5
1279250 560.6
1279260 560.6
1279270 560.8
1279280 560.9
1279290 560.9
1279300 560.8
1279310 560.7
1279320 560.7
1279330 560.7
1279340 560.7
1279350 560.7
1279360 560.7
1279370 560.7
1279380 560.7
1279390 560.7
1279400 560.7
1279410 560.7
1279420 560.7
1279430 560.7
1279440 560.7
1279450 560.7
1279460 560.7
1279470 560.7
1279480 560.7
1279490 560.7
1279500 560.6
1279510 560.6
1279520 560.7
1279530 560.9
1279540 560.9
1279550 561.0
1279560 560.8
1279570 560.8
1279580 560.6
1279590 560.6
1279600 560.6
1279610 560.7
1279620 560.7
1279630 560.7
1279640 560.7
1279650 560.8
1279660 560.5
1279670 560.5
1279680 560.7
1279690 560.8
1279700 560.8
1279710 560.9
1279720 561.0
1279730 561.0
1279740 561.0
1279750 561.0
1279760 561.0
1279770 561.7
1279780 561.0
1279790 561.0
1279800 561.0
1279810 561.1
1279820 561.1
1279830 561.0
1279840 560.9
1279850 560.9
1279860 561.0
1279870 560.9
1279880 560.9
1279890 560.8
1279900 560.8
1279910 560.8
1279920 560.8
1279930 560.8
1279940 560.9
1279950 560.9
1279960 561.0
1279970 559.1
1279980 559.1
1279990 557.8
