1260000 1289.3
1260010 1289.3
1260020 1289.3
1260030 1286.4
1260040 1286.4
1260050 1283.4
1260060 1281.3
1260070 1281.3
1260080 1281.4
1260090 1281.2
1260100 1282.9
1260110 1282.9
1260120 1285.9
1260130 1283.5
1260140 1283.5
1260150 1277.2
1260160 1269.7
1260170 1269.7
1260180 1263.4
1260190 1260.4
1260200 1260.4
1260210 1256.3
1260220 1252.3
1260230 1252.3
1260240 1247.7
1260250 1243.3
1260260 1243.3
1260270 1239.8
1260280 1235.4
1260290 1235.4
1260300 1230.5
1260310 1225.9
1260320 1225.9
1260330 1222.1
1260340 1218.8
1260350 1215.6
1260360 1215.6
1260370 1214.2
1260380 1216.4
1260390 1207.6
1260400 1211.0
1260410 1213.0
1260420 1213.0
1260430 1214.0
1260440 1214.8
1260450 1214.8
1260460 1217.2
1260470 1221.2
1260480 1221.2
1260490 1229.1
1260500 1234.3
1260510 1234.3
1260520 1240.0
1260530 1249.4
1260540 1249.4
1260550 1260.0
1260560 1269.1
1260570 1269.1
1260580 1276.5
1260590 1281.1
1260600 1281.1
1260610 1286.0
1260620 1293.5
1260630 1301.6
1260640 1301.6
1260650 1309.8
1260660 1317.3
1260670 1317.3
1260680 1323.9
1260690 1330.6
1260700 1330.6
1260710 1337.4
1260720 1342.3
1260730 1342.3
1260740 1341.3
1260750 1339.4
1260760 1339.4
1260770 1336.7
1260780 1334.6
1260790 1334.6
1260800 1332.6
1260810 1330.9
1260820 1330.9
1260830 1327.8
1260840 1319.5
1260850 1319.5
1260860 1308.0
1260870 1292.5
1260880 1292.5
1260890 1275.9
1260900 1263.0
1260910 1259.9
1260920 1259.9
1260930 1261.0
1260940 1263.4
1260950 1259.3
1260960 1259.5
1260970 1259.9
1260980 1259.9
1260990 1261.0
1261000 1263.9
1261010 1263.9
1261020 1268.6
1261030 1275.0
1261040 1275.0
1261050 1281.5
1261060 1289.5
1261070 1289.5
1261080 1297.6
1261090 1305.3
1261100 1305.3
1261110 1312.9
1261120 1320.8
1261130 1320.8
1261140 1330.8
1261150 1341.9
1261160 1351.2
1261170 1351.2
1261180 1358.4
1261190 1368.2
1261200 1368.2
1261210 1377.4
1261220 1385.1
1261230 1385.1
1261240 1397.8
1261250 1415.6
1261260 1415.6
1261270 1429.9
1261280 1445.6
1261290 1445.6
1261300 1458.8
1261310 1470.3
1261320 1470.3
1261330 1490.2
1261340 1501.4
1261350 1501.4
1261360 1506.2
1261370 1512.8
1261380 1512.8
1261390 1519.5
1261400 1525.7
1261410 1525.7
1261420 1532.0
1261430 1536.4
1261440 1540.3
1261450 1540.3
1261460 1545.0
1261470 1549.5
1261480 1549.5
1261490 1549.0
1261500 1546.9
1261510 1546.9
1261520 1538.2
1261530 1539.9
1261540 1539.9
1261550 1542.2
1261560 1546.9
1261570 1546.9
1261580 1553.0
1261590 1560.8
1261600 1560.8
1261610 1569.5
1261620 1579.4
1261630 1579.4
1261640 1589.4
1261650 1595.8
1261660 1595.8
1261670 1602.1
1261680 1606.9
1261690 1610.3
1261700 1610.3
1261710 1612.4
1261720 1614.3
1261730 1614.3
1261740 1616.6
1261750 1619.4
1261760 1619.4
1261770 1621.8
1261780 1624.1
1261790 1624.1
1261800 1625.7
1261810 1626.3
1261820 1626.3
1261830 1624.8
1261840 1620.7
1261850 1620.7
1261860 1614.3
1261870 1607.6
1261880 1607.6
1261890 1603.4
1261900 1601.9
1261910 1601.9
1261920 1597.6
1261930 1588.3
1261940 1588.3
1261950 1578.5
1261960 1570.7
1261970 1564.5
1261980 1564.5
1261990 1560.0
1262000 1557.8
1262010 1557.8
1262020 1556.9
1262030 1556.2
1262040 1556.2
1262050 1556.0
1262060 1556.5
1262070 1556.5
1262080 1558.2
1262090 1560.2
1262100 1560.2
1262110 1565.4
1262120 1571.9
1262130 1571.9
1262140 1578.6
1262150 1583.5
1262160 1583.5
1262170 1586.3
1262180 1585.7
1262190 1585.7
1262200 1583.5
1262210 1583.1
1262220 1583.1
1262230 1585.7
1262240 1589.1
1262250 1590.6
1262260 1590.6
1262270 1591.8
1262280 1593.0
1262290 1593.0
1262300 1593.1
1262310 1591.3
1262320 1591.3
1262330 1590.4
1262340 1592.1
1262350 1592.1
1262360 1594.3
1262370 1595.3
1262380 1595.3
1262390 1596.7
1262400 1599.5
1262410 1599.5
1262420 1601.4
1262430 1599.9
1262440 1599.9
1262450 1593.8
1262460 1588.0
1262470 1588.0
1262480 1583.5
1262490 1581.2
1262500 1582.7
1262510 1582.7
1262520 1586.3
1262530 1592.4
1262540 1592.4
1262550 1596.8
1262560 1594.0
1262570 1594.0
1262580 1593.0
1262590 1594.9
1262600 1594.9
1262610 1593.4
1262620 1591.8
1262630 1591.8
1262640 1591.1
1262650 1586.9
1262660 1586.9
1262670 1577.8
1262680 1581.1
1262690 1581.1
1262700 1578.5
1262710 1584.1
1262720 1584.1
1262730 1591.5
1262740 1597.6
1262750 1597.6
1262760 1603.8
1262770 1610.4
1262780 1614.8
1262790 1614.8
1262800 1613.6
1262810 1612.5
1262820 1612.5
1262830 1615.1
1262840 1619.1
1262850 1619.1
1262860 1618.6
1262870 1609.8
1262880 1609.8
1262890 1596.0
1262900 1583.6
1262910 1583.6
1262920 1582.4
1262930 1581.3
1262940 1581.3
1262950 1585.6
1262960 1584.2
1262970 1584.2
1262980 1575.4
1262990 1567.1
1263000 1567.1
1263010 1566.9
1263020 1570.0
1263030 1577.9
1263040 1577.9
1263050 1577.8
1263060 1573.5
1263070 1573.5
1263080 1569.9
1263090 1565.2
1263100 1565.2
1263110 1561.7
1263120 1558.8
1263130 1558.8
1263140 1553.3
1263150 1550.2
1263160 1550.2
1263170 1549.2
1263180 1546.3
1263190 1546.3
1263200 1548.6
1263210 1553.7
1263220 1553.7
1263230 1560.9
1263240 1578.4
1263250 1578.4
1263260 1582.4
1263270 1585.1
1263280 1585.1
1263290 1591.2
1263300 1594.9
1263310 1588.4
1263320 1588.4
1263330 1568.3
1263340 1562.1
1263350 1562.1
1263360 1564.9
1263370 1569.5
1263380 1569.5
1263390 1575.5
1263400 1582.6
1263410 1582.6
1263420 1588.7
1263430 1587.6
1263440 1587.6
1263450 1582.8
1263460 1577.1
1263470 1577.1
1263480 1570.7
1263490 1563.5
1263500 1563.5
1263510 1555.8
1263520 1547.7
1263530 1547.7
1263540 1539.7
1263550 1532.0
1263560 1532.0
1263570 1524.4
1263580 1517.1
1263590 1510.0
1263600 1510.0
1263610 1502.6
1263620 1495.3
1263630 1495.3
1263640 1494.7
1263650 1503.5
1263660 1503.5
1263670 1515.8
1263680 1523.9
1263690 1523.9
1263700 1529.3
1263710 1535.3
1263720 1535.3
1263730 1542.7
1263740 1549.5
1263750 1549.5
1263760 1556.6
1263770 1563.7
1263780 1563.7
1263790 1571.0
1263800 1577.2
1263810 1577.2
1263820 1577.9
1263830 1577.6
1263840 1578.0
1263850 1578.0
1263860 1579.2
1263870 1580.2
1263880 1580.2
1263890 1584.1
1263900 1590.3
1263910 1590.3
1263920 1595.1
1263930 1597.1
1263940 1597.1
1263950 1597.4
1263960 1597.5
1263970 1597.5
1263980 1597.9
1263990 1597.5
1264000 1597.5
1264010 1595.4
1264020 1591.7
1264030 1591.7
1264040 1586.5
1264050 1580.1
1264060 1580.1
1264070 1572.1
1264080 1563.4
1264090 1563.4
1264100 1553.5
1264110 1544.3
1264120 1535.8
1264130 1535.8
1264140 1527.5
1264150 1519.9
1264160 1519.9
1264170 1514.2
1264180 1509.5
1264190 1509.5
1264200 1503.1
1264210 1494.5
1264220 1494.5
1264230 1485.9
1264240 1478.2
1264250 1478.2
1264260 1471.2
1264270 1462.7
1264280 1462.7
1264290 1452.5
1264300 1443.0
1264310 1443.0
1264320 1434.4
1264330 1426.5
1264340 1426.5
1264350 1417.7
1264360 1407.6
1264370 1396.8
1264380 1396.8
1264390 1384.9
1264400 1376.8
1264410 1376.8
1264420 1368.8
1264430 1361.2
1264440 1361.2
1264450 1354.3
1264460 1347.3
1264470 1347.3
1264480 1340.2
1264490 1333.3
1264500 1333.3
1264510 1326.3
1264520 1318.7
1264530 1318.7
1264540 1311.6
1264550 1304.5
1264560 1304.5
1264570 1297.5
1264580 1290.7
1264590 1290.7
1264600 1283.9
1264610 1277.3
1264620 1277.3
1264630 1270.5
1264640 1264.5
1264650 1259.2
1264660 1259.2
1264670 1253.1
1264680 1246.6
1264690 1246.6
1264700 1240.7
1264710 1235.0
1264720 1235.0
1264730 1229.4
1264740 1223.8
1264750 1223.8
1264760 1218.3
1264770 1213.6
1264780 1213.6
1264790 1209.7
1264800 1206.0
1264810 1206.0
1264820 1202.2
1264830 1197.9
1264840 1197.9
1264850 1194.2
1264860 1190.3
1264870 1190.3
1264880 1185.9
1264890 1181.7
1264900 1176.8
1264910 1176.8
1264920 1170.4
1264930 1163.7
1264940 1163.7
1264950 1156.6
1264960 1149.9
1264970 1151.2
1264980 1144.7
1264990 1137.8
1265000 1137.8
1265010 1132.1
1265020 1127.6
1265030 1127.6
1265040 1125.4
1265050 1124.1
1265060 1124.1
1265070 1122.9
1265080 1120.8
1265090 1120.8
1265100 1117.8
1265110 1114.2
1265120 1114.2
1265130 1110.1
1265140 1104.8
1265150 1104.8
1265160 1098.3
1265170 1091.2
1265180 1083.7
1265190 1083.7
1265200 1078.1
1265210 1077.3
1265220 1077.3
1265230 1077.8
1265240 1079.2
1265250 1079.2
1265260 1079.7
1265270 1079.7
1265280 1079.7
1265290 1078.8
1265300 1077.0
1265310 1077.0
1265320 1073.7
1265330 1069.2
1265340 1069.2
1265350 1062.9
1265360 1056.1
1265370 1056.1
1265380 1049.8
1265390 1045.9
1265400 1045.9
1265410 1045.6
1265420 1045.5
1265430 1045.5
1265440 1045.3
1265450 1043.2
1265460 1040.1
1265470 1040.1
1265480 1037.4
1265490 1033.8
1265500 1033.8
1265510 1029.2
1265520 1023.2
1265530 1023.2
1265540 1018.0
1265550 1011.4
1265560 1011.4
1265570 1005.7
1265580 1000.5
1265590 1000.5
1265600 996.1
1265610 992.6
1265620 992.6
1265630 990.5
1265640 987.9
1265650 987.9
1265660 980.6
1265670 970.9
1265680 970.9
1265690 967.2
1265700 975.7
1265710 981.8
1265720 981.8
1265730 986.1
1265740 987.8
1265750 987.8
1265760 985.2
1265770 980.3
1265780 980.3
1265790 974.0
1265800 967.1
1265810 967.1
1265820 960.2
1265830 952.7
1265840 952.7
1265850 942.0
1265860 927.6
1265870 927.6
1265880 930.4
1265890 936.5
1265900 936.5
1265910 943.1
1265920 949.7
1265930 949.7
1265940 956.2
1265950 964.3
1265960 964.3
1265970 973.0
1265980 977.7
1265990 981.3
1266000 981.3
1266010 986.0
1266020 990.6
1266030 990.6
1266040 993.0
1266050 993.9
1266060 993.9
1266070 993.0
1266080 990.3
1266090 990.3
1266100 988.0
1266110 986.0
1266120 986.0
1266130 978.3
1266140 976.3
1266150 976.3
1266160 973.0
1266170 969.1
1266180 969.1
1266190 966.2
1266200 964.9
1266210 964.9
1266220 963.7
1266230 961.0
1266240 958.6
1266250 958.6
1266260 956.9
1266270 955.2
1266280 955.2
1266290 952.7
1266300 950.8
1266310 950.8
1266320 948.6
1266330 945.9
1266340 945.9
1266350 944.0
1266360 942.3
1266370 942.3
1266380 941.0
1266390 939.9
1266400 939.9
1266410 938.6
1266420 937.9
1266430 937.9
1266440 937.2
1266450 936.6
1266460 936.6
1266470 935.9
1266480 935.0
1266490 935.0
1266500 933.6
1266510 934.3
1266520 934.3
1266530 934.3
1266540 933.9
1266550 933.1
1266560 933.1
1266570 932.2
1266580 932.2
1266590 932.2
1266600 932.7
1266610 932.8
1266620 932.8
1266630 932.0
1266640 930.0
1266650 930.0
1266660 927.8
1266670 924.5
1266680 924.5
1266690 920.0
1266700 919.4
1266710 919.4
1266720 918.5
1266730 918.3
1266740 918.3
1266750 917.7
1266760 921.2
1266770 921.2
1266780 926.4
1266790 928.0
1266800 927.8
1266810 927.8
1266820 928.0
1266830 927.9
1266840 927.9
1266850 927.8
1266860 927.5
1266870 927.5
1266880 927.1
1266890 927.2
1266900 927.2
1266910 926.8
1266920 924.8
1266930 924.8
1266940 920.6
1266950 916.5
1266960 916.5
1266970 914.1
1266980 912.1
1266990 912.1
1267000 911.0
1267010 911.4
1267020 911.4
1267030 913.1
1267040 915.4
1267050 918.9
1267060 918.9
1267070 919.6
1267080 918.9
1267090 918.9
1267100 918.0
1267110 917.6
1267120 917.6
1267130 916.2
1267140 914.1
1267150 914.1
1267160 915.3
1267170 915.0
1267180 915.0
1267190 914.8
1267200 914.8
1267210 914.8
1267220 914.8
1267230 914.9
1267240 914.9
1267250 914.7
1267260 913.4
1267270 913.4
1267280 911.9
1267290 911.2
1267300 909.6
1267310 909.7
1267320 909.7
1267330 909.5
1267340 909.5
1267350 909.0
1267360 908.8
1267370 908.8
1267380 909.3
1267390 906.0
1267400 906.0
1267410 901.6
1267420 900.6
1267430 900.6
1267440 901.2
1267450 902.5
1267460 902.5
1267470 906.5
1267480 909.1
1267490 909.1
1267500 909.0
1267510 908.3
1267520 908.3
1267530 907.7
1267540 907.3
1267550 907.3
1267560 907.2
1267570 907.5
1267580 907.5
1267590 907.5
1267600 907.0
1267610 906.5
1267620 906.5
1267630 905.9
1267640 905.1
1267650 905.1
1267660 904.5
1267670 903.6
1267680 903.6
1267690 901.4
1267700 899.7
1267710 899.7
1267720 899.8
1267730 900.9
1267740 900.9
1267750 901.2
1267760 901.7
1267770 901.7
1267780 901.3
1267790 899.8
1267800 899.8
1267810 899.0
1267820 899.8
1267830 899.8
1267840 899.4
1267850 898.4
1267860 897.6
1267870 897.6
1267880 896.9
1267890 894.5
1267900 894.5
1267910 894.0
1267920 893.5
1267930 893.5
1267940 892.8
1267950 892.2
1267960 892.2
1267970 892.0
1267980 891.8
1267990 891.8
1268000 892.2
1268010 892.4
1268020 892.4
1268030 892.4
1268040 892.3
1268050 892.3
1268060 891.8
1268070 891.7
1268080 891.7
1268090 891.6
1268100 891.6
1268110 891.6
1268120 891.4
1268130 891.1
1268140 890.3
1268150 890.3
1268160 889.6
1268170 889.4
1268180 889.4
1268190 888.7
1268200 888.1
1268210 888.1
1268220 887.9
1268230 888.0
1268240 888.0
1268250 887.6
1268260 887.7
1268270 887.7
1268280 886.8
1268290 887.3
1268300 887.3
1268310 887.0
1268320 886.7
1268330 886.7
1268340 886.2
1268350 884.3
1268360 884.3
1268370 882.7
1268380 882.7
1268390 881.6
1268400 881.6
1268410 875.2
1268420 871.1
1268430 871.1
1268440 870.6
1268450 870.5
1268460 870.5
1268470 870.2
1268480 872.6
1268490 872.6
1268500 874.3
1268510 874.7
1268520 874.7
1268530 874.4
1268540 873.4
1268550 873.4
1268560 872.1
1268570 871.0
1268580 871.0
1268590 870.6
1268600 870.2
1268610 870.2
1268620 869.9
1268630 869.5
1268640 869.5
1268650 868.8
1268660 868.5
1268670 868.2
1268680 868.2
1268690 868.1
1268700 868.0
1268710 868.0
1268720 867.7
1268730 868.8
1268740 868.8
1268750 869.4
1268760 869.0
1268770 869.0
1268780 867.6
1268790 867.3
1268800 867.3
1268810 867.3
1268820 867.2
1268830 867.2
1268840 866.4
1268850 865.8
1268860 865.8
1268870 865.6
1268880 865.5
1268890 865.5
1268900 865.5
1268910 865.6
1268920 865.8
1268930 865.8
1268940 866.3
1268950 866.8
1268960 866.8
1268970 867.3
1268980 867.6
1268990 867.6
1269000 867.7
1269010 867.5
1269020 867.5
1269030 867.5
1269040 867.5
1269050 867.5
1269060 867.3
1269070 865.8
1269080 865.8
1269090 864.8
1269100 864.7
1269110 864.7
1269120 864.4
1269130 862.4
1269140 862.4
1269150 861.0
1269160 860.1
1269170 860.1
1269180 858.1
1269190 855.1
1269200 852.5
1269210 852.5
1269220 848.1
1269230 840.5
1269240 840.5
1269250 828.0
1269260 818.0
1269270 818.0
1269280 816.1
1269290 812.9
1269300 812.9
1269310 811.0
1269320 810.0
1269330 810.0
1269340 807.7
1269350 806.3
1269360 806.3
1269370 806.3
1269380 803.2
1269390 803.2
1269400 795.7
1269410 788.8
1269420 788.8
1269430 786.1
1269440 788.0
1269450 789.0
1269460 789.0
1269470 788.5
1269480 784.5
1269490 784.5
1269500 779.5
1269510 772.7
1269520 772.7
1269530 768.6
1269540 768.1
1269550 768.1
1269560 763.8
1269570 757.7
1269580 757.7
1269590 751.6
1269600 745.3
1269610 745.3
1269620 738.3
1269630 731.0
1269640 731.0
1269650 724.1
1269660 717.2
1269670 717.2
1269680 718.8
1269690 718.3
1269700 718.3
1269710 716.0
1269720 714.5
1269730 716.7
1269740 716.7
1269750 719.0
1269760 722.7
1269770 722.7
1269780 724.6
1269790 725.3
1269800 725.3
1269810 723.3
1269820 721.5
1269830 721.5
1269840 718.8
1269850 714.4
1269860 714.4
1269870 707.7
1269880 701.7
1269890 701.7
1269900 698.1
1269910 695.5
1269920 695.5
1269930 692.5
1269940 689.7
1269950 689.7
1269960 686.4
1269970 684.2
1269980 684.2
1269990 681.7
1270000 679.3
1270010 677.2
1270020 677.2
1270030 675.0
1270040 673.0
1270050 673.0
1270060 671.0
1270070 668.7
1270080 668.7
1270090 663.9
1270100 660.2
1270110 660.2
1270120 660.4
1270130 665.0
1270140 665.0
1270150 665.3
1270160 664.8
1270170 664.8
1270180 663.7
1270190 662.3
1270200 662.3
1270210 661.0
1270220 660.0
1270230 660.0
1270240 659.3
1270250 656.1
1270260 654.8
1270270 654.8
1270280 653.3
1270290 651.8
1270300 651.8
1270310 650.9
1270320 650.3
1270330 650.3
1270340 649.9
1270350 648.6
1270360 648.6
1270370 648.0
1270380 647.6
1270390 647.6
1270400 647.3
1270410 647.0
1270420 647.0
1270430 646.6
1270440 646.4
1270450 646.4
1270460 646.5
1270470 646.6
1270480 646.6
1270490 645.9
1270500 645.0
1270510 645.0
1270520 644.3
1270530 643.7
1270540 643.2
1270550 643.2
1270560 642.9
1270570 643.0
1270580 643.0
1270590 642.9
1270600 642.7
1270610 642.7
1270620 642.5
1270630 642.5
1270640 642.5
1270650 642.7
1270660 642.8
1270670 642.8
1270680 643.1
1270690 643.4
1270700 643.4
1270710 644.0
1270720 644.1
1270730 644.1
1270740 643.4
1270750 640.7
1270760 640.7
1270770 636.7
1270780 632.2
1270790 630.3
1270800 630.3
1270810 631.6
1270820 634.8
1270830 634.8
1270840 637.8
1270850 641.1
1270860 641.1
1270870 643.1
1270880 645.1
1270890 645.1
1270900 646.8
1270910 647.9
1270920 647.9
1270930 648.9
1270940 651.2
1270950 651.2
1270960 654.9
1270970 659.2
1270980 659.2
1270990 664.1
1271000 669.0
1271010 669.0
1271020 673.7
1271030 678.1
1271040 678.1
1271050 682.6
1271060 687.0
1271070 691.1
1271080 691.1
1271090 694.6
1271100 697.8
1271110 697.8
1271120 699.9
1271130 701.3
1271140 701.3
1271150 701.6
1271160 701.8
1271170 701.8
1271180 701.7
1271190 700.5
1271200 700.5
1271210 698.9
1271220 698.1
1271230 698.1
1271240 698.7
1271250 700.0
1271260 700.0
1271270 698.6
1271280 694.3
1271290 694.3
1271300 689.3
1271310 685.2
1271320 685.2
1271330 683.0
1271340 682.7
1271350 682.8
1271360 682.8
1271370 683.1
1271380 684.1
1271390 684.1
1271400 686.5
1271410 690.6
1271420 690.6
1271430 694.7
1271440 696.2
1271450 696.2
1271460 701.1
1271470 704.5
1271480 704.5
1271490 704.8
1271500 703.4
1271510 703.4
1271520 701.7
1271530 699.9
1271540 699.9
1271550 697.9
1271560 695.9
1271570 695.9
1271580 693.9
1271590 692.2
1271600 690.7
1271610 690.7
1271620 689.4
1271630 688.1
1271640 688.1
1271650 686.9
1271660 685.8
1271670 685.8
1271680 684.8
1271690 684.0
1271700 684.0
1271710 683.3
1271720 682.7
1271730 682.7
1271740 682.2
1271750 682.1
1271760 682.1
1271770 681.9
1271780 681.7
1271790 681.7
1271800 681.6
1271810 681.8
1271820 681.8
1271830 682.0
1271840 682.4
1271850 682.4
1271860 682.7
1271870 683.2
1271880 683.7
1271890 683.7
1271900 684.3
1271910 684.8
1271920 684.8
1271930 685.2
1271940 683.5
1271950 683.5
1271960 679.4
1271970 678.5
1271980 678.5
1271990 678.6
1272000 678.7
1272010 678.7
1272020 679.0
1272030 679.3
1272040 678.1
1272050 679.1
1272060 682.0
1272070 682.0
1272080 684.8
1272090 685.9
1272100 685.9
1272110 686.1
1272120 685.4
1272130 684.6
1272140 684.6
1272150 683.0
1272160 683.3
1272170 683.3
1272180 683.0
1272190 682.2
1272200 682.2
1272210 681.6
1272220 681.4
1272230 681.4
1272240 680.8
1272250 680.2
1272260 680.2
1272270 680.0
1272280 679.5
1272290 679.5
1272300 679.4
1272310 679.1
1272320 679.1
1272330 678.6
1272340 677.9
1272350 677.9
1272360 677.0
1272370 676.5
1272380 676.5
1272390 676.0
1272400 675.0
1272410 674.2
1272420 674.2
1272430 673.5
1272440 672.9
1272450 672.9
1272460 672.4
1272470 671.6
1272480 671.6
1272490 671.5
1272500 670.4
1272510 670.4
1272520 668.2
1272530 667.2
1272540 667.2
1272550 666.4
1272560 666.0
1272570 666.0
1272580 664.6
1272590 663.6
1272600 663.6
1272610 662.6
1272620 661.2
1272630 661.2
1272640 658.4
1272650 658.1
1272660 657.8
1272670 657.8
1272680 657.4
1272690 657.6
1272700 657.6
1272710 657.4
1272720 656.9
1272730 656.9
1272740 656.2
1272750 655.4
1272760 655.4
1272770 655.2
1272780 656.1
1272790 656.1
1272800 656.4
1272810 656.0
1272820 656.0
1272830 655.7
1272840 656.0
1272850 656.0
1272860 656.2
1272870 656.3
1272880 656.3
1272890 656.4
1272900 657.6
1272910 657.6
1272920 658.2
1272930 658.3
1272940 658.3
1272950 658.3
1272960 658.4
1272970 658.5
1272980 658.5
1272990 658.2
1273000 657.9
1273010 657.9
1273020 658.5
1273030 659.6
1273040 659.6
1273050 660.8
1273060 660.1
1273070 660.1
1273080 659.4
1273090 658.8
1273100 658.8
1273110 658.3
1273120 658.0
1273130 658.0
1273140 657.7
1273150 657.5
1273160 657.5
1273170 657.3
1273180 657.2
1273190 657.2
1273200 657.1
1273210 657.0
1273220 657.0
1273230 657.0
1273240 654.9
1273250 654.9
1273260 654.9
1273270 655.1
1273280 655.9
1273290 655.9
1273300 657.5
1273310 658.7
1273320 658.7
1273330 659.4
1273340 660.0
1273350 660.0
1273360 660.3
1273370 660.5
1273380 660.5
1273390 660.8
1273400 661.2
1273410 661.2
1273420 661.6
1273430 662.0
1273440 662.0
1273450 662.5
1273460 663.7
1273470 666.7
1273480 666.7
1273490 670.8
1273500 673.0
1273510 673.0
1273520 673.1
1273530 674.5
1273540 674.5
1273550 676.4
1273560 679.7
1273570 679.7
1273580 683.5
1273590 686.3
1273600 686.3
1273610 684.4
1273620 679.5
1273630 679.5
1273640 676.7
1273650 676.0
1273660 676.0
1273670 676.6
1273680 680.9
1273690 680.9
1273700 680.4
1273710 673.7
1273720 673.7
1273730 668.6
1273740 666.1
1273750 665.1
1273760 665.1
1273770 664.5
1273780 663.6
1273790 663.6
1273800 662.4
1273810 661.7
1273820 661.7
1273830 661.2
1273840 660.0
1273850 660.0
1273860 660.0
1273870 660.4
1273880 660.4
1273890 662.5
1273900 668.2
1273910 668.2
1273920 675.2
1273930 678.5
1273940 678.5
1273950 679.0
1273960 679.0
1273970 679.0
1273980 678.8
1273990 678.6
1274000 678.3
1274010 678.3
1274020 678.1
1274030 678.1
1274040 678.1
1274050 678.0
1274060 678.2
1274070 678.2
1274080 678.4
1274090 678.3
1274100 678.3
1274110 678.1
1274120 678.3
1274130 678.3
1274140 678.1
1274150 678.0
1274160 678.0
1274170 677.5
1274180 677.0
1274190 677.0
1274200 677.0
1274210 677.3
1274220 677.3
1274230 676.9
1274240 676.2
1274250 676.2
1274260 674.8
1274270 673.6
1274280 673.3
1274290 673.3
1274300 672.5
1274310 672.1
1274320 672.1
1274330 671.6
1274340 671.1
1274350 671.1
1274360 670.6
1274370 669.3
1274380 669.3
1274390 667.6
1274400 667.1
1274410 667.1
1274420 666.7
1274430 664.9
1274440 664.9
1274450 662.5
1274460 661.9
1274470 661.9
1274480 662.2
1274490 662.1
1274500 662.1
1274510 661.4
1274520 660.3
1274530 660.3
1274540 659.4
1274550 659.3
1274560 658.8
1274570 658.8
1274580 657.9
1274590 657.4
1274600 657.4
1274610 657.0
1274620 655.7
1274630 655.7
1274640 654.2
1274650 653.9
1274660 653.9
1274670 653.3
1274680 651.5
1274690 651.5
1274700 651.1
1274710 650.9
1274720 650.9
1274730 650.1
1274740 648.5
1274750 648.5
1274760 647.0
1274770 646.4
1274780 646.4
1274790 645.9
1274800 644.8
1274810 644.1
1274820 644.1
1274830 644.0
1274840 643.8
1274850 643.8
1274860 642.9
1274870 642.0
1274880 642.0
1274890 641.5
1274900 641.4
1274910 641.4
1274920 641.2
1274930 640.5
1274940 640.5
1274950 638.9
1274960 637.6
1274970 637.6
1274980 636.8
1274990 636.4
1275000 636.4
1275010 636.5
1275020 636.2
1275030 636.2
1275040 635.9
1275050 635.5
1275060 634.6
1275070 634.6
1275080 634.2
1275090 633.5
1275100 633.5
1275110 632.7
1275120 631.8
1275130 631.8
1275140 631.1
1275150 630.3
1275160 630.3
1275170 629.7
1275180 630.2
1275190 630.2
1275200 629.4
1275210 627.7
1275220 627.7
1275230 627.2
1275240 627.0
1275250 627.0
1275260 627.0
1275270 627.1
1275280 627.1
1275290 627.2
1275300 627.5
1275310 627.5
1275320 628.2
1275330 628.4
1275340 627.2
1275350 627.2
1275360 626.9
1275370 626.8
1275380 626.8
1275390 626.7
1275400 626.9
1275410 626.9
1275420 626.7
1275430 627.1
1275440 627.1
1275450 627.7
1275460 627.8
1275470 627.8
1275480 627.1
1275490 626.1
1275500 626.1
1275510 625.2
1275520 624.8
1275530 624.8
1275540 624.5
1275550 624.0
1275560 624.0
1275570 623.4
1275580 622.9
1275590 622.9
1275600 622.0
1275610 621.6
1275620 621.6
1275630 621.6
1275640 620.8
1275650 620.4
1275660 619.3
1275670 619.1
1275680 618.9
1275690 618.9
1275700 618.7
1275710 618.3
1275720 618.3
1275730 617.3
1275740 616.7
1275750 616.7
1275760 616.8
1275770 616.4
1275780 616.4
1275790 615.1
1275800 614.5
1275810 614.5
1275820 614.3
1275830 614.3
1275840 614.3
1275850 614.3
1275860 613.8
1275870 612.9
1275880 612.9
1275890 612.6
1275900 612.1
1275910 612.1
1275920 612.2
1275930 612.0
1275940 612.0
1275950 611.4
1275960 610.5
1275970 610.5
1275980 609.8
1275990 608.7
1276000 608.7
1276010 608.0
1276020 607.8
1276030 607.8
1276040 607.4
1276050 606.6
1276060 606.6
1276070 605.9
1276080 605.6
1276090 605.6
1276100 605.7
1276110 605.8
1276120 605.8
1276130 604.5
1276140 602.7
1276150 602.6
1276160 602.6
1276170 602.4
1276180 601.1
1276190 601.1
1276200 599.4
1276210 597.8
1276220 597.8
1276230 596.9
1276240 596.2
1276250 596.2
1276260 595.5
1276270 594.5
1276280 594.5
1276290 593.8
1276300 592.9
1276310 592.9
1276320 591.7
1276330 590.8
1276340 590.8
1276350 590.0
1276360 589.2
1276370 589.2
1276380 588.5
1276390 587.9
1276400 587.9
1276410 587.3
1276420 586.7
1276430 586.1
1276440 586.1
1276450 585.7
1276460 585.3
1276470 585.3
1276480 584.5
1276490 583.7
1276500 583.7
1276510 583.2
1276520 582.7
1276530 582.7
1276540 582.2
1276550 581.8
1276560 581.8
1276570 581.4
1276580 581.1
1276590 581.1
1276600 580.9
1276610 580.6
1276620 580.6
1276630 580.4
1276640 580.1
1276650 580.1
1276660 579.9
1276670 579.7
1276680 579.6
1276690 579.6
1276700 579.7
1276710 579.9
1276720 579.9
1276730 580.1
1276740 580.2
1276750 580.2
1276760 579.9
1276770 579.6
1276780 579.6
1276790 579.5
1276800 579.5
1276810 579.5
1276820 579.3
1276830 579.2
1276840 579.2
1276850 579.1
1276860 579.1
1276870 579.1
1276880 579.0
1276890 578.6
1276900 578.6
1276910 578.6
1276920 578.6
1276930 578.6
1276940 578.6
1276950 578.6
1276960 578.6
1276970 578.6
1276980 578.8
1276990 578.9
1277000 578.9
1277010 578.8
1277020 578.7
1277030 578.7
1277040 579.0
1277050 579.2
1277060 579.2
1277070 579.2
1277080 579.2
1277090 579.2
1277100 579.1
1277110 579.0
1277120 579.0
1277130 579.1
1277140 579.0
1277150 579.0
1277160 579.1
1277170 579.0
1277180 579.0
1277190 579.1
1277200 579.1
1277210 579.2
1277220 579.2
1277230 579.3
1277240 579.3
1277250 579.3
1277260 579.5
1277270 579.7
1277280 579.7
1277290 579.8
1277300 579.7
1277310 579.7
1277320 579.6
1277330 579.5
1277340 579.5
1277350 579.2
1277360 578.8
1277370 578.8
1277380 578.5
1277390 578.3
1277400 578.3
1277410 578.1
1277420 578.0
1277430 578.0
1277440 577.9
1277450 578.3
1277460 578.3
1277470 578.5
1277480 578.0
1277490 577.8
1277500 577.2
1277510 577.0
1277520 576.8
1277530 576.8
1277540 576.6
1277550 576.6
1277560 576.6
1277570 576.4
1277580 576.1
1277590 576.1
1277600 575.9
1277610 575.7
1277620 575.7
1277630 575.4
1277640 575.2
1277650 575.2
1277660 574.9
1277670 574.8
1277680 574.8
1277690 574.6
1277700 574.3
1277710 574.3
1277720 574.1
1277730 574.0
1277740 573.6
1277750 573.6
1277760 573.5
1277770 573.3
1277780 573.3
1277790 573.1
1277800 572.9
1277810 572.9
1277820 572.8
1277830 572.7
1277840 572.7
1277850 572.6
1277860 572.6
1277870 572.6
1277880 572.5
1277890 572.3
1277900 572.3
1277910 572.2
1277920 572.1
1277930 572.1
1277940 572.1
1277950 572.0
1277960 572.0
1277970 572.0
1277980 572.0
1277990 572.0
1278000 571.9
1278010 571.9
1278020 571.8
1278030 571.8
1278040 571.8
1278050 571.8
1278060 571.8
1278070 571.8
1278080 571.8
1278090 571.8
1278100 571.9
1278110 572.3
1278120 572.2
1278130 572.4
1278140 571.9
1278150 571.9
1278160 567.8
1278170 565.8
1278180 565.8
1278190 565.8
1278200 565.7
1278210 565.7
1278220 565.7
1278230 565.7
1278240 565.7
1278250 565.8
1278260 565.9
1278270 565.9
1278280 566.0
1278290 566.0
1278300 566.1
1278310 566.1
1278320 566.1
1278330 566.1
1278340 566.1
1278350 567.1
1278360 569.9
1278370 569.9
1278380 570.6
1278390 570.1
1278400 570.1
1278410 569.9
1278420 570.2
1278430 570.2
1278440 570.9
1278450 571.7
1278460 571.7
1278470 572.2
1278480 572.3
1278490 572.3
1278500 572.4
1278510 572.5
1278520 572.5
1278530 572.6
1278540 572.6
1278550 572.7
1278560 572.7
1278570 572.7
1278580 572.6
1278590 572.6
1278600 572.6
1278610 572.6
1278620 572.6
1278630 572.8
1278640 572.9
1278650 572.9
1278660 573.0
1278670 573.1
1278680 573.1
1278690 573.2
1278700 573.3
1278710 573.3
1278720 573.4
1278730 573.3
1278740 573.3
1278750 573.3
1278760 573.2
1278770 573.2
1278780 573.4
1278790 573.6
1278800 573.6
1278810 573.7
1278820 573.6
1278830 573.7
1278840 573.7
1278850 573.8
1278860 573.8
1278870 573.8
1278880 573.9
1278890 573.8
1278900 573.8
1278910 573.9
1278920 574.0
1278930 574.0
1278940 574.3
1278950 574.3
1278960 574.3
1278970 574.4
1278980 574.5
1278990 574.5
1279000 574.5
1279010 574.6
1279020 574.6
1279030 574.9
1279040 575.1
1279050 575.1
1279060 575.3
1279070 575.6
1279080 575.8
1279090 575.8
1279100 575.8
1279110 575.9
1279120 575.9
1279130 576.0
1279140 576.1
1279150 576.1
1279160 576.2
1279170 576.3
1279180 576.3
1279190 576.4
1279200 576.6
1279210 576.6
1279220 576.7
1279230 576.9
1279240 576.9
1279250 577.1
1279260 577.2
1279270 577.2
1279280 577.4
1279290 577.6
1279300 577.6
1279310 577.7
1279320 578.0
1279330 578.0
1279340 578.1
1279350 577.9
1279360 578.0
1279370 578.0
1279380 578.1
1279390 578.1
1279400 578.1
1279410 578.1
1279420 578.1
1279430 578.1
1279440 578.1
1279450 578.3
1279460 578.3
1279470 578.6
1279480 578.9
1279490 578.9
1279500 579.0
1279510 579.4
1279520 579.4
1279530 579.5
1279540 579.6
1279550 579.6
1279560 579.6
1279570 578.6
1279580 578.6
1279590 579.3
1279600 579.6
1279610 579.6
1279620 579.5
1279630 579.7
1279640 580.1
1279650 580.1
1279660 580.1
1279670 580.1
1279680 580.1
1279690 580.5
1279700 580.8
1279710 580.8
1279720 580.8
1279730 580.8
1279740 580.8
1279750 580.8
1279760 580.8
1279770 580.8
1279780 580.5
1279790 579.3
1279800 579.3
1279810 577.3
1279820 575.3
1279830 575.3
1279840 574.5
1279850 576.2
1279860 576.2
1279870 580.5
1279880 582.3
1279890 582.2
1279900 582.2
1279910 582.0
1279920 581.4
1279930 581.4
1279940 580.9
1279950 582.6
1279960 582.6
1279970 583.3
1279980 583.3
1279990 583.3
