1260000 2021.5
1260010 2021.5
1260020 2018.3
1260030 2015.0
1260040 2015.0
1260050 2014.5
1260060 2027.4
1260070 2027.4
1260080 2042.8
1260090 2045.6
1260100 2038.4
1260110 2038.4
1260120 2029.2
1260130 2019.5
1260140 2019.5
1260150 2016.7
1260160 2012.0
1260170 2012.0
1260180 2010.2
1260190 2006.3
1260200 2006.3
1260210 1999.1
1260220 1992.8
1260230 1992.8
1260240 1987.7
1260250 1982.4
1260260 1982.4
1260270 1974.6
1260280 1960.8
1260290 1960.8
1260300 1942.2
1260310 1916.3
1260320 1916.3
1260330 1899.6
1260340 1870.6
1260350 1850.6
1260360 1850.6
1260370 1840.2
1260380 1824.0
1260390 1824.0
1260400 1807.6
1260410 1794.7
1260420 1794.7
1260430 1779.4
1260440 1756.6
1260450 1756.6
1260460 1724.8
1260470 1719.1
1260480 1713.2
1260490 1713.1
1260500 1713.7
1260510 1713.7
1260520 1715.9
1260530 1719.8
1260540 1719.8
1260550 1724.7
1260560 1730.2
1260570 1730.2
1260580 1736.0
1260590 1742.6
1260600 1742.6
1260610 1749.6
1260620 1756.7
1260630 1763.8
1260640 1763.8
1260650 1772.2
1260660 1785.6
1260670 1785.6
1260680 1793.3
1260690 1800.6
1260700 1800.6
1260710 1810.2
1260720 1821.8
1260730 1821.8
1260740 1832.6
1260750 1832.3
1260760 1832.3
1260770 1825.1
1260780 1815.0
1260790 1815.0
1260800 1806.4
1260810 1798.7
1260820 1798.7
1260830 1790.3
1260840 1782.2
1260850 1782.2
1260860 1774.4
1260870 1767.4
1260880 1767.4
1260890 1755.2
1260900 1744.1
1260910 1739.5
1260920 1739.5
1260930 1736.1
1260940 1741.2
1260950 1741.2
1260960 1738.1
1260970 1708.3
1260980 1708.3
1260990 1709.3
1261000 1705.2
1261010 1705.2
1261020 1686.9
1261030 1670.1
1261040 1670.1
1261050 1661.1
1261060 1661.3
1261070 1661.3
1261080 1662.6
1261090 1663.9
1261100 1663.9
1261110 1664.5
1261120 1664.7
1261130 1664.7
1261140 1665.0
1261150 1676.2
1261160 1701.0
1261170 1701.0
1261180 1710.3
1261190 1719.4
1261200 1719.4
1261210 1722.3
1261220 1723.1
1261230 1723.1
1261240 1722.1
1261250 1719.5
1261260 1719.5
1261270 1723.3
1261280 1752.8
1261290 1752.8
1261300 1763.0
1261310 1769.2
1261320 1769.2
1261330 1779.2
1261340 1787.7
1261350 1787.7
1261360 1795.3
1261370 1804.7
1261380 1804.7
1261390 1814.1
1261400 1822.9
1261410 1822.9
1261420 1834.5
1261430 1844.2
1261440 1848.7
1261450 1848.7
1261460 1852.6
1261470 1858.8
1261480 1858.8
1261490 1866.3
1261500 1873.2
1261510 1873.2
1261520 1881.5
1261530 1889.6
1261540 1889.6
1261550 1894.4
1261560 1902.3
1261570 1902.3
1261580 1909.8
1261590 1915.2
1261600 1915.2
1261610 1921.9
1261620 1919.9
1261630 1919.9
1261640 1926.8
1261650 1932.1
1261660 1932.1
1261670 1936.2
1261680 1941.4
1261690 1941.4
1261700 1946.0
1261710 1951.2
1261720 1956.3
1261730 1956.3
1261740 1960.7
1261750 1961.7
1261760 1961.7
1261770 1958.1
1261780 1953.7
1261790 1953.7
1261800 1949.4
1261810 1945.6
1261820 1945.6
1261830 1941.9
1261840 1938.8
1261850 1938.8
1261860 1935.4
1261870 1931.3
1261880 1931.3
1261890 1925.8
1261900 1920.7
1261910 1920.7
1261920 1915.9
1261930 1911.0
1261940 1911.0
1261950 1906.4
1261960 1902.7
1261970 1900.4
1261980 1900.4
1261990 1898.2
1262000 1896.8
1262010 1896.8
1262020 1895.0
1262030 1892.7
1262040 1892.7
1262050 1889.5
1262060 1886.8
1262070 1886.8
1262080 1884.9
1262090 1883.9
1262100 1883.9
1262110 1884.6
1262120 1883.8
1262130 1883.8
1262140 1885.1
1262150 1888.4
1262160 1888.4
1262170 1894.2
1262180 1900.0
1262190 1896.2
1262200 1901.8
1262210 1907.0
1262220 1907.0
1262230 1912.7
1262240 1919.1
1262250 1925.5
1262260 1925.5
1262270 1932.0
1262280 1938.6
1262290 1938.6
1262300 1945.5
1262310 1952.4
1262320 1952.4
1262330 1960.4
1262340 1969.4
1262350 1969.4
1262360 1978.2
1262370 1987.3
1262380 1987.3
1262390 1998.0
1262400 2007.4
1262410 2007.4
1262420 2015.1
1262430 2022.4
1262440 2022.4
1262450 2029.8
1262460 2037.0
1262470 2037.0
1262480 2043.3
1262490 2049.9
1262500 2049.9
1262510 2056.3
1262520 2062.2
1262530 2067.2
1262540 2067.2
1262550 2071.7
1262560 2075.7
1262570 2075.7
1262580 2079.5
1262590 2083.0
1262600 2083.0
1262610 2086.4
1262620 2090.3
1262630 2090.3
1262640 2092.9
1262650 2094.0
1262660 2094.0
1262670 2095.8
1262680 2097.2
1262690 2097.2
1262700 2097.5
1262710 2093.8
1262720 2093.8
1262730 2087.7
1262740 2081.8
1262750 2081.8
1262760 2076.9
1262770 2067.8
1262780 2063.1
1262790 2063.1
1262800 2059.0
1262810 2056.6
1262820 2056.6
1262830 2054.5
1262840 2052.2
1262850 2052.2
1262860 2049.8
1262870 2046.7
1262880 2046.7
1262890 2043.8
1262900 2041.0
1262910 2041.0
1262920 2037.3
1262930 2034.2
1262940 2034.2
1262950 2032.2
1262960 2030.2
1262970 2030.2
1262980 2029.7
1262990 2030.0
1263000 2030.0
1263010 2029.9
1263020 2027.7
1263030 2027.7
1263040 2023.7
1263050 2018.8
1263060 2013.2
1263070 2013.2
1263080 2007.0
1263090 2000.8
1263100 2000.8
1263110 1995.7
1263120 1991.9
1263130 1991.9
1263140 1989.2
1263150 1987.2
1263160 1987.2
1263170 1985.3
1263180 1983.4
1263190 1983.4
1263200 1981.4
1263210 1978.7
1263220 1978.7
1263230 1975.5
1263240 1971.7
1263250 1971.7
1263260 1967.0
1263270 1961.7
1263280 1961.7
1263290 1956.1
1263300 1950.2
1263310 1950.2
1263320 1943.8
1263330 1937.3
1263340 1926.2
1263350 1926.2
1263360 1916.4
1263370 1908.3
1263380 1908.3
1263390 1901.1
1263400 1895.1
1263410 1895.1
1263420 1892.0
1263430 1888.4
1263440 1888.4
1263450 1879.9
1263460 1872.1
1263470 1872.1
1263480 1863.5
1263490 1855.1
1263500 1855.1
1263510 1846.9
1263520 1840.6
1263530 1840.6
1263540 1834.1
1263550 1826.7
1263560 1826.7
1263570 1819.4
1263580 1812.4
1263590 1805.9
1263600 1805.9
1263610 1800.1
1263620 1794.3
1263630 1794.3
1263640 1789.0
1263650 1783.2
1263660 1783.2
1263670 1775.6
1263680 1768.3
1263690 1768.3
1263700 1761.8
1263710 1755.6
1263720 1755.6
1263730 1748.6
1263740 1740.4
1263750 1740.4
1263760 1732.0
1263770 1721.2
1263780 1721.2
1263790 1709.2
1263800 1699.5
1263810 1699.5
1263820 1691.5
1263830 1683.8
1263840 1683.8
1263850 1677.4
1263860 1671.0
1263870 1666.4
1263880 1666.4
1263890 1662.1
1263900 1656.8
1263910 1656.8
1263920 1647.3
1263930 1642.6
1263940 1642.6
1263950 1637.9
1263960 1632.9
1263970 1632.9
1263980 1628.9
1263990 1624.2
1264000 1624.2
1264010 1618.6
1264020 1612.3
1264030 1612.3
1264040 1605.3
1264050 1598.2
1264060 1598.2
1264070 1591.4
1264080 1584.1
1264090 1584.1
1264100 1576.8
1264110 1570.1
1264120 1570.1
1264130 1563.5
1264140 1556.6
1264150 1549.7
1264160 1549.7
1264170 1542.4
1264180 1534.9
1264190 1534.9
1264200 1528.6
1264210 1521.5
1264220 1521.5
1264230 1513.9
1264240 1507.8
1264250 1507.8
1264260 1504.4
1264270 1502.3
1264280 1502.3
1264290 1499.1
1264300 1497.2
1264310 1497.2
1264320 1495.4
1264330 1491.2
1264340 1491.2
1264350 1488.5
1264360 1486.3
1264370 1486.3
1264380 1483.0
1264390 1477.8
1264400 1471.0
1264410 1471.0
1264420 1463.3
1264430 1455.2
1264440 1455.2
1264450 1447.3
1264460 1439.1
1264470 1439.1
1264480 1430.7
1264490 1421.6
1264500 1424.0
1264510 1414.9
1264520 1406.6
1264530 1406.6
1264540 1398.9
1264550 1391.8
1264560 1391.8
1264570 1385.1
1264580 1379.9
1264590 1379.9
1264600 1372.9
1264610 1366.2
1264620 1366.2
1264630 1360.5
1264640 1354.3
1264650 1354.3
1264660 1348.1
1264670 1341.3
1264680 1334.6
1264690 1334.6
1264700 1328.4
1264710 1322.3
1264720 1322.3
1264730 1317.4
1264740 1312.2
1264750 1312.2
1264760 1305.6
1264770 1298.5
1264780 1298.5
1264790 1292.7
1264800 1287.9
1264810 1287.9
1264820 1283.8
1264830 1279.8
1264840 1279.8
1264850 1275.7
1264860 1271.5
1264870 1271.5
1264880 1267.6
1264890 1263.8
1264900 1263.8
1264910 1260.0
1264920 1255.8
1264930 1255.8
1264940 1251.6
1264950 1247.4
1264960 1243.1
1264970 1243.1
1264980 1238.9
1264990 1234.7
1265000 1234.7
1265010 1230.7
1265020 1226.9
1265030 1226.9
1265040 1222.8
1265050 1219.9
1265060 1219.9
1265070 1217.0
1265080 1211.7
1265090 1211.7
1265100 1207.5
1265110 1202.5
1265120 1202.5
1265130 1198.2
1265140 1194.5
1265150 1194.5
1265160 1190.9
1265170 1187.9
1265180 1187.9
1265190 1186.4
1265200 1186.7
1265210 1188.4
1265220 1188.4
1265230 1189.0
1265240 1190.0
1265250 1190.0
1265260 1186.1
1265270 1177.9
1265280 1177.9
1265290 1171.9
1265300 1168.9
1265310 1168.9
1265320 1167.0
1265330 1165.7
1265340 1165.7
1265350 1169.1
1265360 1176.6
1265370 1176.6
1265380 1185.4
1265390 1195.0
1265400 1195.0
1265410 1209.3
1265420 1224.1
1265430 1224.1
1265440 1230.5
1265450 1231.7
1265460 1231.7
1265470 1231.3
1265480 1229.4
1265490 1225.5
1265500 1225.5
1265510 1219.4
1265520 1212.5
1265530 1212.5
1265540 1205.9
1265550 1199.7
1265560 1199.7
1265570 1194.3
1265580 1194.5
1265590 1194.5
1265600 1197.7
1265610 1200.4
1265620 1200.4
1265630 1202.3
1265640 1201.1
1265650 1201.1
1265660 1192.0
1265670 1189.7
1265680 1189.7
1265690 1185.1
1265700 1177.5
1265710 1177.5
1265720 1170.8
1265730 1165.4
1265740 1165.4
1265750 1160.6
1265760 1157.5
1265770 1154.4
1265780 1154.4
1265790 1152.1
1265800 1152.2
1265810 1152.2
1265820 1156.3
1265830 1167.5
1265840 1167.5
1265850 1181.2
1265860 1195.5
1265870 1195.5
1265880 1208.2
1265890 1218.3
1265900 1218.3
1265910 1227.7
1265920 1235.9
1265930 1235.9
1265940 1243.4
1265950 1250.3
1265960 1250.3
1265970 1256.9
1265980 1262.8
1265990 1262.8
1266000 1267.8
1266010 1271.1
1266020 1272.3
1266030 1272.3
1266040 1271.8
1266050 1267.0
1266060 1267.0
1266070 1261.6
1266080 1256.6
1266090 1256.6
1266100 1251.2
1266110 1245.7
1266120 1245.7
1266130 1240.2
1266140 1234.8
1266150 1234.8
1266160 1230.1
1266170 1226.4
1266180 1226.4
1266190 1225.5
1266200 1229.3
1266210 1229.3
1266220 1234.7
1266230 1239.0
1266240 1235.0
1266250 1238.6
1266260 1242.2
1266270 1242.2
1266280 1245.8
1266290 1249.3
1266300 1250.2
1266310 1250.2
1266320 1249.1
1266330 1248.8
1266340 1248.8
1266350 1249.7
1266360 1250.1
1266370 1250.1
1266380 1248.0
1266390 1245.2
1266400 1245.2
1266410 1241.2
1266420 1237.0
1266430 1237.0
1266440 1232.9
1266450 1227.8
1266460 1227.8
1266470 1222.7
1266480 1217.8
1266490 1217.8
1266500 1213.0
1266510 1209.3
1266520 1209.3
1266530 1206.4
1266540 1203.6
1266550 1199.9
1266560 1199.9
1266570 1195.0
1266580 1190.2
1266590 1190.2
1266600 1186.4
1266610 1183.6
1266620 1183.6
1266630 1179.6
1266640 1176.0
1266650 1176.0
1266660 1172.5
1266670 1167.7
1266680 1167.7
1266690 1164.7
1266700 1164.1
1266710 1164.1
1266720 1164.6
1266730 1162.2
1266740 1162.2
1266750 1162.1
1266760 1163.8
1266770 1163.8
1266780 1164.6
1266790 1167.2
1266800 1167.2
1266810 1168.5
1266820 1160.7
1266830 1158.3
1266840 1158.3
1266850 1158.6
1266860 1159.4
1266870 1159.4
1266880 1160.2
1266890 1163.0
1266900 1163.0
1266910 1167.8
1266920 1168.8
1266930 1168.8
1266940 1168.5
1266950 1171.6
1266960 1171.6
1266970 1175.3
1266980 1177.4
1266990 1177.4
1267000 1179.4
1267010 1181.1
1267020 1181.1
1267030 1181.2
1267040 1181.1
1267050 1181.1
1267060 1179.6
1267070 1177.4
1267080 1177.4
1267090 1174.7
1267100 1171.6
1267110 1168.6
1267120 1168.6
1267130 1165.3
1267140 1162.3
1267150 1162.3
1267160 1160.7
1267170 1159.0
1267180 1159.0
1267190 1155.5
1267200 1151.6
1267210 1151.6
1267220 1146.3
1267230 1141.6
1267240 1141.6
1267250 1138.3
1267260 1135.1
1267270 1135.1
1267280 1137.7
1267290 1143.4
1267300 1143.4
1267310 1150.0
1267320 1154.6
1267330 1154.6
1267340 1154.9
1267350 1154.6
1267360 1154.2
1267370 1154.2
1267380 1152.3
1267390 1150.5
1267400 1150.5
1267410 1146.3
1267420 1144.7
1267430 1144.7
1267440 1142.6
1267450 1142.4
1267460 1142.4
1267470 1141.5
1267480 1139.9
1267490 1139.9
1267500 1138.9
1267510 1136.5
1267520 1136.5
1267530 1133.2
1267540 1129.9
1267550 1129.9
1267560 1126.9
1267570 1123.2
1267580 1123.2
1267590 1119.8
1267600 1116.4
1267610 1116.4
1267620 1114.4
1267630 1113.1
1267640 1110.9
1267650 1110.9
1267660 1106.0
1267670 1099.2
1267680 1099.2
1267690 1093.5
1267700 1090.4
1267710 1090.4
1267720 1089.7
1267730 1091.5
1267740 1091.5
1267750 1094.2
1267760 1096.1
1267770 1096.1
1267780 1095.6
1267790 1095.6
1267800 1095.6
1267810 1099.2
1267820 1103.4
1267830 1103.4
1267840 1107.4
1267850 1109.8
1267860 1109.8
1267870 1110.8
1267880 1110.2
1267890 1110.2
1267900 1109.6
1267910 1109.0
1267920 1108.2
1267930 1108.2
1267940 1107.5
1267950 1106.6
1267960 1106.6
1267970 1104.3
1267980 1102.1
1267990 1093.6
1268000 1091.2
1268010 1088.6
1268020 1088.6
1268030 1086.0
1268040 1084.6
1268050 1084.6
1268060 1083.3
1268070 1082.1
1268080 1082.1
1268090 1081.1
1268100 1080.0
1268110 1080.0
1268120 1079.0
1268130 1077.7
1268140 1077.7
1268150 1076.6
1268160 1075.5
1268170 1074.1
1268180 1074.1
1268190 1072.6
1268200 1071.1
1268210 1071.1
1268220 1070.2
1268230 1069.0
1268240 1069.0
1268250 1068.0
1268260 1067.0
1268270 1067.0
1268280 1066.2
1268290 1065.4
1268300 1065.4
1268310 1064.5
1268320 1063.7
1268330 1063.7
1268340 1063.0
1268350 1062.1
1268360 1062.1
1268370 1061.0
1268380 1059.7
1268390 1059.7
1268400 1057.8
1268410 1055.5
1268420 1055.5
1268430 1053.7
1268440 1052.2
1268450 1048.9
1268460 1048.9
1268470 1046.4
1268480 1046.6
1268490 1046.6
1268500 1047.1
1268510 1047.1
1268520 1047.1
1268530 1044.7
1268540 1045.1
1268550 1045.1
1268560 1046.4
1268570 1046.1
1268580 1043.0
1268590 1043.1
1268600 1040.1
1268610 1040.1
1268620 1035.0
1268630 1032.1
1268640 1032.1
1268650 1030.9
1268660 1030.3
1268670 1030.3
1268680 1032.5
1268690 1036.0
1268700 1036.0
1268710 1038.8
1268720 1036.8
1268730 1033.3
1268740 1033.3
1268750 1033.3
1268760 1034.1
1268770 1034.1
1268780 1034.4
1268790 1033.9
1268800 1033.9
1268810 1033.9
1268820 1034.2
1268830 1034.2
1268840 1035.2
1268850 1035.9
1268860 1035.9
1268870 1035.7
1268880 1035.2
1268890 1035.2
1268900 1034.3
1268910 1033.2
1268920 1033.2
1268930 1031.9
1268940 1030.4
1268950 1030.4
1268960 1028.8
1268970 1027.2
1268980 1025.8
1268990 1025.8
1269000 1024.5
1269010 1023.0
1269020 1023.0
1269030 1021.6
1269040 1020.6
1269050 1020.6
1269060 1019.9
1269070 1018.9
1269080 1018.9
1269090 1017.9
1269100 1017.2
1269110 1017.2
1269120 1017.4
1269130 1017.2
1269140 1017.2
1269150 1015.9
1269160 1014.5
1269170 1011.5
1269180 1010.1
1269190 1008.5
1269200 1008.5
1269210 1006.3
1269220 1003.0
1269230 1003.0
1269240 1001.0
1269250 1001.2
1269260 1001.4
1269270 1001.4
1269280 1001.2
1269290 1001.3
1269300 1001.3
1269310 1001.0
1269320 1000.2
1269330 1000.2
1269340 998.3
1269350 994.2
1269360 994.2
1269370 990.3
1269380 987.1
1269390 987.1
1269400 985.8
1269410 986.4
1269420 986.4
1269430 988.4
1269440 990.4
1269450 990.4
1269460 989.5
1269470 985.4
1269480 985.4
1269490 981.4
1269500 978.0
1269510 978.0
1269520 975.2
1269530 972.6
1269540 970.5
1269550 970.5
1269560 969.1
1269570 968.0
1269580 968.0
1269590 964.5
1269600 959.4
1269610 959.4
1269620 955.0
1269630 950.9
1269640 950.9
1269650 950.8
1269660 952.1
1269670 952.1
1269680 953.7
1269690 955.4
1269700 955.4
1269710 958.3
1269720 960.3
1269730 960.3
1269740 961.3
1269750 961.0
1269760 955.2
1269770 953.1
1269780 951.2
1269790 949.7
1269800 949.7
1269810 948.3
1269820 946.6
1269830 946.6
1269840 944.6
1269850 942.7
1269860 942.7
1269870 940.5
1269880 938.3
1269890 938.3
1269900 936.3
1269910 934.4
1269920 934.4
1269930 933.4
1269940 935.6
1269950 935.6
1269960 937.8
1269970 941.0
1269980 941.0
1269990 941.5
1270000 940.8
1270010 940.8
1270020 943.7
1270030 943.0
1270040 943.0
1270050 939.1
1270060 938.6
1270070 939.3
1270080 939.3
1270090 936.2
1270100 932.3
1270110 932.3
1270120 931.9
1270130 933.0
1270140 933.0
1270150 934.1
1270160 935.0
1270170 935.0
1270180 934.6
1270190 937.2
1270200 937.2
1270210 939.0
1270220 938.4
1270230 938.4
1270240 937.4
1270250 936.2
1270260 936.2
1270270 935.0
1270280 933.9
1270290 933.9
1270300 932.1
1270310 932.0
1270320 932.0
1270330 931.4
1270340 929.4
1270350 925.7
1270360 927.0
1270370 921.4
1270380 913.9
1270390 913.9
1270400 907.6
1270410 902.0
1270420 902.0
1270430 897.9
1270440 895.7
1270450 895.7
1270460 895.6
1270470 896.3
1270480 896.3
1270490 896.8
1270500 896.9
1270510 896.9
1270520 897.1
1270530 896.2
1270540 896.2
1270550 895.8
1270560 896.4
1270570 896.4
1270580 896.4
1270590 892.7
1270600 888.1
1270610 888.1
1270620 883.1
1270630 874.4
1270640 874.4
1270650 859.7
1270660 848.5
1270670 848.5
1270680 839.7
1270690 832.0
1270700 832.0
1270710 824.4
1270720 820.0
1270730 820.0
1270740 820.1
1270750 822.9
1270760 822.9
1270770 827.5
1270780 834.1
1270790 834.1
1270800 844.3
1270810 858.5
1270820 858.5
1270830 869.4
1270840 876.7
1270850 876.7
1270860 883.3
1270870 887.3
1270880 891.3
1270890 891.3
1270900 893.8
1270910 895.7
1270920 895.7
1270930 894.9
1270940 893.0
1270950 891.8
1270960 891.5
1270970 895.5
1270980 895.5
1270990 896.8
1271000 898.0
1271010 898.0
1271020 898.5
1271030 898.7
1271040 898.7
1271050 898.4
1271060 897.9
1271070 897.9
1271080 896.5
1271090 894.6
1271100 894.6
1271110 894.9
1271120 892.7
1271130 892.7
1271140 887.9
1271150 882.3
1271160 880.3
1271170 880.3
1271180 883.9
1271190 887.5
1271200 887.5
1271210 888.2
1271220 885.2
1271230 885.2
1271240 882.1
1271250 881.0
1271260 881.0
1271270 880.7
1271280 881.0
1271290 881.0
1271300 880.5
1271310 879.4
1271320 879.4
1271330 878.3
1271340 877.2
1271350 877.2
1271360 876.0
1271370 874.9
1271380 874.9
1271390 874.1
1271400 873.3
1271410 872.3
1271420 872.3
1271430 871.5
1271440 871.0
1271450 871.0
1271460 870.8
1271470 870.7
1271480 870.7
1271490 870.5
1271500 870.2
1271510 870.2
1271520 869.9
1271530 869.7
1271540 869.7
1271550 868.6
1271560 869.2
1271570 869.2
1271580 870.3
1271590 871.4
1271600 871.4
1271610 872.4
1271620 873.1
1271630 873.1
1271640 873.6
1271650 874.1
1271660 874.1
1271670 874.5
1271680 874.9
1271690 875.2
1271700 875.2
1271710 875.5
1271720 875.9
1271730 875.9
1271740 876.3
1271750 876.4
1271760 876.4
1271770 875.0
1271780 873.4
1271790 873.4
1271800 871.3
1271810 870.7
1271820 870.7
1271830 869.2
1271840 869.5
1271850 869.5
1271860 870.0
1271870 870.2
1271880 870.2
1271890 868.6
1271900 867.6
1271910 867.6
1271920 867.5
1271930 868.5
1271940 871.4
1271950 871.4
1271960 874.4
1271970 876.0
1271980 876.0
1271990 876.2
1272000 876.1
1272010 876.1
1272020 876.5
1272030 876.8
1272040 876.8
1272050 876.2
1272060 875.3
1272070 875.3
1272080 874.3
1272090 872.2
1272100 872.2
1272110 869.3
1272120 867.4
1272130 867.4
1272140 868.3
1272150 867.8
1272160 867.8
1272170 869.8
1272180 871.0
1272190 871.0
1272200 871.5
1272210 871.3
1272220 871.3
1272230 871.3
1272240 870.9
1272250 870.4
1272260 870.4
1272270 870.0
1272280 869.5
1272290 869.5
1272300 869.1
1272310 868.7
1272320 868.7
1272330 868.3
1272340 868.0
1272350 868.0
1272360 867.8
1272370 867.2
1272380 867.2
1272390 866.5
1272400 865.9
1272410 865.9
1272420 865.1
1272430 864.5
1272440 864.5
1272450 863.9
1272460 863.4
1272470 863.4
1272480 862.8
1272490 862.0
1272500 861.1
1272510 861.1
1272520 860.3
1272530 859.5
1272540 859.5
1272550 857.5
1272560 853.2
1272570 853.2
1272580 856.0
1272590 858.9
1272600 858.9
1272610 859.4
1272620 859.4
1272630 859.4
1272640 859.2
1272650 859.0
1272660 859.0
1272670 858.9
1272680 858.8
1272690 858.8
1272700 858.6
1272710 858.1
1272720 858.1
1272730 857.6
1272740 857.3
1272750 854.1
1272760 854.1
1272770 853.5
1272780 852.8
1272790 852.8
1272800 852.1
1272810 851.5
1272820 851.5
1272830 850.9
1272840 850.3
1272850 850.3
1272860 849.7
1272870 849.0
1272880 849.0
1272890 848.4
1272900 847.7
1272910 847.7
1272920 847.2
1272930 846.8
1272940 846.8
1272950 846.6
1272960 846.2
1272970 846.2
1272980 845.8
1272990 845.6
1273000 845.6
1273010 845.3
1273020 844.9
1273030 844.8
1273040 844.8
1273050 844.6
1273060 844.4
1273070 844.4
1273080 844.0
1273090 843.4
1273100 843.4
1273110 842.9
1273120 842.5
1273130 842.5
1273140 842.1
1273150 841.8
1273160 841.8
1273170 841.4
1273180 841.5
1273190 841.5
1273200 841.5
1273210 841.2
1273220 841.2
1273230 840.7
1273240 838.9
1273250 838.9
1273260 833.7
1273270 826.0
1273280 826.0
1273290 818.3
1273300 812.4
1273310 806.9
1273320 806.9
1273330 802.3
1273340 799.8
1273350 803.1
1273360 799.0
1273370 796.5
1273380 796.5
1273390 796.4
1273400 796.2
1273410 796.2
1273420 795.5
1273430 794.9
1273440 794.9
1273450 794.9
1273460 794.5
1273470 794.5
1273480 794.5
1273490 793.7
1273500 793.7
1273510 793.2
1273520 792.4
1273530 792.4
1273540 790.8
1273550 788.8
1273560 787.6
1273570 787.6
1273580 787.2
1273590 785.5
1273600 785.5
1273610 784.1
1273620 783.4
1273630 783.4
1273640 782.7
1273650 781.8
1273660 781.8
1273670 781.2
1273680 780.5
1273690 780.5
1273700 779.7
1273710 779.2
1273720 779.2
1273730 778.5
1273740 777.7
1273750 777.7
1273760 776.8
1273770 775.4
1273780 775.4
1273790 776.0
1273800 779.6
1273810 779.6
1273820 783.7
1273830 786.3
1273840 787.5
1273850 787.5
1273860 787.8
1273870 788.4
1273880 788.4
1273890 788.8
1273900 786.2
1273910 786.2
1273920 780.3
1273930 774.1
1273940 774.1
1273950 764.8
1273960 759.2
1273970 759.2
1273980 758.4
1273990 758.5
1274000 758.5
1274010 759.6
1274020 762.5
1274030 762.5
1274040 765.8
1274050 769.1
1274060 769.1
1274070 772.5
1274080 776.8
1274090 776.8
1274100 780.7
1274110 783.4
1274120 785.5
1274130 785.5
1274140 787.2
1274150 790.0
1274160 790.0
1274170 794.7
1274180 799.9
1274190 799.9
1274200 802.3
1274210 803.1
1274220 803.1
1274230 800.9
1274240 796.6
1274250 796.6
1274260 792.3
1274270 787.8
1274280 787.8
1274290 783.0
1274300 780.1
1274310 780.1
1274320 777.3
1274330 774.6
1274340 774.6
1274350 772.2
1274360 769.9
1274370 767.6
1274380 767.6
1274390 765.3
1274400 763.0
1274410 763.0
1274420 760.8
1274430 759.0
1274440 759.0
1274450 757.2
1274460 755.8
1274470 755.8
1274480 754.7
1274490 753.5
1274500 753.5
1274510 752.3
1274520 751.1
1274530 751.1
1274540 750.1
1274550 750.3
1274560 745.8
1274570 746.9
1274580 749.4
1274590 749.4
1274600 752.1
1274610 754.6
1274620 754.6
1274630 756.7
1274640 758.4
1274650 757.2
1274660 757.2
1274670 754.5
1274680 752.2
1274690 752.2
1274700 749.7
1274710 746.1
1274720 746.1
1274730 742.1
1274740 738.7
1274750 738.7
1274760 736.8
1274770 735.3
1274780 735.3
1274790 734.0
1274800 733.2
1274810 733.2
1274820 732.7
1274830 731.6
1274840 731.6
1274850 730.7
1274860 730.1
1274870 730.1
1274880 729.4
1274890 728.4
1274900 728.4
1274910 726.8
1274920 723.7
1274930 724.4
1274940 724.4
1274950 724.2
1274960 723.3
1274970 723.3
1274980 722.5
1274990 722.2
1275000 722.2
1275010 722.2
1275020 721.8
1275030 721.8
1275040 720.9
1275050 720.0
1275060 720.0
1275070 719.0
1275080 717.9
1275090 717.9
1275100 717.1
1275110 716.0
1275120 716.0
1275130 714.9
1275140 714.1
1275150 714.1
1275160 712.3
1275170 712.4
1275180 712.5
1275190 712.5
1275200 714.4
1275210 720.5
1275220 720.5
1275230 728.2
1275240 734.5
1275250 734.5
1275260 735.9
1275270 736.0
1275280 736.0
1275290 735.8
1275300 734.7
1275310 734.7
1275320 732.9
1275330 730.5
1275340 730.5
1275350 728.0
1275360 725.9
1275370 725.9
1275380 724.2
1275390 722.8
1275400 722.8
1275410 721.8
1275420 721.1
1275430 721.1
1275440 720.3
1275450 719.1
1275460 717.6
1275470 717.6
1275480 715.9
1275490 714.0
1275500 714.0
1275510 712.0
1275520 710.2
1275530 710.2
1275540 708.6
1275550 707.0
1275560 707.0
1275570 705.3
1275580 703.8
1275590 703.8
1275600 702.3
1275610 701.0
1275620 701.0
1275630 699.8
1275640 698.7
1275650 698.7
1275660 697.6
1275670 696.6
1275680 696.6
1275690 695.7
1275700 694.8
1275710 693.8
1275720 693.8
1275730 692.8
1275740 691.7
1275750 691.7
1275760 690.8
1275770 688.8
1275780 688.8
1275790 688.0
1275800 687.3
1275810 687.3
1275820 686.8
1275830 686.5
1275840 686.5
1275850 685.6
1275860 684.5
1275870 684.5
1275880 683.4
1275890 682.2
1275900 682.2
1275910 680.5
1275920 678.9
1275930 678.9
1275940 677.6
1275950 676.6
1275960 676.6
1275970 675.6
1275980 674.2
1275990 673.2
1276000 673.2
1276010 672.7
1276020 672.0
1276030 672.0
1276040 671.0
1276050 670.1
1276060 670.1
1276070 669.3
1276080 668.8
1276090 668.8
1276100 667.9
1276110 666.8
1276120 666.8
1276130 665.6
1276140 664.3
1276150 664.3
1276160 663.1
1276170 663.0
1276180 663.0
1276190 663.1
1276200 661.3
1276210 661.3
1276220 660.2
1276230 659.7
1276240 659.7
1276250 658.8
1276260 657.9
1276270 656.7
1276280 656.7
1276290 655.6
1276300 654.7
1276310 654.7
1276320 653.3
1276330 651.9
1276340 651.9
1276350 650.4
1276360 650.0
1276370 650.0
1276380 649.5
1276390 648.8
1276400 648.8
1276410 648.3
1276420 647.8
1276430 647.8
1276440 647.1
1276450 646.5
1276460 646.5
1276470 646.0
1276480 645.5
1276490 645.5
1276500 645.0
1276510 644.7
1276520 644.5
1276530 644.5
1276540 643.8
1276550 642.9
1276560 642.9
1276570 642.1
1276580 641.5
1276590 641.5
1276600 641.1
1276610 641.0
1276620 641.0
1276630 641.2
1276640 641.3
1276650 641.3
1276660 639.8
1276670 638.5
1276680 638.5
1276690 637.9
1276700 636.7
1276710 636.7
1276720 634.9
1276730 633.7
1276740 633.7
1276750 633.2
1276760 632.9
1276770 632.9
1276780 632.2
1276790 630.7
1276800 629.3
1276810 629.3
1276820 628.2
1276830 627.6
1276840 627.6
1276850 627.1
1276860 627.4
1276870 627.4
1276880 627.0
1276890 626.0
1276900 626.0
1276910 625.4
1276920 625.6
1276930 625.6
1276940 625.8
1276950 625.4
1276960 625.4
1276970 624.7
1276980 625.0
1276990 625.0
1277000 624.5
1277010 624.4
1277020 624.4
1277030 624.2
1277040 624.2
1277050 624.2
1277060 624.1
1277070 624.0
1277080 624.0
1277090 624.0
1277100 623.9
1277110 623.6
1277120 623.6
1277130 623.3
1277140 623.3
1277150 623.3
1277160 623.0
1277170 623.1
1277180 623.1
1277190 622.7
1277200 622.4
1277210 622.4
1277220 622.2
1277230 621.9
1277240 621.9
1277250 621.7
1277260 621.3
1277270 621.3
1277280 621.1
1277290 621.2
1277300 621.2
1277310 620.8
1277320 620.4
1277330 619.7
1277340 619.7
1277350 619.0
1277360 618.6
1277370 618.6
1277380 618.2
1277390 617.9
1277400 617.9
1277410 617.0
1277420 616.3
1277430 616.3
1277440 615.9
1277450 615.2
1277460 615.2
1277470 614.7
1277480 614.2
1277490 614.2
1277500 613.7
1277510 613.2
1277520 613.2
1277530 612.6
1277540 612.0
1277550 612.0
1277560 612.0
1277570 612.0
1277580 612.0
1277590 612.2
1277600 611.9
1277610 609.2
1277620 609.2
1277630 608.7
1277640 608.2
1277650 608.2
1277660 607.6
1277670 607.0
1277680 607.0
1277690 606.5
1277700 606.0
1277710 606.0
1277720 605.2
1277730 604.6
1277740 604.6
1277750 604.1
1277760 603.7
1277770 603.7
1277780 602.9
1277790 601.9
1277800 601.9
1277810 601.1
1277820 600.5
1277830 600.5
1277840 600.0
1277850 599.3
1277860 599.3
1277870 597.8
1277880 597.0
1277890 596.7
1277900 596.7
1277910 596.7
1277920 595.6
1277930 595.6
1277940 594.0
1277950 593.5
1277960 593.5
1277970 593.0
1277980 592.7
1277990 592.7
1278000 592.3
1278010 591.9
1278020 591.9
1278030 591.6
1278040 591.6
1278050 591.6
1278060 591.1
1278070 590.8
1278080 590.8
1278090 590.6
1278100 589.9
1278110 589.9
1278120 589.3
1278130 589.1
1278140 588.8
1278150 588.8
1278160 588.6
1278170 588.2
1278180 588.2
1278190 587.9
1278200 587.5
1278210 587.5
1278220 587.3
1278230 586.8
1278240 586.8
1278250 586.6
1278260 586.3
1278270 586.3
1278280 586.3
1278290 586.4
1278300 586.4
1278310 586.4
1278320 586.4
1278330 586.4
1278340 586.4
1278350 586.4
1278360 586.4
1278370 586.3
1278380 586.4
1278390 586.4
1278400 586.4
1278410 586.0
1278420 585.4
1278430 585.4
1278440 585.0
1278450 584.7
1278460 584.7
1278470 584.3
1278480 583.9
1278490 583.9
1278500 583.5
1278510 583.2
1278520 583.2
1278530 582.9
1278540 582.7
1278550 582.7
1278560 582.6
1278570 582.4
1278580 582.4
1278590 582.3
1278600 582.3
1278610 582.3
1278620 582.4
1278630 582.5
1278640 582.5
1278650 582.5
1278660 582.6
1278670 582.6
1278680 582.8
1278690 583.0
1278700 583.4
1278710 583.4
1278720 583.8
1278730 584.2
1278740 584.2
1278750 584.5
1278760 584.9
1278770 584.9
1278780 585.4
1278790 585.8
1278800 585.8
1278810 586.0
1278820 586.2
1278830 586.2
1278840 586.5
1278850 586.7
1278860 586.7
1278870 587.4
1278880 588.0
1278890 588.0
1278900 588.4
1278910 588.7
1278920 588.7
1278930 589.1
1278940 589.3
1278950 589.4
1278960 589.4
1278970 589.7
1278980 590.1
1278990 590.1
1279000 590.5
1279010 590.8
1279020 590.8
1279030 591.3
1279040 591.6
1279050 591.6
1279060 592.0
1279070 592.4
1279080 592.4
1279090 592.8
1279100 593.2
1279110 593.2
1279120 593.6
1279130 593.9
1279140 593.9
1279150 594.4
1279160 594.8
1279170 594.8
1279180 595.1
1279190 595.5
1279200 595.5
1279210 595.8
1279220 596.1
1279230 596.6
1279240 596.6
1279250 597.0
1279260 597.3
1279270 597.3
1279280 597.6
1279290 597.9
1279300 597.9
1279310 598.6
1279320 599.1
1279330 599.1
1279340 599.5
1279350 599.8
1279360 599.8
1279370 600.0
1279380 600.3
1279390 600.3
1279400 600.7
1279410 601.1
1279420 601.1
1279430 601.4
1279440 601.8
1279450 601.8
1279460 602.2
1279470 602.5
1279480 602.9
1279490 602.9
1279500 603.3
1279510 603.6
1279520 603.6
1279530 603.9
1279540 604.3
1279550 604.3
1279560 604.8
1279570 605.3
1279580 605.3
1279590 605.7
1279600 606.1
1279610 606.1
1279620 606.6
1279630 606.9
1279640 606.9
1279650 607.1
1279660 607.4
1279670 607.4
1279680 607.6
1279690 607.7
1279700 607.7
1279710 608.0
1279720 608.4
1279730 608.4
1279740 608.8
1279750 609.2
1279760 609.4
1279770 609.4
1279780 609.6
1279790 609.9
1279800 609.9
1279810 610.2
1279820 610.5
1279830 610.5
1279840 610.8
1279850 611.0
1279860 611.0
1279870 611.4
1279880 611.7
1279890 611.7
1279900 611.9
1279910 612.1
1279920 612.1
1279930 612.3
1279940 612.6
1279950 612.6
1279960 612.8
1279970 613.0
1279980 613.0
1279990 613.4
