1260000 2081.6
1260010 2081.6
1260020 2077.9
1260030 2074.8
1260040 2074.8
1260050 2071.9
1260060 2068.8
1260070 2068.8
1260080 2066.8
1260090 2068.4
1260100 2068.4
1260110 2072.1
1260120 2075.5
1260130 2075.5
1260140 2077.6
1260150 2078.7
1260160 2078.7
1260170 2084.9
1260180 2092.8
1260190 2102.5
1260200 2102.5
1260210 2110.1
1260220 2115.6
1260230 2115.6
1260240 2121.5
1260250 2126.7
1260260 2126.7
1260270 2131.1
1260280 2137.3
1260290 2137.3
1260300 2146.4
1260310 2152.2
1260320 2152.2
1260330 2147.4
1260340 2145.5
1260350 2145.5
1260360 2148.5
1260370 2153.7
1260380 2153.7
1260390 2153.3
1260400 2139.7
1260410 2139.7
1260420 2130.1
1260430 2120.4
1260440 2120.4
1260450 2112.7
1260460 2105.6
1260470 2100.2
1260480 2100.2
1260490 2094.7
1260500 2091.4
1260510 2091.4
1260520 2089.7
1260530 2102.0
1260540 2102.0
1260550 2112.3
1260560 2118.2
1260570 2118.2
1260580 2123.2
1260590 2128.6
1260600 2128.6
1260610 2130.3
1260620 2123.9
1260630 2123.9
1260640 2109.7
1260650 2089.0
1260660 2089.0
1260670 2072.7
1260680 2060.5
1260690 2060.5
1260700 2051.5
1260710 2045.0
1260720 2040.8
1260730 2040.8
1260740 2034.9
1260750 2026.4
1260760 2026.4
1260770 2022.2
1260780 2023.6
1260790 2023.6
1260800 2022.1
1260810 2020.4
1260820 2020.4
1260830 2020.4
1260840 2019.2
1260850 2019.2
1260860 2017.9
1260870 2012.6
1260880 2012.6
1260890 2005.5
1260900 1996.8
1260910 1996.8
1260920 1984.8
1260930 1975.1
1260940 1975.1
1260950 1973.8
1260960 1969.3
1260970 1960.8
1260980 1960.3
1260990 1963.1
1261000 1965.1
1261010 1965.1
1261020 1965.6
1261030 1961.8
1261040 1961.8
1261050 1956.7
1261060 1949.3
1261070 1949.3
1261080 1927.7
1261090 1907.7
1261100 1907.7
1261110 1893.4
1261120 1890.4
1261130 1890.4
1261140 1907.3
1261150 1937.3
1261160 1937.3
1261170 1948.6
1261180 1958.9
1261190 1958.9
1261200 1968.9
1261210 1978.0
1261220 1978.0
1261230 1985.7
1261240 1993.5
1261250 1993.5
1261260 2001.0
1261270 2007.6
1261280 2012.3
1261290 2012.3
1261300 2015.1
1261310 2016.9
1261320 2016.9
1261330 2017.0
1261340 2015.5
1261350 2015.5
1261360 2010.7
1261370 2009.3
1261380 2009.3
1261390 2012.6
1261400 2014.3
1261410 2014.3
1261420 2017.3
1261430 2024.4
1261440 2024.4
1261450 2029.9
1261460 2033.2
1261470 2033.2
1261480 2034.7
1261490 2037.8
1261500 2037.8
1261510 2042.2
1261520 2046.5
1261530 2049.6
1261540 2035.6
1261550 2034.6
1261560 2033.7
1261570 2033.7
1261580 2029.4
1261590 2022.2
1261600 2022.2
1261610 2031.3
1261620 2038.9
1261630 2038.9
1261640 2045.2
1261650 2051.5
1261660 2051.5
1261670 2056.8
1261680 2061.3
1261690 2061.3
1261700 2064.6
1261710 2067.9
1261720 2067.9
1261730 2073.4
1261740 2080.0
1261750 2080.0
1261760 2087.6
1261770 2095.8
1261780 2095.8
1261790 2107.4
1261800 2118.5
1261810 2123.8
1261820 2123.8
1261830 2125.9
1261840 2126.6
1261850 2126.6
1261860 2126.2
1261870 2124.0
1261880 2124.0
1261890 2115.9
1261900 2098.0
1261910 2098.0
1261920 2078.1
1261930 2072.1
1261940 2072.1
1261950 2067.2
1261960 2062.8
1261970 2062.8
1261980 2058.8
1261990 2055.2
1262000 2055.2
1262010 2051.6
1262020 2048.2
1262030 2048.2
1262040 2045.0
1262050 2041.9
1262060 2041.9
1262070 2039.1
1262080 2037.1
1262090 2035.5
1262100 2035.5
1262110 2028.1
1262120 2026.4
1262130 2026.4
1262140 2025.6
1262150 2025.0
1262160 2025.0
1262170 2024.3
1262180 2024.3
1262190 2024.3
1262200 2024.6
1262210 2025.2
1262220 2025.2
1262230 2025.7
1262240 2027.3
1262250 2027.3
1262260 2030.2
1262270 2034.4
1262280 2034.4
1262290 2039.1
1262300 2043.7
1262310 2043.7
1262320 2048.4
1262330 2053.2
1262340 2053.2
1262350 2058.2
1262360 2063.5
1262370 2069.1
1262380 2069.1
1262390 2074.7
1262400 2080.2
1262410 2080.2
1262420 2086.1
1262430 2092.4
1262440 2092.4
1262450 2098.9
1262460 2105.5
1262470 2105.5
1262480 2112.3
1262490 2120.4
1262500 2120.4
1262510 2144.3
1262520 2152.8
1262530 2152.8
1262540 2157.4
1262550 2168.5
1262560 2168.5
1262570 2174.7
1262580 2181.2
1262590 2181.2
1262600 2193.7
1262610 2206.0
1262620 2217.7
1262630 2217.7
1262640 2226.0
1262650 2234.5
1262660 2234.5
1262670 2245.0
1262680 2253.5
1262690 2253.5
1262700 2262.6
1262710 2268.7
1262720 2268.7
1262730 2263.0
1262740 2253.3
1262750 2253.3
1262760 2244.2
1262770 2237.5
1262780 2237.5
1262790 2228.8
1262800 2217.2
1262810 2217.2
1262820 2199.7
1262830 2188.4
1262840 2188.4
1262850 2181.8
1262860 2177.4
1262870 2177.4
1262880 2171.6
1262890 2163.2
1262900 2156.8
1262910 2156.8
1262920 2149.5
1262930 2143.5
1262940 2143.5
1262950 2138.6
1262960 2129.3
1262970 2129.3
1262980 2118.0
1262990 2110.6
1263000 2110.6
1263010 2103.0
1263020 2095.7
1263030 2095.7
1263040 2087.9
1263050 2080.9
1263060 2080.9
1263070 2074.4
1263080 2065.8
1263090 2065.8
1263100 2056.0
1263110 2045.7
1263120 2045.7
1263130 2037.0
1263140 2030.5
1263150 2030.5
1263160 2024.5
1263170 2019.3
1263180 2017.6
1263190 2017.6
1263200 2015.1
1263210 2011.1
1263220 2011.1
1263230 2007.8
1263240 2003.3
1263250 1997.2
1263260 1992.7
1263270 1988.2
1263280 1988.2
1263290 1980.0
1263300 1968.7
1263310 1968.7
1263320 1960.1
1263330 1952.5
1263340 1952.5
1263350 1945.9
1263360 1937.5
1263370 1937.5
1263380 1929.3
1263390 1922.7
1263400 1922.7
1263410 1916.8
1263420 1910.7
1263430 1902.7
1263440 1902.7
1263450 1893.9
1263460 1884.6
1263470 1884.6
1263480 1877.1
1263490 1870.1
1263500 1870.1
1263510 1863.6
1263520 1856.7
1263530 1856.7
1263540 1849.9
1263550 1843.4
1263560 1843.4
1263570 1837.0
1263580 1830.5
1263590 1830.5
1263600 1824.4
1263610 1818.4
1263620 1818.4
1263630 1812.0
1263640 1805.5
1263650 1805.5
1263660 1799.0
1263670 1792.3
1263680 1792.3
1263690 1785.5
1263700 1777.9
1263710 1770.5
1263720 1770.5
1263730 1765.7
1263740 1763.4
1263750 1763.4
1263760 1759.8
1263770 1753.4
1263780 1753.4
1263790 1747.7
1263800 1742.4
1263810 1742.4
1263820 1736.3
1263830 1724.6
1263840 1724.6
1263850 1718.0
1263860 1712.0
1263870 1712.0
1263880 1706.7
1263890 1701.7
1263900 1701.7
1263910 1695.5
1263920 1688.5
1263930 1688.5
1263940 1685.2
1263950 1681.5
1263960 1681.5
1263970 1674.4
1263980 1666.4
1263990 1655.2
1264000 1655.2
1264010 1642.9
1264020 1633.3
1264030 1633.3
1264040 1625.9
1264050 1619.2
1264060 1619.2
1264070 1612.5
1264080 1606.0
1264090 1606.0
1264100 1599.8
1264110 1594.4
1264120 1594.4
1264130 1591.6
1264140 1592.8
1264150 1592.8
1264160 1593.9
1264170 1593.9
1264180 1593.9
1264190 1590.7
1264200 1588.1
1264210 1588.1
1264220 1588.3
1264230 1588.6
1264240 1590.0
1264250 1590.0
1264260 1590.0
1264270 1588.8
1264280 1588.8
1264290 1587.3
1264300 1586.8
1264310 1586.8
1264320 1586.7
1264330 1584.8
1264340 1584.8
1264350 1581.9
1264360 1578.3
1264370 1578.3
1264380 1573.1
1264390 1566.9
1264400 1566.9
1264410 1561.2
1264420 1554.7
1264430 1554.7
1264440 1547.6
1264450 1540.7
1264460 1540.7
1264470 1533.3
1264480 1525.9
1264490 1525.9
1264500 1518.6
1264510 1511.6
1264520 1505.0
1264530 1505.0
1264540 1498.4
1264550 1492.4
1264560 1492.4
1264570 1488.4
1264580 1487.8
1264590 1487.8
1264600 1487.6
1264610 1486.0
1264620 1486.0
1264630 1483.8
1264640 1481.8
1264650 1481.8
1264660 1480.0
1264670 1476.6
1264680 1476.6
1264690 1472.2
1264700 1467.9
1264710 1467.9
1264720 1464.1
1264730 1459.6
1264740 1459.6
1264750 1454.2
1264760 1448.4
1264770 1448.4
1264780 1443.2
1264790 1438.0
1264800 1432.8
1264810 1432.8
1264820 1427.0
1264830 1420.9
1264840 1420.9
1264850 1404.0
1264860 1392.2
1264870 1392.2
1264880 1382.5
1264890 1374.4
1264900 1374.4
1264910 1366.6
1264920 1358.8
1264930 1358.8
1264940 1350.1
1264950 1340.0
1264960 1340.0
1264970 1339.1
1264980 1338.2
1264990 1331.3
1265000 1330.9
1265010 1335.5
1265020 1335.5
1265030 1343.2
1265040 1352.5
1265050 1357.8
1265060 1357.8
1265070 1357.5
1265080 1357.2
1265090 1357.2
1265100 1360.5
1265110 1360.4
1265120 1360.4
1265130 1355.8
1265140 1355.4
1265150 1355.4
1265160 1360.3
1265170 1362.9
1265180 1362.9
1265190 1363.5
1265200 1359.0
1265210 1359.0
1265220 1353.2
1265230 1348.4
1265240 1348.4
1265250 1344.3
1265260 1341.9
1265270 1341.9
1265280 1342.0
1265290 1344.7
1265300 1344.7
1265310 1349.0
1265320 1353.3
1265330 1358.5
1265340 1358.5
1265350 1364.5
1265360 1369.3
1265370 1369.3
1265380 1373.3
1265390 1375.4
1265400 1375.4
1265410 1376.4
1265420 1375.8
1265430 1375.8
1265440 1375.9
1265450 1375.5
1265460 1375.5
1265470 1375.3
1265480 1376.3
1265490 1376.3
1265500 1377.6
1265510 1378.2
1265520 1378.2
1265530 1375.6
1265540 1370.0
1265550 1370.0
1265560 1363.5
1265570 1356.5
1265580 1356.5
1265590 1349.5
1265600 1342.8
1265610 1336.1
1265620 1336.1
1265630 1330.0
1265640 1323.2
1265650 1323.2
1265660 1316.2
1265670 1309.2
1265680 1309.2
1265690 1301.2
1265700 1294.9
1265710 1294.9
1265720 1290.9
1265730 1288.0
1265740 1288.0
1265750 1286.0
1265760 1286.6
1265770 1286.6
1265780 1292.1
1265790 1298.4
1265800 1298.4
1265810 1304.0
1265820 1308.4
1265830 1308.4
1265840 1311.5
1265850 1310.0
1265860 1306.2
1265870 1306.2
1265880 1305.3
1265890 1309.7
1265900 1309.7
1265910 1316.9
1265920 1323.2
1265930 1323.2
1265940 1327.2
1265950 1328.7
1265960 1328.7
1265970 1330.2
1265980 1333.6
1265990 1333.6
1266000 1339.4
1266010 1345.7
1266020 1345.7
1266030 1351.8
1266040 1357.6
1266050 1357.6
1266060 1363.2
1266070 1368.8
1266080 1368.8
1266090 1374.7
1266100 1380.2
1266110 1380.2
1266120 1383.4
1266130 1385.4
1266140 1386.8
1266150 1382.1
1266160 1381.8
1266170 1382.2
1266180 1382.2
1266190 1384.0
1266200 1386.2
1266210 1386.2
1266220 1388.9
1266230 1391.6
1266240 1391.6
1266250 1393.9
1266260 1396.6
1266270 1396.6
1266280 1399.0
1266290 1400.7
1266300 1400.7
1266310 1401.3
1266320 1401.8
1266330 1401.8
1266340 1401.1
1266350 1399.6
1266360 1399.6
1266370 1398.0
1266380 1397.3
1266390 1397.3
1266400 1397.0
1266410 1395.9
1266420 1397.0
1266430 1397.0
1266440 1401.8
1266450 1406.2
1266460 1406.2
1266470 1409.6
1266480 1411.6
1266490 1411.6
1266500 1412.3
1266510 1412.2
1266520 1412.2
1266530 1410.7
1266540 1407.8
1266550 1407.8
1266560 1406.0
1266570 1405.8
1266580 1405.8
1266590 1405.5
1266600 1405.0
1266610 1405.0
1266620 1403.0
1266630 1400.0
1266640 1400.0
1266650 1396.6
1266660 1393.0
1266670 1388.2
1266680 1388.2
1266690 1383.5
1266700 1379.7
1266710 1379.7
1266720 1377.7
1266730 1374.3
1266740 1374.3
1266750 1376.8
1266760 1374.3
1266770 1374.3
1266780 1369.7
1266790 1364.6
1266800 1364.6
1266810 1358.3
1266820 1351.4
1266830 1351.4
1266840 1344.8
1266850 1340.8
1266860 1340.8
1266870 1340.6
1266880 1343.5
1266890 1343.5
1266900 1347.7
1266910 1351.3
1266920 1351.3
1266930 1354.6
1266940 1357.7
1266950 1359.7
1266960 1359.7
1266970 1360.1
1266980 1358.8
1266990 1358.8
1267000 1356.0
1267010 1356.8
1267020 1356.8
1267030 1360.1
1267040 1362.3
1267050 1362.3
1267060 1363.6
1267070 1364.1
1267080 1364.1
1267090 1363.4
1267100 1362.0
1267110 1362.0
1267120 1360.0
1267130 1357.2
1267140 1357.2
1267150 1352.3
1267160 1344.8
1267170 1344.8
1267180 1339.1
1267190 1336.2
1267200 1336.2
1267210 1333.3
1267220 1331.8
1267230 1331.3
1267240 1331.3
1267250 1330.7
1267260 1328.7
1267270 1328.7
1267280 1329.6
1267290 1331.6
1267300 1331.6
1267310 1330.6
1267320 1320.2
1267330 1320.2
1267340 1311.3
1267350 1303.0
1267360 1303.0
1267370 1297.3
1267380 1291.6
1267390 1291.6
1267400 1285.6
1267410 1280.1
1267420 1280.1
1267430 1274.9
1267440 1269.5
1267450 1269.5
1267460 1264.5
1267470 1260.4
1267480 1260.4
1267490 1257.3
1267500 1256.7
1267510 1255.6
1267520 1255.6
1267530 1251.3
1267540 1246.5
1267550 1246.5
1267560 1246.9
1267570 1249.2
1267580 1249.2
1267590 1252.1
1267600 1255.1
1267610 1255.1
1267620 1258.1
1267630 1260.2
1267640 1260.2
1267650 1260.9
1267660 1260.8
1267670 1260.8
1267680 1260.1
1267690 1260.1
1267700 1260.1
1267710 1258.6
1267720 1256.8
1267730 1256.8
1267740 1255.5
1267750 1254.8
1267760 1254.0
1267770 1254.0
1267780 1253.5
1267790 1253.1
1267800 1253.1
1267810 1252.9
1267820 1252.5
1267830 1252.5
1267840 1253.2
1267850 1253.6
1267860 1253.6
1267870 1252.7
1267880 1249.5
1267890 1249.5
1267900 1242.4
1267910 1243.0
1267920 1243.0
1267930 1242.8
1267940 1241.7
1267950 1241.7
1267960 1241.3
1267970 1241.8
1267980 1241.8
1267990 1242.3
1268000 1242.3
1268010 1242.3
1268020 1242.7
1268030 1244.0
1268040 1244.9
1268050 1244.9
1268060 1245.8
1268070 1245.4
1268080 1245.4
1268090 1245.3
1268100 1245.2
1268110 1245.2
1268120 1245.9
1268130 1246.6
1268140 1246.6
1268150 1247.3
1268160 1247.6
1268170 1247.6
1268180 1247.5
1268190 1247.1
1268200 1247.1
1268210 1246.8
1268220 1245.5
1268230 1245.5
1268240 1245.7
1268250 1244.4
1268260 1244.4
1268270 1242.1
1268280 1239.4
1268290 1239.4
1268300 1236.2
1268310 1232.5
1268320 1228.1
1268330 1228.1
1268340 1224.0
1268350 1221.8
1268360 1221.8
1268370 1218.6
1268380 1213.2
1268390 1213.2
1268400 1209.4
1268410 1206.9
1268420 1206.9
1268430 1204.5
1268440 1202.7
1268450 1202.7
1268460 1200.3
1268470 1197.5
1268480 1197.5
1268490 1191.1
1268500 1188.1
1268510 1188.1
1268520 1184.0
1268530 1178.1
1268540 1178.1
1268550 1172.4
1268560 1167.3
1268570 1163.4
1268580 1163.4
1268590 1160.5
1268600 1157.9
1268610 1157.9
1268620 1157.1
1268630 1156.9
1268640 1156.9
1268650 1156.5
1268660 1157.5
1268670 1157.5
1268680 1159.1
1268690 1159.8
1268700 1159.8
1268710 1159.4
1268720 1157.5
1268730 1157.5
1268740 1153.9
1268750 1150.4
1268760 1150.4
1268770 1147.3
1268780 1144.6
1268790 1144.6
1268800 1142.0
1268810 1141.9
1268820 1141.9
1268830 1142.8
1268840 1145.0
1268850 1148.2
1268860 1148.2
1268870 1149.4
1268880 1147.8
1268890 1147.8
1268900 1144.3
1268910 1139.6
1268920 1139.6
1268930 1137.8
1268940 1139.9
1268950 1139.9
1268960 1141.9
1268970 1141.3
1268980 1141.3
1268990 1139.2
1269000 1137.1
1269010 1137.1
1269020 1134.7
1269030 1131.9
1269040 1131.9
1269050 1128.6
1269060 1125.6
1269070 1125.6
1269080 1118.5
1269090 1116.6
1269100 1116.6
1269110 1114.0
1269120 1111.6
1269130 1108.3
1269140 1108.3
1269150 1104.9
1269160 1102.5
1269170 1102.5
1269180 1102.3
1269190 1101.2
1269200 1101.2
1269210 1099.4
1269220 1096.1
1269230 1096.1
1269240 1092.3
1269250 1089.1
1269260 1089.1
1269270 1087.6
1269280 1086.1
1269290 1086.1
1269300 1082.5
1269310 1080.0
1269320 1080.0
1269330 1077.4
1269340 1074.5
1269350 1074.5
1269360 1072.4
1269370 1069.9
1269380 1068.0
1269390 1068.0
1269400 1066.9
1269410 1065.9
1269420 1065.9
1269430 1062.1
1269440 1056.4
1269450 1056.4
1269460 1052.0
1269470 1048.8
1269480 1048.8
1269490 1046.8
1269500 1045.8
1269510 1045.8
1269520 1044.7
1269530 1043.0
1269540 1043.0
1269550 1042.1
1269560 1041.6
1269570 1041.6
1269580 1039.8
1269590 1037.2
1269600 1037.2
1269610 1035.9
1269620 1033.7
1269630 1033.7
1269640 1031.6
1269650 1030.3
1269660 1028.4
1269670 1025.2
1269680 1023.3
1269690 1022.1
1269700 1022.1
1269710 1020.9
1269720 1019.1
1269730 1019.1
1269740 1020.6
1269750 1023.6
1269760 1023.6
1269770 1026.7
1269780 1030.3
1269790 1030.3
1269800 1033.8
1269810 1034.8
1269820 1034.8
1269830 1033.9
1269840 1033.1
1269850 1033.1
1269860 1032.0
1269870 1030.9
1269880 1030.9
1269890 1029.5
1269900 1028.2
1269910 1028.2
1269920 1027.1
1269930 1025.9
1269940 1024.9
1269950 1024.9
1269960 1024.0
1269970 1022.7
1269980 1022.7
1269990 1021.3
1270000 1019.8
1270010 1019.8
1270020 1018.4
1270030 1016.3
1270040 1016.3
1270050 1013.6
1270060 1010.2
1270070 1010.2
1270080 1007.5
1270090 1004.8
1270100 1004.8
1270110 1002.5
1270120 1002.3
1270130 1002.3
1270140 1001.9
1270150 1001.6
1270160 1001.6
1270170 1001.6
1270180 1001.7
1270190 1001.1
1270200 1001.1
1270210 1000.0
1270220 1000.2
1270230 1000.2
1270240 1000.3
1270250 999.3
1270260 999.3
1270270 996.2
1270280 996.4
1270290 996.4
1270300 996.2
1270310 995.5
1270320 995.5
1270330 992.6
1270340 989.0
1270350 989.0
1270360 985.7
1270370 983.0
1270380 983.0
1270390 980.2
1270400 980.0
1270410 980.0
1270420 980.5
1270430 977.2
1270440 977.2
1270450 972.8
1270460 968.0
1270470 960.2
1270480 960.2
1270490 949.6
1270500 941.3
1270510 941.3
1270520 933.8
1270530 925.2
1270540 925.2
1270550 915.8
1270560 907.8
1270570 907.8
1270580 904.0
1270590 906.7
1270600 906.7
1270610 909.2
1270620 914.3
1270630 914.3
1270640 923.3
1270650 932.0
1270660 932.0
1270670 934.5
1270680 935.4
1270690 935.4
1270700 939.1
1270710 944.2
1270720 944.2
1270730 950.5
1270740 960.1
1270750 971.3
1270760 971.3
1270770 979.8
1270780 985.8
1270790 985.8
1270800 989.2
1270810 989.6
1270820 989.6
1270830 988.7
1270840 988.3
1270850 988.3
1270860 984.5
1270870 984.7
1270880 984.7
1270890 985.5
1270900 984.3
1270910 984.3
1270920 981.4
1270930 979.2
1270940 979.2
1270950 981.1
1270960 981.5
1270970 981.5
1270980 977.7
1270990 972.3
1271000 970.0
1271010 970.0
1271020 972.5
1271030 974.9
1271040 974.9
1271050 976.1
1271060 975.3
1271070 975.3
1271080 973.7
1271090 971.8
1271100 971.8
1271110 971.1
1271120 969.1
1271130 969.1
1271140 967.2
1271150 966.1
1271160 966.1
1271170 964.4
1271180 962.0
1271190 962.0
1271200 960.3
1271210 958.5
1271220 958.5
1271230 957.7
1271240 955.4
1271250 955.4
1271260 953.8
1271270 953.4
1271280 951.8
1271290 951.8
1271300 949.5
1271310 947.7
1271320 947.7
1271330 946.3
1271340 945.0
1271350 945.0
1271360 944.1
1271370 943.2
1271380 943.2
1271390 940.7
1271400 938.7
1271410 938.7
1271420 936.9
1271430 935.4
1271440 935.4
1271450 934.2
1271460 930.0
1271470 930.0
1271480 928.8
1271490 927.7
1271500 927.7
1271510 927.1
1271520 925.4
1271530 925.4
1271540 922.8
1271550 921.2
1271560 920.4
1271570 920.4
1271580 919.0
1271590 917.5
1271600 917.5
1271610 917.0
1271620 915.8
1271630 915.8
1271640 914.1
1271650 912.3
1271660 912.3
1271670 910.8
1271680 909.5
1271690 909.5
1271700 908.7
1271710 909.1
1271720 909.1
1271730 909.8
1271740 910.6
1271750 910.6
1271760 911.2
1271770 912.1
1271780 912.1
1271790 912.5
1271800 912.9
1271810 913.5
1271820 913.5
1271830 913.9
1271840 913.5
1271850 913.5
1271860 913.2
1271870 912.8
1271880 912.8
1271890 912.1
1271900 912.5
1271910 912.5
1271920 913.1
1271930 913.5
1271940 913.5
1271950 913.7
1271960 913.8
1271970 913.8
1271980 913.2
1271990 912.5
1272000 912.5
1272010 911.3
1272020 910.1
1272030 910.1
1272040 909.2
1272050 906.6
1272060 906.6
1272070 905.7
1272080 905.0
1272090 904.0
1272100 904.0
1272110 902.8
1272120 902.0
1272130 902.0
1272140 901.1
1272150 900.0
1272160 900.0
1272170 898.6
1272180 897.5
1272190 897.5
1272200 896.5
1272210 895.2
1272220 895.2
1272230 893.7
1272240 892.1
1272250 892.1
1272260 891.0
1272270 889.8
1272280 889.8
1272290 888.9
1272300 888.8
1272310 888.8
1272320 888.7
1272330 888.4
1272340 888.4
1272350 888.0
1272360 887.6
1272370 887.1
1272380 887.1
1272390 886.9
1272400 886.7
1272410 886.7
1272420 886.5
1272430 886.4
1272440 886.4
1272450 886.4
1272460 886.5
1272470 886.5
1272480 886.6
1272490 886.7
1272500 886.7
1272510 886.9
1272520 886.8
1272530 886.8
1272540 886.5
1272550 886.2
1272560 886.2
1272570 885.8
1272580 885.1
1272590 885.1
1272600 884.2
1272610 882.8
1272620 882.2
1272630 882.2
1272640 882.2
1272650 879.6
1272660 879.6
1272670 879.0
1272680 878.8
1272690 878.8
1272700 878.4
1272710 877.9
1272720 877.9
1272730 877.1
1272740 875.9
1272750 875.9
1272760 874.3
1272770 873.3
1272780 873.3
1272790 872.6
1272800 872.0
1272810 872.0
1272820 871.2
1272830 870.0
1272840 870.0
1272850 868.6
1272860 867.7
1272870 867.7
1272880 867.1
1272890 866.6
1272900 866.0
1272910 866.0
1272920 864.3
1272930 861.4
1272940 861.4
1272950 860.9
1272960 861.1
1272970 861.1
1272980 860.4
1272990 859.8
1273000 859.8
1273010 859.1
1273020 857.5
1273030 857.5
1273040 856.1
1273050 856.4
1273060 856.4
1273070 856.5
1273080 856.5
1273090 856.5
1273100 856.8
1273110 856.8
1273120 856.8
1273130 856.6
1273140 856.2
1273150 856.2
1273160 856.3
1273170 856.4
1273180 856.4
1273190 856.4
1273200 856.4
1273210 856.4
1273220 856.4
1273230 857.1
1273240 858.1
1273250 858.1
1273260 858.5
1273270 858.2
1273280 858.2
1273290 858.5
1273300 859.0
1273310 859.0
1273320 859.0
1273330 859.2
1273340 859.2
1273350 859.0
1273360 854.7
1273370 854.7
1273380 844.3
1273390 840.6
1273400 840.6
1273410 842.4
1273420 844.7
1273430 849.8
1273440 849.8
1273450 850.3
1273460 855.2
1273470 855.2
1273480 856.6
1273490 857.5
1273500 857.5
1273510 859.2
1273520 861.3
1273530 861.3
1273540 863.0
1273550 863.9
1273560 863.9
1273570 864.0
1273580 863.3
1273590 863.3
1273600 863.1
1273610 863.3
1273620 863.3
1273630 863.4
1273640 863.5
1273650 863.5
1273660 864.4
1273670 865.1
1273680 865.1
1273690 865.8
1273700 866.4
1273710 866.9
1273720 866.9
1273730 867.2
1273740 867.1
1273750 867.1
1273760 867.1
1273770 866.5
1273780 866.5
1273790 862.8
1273800 858.5
1273810 858.5
1273820 858.6
1273830 858.7
1273840 858.7
1273850 858.6
1273860 859.3
1273870 859.3
1273880 863.1
1273890 865.8
1273900 865.8
1273910 866.3
1273920 866.4
1273930 866.4
1273940 866.0
1273950 864.3
1273960 864.3
1273970 862.3
1273980 860.7
1273990 859.1
1274000 859.1
1274010 859.1
1274020 860.2
1274030 860.2
1274040 860.0
1274050 859.2
1274060 859.2
1274070 858.4
1274080 857.9
1274090 857.9
1274100 857.5
1274110 857.8
1274120 857.8
1274130 858.3
1274140 858.2
1274150 858.2
1274160 858.2
1274170 857.8
1274180 857.8
1274190 857.4
1274200 855.9
1274210 855.9
1274220 853.1
1274230 851.0
1274240 850.0
1274250 850.0
1274260 849.4
1274270 848.7
1274280 848.7
1274290 851.2
1274300 850.3
1274310 850.3
1274320 848.0
1274330 846.2
1274340 846.2
1274350 844.7
1274360 843.1
1274370 843.1
1274380 841.7
1274390 840.6
1274400 840.6
1274410 836.8
1274420 829.4
1274430 829.4
1274440 821.7
1274450 814.1
1274460 812.3
1274470 805.2
1274480 798.5
1274490 798.5
1274500 792.2
1274510 786.9
1274520 782.6
1274530 782.6
1274540 780.0
1274550 778.5
1274560 778.5
1274570 778.2
1274580 777.7
1274590 777.7
1274600 776.6
1274610 774.8
1274620 774.8
1274630 775.7
1274640 775.5
1274650 775.5
1274660 775.7
1274670 775.7
1274680 775.7
1274690 775.6
1274700 776.9
1274710 776.9
1274720 781.1
1274730 785.2
1274740 785.2
1274750 788.1
1274760 791.4
1274770 791.4
1274780 797.0
1274790 803.0
1274800 808.3
1274810 808.3
1274820 813.3
1274830 817.9
1274840 817.9
1274850 822.0
1274860 825.0
1274870 825.0
1274880 825.3
1274890 824.2
1274900 824.2
1274910 823.0
1274920 821.9
1274930 821.9
1274940 821.1
1274950 820.0
1274960 820.0
1274970 819.3
1274980 818.6
1274990 818.6
1275000 817.9
1275010 817.4
1275020 817.4
1275030 817.4
1275040 818.0
1275050 817.9
1275060 817.9
1275070 814.0
1275080 814.5
1275090 814.5
1275100 815.4
1275110 815.4
1275120 815.4
1275130 815.6
1275140 816.0
1275150 816.0
1275160 815.6
1275170 814.9
1275180 814.9
1275190 813.9
1275200 813.1
1275210 813.1
1275220 812.1
1275230 811.1
1275240 811.1
1275250 810.5
1275260 809.8
1275270 809.8
1275280 808.9
1275290 808.0
1275300 808.0
1275310 806.7
1275320 806.5
1275330 806.0
1275340 806.0
1275350 805.0
1275360 803.7
1275370 803.7
1275380 803.3
1275390 802.6
1275400 802.6
1275410 801.5
1275420 800.9
1275430 800.9
1275440 800.3
1275450 799.2
1275460 799.2
1275470 798.2
1275480 797.2
1275490 797.2
1275500 796.0
1275510 795.2
1275520 795.2
1275530 794.6
1275540 794.0
1275550 794.0
1275560 793.4
1275570 792.9
1275580 792.9
1275590 792.4
1275600 791.5
1275610 790.9
1275620 790.9
1275630 790.5
1275640 790.2
1275650 790.2
1275660 789.6
1275670 789.1
1275680 788.6
1275690 788.2
1275700 787.7
1275710 787.7
1275720 787.2
1275730 786.6
1275740 786.6
1275750 786.0
1275760 785.4
1275770 785.4
1275780 784.9
1275790 784.5
1275800 784.5
1275810 784.1
1275820 783.3
1275830 783.3
1275840 781.9
1275850 780.2
1275860 779.6
1275870 779.6
1275880 777.7
1275890 775.3
1275900 775.3
1275910 772.3
1275920 770.9
1275930 770.9
1275940 770.6
1275950 768.8
1275960 768.8
1275970 765.4
1275980 762.7
1275990 762.7
1276000 760.5
1276010 756.5
1276020 756.5
1276030 751.5
1276040 746.7
1276050 746.7
1276060 741.2
1276070 747.7
1276080 747.7
1276090 754.3
1276100 755.5
1276110 755.5
1276120 749.2
1276130 743.6
1276140 739.9
1276150 739.9
1276160 734.5
1276170 728.4
1276180 728.4
1276190 722.3
1276200 716.9
1276210 716.9
1276220 711.9
1276230 706.5
1276240 706.5
1276250 703.5
1276260 701.6
1276270 701.6
1276280 703.4
1276290 702.2
1276300 702.2
1276310 707.2
1276320 713.5
1276330 713.5
1276340 719.1
1276350 721.2
1276360 721.2
1276370 717.0
1276380 712.5
1276390 712.5
1276400 708.1
1276410 703.2
1276420 699.1
1276430 699.1
1276440 695.9
1276450 692.0
1276460 692.0
1276470 689.8
1276480 686.7
1276490 686.7
1276500 684.6
1276510 682.7
1276520 682.7
1276530 680.9
1276540 679.4
1276550 679.4
1276560 678.5
1276570 677.3
1276580 677.3
1276590 674.5
1276600 671.7
1276610 671.7
1276620 669.6
1276630 667.7
1276640 667.7
1276650 665.5
1276660 663.0
1276670 660.8
1276680 660.8
1276690 660.2
1276700 659.6
1276710 659.6
1276720 658.6
1276730 657.9
1276740 657.9
1276750 656.7
1276760 655.8
1276770 655.8
1276780 655.8
1276790 655.5
1276800 655.5
1276810 655.0
1276820 654.1
1276830 654.1
1276840 653.0
1276850 651.1
1276860 651.1
1276870 649.5
1276880 647.1
1276890 647.1
1276900 646.2
1276910 645.0
1276920 645.0
1276930 643.3
1276940 642.1
1276950 641.6
1276960 641.6
1276970 641.1
1276980 641.9
1276990 641.9
1277000 641.7
1277010 643.1
1277020 643.1
1277030 645.3
1277040 644.8
1277050 644.8
1277060 644.6
1277070 644.2
1277080 644.2
1277090 643.7
1277100 643.1
1277110 643.1
1277120 642.2
1277130 641.0
1277140 641.0
1277150 640.2
1277160 639.6
1277170 639.6
1277180 639.5
1277190 640.0
1277200 640.0
1277210 640.4
1277220 641.0
1277230 641.8
1277240 641.8
1277250 643.9
1277260 646.3
1277270 646.3
1277280 647.2
1277290 647.3
1277300 647.3
1277310 646.9
1277320 646.2
1277330 646.2
1277340 645.5
1277350 644.8
1277360 644.8
1277370 643.3
1277380 642.5
1277390 642.5
1277400 642.3
1277410 642.0
1277420 642.0
1277430 641.3
1277440 640.3
1277450 640.3
1277460 639.3
1277470 638.4
1277480 637.1
1277490 637.1
1277500 635.9
1277510 636.6
1277520 636.0
1277530 635.3
1277540 634.5
1277550 634.5
1277560 633.9
1277570 633.5
1277580 633.5
1277590 632.7
1277600 631.9
1277610 631.9
1277620 631.4
1277630 631.0
1277640 631.0
1277650 630.5
1277660 629.0
1277670 629.0
1277680 628.1
1277690 627.3
1277700 627.3
1277710 626.1
1277720 625.0
1277730 625.0
1277740 624.3
1277750 623.8
1277760 623.6
1277770 623.6
1277780 623.5
1277790 623.4
1277800 623.4
1277810 623.1
1277820 622.5
1277830 622.5
1277840 622.2
1277850 621.7
1277860 621.7
1277870 621.2
1277880 620.9
1277890 620.9
1277900 620.6
1277910 620.4
1277920 620.4
1277930 620.1
1277940 619.8
1277950 619.8
1277960 619.6
1277970 619.4
1277980 619.4
1277990 619.2
1278000 619.1
1278010 619.1
1278020 619.0
1278030 619.0
1278040 619.0
1278050 619.0
1278060 619.0
1278070 618.9
1278080 618.9
1278090 618.6
1278100 618.2
1278110 618.2
1278120 618.1
1278130 618.0
1278140 618.0
1278150 617.9
1278160 617.9
1278170 617.9
1278180 617.7
1278190 617.3
1278200 617.3
1278210 617.0
1278220 616.8
1278230 616.8
1278240 616.3
1278250 616.1
1278260 616.1
1278270 615.8
1278280 615.3
1278290 614.4
1278300 614.4
1278310 613.8
1278320 613.2
1278330 613.2
1278340 612.8
1278350 612.5
1278360 612.5
1278370 612.1
1278380 611.8
1278390 611.8
1278400 611.3
1278410 610.8
1278420 610.8
1278430 610.2
1278440 609.0
1278450 609.0
1278460 607.7
1278470 606.5
1278480 606.5
1278490 606.2
1278500 606.4
1278510 606.4
1278520 606.7
1278530 607.5
1278540 607.5
1278550 608.0
1278560 608.6
1278570 609.2
1278580 609.2
1278590 609.8
1278600 610.6
1278610 610.6
1278620 611.9
1278630 613.0
1278640 613.0
1278650 614.0
1278660 614.7
1278670 614.7
1278680 615.2
1278690 615.8
1278700 615.8
1278710 616.4
1278720 617.1
1278730 617.1
1278740 617.9
1278750 618.7
1278760 618.7
1278770 619.3
1278780 619.8
1278790 619.8
1278800 620.3
1278810 620.7
1278820 620.7
1278830 621.2
1278840 621.6
1278850 622.1
1278860 622.1
1278870 622.4
1278880 622.7
1278890 622.7
1278900 623.0
1278910 623.3
1278920 623.3
1278930 623.4
1278940 623.6
1278950 623.6
1278960 623.7
1278970 623.7
1278980 623.7
1278990 623.6
1279000 623.5
1279010 623.5
1279020 623.5
1279030 623.5
1279040 623.5
1279050 623.6
1279060 623.8
1279070 623.8
1279080 624.0
1279090 624.2
1279100 624.7
1279110 624.7
1279120 625.3
1279130 625.6
1279140 625.6
1279150 626.0
1279160 626.4
1279170 626.4
1279180 626.8
1279190 627.2
1279200 627.2
1279210 627.6
1279220 628.0
1279230 628.0
1279240 628.4
1279250 628.8
1279260 628.8
1279270 629.2
1279280 629.5
1279290 629.5
1279300 629.7
1279310 629.9
1279320 629.9
1279330 630.2
1279340 630.5
1279350 630.5
1279360 630.8
1279370 630.3
1279380 630.6
1279390 630.6
1279400 630.9
1279410 631.1
1279420 631.1
1279430 631.5
1279440 631.8
1279450 631.8
1279460 632.0
1279470 632.3
1279480 632.3
1279490 632.6
1279500 633.0
1279510 633.0
1279520 633.5
1279530 633.9
1279540 633.9
1279550 634.2
1279560 634.5
1279570 634.5
1279580 634.7
1279590 634.9
1279600 634.9
1279610 635.1
1279620 635.3
1279630 635.3
1279640 635.4
1279650 635.6
1279660 635.6
1279670 635.6
1279680 635.7
1279690 635.8
1279700 635.8
1279710 635.9
1279720 636.0
1279730 636.0
1279740 636.1
1279750 636.1
1279760 636.1
1279770 636.2
1279780 636.1
1279790 636.1
1279800 636.1
1279810 635.9
1279820 635.9
1279830 635.8
1279840 635.7
1279850 635.7
1279860 635.6
1279870 635.6
1279880 635.6
1279890 635.6
1279900 635.5
1279910 635.2
1279920 635.2
1279930 635.0
1279940 634.8
1279950 634.8
1279960 634.7
1279970 634.7
1279980 634.7
1279990 634.1
