1260000 2264.9
1260010 2264.9
1260020 2273.3
1260030 2279.8
1260040 2279.8
1260050 2287.0
1260060 2295.5
1260070 2295.5
1260080 2302.8
1260090 2309.8
1260100 2309.8
1260110 2317.4
1260120 2324.7
1260130 2324.7
1260140 2331.1
1260150 2336.0
1260160 2336.0
1260170 2339.3
1260180 2340.9
1260190 2339.8
1260200 2339.8
1260210 2338.6
1260220 2341.1
1260230 2341.1
1260240 2345.3
1260250 2350.8
1260260 2350.8
1260270 2349.9
1260280 2353.8
1260290 2353.8
1260300 2376.3
1260310 2383.0
1260320 2383.0
1260330 2386.9
1260340 2380.8
1260350 2380.8
1260360 2370.2
1260370 2355.4
1260380 2355.4
1260390 2349.5
1260400 2356.1
1260410 2356.1
1260420 2364.8
1260430 2368.2
1260440 2369.5
1260450 2369.5
1260460 2372.9
1260470 2378.6
1260480 2378.6
1260490 2384.5
1260500 2379.7
1260510 2379.7
1260520 2371.7
1260530 2355.3
1260540 2355.3
1260550 2344.1
1260560 2333.7
1260570 2333.7
1260580 2310.8
1260590 2291.9
1260600 2291.9
1260610 2290.6
1260620 2283.4
1260630 2283.4
1260640 2271.0
1260650 2268.1
1260660 2268.1
1260670 2268.7
1260680 2268.0
1260690 2268.0
1260700 2270.6
1260710 2273.1
1260720 2276.2
1260730 2276.2
1260740 2279.7
1260750 2286.0
1260760 2286.0
1260770 2301.8
1260780 2310.9
1260790 2310.9
1260800 2318.8
1260810 2326.2
1260820 2326.2
1260830 2333.2
1260840 2343.1
1260850 2343.1
1260860 2355.1
1260870 2376.2
1260880 2376.2
1260890 2383.1
1260900 2383.1
1260910 2383.1
1260920 2378.0
1260930 2379.3
1260940 2379.3
1260950 2385.5
1260960 2389.2
1260970 2389.2
1260980 2392.0
1260990 2395.2
1261000 2401.7
1261010 2401.7
1261020 2404.7
1261030 2411.0
1261040 2411.0
1261050 2419.0
1261060 2424.6
1261070 2424.6
1261080 2429.3
1261090 2428.2
1261100 2428.2
1261110 2419.3
1261120 2409.1
1261130 2409.1
1261140 2403.4
1261150 2402.2
1261160 2402.2
1261170 2395.9
1261180 2392.4
1261190 2392.4
1261200 2391.9
1261210 2385.7
1261220 2385.7
1261230 2383.3
1261240 2381.3
1261250 2381.3
1261260 2372.9
1261270 2357.7
1261280 2346.9
1261290 2346.9
1261300 2330.0
1261310 2312.2
1261320 2312.2
1261330 2295.9
1261340 2294.2
1261350 2294.2
1261360 2300.6
1261370 2298.6
1261380 2298.6
1261390 2298.7
1261400 2297.0
1261410 2297.0
1261420 2292.4
1261430 2288.7
1261440 2298.6
1261450 2294.6
1261460 2293.7
1261470 2293.7
1261480 2294.2
1261490 2292.7
1261500 2292.7
1261510 2289.3
1261520 2284.8
1261530 2276.5
1261540 2276.5
1261550 2274.9
1261560 2272.8
1261570 2272.8
1261580 2269.7
1261590 2265.9
1261600 2265.9
1261610 2265.1
1261620 2263.6
1261630 2263.6
1261640 2262.6
1261650 2265.5
1261660 2265.5
1261670 2277.0
1261680 2286.7
1261690 2286.7
1261700 2283.8
1261710 2275.8
1261720 2275.8
1261730 2267.6
1261740 2256.8
1261750 2256.8
1261760 2243.5
1261770 2238.7
1261780 2238.7
1261790 2243.5
1261800 2248.6
1261810 2253.6
1261820 2253.6
1261830 2258.9
1261840 2264.4
1261850 2264.4
1261860 2270.3
1261870 2276.1
1261880 2276.1
1261890 2284.0
1261900 2303.7
1261910 2303.7
1261920 2327.3
1261930 2336.4
1261940 2336.4
1261950 2344.9
1261960 2352.1
1261970 2352.1
1261980 2366.5
1261990 2373.4
1262000 2373.4
1262010 2403.5
1262020 2412.1
1262030 2412.1
1262040 2406.6
1262050 2397.4
1262060 2397.4
1262070 2408.0
1262080 2415.5
1262090 2419.7
1262100 2419.7
1262110 2435.3
1262120 2461.0
1262130 2461.0
1262140 2474.4
1262150 2485.6
1262160 2485.6
1262170 2500.1
1262180 2512.7
1262190 2512.7
1262200 2524.6
1262210 2535.1
1262220 2535.1
1262230 2541.9
1262240 2534.8
1262250 2534.8
1262260 2520.2
1262270 2525.3
1262280 2525.3
1262290 2535.8
1262300 2543.6
1262310 2543.6
1262320 2544.8
1262330 2528.5
1262340 2528.5
1262350 2511.3
1262360 2491.7
1262370 2467.7
1262380 2467.7
1262390 2457.4
1262400 2450.8
1262410 2450.8
1262420 2441.7
1262430 2425.8
1262440 2425.8
1262450 2407.9
1262460 2404.3
1262470 2404.3
1262480 2410.2
1262490 2414.2
1262500 2414.2
1262510 2407.4
1262520 2402.1
1262530 2402.1
1262540 2398.9
1262550 2392.8
1262560 2392.8
1262570 2385.2
1262580 2380.7
1262590 2390.2
1262600 2389.5
1262610 2387.7
1262620 2386.7
1262630 2386.7
1262640 2385.9
1262650 2376.7
1262660 2376.7
1262670 2369.2
1262680 2363.8
1262690 2363.8
1262700 2358.4
1262710 2353.6
1262720 2353.6
1262730 2355.5
1262740 2355.6
1262750 2355.6
1262760 2354.3
1262770 2354.6
1262780 2354.6
1262790 2351.7
1262800 2345.2
1262810 2345.2
1262820 2342.1
1262830 2343.9
1262840 2343.9
1262850 2346.9
1262860 2345.5
1262870 2345.5
1262880 2342.8
1262890 2341.5
1262900 2339.9
1262910 2339.9
1262920 2338.3
1262930 2337.7
1262940 2337.7
1262950 2338.2
1262960 2339.1
1262970 2339.1
1262980 2339.7
1262990 2336.7
1263000 2336.7
1263010 2330.5
1263020 2324.3
1263030 2324.3
1263040 2316.5
1263050 2308.4
1263060 2308.4
1263070 2300.8
1263080 2293.6
1263090 2293.6
1263100 2286.4
1263110 2278.6
1263120 2278.6
1263130 2271.2
1263140 2263.5
1263150 2263.5
1263160 2250.4
1263170 2241.7
1263180 2233.0
1263190 2233.0
1263200 2225.2
1263210 2218.0
1263220 2218.0
1263230 2209.7
1263240 2204.5
1263250 2204.5
1263260 2200.0
1263270 2196.0
1263280 2196.0
1263290 2193.7
1263300 2180.0
1263310 2180.0
1263320 2161.8
1263330 2150.7
1263340 2150.7
1263350 2141.0
1263360 2128.6
1263370 2128.6
1263380 2116.5
1263390 2109.9
1263400 2109.9
1263410 2103.3
1263420 2096.2
1263430 2096.2
1263440 2090.7
1263450 2088.0
1263460 2082.2
1263470 2082.2
1263480 2079.8
1263490 2079.6
1263500 2079.6
1263510 2078.9
1263520 2075.9
1263530 2075.9
1263540 2070.3
1263550 2065.5
1263560 2065.5
1263570 2060.9
1263580 2057.8
1263590 2057.8
1263600 2056.8
1263610 2050.0
1263620 2050.0
1263630 2054.2
1263640 2060.5
1263650 2060.5
1263660 2056.4
1263670 2047.1
1263680 2047.1
1263690 2046.1
1263700 2046.6
1263710 2045.3
1263720 2045.3
1263730 2047.9
1263740 2039.5
1263750 2039.5
1263760 2039.1
1263770 2034.9
1263780 2034.9
1263790 2033.0
1263800 2032.5
1263810 2032.5
1263820 2028.6
1263830 2027.5
1263840 2027.5
1263850 2029.4
1263860 2019.2
1263870 2019.2
1263880 2005.1
1263890 1994.2
1263900 1994.2
1263910 1987.4
1263920 1981.2
1263930 1981.2
1263940 1975.1
1263950 1966.7
1263960 1966.7
1263970 1959.8
1263980 1953.5
1263990 1947.5
1264000 1947.5
1264010 1941.9
1264020 1936.9
1264030 1936.9
1264040 1933.2
1264050 1928.6
1264060 1928.6
1264070 1923.7
1264080 1917.3
1264090 1917.3
1264100 1910.9
1264110 1905.0
1264120 1905.0
1264130 1899.9
1264140 1895.7
1264150 1895.7
1264160 1892.6
1264170 1889.7
1264180 1889.7
1264190 1886.7
1264200 1883.4
1264210 1883.4
1264220 1879.8
1264230 1875.6
1264240 1875.6
1264250 1871.5
1264260 1868.5
1264270 1865.4
1264280 1865.4
1264290 1861.8
1264300 1858.5
1264310 1854.1
1264320 1850.2
1264330 1846.0
1264340 1846.0
1264350 1841.2
1264360 1835.7
1264370 1835.7
1264380 1831.5
1264390 1828.4
1264400 1828.4
1264410 1825.9
1264420 1825.3
1264430 1825.3
1264440 1823.4
1264450 1820.7
1264460 1820.7
1264470 1817.8
1264480 1814.7
1264490 1814.7
1264500 1811.2
1264510 1807.3
1264520 1807.3
1264530 1802.3
1264540 1796.6
1264550 1794.2
1264560 1794.2
1264570 1796.5
1264580 1797.6
1264590 1797.6
1264600 1796.8
1264610 1794.9
1264620 1794.9
1264630 1791.9
1264640 1790.6
1264650 1790.6
1264660 1789.5
1264670 1787.8
1264680 1787.8
1264690 1786.4
1264700 1785.7
1264710 1785.7
1264720 1783.1
1264730 1780.1
1264740 1780.1
1264750 1776.4
1264760 1772.5
1264770 1772.5
1264780 1768.5
1264790 1763.8
1264800 1759.3
1264810 1759.3
1264820 1756.6
1264830 1754.8
1264840 1754.8
1264850 1751.4
1264860 1747.4
1264870 1747.4
1264880 1745.7
1264890 1740.3
1264900 1740.3
1264910 1741.2
1264920 1743.0
1264930 1743.0
1264940 1744.9
1264950 1746.9
1264960 1746.9
1264970 1748.5
1264980 1749.7
1264990 1749.7
1265000 1749.0
1265010 1750.8
1265020 1750.8
1265030 1754.5
1265040 1759.1
1265050 1759.1
1265060 1762.5
1265070 1764.1
1265080 1764.6
1265090 1764.6
1265100 1764.3
1265110 1763.2
1265120 1763.2
1265130 1760.5
1265140 1756.8
1265150 1756.8
1265160 1752.9
1265170 1748.4
1265180 1748.4
1265190 1743.5
1265200 1738.1
1265210 1738.1
1265220 1733.0
1265230 1727.6
1265240 1727.6
1265250 1727.5
1265260 1727.8
1265270 1727.8
1265280 1725.5
1265290 1722.4
1265300 1722.4
1265310 1726.0
1265320 1730.7
1265330 1730.7
1265340 1732.1
1265350 1734.9
1265360 1739.5
1265370 1739.5
1265380 1742.6
1265390 1743.5
1265400 1743.5
1265410 1746.2
1265420 1747.2
1265430 1747.2
1265440 1745.5
1265450 1741.1
1265460 1741.1
1265470 1731.8
1265480 1727.5
1265490 1727.5
1265500 1725.0
1265510 1721.8
1265520 1721.8
1265530 1717.3
1265540 1712.0
1265550 1712.0
1265560 1707.3
1265570 1701.7
1265580 1701.7
1265590 1695.0
1265600 1686.7
1265610 1686.7
1265620 1678.9
1265630 1677.7
1265640 1681.6
1265650 1681.6
1265660 1686.2
1265670 1691.8
1265680 1691.8
1265690 1696.6
1265700 1701.0
1265710 1701.0
1265720 1705.2
1265730 1708.8
1265740 1708.8
1265750 1711.8
1265760 1714.1
1265770 1714.1
1265780 1716.8
1265790 1721.3
1265800 1721.3
1265810 1724.8
1265820 1728.3
1265830 1728.3
1265840 1733.3
1265850 1738.4
1265860 1738.4
1265870 1742.8
1265880 1747.1
1265890 1751.3
1265900 1751.3
1265910 1755.0
1265920 1757.6
1265930 1757.6
1265940 1756.3
1265950 1752.9
1265960 1752.9
1265970 1750.0
1265980 1747.5
1265990 1747.5
1266000 1745.7
1266010 1744.6
1266020 1744.6
1266030 1744.8
1266040 1748.3
1266050 1748.3
1266060 1751.1
1266070 1757.0
1266080 1757.0
1266090 1762.0
1266100 1767.2
1266110 1767.2
1266120 1773.3
1266130 1779.0
1266140 1779.0
1266150 1785.4
1266160 1791.7
1266170 1797.6
1266180 1797.6
1266190 1803.1
1266200 1807.9
1266210 1807.9
1266220 1812.9
1266230 1817.4
1266240 1817.4
1266250 1821.9
1266260 1825.5
1266270 1825.5
1266280 1827.7
1266290 1829.4
1266300 1829.4
1266310 1830.7
1266320 1831.6
1266330 1831.6
1266340 1832.5
1266350 1833.2
1266360 1833.2
1266370 1833.7
1266380 1834.8
1266390 1834.8
1266400 1835.2
1266410 1833.8
1266420 1833.8
1266430 1831.2
1266440 1828.1
1266450 1824.9
1266460 1824.9
1266470 1821.7
1266480 1819.5
1266490 1819.5
1266500 1818.4
1266510 1817.3
1266520 1817.3
1266530 1814.6
1266540 1812.1
1266550 1812.1
1266560 1812.3
1266570 1814.1
1266580 1814.1
1266590 1815.4
1266600 1818.1
1266610 1818.1
1266620 1820.9
1266630 1822.9
1266640 1818.7
1266650 1821.2
1266660 1823.3
1266670 1823.3
1266680 1822.1
1266690 1816.4
1266700 1816.4
1266710 1810.0
1266720 1803.7
1266730 1797.1
1266740 1797.1
1266750 1790.4
1266760 1783.3
1266770 1783.3
1266780 1776.8
1266790 1770.0
1266800 1770.0
1266810 1763.2
1266820 1756.1
1266830 1756.1
1266840 1749.2
1266850 1743.3
1266860 1743.3
1266870 1739.2
1266880 1734.7
1266890 1734.7
1266900 1729.1
1266910 1723.9
1266920 1723.9
1266930 1718.9
1266940 1715.7
1266950 1715.7
1266960 1712.1
1266970 1708.7
1266980 1705.9
1266990 1705.9
1267000 1703.6
1267010 1701.2
1267020 1701.2
1267030 1698.9
1267040 1696.9
1267050 1696.9
1267060 1695.4
1267070 1694.1
1267080 1694.1
1267090 1694.1
1267100 1696.4
1267110 1696.4
1267120 1699.8
1267130 1703.2
1267140 1703.2
1267150 1705.7
1267160 1707.6
1267170 1707.6
1267180 1707.0
1267190 1703.4
1267200 1703.4
1267210 1697.9
1267220 1688.3
1267230 1688.3
1267240 1681.7
1267250 1675.2
1267260 1669.0
1267270 1669.0
1267280 1662.8
1267290 1657.4
1267300 1657.4
1267310 1653.1
1267320 1650.1
1267330 1650.1
1267340 1647.8
1267350 1645.5
1267360 1645.5
1267370 1641.3
1267380 1635.6
1267390 1635.6
1267400 1632.1
1267410 1629.5
1267420 1629.5
1267430 1628.4
1267440 1628.2
1267450 1628.2
1267460 1628.9
1267470 1628.6
1267480 1628.6
1267490 1627.4
1267500 1627.8
1267510 1627.8
1267520 1629.5
1267530 1629.1
1267540 1630.8
1267550 1630.8
1267560 1635.9
1267570 1641.8
1267580 1641.8
1267590 1648.2
1267600 1653.6
1267610 1653.6
1267620 1658.6
1267630 1663.4
1267640 1663.4
1267650 1670.0
1267660 1676.5
1267670 1676.5
1267680 1679.6
1267690 1678.6
1267700 1678.6
1267710 1676.0
1267720 1671.7
1267730 1671.7
1267740 1666.4
1267750 1660.2
1267760 1660.2
1267770 1653.8
1267780 1648.7
1267790 1648.7
1267800 1642.8
1267810 1633.6
1267820 1627.4
1267830 1627.4
1267840 1621.7
1267850 1616.9
1267860 1616.9
1267870 1613.1
1267880 1609.6
1267890 1609.6
1267900 1606.0
1267910 1599.0
1267920 1599.0
1267930 1595.6
1267940 1595.6
1267950 1595.6
1267960 1595.9
1267970 1597.8
1267980 1597.8
1267990 1600.0
1268000 1602.2
1268010 1602.2
1268020 1599.2
1268030 1592.1
1268040 1592.1
1268050 1585.6
1268060 1584.7
1268070 1589.3
1268080 1589.3
1268090 1592.8
1268100 1592.8
1268110 1592.8
1268120 1589.5
1268130 1587.6
1268140 1587.6
1268150 1587.7
1268160 1585.7
1268170 1585.7
1268180 1583.0
1268190 1582.7
1268200 1582.7
1268210 1583.1
1268220 1581.3
1268230 1581.3
1268240 1580.9
1268250 1582.0
1268260 1582.0
1268270 1578.5
1268280 1572.1
1268290 1572.1
1268300 1565.7
1268310 1560.6
1268320 1560.6
1268330 1558.1
1268340 1556.6
1268350 1552.9
1268360 1552.9
1268370 1551.6
1268380 1553.5
1268390 1553.5
1268400 1550.1
1268410 1549.8
1268420 1549.8
1268430 1544.1
1268440 1538.2
1268450 1538.2
1268460 1532.6
1268470 1530.0
1268480 1530.0
1268490 1529.0
1268500 1528.5
1268510 1528.5
1268520 1529.7
1268530 1532.4
1268540 1532.4
1268550 1536.5
1268560 1539.9
1268570 1539.9
1268580 1541.6
1268590 1538.5
1268600 1538.5
1268610 1533.1
1268620 1527.1
1268630 1521.4
1268640 1521.4
1268650 1514.7
1268660 1507.5
1268670 1507.5
1268680 1498.8
1268690 1487.4
1268700 1487.4
1268710 1478.3
1268720 1477.9
1268730 1477.9
1268740 1477.5
1268750 1477.6
1268760 1477.6
1268770 1479.7
1268780 1483.2
1268790 1483.2
1268800 1485.5
1268810 1482.9
1268820 1482.9
1268830 1474.6
1268840 1466.3
1268850 1466.3
1268860 1457.3
1268870 1449.6
1268880 1447.7
1268890 1447.7
1268900 1446.6
1268910 1445.4
1268920 1445.4
1268930 1443.3
1268940 1440.9
1268950 1440.9
1268960 1438.7
1268970 1437.3
1268980 1437.3
1268990 1429.6
1269000 1430.9
1269010 1430.9
1269020 1432.1
1269030 1435.0
1269040 1435.0
1269050 1434.5
1269060 1432.4
1269070 1432.4
1269080 1434.0
1269090 1434.9
1269100 1434.9
1269110 1433.3
1269120 1433.3
1269130 1433.3
1269140 1433.0
1269150 1430.5
1269160 1428.1
1269170 1428.1
1269180 1426.6
1269190 1421.7
1269200 1421.7
1269210 1420.7
1269220 1422.5
1269230 1422.5
1269240 1423.5
1269250 1426.4
1269260 1426.4
1269270 1425.1
1269280 1416.9
1269290 1416.9
1269300 1408.5
1269310 1402.8
1269320 1402.8
1269330 1398.0
1269340 1391.7
1269350 1391.7
1269360 1386.3
1269370 1385.3
1269380 1385.3
1269390 1380.1
1269400 1369.2
1269410 1369.2
1269420 1364.4
1269430 1370.6
1269440 1379.7
1269450 1379.7
1269460 1383.2
1269470 1387.0
1269480 1387.0
1269490 1390.5
1269500 1393.0
1269510 1393.0
1269520 1395.1
1269530 1397.1
1269540 1397.1
1269550 1399.6
1269560 1401.3
1269570 1401.3
1269580 1395.1
1269590 1396.8
1269600 1396.8
1269610 1396.9
1269620 1395.6
1269630 1395.6
1269640 1389.9
1269650 1383.3
1269660 1383.3
1269670 1377.9
1269680 1373.2
1269690 1373.2
1269700 1370.7
1269710 1369.3
1269720 1369.8
1269730 1369.8
1269740 1374.6
1269750 1380.4
1269760 1380.4
1269770 1384.8
1269780 1387.2
1269790 1387.2
1269800 1387.8
1269810 1387.3
1269820 1387.3
1269830 1386.6
1269840 1385.7
1269850 1385.7
1269860 1386.1
1269870 1386.0
1269880 1386.0
1269890 1384.3
1269900 1378.7
1269910 1378.7
1269920 1369.1
1269930 1360.3
1269940 1360.3
1269950 1352.1
1269960 1344.7
1269970 1340.1
1269980 1340.1
1269990 1336.8
1270000 1330.0
1270010 1330.0
1270020 1320.4
1270030 1311.3
1270040 1311.3
1270050 1303.3
1270060 1295.0
1270070 1295.0
1270080 1287.1
1270090 1279.6
1270100 1279.6
1270110 1271.4
1270120 1263.8
1270130 1263.8
1270140 1256.3
1270150 1249.0
1270160 1249.0
1270170 1239.7
1270180 1233.1
1270190 1233.1
1270200 1227.1
1270210 1221.8
1270220 1221.8
1270230 1217.1
1270240 1213.4
1270250 1209.6
1270260 1209.6
1270270 1202.2
1270280 1193.5
1270290 1193.5
1270300 1185.4
1270310 1177.4
1270320 1177.4
1270330 1169.7
1270340 1161.0
1270350 1161.0
1270360 1154.9
1270370 1147.0
1270380 1147.0
1270390 1137.0
1270400 1129.2
1270410 1129.2
1270420 1123.0
1270430 1118.1
1270440 1118.1
1270450 1119.2
1270460 1115.8
1270470 1115.8
1270480 1115.5
1270490 1120.7
1270500 1120.7
1270510 1123.1
1270520 1127.7
1270530 1132.6
1270540 1132.6
1270550 1136.0
1270560 1138.6
1270570 1138.6
1270580 1139.1
1270590 1136.4
1270600 1136.4
1270610 1133.9
1270620 1135.2
1270630 1135.2
1270640 1138.2
1270650 1141.0
1270660 1141.0
1270670 1141.8
1270680 1140.9
1270690 1140.9
1270700 1141.0
1270710 1141.4
1270720 1141.4
1270730 1144.4
1270740 1148.1
1270750 1148.1
1270760 1148.4
1270770 1151.1
1270780 1151.1
1270790 1151.1
1270800 1151.3
1270810 1154.7
1270820 1154.7
1270830 1158.2
1270840 1163.7
1270850 1163.7
1270860 1169.5
1270870 1176.9
1270880 1176.9
1270890 1184.2
1270900 1190.7
1270910 1190.7
1270920 1192.6
1270930 1192.3
1270940 1192.3
1270950 1194.1
1270960 1198.6
1270970 1198.6
1270980 1201.7
1270990 1201.7
1271000 1201.7
1271010 1201.3
1271020 1203.3
1271030 1203.3
1271040 1207.2
1271050 1213.0
1271060 1219.5
1271070 1219.5
1271080 1225.6
1271090 1229.8
1271100 1229.8
1271110 1233.6
1271120 1237.3
1271130 1237.3
1271140 1240.5
1271150 1243.0
1271160 1243.0
1271170 1245.2
1271180 1246.8
1271190 1246.8
1271200 1247.5
1271210 1245.9
1271220 1245.9
1271230 1244.2
1271240 1244.5
1271250 1244.5
1271260 1246.3
1271270 1249.5
1271280 1249.5
1271290 1251.6
1271300 1253.0
1271310 1253.0
1271320 1254.1
1271330 1255.8
1271340 1258.5
1271350 1258.5
1271360 1258.1
1271370 1259.1
1271380 1259.1
1271390 1260.1
1271400 1260.7
1271410 1260.7
1271420 1261.5
1271430 1262.8
1271440 1262.8
1271450 1264.0
1271460 1265.3
1271470 1265.3
1271480 1266.7
1271490 1268.1
1271500 1268.1
1271510 1268.7
1271520 1269.1
1271530 1269.1
1271540 1268.6
1271550 1267.2
1271560 1267.2
1271570 1265.5
1271580 1264.7
1271590 1264.7
1271600 1264.0
1271610 1261.5
1271620 1258.7
1271630 1258.7
1271640 1258.4
1271650 1260.0
1271660 1260.0
1271670 1264.3
1271680 1266.4
1271690 1266.4
1271700 1266.0
1271710 1265.4
1271720 1265.4
1271730 1264.7
1271740 1265.6
1271750 1265.6
1271760 1267.1
1271770 1268.4
1271780 1268.4
1271790 1269.4
1271800 1270.2
1271810 1270.2
1271820 1271.4
1271830 1270.7
1271840 1270.7
1271850 1269.5
1271860 1267.2
1271870 1267.2
1271880 1263.7
1271890 1259.6
1271900 1257.3
1271910 1257.3
1271920 1255.9
1271930 1252.3
1271940 1252.3
1271950 1248.3
1271960 1239.9
1271970 1239.9
1271980 1237.5
1271990 1235.7
1272000 1235.7
1272010 1232.6
1272020 1226.1
1272030 1226.1
1272040 1221.0
1272050 1221.4
1272060 1221.4
1272070 1225.0
1272080 1229.6
1272090 1229.6
1272100 1234.9
1272110 1233.6
1272120 1233.6
1272130 1229.7
1272140 1226.7
1272150 1224.6
1272160 1224.6
1272170 1221.2
1272180 1215.6
1272190 1215.6
1272200 1208.5
1272210 1200.5
1272220 1200.5
1272230 1192.8
1272240 1186.9
1272250 1186.9
1272260 1184.7
1272270 1187.4
1272280 1187.4
1272290 1192.5
1272300 1197.4
1272310 1197.4
1272320 1196.7
1272330 1188.8
1272340 1188.8
1272350 1182.2
1272360 1175.4
1272370 1175.4
1272380 1167.4
1272390 1160.2
1272400 1160.2
1272410 1153.1
1272420 1145.5
1272430 1138.1
1272440 1138.1
1272450 1132.3
1272460 1127.0
1272470 1127.0
1272480 1121.1
1272490 1114.8
1272500 1114.8
1272510 1108.8
1272520 1103.1
1272530 1103.1
1272540 1097.6
1272550 1092.6
1272560 1092.0
1272570 1087.7
1272580 1083.6
1272590 1083.6
1272600 1079.5
1272610 1075.9
1272620 1075.9
1272630 1073.3
1272640 1070.8
1272650 1070.8
1272660 1068.6
1272670 1066.5
1272680 1066.5
1272690 1062.6
1272700 1058.8
1272710 1056.7
1272720 1056.7
1272730 1055.4
1272740 1055.5
1272750 1055.5
1272760 1054.6
1272770 1051.7
1272780 1051.7
1272790 1049.1
1272800 1046.9
1272810 1046.9
1272820 1044.8
1272830 1043.5
1272840 1043.5
1272850 1043.0
1272860 1042.3
1272870 1042.3
1272880 1040.8
1272890 1040.7
1272900 1040.7
1272910 1041.5
1272920 1042.3
1272930 1042.3
1272940 1042.7
1272950 1037.2
1272960 1037.2
1272970 1029.9
1272980 1028.8
1272990 1031.0
1273000 1031.0
1273010 1032.7
1273020 1033.4
1273030 1033.4
1273040 1033.9
1273050 1035.5
1273060 1035.5
1273070 1037.4
1273080 1039.3
1273090 1039.3
1273100 1041.5
1273110 1044.9
1273120 1044.9
1273130 1050.6
1273140 1057.4
1273150 1057.4
1273160 1051.7
1273170 1054.2
1273180 1054.2
1273190 1059.9
1273200 1067.7
1273210 1067.7
1273220 1071.9
1273230 1070.9
1273240 1068.1
1273250 1068.1
1273260 1066.3
1273270 1063.6
1273280 1063.6
1273290 1061.2
1273300 1060.6
1273310 1060.6
1273320 1060.6
1273330 1060.4
1273340 1060.4
1273350 1060.6
1273360 1062.1
1273370 1062.1
1273380 1066.1
1273390 1072.3
1273400 1072.3
1273410 1079.2
1273420 1086.7
1273430 1086.7
1273440 1094.4
1273450 1101.7
1273460 1101.7
1273470 1107.9
1273480 1114.4
1273490 1114.4
1273500 1120.3
1273510 1125.3
1273520 1127.3
1273530 1127.3
1273540 1127.7
1273550 1126.8
1273560 1126.8
1273570 1126.7
1273580 1126.9
1273590 1126.9
1273600 1125.2
1273610 1123.2
1273620 1123.2
1273630 1120.9
1273640 1118.8
1273650 1118.8
1273660 1116.3
1273670 1113.6
1273680 1113.6
1273690 1113.1
1273700 1114.5
1273710 1114.5
1273720 1117.0
1273730 1116.2
1273740 1116.2
1273750 1114.6
1273760 1110.3
1273770 1110.3
1273780 1108.1
1273790 1105.6
1273800 1103.1
1273810 1103.1
1273820 1099.8
1273830 1095.4
1273840 1095.4
1273850 1088.8
1273860 1080.6
1273870 1080.6
1273880 1072.6
1273890 1064.5
1273900 1064.5
1273910 1055.5
1273920 1047.3
1273930 1047.3
1273940 1039.8
1273950 1032.4
1273960 1032.4
1273970 1025.1
1273980 1017.6
1273990 1017.6
1274000 1010.8
1274010 1005.1
1274020 1005.1
1274030 1000.9
1274040 998.0
1274050 998.0
1274060 996.6
1274070 997.2
1274080 999.4
1274090 999.4
1274100 1003.0
1274110 1006.7
1274120 1006.7
1274130 1010.2
1274140 1013.1
1274150 1013.1
1274160 1013.3
1274170 1012.6
1274180 1012.6
1274190 1011.4
1274200 1010.5
1274210 1010.5
1274220 1011.0
1274230 1012.0
1274240 1012.0
1274250 1013.7
1274260 1017.3
1274270 1017.3
1274280 1022.1
1274290 1025.0
1274300 1025.0
1274310 1025.3
1274320 1024.6
1274330 1021.3
1274340 1021.3
1274350 1016.9
1274360 1011.3
1274370 1017.7
1274380 1011.0
1274390 1004.7
1274400 1004.7
1274410 999.8
1274420 995.0
1274430 995.0
1274440 989.3
1274450 981.4
1274460 981.4
1274470 970.6
1274480 959.5
1274490 959.5
1274500 947.5
1274510 935.0
1274520 935.0
1274530 929.4
1274540 933.7
1274550 933.7
1274560 940.5
1274570 948.0
1274580 948.0
1274590 956.1
1274600 964.4
1274610 971.9
1274620 971.9
1274630 981.0
1274640 989.2
1274650 989.2
1274660 993.0
1274670 986.9
1274680 986.9
1274690 983.3
1274700 984.3
1274710 984.3
1274720 985.7
1274730 984.1
1274740 984.1
1274750 985.7
1274760 990.3
1274770 990.3
1274780 992.4
1274790 991.3
1274800 991.3
1274810 987.7
1274820 986.9
1274830 986.9
1274840 989.9
1274850 989.3
1274860 989.3
1274870 987.5
1274880 990.7
1274890 995.8
1274900 995.8
1274910 999.2
1274920 999.1
1274930 999.1
1274940 997.5
1274950 996.4
1274960 996.4
1274970 988.5
1274980 986.2
1274990 986.2
1275000 988.1
1275010 990.3
1275020 990.3
1275030 990.3
1275040 988.4
1275050 988.4
1275060 987.2
1275070 987.0
1275080 987.0
1275090 987.2
1275100 986.1
1275110 986.1
1275120 984.2
1275130 980.9
1275140 978.2
1275150 978.2
1275160 979.0
1275170 978.5
1275180 978.5
1275190 977.1
1275200 975.7
1275210 975.7
1275220 973.9
1275230 970.9
1275240 970.9
1275250 968.3
1275260 967.6
1275270 967.6
1275280 964.5
1275290 961.8
1275300 961.8
1275310 958.2
1275320 956.3
1275330 956.3
1275340 953.0
1275350 948.7
1275360 948.7
1275370 945.9
1275380 943.2
1275390 943.2
1275400 942.0
1275410 940.0
1275420 938.5
1275430 938.5
1275440 937.3
1275450 935.0
1275460 935.0
1275470 932.1
1275480 929.8
1275490 929.8
1275500 928.3
1275510 927.7
1275520 927.7
1275530 926.8
1275540 925.0
1275550 925.0
1275560 922.7
1275570 920.9
1275580 917.7
1275590 916.1
1275600 914.9
1275610 914.9
1275620 913.8
1275630 911.6
1275640 911.6
1275650 910.1
1275660 908.3
1275670 908.3
1275680 907.5
1275690 906.0
1275700 904.6
1275710 904.6
1275720 904.1
1275730 903.9
1275740 903.9
1275750 903.7
1275760 902.4
1275770 902.4
1275780 901.2
1275790 899.7
1275800 899.7
1275810 898.0
1275820 896.0
1275830 896.0
1275840 894.2
1275850 892.5
1275860 892.5
1275870 891.1
1275880 890.1
1275890 890.1
1275900 889.3
1275910 888.4
1275920 888.4
1275930 887.0
1275940 885.7
1275950 885.7
1275960 884.7
1275970 883.6
1275980 882.3
1275990 882.3
1276000 881.2
1276010 880.2
1276020 880.2
1276030 879.4
1276040 878.6
1276050 878.6
1276060 878.2
1276070 878.0
1276080 878.0
1276090 877.8
1276100 877.9
1276110 877.9
1276120 878.2
1276130 878.6
1276140 878.6
1276150 879.2
1276160 880.2
1276170 880.2
1276180 881.2
1276190 878.8
1276200 878.8
1276210 877.1
1276220 872.7
1276230 866.2
1276240 866.2
1276250 859.0
1276260 844.3
1276270 844.3
1276280 833.6
1276290 829.3
1276300 829.3
1276310 831.6
1276320 838.6
1276330 838.6
1276340 844.7
1276350 850.7
1276360 850.7
1276370 855.4
1276380 860.3
1276390 860.3
1276400 863.3
1276410 863.6
1276420 863.6
1276430 862.6
1276440 863.3
1276450 863.3
1276460 862.2
1276470 859.7
1276480 859.7
1276490 853.5
1276500 844.8
1276510 837.5
1276520 837.5
1276530 830.6
1276540 823.3
1276550 823.3
1276560 820.6
1276570 824.0
1276580 824.0
1276590 832.1
1276600 839.6
1276610 839.6
1276620 846.5
1276630 853.2
1276640 853.2
1276650 858.3
1276660 860.2
1276670 860.2
1276680 861.0
1276690 861.6
1276700 861.6
1276710 861.7
1276720 860.7
1276730 860.7
1276740 860.1
1276750 859.5
1276760 859.5
1276770 857.0
1276780 855.2
1276790 853.7
1276800 849.1
1276810 847.9
1276820 846.2
1276830 846.2
1276840 843.7
1276850 838.6
1276860 838.6
1276870 837.3
1276880 841.6
1276890 841.6
1276900 843.2
1276910 841.9
1276920 841.9
1276930 838.1
1276940 831.9
1276950 831.9
1276960 829.4
1276970 829.6
1276980 829.6
1276990 830.1
1277000 831.4
1277010 831.4
1277020 833.6
1277030 836.3
1277040 836.3
1277050 838.1
1277060 838.5
1277070 835.2
1277080 835.2
1277090 830.9
1277100 826.4
1277110 826.4
1277120 824.8
1277130 825.2
1277140 825.2
1277150 824.6
1277160 823.4
1277170 823.4
1277180 823.2
1277190 823.7
1277200 823.7
1277210 823.7
1277220 822.2
1277230 822.2
1277240 822.1
1277250 823.2
1277260 823.2
1277270 825.1
1277280 826.1
1277290 826.1
1277300 825.6
1277310 824.7
1277320 825.3
1277330 825.3
1277340 826.5
1277350 825.6
1277360 825.6
1277370 824.3
1277380 825.2
1277390 825.2
1277400 825.7
1277410 825.8
1277420 819.9
1277430 820.1
1277440 820.0
1277450 820.0
1277460 819.4
1277470 818.5
1277480 818.5
1277490 817.6
1277500 816.5
1277510 816.5
1277520 815.3
1277530 812.7
1277540 812.7
1277550 810.8
1277560 809.5
1277570 809.5
1277580 808.4
1277590 807.1
1277600 804.7
1277610 804.7
1277620 803.2
1277630 800.2
1277640 800.2
1277650 797.8
1277660 795.3
1277670 795.3
1277680 792.9
1277690 790.0
1277700 790.0
1277710 784.2
1277720 780.8
1277730 780.8
1277740 777.5
1277750 774.5
1277760 774.5
1277770 772.3
1277780 771.1
1277790 771.1
1277800 770.5
1277810 767.7
1277820 767.7
1277830 764.3
1277840 763.3
1277850 763.3
1277860 764.9
1277870 765.2
1277880 764.6
1277890 764.6
1277900 761.7
1277910 759.5
1277920 759.5
1277930 759.2
1277940 758.3
1277950 758.3
1277960 757.2
1277970 757.1
1277980 757.1
1277990 758.4
1278000 758.7
1278010 758.7
1278020 757.3
1278030 753.4
1278040 753.4
1278050 753.9
1278060 753.9
1278070 753.9
1278080 753.6
1278090 754.9
1278100 754.9
1278110 757.4
1278120 753.2
1278130 753.2
1278140 749.2
1278150 749.6
1278160 749.6
1278170 749.6
1278180 750.4
1278190 752.3
1278200 752.3
1278210 751.6
1278220 750.6
1278230 750.6
1278240 749.8
1278250 748.9
1278260 748.9
1278270 747.8
1278280 747.1
1278290 747.1
1278300 746.8
1278310 747.4
1278320 747.4
1278330 748.5
1278340 748.7
1278350 748.7
1278360 748.7
1278370 748.7
1278380 748.7
1278390 749.8
1278400 749.9
1278410 749.1
1278420 749.1
1278430 748.6
1278440 748.0
1278450 748.0
1278460 747.2
1278470 746.0
1278480 746.0
1278490 744.7
1278500 742.3
1278510 742.3
1278520 740.3
1278530 739.0
1278540 739.0
1278550 737.5
1278560 735.8
1278570 735.8
1278580 734.2
1278590 732.5
1278600 732.5
1278610 730.3
1278620 729.3
1278630 729.3
1278640 729.1
1278650 725.1
1278660 725.1
1278670 724.7
1278680 726.2
1278690 728.7
1278700 728.7
1278710 728.7
1278720 728.3
1278730 728.3
1278740 727.4
1278750 726.2
1278760 726.2
1278770 725.2
1278780 724.8
1278790 724.8
1278800 724.4
1278810 723.5
1278820 723.5
1278830 723.5
1278840 723.0
1278850 723.0
1278860 721.8
1278870 720.5
1278880 720.5
1278890 719.1
1278900 717.6
1278910 717.6
1278920 716.1
1278930 715.5
1278940 715.5
1278950 716.6
1278960 717.3
1278970 717.1
1278980 717.1
1278990 716.9
1279000 716.6
1279010 716.6
1279020 717.5
1279030 718.8
1279040 718.8
1279050 720.5
1279060 722.4
1279070 722.4
1279080 724.1
1279090 725.7
1279100 725.7
1279110 727.3
1279120 729.3
1279130 729.3
1279140 731.0
1279150 732.5
1279160 732.5
1279170 733.9
1279180 735.1
1279190 735.1
1279200 736.0
1279210 736.0
1279220 736.0
1279230 736.6
1279240 737.0
1279250 737.5
1279260 737.5
1279270 736.8
1279280 737.8
1279290 737.8
1279300 738.9
1279310 740.1
1279320 740.1
1279330 740.9
1279340 739.5
1279350 739.5
1279360 741.0
1279370 740.9
1279380 740.9
1279390 741.3
1279400 742.2
1279410 742.2
1279420 745.1
1279430 745.9
1279440 745.9
1279450 745.0
1279460 745.0
1279470 745.0
1279480 745.5
1279490 745.8
1279500 746.3
1279510 746.3
1279520 746.6
1279530 746.6
1279540 746.6
1279550 747.0
1279560 747.1
1279570 747.1
1279580 747.3
1279590 747.8
1279600 747.8
1279610 748.2
1279620 748.1
1279630 748.1
1279640 748.2
1279650 748.3
1279660 748.3
1279670 748.5
1279680 747.9
1279690 747.9
1279700 747.4
1279710 747.5
1279720 747.5
1279730 747.4
1279740 747.1
1279750 747.1
1279760 747.5
1279770 748.2
1279780 748.1
1279790 748.1
1279800 748.0
1279810 748.0
1279820 748.0
1279830 748.5
1279840 748.9
1279850 748.9
1279860 748.5
1279870 748.0
1279880 748.0
1279890 746.2
1279900 746.1
1279910 746.1
1279920 746.4
1279930 745.2
1279940 745.2
1279950 744.0
1279960 743.9
1279970 743.9
1279980 743.7
1279990 742.2
