1260000 1598.1
1260010 1598.1
1260020 1599.3
1260030 1600.5
1260040 1600.5
1260050 1601.4
1260060 1601.1
1260070 1601.1
1260080 1600.4
1260090 1599.8
1260100 1599.8
1260110 1602.2
1260120 1606.7
1260130 1610.5
1260140 1610.5
1260150 1614.7
1260160 1618.5
1260170 1618.5
1260180 1622.5
1260190 1627.6
1260200 1627.6
1260210 1633.3
1260220 1639.3
1260230 1639.3
1260240 1644.5
1260250 1649.4
1260260 1649.4
1260270 1654.6
1260280 1659.3
1260290 1659.3
1260300 1664.4
1260310 1669.3
1260320 1669.3
1260330 1674.5
1260340 1679.6
1260350 1679.6
1260360 1684.5
1260370 1689.8
1260380 1689.8
1260390 1695.3
1260400 1701.2
1260410 1704.2
1260420 1704.2
1260430 1710.2
1260440 1716.2
1260450 1716.2
1260460 1722.1
1260470 1727.7
1260480 1727.7
1260490 1732.4
1260500 1737.0
1260510 1737.0
1260520 1742.1
1260530 1746.9
1260540 1746.9
1260550 1751.8
1260560 1757.2
1260570 1757.2
1260580 1762.8
1260590 1768.3
1260600 1768.3
1260610 1773.4
1260620 1778.5
1260630 1778.5
1260640 1783.4
1260650 1787.9
1260660 1787.9
1260670 1791.8
1260680 1795.7
1260690 1800.4
1260700 1800.4
1260710 1806.3
1260720 1812.6
1260730 1812.6
1260740 1819.5
1260750 1826.8
1260760 1826.8
1260770 1834.3
1260780 1840.9
1260790 1840.9
1260800 1845.0
1260810 1847.5
1260820 1847.5
1260830 1849.1
1260840 1850.4
1260850 1850.4
1260860 1853.0
1260870 1854.8
1260880 1854.8
1260890 1857.1
1260900 1858.3
1260910 1858.3
1260920 1858.0
1260930 1858.2
1260940 1859.2
1260950 1859.2
1260960 1859.9
1260970 1857.9
1260980 1860.0
1260990 1858.7
1261000 1860.0
1261010 1860.0
1261020 1862.0
1261030 1866.6
1261040 1866.6
1261050 1870.5
1261060 1872.0
1261070 1872.0
1261080 1872.5
1261090 1874.3
1261100 1874.3
1261110 1877.7
1261120 1879.0
1261130 1879.0
1261140 1880.8
1261150 1882.0
1261160 1882.0
1261170 1883.7
1261180 1885.3
1261190 1885.3
1261200 1887.6
1261210 1889.0
1261220 1891.0
1261230 1891.0
1261240 1893.6
1261250 1895.4
1261260 1895.4
1261270 1897.4
1261280 1900.1
1261290 1900.1
1261300 1903.2
1261310 1906.7
1261320 1906.7
1261330 1910.5
1261340 1914.4
1261350 1914.4
1261360 1918.4
1261370 1922.1
1261380 1922.1
1261390 1925.8
1261400 1929.4
1261410 1929.4
1261420 1933.5
1261430 1938.5
1261440 1938.5
1261450 1943.4
1261460 1948.3
1261470 1948.3
1261480 1954.2
1261490 1961.4
1261500 1970.7
1261510 1970.7
1261520 1984.9
1261530 1999.7
1261540 1999.7
1261550 2020.3
1261560 2031.8
1261570 2031.8
1261580 2039.4
1261590 2043.4
1261600 2043.4
1261610 2050.9
1261620 2054.0
1261630 2054.0
1261640 2052.3
1261650 2058.6
1261660 2058.6
1261670 2080.0
1261680 2097.1
1261690 2097.1
1261700 2104.9
1261710 2112.0
1261720 2112.0
1261730 2126.6
1261740 2143.4
1261750 2143.4
1261760 2156.1
1261770 2163.9
1261780 2174.6
1261790 2174.6
1261800 2186.0
1261810 2199.0
1261820 2199.0
1261830 2199.2
1261840 2196.8
1261850 2196.8
1261860 2196.0
1261870 2197.6
1261880 2197.6
1261890 2204.8
1261900 2217.0
1261910 2217.0
1261920 2230.6
1261930 2241.5
1261940 2241.5
1261950 2254.1
1261960 2267.8
1261970 2267.8
1261980 2295.4
1261990 2316.9
1262000 2316.9
1262010 2322.1
1262020 2320.2
1262030 2320.2
1262040 2317.5
1262050 2315.4
1262060 2312.2
1262070 2312.2
1262080 2308.6
1262090 2308.8
1262100 2308.8
1262110 2315.5
1262120 2328.9
1262130 2328.9
1262140 2325.3
1262150 2330.7
1262160 2330.7
1262170 2337.2
1262180 2345.1
1262190 2345.1
1262200 2353.4
1262210 2361.1
1262220 2361.1
1262230 2369.3
1262240 2375.1
1262250 2375.1
1262260 2372.3
1262270 2364.2
1262280 2364.2
1262290 2351.8
1262300 2335.4
1262310 2335.4
1262320 2323.4
1262330 2315.0
1262340 2301.9
1262350 2301.9
1262360 2282.1
1262370 2267.0
1262380 2267.0
1262390 2256.6
1262400 2247.6
1262410 2247.6
1262420 2236.8
1262430 2226.2
1262440 2226.2
1262450 2218.7
1262460 2208.4
1262470 2208.4
1262480 2196.0
1262490 2177.3
1262500 2177.3
1262510 2160.8
1262520 2151.5
1262530 2151.5
1262540 2143.4
1262550 2129.6
1262560 2129.6
1262570 2115.5
1262580 2104.0
1262590 2089.4
1262600 2089.4
1262610 2081.2
1262620 2073.7
1262630 2073.7
1262640 2064.1
1262650 2051.4
1262660 2051.4
1262670 2040.5
1262680 2046.7
1262690 2031.0
1262700 2027.7
1262710 2013.4
1262720 2013.4
1262730 1999.8
1262740 1992.2
1262750 1992.2
1262760 1984.5
1262770 1977.4
1262780 1977.4
1262790 1970.1
1262800 1963.0
1262810 1963.0
1262820 1956.1
1262830 1949.4
1262840 1949.4
1262850 1942.7
1262860 1936.3
1262870 1929.6
1262880 1929.6
1262890 1922.9
1262900 1916.3
1262910 1916.3
1262920 1909.7
1262930 1904.0
1262940 1904.0
1262950 1901.9
1262960 1904.2
1262970 1904.2
1262980 1906.1
1262990 1907.2
1263000 1907.2
1263010 1908.7
1263020 1910.9
1263030 1910.9
1263040 1912.1
1263050 1912.9
1263060 1912.9
1263070 1913.6
1263080 1914.5
1263090 1914.5
1263100 1915.8
1263110 1915.8
1263120 1915.8
1263130 1913.6
1263140 1911.7
1263150 1909.9
1263160 1909.9
1263170 1910.3
1263180 1911.6
1263190 1911.6
1263200 1914.0
1263210 1918.1
1263220 1918.1
1263230 1922.0
1263240 1926.9
1263250 1926.9
1263260 1942.6
1263270 1972.5
1263280 1972.5
1263290 2000.9
1263300 2023.7
1263310 2023.7
1263320 2051.7
1263330 2061.3
1263340 2061.3
1263350 2066.0
1263360 2066.6
1263370 2066.6
1263380 2067.1
1263390 2072.1
1263400 2072.1
1263410 2076.5
1263420 2084.2
1263430 2091.7
1263440 2091.7
1263450 2102.1
1263460 2113.8
1263470 2113.8
1263480 2120.5
1263490 2124.8
1263500 2124.8
1263510 2126.4
1263520 2132.7
1263530 2132.7
1263540 2144.2
1263550 2159.5
1263560 2159.5
1263570 2172.2
1263580 2181.5
1263590 2181.5
1263600 2194.5
1263610 2203.7
1263620 2203.7
1263630 2214.7
1263640 2227.0
1263650 2227.0
1263660 2237.1
1263670 2242.8
1263680 2242.8
1263690 2249.6
1263700 2258.1
1263710 2266.6
1263720 2266.6
1263730 2275.3
1263740 2284.1
1263750 2284.1
1263760 2292.8
1263770 2300.3
1263780 2300.3
1263790 2307.6
1263800 2308.9
1263810 2308.9
1263820 2302.3
1263830 2297.3
1263840 2300.8
1263850 2294.7
1263860 2288.8
1263870 2288.8
1263880 2283.2
1263890 2281.5
1263900 2281.5
1263910 2282.3
1263920 2280.0
1263930 2280.0
1263940 2274.1
1263950 2268.2
1263960 2268.2
1263970 2264.0
1263980 2260.2
1263990 2257.4
1264000 2257.4
1264010 2256.1
1264020 2250.6
1264030 2250.6
1264040 2246.7
1264050 2245.5
1264060 2245.5
1264070 2245.5
1264080 2243.0
1264090 2243.0
1264100 2239.8
1264110 2234.5
1264120 2234.5
1264130 2230.6
1264140 2227.9
1264150 2227.9
1264160 2223.5
1264170 2220.6
1264180 2220.6
1264190 2217.3
1264200 2213.4
1264210 2213.4
1264220 2207.9
1264230 2206.0
1264240 2208.3
1264250 2208.3
1264260 2209.2
1264270 2211.5
1264280 2211.5
1264290 2214.8
1264300 2220.5
1264310 2220.5
1264320 2224.4
1264330 2223.9
1264340 2223.9
1264350 2219.7
1264360 2223.2
1264370 2223.2
1264380 2227.3
1264390 2230.4
1264400 2230.4
1264410 2233.0
1264420 2246.2
1264430 2246.2
1264440 2250.4
1264450 2258.9
1264460 2258.9
1264470 2270.5
1264480 2280.3
1264490 2280.3
1264500 2285.7
1264510 2283.6
1264520 2281.3
1264530 2281.3
1264540 2279.7
1264550 2278.8
1264560 2278.8
1264570 2279.7
1264580 2278.1
1264590 2278.1
1264600 2275.9
1264610 2271.8
1264620 2271.8
1264630 2269.2
1264640 2268.2
1264650 2268.2
1264660 2266.1
1264670 2263.9
1264680 2263.9
1264690 2260.8
1264700 2261.6
1264710 2261.6
1264720 2260.0
1264730 2256.2
1264740 2256.2
1264750 2251.7
1264760 2248.3
1264770 2248.3
1264780 2242.2
1264790 2241.3
1264800 2248.3
1264810 2248.3
1264820 2249.7
1264830 2248.3
1264840 2248.3
1264850 2248.2
1264860 2250.1
1264870 2250.1
1264880 2251.5
1264890 2251.4
1264900 2251.4
1264910 2248.5
1264920 2242.0
1264930 2242.0
1264940 2235.9
1264950 2229.8
1264960 2229.8
1264970 2222.4
1264980 2218.7
1264990 2218.7
1265000 2210.9
1265010 2211.8
1265020 2211.8
1265030 2212.4
1265040 2212.6
1265050 2212.6
1265060 2214.5
1265070 2218.2
1265080 2223.6
1265090 2223.6
1265100 2231.4
1265110 2240.0
1265120 2240.0
1265130 2247.5
1265140 2252.4
1265150 2252.4
1265160 2256.4
1265170 2260.7
1265180 2260.7
1265190 2265.4
1265200 2268.8
1265210 2268.8
1265220 2274.3
1265230 2277.6
1265240 2277.6
1265250 2277.6
1265260 2278.9
1265270 2278.9
1265280 2277.5
1265290 2279.0
1265300 2279.0
1265310 2288.3
1265320 2281.4
1265330 2281.4
1265340 2280.8
1265350 2280.2
1265360 2273.6
1265370 2273.6
1265380 2265.6
1265390 2270.0
1265400 2270.0
1265410 2277.1
1265420 2281.6
1265430 2281.6
1265440 2284.2
1265450 2276.7
1265460 2276.7
1265470 2268.0
1265480 2259.7
1265490 2259.7
1265500 2267.5
1265510 2284.1
1265520 2284.1
1265530 2299.6
1265540 2302.7
1265550 2302.7
1265560 2286.4
1265570 2281.3
1265580 2267.2
1265590 2268.3
1265600 2269.5
1265610 2270.9
1265620 2270.9
1265630 2268.9
1265640 2269.1
1265650 2269.1
1265660 2270.7
1265670 2274.5
1265680 2274.5
1265690 2271.8
1265700 2264.1
1265710 2264.1
1265720 2257.0
1265730 2252.9
1265740 2252.9
1265750 2250.1
1265760 2244.3
1265770 2244.3
1265780 2238.5
1265790 2235.6
1265800 2235.6
1265810 2234.2
1265820 2238.1
1265830 2238.1
1265840 2244.2
1265850 2244.0
1265860 2244.0
1265870 2244.2
1265880 2250.4
1265890 2255.7
1265900 2255.7
1265910 2254.5
1265920 2259.6
1265930 2259.6
1265940 2261.8
1265950 2256.5
1265960 2256.5
1265970 2260.5
1265980 2264.6
1265990 2264.6
1266000 2259.3
1266010 2253.3
1266020 2253.3
1266030 2249.4
1266040 2250.3
1266050 2250.3
1266060 2254.5
1266070 2261.8
1266080 2261.8
1266090 2272.1
1266100 2277.3
1266110 2277.3
1266120 2270.6
1266130 2266.4
1266140 2266.4
1266150 2275.9
1266160 2280.3
1266170 2283.3
1266180 2283.3
1266190 2286.1
1266200 2282.9
1266210 2282.9
1266220 2275.2
1266230 2265.6
1266240 2265.6
1266250 2259.9
1266260 2251.6
1266270 2251.6
1266280 2244.3
1266290 2231.7
1266300 2231.7
1266310 2220.4
1266320 2213.3
1266330 2213.3
1266340 2205.0
1266350 2197.1
1266360 2197.1
1266370 2188.6
1266380 2189.9
1266390 2189.9
1266400 2187.3
1266410 2177.0
1266420 2177.0
1266430 2156.3
1266440 2151.0
1266450 2163.5
1266460 2163.5
1266470 2170.5
1266480 2178.7
1266490 2178.7
1266500 2176.0
1266510 2165.3
1266520 2165.3
1266530 2149.4
1266540 2139.9
1266550 2139.9
1266560 2132.2
1266570 2130.9
1266580 2130.9
1266590 2132.8
1266600 2133.8
1266610 2133.8
1266620 2134.2
1266630 2133.2
1266640 2133.2
1266650 2131.3
1266660 2129.7
1266670 2129.7
1266680 2131.6
1266690 2134.2
1266700 2134.2
1266710 2138.4
1266720 2142.8
1266730 2142.5
1266740 2134.4
1266750 2133.9
1266760 2136.9
1266770 2136.9
1266780 2142.6
1266790 2152.2
1266800 2152.2
1266810 2161.7
1266820 2169.6
1266830 2169.6
1266840 2177.2
1266850 2185.5
1266860 2185.5
1266870 2191.9
1266880 2195.4
1266890 2195.4
1266900 2186.3
1266910 2172.7
1266920 2172.7
1266930 2167.2
1266940 2172.3
1266950 2172.3
1266960 2177.6
1266970 2173.4
1266980 2160.1
1266990 2160.1
1267000 2145.0
1267010 2140.6
1267020 2140.6
1267030 2136.5
1267040 2128.2
1267050 2128.2
1267060 2125.5
1267070 2125.0
1267080 2125.0
1267090 2126.7
1267100 2132.6
1267110 2132.6
1267120 2142.3
1267130 2149.3
1267140 2149.3
1267150 2156.8
1267160 2165.2
1267170 2165.2
1267180 2168.4
1267190 2169.2
1267200 2169.2
1267210 2172.0
1267220 2166.9
1267230 2166.9
1267240 2159.5
1267250 2154.0
1267260 2152.3
1267270 2152.3
1267280 2157.1
1267290 2161.0
1267300 2161.0
1267310 2161.4
1267320 2157.5
1267330 2150.9
1267340 2148.0
1267350 2149.2
1267360 2149.2
1267370 2142.8
1267380 2135.6
1267390 2135.6
1267400 2128.0
1267410 2120.7
1267420 2120.7
1267430 2117.1
1267440 2112.1
1267450 2112.1
1267460 2113.6
1267470 2116.7
1267480 2116.7
1267490 2118.9
1267500 2120.8
1267510 2120.8
1267520 2122.8
1267530 2125.4
1267540 2129.4
1267550 2129.4
1267560 2133.6
1267570 2134.4
1267580 2134.4
1267590 2134.7
1267600 2135.2
1267610 2135.2
1267620 2135.2
1267630 2135.2
1267640 2135.2
1267650 2134.8
1267660 2135.2
1267670 2135.2
1267680 2134.3
1267690 2133.0
1267700 2133.0
1267710 2131.0
1267720 2129.6
1267730 2129.6
1267740 2128.6
1267750 2123.2
1267760 2123.2
1267770 2116.1
1267780 2108.4
1267790 2108.4
1267800 2102.1
1267810 2096.7
1267820 2091.4
1267830 2091.4
1267840 2086.3
1267850 2082.9
1267860 2082.9
1267870 2079.6
1267880 2076.5
1267890 2076.5
1267900 2074.1
1267910 2071.6
1267920 2066.1
1267930 2063.4
1267940 2060.4
1267950 2060.4
1267960 2057.5
1267970 2054.7
1267980 2054.7
1267990 2051.9
1268000 2053.7
1268010 2053.7
1268020 2057.3
1268030 2059.0
1268040 2059.0
1268050 2059.3
1268060 2059.5
1268070 2059.5
1268080 2060.9
1268090 2062.5
1268100 2063.3
1268110 2063.3
1268120 2062.2
1268130 2059.6
1268140 2059.6
1268150 2058.8
1268160 2060.2
1268170 2060.2
1268180 2063.3
1268190 2065.3
1268200 2065.3
1268210 2064.0
1268220 2058.8
1268230 2058.8
1268240 2053.3
1268250 2048.2
1268260 2048.2
1268270 2043.4
1268280 2040.2
1268290 2040.2
1268300 2037.9
1268310 2035.4
1268320 2035.4
1268330 2032.4
1268340 2027.8
1268350 2027.8
1268360 2023.6
1268370 2021.9
1268380 2024.1
1268390 2024.1
1268400 2027.4
1268410 2032.3
1268420 2032.3
1268430 2040.2
1268440 2049.9
1268450 2049.9
1268460 2055.0
1268470 2054.9
1268480 2054.9
1268490 2052.5
1268500 2024.1
1268510 2024.1
1268520 2016.3
1268530 2013.7
1268540 2013.7
1268550 2016.2
1268560 2014.0
1268570 2014.0
1268580 2020.0
1268590 2029.7
1268600 2029.7
1268610 2031.6
1268620 2030.1
1268630 2028.6
1268640 2028.6
1268650 2026.7
1268660 2022.7
1268670 2022.7
1268680 2016.8
1268690 2013.2
1268700 2013.2
1268710 2011.2
1268720 2007.6
1268730 2007.6
1268740 2007.9
1268750 2011.0
1268760 2011.0
1268770 2005.1
1268780 1996.4
1268790 1996.4
1268800 1988.3
1268810 1980.2
1268820 1980.2
1268830 1972.5
1268840 1965.2
1268850 1965.2
1268860 1957.9
1268870 1950.3
1268880 1950.3
1268890 1942.8
1268900 1939.5
1268910 1937.7
1268920 1937.7
1268930 1940.5
1268940 1941.3
1268950 1941.3
1268960 1939.9
1268970 1941.7
1268980 1941.7
1268990 1943.0
1269000 1942.4
1269010 1942.4
1269020 1943.9
1269030 1942.5
1269040 1942.5
1269050 1937.1
1269060 1933.3
1269070 1933.3
1269080 1930.0
1269090 1919.3
1269100 1919.3
1269110 1913.4
1269120 1908.9
1269130 1908.9
1269140 1906.3
1269150 1904.3
1269160 1904.3
1269170 1903.2
1269180 1902.7
1269190 1899.6
1269200 1899.6
1269210 1893.2
1269220 1885.7
1269230 1885.7
1269240 1875.6
1269250 1862.7
1269260 1862.7
1269270 1853.0
1269280 1839.2
1269290 1839.2
1269300 1828.2
1269310 1822.3
1269320 1822.3
1269330 1818.7
1269340 1816.6
1269350 1816.6
1269360 1811.8
1269370 1807.5
1269380 1807.5
1269390 1811.3
1269400 1817.9
1269410 1817.9
1269420 1821.2
1269430 1821.4
1269440 1821.4
1269450 1818.4
1269460 1818.3
1269470 1824.2
1269480 1824.2
1269490 1818.3
1269500 1811.0
1269510 1811.0
1269520 1803.6
1269530 1799.7
1269540 1799.7
1269550 1803.3
1269560 1803.2
1269570 1803.2
1269580 1795.3
1269590 1787.8
1269600 1787.8
1269610 1779.9
1269620 1772.0
1269630 1772.0
1269640 1765.8
1269650 1762.9
1269660 1762.9
1269670 1762.1
1269680 1755.0
1269690 1744.1
1269700 1739.8
1269710 1737.4
1269720 1737.4
1269730 1741.7
1269740 1746.3
1269750 1745.9
1269760 1745.9
1269770 1745.9
1269780 1739.9
1269790 1739.9
1269800 1729.0
1269810 1712.5
1269820 1712.5
1269830 1697.2
1269840 1691.3
1269850 1691.3
1269860 1688.7
1269870 1693.8
1269880 1693.8
1269890 1703.2
1269900 1701.2
1269910 1701.2
1269920 1695.7
1269930 1691.9
1269940 1691.9
1269950 1689.5
1269960 1690.6
1269970 1690.6
1269980 1694.5
1269990 1693.2
1270000 1686.0
1270010 1686.0
1270020 1677.8
1270030 1670.5
1270040 1670.5
1270050 1665.1
1270060 1660.7
1270070 1660.7
1270080 1654.0
1270090 1644.8
1270100 1644.8
1270110 1638.5
1270120 1632.6
1270130 1632.6
1270140 1626.2
1270150 1618.0
1270160 1618.0
1270170 1608.2
1270180 1600.1
1270190 1600.1
1270200 1594.4
1270210 1592.9
1270220 1592.9
1270230 1593.3
1270240 1587.1
1270250 1587.1
1270260 1575.5
1270270 1574.0
1270280 1563.6
1270290 1563.6
1270300 1568.0
1270310 1569.9
1270320 1569.9
1270330 1568.8
1270340 1565.8
1270350 1565.8
1270360 1567.2
1270370 1577.7
1270380 1577.7
1270390 1587.1
1270400 1591.8
1270410 1591.8
1270420 1595.4
1270430 1596.3
1270440 1596.3
1270450 1593.6
1270460 1589.6
1270470 1589.6
1270480 1586.8
1270490 1585.4
1270500 1585.4
1270510 1586.9
1270520 1589.4
1270530 1589.4
1270540 1587.2
1270550 1581.8
1270560 1575.6
1270570 1575.6
1270580 1564.7
1270590 1551.7
1270600 1551.7
1270610 1542.7
1270620 1537.8
1270630 1537.8
1270640 1537.3
1270650 1537.8
1270660 1537.8
1270670 1538.3
1270680 1539.9
1270690 1539.9
1270700 1545.2
1270710 1552.4
1270720 1552.4
1270730 1562.4
1270740 1573.8
1270750 1573.8
1270760 1584.7
1270770 1595.5
1270780 1595.5
1270790 1604.0
1270800 1611.3
1270810 1611.3
1270820 1613.6
1270830 1608.5
1270840 1605.9
1270850 1605.9
1270860 1607.7
1270870 1606.2
1270880 1606.2
1270890 1616.1
1270900 1621.4
1270910 1621.4
1270920 1621.1
1270930 1615.9
1270940 1615.9
1270950 1606.6
1270960 1599.2
1270970 1599.2
1270980 1594.3
1270990 1594.3
1271000 1594.3
1271010 1593.3
1271020 1593.5
1271030 1593.5
1271040 1590.0
1271050 1589.3
1271060 1589.3
1271070 1599.6
1271080 1608.5
1271090 1608.5
1271100 1615.4
1271110 1620.7
1271120 1622.4
1271130 1622.4
1271140 1622.6
1271150 1623.0
1271160 1623.0
1271170 1622.6
1271180 1623.4
1271190 1623.4
1271200 1625.0
1271210 1626.7
1271220 1626.7
1271230 1628.4
1271240 1630.5
1271250 1630.5
1271260 1632.8
1271270 1634.6
1271280 1634.6
1271290 1635.8
1271300 1637.0
1271310 1637.0
1271320 1638.3
1271330 1639.9
1271340 1639.9
1271350 1641.6
1271360 1643.0
1271370 1644.5
1271380 1644.5
1271390 1646.2
1271400 1647.5
1271410 1647.5
1271420 1649.1
1271430 1651.1
1271440 1651.1
1271450 1652.1
1271460 1653.0
1271470 1648.3
1271480 1650.8
1271490 1653.2
1271500 1653.2
1271510 1656.4
1271520 1659.3
1271530 1659.3
1271540 1660.5
1271550 1657.4
1271560 1657.4
1271570 1653.7
1271580 1649.3
1271590 1649.3
1271600 1642.3
1271610 1639.2
1271620 1639.2
1271630 1639.1
1271640 1640.2
1271650 1645.2
1271660 1645.2
1271670 1654.2
1271680 1661.7
1271690 1661.7
1271700 1666.7
1271710 1667.9
1271720 1667.9
1271730 1667.4
1271740 1667.0
1271750 1667.0
1271760 1666.9
1271770 1667.5
1271780 1667.5
1271790 1667.8
1271800 1668.4
1271810 1668.4
1271820 1669.6
1271830 1671.0
1271840 1671.0
1271850 1671.1
1271860 1671.0
1271870 1671.0
1271880 1670.8
1271890 1671.5
1271900 1671.5
1271910 1672.7
1271920 1675.1
1271930 1676.6
1271940 1676.6
1271950 1679.1
1271960 1681.3
1271970 1681.3
1271980 1682.5
1271990 1683.6
1272000 1683.6
1272010 1684.3
1272020 1685.1
1272030 1685.1
1272040 1685.5
1272050 1684.8
1272060 1684.8
1272070 1677.5
1272080 1675.8
1272090 1675.8
1272100 1674.7
1272110 1672.6
1272120 1672.6
1272130 1668.9
1272140 1666.6
1272150 1666.6
1272160 1665.1
1272170 1664.4
1272180 1664.4
1272190 1664.0
1272200 1663.7
1272210 1663.5
1272220 1663.5
1272230 1663.4
1272240 1664.0
1272250 1664.0
1272260 1664.9
1272270 1665.4
1272280 1665.4
1272290 1666.4
1272300 1667.9
1272310 1667.9
1272320 1669.8
1272330 1671.2
1272340 1671.2
1272350 1672.2
1272360 1673.0
1272370 1673.0
1272380 1673.5
1272390 1674.0
1272400 1674.0
1272410 1674.7
1272420 1675.6
1272430 1675.6
1272440 1676.2
1272450 1676.2
1272460 1676.2
1272470 1675.8
1272480 1674.9
1272490 1670.4
1272500 1670.4
1272510 1661.1
1272520 1651.8
1272530 1651.8
1272540 1633.5
1272550 1625.7
1272560 1625.7
1272570 1622.6
1272580 1620.1
1272590 1620.1
1272600 1618.5
1272610 1614.4
1272620 1614.4
1272630 1608.8
1272640 1605.9
1272650 1605.9
1272660 1603.3
1272670 1596.9
1272680 1596.9
1272690 1600.0
1272700 1602.5
1272710 1602.5
1272720 1608.0
1272730 1615.3
1272740 1618.3
1272750 1618.3
1272760 1614.2
1272770 1609.2
1272780 1609.2
1272790 1604.2
1272800 1599.2
1272810 1599.2
1272820 1594.0
1272830 1588.4
1272840 1588.4
1272850 1582.6
1272860 1576.4
1272870 1576.4
1272880 1570.0
1272890 1563.7
1272900 1563.7
1272910 1558.2
1272920 1552.2
1272930 1552.2
1272940 1544.0
1272950 1535.6
1272960 1535.6
1272970 1528.1
1272980 1522.0
1272990 1522.0
1273000 1517.0
1273010 1512.0
1273020 1506.6
1273030 1506.6
1273040 1500.2
1273050 1495.1
1273060 1495.1
1273070 1490.3
1273080 1484.1
1273090 1484.1
1273100 1477.0
1273110 1469.5
1273120 1469.5
1273130 1461.9
1273140 1457.0
1273150 1457.0
1273160 1452.7
1273170 1447.4
1273180 1447.4
1273190 1441.0
1273200 1436.3
1273210 1436.3
1273220 1431.8
1273230 1430.0
1273240 1430.0
1273250 1427.2
1273260 1419.9
1273270 1408.5
1273280 1404.2
1273290 1400.3
1273300 1399.1
1273310 1399.1
1273320 1393.6
1273330 1387.1
1273340 1387.1
1273350 1382.3
1273360 1376.4
1273370 1376.4
1273380 1369.6
1273390 1362.2
1273400 1362.2
1273410 1352.9
1273420 1344.7
1273430 1344.7
1273440 1337.8
1273450 1331.5
1273460 1331.5
1273470 1327.2
1273480 1324.7
1273490 1324.7
1273500 1321.8
1273510 1318.6
1273520 1318.6
1273530 1320.9
1273540 1324.4
1273550 1324.4
1273560 1330.0
1273570 1335.8
1273580 1342.6
1273590 1342.6
1273600 1348.9
1273610 1348.7
1273620 1348.7
1273630 1342.9
1273640 1337.0
1273650 1337.0
1273660 1339.7
1273670 1347.0
1273680 1347.0
1273690 1354.3
1273700 1360.7
1273710 1360.7
1273720 1364.1
1273730 1361.2
1273740 1361.2
1273750 1364.2
1273760 1363.6
1273770 1363.6
1273780 1359.7
1273790 1354.0
1273800 1354.0
1273810 1360.1
1273820 1368.2
1273830 1368.2
1273840 1370.2
1273850 1371.3
1273860 1371.9
1273870 1361.8
1273880 1360.4
1273890 1359.1
1273900 1359.1
1273910 1358.1
1273920 1356.5
1273930 1356.5
1273940 1355.2
1273950 1353.1
1273960 1353.1
1273970 1349.5
1273980 1345.9
1273990 1345.9
1274000 1342.5
1274010 1340.2
1274020 1340.2
1274030 1344.6
1274040 1350.6
1274050 1350.6
1274060 1357.3
1274070 1384.6
1274080 1384.6
1274090 1410.3
1274100 1426.5
1274110 1426.5
1274120 1444.2
1274130 1461.8
1274140 1470.7
1274150 1470.7
1274160 1472.7
1274170 1479.9
1274180 1479.9
1274190 1491.8
1274200 1496.3
1274210 1496.3
1274220 1498.0
1274230 1499.5
1274240 1499.5
1274250 1499.0
1274260 1496.8
1274270 1496.8
1274280 1494.5
1274290 1496.0
1274300 1496.0
1274310 1500.5
1274320 1502.4
1274330 1502.4
1274340 1500.4
1274350 1495.6
1274360 1495.6
1274370 1489.7
1274380 1481.0
1274390 1466.2
1274400 1466.2
1274410 1455.1
1274420 1451.0
1274430 1451.0
1274440 1448.2
1274450 1445.5
1274460 1445.5
1274470 1442.2
1274480 1434.1
1274490 1434.1
1274500 1429.0
1274510 1423.3
1274520 1423.3
1274530 1416.5
1274540 1410.4
1274550 1410.4
1274560 1405.2
1274570 1400.4
1274580 1400.4
1274590 1395.1
1274600 1389.0
1274610 1389.0
1274620 1382.7
1274630 1376.8
1274640 1376.8
1274650 1371.2
1274660 1365.5
1274670 1359.3
1274680 1359.3
1274690 1353.6
1274700 1348.0
1274710 1348.0
1274720 1341.5
1274730 1334.6
1274740 1334.6
1274750 1327.2
1274760 1320.9
1274770 1320.9
1274780 1315.0
1274790 1309.3
1274800 1309.3
1274810 1303.0
1274820 1297.5
1274830 1297.5
1274840 1292.4
1274850 1287.2
1274860 1287.2
1274870 1280.4
1274880 1274.4
1274890 1274.4
1274900 1267.6
1274910 1261.2
1274920 1261.2
1274930 1256.7
1274940 1253.7
1274950 1250.7
1274960 1250.7
1274970 1246.6
1274980 1242.7
1274990 1242.7
1275000 1237.8
1275010 1236.1
1275020 1236.1
1275030 1235.9
1275040 1234.2
1275050 1234.2
1275060 1231.4
1275070 1228.9
1275080 1228.9
1275090 1233.9
1275100 1233.7
1275110 1233.7
1275120 1235.6
1275130 1235.3
1275140 1235.3
1275150 1232.6
1275160 1226.6
1275170 1226.6
1275180 1219.4
1275190 1212.5
1275200 1212.5
1275210 1206.4
1275220 1201.0
1275230 1196.4
1275240 1196.4
1275250 1193.3
1275260 1193.1
1275270 1193.1
1275280 1189.3
1275290 1185.2
1275300 1185.2
1275310 1183.4
1275320 1179.6
1275330 1179.6
1275340 1174.2
1275350 1168.7
1275360 1168.7
1275370 1163.0
1275380 1158.0
1275390 1158.0
1275400 1150.2
1275410 1142.8
1275420 1142.8
1275430 1137.4
1275440 1134.2
1275450 1134.2
1275460 1133.0
1275470 1131.7
1275480 1131.7
1275490 1130.2
1275500 1127.9
1275510 1125.4
1275520 1125.4
1275530 1122.1
1275540 1117.8
1275550 1117.8
1275560 1111.7
1275570 1106.0
1275580 1106.0
1275590 1103.0
1275600 1099.0
1275610 1099.0
1275620 1093.7
1275630 1087.6
1275640 1087.6
1275650 1081.3
1275660 1076.0
1275670 1076.0
1275680 1072.7
1275690 1067.7
1275700 1067.7
1275710 1062.1
1275720 1056.9
1275730 1056.9
1275740 1047.7
1275750 1039.7
1275760 1032.6
1275770 1032.6
1275780 1028.1
1275790 1021.5
1275800 1021.5
1275810 1017.4
1275820 1023.0
1275830 1023.0
1275840 1028.7
1275850 1030.6
1275860 1030.6
1275870 1033.4
1275880 1033.9
1275890 1033.9
1275900 1034.7
1275910 1037.6
1275920 1037.6
1275930 1042.5
1275940 1047.2
1275950 1047.2
1275960 1053.3
1275970 1058.5
1275980 1058.5
1275990 1064.9
1276000 1073.4
1276010 1073.4
1276020 1080.7
1276030 1086.6
1276040 1091.8
1276050 1091.8
1276060 1096.9
1276070 1100.9
1276080 1100.9
1276090 1104.4
1276100 1106.3
1276110 1106.3
1276120 1109.0
1276130 1114.3
1276140 1114.3
1276150 1120.2
1276160 1125.0
1276170 1125.0
1276180 1129.5
1276190 1133.6
1276200 1133.6
1276210 1138.1
1276220 1143.4
1276230 1143.4
1276240 1148.7
1276250 1153.4
1276260 1153.4
1276270 1156.4
1276280 1157.8
1276290 1157.8
1276300 1157.8
1276310 1150.7
1276320 1148.9
1276330 1148.9
1276340 1146.1
1276350 1140.4
1276360 1140.4
1276370 1134.5
1276380 1130.6
1276390 1130.6
1276400 1125.2
1276410 1121.2
1276420 1121.2
1276430 1119.2
1276440 1115.9
1276450 1115.9
1276460 1109.4
1276470 1101.1
1276480 1101.1
1276490 1093.1
1276500 1086.4
1276510 1086.4
1276520 1081.8
1276530 1077.7
1276540 1077.7
1276550 1071.6
1276560 1064.2
1276570 1064.2
1276580 1066.8
1276590 1071.4
1276600 1077.4
1276610 1077.4
1276620 1083.1
1276630 1085.0
1276640 1085.0
1276650 1084.9
1276660 1084.5
1276670 1084.5
1276680 1085.0
1276690 1086.3
1276700 1086.3
1276710 1088.5
1276720 1091.9
1276730 1091.9
1276740 1097.0
1276750 1101.4
1276760 1101.4
1276770 1105.3
1276780 1109.8
1276790 1109.8
1276800 1115.7
1276810 1123.6
1276820 1123.6
1276830 1133.1
1276840 1139.0
1276850 1139.0
1276860 1137.3
1276870 1128.7
1276880 1121.2
1276890 1121.2
1276900 1118.3
1276910 1114.5
1276920 1107.5
1276930 1102.2
1276940 1093.8
1276950 1093.8
1276960 1096.7
1276970 1106.7
1276980 1106.7
1276990 1118.7
1277000 1133.5
1277010 1133.5
1277020 1146.5
1277030 1155.7
1277040 1155.7
1277050 1161.1
1277060 1166.1
1277070 1166.1
1277080 1171.2
1277090 1177.3
1277100 1177.3
1277110 1184.7
1277120 1191.9
1277130 1198.0
1277140 1198.0
1277150 1202.1
1277160 1205.0
1277170 1205.0
1277180 1209.8
1277190 1215.1
1277200 1215.1
1277210 1221.1
1277220 1227.8
1277230 1227.8
1277240 1234.6
1277250 1241.6
1277260 1241.6
1277270 1249.6
1277280 1259.0
1277290 1259.0
1277300 1268.5
1277310 1276.9
1277320 1276.9
1277330 1283.7
1277340 1289.8
1277350 1289.8
1277360 1296.0
1277370 1302.4
1277380 1302.4
1277390 1308.7
1277400 1314.1
1277410 1318.6
1277420 1318.6
1277430 1322.4
1277440 1325.2
1277450 1325.2
1277460 1328.0
1277470 1330.5
1277480 1330.5
1277490 1333.1
1277500 1335.7
1277510 1335.7
1277520 1338.3
1277530 1336.3
1277540 1336.3
1277550 1339.2
1277560 1341.7
1277570 1341.7
1277580 1343.7
1277590 1345.6
1277600 1345.6
1277610 1347.7
1277620 1349.7
1277630 1349.7
1277640 1351.7
1277650 1353.3
1277660 1353.3
1277670 1354.2
1277680 1355.0
1277690 1355.6
1277700 1355.6
1277710 1355.4
1277720 1353.8
1277730 1353.8
1277740 1353.0
1277750 1354.5
1277760 1354.5
1277770 1355.9
1277780 1357.1
1277790 1357.1
1277800 1357.7
1277810 1358.2
1277820 1358.2
1277830 1359.0
1277840 1359.5
1277850 1359.5
1277860 1359.4
1277870 1359.8
1277880 1359.8
1277890 1361.0
1277900 1362.3
1277910 1362.3
1277920 1363.2
1277930 1365.0
1277940 1365.0
1277950 1367.5
1277960 1369.7
1277970 1371.8
1277980 1371.8
1277990 1372.4
1278000 1372.0
1278010 1372.0
1278020 1371.9
1278030 1372.8
1278040 1372.8
1278050 1374.3
1278060 1376.4
1278070 1376.4
1278080 1378.6
1278090 1379.6
1278100 1379.6
1278110 1379.8
1278120 1378.0
1278130 1378.0
1278140 1377.6
1278150 1365.0
1278160 1365.0
1278170 1364.1
1278180 1358.3
1278190 1358.3
1278200 1359.1
1278210 1356.0
1278220 1356.0
1278230 1348.3
1278240 1347.9
1278250 1349.9
1278260 1349.9
1278270 1347.7
1278280 1345.8
1278290 1345.8
1278300 1343.7
1278310 1337.9
1278320 1337.9
1278330 1330.6
1278340 1334.8
1278350 1334.8
1278360 1337.1
1278370 1335.4
1278380 1335.4
1278390 1330.7
1278400 1325.8
1278410 1325.8
1278420 1315.1
1278430 1294.9
1278440 1294.9
1278450 1277.5
1278460 1266.8
1278470 1266.8
1278480 1257.6
1278490 1247.0
1278500 1234.9
1278510 1234.9
1278520 1233.4
1278530 1237.0
1278540 1237.0
1278550 1223.8
1278560 1207.4
1278570 1207.4
1278580 1204.1
1278590 1199.0
1278600 1199.0
1278610 1196.5
1278620 1195.2
1278630 1195.2
1278640 1195.9
1278650 1191.4
1278660 1191.4
1278670 1184.3
1278680 1176.8
1278690 1176.8
1278700 1168.4
1278710 1159.5
1278720 1159.5
1278730 1151.3
1278740 1143.4
1278750 1143.4
1278760 1136.2
1278770 1130.0
1278780 1122.4
1278790 1122.4
1278800 1115.0
1278810 1107.7
1278820 1107.7
1278830 1100.6
1278840 1093.4
1278850 1093.4
1278860 1086.7
1278870 1081.5
1278880 1081.5
1278890 1077.7
1278900 1073.8
1278910 1073.8
1278920 1070.0
1278930 1066.2
1278940 1066.2
1278950 1062.5
1278960 1058.5
1278970 1058.5
1278980 1054.4
1278990 1050.9
1279000 1050.9
1279010 1046.9
1279020 1042.5
1279030 1042.5
1279040 1038.1
1279050 1034.4
1279060 1030.5
1279070 1030.5
1279080 1026.7
1279090 1022.9
1279100 1022.9
1279110 1018.8
1279120 1014.8
1279130 1014.8
1279140 1011.1
1279150 1007.6
1279160 1007.6
1279170 1003.6
1279180 998.7
1279190 998.7
1279200 995.9
1279210 996.3
1279220 996.3
1279230 997.5
1279240 997.6
1279250 997.6
1279260 995.1
1279270 992.4
1279280 992.4
1279290 990.5
1279300 987.2
1279310 987.2
1279320 983.3
1279330 981.9
1279340 982.6
1279350 982.6
1279360 982.2
1279370 980.6
1279380 980.6
1279390 973.1
1279400 971.8
1279410 971.8
1279420 972.3
1279430 974.5
1279440 974.5
1279450 977.9
1279460 982.9
1279470 982.9
1279480 994.1
1279490 1009.0
1279500 1009.0
1279510 1012.0
1279520 1013.3
1279530 1013.3
1279540 1014.7
1279550 1016.0
1279560 1016.0
1279570 1019.6
1279580 1025.8
1279590 1025.8
1279600 1031.1
1279610 1035.3
1279620 1039.7
1279630 1039.7
1279640 1043.7
1279650 1046.5
1279660 1046.5
1279670 1043.3
1279680 1042.2
1279690 1042.2
1279700 1043.9
1279710 1047.0
1279720 1047.0
1279730 1050.2
1279740 1050.9
1279750 1050.9
1279760 1050.8
1279770 1049.1
1279780 1049.1
1279790 1045.6
1279800 1045.5
1279810 1045.5
1279820 1046.0
1279830 1044.4
1279840 1044.4
1279850 1039.9
1279860 1033.4
1279870 1025.5
1279880 1025.5
1279890 1011.8
1279900 992.9
1279910 992.9
1279920 977.8
1279930 968.9
1279940 968.9
1279950 964.7
1279960 966.2
1279970 966.2
1279980 968.8
1279990 971.2
