1260000 2218.0
1260010 2224.8
1260020 2224.8
1260030 2231.0
1260040 2236.4
1260050 2240.7
1260060 2240.7
1260070 2244.3
1260080 2243.5
1260090 2243.5
1260100 2222.8
1260110 2222.2
1260120 2222.2
1260130 2225.9
1260140 2223.3
1260150 2223.3
1260160 2214.6
1260170 2213.8
1260180 2213.8
1260190 2211.7
1260200 2203.5
1260210 2203.5
1260220 2173.2
1260230 2140.1
1260240 2140.1
1260250 2117.1
1260260 2100.4
1260270 2100.4
1260280 2106.5
1260290 2099.3
1260300 2099.3
1260310 2083.4
1260320 2058.9
1260330 2052.6
1260340 2052.6
1260350 2049.8
1260360 2057.6
1260370 2057.6
1260380 2064.6
1260390 2067.0
1260400 2067.0
1260410 2071.5
1260420 2075.8
1260430 2075.8
1260440 2080.5
1260450 2057.1
1260460 2057.1
1260470 2003.4
1260480 1997.3
1260490 1997.3
1260500 1993.2
1260510 1984.9
1260520 1984.9
1260530 1979.6
1260540 1981.5
1260550 1981.5
1260560 1989.8
1260570 1993.9
1260580 2002.4
1260590 2002.4
1260600 2031.7
1260610 2064.6
1260620 2064.6
1260630 2086.3
1260640 2094.7
1260650 2094.7
1260660 2101.4
1260670 2105.1
1260680 2105.1
1260690 2105.5
1260700 2109.9
1260710 2109.9
1260720 2118.6
1260730 2126.1
1260740 2126.1
1260750 2132.7
1260760 2141.0
1260770 2141.0
1260780 2151.6
1260790 2164.0
1260800 2164.0
1260810 2174.1
1260820 2175.4
1260830 2175.4
1260840 2178.5
1260850 2188.8
1260860 2191.5
1260870 2191.5
1260880 2193.4
1260890 2193.7
1260900 2193.7
1260910 2194.4
1260920 2197.1
1260930 2197.1
1260940 2200.6
1260950 2204.0
1260960 2204.0
1260970 2207.1
1260980 2210.6
1260990 2210.6
1261000 2211.9
1261010 2213.8
1261020 2213.8
1261030 2217.6
1261040 2222.8
1261050 2222.8
1261060 2225.9
1261070 2225.1
1261080 2225.1
1261090 2225.5
1261100 2222.1
1261110 2222.1
1261120 2213.6
1261130 2209.0
1261140 2200.3
1261150 2200.3
1261160 2195.2
1261170 2185.9
1261180 2185.9
1261190 2138.2
1261200 2096.8
1261210 2096.8
1261220 2081.1
1261230 2071.5
1261240 2071.5
1261250 2037.3
1261260 2029.1
1261270 2029.1
1261280 2028.0
1261290 2026.4
1261300 2026.4
1261310 2024.4
1261320 2023.9
1261330 2023.9
1261340 2024.5
1261350 2026.7
1261360 2026.7
1261370 2028.8
1261380 2030.2
1261390 2030.2
1261400 2031.6
1261410 2039.2
1261420 2040.6
1261430 2040.6
1261440 2042.8
1261450 2045.6
1261460 2045.6
1261470 2049.0
1261480 2052.7
1261490 2052.7
1261500 2056.8
1261510 2061.5
1261520 2061.5
1261530 2066.1
1261540 2070.6
1261550 2070.6
1261560 2074.9
1261570 2078.8
1261580 2078.8
1261590 2082.7
1261600 2086.7
1261610 2086.7
1261620 2090.5
1261630 2094.2
1261640 2094.2
1261650 2097.8
1261660 2101.6
1261670 2105.0
1261680 2105.0
1261690 2107.8
1261700 2110.4
1261710 2110.4
1261720 2112.4
1261730 2115.2
1261740 2115.2
1261750 2118.9
1261760 2123.2
1261770 2123.2
1261780 2127.7
1261790 2132.3
1261800 2132.3
1261810 2136.6
1261820 2140.7
1261830 2140.7
1261840 2144.4
1261850 2147.5
1261860 2147.5
1261870 2150.2
1261880 2154.8
1261890 2154.8
1261900 2160.7
1261910 2167.2
1261920 2167.2
1261930 2175.0
1261940 2190.7
1261950 2210.5
1261960 2210.5
1261970 2223.1
1261980 2235.7
1261990 2238.0
1262000 2247.2
1262010 2257.9
1262020 2257.9
1262030 2268.1
1262040 2276.6
1262050 2276.6
1262060 2284.3
1262070 2291.1
1262080 2291.1
1262090 2298.5
1262100 2307.4
1262110 2307.4
1262120 2317.6
1262130 2328.6
1262140 2328.6
1262150 2339.2
1262160 2347.7
1262170 2347.7
1262180 2356.9
1262190 2357.3
1262200 2357.3
1262210 2346.8
1262220 2335.1
1262230 2325.6
1262240 2325.6
1262250 2316.7
1262260 2308.9
1262270 2308.9
1262280 2307.6
1262290 2310.7
1262300 2310.7
1262310 2304.2
1262320 2303.6
1262330 2303.6
1262340 2302.7
1262350 2298.1
1262360 2298.1
1262370 2290.0
1262380 2282.6
1262390 2282.6
1262400 2274.1
1262410 2269.4
1262420 2269.4
1262430 2264.3
1262440 2258.1
1262450 2258.1
1262460 2254.1
1262470 2246.0
1262480 2246.0
1262490 2234.9
1262500 2226.0
1262510 2223.7
1262520 2223.7
1262530 2225.4
1262540 2226.9
1262550 2226.9
1262560 2228.0
1262570 2218.4
1262580 2218.4
1262590 2197.9
1262600 2179.1
1262610 2179.1
1262620 2180.9
1262630 2186.4
1262640 2186.4
1262650 2187.4
1262660 2188.8
1262670 2188.8
1262680 2182.4
1262690 2173.5
1262700 2173.5
1262710 2170.0
1262720 2161.4
1262730 2161.4
1262740 2147.7
1262750 2135.3
1262760 2135.3
1262770 2120.0
1262780 2130.7
1262790 2138.6
1262800 2138.6
1262810 2129.9
1262820 2127.8
1262830 2127.8
1262840 2131.4
1262850 2140.5
1262860 2140.5
1262870 2151.5
1262880 2162.1
1262890 2162.1
1262900 2172.1
1262910 2180.4
1262920 2180.4
1262930 2185.2
1262940 2186.7
1262950 2186.7
1262960 2188.2
1262970 2189.5
1262980 2189.5
1262990 2189.8
1263000 2193.8
1263010 2193.8
1263020 2180.0
1263030 2161.6
1263040 2154.7
1263050 2154.7
1263060 2149.8
1263070 2146.4
1263080 2146.4
1263090 2148.3
1263100 2147.6
1263110 2147.6
1263120 2151.6
1263130 2183.9
1263140 2183.9
1263150 2187.6
1263160 2177.9
1263170 2177.9
1263180 2171.3
1263190 2170.1
1263200 2170.1
1263210 2169.5
1263220 2170.5
1263230 2170.5
1263240 2177.7
1263250 2185.6
1263260 2185.6
1263270 2189.6
1263280 2189.3
1263290 2189.3
1263300 2192.4
1263310 2192.0
1263320 2180.4
1263330 2180.4
1263340 2178.5
1263350 2183.7
1263360 2183.7
1263370 2189.9
1263380 2192.4
1263390 2192.4
1263400 2191.6
1263410 2194.0
1263420 2194.0
1263430 2197.8
1263440 2200.9
1263450 2200.9
1263460 2205.5
1263470 2211.5
1263480 2211.5
1263490 2218.2
1263500 2225.3
1263510 2225.3
1263520 2235.2
1263530 2243.0
1263540 2243.0
1263550 2240.1
1263560 2231.1
1263570 2231.1
1263580 2229.1
1263590 2231.7
1263600 2231.7
1263610 2231.7
1263620 2230.7
1263630 2228.8
1263640 2228.8
1263650 2221.0
1263660 2202.5
1263670 2202.5
1263680 2190.2
1263690 2179.6
1263700 2179.6
1263710 2168.8
1263720 2158.1
1263730 2158.1
1263740 2146.1
1263750 2132.8
1263760 2132.8
1263770 2118.8
1263780 2110.1
1263790 2110.1
1263800 2102.0
1263810 2093.6
1263820 2093.6
1263830 2084.8
1263840 2076.3
1263850 2076.3
1263860 2068.0
1263870 2061.9
1263880 2057.3
1263890 2057.3
1263900 2052.9
1263910 2048.5
1263920 2048.5
1263930 2044.3
1263940 2041.1
1263950 2041.1
1263960 2038.2
1263970 2035.3
1263980 2035.3
1263990 2031.6
1264000 2027.2
1264010 2027.2
1264020 2022.2
1264030 2017.6
1264040 2017.6
1264050 2013.1
1264060 2007.8
1264070 2007.8
1264080 2002.2
1264090 1996.5
1264100 1996.5
1264110 1991.4
1264120 1987.7
1264130 1985.0
1264140 1985.0
1264150 1982.3
1264160 1979.7
1264170 1979.7
1264180 1976.4
1264190 1972.3
1264200 1972.3
1264210 1968.3
1264220 1965.2
1264230 1965.2
1264240 1962.7
1264250 1959.9
1264260 1959.9
1264270 1956.9
1264280 1954.1
1264290 1947.9
1264300 1945.4
1264310 1942.8
1264320 1942.8
1264330 1939.9
1264340 1936.2
1264350 1936.2
1264360 1932.7
1264370 1928.3
1264380 1928.3
1264390 1924.1
1264400 1920.0
1264410 1917.6
1264420 1917.6
1264430 1916.4
1264440 1914.9
1264450 1914.9
1264460 1913.8
1264470 1912.4
1264480 1912.4
1264490 1910.5
1264500 1907.9
1264510 1907.9
1264520 1905.4
1264530 1902.1
1264540 1902.1
1264550 1899.9
1264560 1898.8
1264570 1898.8
1264580 1896.7
1264590 1895.1
1264600 1895.1
1264610 1893.8
1264620 1891.8
1264630 1891.8
1264640 1889.2
1264650 1885.9
1264660 1885.9
1264670 1881.6
1264680 1877.3
1264690 1872.5
1264700 1872.5
1264710 1868.8
1264720 1864.3
1264730 1864.3
1264740 1858.9
1264750 1855.3
1264760 1855.3
1264770 1853.6
1264780 1853.3
1264790 1853.3
1264800 1852.4
1264810 1851.1
1264820 1851.1
1264830 1849.8
1264840 1849.4
1264850 1849.4
1264860 1845.4
1264870 1846.0
1264880 1846.0
1264890 1845.9
1264900 1845.7
1264910 1845.7
1264920 1845.2
1264930 1844.9
1264940 1844.9
1264950 1845.0
1264960 1845.6
1264970 1845.1
1264980 1845.1
1264990 1844.1
1265000 1843.4
1265010 1843.4
1265020 1843.3
1265030 1844.0
1265040 1844.0
1265050 1846.6
1265060 1849.1
1265070 1849.1
1265080 1850.1
1265090 1848.7
1265100 1848.7
1265110 1846.1
1265120 1842.5
1265130 1842.5
1265140 1837.3
1265150 1834.8
1265160 1834.8
1265170 1835.5
1265180 1838.5
1265190 1838.5
1265200 1839.1
1265210 1837.5
1265220 1834.9
1265230 1834.9
1265240 1832.4
1265250 1832.5
1265260 1832.5
1265270 1832.6
1265280 1831.7
1265290 1831.7
1265300 1831.1
1265310 1833.2
1265320 1833.2
1265330 1834.3
1265340 1833.3
1265350 1833.3
1265360 1831.6
1265370 1831.0
1265380 1831.0
1265390 1830.4
1265400 1830.1
1265410 1830.1
1265420 1829.3
1265430 1827.8
1265440 1822.9
1265450 1821.1
1265460 1818.3
1265470 1818.3
1265480 1814.3
1265490 1810.2
1265500 1805.9
1265510 1805.9
1265520 1804.1
1265530 1803.0
1265540 1803.0
1265550 1802.6
1265560 1798.4
1265570 1798.4
1265580 1791.7
1265590 1792.9
1265600 1792.9
1265610 1797.0
1265620 1798.3
1265630 1798.3
1265640 1798.3
1265650 1796.8
1265660 1796.8
1265670 1798.8
1265680 1798.1
1265690 1798.1
1265700 1795.8
1265710 1794.4
1265720 1794.4
1265730 1795.2
1265740 1797.1
1265750 1797.1
1265760 1799.4
1265770 1802.3
1265780 1805.7
1265790 1805.7
1265800 1808.2
1265810 1810.2
1265820 1810.2
1265830 1814.4
1265840 1821.3
1265850 1821.3
1265860 1825.9
1265870 1831.1
1265880 1831.1
1265890 1836.4
1265900 1842.5
1265910 1842.5
1265920 1847.9
1265930 1853.1
1265940 1853.1
1265950 1857.0
1265960 1860.6
1265970 1860.6
1265980 1864.3
1265990 1867.9
1266000 1867.9
1266010 1870.9
1266020 1872.8
1266030 1866.1
1266040 1867.7
1266050 1868.8
1266060 1869.1
1266070 1869.1
1266080 1868.0
1266090 1867.7
1266100 1867.7
1266110 1869.0
1266120 1868.9
1266130 1868.9
1266140 1868.8
1266150 1869.7
1266160 1869.7
1266170 1873.8
1266180 1880.5
1266190 1880.5
1266200 1886.8
1266210 1892.2
1266220 1892.2
1266230 1897.8
1266240 1903.5
1266250 1903.5
1266260 1909.3
1266270 1915.3
1266280 1915.3
1266290 1921.1
1266300 1927.0
1266310 1933.0
1266320 1933.0
1266330 1938.5
1266340 1943.2
1266350 1943.2
1266360 1945.4
1266370 1945.1
1266380 1945.1
1266390 1942.5
1266400 1940.0
1266410 1940.0
1266420 1936.0
1266430 1929.8
1266440 1929.8
1266450 1923.1
1266460 1918.0
1266470 1918.0
1266480 1915.7
1266490 1915.3
1266500 1915.3
1266510 1915.1
1266520 1915.0
1266530 1915.0
1266540 1914.6
1266550 1911.6
1266560 1911.6
1266570 1906.4
1266580 1900.2
1266590 1894.7
1266600 1894.7
1266610 1886.9
1266620 1879.9
1266630 1879.9
1266640 1872.8
1266650 1864.9
1266660 1864.9
1266670 1857.2
1266680 1850.8
1266690 1850.8
1266700 1844.8
1266710 1839.8
1266720 1839.8
1266730 1835.8
1266740 1832.5
1266750 1832.5
1266760 1830.5
1266770 1828.6
1266780 1828.6
1266790 1826.9
1266800 1824.5
1266810 1824.5
1266820 1821.6
1266830 1818.7
1266840 1818.7
1266850 1815.6
1266860 1812.3
1266870 1809.6
1266880 1809.6
1266890 1807.4
1266900 1806.9
1266910 1806.9
1266920 1808.6
1266930 1812.2
1266940 1812.2
1266950 1817.2
1266960 1821.8
1266970 1821.8
1266980 1826.3
1266990 1829.1
1267000 1829.1
1267010 1829.5
1267020 1828.8
1267030 1828.8
1267040 1826.2
1267050 1818.4
1267060 1818.4
1267070 1813.3
1267080 1807.5
1267090 1807.5
1267100 1803.1
1267110 1800.5
1267120 1800.5
1267130 1797.5
1267140 1794.4
1267150 1790.9
1267160 1790.9
1267170 1786.1
1267180 1781.3
1267190 1776.1
1267200 1771.7
1267210 1768.9
1267220 1768.9
1267230 1765.4
1267240 1761.1
1267250 1761.1
1267260 1756.5
1267270 1751.3
1267280 1751.3
1267290 1746.8
1267300 1743.4
1267310 1743.4
1267320 1739.0
1267330 1736.4
1267340 1736.4
1267350 1737.1
1267360 1736.6
1267370 1736.6
1267380 1734.1
1267390 1730.8
1267400 1730.8
1267410 1728.1
1267420 1727.3
1267430 1727.7
1267440 1727.7
1267450 1728.4
1267460 1730.1
1267470 1730.1
1267480 1732.2
1267490 1735.3
1267500 1735.3
1267510 1739.7
1267520 1743.8
1267530 1743.8
1267540 1748.3
1267550 1753.1
1267560 1753.1
1267570 1758.2
1267580 1761.3
1267590 1761.3
1267600 1760.7
1267610 1758.9
1267620 1758.9
1267630 1755.8
1267640 1752.3
1267650 1752.3
1267660 1747.5
1267670 1741.7
1267680 1736.7
1267690 1736.7
1267700 1731.5
1267710 1726.0
1267720 1726.0
1267730 1722.5
1267740 1724.2
1267750 1724.2
1267760 1724.9
1267770 1724.6
1267780 1716.7
1267790 1716.3
1267800 1716.6
1267810 1716.6
1267820 1716.8
1267830 1716.7
1267840 1716.7
1267850 1715.9
1267860 1715.0
1267870 1715.0
1267880 1712.8
1267890 1710.7
1267900 1710.7
1267910 1708.3
1267920 1705.0
1267930 1705.0
1267940 1703.2
1267950 1701.5
1267960 1698.5
1267970 1698.5
1267980 1696.4
1267990 1697.6
1268000 1697.6
1268010 1697.9
1268020 1698.1
1268030 1698.1
1268040 1698.2
1268050 1698.1
1268060 1698.1
1268070 1697.3
1268080 1695.9
1268090 1695.9
1268100 1694.9
1268110 1693.7
1268120 1693.7
1268130 1692.7
1268140 1691.6
1268150 1691.6
1268160 1689.9
1268170 1688.1
1268180 1688.1
1268190 1687.3
1268200 1685.8
1268210 1685.8
1268220 1684.7
1268230 1683.5
1268240 1682.3
1268250 1682.3
1268260 1681.2
1268270 1679.5
1268280 1679.5
1268290 1677.0
1268300 1674.1
1268310 1674.1
1268320 1669.9
1268330 1666.2
1268340 1666.2
1268350 1660.7
1268360 1655.0
1268370 1651.0
1268380 1647.0
1268390 1643.6
1268400 1643.6
1268410 1638.9
1268420 1635.9
1268430 1635.9
1268440 1640.2
1268450 1643.1
1268460 1643.1
1268470 1643.8
1268480 1642.3
1268490 1642.3
1268500 1639.3
1268510 1633.4
1268520 1625.7
1268530 1625.7
1268540 1618.6
1268550 1611.1
1268560 1611.1
1268570 1607.1
1268580 1607.7
1268590 1607.7
1268600 1607.8
1268610 1609.2
1268620 1609.2
1268630 1612.6
1268640 1616.8
1268650 1616.8
1268660 1618.9
1268670 1620.0
1268680 1620.0
1268690 1620.6
1268700 1617.2
1268710 1617.2
1268720 1609.8
1268730 1602.1
1268740 1602.1
1268750 1594.9
1268760 1588.0
1268770 1580.6
1268780 1580.6
1268790 1574.9
1268800 1568.6
1268810 1568.6
1268820 1564.9
1268830 1565.1
1268840 1565.1
1268850 1563.0
1268860 1558.4
1268870 1558.4
1268880 1557.4
1268890 1558.4
1268900 1558.4
1268910 1562.2
1268920 1569.2
1268930 1569.2
1268940 1575.0
1268950 1578.3
1268960 1571.2
1268970 1570.9
1268980 1568.0
1268990 1568.0
1269000 1566.1
1269010 1569.9
1269020 1569.9
1269030 1573.3
1269040 1577.5
1269050 1582.0
1269060 1582.0
1269070 1587.0
1269080 1591.9
1269090 1591.9
1269100 1594.7
1269110 1595.4
1269120 1595.4
1269130 1595.3
1269140 1594.9
1269150 1594.9
1269160 1593.9
1269170 1592.1
1269180 1592.1
1269190 1592.1
1269200 1592.4
1269210 1592.4
1269220 1592.5
1269230 1591.6
1269240 1591.6
1269250 1588.7
1269260 1584.9
1269270 1584.9
1269280 1581.6
1269290 1577.9
1269300 1577.9
1269310 1572.7
1269320 1568.2
1269330 1565.9
1269340 1565.9
1269350 1565.4
1269360 1564.4
1269370 1564.4
1269380 1559.1
1269390 1553.1
1269400 1553.1
1269410 1547.9
1269420 1543.8
1269430 1543.8
1269440 1542.9
1269450 1547.1
1269460 1547.1
1269470 1553.0
1269480 1559.1
1269490 1559.1
1269500 1562.6
1269510 1561.4
1269520 1561.4
1269530 1559.8
1269540 1556.9
1269550 1550.2
1269560 1547.2
1269570 1542.6
1269580 1542.6
1269590 1538.4
1269600 1534.8
1269610 1533.5
1269620 1533.5
1269630 1534.3
1269640 1534.9
1269650 1534.9
1269660 1534.5
1269670 1531.4
1269680 1531.4
1269690 1527.2
1269700 1519.9
1269710 1519.9
1269720 1510.3
1269730 1502.4
1269740 1502.4
1269750 1495.1
1269760 1488.2
1269770 1488.2
1269780 1481.7
1269790 1475.3
1269800 1475.3
1269810 1469.6
1269820 1464.5
1269830 1464.5
1269840 1458.5
1269850 1451.2
1269860 1444.0
1269870 1444.0
1269880 1435.9
1269890 1420.4
1269900 1420.4
1269910 1404.8
1269920 1393.8
1269930 1393.8
1269940 1384.1
1269950 1374.4
1269960 1374.4
1269970 1364.5
1269980 1361.7
1269990 1361.7
1270000 1362.9
1270010 1363.7
1270020 1363.7
1270030 1356.5
1270040 1350.9
1270050 1350.9
1270060 1324.3
1270070 1306.0
1270080 1306.0
1270090 1297.6
1270100 1290.1
1270110 1290.1
1270120 1282.8
1270130 1276.0
1270140 1265.8
1270150 1265.8
1270160 1259.6
1270170 1256.1
1270180 1256.1
1270190 1252.3
1270200 1245.8
1270210 1245.8
1270220 1241.6
1270230 1238.3
1270240 1238.3
1270250 1236.8
1270260 1234.5
1270270 1234.5
1270280 1231.3
1270290 1228.5
1270300 1228.5
1270310 1227.2
1270320 1229.8
1270330 1229.8
1270340 1234.5
1270350 1233.6
1270360 1233.6
1270370 1233.9
1270380 1234.6
1270390 1234.6
1270400 1236.1
1270410 1237.2
1270420 1236.4
1270430 1236.4
1270440 1231.5
1270450 1224.5
1270460 1224.5
1270470 1220.5
1270480 1218.9
1270490 1218.9
1270500 1218.4
1270510 1219.2
1270520 1219.2
1270530 1224.6
1270540 1231.4
1270550 1231.4
1270560 1235.1
1270570 1235.2
1270580 1235.2
1270590 1229.9
1270600 1224.0
1270610 1224.0
1270620 1221.7
1270630 1221.5
1270640 1221.5
1270650 1221.1
1270660 1221.2
1270670 1221.2
1270680 1222.3
1270690 1223.5
1270700 1225.7
1270710 1225.7
1270720 1230.3
1270730 1236.1
1270740 1233.4
1270750 1240.8
1270760 1248.8
1270770 1248.8
1270780 1255.6
1270790 1260.0
1270800 1260.0
1270810 1263.0
1270820 1261.9
1270830 1261.9
1270840 1257.9
1270850 1258.1
1270860 1258.1
1270870 1258.6
1270880 1258.0
1270890 1258.0
1270900 1258.1
1270910 1256.9
1270920 1256.9
1270930 1255.2
1270940 1255.8
1270950 1257.9
1270960 1257.9
1270970 1261.2
1270980 1264.1
1270990 1264.1
1271000 1268.1
1271010 1274.4
1271020 1274.4
1271030 1282.0
1271040 1289.4
1271050 1289.4
1271060 1296.7
1271070 1302.2
1271080 1302.2
1271090 1305.3
1271100 1308.4
1271110 1308.4
1271120 1311.5
1271130 1314.2
1271140 1314.2
1271150 1316.9
1271160 1318.6
1271170 1318.6
1271180 1320.3
1271190 1322.2
1271200 1322.2
1271210 1324.5
1271220 1327.3
1271230 1330.3
1271240 1330.3
1271250 1333.2
1271260 1335.4
1271270 1335.4
1271280 1337.3
1271290 1339.6
1271300 1339.6
1271310 1340.8
1271320 1342.5
1271330 1336.7
1271340 1337.7
1271350 1338.4
1271360 1338.4
1271370 1338.7
1271380 1338.7
1271390 1338.7
1271400 1340.5
1271410 1343.3
1271420 1343.3
1271430 1343.9
1271440 1343.3
1271450 1343.3
1271460 1343.5
1271470 1345.7
1271480 1345.7
1271490 1348.6
1271500 1349.6
1271510 1350.4
1271520 1350.4
1271530 1351.1
1271540 1349.9
1271550 1349.9
1271560 1344.2
1271570 1339.2
1271580 1339.2
1271590 1339.0
1271600 1340.5
1271610 1340.5
1271620 1344.8
1271630 1348.4
1271640 1348.4
1271650 1349.1
1271660 1349.1
1271670 1349.1
1271680 1348.9
1271690 1351.2
1271700 1351.2
1271710 1354.6
1271720 1356.6
1271730 1356.6
1271740 1358.5
1271750 1359.9
1271760 1359.9
1271770 1359.8
1271780 1357.3
1271790 1358.0
1271800 1358.0
1271810 1361.2
1271820 1362.7
1271830 1362.7
1271840 1360.3
1271850 1356.9
1271860 1356.9
1271870 1354.3
1271880 1352.0
1271890 1352.0
1271900 1351.0
1271910 1350.8
1271920 1350.8
1271930 1346.0
1271940 1345.3
1271950 1345.3
1271960 1344.0
1271970 1343.8
1271980 1343.8
1271990 1344.1
1272000 1343.0
1272010 1343.0
1272020 1340.8
1272030 1338.1
1272040 1337.2
1272050 1337.2
1272060 1336.7
1272070 1335.6
1272080 1335.6
1272090 1334.0
1272100 1332.2
1272110 1332.2
1272120 1330.2
1272130 1327.0
1272140 1327.0
1272150 1324.3
1272160 1321.4
1272170 1321.4
1272180 1317.5
1272190 1316.2
1272200 1316.2
1272210 1316.6
1272220 1312.5
1272230 1312.5
1272240 1304.7
1272250 1295.6
1272260 1295.6
1272270 1287.6
1272280 1281.5
1272290 1281.5
1272300 1270.0
1272310 1266.1
1272320 1258.0
1272330 1258.0
1272340 1247.0
1272350 1237.7
1272360 1237.7
1272370 1235.6
1272380 1230.0
1272390 1230.0
1272400 1219.2
1272410 1205.5
1272420 1205.5
1272430 1192.3
1272440 1182.8
1272450 1182.8
1272460 1178.4
1272470 1177.7
1272480 1177.7
1272490 1181.1
1272500 1186.7
1272510 1186.7
1272520 1180.5
1272530 1168.9
1272540 1168.9
1272550 1169.2
1272560 1175.8
1272570 1175.8
1272580 1180.2
1272590 1178.4
1272600 1168.7
1272610 1168.7
1272620 1157.9
1272630 1149.1
1272640 1149.1
1272650 1154.5
1272660 1169.4
1272670 1169.4
1272680 1179.1
1272690 1180.0
1272700 1180.0
1272710 1174.5
1272720 1170.5
1272730 1170.5
1272740 1171.0
1272750 1172.8
1272760 1172.8
1272770 1170.1
1272780 1161.4
1272790 1161.4
1272800 1159.7
1272810 1156.5
1272820 1156.5
1272830 1150.6
1272840 1145.8
1272850 1145.8
1272860 1144.0
1272870 1136.5
1272880 1128.2
1272890 1128.2
1272900 1125.9
1272910 1130.1
1272920 1130.1
1272930 1134.1
1272940 1134.6
1272950 1134.6
1272960 1137.0
1272970 1135.0
1272980 1135.0
1272990 1136.4
1273000 1144.2
1273010 1144.2
1273020 1151.2
1273030 1159.9
1273040 1159.9
1273050 1168.8
1273060 1173.9
1273070 1173.9
1273080 1178.1
1273090 1182.8
1273100 1182.8
1273110 1188.5
1273120 1193.9
1273130 1193.0
1273140 1193.0
1273150 1200.1
1273160 1201.9
1273170 1201.9
1273180 1201.3
1273190 1203.2
1273200 1203.2
1273210 1203.1
1273220 1204.4
1273230 1204.4
1273240 1205.2
1273250 1201.3
1273260 1201.3
1273270 1196.3
1273280 1196.1
1273290 1196.1
1273300 1196.6
1273310 1197.3
1273320 1197.3
1273330 1198.6
1273340 1199.1
1273350 1199.1
1273360 1199.4
1273370 1199.3
1273380 1199.3
1273390 1198.7
1273400 1197.3
1273410 1196.3
1273420 1196.3
1273430 1195.6
1273440 1195.0
1273450 1195.0
1273460 1194.2
1273470 1193.6
1273480 1193.6
1273490 1192.7
1273500 1192.8
1273510 1192.8
1273520 1193.4
1273530 1194.6
1273540 1194.6
1273550 1196.5
1273560 1198.9
1273570 1198.9
1273580 1202.0
1273590 1204.3
1273600 1204.3
1273610 1202.5
1273620 1200.3
1273630 1200.3
1273640 1197.6
1273650 1195.0
1273660 1195.0
1273670 1192.3
1273680 1189.1
1273690 1185.4
1273700 1185.4
1273710 1181.0
1273720 1177.0
1273730 1175.4
1273740 1170.8
1273750 1165.9
1273760 1165.9
1273770 1159.2
1273780 1150.8
1273790 1150.8
1273800 1142.7
1273810 1135.3
1273820 1135.3
1273830 1128.7
1273840 1122.3
1273850 1122.3
1273860 1116.4
1273870 1113.2
1273880 1113.2
1273890 1112.0
1273900 1107.6
1273910 1107.6
1273920 1100.0
1273930 1092.0
1273940 1092.0
1273950 1083.8
1273960 1075.2
1273970 1065.6
1273980 1065.6
1273990 1055.7
1274000 1046.8
1274010 1046.8
1274020 1038.7
1274030 1032.0
1274040 1032.0
1274050 1027.4
1274060 1026.8
1274070 1026.8
1274080 1023.5
1274090 1024.2
1274100 1024.2
1274110 1024.5
1274120 1022.8
1274130 1022.8
1274140 1023.5
1274150 1026.2
1274160 1026.2
1274170 1029.0
1274180 1030.6
1274190 1030.6
1274200 1033.2
1274210 1038.6
1274220 1043.5
1274230 1043.5
1274240 1047.2
1274250 1051.4
1274260 1051.4
1274270 1056.9
1274280 1062.9
1274290 1062.9
1274300 1069.3
1274310 1076.0
1274320 1076.0
1274330 1083.0
1274340 1084.4
1274350 1084.4
1274360 1083.9
1274370 1078.9
1274380 1078.9
1274390 1070.4
1274400 1062.9
1274410 1062.9
1274420 1056.1
1274430 1051.4
1274440 1051.4
1274450 1053.0
1274460 1055.8
1274470 1055.8
1274480 1059.0
1274490 1061.9
1274500 1063.2
1274510 1063.2
1274520 1064.4
1274530 1067.0
1274540 1067.0
1274550 1068.6
1274560 1071.4
1274570 1071.4
1274580 1075.8
1274590 1080.2
1274600 1080.2
1274610 1084.6
1274620 1087.0
1274630 1087.0
1274640 1088.9
1274650 1090.6
1274660 1090.6
1274670 1094.6
1274680 1099.4
1274690 1099.4
1274700 1099.7
1274710 1097.3
1274720 1097.3
1274730 1101.4
1274740 1105.7
1274750 1105.7
1274760 1106.9
1274770 1106.2
1274780 1105.0
1274790 1105.0
1274800 1105.5
1274810 1103.1
1274820 1103.1
1274830 1101.8
1274840 1103.4
1274850 1103.4
1274860 1101.2
1274870 1102.2
1274880 1102.2
1274890 1107.9
1274900 1111.3
1274910 1111.3
1274920 1113.5
1274930 1114.1
1274940 1108.1
1274950 1108.1
1274960 1107.6
1274970 1107.6
1274980 1107.8
1274990 1108.0
1275000 1108.0
1275010 1110.4
1275020 1112.4
1275030 1112.4
1275040 1112.6
1275050 1111.5
1275060 1112.1
1275070 1112.1
1275080 1110.6
1275090 1109.2
1275100 1109.2
1275110 1108.4
1275120 1108.1
1275130 1108.1
1275140 1106.9
1275150 1105.7
1275160 1105.7
1275170 1105.3
1275180 1103.6
1275190 1103.6
1275200 1102.2
1275210 1101.0
1275220 1101.0
1275230 1098.4
1275240 1093.8
1275250 1093.8
1275260 1089.8
1275270 1088.3
1275280 1088.3
1275290 1086.2
1275300 1082.3
1275310 1082.3
1275320 1077.5
1275330 1073.1
1275340 1068.7
1275350 1068.7
1275360 1063.1
1275370 1061.6
1275380 1061.6
1275390 1058.9
1275400 1055.2
1275410 1055.2
1275420 1054.7
1275430 1053.7
1275440 1053.7
1275450 1054.5
1275460 1052.6
1275470 1052.6
1275480 1049.9
1275490 1049.8
1275500 1049.8
1275510 1047.1
1275520 1042.8
1275530 1042.8
1275540 1037.7
1275550 1030.9
1275560 1030.9
1275570 1028.6
1275580 1027.6
1275590 1026.3
1275600 1026.3
1275610 1022.7
1275620 1016.3
1275630 1016.3
1275640 1012.1
1275650 1014.7
1275660 1014.7
1275670 1012.3
1275680 1011.1
1275690 1011.1
1275700 1008.8
1275710 1005.9
1275720 1005.9
1275730 1002.8
1275740 1000.8
1275750 1000.8
1275760 999.6
1275770 997.8
1275780 997.8
1275790 996.6
1275800 995.2
1275810 995.2
1275820 993.4
1275830 995.9
1275840 995.9
1275850 996.0
1275860 994.2
1275870 992.5
1275880 992.5
1275890 991.4
1275900 989.8
1275910 989.8
1275920 987.9
1275930 985.6
1275940 985.6
1275950 983.6
1275960 981.6
1275970 981.6
1275980 978.5
1275990 973.9
1276000 973.9
1276010 968.6
1276020 965.0
1276030 965.0
1276040 964.6
1276050 965.1
1276060 965.1
1276070 960.9
1276080 955.2
1276090 955.2
1276100 955.1
1276110 955.0
1276120 955.0
1276130 947.8
1276140 943.4
1276150 937.9
1276160 935.7
1276170 929.3
1276180 922.7
1276190 922.7
1276200 919.2
1276210 919.1
1276220 919.1
1276230 920.4
1276240 918.8
1276250 918.8
1276260 910.9
1276270 901.2
1276280 901.2
1276290 892.1
1276300 884.0
1276310 884.0
1276320 876.2
1276330 872.7
1276340 872.7
1276350 872.8
1276360 874.5
1276370 874.5
1276380 878.3
1276390 882.3
1276400 882.3
1276410 885.5
1276420 886.5
1276430 891.3
1276440 891.3
1276450 896.9
1276460 900.2
1276470 900.2
1276480 896.5
1276490 889.7
1276500 889.7
1276510 882.0
1276520 875.6
1276530 875.6
1276540 870.1
1276550 866.6
1276560 866.6
1276570 862.7
1276580 861.2
1276590 861.2
1276600 864.4
1276610 869.7
1276620 869.7
1276630 872.6
1276640 875.8
1276650 875.8
1276660 878.4
1276670 882.4
1276680 889.5
1276690 889.5
1276700 894.6
1276710 898.5
1276720 898.5
1276730 902.8
1276740 907.9
1276750 907.9
1276760 913.5
1276770 912.5
1276780 912.5
1276790 913.1
1276800 914.8
1276810 914.8
1276820 916.9
1276830 921.7
1276840 921.7
1276850 927.4
1276860 932.6
1276870 932.6
1276880 936.8
1276890 938.9
1276900 938.9
1276910 940.4
1276920 942.0
1276930 942.0
1276940 943.3
1276950 945.0
1276960 946.4
1276970 946.4
1276980 947.6
1276990 948.8
1277000 948.8
1277010 950.6
1277020 952.7
1277030 952.7
1277040 954.3
1277050 956.0
1277060 956.0
1277070 957.7
1277080 958.4
1277090 958.4
1277100 958.3
1277110 957.2
1277120 957.2
1277130 955.1
1277140 954.2
1277150 954.2
1277160 954.1
1277170 954.5
1277180 954.5
1277190 954.9
1277200 955.2
1277210 955.2
1277220 955.1
1277230 955.5
1277240 955.6
1277250 955.6
1277260 956.1
1277270 956.1
1277280 956.1
1277290 955.6
1277300 954.3
1277310 954.3
1277320 956.7
1277330 958.8
1277340 958.8
1277350 960.7
1277360 963.8
1277370 963.8
1277380 966.8
1277390 964.2
1277400 964.2
1277410 968.1
1277420 968.5
1277430 968.5
1277440 967.3
1277450 965.7
1277460 965.7
1277470 963.5
1277480 960.5
1277490 960.5
1277500 956.3
1277510 950.4
1277520 944.9
1277530 944.9
1277540 940.4
1277550 936.1
1277560 936.1
1277570 932.2
1277580 928.8
1277590 928.8
1277600 926.2
1277610 923.8
1277620 923.8
1277630 921.4
1277640 919.3
1277650 919.3
1277660 917.4
1277670 916.1
1277680 916.1
1277690 914.4
1277700 912.4
1277710 912.4
1277720 910.4
1277730 908.0
1277740 908.0
1277750 905.1
1277760 902.4
1277770 899.5
1277780 899.5
1277790 894.4
1277800 889.1
1277810 889.1
1277820 884.4
1277830 878.8
1277840 878.8
1277850 875.6
1277860 874.3
1277870 874.3
1277880 874.0
1277890 873.1
1277900 873.1
1277910 871.1
1277920 868.9
1277930 868.9
1277940 866.1
1277950 864.3
1277960 864.3
1277970 863.2
1277980 861.6
1277990 861.6
1278000 852.9
1278010 848.8
1278020 848.8
1278030 848.2
1278040 846.5
1278050 844.9
1278060 844.9
1278070 841.5
1278080 841.7
1278090 841.7
1278100 841.3
1278110 840.1
1278120 840.1
1278130 840.1
1278140 841.3
1278150 841.3
1278160 842.7
1278170 844.1
1278180 844.1
1278190 844.8
1278200 844.8
1278210 844.8
1278220 843.8
1278230 841.9
1278240 841.9
1278250 839.3
1278260 837.6
1278270 837.6
1278280 837.7
1278290 837.4
1278300 837.4
1278310 837.4
1278320 838.4
1278330 839.9
1278340 839.9
1278350 841.0
1278360 840.0
1278370 840.0
1278380 834.5
1278390 825.1
1278400 825.1
1278410 823.5
1278420 826.7
1278430 826.7
1278440 833.2
1278450 840.4
1278460 840.4
1278470 845.0
1278480 849.2
1278490 849.2
1278500 852.3
1278510 854.8
1278520 854.8
1278530 856.8
1278540 856.1
1278550 856.1
1278560 855.8
1278570 857.9
1278580 857.9
1278590 860.0
1278600 864.0
1278610 865.4
1278620 859.4
1278630 861.2
1278640 861.3
1278650 861.3
1278660 861.2
1278670 860.8
1278680 860.8
1278690 859.7
1278700 859.6
1278710 859.6
1278720 858.9
1278730 857.7
1278740 857.7
1278750 856.7
1278760 855.6
1278770 855.6
1278780 854.1
1278790 853.7
1278800 853.7
1278810 853.2
1278820 852.3
1278830 852.3
1278840 851.2
1278850 849.9
1278860 848.7
1278870 848.7
1278880 847.2
1278890 846.0
1278900 846.0
1278910 844.7
1278920 843.5
1278930 843.5
1278940 842.0
1278950 840.7
1278960 840.7
1278970 839.1
1278980 836.3
1278990 836.3
1279000 832.6
1279010 829.2
1279020 829.2
1279030 826.2
1279040 823.7
1279050 823.7
1279060 820.5
1279070 816.9
1279080 816.9
1279090 814.5
1279100 812.1
1279110 812.1
1279120 809.7
1279130 807.3
1279140 804.9
1279150 804.9
1279160 800.7
1279170 796.6
1279180 796.6
1279190 795.1
1279200 793.0
1279210 793.0
1279220 790.3
1279230 786.7
1279240 784.1
1279250 780.4
1279260 778.9
1279270 778.9
1279280 777.4
1279290 775.7
1279300 775.7
1279310 776.0
1279320 776.9
1279330 776.9
1279340 777.6
1279350 777.7
1279360 777.7
1279370 778.5
1279380 778.9
1279390 778.9
1279400 780.7
1279410 781.1
1279420 781.5
1279430 781.5
1279440 783.2
1279450 783.6
1279460 783.6
1279470 784.3
1279480 785.6
1279490 785.6
1279500 786.6
1279510 787.6
1279520 787.6
1279530 787.2
1279540 787.9
1279550 787.9
1279560 788.3
1279570 787.7
1279580 787.7
1279590 787.1
1279600 786.9
1279610 786.9
1279620 786.9
1279630 786.1
1279640 786.1
1279650 785.6
1279660 785.5
1279670 786.1
1279680 786.1
1279690 786.8
1279700 787.0
1279710 787.0
1279720 786.5
1279730 786.0
1279740 786.0
1279750 785.6
1279760 784.6
1279770 784.6
1279780 785.5
1279790 786.0
1279800 786.0
1279810 786.1
1279820 786.0
1279830 786.0
1279840 785.4
1279850 784.3
1279860 782.5
1279870 781.4
1279880 780.6
1279890 780.6
1279900 780.0
1279910 779.8
1279920 779.8
1279930 778.9
1279940 778.0
1279950 778.1
1279960 778.1
1279970 777.8
1279980 776.5
1279990 776.5
