1260000 1597.0
1260010 1597.0
1260020 1598.2
1260030 1598.9
1260040 1599.8
1260050 1600.3
1260060 1600.2
1260070 1600.2
1260080 1599.9
1260090 1598.5
1260100 1601.0
1260110 1601.0
1260120 1605.5
1260130 1609.2
1260140 1609.2
1260150 1612.8
1260160 1617.7
1260170 1617.7
1260180 1622.9
1260190 1628.1
1260200 1628.1
1260210 1633.2
1260220 1638.4
1260230 1638.4
1260240 1643.7
1260250 1649.2
1260260 1649.2
1260270 1654.6
1260280 1659.6
1260290 1659.6
1260300 1664.7
1260310 1669.9
1260320 1669.9
1260330 1675.0
1260340 1680.0
1260350 1680.0
1260360 1685.8
1260370 1691.8
1260380 1697.7
1260390 1697.7
1260400 1703.6
1260410 1709.6
1260420 1709.6
1260430 1715.2
1260440 1720.7
1260450 1720.7
1260460 1726.3
1260470 1731.7
1260480 1731.7
1260490 1737.2
1260500 1742.8
1260510 1742.8
1260520 1748.1
1260530 1753.1
1260540 1753.1
1260550 1758.0
1260560 1763.3
1260570 1763.3
1260580 1768.6
1260590 1773.8
1260600 1773.8
1260610 1777.5
1260620 1782.5
1260630 1782.5
1260640 1787.6
1260650 1792.4
1260660 1797.1
1260670 1797.1
1260680 1801.6
1260690 1805.7
1260700 1805.7
1260710 1810.6
1260720 1816.1
1260730 1816.1
1260740 1822.0
1260750 1827.4
1260760 1827.4
1260770 1832.6
1260780 1836.8
1260790 1836.8
1260800 1839.8
1260810 1842.3
1260820 1842.3
1260830 1843.9
1260840 1847.1
1260850 1847.1
1260860 1850.2
1260870 1851.3
1260880 1851.3
1260890 1852.5
1260900 1854.3
1260910 1854.3
1260920 1855.3
1260930 1855.9
1260940 1856.0
1260950 1856.0
1260960 1856.2
1260970 1853.8
1260980 1853.8
1260990 1852.0
1261000 1854.7
1261010 1854.7
1261020 1858.2
1261030 1859.6
1261040 1859.6
1261050 1860.6
1261060 1860.9
1261070 1860.9
1261080 1860.3
1261090 1863.1
1261100 1863.1
1261110 1865.5
1261120 1867.4
1261130 1867.4
1261140 1868.7
1261150 1870.3
1261160 1870.3
1261170 1870.6
1261180 1878.7
1261190 1881.0
1261200 1881.0
1261210 1882.8
1261220 1885.1
1261230 1885.1
1261240 1887.3
1261250 1888.5
1261260 1888.5
1261270 1890.7
1261280 1893.8
1261290 1893.8
1261300 1896.8
1261310 1900.3
1261320 1900.3
1261330 1904.0
1261340 1908.0
1261350 1908.0
1261360 1912.2
1261370 1916.7
1261380 1916.7
1261390 1921.4
1261400 1926.4
1261410 1926.4
1261420 1931.8
1261430 1937.4
1261440 1937.4
1261450 1943.0
1261460 1948.5
1261470 1954.6
1261480 1954.6
1261490 1961.4
1261500 1968.4
1261510 1968.4
1261520 1980.0
1261530 1989.9
1261540 1989.9
1261550 1998.3
1261560 2005.9
1261570 2005.9
1261580 2013.0
1261590 2018.3
1261600 2018.3
1261610 2026.9
1261620 2034.3
1261630 2034.3
1261640 2053.3
1261650 2072.4
1261660 2072.4
1261670 2079.1
1261680 2085.5
1261690 2085.5
1261700 2097.2
1261710 2111.6
1261720 2111.6
1261730 2125.1
1261740 2134.7
1261750 2150.9
1261760 2150.9
1261770 2160.4
1261780 2172.4
1261790 2172.4
1261800 2180.6
1261810 2190.2
1261820 2190.2
1261830 2186.0
1261840 2181.9
1261850 2181.9
1261860 2185.2
1261870 2193.5
1261880 2193.5
1261890 2206.8
1261900 2227.2
1261910 2227.2
1261920 2250.4
1261930 2257.3
1261940 2257.3
1261950 2261.0
1261960 2273.1
1261970 2273.1
1261980 2290.6
1261990 2305.1
1262000 2305.1
1262010 2310.6
1262020 2310.2
1262030 2309.5
1262040 2309.5
1262050 2307.4
1262060 2304.6
1262070 2304.6
1262080 2300.3
1262090 2300.4
1262100 2300.4
1262110 2303.8
1262120 2307.2
1262130 2307.2
1262140 2314.2
1262150 2321.7
1262160 2321.7
1262170 2329.7
1262180 2339.5
1262190 2339.5
1262200 2348.6
1262210 2355.7
1262220 2355.7
1262230 2363.7
1262240 2370.8
1262250 2370.8
1262260 2368.5
1262270 2356.3
1262280 2356.3
1262290 2340.8
1262300 2329.8
1262310 2318.8
1262320 2320.2
1262330 2311.5
1262340 2301.5
1262350 2301.5
1262360 2285.3
1262370 2270.2
1262380 2270.2
1262390 2262.7
1262400 2253.9
1262410 2253.9
1262420 2241.4
1262430 2229.9
1262440 2229.9
1262450 2220.3
1262460 2207.8
1262470 2207.8
1262480 2193.7
1262490 2175.9
1262500 2175.9
1262510 2157.6
1262520 2144.4
1262530 2144.4
1262540 2133.1
1262550 2121.0
1262560 2110.2
1262570 2110.2
1262580 2105.7
1262590 2098.9
1262600 2098.9
1262610 2086.1
1262620 2076.5
1262630 2076.5
1262640 2064.2
1262650 2052.2
1262660 2052.2
1262670 2058.5
1262680 2063.7
1262690 2063.7
1262700 2056.0
1262710 2038.5
1262720 2038.5
1262730 2020.2
1262740 2004.1
1262750 2004.1
1262760 1988.1
1262770 1976.7
1262780 1976.7
1262790 1967.4
1262800 1959.8
1262810 1959.8
1262820 1952.4
1262830 1945.2
1262840 1938.0
1262850 1938.0
1262860 1931.0
1262870 1924.3
1262880 1924.3
1262890 1920.9
1262900 1914.4
1262910 1914.4
1262920 1908.0
1262930 1902.3
1262940 1902.3
1262950 1900.2
1262960 1902.6
1262970 1902.6
1262980 1904.7
1262990 1906.3
1263000 1906.3
1263010 1908.6
1263020 1911.6
1263030 1911.6
1263040 1912.9
1263050 1912.9
1263060 1912.9
1263070 1913.3
1263080 1913.4
1263090 1913.4
1263100 1914.3
1263110 1915.5
1263120 1914.1
1263130 1914.1
1263140 1913.6
1263150 1911.0
1263160 1911.0
1263170 1909.5
1263180 1908.2
1263190 1908.2
1263200 1909.6
1263210 1912.7
1263220 1912.7
1263230 1916.1
1263240 1924.0
1263250 1924.0
1263260 1942.4
1263270 1964.8
1263280 1964.8
1263290 1977.7
1263300 1992.0
1263310 1992.0
1263320 2028.5
1263330 2042.0
1263340 2042.0
1263350 2044.4
1263360 2047.1
1263370 2047.1
1263380 2046.1
1263390 2051.0
1263400 2058.8
1263410 2058.8
1263420 2066.4
1263430 2077.3
1263440 2077.3
1263450 2084.8
1263460 2094.6
1263470 2105.3
1263480 2110.5
1263490 2115.4
1263500 2115.4
1263510 2117.6
1263520 2123.5
1263530 2123.5
1263540 2135.8
1263550 2150.3
1263560 2150.3
1263570 2164.2
1263580 2176.1
1263590 2176.1
1263600 2186.1
1263610 2196.3
1263620 2196.3
1263630 2206.8
1263640 2218.8
1263650 2218.8
1263660 2235.8
1263670 2245.1
1263680 2251.3
1263690 2251.3
1263700 2260.9
1263710 2269.8
1263720 2269.8
1263730 2277.5
1263740 2286.9
1263750 2286.9
1263760 2296.4
1263770 2303.3
1263780 2303.3
1263790 2309.1
1263800 2307.5
1263810 2307.5
1263820 2299.9
1263830 2293.5
1263840 2293.5
1263850 2285.9
1263860 2278.3
1263870 2278.3
1263880 2272.5
1263890 2266.0
1263900 2266.0
1263910 2264.2
1263920 2265.8
1263930 2265.8
1263940 2260.1
1263950 2251.0
1263960 2246.6
1263970 2246.6
1263980 2244.1
1263990 2239.8
1264000 2239.8
1264010 2238.5
1264020 2237.1
1264030 2237.1
1264040 2230.5
1264050 2237.7
1264060 2237.7
1264070 2237.8
1264080 2235.7
1264090 2235.7
1264100 2233.9
1264110 2230.3
1264120 2230.3
1264130 2224.3
1264140 2223.4
1264150 2223.4
1264160 2218.5
1264170 2214.8
1264180 2214.8
1264190 2213.2
1264200 2211.7
1264210 2207.3
1264220 2207.3
1264230 2202.8
1264240 2203.0
1264250 2203.0
1264260 2203.1
1264270 2205.0
1264280 2205.0
1264290 2208.0
1264300 2212.8
1264310 2212.8
1264320 2214.8
1264330 2214.0
1264340 2214.0
1264350 2211.0
1264360 2211.9
1264370 2211.9
1264380 2216.5
1264390 2219.6
1264400 2219.6
1264410 2223.0
1264420 2233.7
1264430 2233.7
1264440 2250.9
1264450 2264.7
1264460 2264.7
1264470 2275.9
1264480 2281.6
1264490 2284.4
1264500 2284.4
1264510 2286.4
1264520 2288.2
1264530 2288.2
1264540 2290.6
1264550 2293.7
1264560 2293.7
1264570 2295.4
1264580 2295.3
1264590 2295.3
1264600 2293.4
1264610 2292.1
1264620 2280.3
1264630 2277.8
1264640 2276.6
1264650 2276.6
1264660 2274.9
1264670 2272.3
1264680 2272.3
1264690 2268.9
1264700 2268.7
1264710 2268.7
1264720 2266.5
1264730 2262.8
1264740 2262.8
1264750 2258.1
1264760 2257.4
1264770 2252.1
1264780 2252.1
1264790 2247.6
1264800 2253.9
1264810 2253.9
1264820 2259.0
1264830 2257.9
1264840 2257.9
1264850 2256.2
1264860 2258.2
1264870 2258.2
1264880 2259.7
1264890 2258.6
1264900 2258.6
1264910 2254.8
1264920 2248.5
1264930 2248.5
1264940 2242.5
1264950 2236.7
1264960 2236.7
1264970 2228.4
1264980 2227.0
1264990 2227.0
1265000 2225.4
1265010 2226.5
1265020 2226.5
1265030 2227.3
1265040 2228.2
1265050 2230.6
1265060 2230.6
1265070 2234.7
1265080 2241.2
1265090 2241.2
1265100 2248.3
1265110 2255.0
1265120 2255.0
1265130 2262.7
1265140 2270.1
1265150 2270.1
1265160 2274.5
1265170 2279.2
1265180 2279.2
1265190 2281.5
1265200 2277.7
1265210 2277.7
1265220 2283.4
1265230 2288.5
1265240 2288.5
1265250 2289.5
1265260 2289.4
1265270 2289.4
1265280 2291.0
1265290 2289.5
1265300 2289.5
1265310 2298.5
1265320 2296.3
1265330 2294.9
1265340 2294.9
1265350 2289.2
1265360 2277.9
1265370 2277.9
1265380 2272.8
1265390 2277.6
1265400 2277.6
1265410 2286.0
1265420 2290.5
1265430 2290.5
1265440 2287.9
1265450 2279.8
1265460 2279.8
1265470 2272.8
1265480 2267.7
1265490 2267.7
1265500 2274.7
1265510 2284.9
1265520 2284.9
1265530 2296.4
1265540 2302.7
1265550 2302.7
1265560 2293.7
1265570 2291.2
1265580 2299.7
1265590 2299.7
1265600 2299.7
1265610 2294.5
1265620 2294.5
1265630 2301.2
1265640 2297.9
1265650 2297.9
1265660 2295.6
1265670 2283.3
1265680 2283.3
1265690 2277.5
1265700 2274.6
1265710 2274.6
1265720 2272.0
1265730 2267.6
1265740 2267.6
1265750 2260.7
1265760 2255.8
1265770 2255.8
1265780 2245.7
1265790 2242.7
1265800 2242.7
1265810 2243.9
1265820 2249.4
1265830 2249.4
1265840 2254.0
1265850 2254.5
1265860 2253.1
1265870 2253.1
1265880 2259.7
1265890 2265.8
1265900 2265.8
1265910 2264.5
1265920 2270.6
1265930 2270.6
1265940 2275.5
1265950 2269.6
1265960 2269.6
1265970 2268.9
1265980 2272.6
1265990 2272.6
1266000 2267.7
1266010 2261.8
1266020 2261.8
1266030 2258.0
1266040 2258.7
1266050 2258.7
1266060 2263.1
1266070 2266.4
1266080 2266.4
1266090 2273.7
1266100 2279.9
1266110 2279.9
1266120 2276.1
1266130 2276.2
1266140 2286.5
1266150 2286.5
1266160 2298.8
1266170 2304.2
1266180 2304.2
1266190 2306.2
1266200 2301.1
1266210 2301.1
1266220 2296.1
1266230 2283.4
1266240 2283.4
1266250 2270.9
1266260 2260.7
1266270 2260.7
1266280 2260.1
1266290 2259.5
1266300 2259.5
1266310 2252.3
1266320 2240.8
1266330 2240.8
1266340 2227.7
1266350 2221.5
1266360 2221.5
1266370 2198.1
1266380 2187.9
1266390 2187.9
1266400 2178.8
1266410 2169.3
1266420 2157.5
1266430 2157.5
1266440 2156.5
1266450 2168.1
1266460 2168.1
1266470 2181.7
1266480 2190.3
1266490 2190.3
1266500 2189.9
1266510 2185.7
1266520 2185.7
1266530 2173.5
1266540 2154.9
1266550 2154.9
1266560 2141.4
1266570 2138.0
1266580 2138.0
1266590 2139.8
1266600 2141.0
1266610 2141.0
1266620 2141.1
1266630 2140.3
1266640 2140.3
1266650 2138.8
1266660 2137.3
1266670 2137.3
1266680 2138.3
1266690 2140.7
1266700 2143.8
1266710 2143.8
1266720 2148.4
1266730 2151.0
1266740 2151.0
1266750 2153.6
1266760 2159.1
1266770 2159.1
1266780 2155.8
1266790 2159.4
1266800 2159.4
1266810 2165.2
1266820 2171.1
1266830 2171.1
1266840 2177.3
1266850 2183.5
1266860 2183.5
1266870 2191.0
1266880 2194.5
1266890 2194.5
1266900 2187.9
1266910 2189.9
1266920 2189.9
1266930 2199.5
1266940 2211.7
1266950 2196.1
1266960 2193.9
1266970 2185.6
1266980 2172.3
1266990 2172.3
1267000 2161.2
1267010 2156.8
1267020 2156.8
1267030 2144.9
1267040 2135.1
1267050 2135.1
1267060 2132.9
1267070 2132.0
1267080 2132.0
1267090 2133.2
1267100 2136.8
1267110 2136.8
1267120 2144.1
1267130 2152.5
1267140 2152.5
1267150 2160.7
1267160 2170.5
1267170 2170.5
1267180 2178.7
1267190 2180.5
1267200 2180.5
1267210 2176.1
1267220 2169.0
1267230 2163.6
1267240 2163.6
1267250 2159.7
1267260 2159.6
1267270 2159.6
1267280 2164.3
1267290 2167.9
1267300 2167.9
1267310 2168.1
1267320 2164.0
1267330 2164.0
1267340 2162.0
1267350 2158.6
1267360 2158.6
1267370 2151.2
1267380 2143.4
1267390 2143.4
1267400 2137.1
1267410 2134.9
1267420 2134.9
1267430 2129.0
1267440 2126.3
1267450 2126.3
1267460 2128.5
1267470 2131.1
1267480 2131.1
1267490 2132.8
1267500 2134.3
1267510 2136.7
1267520 2136.7
1267530 2139.7
1267540 2136.5
1267550 2136.5
1267560 2141.1
1267570 2142.3
1267580 2142.3
1267590 2142.6
1267600 2143.4
1267610 2143.4
1267620 2144.2
1267630 2143.7
1267640 2143.7
1267650 2142.4
1267660 2142.6
1267670 2142.6
1267680 2141.5
1267690 2140.3
1267700 2140.3
1267710 2139.2
1267720 2137.9
1267730 2137.9
1267740 2134.7
1267750 2126.9
1267760 2126.9
1267770 2120.1
1267780 2113.5
1267790 2107.1
1267800 2107.1
1267810 2100.8
1267820 2095.8
1267830 2095.8
1267840 2092.3
1267850 2089.4
1267860 2089.4
1267870 2086.5
1267880 2083.2
1267890 2083.2
1267900 2080.3
1267910 2077.8
1267920 2077.8
1267930 2075.4
1267940 2072.0
1267950 2072.0
1267960 2070.3
1267970 2068.2
1267980 2068.2
1267990 2065.9
1268000 2068.3
1268010 2068.3
1268020 2071.8
1268030 2074.8
1268040 2074.8
1268050 2075.4
1268060 2074.7
1268070 2074.9
1268080 2074.9
1268090 2076.5
1268100 2079.9
1268110 2079.9
1268120 2070.5
1268130 2067.6
1268140 2067.6
1268150 2066.0
1268160 2066.2
1268170 2066.2
1268180 2069.3
1268190 2071.1
1268200 2071.1
1268210 2069.1
1268220 2063.8
1268230 2063.8
1268240 2058.3
1268250 2053.3
1268260 2053.3
1268270 2049.9
1268280 2048.2
1268290 2048.2
1268300 2046.8
1268310 2043.5
1268320 2043.5
1268330 2037.8
1268340 2033.3
1268350 2029.5
1268360 2029.5
1268370 2028.4
1268380 2030.1
1268390 2030.1
1268400 2033.2
1268410 2037.2
1268420 2037.2
1268430 2042.8
1268440 2052.6
1268450 2052.6
1268460 2063.4
1268470 2066.3
1268480 2066.3
1268490 2066.9
1268500 2063.3
1268510 2063.3
1268520 2057.6
1268530 2047.2
1268540 2047.2
1268550 2035.0
1268560 2029.5
1268570 2029.5
1268580 2030.7
1268590 2036.2
1268600 2043.1
1268610 2043.1
1268620 2050.7
1268630 2055.2
1268640 2055.2
1268650 2054.7
1268660 2052.5
1268670 2052.5
1268680 2048.6
1268690 2044.4
1268700 2044.4
1268710 2024.1
1268720 2019.4
1268730 2019.4
1268740 2016.9
1268750 2014.1
1268760 2014.1
1268770 2005.9
1268780 1997.2
1268790 1997.2
1268800 1988.9
1268810 1980.7
1268820 1980.7
1268830 1973.2
1268840 1965.4
1268850 1965.4
1268860 1957.5
1268870 1952.2
1268880 1950.2
1268890 1950.2
1268900 1948.1
1268910 1945.9
1268920 1945.9
1268930 1948.7
1268940 1949.1
1268950 1949.1
1268960 1948.7
1268970 1951.7
1268980 1951.7
1268990 1951.2
1269000 1950.4
1269010 1950.4
1269020 1951.0
1269030 1948.3
1269040 1948.3
1269050 1944.2
1269060 1940.9
1269070 1940.9
1269080 1937.4
1269090 1933.3
1269100 1933.3
1269110 1926.2
1269120 1919.9
1269130 1919.9
1269140 1916.3
1269150 1913.3
1269160 1912.0
1269170 1912.0
1269180 1907.1
1269190 1894.5
1269200 1894.5
1269210 1876.5
1269220 1864.9
1269230 1864.9
1269240 1857.0
1269250 1851.0
1269260 1851.0
1269270 1846.5
1269280 1842.4
1269290 1842.4
1269300 1831.6
1269310 1828.7
1269320 1828.7
1269330 1826.7
1269340 1824.7
1269350 1824.7
1269360 1817.1
1269370 1812.7
1269380 1812.7
1269390 1818.4
1269400 1825.3
1269410 1825.3
1269420 1828.7
1269430 1829.2
1269440 1826.3
1269450 1826.3
1269460 1826.1
1269470 1828.9
1269480 1828.9
1269490 1822.9
1269500 1815.1
1269510 1815.1
1269520 1808.5
1269530 1806.9
1269540 1806.9
1269550 1809.1
1269560 1804.6
1269570 1804.6
1269580 1796.1
1269590 1787.4
1269600 1787.4
1269610 1782.1
1269620 1783.7
1269630 1783.7
1269640 1780.2
1269650 1775.8
1269660 1775.8
1269670 1773.4
1269680 1763.6
1269690 1763.6
1269700 1755.6
1269710 1753.2
1269720 1761.1
1269730 1761.1
1269740 1765.9
1269750 1763.5
1269760 1763.5
1269770 1756.7
1269780 1747.3
1269790 1747.3
1269800 1737.9
1269810 1727.8
1269820 1727.8
1269830 1714.7
1269840 1704.3
1269850 1704.3
1269860 1701.3
1269870 1708.2
1269880 1708.2
1269890 1722.0
1269900 1711.5
1269910 1711.5
1269920 1706.6
1269930 1701.9
1269940 1701.9
1269950 1699.6
1269960 1698.8
1269970 1702.6
1269980 1702.6
1269990 1701.1
1270000 1692.4
1270010 1692.4
1270020 1685.2
1270030 1678.8
1270040 1678.8
1270050 1673.4
1270060 1667.7
1270070 1667.7
1270080 1659.5
1270090 1651.1
1270100 1651.1
1270110 1643.9
1270120 1633.7
1270130 1633.7
1270140 1624.8
1270150 1617.0
1270160 1617.0
1270170 1610.0
1270180 1604.4
1270190 1604.4
1270200 1601.6
1270210 1602.5
1270220 1602.5
1270230 1599.8
1270240 1588.1
1270250 1583.4
1270260 1583.4
1270270 1585.1
1270280 1584.6
1270290 1584.6
1270300 1587.7
1270310 1592.7
1270320 1592.7
1270330 1591.3
1270340 1588.7
1270350 1588.7
1270360 1584.1
1270370 1590.0
1270380 1590.0
1270390 1600.3
1270400 1605.7
1270410 1605.7
1270420 1610.1
1270430 1611.8
1270440 1611.8
1270450 1609.2
1270460 1606.1
1270470 1606.1
1270480 1602.7
1270490 1592.6
1270500 1592.6
1270510 1593.0
1270520 1592.2
1270530 1584.8
1270540 1584.8
1270550 1576.5
1270560 1568.9
1270570 1568.9
1270580 1560.0
1270590 1551.8
1270600 1551.8
1270610 1546.3
1270620 1543.0
1270630 1543.0
1270640 1542.9
1270650 1543.4
1270660 1543.4
1270670 1543.8
1270680 1544.8
1270690 1544.8
1270700 1549.5
1270710 1556.4
1270720 1556.4
1270730 1565.2
1270740 1575.2
1270750 1575.2
1270760 1584.5
1270770 1593.4
1270780 1593.4
1270790 1603.0
1270800 1614.2
1270810 1618.6
1270820 1618.6
1270830 1616.4
1270840 1615.2
1270850 1615.2
1270860 1616.7
1270870 1620.2
1270880 1620.2
1270890 1624.0
1270900 1629.4
1270910 1629.4
1270920 1630.0
1270930 1623.3
1270940 1623.3
1270950 1616.6
1270960 1611.1
1270970 1611.1
1270980 1609.0
1270990 1610.1
1271000 1610.1
1271010 1610.7
1271020 1609.7
1271030 1609.7
1271040 1607.4
1271050 1604.0
1271060 1604.0
1271070 1602.0
1271080 1609.9
1271090 1618.4
1271100 1618.4
1271110 1624.6
1271120 1627.8
1271130 1627.8
1271140 1628.5
1271150 1628.7
1271160 1628.7
1271170 1628.7
1271180 1629.8
1271190 1629.8
1271200 1631.3
1271210 1633.0
1271220 1633.0
1271230 1634.6
1271240 1636.6
1271250 1636.6
1271260 1638.9
1271270 1640.5
1271280 1640.5
1271290 1641.6
1271300 1643.3
1271310 1643.3
1271320 1644.9
1271330 1645.9
1271340 1645.9
1271350 1647.0
1271360 1648.5
1271370 1650.1
1271380 1650.1
1271390 1651.6
1271400 1653.0
1271410 1653.0
1271420 1654.1
1271430 1655.8
1271440 1655.8
1271450 1657.9
1271460 1658.5
1271470 1658.5
1271480 1661.0
1271490 1663.7
1271500 1663.7
1271510 1666.1
1271520 1668.9
1271530 1668.9
1271540 1671.1
1271550 1670.8
1271560 1670.8
1271570 1665.9
1271580 1659.4
1271590 1659.4
1271600 1655.3
1271610 1651.3
1271620 1649.3
1271630 1649.3
1271640 1650.5
1271650 1655.4
1271660 1655.4
1271670 1663.6
1271680 1666.2
1271690 1666.2
1271700 1672.4
1271710 1673.6
1271720 1673.6
1271730 1673.5
1271740 1673.1
1271750 1673.1
1271760 1673.0
1271770 1673.5
1271780 1673.5
1271790 1673.5
1271800 1674.1
1271810 1674.1
1271820 1675.5
1271830 1677.0
1271840 1677.0
1271850 1676.4
1271860 1676.9
1271870 1676.9
1271880 1676.9
1271890 1677.3
1271900 1678.4
1271910 1678.4
1271920 1680.2
1271930 1681.7
1271940 1681.7
1271950 1683.8
1271960 1686.1
1271970 1686.1
1271980 1687.9
1271990 1689.2
1272000 1689.2
1272010 1690.3
1272020 1690.9
1272030 1690.9
1272040 1691.4
1272050 1691.0
1272060 1691.0
1272070 1689.6
1272080 1687.7
1272090 1687.7
1272100 1685.7
1272110 1683.9
1272120 1683.9
1272130 1680.5
1272140 1678.7
1272150 1678.7
1272160 1678.1
1272170 1677.4
1272180 1676.4
1272190 1676.4
1272200 1675.9
1272210 1675.7
1272220 1675.7
1272230 1675.8
1272240 1676.4
1272250 1676.4
1272260 1677.4
1272270 1678.2
1272280 1671.8
1272290 1672.6
1272300 1674.3
1272310 1674.3
1272320 1675.7
1272330 1677.3
1272340 1677.3
1272350 1678.1
1272360 1678.8
1272370 1678.8
1272380 1679.5
1272390 1680.0
1272400 1680.0
1272410 1680.2
1272420 1681.1
1272430 1681.1
1272440 1681.4
1272450 1681.7
1272460 1681.7
1272470 1681.7
1272480 1680.0
1272490 1671.9
1272500 1671.9
1272510 1660.3
1272520 1651.5
1272530 1651.5
1272540 1638.4
1272550 1633.0
1272560 1633.0
1272570 1630.1
1272580 1627.3
1272590 1627.3
1272600 1624.0
1272610 1619.1
1272620 1619.1
1272630 1614.9
1272640 1612.1
1272650 1612.1
1272660 1609.9
1272670 1611.4
1272680 1611.4
1272690 1614.7
1272700 1617.6
1272710 1617.6
1272720 1620.2
1272730 1624.7
1272740 1623.6
1272750 1623.6
1272760 1618.1
1272770 1612.7
1272780 1612.7
1272790 1607.2
1272800 1601.5
1272810 1601.5
1272820 1596.0
1272830 1590.1
1272840 1590.1
1272850 1582.5
1272860 1575.9
1272870 1575.9
1272880 1570.8
1272890 1562.3
1272900 1562.3
1272910 1555.2
1272920 1549.7
1272930 1549.7
1272940 1543.1
1272950 1536.4
1272960 1536.4
1272970 1531.8
1272980 1527.8
1272990 1522.6
1273000 1522.6
1273010 1517.3
1273020 1510.7
1273030 1510.7
1273040 1505.2
1273050 1499.3
1273060 1499.3
1273070 1493.2
1273080 1486.6
1273090 1486.6
1273100 1480.3
1273110 1473.4
1273120 1473.4
1273130 1468.6
1273140 1466.2
1273150 1466.2
1273160 1461.8
1273170 1457.7
1273180 1457.7
1273190 1451.1
1273200 1446.0
1273210 1446.0
1273220 1442.2
1273230 1442.5
1273240 1442.5
1273250 1437.0
1273260 1428.6
1273270 1422.8
1273280 1422.8
1273290 1414.5
1273300 1406.1
1273310 1406.1
1273320 1398.4
1273330 1389.6
1273340 1389.6
1273350 1380.8
1273360 1372.3
1273370 1372.3
1273380 1362.8
1273390 1357.0
1273400 1357.0
1273410 1356.3
1273420 1354.7
1273430 1354.7
1273440 1349.8
1273450 1344.2
1273460 1344.2
1273470 1339.9
1273480 1331.7
1273490 1331.7
1273500 1327.0
1273510 1326.8
1273520 1326.8
1273530 1329.6
1273540 1332.9
1273550 1338.6
1273560 1338.6
1273570 1347.4
1273580 1352.9
1273590 1352.9
1273600 1357.2
1273610 1357.4
1273620 1357.4
1273630 1351.9
1273640 1345.6
1273650 1345.6
1273660 1346.6
1273670 1352.8
1273680 1352.8
1273690 1359.6
1273700 1369.0
1273710 1369.0
1273720 1376.9
1273730 1376.3
1273740 1376.3
1273750 1378.3
1273760 1375.6
1273770 1375.6
1273780 1369.3
1273790 1364.3
1273800 1364.3
1273810 1369.7
1273820 1379.1
1273830 1380.2
1273840 1380.2
1273850 1380.5
1273860 1380.1
1273870 1380.1
1273880 1380.0
1273890 1379.2
1273900 1379.2
1273910 1377.9
1273920 1376.9
1273930 1376.9
1273940 1376.1
1273950 1372.9
1273960 1372.9
1273970 1368.8
1273980 1365.2
1273990 1365.2
1274000 1361.6
1274010 1358.1
1274020 1358.1
1274030 1356.4
1274040 1362.5
1274050 1362.5
1274060 1370.9
1274070 1399.0
1274080 1399.0
1274090 1415.7
1274100 1438.5
1274110 1457.6
1274120 1457.6
1274130 1474.1
1274140 1483.8
1274150 1483.8
1274160 1487.4
1274170 1502.2
1274180 1502.2
1274190 1510.2
1274200 1511.7
1274210 1511.7
1274220 1511.6
1274230 1510.5
1274240 1510.5
1274250 1509.7
1274260 1508.0
1274270 1508.0
1274280 1510.3
1274290 1513.2
1274300 1513.2
1274310 1513.5
1274320 1512.9
1274330 1512.9
1274340 1510.9
1274350 1505.8
1274360 1500.2
1274370 1500.2
1274380 1491.5
1274390 1480.1
1274400 1480.1
1274410 1465.1
1274420 1455.6
1274430 1455.6
1274440 1450.5
1274450 1446.9
1274460 1446.9
1274470 1443.4
1274480 1439.2
1274490 1439.2
1274500 1433.3
1274510 1426.6
1274520 1426.6
1274530 1420.3
1274540 1414.1
1274550 1414.1
1274560 1407.8
1274570 1401.3
1274580 1401.3
1274590 1393.8
1274600 1385.9
1274610 1385.9
1274620 1378.6
1274630 1371.5
1274640 1365.3
1274650 1365.3
1274660 1358.5
1274670 1351.7
1274680 1351.7
1274690 1350.8
1274700 1345.1
1274710 1345.1
1274720 1339.5
1274730 1333.8
1274740 1333.8
1274750 1326.7
1274760 1319.7
1274770 1319.7
1274780 1312.4
1274790 1305.4
1274800 1305.4
1274810 1298.4
1274820 1291.3
1274830 1291.3
1274840 1284.8
1274850 1278.2
1274860 1278.2
1274870 1273.0
1274880 1266.9
1274890 1266.9
1274900 1262.1
1274910 1256.0
1274920 1249.0
1274930 1249.0
1274940 1244.0
1274950 1240.3
1274960 1240.3
1274970 1236.5
1274980 1232.5
1274990 1232.5
1275000 1228.5
1275010 1227.0
1275020 1227.0
1275030 1227.0
1275040 1224.7
1275050 1224.7
1275060 1222.1
1275070 1219.1
1275080 1219.1
1275090 1216.3
1275100 1216.3
1275110 1216.3
1275120 1217.6
1275130 1218.9
1275140 1218.9
1275150 1217.9
1275160 1215.8
1275170 1215.8
1275180 1213.4
1275190 1208.1
1275200 1201.9
1275210 1201.9
1275220 1194.7
1275230 1188.5
1275240 1188.5
1275250 1183.0
1275260 1179.0
1275270 1179.0
1275280 1175.2
1275290 1171.7
1275300 1178.2
1275310 1176.6
1275320 1173.4
1275330 1173.4
1275340 1168.6
1275350 1163.6
1275360 1163.6
1275370 1157.7
1275380 1149.5
1275390 1149.5
1275400 1141.7
1275410 1134.9
1275420 1134.9
1275430 1128.8
1275440 1125.3
1275450 1125.3
1275460 1123.4
1275470 1122.4
1275480 1119.5
1275490 1119.5
1275500 1118.2
1275510 1117.6
1275520 1117.6
1275530 1115.6
1275540 1110.5
1275550 1110.5
1275560 1104.2
1275570 1098.2
1275580 1098.2
1275590 1094.0
1275600 1090.5
1275610 1090.5
1275620 1084.7
1275630 1079.5
1275640 1079.5
1275650 1074.2
1275660 1070.0
1275670 1070.0
1275680 1065.8
1275690 1061.0
1275700 1061.0
1275710 1055.0
1275720 1047.4
1275730 1038.9
1275740 1038.9
1275750 1029.8
1275760 1026.0
1275770 1026.0
1275780 1025.5
1275790 1026.8
1275800 1026.8
1275810 1030.1
1275820 1034.8
1275830 1034.8
1275840 1041.2
1275850 1045.3
1275860 1045.3
1275870 1046.6
1275880 1046.9
1275890 1046.9
1275900 1048.3
1275910 1041.9
1275920 1041.9
1275930 1045.1
1275940 1049.4
1275950 1049.4
1275960 1055.0
1275970 1059.4
1275980 1059.4
1275990 1064.0
1276000 1072.0
1276010 1081.0
1276020 1081.0
1276030 1088.3
1276040 1094.2
1276050 1094.2
1276060 1099.8
1276070 1104.5
1276080 1104.5
1276090 1108.6
1276100 1112.1
1276110 1112.1
1276120 1114.1
1276130 1117.1
1276140 1117.1
1276150 1122.4
1276160 1128.4
1276170 1128.4
1276180 1133.5
1276190 1138.5
1276200 1138.5
1276210 1142.9
1276220 1147.5
1276230 1147.5
1276240 1153.1
1276250 1158.2
1276260 1158.2
1276270 1161.8
1276280 1163.5
1276290 1164.0
1276300 1164.0
1276310 1163.2
1276320 1161.1
1276330 1161.1
1276340 1157.6
1276350 1151.9
1276360 1151.9
1276370 1146.1
1276380 1140.9
1276390 1140.9
1276400 1138.2
1276410 1137.0
1276420 1137.0
1276430 1132.2
1276440 1124.0
1276450 1124.0
1276460 1116.2
1276470 1109.8
1276480 1109.8
1276490 1102.4
1276500 1094.9
1276510 1094.9
1276520 1086.3
1276530 1081.5
1276540 1081.5
1276550 1074.0
1276560 1069.1
1276570 1072.1
1276580 1072.1
1276590 1076.6
1276600 1081.5
1276610 1081.5
1276620 1086.9
1276630 1090.9
1276640 1090.9
1276650 1091.8
1276660 1092.0
1276670 1092.0
1276680 1092.7
1276690 1093.8
1276700 1093.8
1276710 1095.1
1276720 1096.8
1276730 1096.8
1276740 1100.0
1276750 1104.8
1276760 1104.8
1276770 1109.2
1276780 1113.2
1276790 1113.2
1276800 1117.8
1276810 1123.8
1276820 1123.8
1276830 1132.2
1276840 1140.7
1276850 1142.5
1276860 1142.5
1276870 1134.8
1276880 1130.6
1276890 1130.6
1276900 1126.3
1276910 1120.5
1276920 1120.5
1276930 1114.3
1276940 1105.9
1276950 1105.9
1276960 1098.7
1276970 1106.2
1276980 1106.2
1276990 1121.3
1277000 1131.5
1277010 1131.5
1277020 1140.1
1277030 1150.4
1277040 1150.4
1277050 1158.8
1277060 1164.7
1277070 1164.7
1277080 1170.0
1277090 1178.2
1277100 1178.2
1277110 1187.5
1277120 1194.5
1277130 1201.8
1277140 1202.5
1277150 1208.7
1277160 1213.2
1277170 1213.2
1277180 1217.4
1277190 1221.6
1277200 1221.6
1277210 1225.7
1277220 1231.6
1277230 1231.6
1277240 1238.0
1277250 1243.6
1277260 1243.6
1277270 1250.2
1277280 1257.7
1277290 1257.7
1277300 1265.6
1277310 1273.7
1277320 1273.7
1277330 1281.6
1277340 1289.8
1277350 1289.8
1277360 1297.8
1277370 1305.4
1277380 1311.9
1277390 1311.9
1277400 1318.0
1277410 1322.5
1277420 1322.5
1277430 1327.1
1277440 1330.6
1277450 1330.6
1277460 1333.3
1277470 1335.7
1277480 1335.7
1277490 1337.9
1277500 1340.5
1277510 1340.5
1277520 1343.4
1277530 1346.3
1277540 1346.3
1277550 1349.2
1277560 1352.0
1277570 1352.0
1277580 1354.6
1277590 1356.6
1277600 1356.6
1277610 1358.6
1277620 1360.2
1277630 1360.2
1277640 1361.6
1277650 1363.4
1277660 1365.0
1277670 1365.0
1277680 1366.6
1277690 1367.9
1277700 1367.9
1277710 1368.7
1277720 1368.2
1277730 1368.2
1277740 1367.7
1277750 1361.9
1277760 1361.9
1277770 1363.2
1277780 1364.4
1277790 1364.4
1277800 1365.2
1277810 1365.8
1277820 1365.8
1277830 1366.6
1277840 1366.8
1277850 1366.8
1277860 1366.6
1277870 1366.6
1277880 1366.6
1277890 1367.7
1277900 1369.0
1277910 1369.0
1277920 1370.1
1277930 1371.6
1277940 1374.0
1277950 1374.0
1277960 1376.3
1277970 1378.8
1277980 1378.8
1277990 1380.1
1278000 1380.2
1278010 1380.2
1278020 1381.1
1278030 1383.7
1278040 1383.7
1278050 1385.8
1278060 1387.0
1278070 1387.0
1278080 1387.7
1278090 1387.9
1278100 1387.9
1278110 1388.1
1278120 1387.6
1278130 1387.6
1278140 1387.4
1278150 1387.2
1278160 1387.2
1278170 1386.1
1278180 1383.4
1278190 1383.4
1278200 1378.6
1278210 1370.9
1278220 1363.2
1278230 1363.2
1278240 1363.3
1278250 1363.3
1278260 1363.3
1278270 1361.7
1278280 1360.1
1278290 1360.1
1278300 1358.7
1278310 1357.1
1278320 1357.1
1278330 1353.1
1278340 1341.9
1278350 1341.9
1278360 1335.2
1278370 1336.0
1278380 1336.0
1278390 1323.2
1278400 1314.4
1278410 1314.4
1278420 1298.7
1278430 1284.2
1278440 1284.2
1278450 1273.3
1278460 1262.6
1278470 1262.6
1278480 1252.0
1278490 1239.0
1278500 1227.2
1278510 1227.2
1278520 1219.6
1278530 1216.8
1278540 1216.8
1278550 1203.9
1278560 1196.3
1278570 1196.3
1278580 1191.2
1278590 1185.1
1278600 1185.1
1278610 1180.2
1278620 1177.8
1278630 1177.8
1278640 1179.6
1278650 1184.7
1278660 1184.7
1278670 1183.2
1278680 1177.4
1278690 1177.4
1278700 1166.8
1278710 1158.8
1278720 1158.8
1278730 1151.5
1278740 1143.4
1278750 1136.4
1278760 1136.4
1278770 1130.7
1278780 1124.9
1278790 1124.9
1278800 1117.0
1278810 1110.1
1278820 1110.1
1278830 1103.7
1278840 1095.1
1278850 1095.1
1278860 1087.8
1278870 1084.0
1278880 1084.0
1278890 1080.4
1278900 1076.3
1278910 1076.3
1278920 1072.2
1278930 1068.1
1278940 1068.1
1278950 1064.4
1278960 1060.6
1278970 1060.6
1278980 1056.7
1278990 1051.5
1279000 1051.5
1279010 1047.6
1279020 1043.4
1279030 1039.5
1279040 1039.5
1279050 1035.5
1279060 1031.3
1279070 1031.3
1279080 1027.4
1279090 1023.9
1279100 1023.9
1279110 1020.0
1279120 1016.0
1279130 1016.0
1279140 1011.9
1279150 1008.1
1279160 1008.1
1279170 1003.1
1279180 1001.1
1279190 1001.1
1279200 1002.6
1279210 1004.2
1279220 1004.2
1279230 1005.1
1279240 1004.3
1279250 1004.3
1279260 1002.3
1279270 1001.9
1279280 1001.9
1279290 1000.1
1279300 997.4
1279310 992.2
1279320 992.2
1279330 988.5
1279340 988.9
1279350 988.9
1279360 988.1
1279370 986.3
1279380 986.3
1279390 985.0
1279400 983.1
1279410 983.1
1279420 984.7
1279430 988.0
1279440 988.0
1279450 990.8
1279460 994.2
1279470 994.2
1279480 998.5
1279490 1009.7
1279500 1009.7
1279510 1025.8
1279520 1030.8
1279530 1030.8
1279540 1032.3
1279550 1033.5
1279560 1033.5
1279570 1035.4
1279580 1040.0
1279590 1047.0
1279600 1047.0
1279610 1045.7
1279620 1049.6
1279630 1049.6
1279640 1052.9
1279650 1054.1
1279660 1054.1
1279670 1050.0
1279680 1050.2
1279690 1050.2
1279700 1052.4
1279710 1053.6
1279720 1053.6
1279730 1055.3
1279740 1056.7
1279750 1056.7
1279760 1056.6
1279770 1054.2
1279780 1054.2
1279790 1051.4
1279800 1051.9
1279810 1051.9
1279820 1051.6
1279830 1048.2
1279840 1048.2
1279850 1041.6
1279860 1030.0
1279870 1014.9
1279880 1014.9
1279890 1001.4
1279900 989.1
1279910 989.1
1279920 980.4
1279930 973.8
1279940 973.8
1279950 968.7
1279960 968.8
1279970 968.8
1279980 971.8
1279990 974.8
