1260000 2194.9
1260010 2201.0
1260020 2208.0
1260030 2208.0
1260040 2213.5
1260050 2216.9
1260060 2216.9
1260070 2219.5
1260080 2217.2
1260090 2217.2
1260100 2187.3
1260110 2169.7
1260120 2169.7
1260130 2158.9
1260140 2141.3
1260150 2119.2
1260160 2119.2
1260170 2099.3
1260180 2074.3
1260190 2074.3
1260200 2070.2
1260210 2060.4
1260220 2060.4
1260230 2038.0
1260240 2016.9
1260250 2016.9
1260260 1989.2
1260270 1976.3
1260280 1976.3
1260290 1965.6
1260300 1960.5
1260310 1960.5
1260320 1956.6
1260330 1950.6
1260340 1950.6
1260350 1956.0
1260360 1957.7
1260370 1957.7
1260380 1953.3
1260390 1943.7
1260400 1943.7
1260410 1934.8
1260420 1926.0
1260430 1917.8
1260440 1917.8
1260450 1918.5
1260460 1927.1
1260470 1927.1
1260480 1926.0
1260490 1918.2
1260500 1918.2
1260510 1909.9
1260520 1912.3
1260530 1912.3
1260540 1917.5
1260550 1920.6
1260560 1920.6
1260570 1920.1
1260580 1920.4
1260590 1920.4
1260600 1921.8
1260610 1933.9
1260620 1933.9
1260630 1952.4
1260640 1963.6
1260650 1963.6
1260660 1970.7
1260670 2004.6
1260680 2025.3
1260690 2025.3
1260700 2039.8
1260710 2053.6
1260720 2053.6
1260730 2071.2
1260740 2090.6
1260750 2090.6
1260760 2109.2
1260770 2126.1
1260780 2126.1
1260790 2133.5
1260800 2136.1
1260810 2136.1
1260820 2137.9
1260830 2138.8
1260840 2138.8
1260850 2138.7
1260860 2137.9
1260870 2137.9
1260880 2137.2
1260890 2136.5
1260900 2136.5
1260910 2141.8
1260920 2142.0
1260930 2142.0
1260940 2142.9
1260950 2143.9
1260960 2146.7
1260970 2146.7
1260980 2148.3
1260990 2148.6
1261000 2148.6
1261010 2150.3
1261020 2151.3
1261030 2151.3
1261040 2150.6
1261050 2147.8
1261060 2147.8
1261070 2144.2
1261080 2140.9
1261090 2140.9
1261100 2138.0
1261110 2133.1
1261120 2133.1
1261130 2108.7
1261140 2032.8
1261150 2032.8
1261160 2000.5
1261170 1994.8
1261180 1994.8
1261190 1991.1
1261200 1989.5
1261210 1989.5
1261220 1987.7
1261230 1984.9
1261240 1982.2
1261250 1982.2
1261260 1981.4
1261270 1981.4
1261280 1981.4
1261290 1980.7
1261300 1979.2
1261310 1979.2
1261320 1979.3
1261330 1980.2
1261340 1980.2
1261350 1982.1
1261360 1984.8
1261370 1984.8
1261380 1987.3
1261390 1990.2
1261400 1990.2
1261410 1993.1
1261420 1996.3
1261430 1996.3
1261440 1999.6
1261450 2003.0
1261460 2003.0
1261470 2006.6
1261480 2014.5
1261490 2014.5
1261500 2018.3
1261510 2022.1
1261520 2025.8
1261530 2025.8
1261540 2029.5
1261550 2032.8
1261560 2032.8
1261570 2035.7
1261580 2038.7
1261590 2038.7
1261600 2042.0
1261610 2045.6
1261620 2045.6
1261630 2049.1
1261640 2052.9
1261650 2052.9
1261660 2057.0
1261670 2060.9
1261680 2060.9
1261690 2065.2
1261700 2070.2
1261710 2070.2
1261720 2076.0
1261730 2082.4
1261740 2082.4
1261750 2088.9
1261760 2095.5
1261770 2095.5
1261780 2102.0
1261790 2108.7
1261800 2115.4
1261810 2115.4
1261820 2122.1
1261830 2128.4
1261840 2128.4
1261850 2134.6
1261860 2140.9
1261870 2140.9
1261880 2147.1
1261890 2155.9
1261900 2155.9
1261910 2167.9
1261920 2176.8
1261930 2176.8
1261940 2194.8
1261950 2214.1
1261960 2214.1
1261970 2225.8
1261980 2233.7
1261990 2233.7
1262000 2240.7
1262010 2247.1
1262020 2247.1
1262030 2253.9
1262040 2261.4
1262050 2273.3
1262060 2273.7
1262070 2283.4
1262080 2292.0
1262090 2292.0
1262100 2299.6
1262110 2308.3
1262120 2308.3
1262130 2317.1
1262140 2323.4
1262150 2323.4
1262160 2319.1
1262170 2310.2
1262180 2310.2
1262190 2300.3
1262200 2292.6
1262210 2292.6
1262220 2287.0
1262230 2280.4
1262240 2280.4
1262250 2271.6
1262260 2261.9
1262270 2261.9
1262280 2252.2
1262290 2243.3
1262300 2243.3
1262310 2235.3
1262320 2228.1
1262330 2221.2
1262340 2221.2
1262350 2210.5
1262360 2191.8
1262370 2191.8
1262380 2164.1
1262390 2161.7
1262400 2161.7
1262410 2177.1
1262420 2191.0
1262430 2191.0
1262440 2195.3
1262450 2166.8
1262460 2166.8
1262470 2143.2
1262480 2138.9
1262490 2138.9
1262500 2131.1
1262510 2121.9
1262520 2121.9
1262530 2110.5
1262540 2103.0
1262550 2103.0
1262560 2089.9
1262570 2066.3
1262580 2066.3
1262590 2065.8
1262600 2065.6
1262610 2064.5
1262620 2064.5
1262630 2071.0
1262640 2071.0
1262650 2071.0
1262660 2068.9
1262670 2065.0
1262680 2065.0
1262690 2061.3
1262700 2057.5
1262710 2057.5
1262720 2054.1
1262730 2051.5
1262740 2051.5
1262750 2050.4
1262760 2049.4
1262770 2049.4
1262780 2048.3
1262790 2046.7
1262800 2046.7
1262810 2043.4
1262820 2032.3
1262830 2032.3
1262840 2026.5
1262850 2023.1
1262860 2023.1
1262870 2021.2
1262880 2020.6
1262890 2021.5
1262900 2021.5
1262910 2019.9
1262920 2018.9
1262930 2018.9
1262940 2020.8
1262950 2022.2
1262960 2022.2
1262970 2024.7
1262980 2027.8
1262990 2027.8
1263000 2030.8
1263010 2033.7
1263020 2033.7
1263030 2036.0
1263040 2038.3
1263050 2038.3
1263060 2040.6
1263070 2043.1
1263080 2043.1
1263090 2045.7
1263100 2048.5
1263110 2048.5
1263120 2051.5
1263130 2054.9
1263140 2058.2
1263150 2058.2
1263160 2061.6
1263170 2065.4
1263180 2065.4
1263190 2069.5
1263200 2079.3
1263210 2079.3
1263220 2083.3
1263230 2087.1
1263240 2087.1
1263250 2090.8
1263260 2094.3
1263270 2094.3
1263280 2099.5
1263290 2106.6
1263300 2106.6
1263310 2116.7
1263320 2128.3
1263330 2128.3
1263340 2138.8
1263350 2144.5
1263360 2144.5
1263370 2157.4
1263380 2172.4
1263390 2172.4
1263400 2185.1
1263410 2198.8
1263420 2210.4
1263430 2210.4
1263440 2219.7
1263450 2227.4
1263460 2227.4
1263470 2234.7
1263480 2241.7
1263490 2241.7
1263500 2248.2
1263510 2254.0
1263520 2254.0
1263530 2258.7
1263540 2264.0
1263550 2264.0
1263560 2272.6
1263570 2284.7
1263580 2284.7
1263590 2296.2
1263600 2309.0
1263610 2309.0
1263620 2316.5
1263630 2324.7
1263640 2324.7
1263650 2330.3
1263660 2319.8
1263670 2319.8
1263680 2305.1
1263690 2291.8
1263700 2281.5
1263710 2281.5
1263720 2264.6
1263730 2244.8
1263740 2244.8
1263750 2230.3
1263760 2218.0
1263770 2218.0
1263780 2199.8
1263790 2187.6
1263800 2187.6
1263810 2179.4
1263820 2159.7
1263830 2159.7
1263840 2147.1
1263850 2138.6
1263860 2138.6
1263870 2127.1
1263880 2112.5
1263890 2112.5
1263900 2101.1
1263910 2096.6
1263920 2096.6
1263930 2090.5
1263940 2084.0
1263950 2084.0
1263960 2078.0
1263970 2071.9
1263980 2066.3
1263990 2066.3
1264000 2061.7
1264010 2057.3
1264020 2057.3
1264030 2053.5
1264040 2051.1
1264050 2051.1
1264060 2049.0
1264070 2046.3
1264080 2046.3
1264090 2042.6
1264100 2039.3
1264110 2039.3
1264120 2036.7
1264130 2033.4
1264140 2033.4
1264150 2029.2
1264160 2025.2
1264170 2025.2
1264180 2020.7
1264190 2018.1
1264200 2018.1
1264210 2014.9
1264220 2011.2
1264230 2011.2
1264240 2009.6
1264250 2007.3
1264260 2005.0
1264270 2005.0
1264280 2001.7
1264290 1997.7
1264300 1997.7
1264310 1992.9
1264320 1988.0
1264330 1988.0
1264340 1983.7
1264350 1979.8
1264360 1975.2
1264370 1971.4
1264380 1969.5
1264390 1969.5
1264400 1969.2
1264410 1968.2
1264420 1968.2
1264430 1966.5
1264440 1963.5
1264450 1963.5
1264460 1960.6
1264470 1957.2
1264480 1957.2
1264490 1954.4
1264500 1951.9
1264510 1948.5
1264520 1948.5
1264530 1946.5
1264540 1944.9
1264550 1944.9
1264560 1942.0
1264570 1939.4
1264580 1939.4
1264590 1936.2
1264600 1932.7
1264610 1932.7
1264620 1930.2
1264630 1926.6
1264640 1926.6
1264650 1921.1
1264660 1916.2
1264670 1916.2
1264680 1913.7
1264690 1911.8
1264700 1911.8
1264710 1909.4
1264720 1905.7
1264730 1905.7
1264740 1901.0
1264750 1897.2
1264760 1897.2
1264770 1895.3
1264780 1894.0
1264790 1891.6
1264800 1891.6
1264810 1889.0
1264820 1887.5
1264830 1887.5
1264840 1887.1
1264850 1887.4
1264860 1887.4
1264870 1888.0
1264880 1888.4
1264890 1888.4
1264900 1888.7
1264910 1889.2
1264920 1889.2
1264930 1890.1
1264940 1885.9
1264950 1885.9
1264960 1886.4
1264970 1886.0
1264980 1886.0
1264990 1885.6
1265000 1885.2
1265010 1885.2
1265020 1884.9
1265030 1884.8
1265040 1884.8
1265050 1886.5
1265060 1889.6
1265070 1891.8
1265080 1891.8
1265090 1891.5
1265100 1889.8
1265110 1889.8
1265120 1887.4
1265130 1883.4
1265140 1883.4
1265150 1883.6
1265160 1885.6
1265170 1885.6
1265180 1885.3
1265190 1882.8
1265200 1882.8
1265210 1879.5
1265220 1877.9
1265230 1877.9
1265240 1876.1
1265250 1874.3
1265260 1874.3
1265270 1874.0
1265280 1874.7
1265290 1874.7
1265300 1875.6
1265310 1876.4
1265320 1876.4
1265330 1876.4
1265340 1875.8
1265350 1874.4
1265360 1874.4
1265370 1873.7
1265380 1872.6
1265390 1872.6
1265400 1871.1
1265410 1869.2
1265420 1869.2
1265430 1866.9
1265440 1865.7
1265450 1865.7
1265460 1864.0
1265470 1862.9
1265480 1862.9
1265490 1859.4
1265500 1853.6
1265510 1853.6
1265520 1845.4
1265530 1846.3
1265540 1846.3
1265550 1846.4
1265560 1842.2
1265570 1842.2
1265580 1841.4
1265590 1841.1
1265600 1842.7
1265610 1842.7
1265620 1845.2
1265630 1845.8
1265640 1845.8
1265650 1845.3
1265660 1846.8
1265670 1846.8
1265680 1846.9
1265690 1845.4
1265700 1845.4
1265710 1842.8
1265720 1843.8
1265730 1843.8
1265740 1844.2
1265750 1843.5
1265760 1843.5
1265770 1844.6
1265780 1846.9
1265790 1846.9
1265800 1848.4
1265810 1851.2
1265820 1851.2
1265830 1853.9
1265840 1858.1
1265850 1858.1
1265860 1860.5
1265870 1863.5
1265880 1867.8
1265890 1867.8
1265900 1872.4
1265910 1875.7
1265920 1875.7
1265930 1878.3
1265940 1880.2
1265950 1880.2
1265960 1883.2
1265970 1886.3
1265980 1886.3
1265990 1889.8
1266000 1893.4
1266010 1893.4
1266020 1897.9
1266030 1904.6
1266040 1904.6
1266050 1911.8
1266060 1917.4
1266070 1917.4
1266080 1922.1
1266090 1925.7
1266100 1921.5
1266110 1923.3
1266120 1924.3
1266130 1924.3
1266140 1924.5
1266150 1923.6
1266160 1923.6
1266170 1923.6
1266180 1925.5
1266190 1928.2
1266200 1928.2
1266210 1931.8
1266220 1936.0
1266230 1936.0
1266240 1940.2
1266250 1944.3
1266260 1944.3
1266270 1948.5
1266280 1953.0
1266290 1953.0
1266300 1957.2
1266310 1960.1
1266320 1960.1
1266330 1961.1
1266340 1961.9
1266350 1961.9
1266360 1962.9
1266370 1961.8
1266380 1961.8
1266390 1958.3
1266400 1955.4
1266410 1955.4
1266420 1952.0
1266430 1947.3
1266440 1943.1
1266450 1943.1
1266460 1938.5
1266470 1932.4
1266480 1932.4
1266490 1926.6
1266500 1920.9
1266510 1920.9
1266520 1916.1
1266530 1912.2
1266540 1912.2
1266550 1908.3
1266560 1904.3
1266570 1904.3
1266580 1902.1
1266590 1901.8
1266600 1901.8
1266610 1902.1
1266620 1902.1
1266630 1902.1
1266640 1901.1
1266650 1898.2
1266660 1898.2
1266670 1896.6
1266680 1890.3
1266690 1891.3
1266700 1891.3
1266710 1890.9
1266720 1889.3
1266730 1889.3
1266740 1887.3
1266750 1884.3
1266760 1884.3
1266770 1880.3
1266780 1876.1
1266790 1876.1
1266800 1872.0
1266810 1867.7
1266820 1867.7
1266830 1864.1
1266840 1860.9
1266850 1860.9
1266860 1857.7
1266870 1854.2
1266880 1854.2
1266890 1852.7
1266900 1852.5
1266910 1852.5
1266920 1850.5
1266930 1846.9
1266940 1846.9
1266950 1844.0
1266960 1841.6
1266970 1839.7
1266980 1839.7
1266990 1838.0
1267000 1835.8
1267010 1835.8
1267020 1832.9
1267030 1830.4
1267040 1830.4
1267050 1828.4
1267060 1823.6
1267070 1823.6
1267080 1819.1
1267090 1814.9
1267100 1814.9
1267110 1811.0
1267120 1809.9
1267130 1809.9
1267140 1810.3
1267150 1809.6
1267160 1809.6
1267170 1807.3
1267180 1807.3
1267190 1807.3
1267200 1809.5
1267210 1810.2
1267220 1810.2
1267230 1806.0
1267240 1800.0
1267250 1793.2
1267260 1793.2
1267270 1784.1
1267280 1780.4
1267290 1780.4
1267300 1778.9
1267310 1777.8
1267320 1777.8
1267330 1777.1
1267340 1777.3
1267350 1777.3
1267360 1777.6
1267370 1778.5
1267380 1778.5
1267390 1780.2
1267400 1782.0
1267410 1782.0
1267420 1785.1
1267430 1788.1
1267440 1788.1
1267450 1791.9
1267460 1795.0
1267470 1795.0
1267480 1798.0
1267490 1800.8
1267500 1800.8
1267510 1802.6
1267520 1803.8
1267530 1803.6
1267540 1803.6
1267550 1801.9
1267560 1799.2
1267570 1799.2
1267580 1796.0
1267590 1792.5
1267600 1792.5
1267610 1788.0
1267620 1784.3
1267630 1784.3
1267640 1781.1
1267650 1777.6
1267660 1777.6
1267670 1775.0
1267680 1772.0
1267690 1772.0
1267700 1771.0
1267710 1772.6
1267720 1772.6
1267730 1773.0
1267740 1773.9
1267750 1773.9
1267760 1775.1
1267770 1776.2
1267780 1776.2
1267790 1777.2
1267800 1777.1
1267810 1774.7
1267820 1774.7
1267830 1772.0
1267840 1769.0
1267850 1764.0
1267860 1761.0
1267870 1757.6
1267880 1757.6
1267890 1754.5
1267900 1751.4
1267910 1751.4
1267920 1749.2
1267930 1746.4
1267940 1746.4
1267950 1744.3
1267960 1744.2
1267970 1744.2
1267980 1744.4
1267990 1744.2
1268000 1744.2
1268010 1743.7
1268020 1742.9
1268030 1742.9
1268040 1742.6
1268050 1742.0
1268060 1741.4
1268070 1741.4
1268080 1741.2
1268090 1740.1
1268100 1740.1
1268110 1738.7
1268120 1737.4
1268130 1737.4
1268140 1735.3
1268150 1733.4
1268160 1733.4
1268170 1731.6
1268180 1730.5
1268190 1730.5
1268200 1729.9
1268210 1728.9
1268220 1728.9
1268230 1727.5
1268240 1724.9
1268250 1724.9
1268260 1721.3
1268270 1716.4
1268280 1716.4
1268290 1710.2
1268300 1705.3
1268310 1705.3
1268320 1701.1
1268330 1694.9
1268340 1690.3
1268350 1690.3
1268360 1687.7
1268370 1687.6
1268380 1687.6
1268390 1689.1
1268400 1689.5
1268410 1689.5
1268420 1689.9
1268430 1688.2
1268440 1683.2
1268450 1679.0
1268460 1673.3
1268470 1673.3
1268480 1667.4
1268490 1661.7
1268500 1661.7
1268510 1657.3
1268520 1657.5
1268530 1657.5
1268540 1660.4
1268550 1662.0
1268560 1662.0
1268570 1662.2
1268580 1663.8
1268590 1663.8
1268600 1665.9
1268610 1667.5
1268620 1668.0
1268630 1668.0
1268640 1665.9
1268650 1661.8
1268660 1661.8
1268670 1656.1
1268680 1650.7
1268690 1650.7
1268700 1645.1
1268710 1640.0
1268720 1640.0
1268730 1634.1
1268740 1629.1
1268750 1629.1
1268760 1625.7
1268770 1624.0
1268780 1624.0
1268790 1622.3
1268800 1618.8
1268810 1618.8
1268820 1613.3
1268830 1609.1
1268840 1609.1
1268850 1606.4
1268860 1605.8
1268870 1605.8
1268880 1606.7
1268890 1609.1
1268900 1610.3
1268910 1610.3
1268920 1610.4
1268930 1611.6
1268940 1611.6
1268950 1614.9
1268960 1618.1
1268970 1618.1
1268980 1621.4
1268990 1624.0
1269000 1624.0
1269010 1624.9
1269020 1624.8
1269030 1616.9
1269040 1618.6
1269050 1622.8
1269060 1622.8
1269070 1628.3
1269080 1633.6
1269090 1633.6
1269100 1640.2
1269110 1646.5
1269120 1646.5
1269130 1651.3
1269140 1654.2
1269150 1654.9
1269160 1654.9
1269170 1655.2
1269180 1655.3
1269190 1655.3
1269200 1655.4
1269210 1654.8
1269220 1654.8
1269230 1652.7
1269240 1650.0
1269250 1650.0
1269260 1645.2
1269270 1639.9
1269280 1639.9
1269290 1636.1
1269300 1631.8
1269310 1631.8
1269320 1627.7
1269330 1624.5
1269340 1624.5
1269350 1621.4
1269360 1617.6
1269370 1617.6
1269380 1609.7
1269390 1600.3
1269400 1600.3
1269410 1592.7
1269420 1586.6
1269430 1588.8
1269440 1588.8
1269450 1593.3
1269460 1596.1
1269470 1596.1
1269480 1597.5
1269490 1597.1
1269500 1597.1
1269510 1597.4
1269520 1597.6
1269530 1597.6
1269540 1596.2
1269550 1590.6
1269560 1590.6
1269570 1582.9
1269580 1575.7
1269590 1575.7
1269600 1569.1
1269610 1562.8
1269620 1561.2
1269630 1554.1
1269640 1547.3
1269650 1547.3
1269660 1539.5
1269670 1531.8
1269680 1531.8
1269690 1524.7
1269700 1518.2
1269710 1512.2
1269720 1512.2
1269730 1505.6
1269740 1498.4
1269750 1498.4
1269760 1490.9
1269770 1483.1
1269780 1483.1
1269790 1476.4
1269800 1471.4
1269810 1471.4
1269820 1466.1
1269830 1461.4
1269840 1461.4
1269850 1456.4
1269860 1452.1
1269870 1452.1
1269880 1450.6
1269890 1449.8
1269900 1449.8
1269910 1448.1
1269920 1443.4
1269930 1443.4
1269940 1433.6
1269950 1419.4
1269960 1419.4
1269970 1405.4
1269980 1385.2
1269990 1366.0
1270000 1366.0
1270010 1356.3
1270020 1348.1
1270030 1348.1
1270040 1340.2
1270050 1332.3
1270060 1332.3
1270070 1324.3
1270080 1315.9
1270090 1315.9
1270100 1307.7
1270110 1303.4
1270120 1303.4
1270130 1301.7
1270140 1299.7
1270150 1299.7
1270160 1295.3
1270170 1290.8
1270180 1290.8
1270190 1287.4
1270200 1283.8
1270210 1280.0
1270220 1276.5
1270230 1275.9
1270240 1276.5
1270250 1276.5
1270260 1278.0
1270270 1279.9
1270280 1279.9
1270290 1281.9
1270300 1286.3
1270310 1286.3
1270320 1289.8
1270330 1292.4
1270340 1292.4
1270350 1293.7
1270360 1293.0
1270370 1293.0
1270380 1285.7
1270390 1275.4
1270400 1275.4
1270410 1267.6
1270420 1263.2
1270430 1263.2
1270440 1261.9
1270450 1262.0
1270460 1262.0
1270470 1266.3
1270480 1273.4
1270490 1273.4
1270500 1278.3
1270510 1280.0
1270520 1281.0
1270530 1281.0
1270540 1277.6
1270550 1269.9
1270560 1269.9
1270570 1264.1
1270580 1262.6
1270590 1262.6
1270600 1262.6
1270610 1261.7
1270620 1261.7
1270630 1260.6
1270640 1260.4
1270650 1260.4
1270660 1259.6
1270670 1259.1
1270680 1259.1
1270690 1258.1
1270700 1261.9
1270710 1261.9
1270720 1267.3
1270730 1275.0
1270740 1275.0
1270750 1282.9
1270760 1287.7
1270770 1287.7
1270780 1290.4
1270790 1295.8
1270800 1302.6
1270810 1300.1
1270820 1306.2
1270830 1307.1
1270840 1307.1
1270850 1307.8
1270860 1309.0
1270870 1309.0
1270880 1310.4
1270890 1311.8
1270900 1311.8
1270910 1312.2
1270920 1310.3
1270930 1310.3
1270940 1306.0
1270950 1304.0
1270960 1304.0
1270970 1306.8
1270980 1309.6
1270990 1309.6
1271000 1311.0
1271010 1309.8
1271020 1309.8
1271030 1309.7
1271040 1311.1
1271050 1311.1
1271060 1315.8
1271070 1322.2
1271080 1328.6
1271090 1328.6
1271100 1333.8
1271110 1336.6
1271120 1336.6
1271130 1339.0
1271140 1341.7
1271150 1341.7
1271160 1346.5
1271170 1352.5
1271180 1352.5
1271190 1357.2
1271200 1359.9
1271210 1359.9
1271220 1362.8
1271230 1365.8
1271240 1365.8
1271250 1368.8
1271260 1371.9
1271270 1371.9
1271280 1375.0
1271290 1378.2
1271300 1378.2
1271310 1381.2
1271320 1383.7
1271330 1386.0
1271340 1386.0
1271350 1388.5
1271360 1390.3
1271370 1390.3
1271380 1391.8
1271390 1393.3
1271400 1387.7
1271410 1389.0
1271420 1389.9
1271430 1389.9
1271440 1390.2
1271450 1390.3
1271460 1390.3
1271470 1389.9
1271480 1389.6
1271490 1389.6
1271500 1388.7
1271510 1387.1
1271520 1387.1
1271530 1385.3
1271540 1379.6
1271550 1379.6
1271560 1376.1
1271570 1376.0
1271580 1376.0
1271590 1376.0
1271600 1382.3
1271610 1390.2
1271620 1390.2
1271630 1394.8
1271640 1396.5
1271650 1396.5
1271660 1396.9
1271670 1397.7
1271680 1397.7
1271690 1397.4
1271700 1396.2
1271710 1396.2
1271720 1396.2
1271730 1397.1
1271740 1397.1
1271750 1394.6
1271760 1393.4
1271770 1393.4
1271780 1394.4
1271790 1397.3
1271800 1397.3
1271810 1400.6
1271820 1402.8
1271830 1402.8
1271840 1402.6
1271850 1399.5
1271860 1399.5
1271870 1394.8
1271880 1391.5
1271890 1390.7
1271900 1390.7
1271910 1389.3
1271920 1389.5
1271930 1389.5
1271940 1390.3
1271950 1388.9
1271960 1388.9
1271970 1386.6
1271980 1386.4
1271990 1386.4
1272000 1381.4
1272010 1380.5
1272020 1380.5
1272030 1378.2
1272040 1376.1
1272050 1376.1
1272060 1374.2
1272070 1372.7
1272080 1372.7
1272090 1372.0
1272100 1371.6
1272110 1371.6
1272120 1371.3
1272130 1369.8
1272140 1369.8
1272150 1362.1
1272160 1351.6
1272170 1341.3
1272180 1341.3
1272190 1332.2
1272200 1323.1
1272210 1323.1
1272220 1313.5
1272230 1303.4
1272240 1303.4
1272250 1294.9
1272260 1286.4
1272270 1286.4
1272280 1278.1
1272290 1270.4
1272300 1270.4
1272310 1265.6
1272320 1263.4
1272330 1263.4
1272340 1260.6
1272350 1255.6
1272360 1255.6
1272370 1256.1
1272380 1256.1
1272390 1256.1
1272400 1254.8
1272410 1258.3
1272420 1253.8
1272430 1253.8
1272440 1245.5
1272450 1246.2
1272460 1246.2
1272470 1246.7
1272480 1248.3
1272490 1248.3
1272500 1247.6
1272510 1247.1
1272520 1247.1
1272530 1242.6
1272540 1246.0
1272550 1246.0
1272560 1252.0
1272570 1251.9
1272580 1251.9
1272590 1244.8
1272600 1228.8
1272610 1228.8
1272620 1223.4
1272630 1218.4
1272640 1218.4
1272650 1212.2
1272660 1203.0
1272670 1203.0
1272680 1199.2
1272690 1205.9
1272700 1211.1
1272710 1211.1
1272720 1216.7
1272730 1220.7
1272740 1220.7
1272750 1226.1
1272760 1233.0
1272770 1233.0
1272780 1228.5
1272790 1219.8
1272800 1219.8
1272810 1214.5
1272820 1209.9
1272830 1209.9
1272840 1206.2
1272850 1202.7
1272860 1202.7
1272870 1203.2
1272880 1201.5
1272890 1201.5
1272900 1196.8
1272910 1191.2
1272920 1191.2
1272930 1192.1
1272940 1193.7
1272950 1193.7
1272960 1198.2
1272970 1201.2
1272980 1204.0
1272990 1204.0
1273000 1199.2
1273010 1205.1
1273020 1205.1
1273030 1212.9
1273040 1215.0
1273050 1215.0
1273060 1218.4
1273070 1229.8
1273080 1229.8
1273090 1239.0
1273100 1246.8
1273110 1246.8
1273120 1254.7
1273130 1260.5
1273140 1260.5
1273150 1261.7
1273160 1265.1
1273170 1265.1
1273180 1267.3
1273190 1268.3
1273200 1260.6
1273210 1262.3
1273220 1265.0
1273230 1265.0
1273240 1267.1
1273250 1268.4
1273260 1269.3
1273270 1269.3
1273280 1270.3
1273290 1270.5
1273300 1270.5
1273310 1270.7
1273320 1271.1
1273330 1271.1
1273340 1271.5
1273350 1271.9
1273360 1271.9
1273370 1272.5
1273380 1272.6
1273390 1272.6
1273400 1272.1
1273410 1270.6
1273420 1270.6
1273430 1268.4
1273440 1265.8
1273450 1265.8
1273460 1262.3
1273470 1258.2
1273480 1258.2
1273490 1253.4
1273500 1247.7
1273510 1247.7
1273520 1241.7
1273530 1236.4
1273540 1232.1
1273550 1232.1
1273560 1227.7
1273570 1223.2
1273580 1223.2
1273590 1219.3
1273600 1215.7
1273610 1215.7
1273620 1212.3
1273630 1209.1
1273640 1209.1
1273650 1205.3
1273660 1199.3
1273670 1199.3
1273680 1192.5
1273690 1186.3
1273700 1186.3
1273710 1181.0
1273720 1177.5
1273730 1177.5
1273740 1174.4
1273750 1169.9
1273760 1169.9
1273770 1163.6
1273780 1156.9
1273790 1149.8
1273800 1149.8
1273810 1136.4
1273820 1127.2
1273830 1127.2
1273840 1118.5
1273850 1111.0
1273860 1111.0
1273870 1103.7
1273880 1098.2
1273890 1098.2
1273900 1094.7
1273910 1090.2
1273920 1090.2
1273930 1084.3
1273940 1078.1
1273950 1078.1
1273960 1071.4
1273970 1064.5
1273980 1064.5
1273990 1058.9
1274000 1055.0
1274010 1055.0
1274020 1050.3
1274030 1047.5
1274040 1047.5
1274050 1044.3
1274060 1045.3
1274070 1044.9
1274080 1044.9
1274090 1046.6
1274100 1051.1
1274110 1051.1
1274120 1056.0
1274130 1059.8
1274140 1059.8
1274150 1064.3
1274160 1067.9
1274170 1067.9
1274180 1070.4
1274190 1072.3
1274200 1072.3
1274210 1072.7
1274220 1072.4
1274230 1072.4
1274240 1074.5
1274250 1077.8
1274260 1077.8
1274270 1081.6
1274280 1085.3
1274290 1085.3
1274300 1088.9
1274310 1094.6
1274320 1094.6
1274330 1101.0
1274340 1107.6
1274350 1114.6
1274360 1114.6
1274370 1121.9
1274380 1129.2
1274390 1129.2
1274400 1135.5
1274410 1135.7
1274420 1135.7
1274430 1139.5
1274440 1141.0
1274450 1141.0
1274460 1139.3
1274470 1136.9
1274480 1136.9
1274490 1136.8
1274500 1143.3
1274510 1143.3
1274520 1146.4
1274530 1146.0
1274540 1146.0
1274550 1145.0
1274560 1144.6
1274570 1144.6
1274580 1146.0
1274590 1148.1
1274600 1148.1
1274610 1151.5
1274620 1154.1
1274630 1155.5
1274640 1155.5
1274650 1155.2
1274660 1151.5
1274670 1151.5
1274680 1152.8
1274690 1157.0
1274700 1157.0
1274710 1155.8
1274720 1152.9
1274730 1152.9
1274740 1154.9
1274750 1155.5
1274760 1155.5
1274770 1155.7
1274780 1155.2
1274790 1155.2
1274800 1154.8
1274810 1151.7
1274820 1151.7
1274830 1154.3
1274840 1159.7
1274850 1159.7
1274860 1160.7
1274870 1158.8
1274880 1157.4
1274890 1157.4
1274900 1158.3
1274910 1160.4
1274920 1160.4
1274930 1161.9
1274940 1161.1
1274950 1161.1
1274960 1160.6
1274970 1160.3
1274980 1160.3
1274990 1161.2
1275000 1161.3
1275010 1161.3
1275020 1152.6
1275030 1150.9
1275040 1150.9
1275050 1150.6
1275060 1151.6
1275070 1151.6
1275080 1152.9
1275090 1153.4
1275100 1153.4
1275110 1152.1
1275120 1150.8
1275130 1150.8
1275140 1150.2
1275150 1148.8
1275160 1148.5
1275170 1148.5
1275180 1147.3
1275190 1145.2
1275200 1145.2
1275210 1144.0
1275220 1141.5
1275230 1141.5
1275240 1138.7
1275250 1136.9
1275260 1136.9
1275270 1134.9
1275280 1132.2
1275290 1132.2
1275300 1130.3
1275310 1127.5
1275320 1127.5
1275330 1124.6
1275340 1120.9
1275350 1120.9
1275360 1117.0
1275370 1111.3
1275380 1111.3
1275390 1110.1
1275400 1108.1
1275410 1108.1
1275420 1109.5
1275430 1108.3
1275440 1107.6
1275450 1107.6
1275460 1107.3
1275470 1102.6
1275480 1102.6
1275490 1101.2
1275500 1100.0
1275510 1100.0
1275520 1098.2
1275530 1096.1
1275540 1096.1
1275550 1091.4
1275560 1092.6
1275570 1092.6
1275580 1091.4
1275590 1091.3
1275600 1091.3
1275610 1091.3
1275620 1089.5
1275630 1082.9
1275640 1080.0
1275650 1078.2
1275660 1078.2
1275670 1075.1
1275680 1071.3
1275690 1071.3
1275700 1068.5
1275710 1066.6
1275720 1064.1
1275730 1064.1
1275740 1062.4
1275750 1059.9
1275760 1059.9
1275770 1057.3
1275780 1055.2
1275790 1055.2
1275800 1054.1
1275810 1052.1
1275820 1052.1
1275830 1049.3
1275840 1046.6
1275850 1046.6
1275860 1044.1
1275870 1041.1
1275880 1041.1
1275890 1037.4
1275900 1035.2
1275910 1035.2
1275920 1031.3
1275930 1027.9
1275940 1027.9
1275950 1025.4
1275960 1022.3
1275970 1019.3
1275980 1019.3
1275990 1015.6
1276000 1011.6
1276010 1011.6
1276020 1010.2
1276030 1004.9
1276040 1004.9
1276050 1000.6
1276060 996.8
1276070 996.8
1276080 993.6
1276090 990.1
1276100 990.1
1276110 986.3
1276120 980.8
1276130 980.8
1276140 976.6
1276150 974.9
1276160 974.9
1276170 970.9
1276180 966.4
1276190 966.4
1276200 963.0
1276210 957.9
1276220 957.9
1276230 953.1
1276240 938.0
1276250 932.1
1276260 932.1
1276270 927.0
1276280 919.1
1276290 919.1
1276300 910.4
1276310 896.9
1276320 896.9
1276330 887.1
1276340 886.1
1276350 886.1
1276360 898.1
1276370 910.3
1276380 910.3
1276390 913.5
1276400 916.7
1276410 916.7
1276420 917.2
1276430 923.2
1276440 923.2
1276450 925.7
1276460 920.0
1276470 920.0
1276480 912.4
1276490 904.9
1276500 904.9
1276510 896.7
1276520 886.8
1276530 879.0
1276540 879.0
1276550 877.4
1276560 880.5
1276570 880.5
1276580 884.9
1276590 892.5
1276600 892.5
1276610 899.4
1276620 905.3
1276630 905.3
1276640 909.5
1276650 912.6
1276660 912.6
1276670 916.0
1276680 919.7
1276690 919.7
1276700 923.5
1276710 927.7
1276720 927.7
1276730 930.9
1276740 931.5
1276750 931.5
1276760 932.8
1276770 935.7
1276780 935.7
1276790 940.2
1276800 946.4
1276810 953.3
1276820 953.3
1276830 959.1
1276840 962.7
1276850 956.5
1276860 957.4
1276870 956.1
1276880 956.1
1276890 956.4
1276900 957.6
1276910 957.6
1276920 959.2
1276930 963.1
1276940 963.1
1276950 966.6
1276960 969.7
1276970 969.7
1276980 973.7
1276990 978.7
1277000 978.7
1277010 985.0
1277020 990.0
1277030 990.0
1277040 995.2
1277050 997.7
1277060 998.9
1277070 998.9
1277080 998.9
1277090 998.8
1277100 998.8
1277110 999.7
1277120 1001.2
1277130 1001.2
1277140 1002.1
1277150 1002.3
1277160 1002.3
1277170 1002.5
1277180 1002.4
1277190 1002.4
1277200 1002.4
1277210 1001.8
1277220 1001.8
1277230 1000.1
1277240 999.1
1277250 999.1
1277260 998.7
1277270 998.0
1277280 998.0
1277290 997.1
1277300 995.6
1277310 995.6
1277320 994.3
1277330 993.1
1277340 992.6
1277350 992.6
1277360 992.1
1277370 991.6
1277380 991.6
1277390 990.7
1277400 988.9
1277410 988.9
1277420 987.0
1277430 984.5
1277440 984.5
1277450 982.0
1277460 974.5
1277470 974.5
1277480 972.8
1277490 971.3
1277500 971.3
1277510 970.0
1277520 969.2
1277530 969.2
1277540 967.5
1277550 966.1
1277560 966.1
1277570 964.5
1277580 963.0
1277590 963.0
1277600 962.5
1277610 962.9
1277620 963.2
1277630 963.2
1277640 962.2
1277650 959.4
1277660 959.4
1277670 957.1
1277680 956.1
1277690 956.1
1277700 955.4
1277710 953.3
1277720 953.3
1277730 949.9
1277740 943.2
1277750 943.2
1277760 938.0
1277770 937.6
1277780 937.6
1277790 936.4
1277800 939.1
1277810 939.1
1277820 939.2
1277830 935.9
1277840 935.9
1277850 932.8
1277860 929.8
1277870 929.8
1277880 928.8
1277890 928.8
1277900 927.7
1277910 927.7
1277920 924.9
1277930 921.3
1277940 921.3
1277950 916.2
1277960 915.4
1277970 915.4
1277980 916.6
1277990 915.0
1278000 915.0
1278010 909.7
1278020 904.9
1278030 904.9
1278040 906.4
1278050 907.9
1278060 907.9
1278070 911.3
1278080 899.6
1278090 899.6
1278100 898.1
1278110 899.2
1278120 899.2
1278130 896.5
1278140 894.3
1278150 894.4
1278160 894.4
1278170 894.9
1278180 894.8
1278190 894.8
1278200 894.0
1278210 894.0
1278220 894.0
1278230 893.9
1278240 894.9
1278250 894.9
1278260 895.3
1278270 894.2
1278280 894.2
1278290 889.4
1278300 890.5
1278310 890.5
1278320 895.9
1278330 902.1
1278340 902.1
1278350 903.7
1278360 901.6
1278370 901.6
1278380 895.1
1278390 887.4
1278400 887.4
1278410 879.4
1278420 871.7
1278430 872.8
1278440 872.8
1278450 873.0
1278460 879.2
1278470 879.2
1278480 888.5
1278490 896.7
1278500 896.7
1278510 904.7
1278520 908.0
1278530 908.0
1278540 907.0
1278550 904.8
1278560 904.8
1278570 904.2
1278580 907.0
1278590 907.0
1278600 908.5
1278610 909.2
1278620 909.2
1278630 909.8
1278640 909.7
1278650 909.7
1278660 909.1
1278670 908.7
1278680 908.7
1278690 908.3
1278700 901.7
1278710 901.1
1278720 901.1
1278730 900.5
1278740 899.6
1278750 899.6
1278760 898.7
1278770 897.8
1278780 897.8
1278790 896.8
1278800 895.8
1278810 895.8
1278820 894.8
1278830 893.4
1278840 893.4
1278850 891.6
1278860 890.1
1278870 890.1
1278880 888.4
1278890 886.5
1278900 886.5
1278910 884.4
1278920 882.0
1278930 882.0
1278940 879.6
1278950 877.2
1278960 877.2
1278970 874.9
1278980 872.1
1278990 868.5
1279000 868.5
1279010 865.6
1279020 864.4
1279030 864.4
1279040 861.9
1279050 858.6
1279060 858.6
1279070 855.0
1279080 851.0
1279090 851.0
1279100 847.1
1279110 843.2
1279120 843.2
1279130 840.0
1279140 837.2
1279150 837.2
1279160 833.1
1279170 829.7
1279180 829.7
1279190 827.2
1279200 826.0
1279210 826.0
1279220 825.1
1279230 820.5
1279240 820.5
1279250 815.1
1279260 809.4
1279270 803.5
1279280 803.5
1279290 800.2
1279300 800.2
1279310 800.2
1279320 796.7
1279330 796.7
1279340 796.7
1279350 795.8
1279360 795.6
1279370 795.6
1279380 797.3
1279390 797.7
1279400 797.7
1279410 797.9
1279420 798.5
1279430 798.5
1279440 799.6
1279450 800.7
1279460 800.7
1279470 802.1
1279480 803.1
1279490 803.1
1279500 803.4
1279510 803.9
1279520 804.8
1279530 804.8
1279540 805.6
1279550 806.1
1279560 806.1
1279570 805.9
1279580 805.6
1279590 805.6
1279600 805.3
1279610 805.3
1279620 805.3
1279630 804.8
1279640 804.3
1279650 804.3
1279660 803.3
1279670 803.5
1279680 803.5
1279690 804.5
1279700 804.2
1279710 804.2
1279720 804.6
1279730 804.8
1279740 804.8
1279750 804.5
1279760 804.4
1279770 804.4
1279780 803.9
1279790 803.2
1279800 802.3
1279810 802.3
1279820 801.7
1279830 800.4
1279840 800.4
1279850 799.5
1279860 798.7
1279870 798.7
1279880 797.8
1279890 797.2
1279900 797.2
1279910 796.7
1279920 799.1
1279930 799.1
1279940 802.5
1279950 803.8
1279960 803.8
1279970 802.5
1279980 797.8
1279990 797.8
