1260000 1583.2
1260010 1583.3
1260020 1583.3
1260030 1583.7
1260040 1584.2
1260050 1584.2
1260060 1584.2
1260070 1583.4
1260080 1583.2
1260090 1583.2
1260100 1584.9
1260110 1588.7
1260120 1588.7
1260130 1593.1
1260140 1596.8
1260150 1596.8
1260160 1601.9
1260170 1606.1
1260180 1606.1
1260190 1610.7
1260200 1614.9
1260210 1614.9
1260220 1619.2
1260230 1623.7
1260240 1623.7
1260250 1628.3
1260260 1632.0
1260270 1632.0
1260280 1636.2
1260290 1640.1
1260300 1640.1
1260310 1643.1
1260320 1648.0
1260330 1648.0
1260340 1655.0
1260350 1659.8
1260360 1663.7
1260370 1663.7
1260380 1667.6
1260390 1672.7
1260400 1672.7
1260410 1678.0
1260420 1683.1
1260430 1683.1
1260440 1688.2
1260450 1693.6
1260460 1693.6
1260470 1699.3
1260480 1704.8
1260490 1704.8
1260500 1710.7
1260510 1715.8
1260520 1715.8
1260530 1720.8
1260540 1724.9
1260550 1724.9
1260560 1729.0
1260570 1732.9
1260580 1732.9
1260590 1736.5
1260600 1740.1
1260610 1740.1
1260620 1743.0
1260630 1745.2
1260640 1748.0
1260650 1748.0
1260660 1751.3
1260670 1754.5
1260680 1754.5
1260690 1757.7
1260700 1760.3
1260710 1760.3
1260720 1763.7
1260730 1767.8
1260740 1767.8
1260750 1771.8
1260760 1775.8
1260770 1775.8
1260780 1778.4
1260790 1779.1
1260800 1779.1
1260810 1779.3
1260820 1781.0
1260830 1781.0
1260840 1781.8
1260850 1781.8
1260860 1781.8
1260870 1781.0
1260880 1780.9
1260890 1780.9
1260900 1783.8
1260910 1789.3
1260920 1791.0
1260930 1791.0
1260940 1791.2
1260950 1788.4
1260960 1788.4
1260970 1788.5
1260980 1791.4
1260990 1791.4
1261000 1794.2
1261010 1796.5
1261020 1796.5
1261030 1798.7
1261040 1801.9
1261050 1801.9
1261060 1805.1
1261070 1808.6
1261080 1808.6
1261090 1812.2
1261100 1816.0
1261110 1816.0
1261120 1819.8
1261130 1823.7
1261140 1823.7
1261150 1827.6
1261160 1831.9
1261170 1831.9
1261180 1836.5
1261190 1841.1
1261200 1846.2
1261210 1846.2
1261220 1851.3
1261230 1856.6
1261240 1856.6
1261250 1862.0
1261260 1867.4
1261270 1867.4
1261280 1873.0
1261290 1878.8
1261300 1878.8
1261310 1884.6
1261320 1890.5
1261330 1890.5
1261340 1896.4
1261350 1902.4
1261360 1902.4
1261370 1908.5
1261380 1914.6
1261390 1914.6
1261400 1920.7
1261410 1926.9
1261420 1926.9
1261430 1933.1
1261440 1939.3
1261450 1945.6
1261460 1945.6
1261470 1951.9
1261480 1959.3
1261490 1959.3
1261500 1965.9
1261510 1972.5
1261520 1972.5
1261530 1979.2
1261540 1985.8
1261550 1985.8
1261560 1992.5
1261570 1999.3
1261580 1999.3
1261590 2006.2
1261600 2013.1
1261610 2013.1
1261620 2020.3
1261630 2027.9
1261640 2027.9
1261650 2035.3
1261660 2042.4
1261670 2042.4
1261680 2049.0
1261690 2055.3
1261700 2055.3
1261710 2062.2
1261720 2068.8
1261730 2075.3
1261740 2075.3
1261750 2081.9
1261760 2088.2
1261770 2088.2
1261780 2094.4
1261790 2100.9
1261800 2100.9
1261810 2107.4
1261820 2114.3
1261830 2114.3
1261840 2121.1
1261850 2128.9
1261860 2128.9
1261870 2137.6
1261880 2146.4
1261890 2146.4
1261900 2157.0
1261910 2162.6
1261920 2162.6
1261930 2168.1
1261940 2176.8
1261950 2176.8
1261960 2184.0
1261970 2184.1
1261980 2184.1
1261990 2184.6
1262000 2188.1
1262010 2194.0
1262020 2194.0
1262030 2200.8
1262040 2209.1
1262050 2215.8
1262060 2225.1
1262070 2229.6
1262080 2229.6
1262090 2233.4
1262100 2239.6
1262110 2239.6
1262120 2245.2
1262130 2250.5
1262140 2250.5
1262150 2255.9
1262160 2261.3
1262170 2261.3
1262180 2267.1
1262190 2273.7
1262200 2273.7
1262210 2280.4
1262220 2286.4
1262230 2286.4
1262240 2290.8
1262250 2294.3
1262260 2294.3
1262270 2292.9
1262280 2295.3
1262290 2301.9
1262300 2301.9
1262310 2314.8
1262320 2323.4
1262330 2323.4
1262340 2324.4
1262350 2319.9
1262360 2319.9
1262370 2308.2
1262380 2293.4
1262390 2293.4
1262400 2278.3
1262410 2262.6
1262420 2262.6
1262430 2248.0
1262440 2235.9
1262450 2235.9
1262460 2225.5
1262470 2216.2
1262480 2216.2
1262490 2202.3
1262500 2191.8
1262510 2191.8
1262520 2181.8
1262530 2172.7
1262540 2172.7
1262550 2165.9
1262560 2161.7
1262570 2157.8
1262580 2157.8
1262590 2146.6
1262600 2127.2
1262610 2127.2
1262620 2115.7
1262630 2118.0
1262640 2118.0
1262650 2119.0
1262660 2115.2
1262670 2115.2
1262680 2098.6
1262690 2084.4
1262700 2084.4
1262710 2073.8
1262720 2060.0
1262730 2060.0
1262740 2028.0
1262750 1997.2
1262760 1997.2
1262770 1961.7
1262780 1946.2
1262790 1946.2
1262800 1942.1
1262810 1925.2
1262820 1925.2
1262830 1904.5
1262840 1896.0
1262850 1891.1
1262860 1891.1
1262870 1885.5
1262880 1880.4
1262890 1880.4
1262900 1875.2
1262910 1870.4
1262920 1870.4
1262930 1865.9
1262940 1861.1
1262950 1861.1
1262960 1856.2
1262970 1851.7
1262980 1851.7
1262990 1847.4
1263000 1843.4
1263010 1843.4
1263020 1840.3
1263030 1837.6
1263040 1837.6
1263050 1835.7
1263060 1834.1
1263070 1834.1
1263080 1832.9
1263090 1833.0
1263100 1833.7
1263110 1833.7
1263120 1833.5
1263130 1831.1
1263140 1831.1
1263150 1827.5
1263160 1823.8
1263170 1823.8
1263180 1820.9
1263190 1820.5
1263200 1826.1
1263210 1827.0
1263220 1829.3
1263230 1829.3
1263240 1831.6
1263250 1836.2
1263260 1836.2
1263270 1842.0
1263280 1847.8
1263290 1847.8
1263300 1853.4
1263310 1858.5
1263320 1858.5
1263330 1862.8
1263340 1865.9
1263350 1865.9
1263360 1869.1
1263370 1881.9
1263380 1894.0
1263390 1894.0
1263400 1919.9
1263410 1938.0
1263420 1938.0
1263430 1964.4
1263440 1998.5
1263450 1998.5
1263460 2020.3
1263470 2039.4
1263480 2039.4
1263490 2062.4
1263500 2079.5
1263510 2079.5
1263520 2078.4
1263530 2090.4
1263540 2090.4
1263550 2100.4
1263560 2091.2
1263570 2091.2
1263580 2086.2
1263590 2082.4
1263600 2082.4
1263610 2085.7
1263620 2090.7
1263630 2090.7
1263640 2101.5
1263650 2113.5
1263660 2118.8
1263670 2118.8
1263680 2121.8
1263690 2126.5
1263700 2126.5
1263710 2135.3
1263720 2147.9
1263730 2147.9
1263740 2159.0
1263750 2170.9
1263760 2170.9
1263770 2169.8
1263780 2195.0
1263790 2195.0
1263800 2194.2
1263810 2180.8
1263820 2180.8
1263830 2163.7
1263840 2143.1
1263850 2143.1
1263860 2126.5
1263870 2112.7
1263880 2112.7
1263890 2112.2
1263900 2118.2
1263910 2118.2
1263920 2114.1
1263930 2100.7
1263940 2090.8
1263950 2090.8
1263960 2086.5
1263970 2081.0
1263980 2081.0
1263990 2073.7
1264000 2066.7
1264010 2066.7
1264020 2062.6
1264030 2061.5
1264040 2061.5
1264050 2060.5
1264060 2056.8
1264070 2056.8
1264080 2048.8
1264090 2045.3
1264100 2045.3
1264110 2044.7
1264120 2044.6
1264130 2044.6
1264140 2044.3
1264150 2043.4
1264160 2043.4
1264170 2042.1
1264180 2042.7
1264190 2042.7
1264200 2045.4
1264210 2049.3
1264220 2053.6
1264230 2053.6
1264240 2057.3
1264250 2060.2
1264260 2060.2
1264270 2062.1
1264280 2066.9
1264290 2066.9
1264300 2079.4
1264310 2090.2
1264320 2090.2
1264330 2100.1
1264340 2110.9
1264350 2121.7
1264360 2131.0
1264370 2140.2
1264380 2140.2
1264390 2147.5
1264400 2146.7
1264410 2146.7
1264420 2138.5
1264430 2141.1
1264440 2141.1
1264450 2155.7
1264460 2171.6
1264470 2171.6
1264480 2181.8
1264490 2193.0
1264500 2204.2
1264510 2204.2
1264520 2217.1
1264530 2229.3
1264540 2229.3
1264550 2238.5
1264560 2246.7
1264570 2246.7
1264580 2250.8
1264590 2255.8
1264600 2255.8
1264610 2259.6
1264620 2266.0
1264630 2266.0
1264640 2274.2
1264650 2282.4
1264660 2282.4
1264670 2291.9
1264680 2299.1
1264690 2299.1
1264700 2307.3
1264710 2316.7
1264720 2316.7
1264730 2324.5
1264740 2334.0
1264750 2340.6
1264760 2340.6
1264770 2347.4
1264780 2353.9
1264790 2353.9
1264800 2354.2
1264810 2345.6
1264820 2345.6
1264830 2342.3
1264840 2348.7
1264850 2348.7
1264860 2361.5
1264870 2366.8
1264880 2366.8
1264890 2369.0
1264900 2366.1
1264910 2366.1
1264920 2360.5
1264930 2346.5
1264940 2346.5
1264950 2342.4
1264960 2338.1
1264970 2338.1
1264980 2339.3
1264990 2340.9
1265000 2340.9
1265010 2335.2
1265020 2336.8
1265030 2338.2
1265040 2338.2
1265050 2339.5
1265060 2343.4
1265070 2343.4
1265080 2341.7
1265090 2341.8
1265100 2341.8
1265110 2347.1
1265120 2348.2
1265130 2348.2
1265140 2352.6
1265150 2359.0
1265160 2359.0
1265170 2364.0
1265180 2371.7
1265190 2371.7
1265200 2380.2
1265210 2387.8
1265220 2387.8
1265230 2392.5
1265240 2397.8
1265250 2397.8
1265260 2404.0
1265270 2411.3
1265280 2411.3
1265290 2419.7
1265300 2418.8
1265310 2412.0
1265320 2412.0
1265330 2407.1
1265340 2402.0
1265350 2402.0
1265360 2406.0
1265370 2409.0
1265380 2409.0
1265390 2403.7
1265400 2399.7
1265410 2399.7
1265420 2405.6
1265430 2403.5
1265440 2403.5
1265450 2395.7
1265460 2388.3
1265470 2388.3
1265480 2386.3
1265490 2384.4
1265500 2384.4
1265510 2374.1
1265520 2374.0
1265530 2374.0
1265540 2375.6
1265550 2379.8
1265560 2379.8
1265570 2384.0
1265580 2389.4
1265590 2394.5
1265600 2394.5
1265610 2390.2
1265620 2388.8
1265630 2388.8
1265640 2389.3
1265650 2385.6
1265660 2385.6
1265670 2380.1
1265680 2376.3
1265690 2376.3
1265700 2381.7
1265710 2381.9
1265720 2381.9
1265730 2378.9
1265740 2373.6
1265750 2373.6
1265760 2362.5
1265770 2357.7
1265780 2357.7
1265790 2365.8
1265800 2372.4
1265810 2372.4
1265820 2378.2
1265830 2376.9
1265840 2376.9
1265850 2372.5
1265860 2378.0
1265870 2385.0
1265880 2385.0
1265890 2390.5
1265900 2389.9
1265910 2389.9
1265920 2386.7
1265930 2389.6
1265940 2389.6
1265950 2390.7
1265960 2390.0
1265970 2390.0
1265980 2390.0
1265990 2388.9
1266000 2388.9
1266010 2387.8
1266020 2381.1
1266030 2381.1
1266040 2376.4
1266050 2376.8
1266060 2376.8
1266070 2372.4
1266080 2376.7
1266090 2376.7
1266100 2375.0
1266110 2377.6
1266120 2377.6
1266130 2381.3
1266140 2387.9
1266150 2391.5
1266160 2391.5
1266170 2394.0
1266180 2392.9
1266190 2392.9
1266200 2387.3
1266210 2385.6
1266220 2385.6
1266230 2387.2
1266240 2379.8
1266250 2379.8
1266260 2363.6
1266270 2353.0
1266280 2353.0
1266290 2342.5
1266300 2333.5
1266310 2333.5
1266320 2333.6
1266330 2332.4
1266340 2332.4
1266350 2332.7
1266360 2328.3
1266370 2328.3
1266380 2330.5
1266390 2334.6
1266400 2333.9
1266410 2333.9
1266420 2323.0
1266430 2320.9
1266440 2320.9
1266450 2310.9
1266460 2297.3
1266470 2297.3
1266480 2293.4
1266490 2289.0
1266500 2289.0
1266510 2279.8
1266520 2268.3
1266530 2268.3
1266540 2261.1
1266550 2252.9
1266560 2252.9
1266570 2245.8
1266580 2244.1
1266590 2244.1
1266600 2244.4
1266610 2247.1
1266620 2247.1
1266630 2254.8
1266640 2265.9
1266650 2265.9
1266660 2275.2
1266670 2287.9
1266680 2292.9
1266690 2292.9
1266700 2294.4
1266710 2298.2
1266720 2298.2
1266730 2289.5
1266740 2279.1
1266750 2279.1
1266760 2267.7
1266770 2257.0
1266780 2257.0
1266790 2251.7
1266800 2253.9
1266810 2253.9
1266820 2257.9
1266830 2263.3
1266840 2263.3
1266850 2270.1
1266860 2278.1
1266870 2278.1
1266880 2286.4
1266890 2289.5
1266900 2289.5
1266910 2289.8
1266920 2289.9
1266930 2289.9
1266940 2290.7
1266950 2292.2
1266960 2294.1
1266970 2294.1
1266980 2294.5
1266990 2293.0
1267000 2293.0
1267010 2285.4
1267020 2276.3
1267030 2276.3
1267040 2277.7
1267050 2280.5
1267060 2280.5
1267070 2285.2
1267080 2284.3
1267090 2284.3
1267100 2272.2
1267110 2265.1
1267120 2265.1
1267130 2257.3
1267140 2249.4
1267150 2249.4
1267160 2248.9
1267170 2251.9
1267180 2251.9
1267190 2259.8
1267200 2267.9
1267210 2267.9
1267220 2272.2
1267230 2272.4
1267240 2270.3
1267250 2270.3
1267260 2260.4
1267270 2256.3
1267280 2256.3
1267290 2253.4
1267300 2247.8
1267310 2247.8
1267320 2243.9
1267330 2241.5
1267340 2241.5
1267350 2234.3
1267360 2231.8
1267370 2231.8
1267380 2232.1
1267390 2232.3
1267400 2232.3
1267410 2233.1
1267420 2233.6
1267430 2233.6
1267440 2232.7
1267450 2234.6
1267460 2234.6
1267470 2236.0
1267480 2240.5
1267490 2240.5
1267500 2245.4
1267510 2247.3
1267520 2250.9
1267530 2250.9
1267540 2257.3
1267550 2261.7
1267560 2261.7
1267570 2265.3
1267580 2267.9
1267590 2267.9
1267600 2264.1
1267610 2257.1
1267620 2257.1
1267630 2251.0
1267640 2246.7
1267650 2246.7
1267660 2244.3
1267670 2246.6
1267680 2246.6
1267690 2244.4
1267700 2239.8
1267710 2239.8
1267720 2234.5
1267730 2231.4
1267740 2231.4
1267750 2227.4
1267760 2220.3
1267770 2213.2
1267780 2213.2
1267790 2208.1
1267800 2204.2
1267810 2204.2
1267820 2201.3
1267830 2197.5
1267840 2197.5
1267850 2185.5
1267860 2176.9
1267870 2176.9
1267880 2170.5
1267890 2175.8
1267900 2175.8
1267910 2184.0
1267920 2180.1
1267930 2180.1
1267940 2172.1
1267950 2167.2
1267960 2167.2
1267970 2161.4
1267980 2161.9
1267990 2161.9
1268000 2162.3
1268010 2162.2
1268020 2162.2
1268030 2164.0
1268040 2164.8
1268050 2166.5
1268060 2166.5
1268070 2168.1
1268080 2173.1
1268090 2173.1
1268100 2181.5
1268110 2183.2
1268120 2183.2
1268130 2183.9
1268140 2181.7
1268150 2181.7
1268160 2176.4
1268170 2175.4
1268180 2175.4
1268190 2176.8
1268200 2177.0
1268210 2177.0
1268220 2176.8
1268230 2176.8
1268240 2176.8
1268250 2171.5
1268260 2163.9
1268270 2163.9
1268280 2157.6
1268290 2150.2
1268300 2150.2
1268310 2142.9
1268320 2137.0
1268330 2133.6
1268340 2133.6
1268350 2136.2
1268360 2141.2
1268370 2141.2
1268380 2144.3
1268390 2142.7
1268400 2142.7
1268410 2146.3
1268420 2153.3
1268430 2153.3
1268440 2153.7
1268450 2154.7
1268460 2154.7
1268470 2152.1
1268480 2147.2
1268490 2147.2
1268500 2140.3
1268510 2135.4
1268520 2135.4
1268530 2133.3
1268540 2134.3
1268550 2134.3
1268560 2137.0
1268570 2133.1
1268580 2133.1
1268590 2125.6
1268600 2116.5
1268610 2108.6
1268620 2108.6
1268630 2101.3
1268640 2094.1
1268650 2094.1
1268660 2086.6
1268670 2082.4
1268680 2082.4
1268690 2079.6
1268700 2076.0
1268710 2076.0
1268720 2071.6
1268730 2069.4
1268740 2069.4
1268750 2066.6
1268760 2061.5
1268770 2061.5
1268780 2058.5
1268790 2060.3
1268800 2060.3
1268810 2061.4
1268820 2061.3
1268830 2061.3
1268840 2060.8
1268850 2059.6
1268860 2059.6
1268870 2057.0
1268880 2055.9
1268890 2055.1
1268900 2055.1
1268910 2054.1
1268920 2052.4
1268930 2052.4
1268940 2047.4
1268950 2034.1
1268960 2034.1
1268970 2016.6
1268980 2006.6
1268990 2006.6
1269000 1999.7
1269010 1995.4
1269020 1995.4
1269030 1983.2
1269040 1979.9
1269050 1979.9
1269060 1981.6
1269070 1984.5
1269080 1984.5
1269090 1988.0
1269100 1984.3
1269110 1984.3
1269120 1980.8
1269130 1986.1
1269140 1986.1
1269150 1986.6
1269160 1983.3
1269170 1981.2
1269180 1981.2
1269190 1981.7
1269200 1980.7
1269210 1980.7
1269220 1976.2
1269230 1971.2
1269240 1971.2
1269250 1964.8
1269260 1957.0
1269270 1957.0
1269280 1956.7
1269290 1954.7
1269300 1954.7
1269310 1949.4
1269320 1942.6
1269330 1942.6
1269340 1929.6
1269350 1915.4
1269360 1915.4
1269370 1910.2
1269380 1917.8
1269390 1917.8
1269400 1930.7
1269410 1938.5
1269420 1943.6
1269430 1943.6
1269440 1941.2
1269450 1934.2
1269460 1934.2
1269470 1924.5
1269480 1918.0
1269490 1918.0
1269500 1917.2
1269510 1914.8
1269520 1914.8
1269530 1915.8
1269540 1919.2
1269550 1919.2
1269560 1923.7
1269570 1924.7
1269580 1924.7
1269590 1918.9
1269600 1911.7
1269610 1911.7
1269620 1899.7
1269630 1895.5
1269640 1895.5
1269650 1889.3
1269660 1882.2
1269670 1882.2
1269680 1871.7
1269690 1856.5
1269700 1842.7
1269710 1842.7
1269720 1836.8
1269730 1840.3
1269740 1840.3
1269750 1841.5
1269760 1839.3
1269770 1839.3
1269780 1836.4
1269790 1832.2
1269800 1832.2
1269810 1826.6
1269820 1820.3
1269830 1820.3
1269840 1810.0
1269850 1797.0
1269860 1797.0
1269870 1789.3
1269880 1793.6
1269890 1793.6
1269900 1796.5
1269910 1800.6
1269920 1800.6
1269930 1814.8
1269940 1818.1
1269950 1818.1
1269960 1809.9
1269970 1801.7
1269980 1792.0
1269990 1792.0
1270000 1783.7
1270010 1773.8
1270020 1773.8
1270030 1763.8
1270040 1755.4
1270050 1755.4
1270060 1748.2
1270070 1743.3
1270080 1743.3
1270090 1736.5
1270100 1724.0
1270110 1724.0
1270120 1710.3
1270130 1701.8
1270140 1701.8
1270150 1702.9
1270160 1703.3
1270170 1703.3
1270180 1702.2
1270190 1709.0
1270200 1709.0
1270210 1695.7
1270220 1696.7
1270230 1696.7
1270240 1699.1
1270250 1701.4
1270260 1704.2
1270270 1704.2
1270280 1702.8
1270290 1697.5
1270300 1697.5
1270310 1692.1
1270320 1685.7
1270330 1685.7
1270340 1679.4
1270350 1683.2
1270360 1683.2
1270370 1690.2
1270380 1696.7
1270390 1696.7
1270400 1701.1
1270410 1701.4
1270420 1701.4
1270430 1700.6
1270440 1695.5
1270450 1695.5
1270460 1687.6
1270470 1678.2
1270480 1678.2
1270490 1668.2
1270500 1659.0
1270510 1659.0
1270520 1652.0
1270530 1646.1
1270540 1640.2
1270550 1640.2
1270560 1635.6
1270570 1631.7
1270580 1631.7
1270590 1627.3
1270600 1624.2
1270610 1624.2
1270620 1622.7
1270630 1622.5
1270640 1622.5
1270650 1622.5
1270660 1622.2
1270670 1622.2
1270680 1622.5
1270690 1623.9
1270700 1623.9
1270710 1627.0
1270720 1630.9
1270730 1630.9
1270740 1633.9
1270750 1637.3
1270760 1637.3
1270770 1642.4
1270780 1647.1
1270790 1647.1
1270800 1649.9
1270810 1647.5
1270820 1654.7
1270830 1654.7
1270840 1663.7
1270850 1672.5
1270860 1672.5
1270870 1680.1
1270880 1686.4
1270890 1686.4
1270900 1690.8
1270910 1694.0
1270920 1694.0
1270930 1695.4
1270940 1696.6
1270950 1696.6
1270960 1697.9
1270970 1699.5
1270980 1699.5
1270990 1701.6
1271000 1704.5
1271010 1704.5
1271020 1708.2
1271030 1708.6
1271040 1708.6
1271050 1704.3
1271060 1700.6
1271070 1699.3
1271080 1699.3
1271090 1701.0
1271100 1698.9
1271110 1698.9
1271120 1687.4
1271130 1682.0
1271140 1682.0
1271150 1690.2
1271160 1702.1
1271170 1702.1
1271180 1710.5
1271190 1717.4
1271200 1717.4
1271210 1724.4
1271220 1731.4
1271230 1731.4
1271240 1737.2
1271250 1740.3
1271260 1740.3
1271270 1741.7
1271280 1742.3
1271290 1742.3
1271300 1742.5
1271310 1742.6
1271320 1742.6
1271330 1741.7
1271340 1740.7
1271350 1739.8
1271360 1739.8
1271370 1739.6
1271380 1739.4
1271390 1739.4
1271400 1731.2
1271410 1729.3
1271420 1729.3
1271430 1731.2
1271440 1733.8
1271450 1733.8
1271460 1736.2
1271470 1738.9
1271480 1738.9
1271490 1740.5
1271500 1741.6
1271510 1741.6
1271520 1741.9
1271530 1742.1
1271540 1742.1
1271550 1738.2
1271560 1729.5
1271570 1729.5
1271580 1725.0
1271590 1724.8
1271600 1724.8
1271610 1724.4
1271620 1730.2
1271630 1742.6
1271640 1742.6
1271650 1749.9
1271660 1753.3
1271670 1753.3
1271680 1758.9
1271690 1765.1
1271700 1765.1
1271710 1771.2
1271720 1775.9
1271730 1775.9
1271740 1777.1
1271750 1774.8
1271760 1774.8
1271770 1772.1
1271780 1772.0
1271790 1772.0
1271800 1771.8
1271810 1771.0
1271820 1771.0
1271830 1768.6
1271840 1767.8
1271850 1767.8
1271860 1770.2
1271870 1774.1
1271880 1774.1
1271890 1778.8
1271900 1783.6
1271910 1786.7
1271920 1786.7
1271930 1786.4
1271940 1782.8
1271950 1782.8
1271960 1781.8
1271970 1780.9
1271980 1780.9
1271990 1779.0
1272000 1770.2
1272010 1770.2
1272020 1769.4
1272030 1769.6
1272040 1769.6
1272050 1772.1
1272060 1776.9
1272070 1776.9
1272080 1781.9
1272090 1785.1
1272100 1785.1
1272110 1780.9
1272120 1775.3
1272130 1775.3
1272140 1771.3
1272150 1769.8
1272160 1769.8
1272170 1770.2
1272180 1771.0
1272190 1771.7
1272200 1771.7
1272210 1773.6
1272220 1776.3
1272230 1776.3
1272240 1775.6
1272250 1771.7
1272260 1771.7
1272270 1769.1
1272280 1768.2
1272290 1768.2
1272300 1769.8
1272310 1771.0
1272320 1771.0
1272330 1772.3
1272340 1773.0
1272350 1773.0
1272360 1773.5
1272370 1773.6
1272380 1773.6
1272390 1771.7
1272400 1768.9
1272410 1768.9
1272420 1767.1
1272430 1765.5
1272440 1763.3
1272450 1763.3
1272460 1760.3
1272470 1757.1
1272480 1757.1
1272490 1754.7
1272500 1751.0
1272510 1751.0
1272520 1747.6
1272530 1743.1
1272540 1743.1
1272550 1739.2
1272560 1734.8
1272570 1734.8
1272580 1731.0
1272590 1726.2
1272600 1721.3
1272610 1716.6
1272620 1710.3
1272630 1710.3
1272640 1704.8
1272650 1697.5
1272660 1697.5
1272670 1687.9
1272680 1676.7
1272690 1676.7
1272700 1666.7
1272710 1659.5
1272720 1652.5
1272730 1652.5
1272740 1644.9
1272750 1639.8
1272760 1639.8
1272770 1634.0
1272780 1627.0
1272790 1627.0
1272800 1620.9
1272810 1615.6
1272820 1615.6
1272830 1610.1
1272840 1604.5
1272850 1604.5
1272860 1598.9
1272870 1593.4
1272880 1593.4
1272890 1588.0
1272900 1582.5
1272910 1582.5
1272920 1576.4
1272930 1570.6
1272940 1570.6
1272950 1564.5
1272960 1559.1
1272970 1559.1
1272980 1553.6
1272990 1549.0
1273000 1543.6
1273010 1543.6
1273020 1538.3
1273030 1534.5
1273040 1534.5
1273050 1530.1
1273060 1525.4
1273070 1525.4
1273080 1520.3
1273090 1513.9
1273100 1513.9
1273110 1506.5
1273120 1500.2
1273130 1500.2
1273140 1492.9
1273150 1487.8
1273160 1487.8
1273170 1484.8
1273180 1484.2
1273190 1484.2
1273200 1474.8
1273210 1474.2
1273220 1474.2
1273230 1475.6
1273240 1472.7
1273250 1472.7
1273260 1465.6
1273270 1460.3
1273280 1456.0
1273290 1456.0
1273300 1451.4
1273310 1450.2
1273320 1450.2
1273330 1450.6
1273340 1451.2
1273350 1451.2
1273360 1452.9
1273370 1452.9
1273380 1452.9
1273390 1450.0
1273400 1444.0
1273410 1444.0
1273420 1437.0
1273430 1429.8
1273440 1429.8
1273450 1424.4
1273460 1423.2
1273470 1423.2
1273480 1427.5
1273490 1435.0
1273500 1435.0
1273510 1440.9
1273520 1445.6
1273530 1445.6
1273540 1450.1
1273550 1455.0
1273560 1460.3
1273570 1460.3
1273580 1465.2
1273590 1468.1
1273600 1468.1
1273610 1470.0
1273620 1469.2
1273630 1469.2
1273640 1464.2
1273650 1457.4
1273660 1457.4
1273670 1449.8
1273680 1451.6
1273690 1451.6
1273700 1455.0
1273710 1461.6
1273720 1461.6
1273730 1468.8
1273740 1470.6
1273750 1470.6
1273760 1470.8
1273770 1474.6
1273780 1474.6
1273790 1478.9
1273800 1480.9
1273810 1474.1
1273820 1473.3
1273830 1471.1
1273840 1471.9
1273850 1471.9
1273860 1470.3
1273870 1465.6
1273880 1465.6
1273890 1461.5
1273900 1458.5
1273910 1458.5
1273920 1460.9
1273930 1465.7
1273940 1465.7
1273950 1470.5
1273960 1473.4
1273970 1473.4
1273980 1470.6
1273990 1464.6
1274000 1464.6
1274010 1459.8
1274020 1459.9
1274030 1459.9
1274040 1464.0
1274050 1471.5
1274060 1471.5
1274070 1480.7
1274080 1488.3
1274090 1495.6
1274100 1495.6
1274110 1503.0
1274120 1510.8
1274130 1510.8
1274140 1518.9
1274150 1527.9
1274160 1527.9
1274170 1538.3
1274180 1547.0
1274190 1547.0
1274200 1555.5
1274210 1560.2
1274220 1560.2
1274230 1557.7
1274240 1552.4
1274250 1552.4
1274260 1545.8
1274270 1537.7
1274280 1537.7
1274290 1530.4
1274300 1523.7
1274310 1523.7
1274320 1517.0
1274330 1510.2
1274340 1510.2
1274350 1503.6
1274360 1497.3
1274370 1490.5
1274380 1490.5
1274390 1483.4
1274400 1476.1
1274410 1471.9
1274420 1465.2
1274430 1457.6
1274440 1457.6
1274450 1450.9
1274460 1444.3
1274470 1444.3
1274480 1437.2
1274490 1429.9
1274500 1429.9
1274510 1422.8
1274520 1416.0
1274530 1416.0
1274540 1408.7
1274550 1401.6
1274560 1401.6
1274570 1395.3
1274580 1390.8
1274590 1390.8
1274600 1386.3
1274610 1381.2
1274620 1381.2
1274630 1378.6
1274640 1380.3
1274650 1381.0
1274660 1381.0
1274670 1380.8
1274680 1380.8
1274690 1380.8
1274700 1381.6
1274710 1380.6
1274720 1380.6
1274730 1378.2
1274740 1375.4
1274750 1375.4
1274760 1373.9
1274770 1371.1
1274780 1371.1
1274790 1369.2
1274800 1369.7
1274810 1369.7
1274820 1369.9
1274830 1368.4
1274840 1368.4
1274850 1365.3
1274860 1360.5
1274870 1360.5
1274880 1355.5
1274890 1349.3
1274900 1349.3
1274910 1341.9
1274920 1334.3
1274930 1328.0
1274940 1328.0
1274950 1322.4
1274960 1316.6
1274970 1316.6
1274980 1311.7
1274990 1306.5
1275000 1306.5
1275010 1301.3
1275020 1295.2
1275030 1295.2
1275040 1297.0
1275050 1298.4
1275060 1298.4
1275070 1301.7
1275080 1307.4
1275090 1307.4
1275100 1307.4
1275110 1302.9
1275120 1302.9
1275130 1297.6
1275140 1286.5
1275150 1286.5
1275160 1275.8
1275170 1265.9
1275180 1265.9
1275190 1254.6
1275200 1242.1
1275210 1236.3
1275220 1236.3
1275230 1236.3
1275240 1231.8
1275250 1231.8
1275260 1227.4
1275270 1223.8
1275280 1223.8
1275290 1221.1
1275300 1217.8
1275310 1217.8
1275320 1211.9
1275330 1201.2
1275340 1201.2
1275350 1187.9
1275360 1176.6
1275370 1176.6
1275380 1164.6
1275390 1153.6
1275400 1153.6
1275410 1147.7
1275420 1140.2
1275430 1140.2
1275440 1129.5
1275450 1118.0
1275460 1118.0
1275470 1108.6
1275480 1106.4
1275490 1104.9
1275500 1104.9
1275510 1104.5
1275520 1107.6
1275530 1107.6
1275540 1114.0
1275550 1126.5
1275560 1126.5
1275570 1140.7
1275580 1147.2
1275590 1147.2
1275600 1146.5
1275610 1145.5
1275620 1145.5
1275630 1133.9
1275640 1131.6
1275650 1131.6
1275660 1130.5
1275670 1130.2
1275680 1130.2
1275690 1130.5
1275700 1131.5
1275710 1131.5
1275720 1133.5
1275730 1136.0
1275740 1139.6
1275750 1139.6
1275760 1142.7
1275770 1147.2
1275780 1147.2
1275790 1151.9
1275800 1157.9
1275810 1157.9
1275820 1163.4
1275830 1166.1
1275840 1166.1
1275850 1166.2
1275860 1164.2
1275870 1164.2
1275880 1164.7
1275890 1164.8
1275900 1164.8
1275910 1164.0
1275920 1162.5
1275930 1162.5
1275940 1159.3
1275950 1152.7
1275960 1152.7
1275970 1145.8
1275980 1147.4
1275990 1147.4
1276000 1150.4
1276010 1150.8
1276020 1151.0
1276030 1151.0
1276040 1151.5
1276050 1152.7
1276060 1152.7
1276070 1156.3
1276080 1163.2
1276090 1163.2
1276100 1169.8
1276110 1175.3
1276120 1175.3
1276130 1180.1
1276140 1185.4
1276150 1185.4
1276160 1190.7
1276170 1195.2
1276180 1195.2
1276190 1200.1
1276200 1205.5
1276210 1205.5
1276220 1211.0
1276230 1217.1
1276240 1213.5
1276250 1222.5
1276260 1230.1
1276270 1230.1
1276280 1233.7
1276290 1231.5
1276300 1226.9
1276310 1226.9
1276320 1223.6
1276330 1222.0
1276340 1222.0
1276350 1219.4
1276360 1215.7
1276370 1215.7
1276380 1216.8
1276390 1216.4
1276400 1216.4
1276410 1218.5
1276420 1222.0
1276430 1222.0
1276440 1223.3
1276450 1224.8
1276460 1224.8
1276470 1226.8
1276480 1228.8
1276490 1228.8
1276500 1230.4
1276510 1227.8
1276520 1227.8
1276530 1220.0
1276540 1214.6
1276550 1214.6
1276560 1216.8
1276570 1228.3
1276580 1236.1
1276590 1236.1
1276600 1236.9
1276610 1235.8
1276620 1235.8
1276630 1232.4
1276640 1229.5
1276650 1229.5
1276660 1228.7
1276670 1231.9
1276680 1231.9
1276690 1237.8
1276700 1241.8
1276710 1241.8
1276720 1242.2
1276730 1241.0
1276740 1241.0
1276750 1238.6
1276760 1236.8
1276770 1236.8
1276780 1237.4
1276790 1239.4
1276800 1239.4
1276810 1240.7
1276820 1240.9
1276830 1240.9
1276840 1240.2
1276850 1226.8
1276860 1221.8
1276870 1221.8
1276880 1217.3
1276890 1213.5
1276900 1213.5
1276910 1209.8
1276920 1206.0
1276930 1206.0
1276940 1203.6
1276950 1201.8
1276960 1201.8
1276970 1198.4
1276980 1194.9
1276990 1194.9
1277000 1187.9
1277010 1183.4
1277020 1183.4
1277030 1178.3
1277040 1177.2
1277050 1177.2
1277060 1176.6
1277070 1171.1
1277080 1171.1
1277090 1176.3
1277100 1180.6
1277110 1183.0
1277120 1183.0
1277130 1185.2
1277140 1188.0
1277150 1188.0
1277160 1192.6
1277170 1197.7
1277180 1197.7
1277190 1202.2
1277200 1207.0
1277210 1207.0
1277220 1212.2
1277230 1216.9
1277240 1216.9
1277250 1220.6
1277260 1223.8
1277270 1223.8
1277280 1227.8
1277290 1232.5
1277300 1232.5
1277310 1237.5
1277320 1242.9
1277330 1242.9
1277340 1249.2
1277350 1255.3
1277360 1255.3
1277370 1260.9
1277380 1266.5
1277390 1272.3
1277400 1272.3
1277410 1278.2
1277420 1284.2
1277430 1284.2
1277440 1290.3
1277450 1296.6
1277460 1298.6
1277470 1304.8
1277480 1311.1
1277490 1311.1
1277500 1318.1
1277510 1325.5
1277520 1325.5
1277530 1333.1
1277540 1340.7
1277550 1340.7
1277560 1348.4
1277570 1355.6
1277580 1355.6
1277590 1363.0
1277600 1370.7
1277610 1370.7
1277620 1378.6
1277630 1387.1
1277640 1387.1
1277650 1395.2
1277660 1402.7
1277670 1415.2
1277680 1415.2
1277690 1428.9
1277700 1437.1
1277710 1437.1
1277720 1444.0
1277730 1450.4
1277740 1450.4
1277750 1456.0
1277760 1461.2
1277770 1461.2
1277780 1465.0
1277790 1467.8
1277800 1467.8
1277810 1470.2
1277820 1473.5
1277830 1473.5
1277840 1475.2
1277850 1475.6
1277860 1475.6
1277870 1474.9
1277880 1474.1
1277890 1474.1
1277900 1472.7
1277910 1472.9
1277920 1472.9
1277930 1473.8
1277940 1474.1
1277950 1473.6
1277960 1473.6
1277970 1473.4
1277980 1473.6
1277990 1473.6
1278000 1473.9
1278010 1474.7
1278020 1474.7
1278030 1474.6
1278040 1466.8
1278050 1466.8
1278060 1455.6
1278070 1446.6
1278080 1440.2
1278090 1427.7
1278100 1417.6
1278110 1417.6
1278120 1408.6
1278130 1399.9
1278140 1399.9
1278150 1391.1
1278160 1382.7
1278170 1382.7
1278180 1374.0
1278190 1366.1
1278200 1366.1
1278210 1357.3
1278220 1349.3
1278230 1347.4
1278240 1347.4
1278250 1343.6
1278260 1334.2
1278270 1334.2
1278280 1320.4
1278290 1306.2
1278300 1306.2
1278310 1298.1
1278320 1290.8
1278330 1290.8
1278340 1283.9
1278350 1277.2
1278360 1277.2
1278370 1270.7
1278380 1265.8
1278390 1265.8
1278400 1262.1
1278410 1257.1
1278420 1257.1
1278430 1251.3
1278440 1245.3
1278450 1245.3
1278460 1239.4
1278470 1234.0
1278480 1229.5
1278490 1229.5
1278500 1226.1
1278510 1223.0
1278520 1223.0
1278530 1220.2
1278540 1217.3
1278550 1217.3
1278560 1214.4
1278570 1213.2
1278580 1213.2
1278590 1210.9
1278600 1208.9
1278610 1208.9
1278620 1206.4
1278630 1207.3
1278640 1207.3
1278650 1206.7
1278660 1198.7
1278670 1198.7
1278680 1186.1
1278690 1177.2
1278700 1172.0
1278710 1168.9
1278720 1167.0
1278730 1167.0
1278740 1164.4
1278750 1162.6
1278760 1162.0
1278770 1162.0
1278780 1165.0
1278790 1167.1
1278800 1167.1
1278810 1171.9
1278820 1179.1
1278830 1179.1
1278840 1181.0
1278850 1181.1
1278860 1181.1
1278870 1182.2
1278880 1181.2
1278890 1181.2
1278900 1179.3
1278910 1177.8
1278920 1177.8
1278930 1172.0
1278940 1173.6
1278950 1173.6
1278960 1181.3
1278970 1185.8
1278980 1185.8
1278990 1184.2
1279000 1176.9
1279010 1176.9
1279020 1169.6
1279030 1168.3
1279040 1169.5
1279050 1169.5
1279060 1173.6
1279070 1174.7
1279080 1174.7
1279090 1172.6
1279100 1169.6
1279110 1169.6
1279120 1174.9
1279130 1179.6
1279140 1179.6
1279150 1183.3
1279160 1184.2
1279170 1184.2
1279180 1184.1
1279190 1185.1
1279200 1185.1
1279210 1184.7
1279220 1182.9
1279230 1182.9
1279240 1179.4
1279250 1174.0
1279260 1174.0
1279270 1165.9
1279280 1153.7
1279290 1153.7
1279300 1143.6
1279310 1140.1
1279320 1116.0
1279330 1116.0
1279340 1106.4
1279350 1094.7
1279360 1094.7
1279370 1086.4
1279380 1087.7
1279390 1087.7
1279400 1097.2
1279410 1128.7
1279420 1128.7
1279430 1136.4
1279440 1139.9
1279450 1139.9
1279460 1141.2
1279470 1139.6
1279480 1139.6
1279490 1135.2
1279500 1134.8
1279510 1134.8
1279520 1139.0
1279530 1139.8
1279540 1139.8
1279550 1137.6
1279560 1137.7
1279570 1137.7
1279580 1137.3
1279590 1145.3
1279600 1155.3
1279610 1155.3
1279620 1155.2
1279630 1151.9
1279640 1151.9
1279650 1149.5
1279660 1147.1
1279670 1147.1
1279680 1144.7
1279690 1140.5
1279700 1140.5
1279710 1134.3
1279720 1127.4
1279730 1127.4
1279740 1120.7
1279750 1114.5
1279760 1114.5
1279770 1108.7
1279780 1103.9
1279790 1103.9
1279800 1099.8
1279810 1096.2
1279820 1096.2
1279830 1092.3
1279840 1088.8
1279850 1088.8
1279860 1083.8
1279870 1079.3
1279880 1073.8
1279890 1073.8
1279900 1052.1
1279910 1039.1
1279920 1039.1
1279930 1033.5
1279940 1027.9
1279950 1027.9
1279960 1027.6
1279970 1030.5
1279980 1030.5
1279990 1032.2
