1260000 1658.4
1260010 1658.4
1260020 1660.6
1260030 1662.1
1260040 1663.2
1260050 1663.2
1260060 1664.3
1260070 1664.1
1260080 1664.1
1260090 1664.0
1260100 1663.5
1260110 1663.5
1260120 1662.7
1260130 1661.4
1260140 1661.4
1260150 1659.7
1260160 1657.7
1260170 1657.7
1260180 1656.2
1260190 1654.6
1260200 1654.6
1260210 1654.4
1260220 1656.6
1260230 1656.6
1260240 1658.6
1260250 1660.1
1260260 1660.1
1260270 1662.4
1260280 1664.7
1260290 1666.3
1260300 1666.3
1260310 1668.4
1260320 1670.5
1260330 1670.5
1260340 1674.8
1260350 1677.1
1260360 1677.1
1260370 1679.5
1260380 1681.8
1260390 1681.8
1260400 1683.3
1260410 1684.6
1260420 1684.6
1260430 1685.8
1260440 1686.6
1260450 1686.6
1260460 1687.5
1260470 1688.6
1260480 1688.6
1260490 1689.4
1260500 1690.0
1260510 1690.0
1260520 1690.4
1260530 1690.8
1260540 1690.8
1260550 1691.2
1260560 1691.5
1260570 1691.3
1260580 1691.3
1260590 1690.9
1260600 1690.1
1260610 1690.1
1260620 1689.5
1260630 1689.2
1260640 1689.2
1260650 1690.4
1260660 1691.7
1260670 1691.7
1260680 1690.4
1260690 1686.3
1260700 1686.3
1260710 1682.9
1260720 1678.0
1260730 1678.0
1260740 1675.2
1260750 1677.1
1260760 1677.1
1260770 1680.9
1260780 1684.6
1260790 1684.6
1260800 1692.9
1260810 1701.6
1260820 1701.6
1260830 1709.4
1260840 1716.5
1260850 1723.2
1260860 1723.2
1260870 1729.9
1260880 1735.8
1260890 1735.8
1260900 1743.4
1260910 1749.3
1260920 1749.3
1260930 1755.0
1260940 1760.1
1260950 1760.1
1260960 1764.6
1260970 1769.4
1260980 1769.4
1260990 1775.6
1261000 1782.0
1261010 1782.0
1261020 1788.3
1261030 1794.5
1261040 1794.5
1261050 1800.7
1261060 1806.8
1261070 1806.8
1261080 1812.5
1261090 1818.6
1261100 1818.6
1261110 1824.7
1261120 1830.5
1261130 1836.1
1261140 1836.1
1261150 1840.5
1261160 1845.7
1261170 1845.7
1261180 1851.6
1261190 1857.7
1261200 1857.7
1261210 1863.7
1261220 1869.5
1261230 1869.5
1261240 1875.7
1261250 1881.7
1261260 1881.7
1261270 1887.3
1261280 1892.8
1261290 1892.8
1261300 1898.5
1261310 1903.8
1261320 1903.8
1261330 1908.6
1261340 1913.3
1261350 1913.3
1261360 1917.8
1261370 1921.7
1261380 1921.7
1261390 1925.5
1261400 1929.2
1261410 1932.8
1261420 1932.8
1261430 1935.9
1261440 1938.9
1261450 1938.9
1261460 1941.2
1261470 1942.2
1261480 1942.1
1261490 1942.6
1261500 1941.5
1261510 1941.5
1261520 1939.4
1261530 1937.0
1261540 1937.0
1261550 1934.0
1261560 1930.4
1261570 1930.4
1261580 1926.3
1261590 1920.4
1261600 1920.4
1261610 1912.6
1261620 1903.8
1261630 1903.8
1261640 1895.5
1261650 1887.0
1261660 1887.0
1261670 1879.2
1261680 1872.0
1261690 1864.5
1261700 1864.5
1261710 1858.3
1261720 1851.8
1261730 1851.8
1261740 1845.5
1261750 1840.8
1261760 1840.8
1261770 1836.4
1261780 1830.3
1261790 1830.3
1261800 1823.6
1261810 1819.7
1261820 1819.7
1261830 1816.3
1261840 1811.6
1261850 1811.6
1261860 1807.3
1261870 1803.2
1261880 1803.2
1261890 1799.6
1261900 1795.7
1261910 1795.7
1261920 1793.2
1261930 1790.8
1261940 1790.8
1261950 1787.1
1261960 1784.0
1261970 1781.6
1261980 1781.6
1261990 1779.3
1262000 1776.4
1262010 1776.4
1262020 1771.2
1262030 1761.6
1262040 1761.6
1262050 1753.0
1262060 1746.2
1262070 1746.2
1262080 1739.4
1262090 1731.9
1262100 1731.9
1262110 1727.9
1262120 1729.7
1262130 1729.7
1262140 1732.5
1262150 1730.2
1262160 1730.2
1262170 1728.0
1262180 1721.1
1262190 1721.1
1262200 1717.9
1262210 1712.8
1262220 1712.8
1262230 1706.3
1262240 1700.1
1262250 1693.1
1262260 1693.1
1262270 1684.7
1262280 1677.5
1262290 1677.5
1262300 1677.7
1262310 1681.6
1262320 1681.6
1262330 1680.5
1262340 1679.5
1262350 1679.5
1262360 1678.1
1262370 1676.2
1262380 1676.2
1262390 1674.4
1262400 1672.2
1262410 1672.2
1262420 1668.5
1262430 1665.2
1262440 1665.2
1262450 1667.3
1262460 1670.6
1262470 1670.6
1262480 1669.0
1262490 1665.0
1262500 1665.0
1262510 1661.6
1262520 1659.6
1262530 1659.7
1262540 1659.7
1262550 1660.6
1262560 1658.4
1262570 1658.4
1262580 1657.0
1262590 1654.8
1262600 1654.8
1262610 1650.9
1262620 1655.0
1262630 1655.0
1262640 1649.5
1262650 1642.9
1262660 1642.9
1262670 1637.9
1262680 1633.7
1262690 1633.7
1262700 1630.7
1262710 1629.9
1262720 1629.9
1262730 1631.3
1262740 1634.1
1262750 1634.1
1262760 1635.6
1262770 1630.8
1262780 1625.8
1262790 1625.8
1262800 1621.5
1262810 1617.2
1262820 1617.2
1262830 1612.1
1262840 1606.9
1262850 1606.9
1262860 1601.7
1262870 1596.4
1262880 1596.4
1262890 1590.6
1262900 1584.9
1262910 1584.9
1262920 1579.1
1262930 1573.9
1262940 1573.9
1262950 1568.4
1262960 1563.0
1262970 1563.0
1262980 1557.9
1262990 1553.7
1263000 1553.7
1263010 1549.0
1263020 1543.5
1263030 1543.5
1263040 1537.4
1263050 1531.4
1263060 1524.9
1263070 1524.9
1263080 1518.4
1263090 1511.9
1263100 1511.9
1263110 1505.9
1263120 1501.9
1263130 1501.9
1263140 1502.0
1263150 1503.5
1263160 1503.5
1263170 1504.1
1263180 1503.9
1263190 1507.3
1263200 1507.3
1263210 1507.0
1263220 1507.0
1263230 1504.7
1263240 1502.6
1263250 1502.6
1263260 1501.1
1263270 1501.2
1263280 1501.2
1263290 1502.7
1263300 1505.3
1263310 1505.3
1263320 1508.3
1263330 1511.8
1263340 1514.3
1263350 1514.3
1263360 1516.2
1263370 1518.1
1263380 1518.1
1263390 1519.4
1263400 1521.5
1263410 1521.5
1263420 1524.1
1263430 1526.4
1263440 1526.4
1263450 1528.9
1263460 1532.2
1263470 1532.2
1263480 1535.6
1263490 1539.2
1263500 1539.2
1263510 1542.5
1263520 1544.3
1263530 1544.3
1263540 1546.1
1263550 1548.2
1263560 1548.2
1263570 1550.4
1263580 1552.7
1263590 1552.7
1263600 1554.4
1263610 1555.3
1263620 1557.4
1263630 1557.4
1263640 1561.1
1263650 1566.2
1263660 1566.2
1263670 1571.5
1263680 1576.9
1263690 1576.9
1263700 1581.4
1263710 1584.8
1263720 1584.8
1263730 1586.3
1263740 1588.6
1263750 1588.6
1263760 1592.2
1263770 1599.1
1263780 1599.1
1263790 1605.6
1263800 1613.1
1263810 1613.1
1263820 1620.0
1263830 1626.6
1263840 1626.6
1263850 1633.4
1263860 1641.3
1263870 1641.3
1263880 1660.7
1263890 1683.7
1263900 1702.2
1263910 1702.2
1263920 1728.7
1263930 1749.8
1263940 1749.8
1263950 1767.7
1263960 1771.1
1263970 1771.1
1263980 1765.6
1263990 1768.8
1264000 1768.8
1264010 1783.5
1264020 1796.2
1264030 1796.2
1264040 1807.9
1264050 1823.5
1264060 1823.5
1264070 1839.9
1264080 1856.6
1264090 1856.6
1264100 1863.5
1264110 1867.8
1264120 1867.8
1264130 1869.3
1264140 1869.4
1264150 1869.4
1264160 1870.3
1264170 1871.3
1264180 1869.4
1264190 1869.4
1264200 1866.1
1264210 1863.2
1264220 1863.2
1264230 1860.5
1264240 1863.7
1264250 1863.7
1264260 1869.9
1264270 1875.3
1264280 1875.3
1264290 1879.8
1264300 1884.6
1264310 1884.6
1264320 1888.9
1264330 1893.6
1264340 1893.6
1264350 1903.3
1264360 1909.0
1264370 1909.0
1264380 1914.2
1264390 1918.9
1264400 1918.9
1264410 1923.6
1264420 1927.1
1264430 1927.1
1264440 1929.3
1264450 1930.4
1264460 1929.4
1264470 1929.4
1264480 1926.9
1264490 1923.4
1264500 1923.4
1264510 1922.3
1264520 1922.5
1264530 1922.5
1264540 1923.5
1264550 1925.3
1264560 1925.3
1264570 1928.2
1264580 1931.0
1264590 1931.0
1264600 1935.1
1264610 1940.3
1264620 1940.3
1264630 1946.0
1264640 1952.8
1264650 1952.8
1264660 1959.9
1264670 1966.4
1264680 1966.4
1264690 1972.5
1264700 1978.0
1264710 1978.0
1264720 1985.8
1264730 2000.0
1264740 2014.8
1264750 2014.8
1264760 2030.6
1264770 2047.5
1264780 2047.5
1264790 2060.8
1264800 2073.2
1264810 2073.2
1264820 2086.3
1264830 2106.1
1264840 2106.1
1264850 2122.4
1264860 2131.3
1264870 2131.3
1264880 2136.1
1264890 2145.8
1264900 2145.8
1264910 2159.6
1264920 2173.1
1264930 2170.3
1264940 2186.9
1264950 2204.1
1264960 2204.1
1264970 2213.4
1264980 2227.0
1264990 2227.0
1265000 2241.6
1265010 2251.6
1265020 2261.6
1265030 2261.6
1265040 2274.5
1265050 2298.1
1265060 2298.1
1265070 2320.4
1265080 2332.9
1265090 2332.9
1265100 2343.8
1265110 2348.4
1265120 2348.4
1265130 2346.9
1265140 2352.0
1265150 2352.0
1265160 2361.7
1265170 2358.9
1265180 2358.9
1265190 2350.8
1265200 2358.5
1265210 2358.5
1265220 2370.4
1265230 2379.3
1265240 2379.3
1265250 2368.9
1265260 2353.0
1265270 2353.0
1265280 2337.4
1265290 2320.2
1265300 2304.0
1265310 2304.0
1265320 2290.4
1265330 2283.3
1265340 2283.3
1265350 2294.9
1265360 2291.9
1265370 2291.9
1265380 2281.5
1265390 2272.0
1265400 2272.0
1265410 2263.5
1265420 2256.4
1265430 2256.4
1265440 2251.9
1265450 2248.2
1265460 2248.2
1265470 2240.0
1265480 2227.6
1265490 2227.6
1265500 2214.5
1265510 2220.5
1265520 2220.5
1265530 2211.9
1265540 2203.0
1265550 2199.0
1265560 2199.0
1265570 2197.6
1265580 2199.5
1265590 2199.5
1265600 2207.3
1265610 2210.8
1265620 2210.8
1265630 2204.5
1265640 2196.0
1265650 2196.0
1265660 2187.3
1265670 2181.6
1265680 2181.6
1265690 2176.5
1265700 2182.8
1265710 2182.8
1265720 2195.3
1265730 2208.0
1265740 2208.0
1265750 2213.4
1265760 2223.2
1265770 2223.2
1265780 2224.8
1265790 2205.0
1265800 2205.0
1265810 2178.7
1265820 2158.5
1265830 2149.0
1265840 2149.0
1265850 2138.5
1265860 2128.5
1265870 2128.5
1265880 2125.6
1265890 2119.0
1265900 2119.0
1265910 2105.0
1265920 2069.1
1265930 2069.1
1265940 2044.2
1265950 2030.0
1265960 2030.0
1265970 2020.8
1265980 2014.1
1265990 2014.1
1266000 2008.3
1266010 2003.2
1266020 2003.2
1266030 1997.6
1266040 1991.4
1266050 1991.4
1266060 1985.6
1266070 1982.0
1266080 1982.0
1266090 1985.1
1266100 1983.9
1266110 1984.1
1266120 1984.1
1266130 1984.6
1266140 1984.7
1266150 1984.7
1266160 1983.6
1266170 1981.5
1266180 1981.5
1266190 1979.8
1266200 1980.6
1266210 1980.6
1266220 1979.2
1266230 1976.7
1266240 1976.7
1266250 1974.0
1266260 1971.5
1266270 1971.5
1266280 1970.4
1266290 1972.7
1266300 1972.7
1266310 1977.5
1266320 1983.7
1266330 1983.7
1266340 1990.5
1266350 1997.2
1266360 1997.2
1266370 2003.9
1266380 2010.6
1266390 2017.5
1266400 2017.5
1266410 2024.5
1266420 2031.5
1266430 2031.5
1266440 2038.4
1266450 2044.9
1266460 2044.9
1266470 2057.2
1266480 2077.8
1266490 2077.8
1266500 2101.1
1266510 2125.5
1266520 2125.5
1266530 2149.4
1266540 2159.8
1266550 2159.8
1266560 2170.0
1266570 2185.5
1266580 2185.5
1266590 2205.0
1266600 2225.6
1266610 2225.6
1266620 2238.1
1266630 2237.5
1266640 2237.5
1266650 2242.9
1266660 2244.1
1266670 2248.7
1266680 2248.7
1266690 2254.5
1266700 2253.4
1266710 2253.4
1266720 2245.8
1266730 2223.3
1266740 2223.3
1266750 2183.0
1266760 2161.3
1266770 2161.3
1266780 2143.1
1266790 2126.2
1266800 2126.2
1266810 2108.3
1266820 2093.9
1266830 2093.9
1266840 2085.2
1266850 2076.4
1266860 2076.4
1266870 2064.7
1266880 2058.6
1266890 2058.6
1266900 2053.0
1266910 2046.8
1266920 2046.8
1266930 2040.3
1266940 2033.8
1266950 2027.3
1266960 2027.3
1266970 2021.0
1266980 2014.4
1266990 2014.4
1267000 2008.3
1267010 2003.7
1267020 2003.7
1267030 1999.6
1267040 1995.9
1267050 1995.9
1267060 1995.3
1267070 1997.7
1267080 1997.7
1267090 1997.9
1267100 1995.4
1267110 1995.4
1267120 1993.6
1267130 1995.9
1267140 1995.9
1267150 2000.7
1267160 2006.1
1267170 2006.1
1267180 2010.1
1267190 2010.8
1267200 2010.8
1267210 2009.1
1267220 2005.7
1267230 2001.4
1267240 2001.4
1267250 1996.5
1267260 2003.1
1267270 2003.1
1267280 2004.9
1267290 2005.3
1267300 2005.3
1267310 2006.7
1267320 2009.0
1267330 2009.0
1267340 2010.5
1267350 2011.4
1267360 2011.4
1267370 2012.3
1267380 2013.4
1267390 2013.4
1267400 2017.7
1267410 2027.0
1267420 2027.0
1267430 2041.4
1267440 2054.2
1267450 2054.2
1267460 2055.3
1267470 2059.0
1267480 2059.0
1267490 2064.9
1267500 2068.0
1267510 2063.3
1267520 2063.3
1267530 2053.0
1267540 2034.2
1267550 2034.2
1267560 2024.0
1267570 2015.7
1267580 2015.7
1267590 2009.1
1267600 2005.2
1267610 2005.2
1267620 2001.4
1267630 1997.1
1267640 1997.1
1267650 1994.3
1267660 1994.6
1267670 1994.6
1267680 1997.1
1267690 2000.8
1267700 2000.8
1267710 2005.5
1267720 2010.6
1267730 2010.6
1267740 2014.1
1267750 2015.0
1267760 2013.3
1267770 2013.3
1267780 2010.1
1267790 2007.8
1267800 2007.8
1267810 2005.7
1267820 2002.0
1267830 2002.0
1267840 1997.8
1267850 2000.6
1267860 2000.6
1267870 2001.1
1267880 1999.5
1267890 1999.5
1267900 1998.4
1267910 1998.7
1267920 1998.7
1267930 1999.8
1267940 1998.8
1267950 1998.8
1267960 1996.5
1267970 1998.4
1267980 1998.4
1267990 2001.5
1268000 2003.5
1268010 2003.5
1268020 2003.2
1268030 2006.0
1268040 2007.3
1268050 2007.3
1268060 2008.7
1268070 2009.6
1268080 2009.6
1268090 2010.7
1268100 2013.4
1268110 2013.4
1268120 2018.0
1268130 2024.2
1268140 2024.2
1268150 2031.1
1268160 2038.0
1268170 2038.0
1268180 2044.8
1268190 2051.5
1268200 2051.5
1268210 2058.5
1268220 2065.6
1268230 2065.6
1268240 2072.7
1268250 2082.0
1268260 2082.0
1268270 2098.1
1268280 2111.3
1268290 2111.3
1268300 2120.2
1268310 2125.2
1268320 2137.5
1268330 2137.5
1268340 2154.0
1268350 2167.0
1268360 2167.0
1268370 2181.7
1268380 2194.3
1268390 2194.3
1268400 2202.0
1268410 2210.3
1268420 2210.3
1268430 2222.8
1268440 2228.8
1268450 2228.8
1268460 2228.1
1268470 2211.9
1268480 2211.9
1268490 2197.7
1268500 2185.2
1268510 2185.2
1268520 2176.6
1268530 2162.7
1268540 2162.7
1268550 2149.6
1268560 2140.0
1268570 2140.0
1268580 2134.3
1268590 2132.2
1268600 2130.3
1268610 2130.3
1268620 2126.4
1268630 2121.8
1268640 2121.8
1268650 2117.8
1268660 2114.2
1268670 2114.2
1268680 2111.2
1268690 2108.3
1268700 2108.3
1268710 2105.4
1268720 2102.7
1268730 2102.7
1268740 2100.2
1268750 2098.5
1268760 2098.5
1268770 2097.0
1268780 2095.0
1268790 2095.0
1268800 2092.4
1268810 2090.1
1268820 2090.1
1268830 2088.2
1268840 2087.3
1268850 2087.3
1268860 2086.5
1268870 2085.5
1268880 2085.7
1268890 2085.7
1268900 2086.5
1268910 2087.1
1268920 2087.1
1268930 2087.8
1268940 2088.8
1268950 2088.8
1268960 2090.6
1268970 2092.9
1268980 2092.9
1268990 2095.7
1269000 2099.4
1269010 2099.4
1269020 2101.9
1269030 2105.3
1269040 2105.3
1269050 2108.6
1269060 2112.6
1269070 2112.6
1269080 2117.3
1269090 2122.6
1269100 2122.6
1269110 2127.4
1269120 2131.9
1269130 2131.9
1269140 2135.8
1269150 2139.3
1269160 2140.7
1269170 2140.7
1269180 2141.3
1269190 2142.4
1269200 2142.4
1269210 2143.2
1269220 2144.0
1269230 2144.0
1269240 2146.0
1269250 2148.3
1269260 2148.3
1269270 2150.0
1269280 2151.2
1269290 2151.2
1269300 2152.3
1269310 2153.0
1269320 2153.0
1269330 2152.6
1269340 2150.3
1269350 2150.3
1269360 2148.4
1269370 2146.3
1269380 2146.3
1269390 2144.7
1269400 2146.5
1269410 2146.5
1269420 2150.6
1269430 2154.8
1269440 2158.8
1269450 2158.8
1269460 2163.2
1269470 2167.8
1269480 2167.8
1269490 2173.2
1269500 2179.3
1269510 2179.3
1269520 2185.8
1269530 2192.5
1269540 2192.5
1269550 2199.3
1269560 2207.0
1269570 2207.0
1269580 2215.9
1269590 2225.9
1269600 2225.9
1269610 2232.3
1269620 2241.2
1269630 2241.2
1269640 2250.3
1269650 2259.4
1269660 2259.4
1269670 2268.8
1269680 2276.9
1269690 2276.9
1269700 2283.9
1269710 2290.0
1269720 2295.9
1269730 2295.9
1269740 2301.4
1269750 2306.4
1269760 2306.4
1269770 2310.9
1269780 2314.6
1269790 2314.6
1269800 2313.2
1269810 2308.4
1269820 2308.4
1269830 2305.4
1269840 2300.7
1269850 2300.7
1269860 2295.5
1269870 2290.8
1269880 2290.8
1269890 2286.8
1269900 2284.0
1269910 2284.0
1269920 2275.8
1269930 2258.8
1269940 2258.8
1269950 2246.1
1269960 2250.1
1269970 2250.1
1269980 2255.0
1269990 2253.0
1270000 2238.8
1270010 2238.8
1270020 2214.0
1270030 2197.8
1270040 2197.8
1270050 2187.8
1270060 2183.7
1270070 2183.7
1270080 2184.3
1270090 2178.9
1270100 2178.9
1270110 2158.9
1270120 2147.7
1270130 2147.7
1270140 2136.7
1270150 2135.8
1270160 2135.8
1270170 2134.7
1270180 2116.8
1270190 2116.8
1270200 2098.4
1270210 2099.9
1270220 2099.9
1270230 2087.6
1270240 2069.3
1270250 2060.5
1270260 2060.5
1270270 2054.8
1270280 2049.4
1270290 2049.4
1270300 2043.7
1270310 2037.5
1270320 2037.5
1270330 2031.2
1270340 2025.1
1270350 2025.1
1270360 2019.2
1270370 2015.6
1270380 2015.6
1270390 2013.3
1270400 2012.3
1270410 2012.3
1270420 2012.8
1270430 2011.4
1270440 2011.4
1270450 2007.2
1270460 2005.0
1270470 2005.0
1270480 2004.6
1270490 2006.4
1270500 2006.4
1270510 2008.1
1270520 2009.7
1270530 2011.7
1270540 2011.7
1270550 2014.3
1270560 2018.2
1270570 2018.2
1270580 2022.3
1270590 2025.7
1270600 2025.7
1270610 2028.2
1270620 2030.0
1270630 2030.0
1270640 2030.9
1270650 2032.7
1270660 2032.7
1270670 2034.9
1270680 2037.9
1270690 2037.9
1270700 2042.3
1270710 2052.2
1270720 2052.2
1270730 2065.2
1270740 2082.3
1270750 2082.3
1270760 2101.2
1270770 2117.4
1270780 2117.4
1270790 2129.7
1270800 2122.0
1270810 2134.9
1270820 2134.9
1270830 2151.2
1270840 2160.7
1270850 2160.7
1270860 2165.2
1270870 2169.9
1270880 2169.9
1270890 2174.5
1270900 2178.4
1270910 2178.4
1270920 2181.4
1270930 2178.8
1270940 2178.8
1270950 2170.9
1270960 2164.1
1270970 2164.1
1270980 2160.5
1270990 2163.6
1271000 2163.6
1271010 2166.7
1271020 2166.4
1271030 2166.4
1271040 2167.6
1271050 2169.2
1271060 2169.2
1271070 2171.2
1271080 2168.8
1271090 2167.2
1271100 2167.2
1271110 2171.3
1271120 2177.3
1271130 2177.3
1271140 2183.1
1271150 2190.0
1271160 2190.0
1271170 2199.5
1271180 2207.7
1271190 2207.7
1271200 2208.2
1271210 2204.3
1271220 2204.3
1271230 2198.4
1271240 2196.4
1271250 2196.4
1271260 2199.9
1271270 2204.0
1271280 2204.0
1271290 2205.9
1271300 2204.0
1271310 2204.0
1271320 2200.3
1271330 2200.8
1271340 2200.8
1271350 2205.7
1271360 2206.5
1271370 2209.8
1271380 2209.8
1271390 2216.6
1271400 2208.3
1271410 2208.3
1271420 2202.6
1271430 2200.3
1271440 2200.3
1271450 2203.7
1271460 2206.3
1271470 2206.3
1271480 2206.8
1271490 2208.9
1271500 2208.9
1271510 2210.8
1271520 2208.0
1271530 2208.0
1271540 2201.7
1271550 2195.0
1271560 2195.0
1271570 2190.4
1271580 2191.4
1271590 2191.4
1271600 2191.0
1271610 2188.6
1271620 2188.6
1271630 2195.3
1271640 2198.4
1271650 2196.5
1271660 2196.5
1271670 2199.3
1271680 2206.8
1271690 2206.8
1271700 2215.2
1271710 2220.1
1271720 2220.1
1271730 2218.3
1271740 2219.2
1271750 2219.2
1271760 2225.2
1271770 2232.6
1271780 2232.6
1271790 2228.6
1271800 2220.9
1271810 2220.9
1271820 2214.4
1271830 2208.8
1271840 2208.8
1271850 2208.5
1271860 2209.3
1271870 2209.3
1271880 2207.6
1271890 2212.4
1271900 2212.4
1271910 2218.9
1271920 2221.4
1271930 2220.1
1271940 2220.1
1271950 2218.8
1271960 2218.7
1271970 2218.7
1271980 2222.1
1271990 2225.7
1272000 2218.9
1272010 2221.7
1272020 2225.6
1272030 2225.6
1272040 2227.7
1272050 2229.1
1272060 2229.1
1272070 2231.9
1272080 2235.5
1272090 2235.5
1272100 2235.9
1272110 2227.9
1272120 2227.9
1272130 2219.2
1272140 2211.5
1272150 2211.5
1272160 2204.4
1272170 2196.8
1272180 2196.8
1272190 2190.0
1272200 2182.6
1272210 2175.1
1272220 2175.1
1272230 2167.8
1272240 2168.9
1272250 2168.9
1272260 2168.6
1272270 2165.3
1272280 2165.3
1272290 2163.1
1272300 2157.3
1272310 2157.3
1272320 2151.6
1272330 2148.9
1272340 2148.9
1272350 2146.8
1272360 2146.0
1272370 2146.0
1272380 2152.5
1272390 2155.1
1272400 2155.1
1272410 2154.1
1272420 2152.8
1272430 2152.8
1272440 2151.9
1272450 2145.2
1272460 2135.7
1272470 2135.7
1272480 2127.5
1272490 2116.1
1272500 2116.1
1272510 2104.7
1272520 2095.9
1272530 2095.9
1272540 2086.6
1272550 2075.8
1272560 2075.8
1272570 2068.8
1272580 2066.9
1272590 2066.9
1272600 2046.4
1272610 2040.7
1272620 2040.7
1272630 2030.9
1272640 2020.9
1272650 2020.9
1272660 2014.5
1272670 2005.3
1272680 2005.3
1272690 1987.8
1272700 1977.8
1272710 1977.8
1272720 1971.3
1272730 1964.3
1272740 1957.3
1272750 1957.3
1272760 1950.4
1272770 1943.5
1272780 1943.5
1272790 1936.9
1272800 1930.3
1272810 1930.3
1272820 1923.5
1272830 1916.1
1272840 1916.1
1272850 1910.4
1272860 1906.4
1272870 1906.4
1272880 1904.1
1272890 1901.9
1272900 1901.9
1272910 1897.3
1272920 1891.7
1272930 1891.7
1272940 1885.0
1272950 1878.4
1272960 1878.4
1272970 1873.9
1272980 1872.7
1272990 1872.7
1273000 1870.3
1273010 1867.6
1273020 1864.3
1273030 1864.3
1273040 1860.9
1273050 1858.5
1273060 1858.5
1273070 1854.7
1273080 1851.7
1273090 1851.7
1273100 1849.6
1273110 1849.3
1273120 1849.3
1273130 1847.2
1273140 1844.2
1273150 1844.2
1273160 1845.7
1273170 1847.6
1273180 1847.6
1273190 1848.4
1273200 1838.9
1273210 1838.9
1273220 1844.1
1273230 1847.8
1273240 1847.8
1273250 1850.2
1273260 1853.9
1273270 1853.9
1273280 1856.0
1273290 1857.0
1273300 1860.8
1273310 1860.8
1273320 1863.1
1273330 1863.4
1273340 1863.4
1273350 1866.8
1273360 1872.2
1273370 1872.2
1273380 1877.1
1273390 1881.1
1273400 1881.1
1273410 1884.5
1273420 1887.5
1273430 1887.5
1273440 1891.6
1273450 1896.8
1273460 1896.8
1273470 1903.6
1273480 1911.9
1273490 1911.9
1273500 1919.0
1273510 1923.6
1273520 1923.6
1273530 1927.3
1273540 1931.5
1273550 1931.5
1273560 1933.7
1273570 1933.9
1273580 1932.0
1273590 1932.0
1273600 1928.0
1273610 1924.4
1273620 1924.4
1273630 1920.8
1273640 1920.5
1273650 1920.5
1273660 1920.0
1273670 1918.9
1273680 1918.9
1273690 1921.5
1273700 1924.5
1273710 1924.5
1273720 1924.4
1273730 1919.9
1273740 1919.9
1273750 1912.6
1273760 1907.6
1273770 1907.6
1273780 1906.6
1273790 1907.2
1273800 1900.0
1273810 1902.0
1273820 1904.6
1273830 1904.6
1273840 1903.1
1273850 1895.6
1273860 1888.4
1273870 1888.4
1273880 1882.2
1273890 1877.5
1273900 1877.5
1273910 1872.6
1273920 1866.7
1273930 1866.7
1273940 1860.0
1273950 1851.2
1273960 1851.2
1273970 1840.8
1273980 1835.9
1273990 1835.9
1274000 1835.5
1274010 1836.8
1274020 1836.8
1274030 1836.0
1274040 1836.9
1274050 1836.9
1274060 1836.8
1274070 1835.9
1274080 1835.9
1274090 1835.5
1274100 1836.1
1274110 1836.1
1274120 1836.1
1274130 1835.1
1274140 1832.3
1274150 1832.3
1274160 1828.6
1274170 1825.7
1274180 1825.7
1274190 1822.6
1274200 1820.2
1274210 1820.2
1274220 1819.3
1274230 1818.2
1274240 1818.2
1274250 1815.6
1274260 1812.6
1274270 1812.6
1274280 1809.4
1274290 1806.2
1274300 1806.2
1274310 1804.0
1274320 1801.7
1274330 1801.7
1274340 1798.4
1274350 1794.8
1274360 1794.8
1274370 1791.2
1274380 1786.8
1274390 1786.8
1274400 1781.7
1274410 1770.7
1274420 1763.5
1274430 1763.5
1274440 1753.6
1274450 1742.3
1274460 1742.3
1274470 1734.4
1274480 1726.6
1274490 1726.6
1274500 1718.7
1274510 1712.2
1274520 1712.2
1274530 1707.8
1274540 1705.3
1274550 1705.3
1274560 1704.3
1274570 1707.2
1274580 1707.2
1274590 1707.3
1274600 1700.2
1274610 1700.2
1274620 1691.8
1274630 1685.6
1274640 1685.6
1274650 1680.7
1274660 1678.0
1274670 1678.0
1274680 1676.2
1274690 1675.2
1274700 1673.4
1274710 1673.4
1274720 1670.1
1274730 1666.9
1274740 1666.9
1274750 1664.2
1274760 1659.9
1274770 1659.9
1274780 1655.1
1274790 1652.7
1274800 1652.7
1274810 1648.7
1274820 1645.3
1274830 1645.3
1274840 1640.9
1274850 1636.5
1274860 1636.5
1274870 1632.4
1274880 1629.0
1274890 1629.0
1274900 1626.1
1274910 1623.4
1274920 1623.4
1274930 1622.9
1274940 1625.1
1274950 1624.6
1274960 1624.6
1274970 1624.3
1274980 1622.3
1274990 1622.3
1275000 1620.1
1275010 1613.0
1275020 1613.0
1275030 1609.8
1275040 1606.5
1275050 1606.5
1275060 1603.1
1275070 1600.1
1275080 1600.1
1275090 1597.6
1275100 1595.2
1275110 1595.2
1275120 1592.5
1275130 1590.2
1275140 1590.2
1275150 1585.8
1275160 1582.6
1275170 1582.6
1275180 1580.1
1275190 1576.9
1275200 1576.9
1275210 1574.2
1275220 1570.8
1275230 1568.5
1275240 1568.5
1275250 1567.5
1275260 1566.8
1275270 1566.8
1275280 1565.6
1275290 1564.0
1275300 1564.0
1275310 1561.8
1275320 1559.8
1275330 1559.8
1275340 1558.0
1275350 1557.4
1275360 1557.4
1275370 1554.8
1275380 1548.1
1275390 1548.1
1275400 1542.4
1275410 1538.6
1275420 1538.6
1275430 1535.3
1275440 1531.4
1275450 1531.4
1275460 1528.8
1275470 1528.2
1275480 1528.2
1275490 1528.7
1275500 1529.7
1275510 1531.5
1275520 1531.5
1275530 1534.7
1275540 1538.0
1275550 1538.0
1275560 1542.5
1275570 1547.4
1275580 1547.4
1275590 1552.8
1275600 1556.0
1275610 1556.0
1275620 1547.6
1275630 1547.2
1275640 1547.2
1275650 1547.8
1275660 1548.6
1275670 1548.6
1275680 1549.8
1275690 1551.4
1275700 1551.4
1275710 1554.0
1275720 1556.9
1275730 1556.9
1275740 1559.2
1275750 1559.4
1275760 1559.4
1275770 1557.7
1275780 1557.8
1275790 1558.8
1275800 1558.8
1275810 1558.9
1275820 1558.3
1275830 1558.3
1275840 1557.4
1275850 1557.4
1275860 1557.4
1275870 1557.6
1275880 1558.0
1275890 1558.0
1275900 1559.0
1275910 1559.7
1275920 1559.7
1275930 1560.1
1275940 1561.5
1275950 1561.5
1275960 1564.0
1275970 1566.4
1275980 1566.4
1275990 1568.6
1276000 1571.3
1276010 1571.3
1276020 1574.8
1276030 1578.9
1276040 1578.9
1276050 1583.2
1276060 1587.3
1276070 1592.0
1276080 1592.0
1276090 1598.3
1276100 1604.4
1276110 1604.4
1276120 1610.0
1276130 1615.7
1276140 1615.7
1276150 1621.3
1276160 1627.6
1276170 1627.6
1276180 1634.2
1276190 1641.2
1276200 1641.2
1276210 1647.0
1276220 1651.3
1276230 1656.4
1276240 1662.1
1276250 1668.0
1276260 1668.0
1276270 1673.8
1276280 1679.3
1276290 1679.3
1276300 1684.4
1276310 1689.9
1276320 1689.9
1276330 1695.5
1276340 1701.0
1276350 1706.4
1276360 1706.4
1276370 1712.1
1276380 1717.1
1276390 1717.1
1276400 1722.6
1276410 1728.1
1276420 1728.1
1276430 1733.3
1276440 1738.9
1276450 1738.9
1276460 1744.5
1276470 1750.1
1276480 1750.1
1276490 1755.6
1276500 1761.4
1276510 1761.4
1276520 1767.5
1276530 1773.7
1276540 1773.7
1276550 1779.9
1276560 1786.1
1276570 1786.1
1276580 1792.6
1276590 1799.3
1276600 1799.3
1276610 1805.9
1276620 1811.7
1276630 1816.8
1276640 1816.8
1276650 1821.2
1276660 1825.1
1276670 1825.1
1276680 1828.8
1276690 1831.8
1276700 1831.8
1276710 1833.3
1276720 1834.6
1276730 1834.6
1276740 1836.4
1276750 1838.1
1276760 1838.1
1276770 1839.1
1276780 1838.7
1276790 1838.7
1276800 1837.4
1276810 1837.5
1276820 1837.5
1276830 1839.8
1276840 1841.0
1276850 1832.9
1276860 1831.7
1276870 1829.6
1276880 1829.6
1276890 1828.5
1276900 1828.4
1276910 1830.3
1276920 1830.3
1276930 1832.5
1276940 1835.3
1276950 1835.3
1276960 1838.4
1276970 1841.6
1276980 1841.6
1276990 1845.9
1277000 1850.5
1277010 1850.5
1277020 1855.0
1277030 1859.9
1277040 1859.9
1277050 1864.1
1277060 1865.5
1277070 1865.5
1277080 1864.7
1277090 1862.7
1277100 1862.7
1277110 1858.0
1277120 1848.8
1277130 1848.8
1277140 1839.5
1277150 1831.0
1277160 1821.9
1277170 1821.9
1277180 1813.4
1277190 1807.7
1277200 1807.7
1277210 1802.6
1277220 1796.2
1277230 1796.2
1277240 1797.7
1277250 1794.9
1277260 1794.9
1277270 1789.8
1277280 1786.7
1277290 1786.7
1277300 1787.3
1277310 1792.4
1277320 1792.4
1277330 1787.8
1277340 1782.7
1277350 1782.7
1277360 1779.3
1277370 1769.7
1277380 1769.7
1277390 1762.2
1277400 1755.6
1277410 1755.6
1277420 1748.4
1277430 1743.8
1277440 1736.3
1277450 1736.3
1277460 1728.6
1277470 1715.1
1277480 1715.1
1277490 1701.1
1277500 1693.8
1277510 1693.8
1277520 1685.1
1277530 1677.4
1277540 1677.4
1277550 1668.8
1277560 1658.1
1277570 1658.1
1277580 1640.8
1277590 1625.1
1277600 1625.1
1277610 1611.8
1277620 1606.0
1277630 1606.0
1277640 1610.7
1277650 1614.5
1277660 1614.5
1277670 1616.4
1277680 1621.3
1277690 1621.3
1277700 1633.1
1277710 1641.8
1277720 1643.9
1277730 1643.9
1277740 1646.1
1277750 1652.9
1277760 1652.9
1277770 1655.5
1277780 1654.0
1277790 1654.0
1277800 1654.9
1277810 1658.1
1277820 1658.1
1277830 1667.4
1277840 1676.8
1277850 1676.8
1277860 1679.1
1277870 1673.1
1277880 1673.1
1277890 1667.2
1277900 1673.6
1277910 1673.6
1277920 1688.4
1277930 1696.0
1277940 1696.0
1277950 1707.0
1277960 1734.5
1277970 1734.5
1277980 1752.6
1277990 1754.9
1278000 1753.3
1278010 1753.3
1278020 1760.7
1278030 1763.8
1278040 1763.8
1278050 1765.4
1278060 1771.9
1278070 1771.9
1278080 1792.3
1278090 1820.4
1278100 1820.4
1278110 1835.1
1278120 1844.9
1278130 1844.9
1278140 1852.1
1278150 1862.3
1278160 1862.3
1278170 1871.8
1278180 1877.6
1278190 1877.6
1278200 1879.6
1278210 1882.5
1278220 1882.5
1278230 1884.8
1278240 1887.1
1278250 1887.1
1278260 1887.3
1278270 1887.7
1278280 1887.8
1278290 1887.8
1278300 1886.5
1278310 1885.3
1278320 1885.3
1278330 1884.7
1278340 1882.8
1278350 1882.8
1278360 1880.1
1278370 1877.8
1278380 1877.8
1278390 1874.8
1278400 1872.0
1278410 1872.0
1278420 1871.0
1278430 1872.0
1278440 1872.0
1278450 1873.2
1278460 1874.7
1278470 1874.7
1278480 1873.0
1278490 1873.0
1278500 1873.0
1278510 1873.7
1278520 1877.6
1278530 1877.6
1278540 1879.8
1278550 1878.4
1278560 1876.8
1278570 1876.8
1278580 1873.8
1278590 1868.0
1278600 1868.0
1278610 1862.2
1278620 1859.1
1278630 1859.1
1278640 1858.4
1278650 1859.5
1278660 1859.5
1278670 1860.7
1278680 1860.1
1278690 1854.7
1278700 1852.6
1278710 1850.6
1278720 1850.6
1278730 1848.2
1278740 1845.6
1278750 1845.6
1278760 1841.9
1278770 1837.7
1278780 1837.7
1278790 1832.5
1278800 1827.0
1278810 1827.0
1278820 1819.8
1278830 1812.5
1278840 1805.9
1278850 1805.9
1278860 1799.5
1278870 1794.1
1278880 1794.1
1278890 1790.0
1278900 1787.3
1278910 1787.3
1278920 1784.0
1278930 1779.4
1278940 1779.4
1278950 1771.7
1278960 1759.2
1278970 1759.2
1278980 1751.1
1278990 1742.4
1279000 1742.4
1279010 1735.9
1279020 1731.3
1279030 1731.3
1279040 1726.5
1279050 1724.9
1279060 1724.9
1279070 1724.9
1279080 1716.9
1279090 1708.6
1279100 1708.6
1279110 1702.1
1279120 1676.9
1279130 1676.9
1279140 1659.1
1279150 1653.9
1279160 1653.9
1279170 1658.3
1279180 1662.3
1279190 1662.3
1279200 1662.2
1279210 1662.1
1279220 1662.1
1279230 1664.8
1279240 1667.5
1279250 1667.5
1279260 1669.4
1279270 1668.0
1279280 1668.0
1279290 1667.9
1279300 1662.8
1279310 1655.0
1279320 1648.1
1279330 1642.9
1279340 1642.9
1279350 1635.4
1279360 1627.3
1279370 1622.8
1279380 1622.8
1279390 1617.6
1279400 1609.9
1279410 1609.9
1279420 1599.9
1279430 1592.5
1279440 1592.5
1279450 1591.9
1279460 1596.0
1279470 1596.0
1279480 1598.6
1279490 1595.1
1279500 1595.1
1279510 1579.9
1279520 1564.3
1279530 1564.3
1279540 1558.2
1279550 1553.4
1279560 1553.4
1279570 1547.6
1279580 1542.2
1279590 1542.2
1279600 1539.0
1279610 1541.5
1279620 1541.5
1279630 1547.3
1279640 1547.3
1279650 1549.3
1279660 1549.3
1279670 1550.3
1279680 1548.4
1279690 1548.4
1279700 1541.6
1279710 1537.2
1279720 1537.2
1279730 1537.7
1279740 1546.6
1279750 1546.6
1279760 1557.1
1279770 1564.5
1279780 1564.5
1279790 1566.9
1279800 1563.7
1279810 1563.7
1279820 1565.5
1279830 1570.8
1279840 1570.8
1279850 1575.0
1279860 1573.9
1279870 1573.9
1279880 1567.7
1279890 1565.7
1279900 1565.7
1279910 1569.5
1279920 1588.4
1279930 1608.6
1279940 1615.3
1279950 1627.6
1279960 1637.7
1279970 1637.7
1279980 1644.0
1279990 1648.3
