1260000 1623.8
1260010 1623.7
1260020 1623.7
1260030 1624.1
1260040 1624.2
1260050 1626.7
1260060 1626.7
1260070 1625.3
1260080 1623.8
1260090 1623.8
1260100 1621.8
1260110 1619.1
1260120 1619.1
1260130 1616.6
1260140 1615.2
1260150 1615.2
1260160 1614.5
1260170 1613.4
1260180 1613.4
1260190 1612.9
1260200 1613.9
1260210 1613.9
1260220 1617.1
1260230 1619.7
1260240 1619.7
1260250 1621.9
1260260 1624.5
1260270 1624.5
1260280 1627.1
1260290 1629.0
1260300 1629.0
1260310 1629.7
1260320 1629.1
1260330 1627.5
1260340 1627.5
1260350 1626.0
1260360 1625.1
1260370 1625.1
1260380 1624.5
1260390 1623.7
1260400 1623.7
1260410 1623.6
1260420 1624.3
1260430 1624.3
1260440 1624.5
1260450 1625.4
1260460 1625.4
1260470 1626.3
1260480 1629.6
1260490 1629.6
1260500 1632.7
1260510 1632.2
1260520 1632.2
1260530 1631.3
1260540 1629.3
1260550 1629.3
1260560 1624.9
1260570 1627.9
1260580 1627.9
1260590 1633.2
1260600 1635.7
1260610 1638.3
1260620 1640.8
1260630 1643.8
1260640 1646.3
1260650 1646.3
1260660 1648.3
1260670 1650.8
1260680 1650.8
1260690 1656.0
1260700 1662.7
1260710 1662.7
1260720 1667.8
1260730 1673.3
1260740 1673.3
1260750 1681.3
1260760 1689.6
1260770 1689.6
1260780 1700.3
1260790 1710.8
1260800 1710.8
1260810 1719.6
1260820 1729.2
1260830 1729.2
1260840 1736.9
1260850 1745.8
1260860 1745.8
1260870 1753.6
1260880 1758.3
1260890 1759.5
1260900 1759.5
1260910 1758.6
1260920 1759.8
1260930 1759.8
1260940 1761.3
1260950 1762.4
1260960 1762.4
1260970 1764.1
1260980 1768.7
1260990 1768.7
1261000 1774.1
1261010 1780.0
1261020 1780.0
1261030 1786.6
1261040 1793.8
1261050 1793.8
1261060 1800.8
1261070 1809.5
1261080 1809.5
1261090 1814.2
1261100 1816.6
1261110 1816.6
1261120 1820.6
1261130 1825.6
1261140 1825.6
1261150 1831.0
1261160 1835.7
1261170 1839.8
1261180 1839.8
1261190 1845.3
1261200 1852.0
1261210 1852.0
1261220 1859.2
1261230 1865.2
1261240 1865.2
1261250 1871.3
1261260 1878.8
1261270 1878.8
1261280 1886.5
1261290 1894.8
1261300 1894.8
1261310 1903.7
1261320 1912.8
1261330 1912.8
1261340 1919.6
1261350 1920.0
1261360 1920.0
1261370 1921.2
1261380 1920.4
1261390 1920.4
1261400 1917.0
1261410 1913.5
1261420 1913.5
1261430 1909.4
1261440 1905.0
1261450 1897.9
1261460 1897.9
1261470 1886.3
1261480 1874.9
1261490 1874.9
1261500 1868.9
1261510 1869.3
1261520 1869.3
1261530 1872.2
1261540 1879.6
1261550 1879.6
1261560 1880.1
1261570 1876.3
1261580 1876.3
1261590 1873.4
1261600 1871.8
1261610 1871.8
1261620 1869.5
1261630 1867.8
1261640 1867.8
1261650 1867.2
1261660 1866.9
1261670 1866.9
1261680 1866.7
1261690 1867.9
1261700 1867.9
1261710 1868.0
1261720 1869.7
1261730 1871.3
1261740 1871.3
1261750 1870.9
1261760 1873.4
1261770 1873.4
1261780 1873.7
1261790 1875.1
1261800 1875.1
1261810 1876.0
1261820 1876.2
1261830 1876.2
1261840 1874.7
1261850 1868.4
1261860 1868.4
1261870 1860.2
1261880 1852.4
1261890 1852.4
1261900 1845.2
1261910 1838.2
1261920 1838.2
1261930 1833.2
1261940 1828.5
1261950 1828.5
1261960 1822.2
1261970 1814.8
1261980 1814.8
1261990 1807.0
1262000 1800.0
1262010 1797.4
1262020 1797.4
1262030 1791.2
1262040 1786.4
1262050 1786.4
1262060 1783.3
1262070 1779.4
1262080 1779.4
1262090 1774.1
1262100 1766.9
1262110 1766.9
1262120 1758.5
1262130 1750.9
1262140 1750.9
1262150 1741.6
1262160 1736.3
1262170 1736.3
1262180 1736.0
1262190 1733.6
1262200 1733.6
1262210 1728.5
1262220 1723.1
1262230 1723.1
1262240 1717.7
1262250 1712.7
1262260 1706.7
1262270 1706.7
1262280 1698.7
1262290 1691.3
1262300 1691.3
1262310 1686.1
1262320 1684.3
1262330 1684.3
1262340 1674.8
1262350 1671.6
1262360 1671.6
1262370 1668.1
1262380 1664.6
1262390 1664.6
1262400 1660.4
1262410 1655.2
1262420 1655.2
1262430 1649.8
1262440 1643.5
1262450 1643.5
1262460 1637.3
1262470 1632.0
1262480 1632.0
1262490 1627.1
1262500 1622.4
1262510 1622.4
1262520 1617.6
1262530 1612.8
1262540 1608.2
1262550 1608.2
1262560 1603.8
1262570 1600.1
1262580 1600.1
1262590 1596.7
1262600 1593.7
1262610 1593.7
1262620 1590.8
1262630 1588.3
1262640 1588.3
1262650 1585.2
1262660 1582.8
1262670 1582.8
1262680 1579.5
1262690 1575.6
1262700 1575.6
1262710 1571.0
1262720 1567.2
1262730 1567.2
1262740 1565.3
1262750 1564.7
1262760 1564.7
1262770 1563.6
1262780 1563.5
1262790 1563.5
1262800 1565.2
1262810 1567.7
1262820 1570.9
1262830 1570.9
1262840 1571.9
1262850 1570.6
1262860 1570.6
1262870 1569.5
1262880 1569.1
1262890 1569.1
1262900 1562.0
1262910 1551.7
1262920 1551.7
1262930 1543.9
1262940 1536.6
1262950 1536.6
1262960 1530.1
1262970 1523.8
1262980 1523.8
1262990 1517.2
1263000 1511.2
1263010 1511.2
1263020 1507.3
1263030 1504.5
1263040 1504.5
1263050 1502.4
1263060 1500.1
1263070 1500.1
1263080 1497.6
1263090 1495.7
1263100 1493.8
1263110 1493.8
1263120 1492.2
1263130 1490.7
1263140 1490.7
1263150 1489.0
1263160 1487.0
1263170 1487.0
1263180 1485.1
1263190 1483.2
1263200 1483.2
1263210 1482.0
1263220 1481.4
1263230 1481.4
1263240 1480.7
1263250 1479.7
1263260 1479.7
1263270 1478.6
1263280 1477.6
1263290 1477.6
1263300 1476.6
1263310 1475.9
1263320 1475.9
1263330 1474.9
1263340 1473.8
1263350 1473.8
1263360 1473.1
1263370 1472.9
1263380 1473.7
1263390 1473.7
1263400 1475.1
1263410 1477.7
1263420 1477.7
1263430 1480.8
1263440 1483.9
1263450 1483.9
1263460 1487.0
1263470 1490.1
1263480 1492.5
1263490 1495.6
1263500 1498.9
1263510 1498.9
1263520 1503.2
1263530 1507.2
1263540 1507.2
1263550 1510.0
1263560 1513.3
1263570 1513.3
1263580 1517.2
1263590 1521.4
1263600 1521.4
1263610 1525.3
1263620 1527.9
1263630 1527.9
1263640 1530.2
1263650 1534.6
1263660 1540.5
1263670 1540.5
1263680 1546.4
1263690 1552.0
1263700 1552.0
1263710 1557.7
1263720 1563.9
1263730 1563.9
1263740 1570.3
1263750 1577.0
1263760 1577.0
1263770 1584.1
1263780 1591.2
1263790 1591.2
1263800 1597.9
1263810 1604.4
1263820 1604.4
1263830 1610.7
1263840 1617.1
1263850 1617.1
1263860 1624.2
1263870 1632.1
1263880 1632.1
1263890 1640.3
1263900 1652.4
1263910 1652.4
1263920 1671.6
1263930 1693.2
1263940 1725.1
1263950 1725.1
1263960 1741.4
1263970 1742.3
1263980 1742.3
1263990 1745.1
1264000 1742.7
1264010 1742.7
1264020 1741.7
1264030 1740.4
1264040 1740.4
1264050 1743.1
1264060 1755.5
1264070 1755.5
1264080 1783.2
1264090 1804.9
1264100 1804.9
1264110 1813.6
1264120 1817.8
1264130 1817.8
1264140 1814.4
1264150 1810.7
1264160 1810.7
1264170 1808.1
1264180 1806.8
1264190 1806.8
1264200 1807.5
1264210 1809.4
1264220 1814.0
1264230 1814.0
1264240 1819.0
1264250 1824.1
1264260 1824.1
1264270 1828.3
1264280 1833.7
1264290 1833.7
1264300 1840.5
1264310 1847.5
1264320 1847.5
1264330 1853.9
1264340 1860.6
1264350 1860.6
1264360 1867.3
1264370 1874.3
1264380 1874.3
1264390 1881.1
1264400 1888.5
1264410 1888.5
1264420 1895.4
1264430 1900.3
1264440 1900.3
1264450 1899.3
1264460 1897.5
1264470 1897.5
1264480 1899.7
1264490 1904.1
1264500 1909.2
1264510 1909.2
1264520 1914.6
1264530 1920.1
1264540 1920.1
1264550 1925.1
1264560 1930.0
1264570 1930.0
1264580 1934.6
1264590 1938.9
1264600 1938.9
1264610 1944.8
1264620 1951.6
1264630 1951.6
1264640 1957.0
1264650 1963.2
1264660 1963.2
1264670 1969.4
1264680 1991.4
1264690 1991.4
1264700 2016.2
1264710 2037.1
1264720 2037.1
1264730 2057.1
1264740 2078.2
1264750 2078.2
1264760 2106.9
1264770 2117.7
1264780 2112.9
1264790 2112.9
1264800 2114.5
1264810 2128.4
1264820 2128.4
1264830 2142.1
1264840 2153.7
1264850 2153.7
1264860 2164.9
1264870 2175.8
1264880 2175.8
1264890 2184.5
1264900 2192.9
1264910 2192.9
1264920 2206.0
1264930 2224.0
1264940 2224.0
1264950 2240.5
1264960 2252.6
1264970 2252.6
1264980 2264.5
1264990 2278.5
1265000 2278.5
1265010 2288.4
1265020 2300.1
1265030 2308.9
1265040 2308.9
1265050 2318.8
1265060 2333.7
1265070 2333.7
1265080 2346.3
1265090 2359.2
1265100 2359.2
1265110 2363.7
1265120 2354.0
1265130 2354.0
1265140 2346.0
1265150 2339.7
1265160 2339.7
1265170 2328.1
1265180 2317.8
1265190 2317.8
1265200 2308.2
1265210 2299.3
1265220 2309.7
1265230 2304.1
1265240 2293.2
1265250 2293.2
1265260 2276.5
1265270 2256.2
1265280 2256.2
1265290 2238.7
1265300 2223.2
1265310 2208.6
1265320 2208.6
1265330 2195.8
1265340 2181.4
1265350 2181.4
1265360 2170.7
1265370 2164.6
1265380 2164.6
1265390 2166.8
1265400 2181.1
1265410 2181.1
1265420 2176.7
1265430 2183.1
1265440 2183.1
1265450 2181.7
1265460 2169.3
1265470 2169.3
1265480 2152.0
1265490 2127.0
1265500 2127.0
1265510 2114.3
1265520 2104.4
1265530 2104.4
1265540 2094.0
1265550 2084.5
1265560 2084.5
1265570 2079.2
1265580 2076.3
1265590 2068.2
1265600 2068.2
1265610 2054.4
1265620 2051.8
1265630 2051.8
1265640 2058.4
1265650 2050.4
1265660 2050.4
1265670 2048.4
1265680 2042.1
1265690 2042.1
1265700 2033.8
1265710 2024.2
1265720 2024.2
1265730 2019.6
1265740 2013.9
1265750 2013.9
1265760 2014.2
1265770 2010.3
1265780 2010.3
1265790 2005.7
1265800 2014.3
1265810 2014.3
1265820 2011.9
1265830 2007.5
1265840 2007.5
1265850 1993.9
1265860 1979.4
1265870 1972.3
1265880 1972.3
1265890 1965.9
1265900 1960.2
1265910 1960.2
1265920 1955.7
1265930 1951.2
1265940 1951.2
1265950 1948.3
1265960 1946.8
1265970 1946.8
1265980 1945.6
1265990 1943.7
1266000 1943.7
1266010 1940.7
1266020 1937.1
1266030 1937.1
1266040 1933.5
1266050 1931.8
1266060 1931.8
1266070 1933.2
1266080 1937.1
1266090 1937.1
1266100 1942.6
1266110 1947.8
1266120 1947.8
1266130 1949.5
1266140 1948.0
1266150 1945.1
1266160 1945.1
1266170 1944.2
1266180 1942.3
1266190 1942.3
1266200 1941.7
1266210 1946.3
1266220 1946.3
1266230 1952.3
1266240 1958.4
1266250 1958.4
1266260 1964.7
1266270 1971.2
1266280 1971.2
1266290 1977.8
1266300 1984.3
1266310 1984.3
1266320 1990.8
1266330 1997.5
1266340 1997.5
1266350 2004.5
1266360 2011.4
1266370 2011.4
1266380 2019.0
1266390 2025.9
1266400 2025.9
1266410 2033.1
1266420 2040.9
1266430 2049.6
1266440 2049.6
1266450 2063.9
1266460 2079.4
1266470 2079.4
1266480 2093.3
1266490 2104.7
1266500 2104.7
1266510 2114.6
1266520 2127.0
1266530 2127.0
1266540 2140.5
1266550 2153.5
1266560 2153.5
1266570 2168.6
1266580 2188.3
1266590 2188.3
1266600 2206.5
1266610 2220.3
1266620 2220.3
1266630 2234.3
1266640 2244.9
1266650 2244.9
1266660 2228.6
1266670 2199.1
1266680 2199.1
1266690 2181.9
1266700 2157.3
1266710 2142.7
1266720 2142.7
1266730 2151.4
1266740 2160.2
1266750 2160.2
1266760 2166.2
1266770 2159.5
1266780 2159.5
1266790 2139.3
1266800 2111.5
1266810 2111.5
1266820 2103.8
1266830 2083.2
1266840 2083.2
1266850 2069.0
1266860 2077.2
1266870 2077.2
1266880 2079.7
1266890 2068.8
1266900 2068.8
1266910 2055.9
1266920 2036.0
1266930 2036.0
1266940 2039.0
1266950 2017.5
1266960 2017.5
1266970 2003.3
1266980 1997.9
1266990 1992.3
1267000 1992.3
1267010 1987.1
1267020 1981.9
1267030 1981.9
1267040 1976.5
1267050 1971.7
1267060 1971.7
1267070 1967.7
1267080 1962.8
1267090 1962.8
1267100 1959.2
1267110 1959.1
1267120 1959.1
1267130 1961.4
1267140 1964.9
1267150 1964.9
1267160 1969.0
1267170 1972.5
1267180 1972.5
1267190 1974.5
1267200 1973.7
1267210 1973.7
1267220 1969.2
1267230 1965.1
1267240 1965.1
1267250 1962.0
1267260 1959.0
1267270 1957.0
1267280 1957.0
1267290 1955.6
1267300 1953.9
1267310 1953.9
1267320 1951.1
1267330 1949.4
1267340 1949.4
1267350 1947.8
1267360 1947.9
1267370 1947.9
1267380 1947.8
1267390 1946.0
1267400 1946.0
1267410 1943.3
1267420 1939.3
1267430 1939.3
1267440 1935.3
1267450 1934.0
1267460 1934.0
1267470 1933.7
1267480 1932.4
1267490 1932.4
1267500 1930.9
1267510 1929.4
1267520 1928.1
1267530 1928.1
1267540 1926.5
1267550 1928.0
1267560 1928.0
1267570 1927.4
1267580 1927.4
1267590 1927.4
1267600 1927.2
1267610 1927.0
1267620 1927.0
1267630 1926.5
1267640 1926.1
1267650 1926.1
1267660 1927.0
1267670 1930.2
1267680 1930.2
1267690 1932.2
1267700 1934.9
1267710 1934.9
1267720 1936.8
1267730 1938.3
1267740 1938.3
1267750 1939.6
1267760 1939.1
1267770 1939.1
1267780 1938.7
1267790 1938.1
1267800 1941.6
1267810 1941.6
1267820 1944.0
1267830 1944.0
1267840 1944.0
1267850 1945.0
1267860 1946.7
1267870 1946.7
1267880 1947.8
1267890 1949.3
1267900 1949.3
1267910 1951.9
1267920 1954.0
1267930 1954.0
1267940 1955.7
1267950 1957.6
1267960 1957.6
1267970 1960.1
1267980 1964.8
1267990 1964.8
1268000 1968.3
1268010 1970.7
1268020 1970.7
1268030 1974.9
1268040 1980.5
1268050 1980.5
1268060 1986.6
1268070 1992.8
1268080 1999.2
1268090 1999.2
1268100 2005.6
1268110 2012.5
1268120 2012.5
1268130 2019.4
1268140 2024.5
1268150 2024.5
1268160 2031.5
1268170 2038.8
1268180 2038.8
1268190 2049.1
1268200 2062.4
1268210 2062.4
1268220 2075.2
1268230 2087.7
1268240 2087.7
1268250 2093.8
1268260 2101.2
1268270 2101.2
1268280 2113.4
1268290 2121.0
1268300 2121.0
1268310 2132.2
1268320 2140.1
1268330 2140.1
1268340 2152.1
1268350 2160.4
1268360 2160.0
1268370 2160.0
1268380 2153.6
1268390 2142.3
1268400 2142.3
1268410 2131.3
1268420 2107.8
1268430 2107.8
1268440 2092.6
1268450 2088.0
1268460 2088.0
1268470 2083.0
1268480 2077.7
1268490 2077.7
1268500 2072.2
1268510 2067.1
1268520 2067.1
1268530 2063.3
1268540 2060.0
1268550 2060.0
1268560 2057.2
1268570 2055.1
1268580 2055.1
1268590 2053.9
1268600 2053.2
1268610 2053.2
1268620 2052.4
1268630 2050.9
1268640 2050.2
1268650 2050.2
1268660 2051.7
1268670 2052.6
1268680 2052.6
1268690 2053.9
1268700 2055.7
1268710 2055.7
1268720 2057.1
1268730 2060.1
1268740 2060.1
1268750 2061.5
1268760 2061.0
1268770 2061.0
1268780 2060.6
1268790 2060.8
1268800 2060.8
1268810 2061.1
1268820 2061.1
1268830 2061.1
1268840 2060.7
1268850 2059.0
1268860 2059.0
1268870 2056.8
1268880 2055.9
1268890 2055.9
1268900 2057.1
1268910 2061.2
1268920 2065.3
1268930 2065.3
1268940 2068.5
1268950 2072.7
1268960 2072.7
1268970 2076.6
1268980 2080.1
1268990 2080.1
1269000 2083.3
1269010 2087.3
1269020 2087.3
1269030 2091.4
1269040 2095.0
1269050 2095.0
1269060 2099.3
1269070 2104.4
1269080 2104.4
1269090 2108.5
1269100 2111.2
1269110 2111.2
1269120 2114.4
1269130 2118.1
1269140 2118.1
1269150 2121.5
1269160 2125.0
1269170 2125.0
1269180 2129.5
1269190 2133.3
1269200 2135.1
1269210 2135.1
1269220 2136.4
1269230 2136.2
1269240 2136.2
1269250 2136.2
1269260 2135.6
1269270 2135.6
1269280 2135.2
1269290 2135.4
1269300 2135.4
1269310 2134.8
1269320 2136.1
1269330 2136.1
1269340 2135.9
1269350 2135.5
1269360 2135.5
1269370 2135.8
1269380 2136.8
1269390 2136.8
1269400 2140.6
1269410 2145.3
1269420 2145.3
1269430 2149.1
1269440 2155.2
1269450 2155.2
1269460 2161.3
1269470 2168.2
1269480 2175.5
1269490 2175.5
1269500 2182.7
1269510 2190.4
1269520 2190.4
1269530 2199.7
1269540 2207.6
1269550 2207.6
1269560 2218.1
1269570 2233.0
1269580 2233.0
1269590 2246.3
1269600 2259.0
1269610 2259.0
1269620 2267.5
1269630 2274.4
1269640 2274.4
1269650 2280.8
1269660 2287.1
1269670 2287.1
1269680 2293.2
1269690 2299.1
1269700 2299.1
1269710 2305.0
1269720 2310.9
1269730 2310.9
1269740 2316.9
1269750 2322.6
1269760 2328.3
1269770 2328.3
1269780 2333.9
1269790 2339.4
1269800 2339.4
1269810 2344.8
1269820 2350.2
1269830 2350.2
1269840 2352.5
1269850 2346.3
1269860 2346.3
1269870 2335.9
1269880 2322.8
1269890 2322.8
1269900 2310.3
1269910 2297.7
1269920 2297.7
1269930 2287.0
1269940 2273.8
1269950 2273.8
1269960 2252.9
1269970 2234.2
1269980 2234.2
1269990 2219.7
1270000 2211.3
1270010 2211.3
1270020 2200.1
1270030 2191.7
1270040 2185.6
1270050 2185.6
1270060 2175.8
1270070 2168.8
1270080 2168.8
1270090 2162.0
1270100 2155.3
1270110 2155.3
1270120 2148.5
1270130 2141.5
1270140 2141.5
1270150 2134.7
1270160 2128.2
1270170 2128.2
1270180 2121.6
1270190 2114.8
1270200 2114.8
1270210 2108.1
1270220 2102.0
1270230 2102.0
1270240 2096.2
1270250 2090.8
1270260 2090.8
1270270 2085.7
1270280 2081.5
1270290 2078.7
1270300 2078.7
1270310 2078.2
1270320 2079.5
1270330 2079.5
1270340 2080.2
1270350 2078.9
1270360 2078.9
1270370 2076.9
1270380 2075.6
1270390 2075.6
1270400 2073.9
1270410 2072.2
1270420 2072.2
1270430 2071.6
1270440 2069.5
1270450 2069.5
1270460 2067.1
1270470 2065.5
1270480 2065.5
1270490 2065.0
1270500 2066.1
1270510 2061.6
1270520 2065.1
1270530 2069.5
1270540 2069.5
1270550 2073.6
1270560 2077.1
1270570 2081.2
1270580 2081.2
1270590 2085.4
1270600 2089.0
1270610 2089.0
1270620 2101.0
1270630 2126.4
1270640 2126.4
1270650 2139.7
1270660 2145.7
1270670 2145.7
1270680 2157.0
1270690 2164.5
1270700 2164.5
1270710 2170.4
1270720 2179.4
1270730 2179.4
1270740 2192.5
1270750 2202.4
1270760 2202.4
1270770 2213.2
1270780 2222.0
1270790 2222.0
1270800 2226.5
1270810 2229.9
1270820 2229.9
1270830 2233.0
1270840 2236.3
1270850 2239.3
1270860 2239.3
1270870 2242.6
1270880 2246.1
1270890 2246.1
1270900 2248.9
1270910 2252.1
1270920 2252.1
1270930 2255.6
1270940 2258.9
1270950 2258.9
1270960 2262.1
1270970 2265.1
1270980 2265.1
1270990 2267.2
1271000 2268.0
1271010 2268.0
1271020 2271.5
1271030 2277.1
1271040 2277.1
1271050 2283.4
1271060 2288.7
1271070 2288.7
1271080 2292.3
1271090 2296.6
1271100 2276.9
1271110 2275.9
1271120 2282.2
1271130 2285.3
1271140 2285.3
1271150 2287.1
1271160 2291.5
1271170 2291.5
1271180 2288.3
1271190 2287.4
1271200 2287.4
1271210 2302.6
1271220 2311.1
1271230 2311.1
1271240 2313.4
1271250 2315.4
1271260 2315.4
1271270 2314.4
1271280 2312.4
1271290 2312.4
1271300 2304.9
1271310 2307.8
1271320 2307.8
1271330 2315.6
1271340 2316.1
1271350 2316.1
1271360 2317.1
1271370 2313.1
1271380 2313.1
1271390 2308.3
1271400 2303.3
1271410 2301.0
1271420 2301.0
1271430 2303.0
1271440 2307.2
1271450 2307.2
1271460 2309.6
1271470 2310.9
1271480 2310.9
1271490 2313.7
1271500 2308.1
1271510 2308.1
1271520 2303.2
1271530 2297.9
1271540 2297.9
1271550 2295.2
1271560 2293.3
1271570 2293.3
1271580 2294.3
1271590 2298.1
1271600 2298.1
1271610 2298.0
1271620 2298.9
1271630 2298.9
1271640 2299.2
1271650 2298.2
1271660 2298.2
1271670 2305.0
1271680 2310.1
1271690 2314.4
1271700 2308.4
1271710 2314.8
1271720 2323.8
1271730 2323.8
1271740 2324.2
1271750 2315.3
1271760 2315.3
1271770 2309.1
1271780 2302.7
1271790 2302.7
1271800 2298.3
1271810 2295.0
1271820 2295.0
1271830 2296.9
1271840 2294.4
1271850 2294.4
1271860 2292.0
1271870 2292.1
1271880 2292.1
1271890 2291.2
1271900 2293.0
1271910 2293.0
1271920 2293.5
1271930 2297.5
1271940 2297.5
1271950 2303.5
1271960 2306.3
1271970 2309.0
1271980 2309.0
1271990 2311.8
1272000 2312.1
1272010 2312.1
1272020 2312.0
1272030 2310.8
1272040 2310.8
1272050 2306.5
1272060 2299.3
1272070 2299.3
1272080 2293.2
1272090 2287.3
1272100 2287.3
1272110 2281.4
1272120 2271.9
1272130 2271.9
1272140 2266.5
1272150 2266.1
1272160 2266.1
1272170 2266.8
1272180 2268.8
1272190 2268.8
1272200 2270.0
1272210 2265.4
1272220 2265.4
1272230 2259.6
1272240 2256.1
1272250 2255.5
1272260 2255.5
1272270 2255.2
1272280 2251.1
1272290 2251.1
1272300 2240.8
1272310 2239.6
1272320 2239.6
1272330 2238.4
1272340 2230.7
1272350 2230.7
1272360 2214.7
1272370 2198.5
1272380 2198.5
1272390 2190.4
1272400 2190.9
1272410 2190.9
1272420 2190.3
1272430 2177.5
1272440 2177.5
1272450 2162.1
1272460 2150.2
1272470 2150.2
1272480 2134.2
1272490 2107.8
1272500 2107.8
1272510 2093.1
1272520 2084.5
1272530 2077.0
1272540 2077.0
1272550 2069.7
1272560 2062.8
1272570 2062.8
1272580 2055.9
1272590 2048.9
1272600 2048.9
1272610 2041.9
1272620 2035.1
1272630 2035.1
1272640 2028.5
1272650 2022.4
1272660 2022.4
1272670 2016.7
1272680 2011.7
1272690 2011.7
1272700 2006.9
1272710 2002.1
1272720 2002.1
1272730 1998.8
1272740 1998.6
1272750 1998.6
1272760 1999.5
1272770 2000.6
1272780 2002.1
1272790 2002.1
1272800 2004.9
1272810 2009.7
1272820 2009.7
1272830 2012.2
1272840 2009.8
1272850 2009.8
1272860 2008.0
1272870 2004.8
1272880 2004.8
1272890 1997.4
1272900 1984.0
1272910 1984.0
1272920 1974.5
1272930 1971.1
1272940 1971.1
1272950 1971.6
1272960 1973.2
1272970 1973.2
1272980 1975.1
1272990 1973.8
1273000 1973.8
1273010 1975.0
1273020 1975.7
1273030 1975.7
1273040 1975.9
1273050 1969.9
1273060 1964.6
1273070 1964.6
1273080 1965.2
1273090 1965.3
1273100 1965.3
1273110 1963.3
1273120 1963.8
1273130 1963.8
1273140 1961.0
1273150 1961.2
1273160 1961.2
1273170 1968.6
1273180 1974.2
1273190 1974.2
1273200 1973.5
1273210 1980.3
1273220 1980.3
1273230 1987.2
1273240 1984.4
1273250 1984.4
1273260 1985.1
1273270 1989.5
1273280 1989.5
1273290 1993.0
1273300 1994.6
1273310 1994.6
1273320 1996.0
1273330 1997.8
1273340 2000.1
1273350 2000.1
1273360 2000.2
1273370 2000.0
1273380 2000.0
1273390 1996.4
1273400 1996.4
1273410 1996.4
1273420 1997.8
1273430 1996.2
1273440 1996.2
1273450 1994.9
1273460 1991.6
1273470 1991.6
1273480 1985.9
1273490 1984.9
1273500 1979.0
1273510 1982.4
1273520 1982.7
1273530 1982.7
1273540 1982.4
1273550 1984.2
1273560 1984.2
1273570 1986.3
1273580 1988.5
1273590 1988.5
1273600 1992.0
1273610 1998.4
1273620 2000.4
1273630 2000.4
1273640 2001.0
1273650 2000.9
1273660 2000.9
1273670 1999.1
1273680 1995.4
1273690 1995.4
1273700 1991.4
1273710 1987.7
1273720 1987.7
1273730 1983.3
1273740 1977.8
1273750 1977.8
1273760 1971.2
1273770 1966.5
1273780 1966.5
1273790 1963.4
1273800 1962.0
1273810 1962.0
1273820 1958.6
1273830 1954.3
1273840 1954.3
1273850 1951.7
1273860 1951.3
1273870 1951.3
1273880 1948.5
1273890 1943.1
1273900 1937.9
1273910 1937.9
1273920 1933.4
1273930 1930.1
1273940 1930.1
1273950 1929.5
1273960 1927.1
1273970 1927.1
1273980 1923.8
1273990 1925.5
1274000 1925.5
1274010 1929.1
1274020 1933.0
1274030 1933.0
1274040 1934.7
1274050 1936.0
1274060 1936.0
1274070 1936.6
1274080 1938.2
1274090 1938.2
1274100 1940.0
1274110 1932.9
1274120 1932.9
1274130 1933.6
1274140 1932.0
1274150 1932.0
1274160 1931.9
1274170 1930.0
1274180 1926.2
1274190 1926.2
1274200 1919.8
1274210 1912.6
1274220 1912.6
1274230 1907.2
1274240 1901.4
1274250 1901.4
1274260 1894.3
1274270 1887.5
1274280 1887.5
1274290 1879.8
1274300 1868.9
1274310 1868.9
1274320 1860.3
1274330 1854.4
1274340 1854.4
1274350 1845.0
1274360 1833.8
1274370 1833.8
1274380 1823.2
1274390 1815.7
1274400 1815.7
1274410 1812.9
1274420 1812.0
1274430 1812.0
1274440 1810.6
1274450 1810.2
1274460 1809.4
1274470 1809.4
1274480 1810.5
1274490 1811.5
1274500 1811.5
1274510 1811.1
1274520 1808.9
1274530 1808.9
1274540 1805.8
1274550 1801.9
1274560 1801.9
1274570 1790.5
1274580 1784.5
1274590 1784.5
1274600 1781.6
1274610 1776.3
1274620 1776.3
1274630 1765.2
1274640 1758.5
1274650 1758.5
1274660 1757.3
1274670 1754.9
1274680 1754.9
1274690 1748.8
1274700 1746.2
1274710 1736.2
1274720 1736.7
1274730 1732.8
1274740 1732.0
1274750 1732.0
1274760 1734.5
1274770 1732.7
1274780 1732.7
1274790 1725.0
1274800 1719.4
1274810 1719.4
1274820 1720.5
1274830 1719.0
1274840 1719.0
1274850 1716.4
1274860 1716.2
1274870 1716.2
1274880 1717.4
1274890 1715.1
1274900 1715.1
1274910 1708.3
1274920 1702.7
1274930 1702.7
1274940 1696.9
1274950 1691.2
1274960 1691.2
1274970 1688.6
1274980 1686.4
1274990 1686.4
1275000 1683.4
1275010 1679.8
1275020 1674.7
1275030 1674.7
1275040 1670.3
1275050 1666.9
1275060 1666.9
1275070 1662.4
1275080 1657.2
1275090 1657.2
1275100 1653.2
1275110 1650.3
1275120 1650.3
1275130 1647.1
1275140 1644.0
1275150 1644.0
1275160 1641.1
1275170 1638.1
1275180 1638.1
1275190 1636.5
1275200 1635.5
1275210 1635.5
1275220 1634.7
1275230 1634.6
1275240 1634.6
1275250 1634.3
1275260 1632.8
1275270 1630.0
1275280 1630.0
1275290 1626.7
1275300 1624.5
1275310 1624.5
1275320 1619.2
1275330 1620.2
1275340 1620.2
1275350 1619.5
1275360 1613.0
1275370 1613.0
1275380 1602.5
1275390 1594.6
1275400 1594.6
1275410 1591.2
1275420 1588.1
1275430 1588.1
1275440 1585.1
1275450 1581.8
1275460 1581.8
1275470 1579.0
1275480 1576.2
1275490 1576.2
1275500 1576.5
1275510 1578.1
1275520 1578.1
1275530 1580.1
1275540 1582.2
1275550 1584.8
1275560 1584.8
1275570 1587.7
1275580 1590.7
1275590 1590.7
1275600 1593.3
1275610 1596.9
1275620 1596.9
1275630 1604.5
1275640 1614.0
1275650 1614.0
1275660 1623.0
1275670 1627.6
1275680 1627.6
1275690 1624.9
1275700 1621.6
1275710 1621.6
1275720 1622.2
1275730 1625.7
1275740 1625.7
1275750 1629.8
1275760 1629.6
1275770 1629.6
1275780 1626.1
1275790 1623.4
1275800 1623.4
1275810 1623.1
1275820 1624.8
1275830 1628.7
1275840 1628.7
1275850 1631.9
1275860 1630.0
1275870 1630.0
1275880 1627.7
1275890 1625.6
1275900 1625.6
1275910 1625.1
1275920 1626.3
1275930 1621.3
1275940 1625.5
1275950 1628.9
1275960 1628.9
1275970 1627.7
1275980 1624.9
1275990 1624.9
1276000 1622.4
1276010 1622.5
1276020 1622.5
1276030 1627.2
1276040 1632.4
1276050 1632.4
1276060 1637.4
1276070 1640.8
1276080 1640.8
1276090 1644.7
1276100 1648.6
1276110 1652.2
1276120 1652.2
1276130 1654.1
1276140 1654.5
1276150 1654.5
1276160 1653.5
1276170 1651.8
1276180 1651.8
1276190 1649.6
1276200 1646.9
1276210 1646.9
1276220 1644.2
1276230 1641.9
1276240 1641.9
1276250 1641.3
1276260 1642.5
1276270 1642.5
1276280 1645.8
1276290 1652.0
1276300 1652.0
1276310 1658.8
1276320 1665.4
1276330 1665.4
1276340 1671.9
1276350 1678.0
1276360 1678.0
1276370 1684.4
1276380 1690.4
1276390 1696.5
1276400 1696.5
1276410 1702.2
1276420 1707.1
1276430 1707.1
1276440 1712.5
1276450 1718.0
1276460 1718.0
1276470 1724.3
1276480 1730.9
1276490 1730.9
1276500 1737.6
1276510 1744.0
1276520 1744.0
1276530 1750.0
1276540 1758.1
1276550 1758.1
1276560 1764.5
1276570 1770.4
1276580 1770.4
1276590 1775.9
1276600 1781.8
1276610 1781.8
1276620 1787.3
1276630 1793.1
1276640 1793.1
1276650 1799.4
1276660 1805.9
1276670 1812.3
1276680 1812.3
1276690 1817.8
1276700 1822.7
1276710 1822.7
1276720 1826.8
1276730 1830.7
1276740 1830.7
1276750 1834.7
1276760 1838.6
1276770 1838.6
1276780 1842.6
1276790 1845.9
1276800 1845.9
1276810 1849.1
1276820 1852.3
1276830 1852.3
1276840 1855.8
1276850 1859.3
1276860 1859.3
1276870 1862.6
1276880 1865.7
1276890 1865.7
1276900 1868.9
1276910 1872.6
1276920 1872.6
1276930 1876.0
1276940 1879.6
1276950 1883.4
1276960 1883.4
1276970 1887.1
1276980 1890.2
1276990 1890.2
1277000 1894.8
1277010 1898.4
1277020 1898.4
1277030 1902.1
1277040 1904.5
1277050 1904.5
1277060 1906.1
1277070 1907.9
1277080 1907.9
1277090 1909.3
1277100 1909.3
1277110 1909.3
1277120 1907.7
1277130 1902.5
1277140 1902.5
1277150 1896.9
1277160 1888.7
1277170 1888.7
1277180 1880.8
1277190 1872.2
1277200 1872.2
1277210 1863.1
1277220 1854.5
1277230 1846.1
1277240 1846.1
1277250 1837.8
1277260 1829.8
1277270 1829.8
1277280 1822.3
1277290 1815.5
1277300 1815.5
1277310 1809.2
1277320 1805.2
1277330 1805.2
1277340 1801.0
1277350 1797.0
1277360 1797.0
1277370 1789.4
1277380 1783.8
1277390 1783.8
1277400 1778.1
1277410 1770.6
1277420 1770.6
1277430 1762.9
1277440 1756.0
1277450 1756.0
1277460 1746.6
1277470 1734.9
1277480 1734.9
1277490 1722.1
1277500 1706.7
1277510 1700.4
1277520 1700.4
1277530 1702.5
1277540 1707.6
1277550 1707.6
1277560 1704.0
1277570 1694.8
1277580 1694.8
1277590 1694.8
1277600 1698.5
1277610 1698.5
1277620 1698.1
1277630 1701.7
1277640 1701.7
1277650 1711.0
1277660 1723.2
1277670 1723.2
1277680 1731.6
1277690 1737.7
1277700 1737.7
1277710 1742.7
1277720 1746.2
1277730 1746.2
1277740 1750.0
1277750 1752.2
1277760 1754.5
1277770 1747.5
1277780 1749.4
1277790 1752.1
1277800 1752.1
1277810 1755.8
1277820 1758.3
1277830 1758.3
1277840 1760.2
1277850 1762.3
1277860 1762.3
1277870 1764.8
1277880 1765.6
1277890 1765.6
1277900 1768.2
1277910 1769.2
1277920 1769.2
1277930 1769.6
1277940 1770.5
1277950 1770.5
1277960 1769.7
1277970 1769.6
1277980 1769.6
1277990 1771.2
1278000 1778.2
1278010 1778.2
1278020 1801.6
1278030 1810.6
1278040 1814.6
1278050 1814.6
1278060 1811.0
1278070 1800.9
1278080 1800.9
1278090 1800.8
1278100 1818.7
1278110 1818.7
1278120 1837.9
1278130 1850.9
1278140 1850.9
1278150 1862.3
1278160 1869.0
1278170 1869.0
1278180 1875.5
1278190 1882.8
1278200 1882.8
1278210 1890.1
1278220 1897.9
1278230 1897.9
1278240 1905.9
1278250 1914.2
1278260 1914.2
1278270 1923.2
1278280 1932.2
1278290 1932.2
1278300 1939.2
1278310 1945.3
1278320 1949.1
1278330 1949.1
1278340 1951.0
1278350 1951.8
1278360 1951.8
1278370 1952.4
1278380 1953.9
1278390 1949.3
1278400 1950.4
1278410 1950.9
1278420 1950.9
1278430 1952.0
1278440 1953.0
1278450 1953.0
1278460 1952.9
1278470 1952.1
1278480 1952.1
1278490 1951.6
1278500 1951.1
1278510 1951.1
1278520 1950.5
1278530 1950.6
1278540 1950.6
1278550 1950.9
1278560 1951.0
1278570 1951.0
1278580 1950.8
1278590 1948.2
1278600 1945.2
1278610 1945.2
1278620 1943.0
1278630 1941.7
1278640 1941.7
1278650 1939.6
1278660 1935.9
1278670 1935.9
1278680 1931.1
1278690 1925.5
1278700 1925.5
1278710 1919.3
1278720 1914.2
1278730 1914.2
1278740 1911.3
1278750 1907.7
1278760 1907.7
1278770 1904.3
1278780 1899.2
1278790 1899.2
1278800 1894.5
1278810 1892.4
1278820 1892.4
1278830 1892.2
1278840 1893.5
1278850 1893.5
1278860 1892.5
1278870 1890.9
1278880 1887.1
1278890 1887.1
1278900 1884.7
1278910 1879.8
1278920 1879.8
1278930 1873.5
1278940 1864.8
1278950 1864.8
1278960 1849.2
1278970 1837.7
1278980 1837.7
1278990 1831.2
1279000 1827.2
1279010 1820.7
1279020 1816.4
1279030 1796.2
1279040 1796.2
1279050 1765.4
1279060 1745.6
1279070 1745.6
1279080 1739.1
1279090 1738.4
1279100 1738.4
1279110 1740.3
1279120 1743.1
1279130 1743.1
1279140 1745.9
1279150 1748.0
1279160 1748.6
1279170 1748.6
1279180 1753.3
1279190 1759.0
1279200 1759.0
1279210 1758.6
1279220 1752.0
1279230 1752.0
1279240 1749.3
1279250 1751.1
1279260 1751.1
1279270 1751.3
1279280 1747.3
1279290 1747.3
1279300 1743.9
1279310 1732.6
1279320 1732.6
1279330 1716.9
1279340 1711.6
1279350 1711.6
1279360 1706.3
1279370 1705.7
1279380 1705.7
1279390 1707.4
1279400 1704.3
1279410 1704.3
1279420 1704.0
1279430 1705.1
1279440 1710.8
1279450 1710.8
1279460 1710.6
1279470 1708.4
1279480 1708.4
1279490 1708.4
1279500 1709.9
1279510 1709.9
1279520 1708.3
1279530 1704.7
1279540 1704.7
1279550 1698.8
1279560 1695.1
1279570 1695.1
1279580 1694.6
1279590 1692.7
1279600 1692.7
1279610 1686.2
1279620 1676.8
1279630 1664.5
1279640 1659.6
1279650 1656.5
1279660 1656.5
1279670 1675.2
1279680 1691.6
1279690 1691.6
1279700 1686.9
1279710 1679.5
1279720 1673.2
1279730 1673.2
1279740 1671.4
1279750 1671.2
1279760 1671.2
1279770 1672.5
1279780 1675.1
1279790 1675.1
1279800 1675.2
1279810 1673.2
1279820 1673.2
1279830 1669.4
1279840 1669.8
1279850 1669.8
1279860 1667.1
1279870 1661.6
1279880 1661.6
1279890 1668.1
1279900 1690.0
1279910 1690.0
1279920 1697.9
1279930 1701.3
1279940 1701.3
1279950 1702.5
1279960 1704.4
1279970 1708.3
1279980 1708.3
1279990 1710.7
