1260000 1497.0
1260010 1495.3
1260020 1495.3
1260030 1496.3
1260040 1502.2
1260050 1502.2
1260060 1506.0
1260070 1506.6
1260080 1506.6
1260090 1510.1
1260100 1509.5
1260110 1509.5
1260120 1503.0
1260130 1500.8
1260140 1500.8
1260150 1505.4
1260160 1510.8
1260170 1510.8
1260180 1516.9
1260190 1522.7
1260200 1528.7
1260210 1528.7
1260220 1534.9
1260230 1542.0
1260240 1542.0
1260250 1549.6
1260260 1556.9
1260270 1556.9
1260280 1564.5
1260290 1572.1
1260300 1572.1
1260310 1578.1
1260320 1583.4
1260330 1583.4
1260340 1588.3
1260350 1594.4
1260360 1594.4
1260370 1600.4
1260380 1606.3
1260390 1606.3
1260400 1612.5
1260410 1619.3
1260420 1619.3
1260430 1626.3
1260440 1632.1
1260450 1632.1
1260460 1637.0
1260470 1641.3
1260480 1644.3
1260490 1644.3
1260500 1648.7
1260510 1650.0
1260520 1650.0
1260530 1655.8
1260540 1660.4
1260550 1660.4
1260560 1665.1
1260570 1669.6
1260580 1669.6
1260590 1673.7
1260600 1677.5
1260610 1677.5
1260620 1681.7
1260630 1686.9
1260640 1686.9
1260650 1691.8
1260660 1696.5
1260670 1696.5
1260680 1701.5
1260690 1706.2
1260700 1706.2
1260710 1711.8
1260720 1717.0
1260730 1717.0
1260740 1721.3
1260750 1724.9
1260760 1729.0
1260770 1729.0
1260780 1732.0
1260790 1734.5
1260800 1734.5
1260810 1736.4
1260820 1738.8
1260830 1738.8
1260840 1742.5
1260850 1746.8
1260860 1746.8
1260870 1750.6
1260880 1754.2
1260890 1754.2
1260900 1757.6
1260910 1759.9
1260920 1759.9
1260930 1763.0
1260940 1766.8
1260950 1766.8
1260960 1770.0
1260970 1772.5
1260980 1772.5
1260990 1774.9
1261000 1777.8
1261010 1777.8
1261020 1779.3
1261030 1778.8
1261040 1776.3
1261050 1776.3
1261060 1773.8
1261070 1772.4
1261080 1778.4
1261090 1774.5
1261100 1770.9
1261110 1770.9
1261120 1765.2
1261130 1757.2
1261140 1757.2
1261150 1750.4
1261160 1751.8
1261170 1751.8
1261180 1756.9
1261190 1760.7
1261200 1760.7
1261210 1764.0
1261220 1766.6
1261230 1766.6
1261240 1768.8
1261250 1769.6
1261260 1769.6
1261270 1767.0
1261280 1761.4
1261290 1761.4
1261300 1754.9
1261310 1745.8
1261320 1734.5
1261330 1734.5
1261340 1725.4
1261350 1721.3
1261360 1721.3
1261370 1718.8
1261380 1717.3
1261390 1717.3
1261400 1718.3
1261410 1720.1
1261420 1720.1
1261430 1723.1
1261440 1720.4
1261450 1720.4
1261460 1716.8
1261470 1712.1
1261480 1712.1
1261490 1708.6
1261500 1705.0
1261510 1705.0
1261520 1700.1
1261530 1695.8
1261540 1695.8
1261550 1697.5
1261560 1693.2
1261570 1693.2
1261580 1689.0
1261590 1680.5
1261600 1681.5
1261610 1681.5
1261620 1689.1
1261630 1696.4
1261640 1696.4
1261650 1709.8
1261660 1716.5
1261670 1716.5
1261680 1722.4
1261690 1729.7
1261700 1729.7
1261710 1733.6
1261720 1731.9
1261730 1731.9
1261740 1726.3
1261750 1714.3
1261760 1714.3
1261770 1708.3
1261780 1714.4
1261790 1714.4
1261800 1726.4
1261810 1744.4
1261820 1744.4
1261830 1756.3
1261840 1763.3
1261850 1763.3
1261860 1768.3
1261870 1770.7
1261880 1773.1
1261890 1773.1
1261900 1771.3
1261910 1769.6
1261920 1769.6
1261930 1773.0
1261940 1779.5
1261950 1779.5
1261960 1786.9
1261970 1795.1
1261980 1795.1
1261990 1803.6
1262000 1812.7
1262010 1812.7
1262020 1819.2
1262030 1822.6
1262040 1822.6
1262050 1824.1
1262060 1825.2
1262070 1825.2
1262080 1826.2
1262090 1827.1
1262100 1827.1
1262110 1826.3
1262120 1827.7
1262130 1827.7
1262140 1834.8
1262150 1842.2
1262160 1849.3
1262170 1849.3
1262180 1855.5
1262190 1858.4
1262200 1858.4
1262210 1857.7
1262220 1854.8
1262230 1854.8
1262240 1858.9
1262250 1854.8
1262260 1854.8
1262270 1858.1
1262280 1861.8
1262290 1861.8
1262300 1859.9
1262310 1853.9
1262320 1853.9
1262330 1843.8
1262340 1834.9
1262350 1834.9
1262360 1822.6
1262370 1808.1
1262380 1808.1
1262390 1794.9
1262400 1781.2
1262410 1764.2
1262420 1764.2
1262430 1744.1
1262440 1729.4
1262450 1729.4
1262460 1718.7
1262470 1707.0
1262480 1707.0
1262490 1698.4
1262500 1692.0
1262510 1692.0
1262520 1685.5
1262530 1678.4
1262540 1678.4
1262550 1671.0
1262560 1664.6
1262570 1664.6
1262580 1658.8
1262590 1652.4
1262600 1652.4
1262610 1645.4
1262620 1638.5
1262630 1638.5
1262640 1633.3
1262650 1629.8
1262660 1629.8
1262670 1625.4
1262680 1619.7
1262690 1609.5
1262700 1609.5
1262710 1601.4
1262720 1594.4
1262730 1594.4
1262740 1586.8
1262750 1579.9
1262760 1579.9
1262770 1573.3
1262780 1566.2
1262790 1567.7
1262800 1560.7
1262810 1553.6
1262820 1553.6
1262830 1546.2
1262840 1538.8
1262850 1538.8
1262860 1532.0
1262870 1525.7
1262880 1525.7
1262890 1519.5
1262900 1513.8
1262910 1513.8
1262920 1508.2
1262930 1503.1
1262940 1503.1
1262950 1497.8
1262960 1492.8
1262970 1488.6
1262980 1488.6
1262990 1485.2
1263000 1482.3
1263010 1482.3
1263020 1480.3
1263030 1479.5
1263040 1479.5
1263050 1478.2
1263060 1476.1
1263070 1476.1
1263080 1474.4
1263090 1472.8
1263100 1472.8
1263110 1471.7
1263120 1471.5
1263130 1471.5
1263140 1471.1
1263150 1470.1
1263160 1470.1
1263170 1470.5
1263180 1470.1
1263190 1470.1
1263200 1468.7
1263210 1466.5
1263220 1466.5
1263230 1465.7
1263240 1464.7
1263250 1463.9
1263260 1463.9
1263270 1463.6
1263280 1463.6
1263290 1463.6
1263300 1464.1
1263310 1465.3
1263320 1465.3
1263330 1467.1
1263340 1469.1
1263350 1469.1
1263360 1471.3
1263370 1472.8
1263380 1472.8
1263390 1475.0
1263400 1477.2
1263410 1477.2
1263420 1479.2
1263430 1481.4
1263440 1481.4
1263450 1483.8
1263460 1485.9
1263470 1485.9
1263480 1488.6
1263490 1490.9
1263500 1490.9
1263510 1493.3
1263520 1496.2
1263530 1499.5
1263540 1499.5
1263550 1503.2
1263560 1506.5
1263570 1506.5
1263580 1510.0
1263590 1513.0
1263600 1513.0
1263610 1515.7
1263620 1519.5
1263630 1519.5
1263640 1526.8
1263650 1534.8
1263660 1534.8
1263670 1543.3
1263680 1552.1
1263690 1552.1
1263700 1562.1
1263710 1571.4
1263720 1571.4
1263730 1578.3
1263740 1593.6
1263750 1593.6
1263760 1603.4
1263770 1608.9
1263780 1608.9
1263790 1623.6
1263800 1642.7
1263810 1664.8
1263820 1664.8
1263830 1677.9
1263840 1690.0
1263850 1690.0
1263860 1696.5
1263870 1702.5
1263880 1702.5
1263890 1707.3
1263900 1704.6
1263910 1704.6
1263920 1703.5
1263930 1709.9
1263940 1709.9
1263950 1714.6
1263960 1728.3
1263970 1728.3
1263980 1743.1
1263990 1756.4
1264000 1756.4
1264010 1766.9
1264020 1775.7
1264030 1775.7
1264040 1783.9
1264050 1791.5
1264060 1791.5
1264070 1799.5
1264080 1807.2
1264090 1816.0
1264100 1816.0
1264110 1824.6
1264120 1832.8
1264130 1832.8
1264140 1840.6
1264150 1847.9
1264160 1847.9
1264170 1855.6
1264180 1863.7
1264190 1863.7
1264200 1871.4
1264210 1879.2
1264220 1879.2
1264230 1885.3
1264240 1892.5
1264250 1892.5
1264260 1898.7
1264270 1903.7
1264280 1903.7
1264290 1908.8
1264300 1914.1
1264310 1914.1
1264320 1919.3
1264330 1924.8
1264340 1924.8
1264350 1926.5
1264360 1920.1
1264370 1926.8
1264380 1926.8
1264390 1939.7
1264400 1952.4
1264410 1952.4
1264420 1960.9
1264430 1968.9
1264440 1968.9
1264450 1976.4
1264460 1984.0
1264470 1984.0
1264480 1992.1
1264490 1999.6
1264500 1999.6
1264510 2007.4
1264520 2013.5
1264530 2013.5
1264540 2020.8
1264550 2028.3
1264560 2028.3
1264570 2036.1
1264580 2044.3
1264590 2044.3
1264600 2052.4
1264610 2059.6
1264620 2059.6
1264630 2066.7
1264640 2073.7
1264650 2077.1
1264660 2077.1
1264670 2084.5
1264680 2092.4
1264690 2092.4
1264700 2099.8
1264710 2106.6
1264720 2106.6
1264730 2114.1
1264740 2119.6
1264750 2119.6
1264760 2125.4
1264770 2132.9
1264780 2132.9
1264790 2138.8
1264800 2144.2
1264810 2144.2
1264820 2151.4
1264830 2158.8
1264840 2158.8
1264850 2162.2
1264860 2159.1
1264870 2159.1
1264880 2154.1
1264890 2148.6
1264900 2148.6
1264910 2142.2
1264920 2136.3
1264930 2132.9
1264940 2132.9
1264950 2129.4
1264960 2127.1
1264970 2127.1
1264980 2124.9
1264990 2117.6
1265000 2117.6
1265010 2105.0
1265020 2112.1
1265030 2112.1
1265040 2112.6
1265050 2104.1
1265060 2104.1
1265070 2096.3
1265080 2090.5
1265090 2090.5
1265100 2104.3
1265110 2104.4
1265120 2104.4
1265130 2104.8
1265140 2105.1
1265150 2105.1
1265160 2103.2
1265170 2106.2
1265180 2106.2
1265190 2105.2
1265200 2097.6
1265210 2090.8
1265220 2090.8
1265230 2081.4
1265240 2066.7
1265250 2066.7
1265260 2045.6
1265270 2032.3
1265280 2032.3
1265290 2024.3
1265300 2018.2
1265310 2018.2
1265320 2013.5
1265330 2007.8
1265340 2007.8
1265350 2000.7
1265360 1992.9
1265370 1992.9
1265380 1982.1
1265390 1973.0
1265400 1973.0
1265410 1965.1
1265420 1958.3
1265430 1958.3
1265440 1952.7
1265450 1945.5
1265460 1945.5
1265470 1934.5
1265480 1923.2
1265490 1911.6
1265500 1911.6
1265510 1896.2
1265520 1880.2
1265530 1880.2
1265540 1870.5
1265550 1867.8
1265560 1867.8
1265570 1865.3
1265580 1863.0
1265590 1863.0
1265600 1861.0
1265610 1859.0
1265620 1859.0
1265630 1857.2
1265640 1855.3
1265650 1855.3
1265660 1853.4
1265670 1851.7
1265680 1855.2
1265690 1852.6
1265700 1849.1
1265710 1849.1
1265720 1849.8
1265730 1854.1
1265740 1854.1
1265750 1856.6
1265760 1855.9
1265770 1857.3
1265780 1857.3
1265790 1858.7
1265800 1862.5
1265810 1862.5
1265820 1867.9
1265830 1871.4
1265840 1871.4
1265850 1873.8
1265860 1876.5
1265870 1876.5
1265880 1878.6
1265890 1879.2
1265900 1879.2
1265910 1880.1
1265920 1882.7
1265930 1882.7
1265940 1886.7
1265950 1892.2
1265960 1892.2
1265970 1897.4
1265980 1901.5
1265990 1901.5
1266000 1906.0
1266010 1911.3
1266020 1911.3
1266030 1916.0
1266040 1920.4
1266050 1925.2
1266060 1925.2
1266070 1932.9
1266080 1952.0
1266090 1952.0
1266100 1973.0
1266110 1987.1
1266120 1987.1
1266130 2000.6
1266140 2007.4
1266150 2007.4
1266160 2008.3
1266170 2020.3
1266180 2020.3
1266190 2035.0
1266200 2047.2
1266210 2047.2
1266220 2059.0
1266230 2070.0
1266240 2070.0
1266250 2070.2
1266260 2068.6
1266270 2079.6
1266280 2084.4
1266290 2094.4
1266300 2099.2
1266310 2099.2
1266320 2099.1
1266330 2097.3
1266340 2097.3
1266350 2093.8
1266360 2091.2
1266370 2091.2
1266380 2085.9
1266390 2080.0
1266400 2080.0
1266410 2082.0
1266420 2092.1
1266430 2092.1
1266440 2104.3
1266450 2110.3
1266460 2110.3
1266470 2103.4
1266480 2091.2
1266490 2091.2
1266500 2081.5
1266510 2075.5
1266520 2075.5
1266530 2065.8
1266540 2058.1
1266550 2058.1
1266560 2053.4
1266570 2048.2
1266580 2045.0
1266590 2045.0
1266600 2043.5
1266610 2045.3
1266620 2045.3
1266630 2044.8
1266640 2037.8
1266650 2037.8
1266660 2028.9
1266670 2018.1
1266680 2018.1
1266690 2004.4
1266700 1993.6
1266710 1993.6
1266720 1981.0
1266730 1968.1
1266740 1968.1
1266750 1955.4
1266760 1939.3
1266770 1939.3
1266780 1923.0
1266790 1912.8
1266800 1912.8
1266810 1907.4
1266820 1901.7
1266830 1901.7
1266840 1895.5
1266850 1892.2
1266860 1885.6
1266870 1885.6
1266880 1878.9
1266890 1872.5
1266900 1872.5
1266910 1868.0
1266920 1866.0
1266930 1866.0
1266940 1864.0
1266950 1860.4
1266960 1860.4
1266970 1856.4
1266980 1851.6
1266990 1851.6
1267000 1847.4
1267010 1845.0
1267020 1845.0
1267030 1842.4
1267040 1839.5
1267050 1839.5
1267060 1836.8
1267070 1834.9
1267080 1834.9
1267090 1832.5
1267100 1829.5
1267110 1829.5
1267120 1825.9
1267130 1821.4
1267140 1817.0
1267150 1817.0
1267160 1813.0
1267170 1808.8
1267180 1808.8
1267190 1807.3
1267200 1807.4
1267210 1807.4
1267220 1807.5
1267230 1809.6
1267240 1809.6
1267250 1814.5
1267260 1819.6
1267270 1819.6
1267280 1823.7
1267290 1824.9
1267300 1824.9
1267310 1823.2
1267320 1819.5
1267330 1819.5
1267340 1817.2
1267350 1811.1
1267360 1811.1
1267370 1804.3
1267380 1801.2
1267390 1801.2
1267400 1803.4
1267410 1807.5
1267420 1811.4
1267430 1811.4
1267440 1820.2
1267450 1824.2
1267460 1824.2
1267470 1828.1
1267480 1831.8
1267490 1831.8
1267500 1835.4
1267510 1838.9
1267520 1838.9
1267530 1842.1
1267540 1844.4
1267550 1844.4
1267560 1845.5
1267570 1846.7
1267580 1846.7
1267590 1847.5
1267600 1847.6
1267610 1847.6
1267620 1847.3
1267630 1846.5
1267640 1846.5
1267650 1846.7
1267660 1851.5
1267670 1851.5
1267680 1857.6
1267690 1862.9
1267700 1867.2
1267710 1867.2
1267720 1876.0
1267730 1890.0
1267740 1890.0
1267750 1893.1
1267760 1896.7
1267770 1896.7
1267780 1898.9
1267790 1898.8
1267800 1898.8
1267810 1900.0
1267820 1901.0
1267830 1901.0
1267840 1902.9
1267850 1905.7
1267860 1905.7
1267870 1908.1
1267880 1912.8
1267890 1912.8
1267900 1915.4
1267910 1913.9
1267920 1913.9
1267930 1912.2
1267940 1908.8
1267950 1908.8
1267960 1906.2
1267970 1901.7
1267980 1896.2
1267990 1896.2
1268000 1892.0
1268010 1890.1
1268020 1894.2
1268030 1892.5
1268040 1889.1
1268050 1889.1
1268060 1886.8
1268070 1886.3
1268080 1886.3
1268090 1889.4
1268100 1893.5
1268110 1893.5
1268120 1897.8
1268130 1899.7
1268140 1899.7
1268150 1898.0
1268160 1895.5
1268170 1895.5
1268180 1895.2
1268190 1897.3
1268200 1897.3
1268210 1899.1
1268220 1902.4
1268230 1902.4
1268240 1906.6
1268250 1910.1
1268260 1913.3
1268270 1913.3
1268280 1918.3
1268290 1924.4
1268300 1924.4
1268310 1930.4
1268320 1936.0
1268330 1936.0
1268340 1941.7
1268350 1947.2
1268360 1947.2
1268370 1952.3
1268380 1957.3
1268390 1957.3
1268400 1963.0
1268410 1971.0
1268420 1971.0
1268430 1976.5
1268440 1979.8
1268450 1979.8
1268460 1981.8
1268470 1983.6
1268480 1983.6
1268490 1985.1
1268500 1986.7
1268510 1986.7
1268520 1988.9
1268530 1991.2
1268540 1993.6
1268550 1993.6
1268560 1996.7
1268570 1999.6
1268580 1999.6
1268590 2004.5
1268600 2008.1
1268610 2013.1
1268620 2015.7
1268630 2017.6
1268640 2017.6
1268650 2019.0
1268660 2020.0
1268670 2020.0
1268680 2021.5
1268690 2023.6
1268700 2023.6
1268710 2026.8
1268720 2030.2
1268730 2030.2
1268740 2033.2
1268750 2035.7
1268760 2035.7
1268770 2038.3
1268780 2040.4
1268790 2040.4
1268800 2041.6
1268810 2041.8
1268820 2042.5
1268830 2042.5
1268840 2043.8
1268850 2045.3
1268860 2045.3
1268870 2046.8
1268880 2048.5
1268890 2048.5
1268900 2050.9
1268910 2053.6
1268920 2053.6
1268930 2054.7
1268940 2056.7
1268950 2056.7
1268960 2060.1
1268970 2060.4
1268980 2060.4
1268990 2060.8
1269000 2061.7
1269010 2061.7
1269020 2063.2
1269030 2065.4
1269040 2065.4
1269050 2067.3
1269060 2068.5
1269070 2068.5
1269080 2068.4
1269090 2067.9
1269100 2068.3
1269110 2068.3
1269120 2068.4
1269130 2068.6
1269140 2068.6
1269150 2069.1
1269160 2071.6
1269170 2071.6
1269180 2073.0
1269190 2072.5
1269200 2076.4
1269210 2077.5
1269220 2078.1
1269230 2078.1
1269240 2079.0
1269250 2080.4
1269260 2080.4
1269270 2082.0
1269280 2085.3
1269290 2085.3
1269300 2089.9
1269310 2093.5
1269320 2093.5
1269330 2095.4
1269340 2095.2
1269350 2095.2
1269360 2096.9
1269370 2098.9
1269380 2099.4
1269390 2099.4
1269400 2099.9
1269410 2100.0
1269420 2100.0
1269430 2100.9
1269440 2103.4
1269450 2103.4
1269460 2106.4
1269470 2109.6
1269480 2109.6
1269490 2112.8
1269500 2115.7
1269510 2115.7
1269520 2118.4
1269530 2120.5
1269540 2120.5
1269550 2122.1
1269560 2123.7
1269570 2123.7
1269580 2125.3
1269590 2127.8
1269600 2127.8
1269610 2131.1
1269620 2134.2
1269630 2134.2
1269640 2137.3
1269650 2140.8
1269660 2144.7
1269670 2144.7
1269680 2148.8
1269690 2152.8
1269700 2152.8
1269710 2156.9
1269720 2161.7
1269730 2161.7
1269740 2166.5
1269750 2170.4
1269760 2170.4
1269770 2172.6
1269780 2176.2
1269790 2186.1
1269800 2191.5
1269810 2197.3
1269820 2197.3
1269830 2201.9
1269840 2207.2
1269850 2207.2
1269860 2211.6
1269870 2216.3
1269880 2216.3
1269890 2221.4
1269900 2227.1
1269910 2234.4
1269920 2234.4
1269930 2240.2
1269940 2246.0
1269950 2246.0
1269960 2252.7
1269970 2262.7
1269980 2262.7
1269990 2285.2
1270000 2302.9
1270010 2302.9
1270020 2303.5
1270030 2294.1
1270040 2294.1
1270050 2284.3
1270060 2272.9
1270070 2272.9
1270080 2263.5
1270090 2256.8
1270100 2256.8
1270110 2250.1
1270120 2242.8
1270130 2242.8
1270140 2235.8
1270150 2229.7
1270160 2229.7
1270170 2224.1
1270180 2218.7
1270190 2213.7
1270200 2213.7
1270210 2208.3
1270220 2202.5
1270230 2202.5
1270240 2197.4
1270250 2194.0
1270260 2194.0
1270270 2191.3
1270280 2187.1
1270290 2187.1
1270300 2182.4
1270310 2178.8
1270320 2178.8
1270330 2175.4
1270340 2172.2
1270350 2172.2
1270360 2168.0
1270370 2163.9
1270380 2163.9
1270390 2156.4
1270400 2153.1
1270410 2153.1
1270420 2150.0
1270430 2146.8
1270440 2146.8
1270450 2143.4
1270460 2140.9
1270470 2139.4
1270480 2139.4
1270490 2136.7
1270500 2134.2
1270510 2134.2
1270520 2131.8
1270530 2129.0
1270540 2129.0
1270550 2124.7
1270560 2119.8
1270570 2119.8
1270580 2114.5
1270590 2110.1
1270600 2110.1
1270610 2106.3
1270620 2103.9
1270630 2103.9
1270640 2102.6
1270650 2099.8
1270660 2099.8
1270670 2097.4
1270680 2097.5
1270690 2097.5
1270700 2098.1
1270710 2099.2
1270720 2099.2
1270730 2100.5
1270740 2101.6
1270750 2102.7
1270760 2102.7
1270770 2102.8
1270780 2101.9
1270790 2101.9
1270800 2100.8
1270810 2100.3
1270820 2100.3
1270830 2099.4
1270840 2097.6
1270850 2097.6
1270860 2096.1
1270870 2095.5
1270880 2095.5
1270890 2095.5
1270900 2095.5
1270910 2095.5
1270920 2095.5
1270930 2094.6
1270940 2094.6
1270950 2093.4
1270960 2092.6
1270970 2092.6
1270980 2092.9
1270990 2091.8
1271000 2091.8
1271010 2091.7
1271020 2092.6
1271030 2093.9
1271040 2093.9
1271050 2095.4
1271060 2097.1
1271070 2097.1
1271080 2098.9
1271090 2099.1
1271100 2099.1
1271110 2098.9
1271120 2099.7
1271130 2099.7
1271140 2099.1
1271150 2098.4
1271160 2098.4
1271170 2098.3
1271180 2097.9
1271190 2097.9
1271200 2098.4
1271210 2099.0
1271220 2099.0
1271230 2098.7
1271240 2097.7
1271250 2097.7
1271260 2097.1
1271270 2097.6
1271280 2097.6
1271290 2099.5
1271300 2101.8
1271310 2104.2
1271320 2104.2
1271330 2106.5
1271340 2109.1
1271350 2109.1
1271360 2111.7
1271370 2114.5
1271380 2114.5
1271390 2117.4
1271400 2120.6
1271410 2120.6
1271420 2124.1
1271430 2128.2
1271440 2128.2
1271450 2132.6
1271460 2137.2
1271470 2137.2
1271480 2142.1
1271490 2147.1
1271500 2147.1
1271510 2152.0
1271520 2156.6
1271530 2156.6
1271540 2160.7
1271550 2164.3
1271560 2164.3
1271570 2166.4
1271580 2175.0
1271590 2177.7
1271600 2177.7
1271610 2181.4
1271620 2187.0
1271630 2187.0
1271640 2192.8
1271650 2197.9
1271660 2197.9
1271670 2206.9
1271680 2224.7
1271690 2224.7
1271700 2227.3
1271710 2223.8
1271720 2223.8
1271730 2227.4
1271740 2233.4
1271750 2233.4
1271760 2236.7
1271770 2241.2
1271780 2241.2
1271790 2246.5
1271800 2252.9
1271810 2252.9
1271820 2260.5
1271830 2268.7
1271840 2268.7
1271850 2277.1
1271860 2285.3
1271870 2293.1
1271880 2293.1
1271890 2300.9
1271900 2308.3
1271910 2308.3
1271920 2315.1
1271930 2321.6
1271940 2321.6
1271950 2327.1
1271960 2329.0
1271970 2329.0
1271980 2328.2
1271990 2328.4
1272000 2328.4
1272010 2331.5
1272020 2336.1
1272030 2336.1
1272040 2342.2
1272050 2349.2
1272060 2349.2
1272070 2355.7
1272080 2360.0
1272090 2360.0
1272100 2357.4
1272110 2351.8
1272120 2351.8
1272130 2346.8
1272140 2342.3
1272150 2335.6
1272160 2335.6
1272170 2330.8
1272180 2319.9
1272190 2319.9
1272200 2318.0
1272210 2316.9
1272220 2316.9
1272230 2318.2
1272240 2320.7
1272250 2320.7
1272260 2321.1
1272270 2317.8
1272280 2317.8
1272290 2312.2
1272300 2304.3
1272310 2304.3
1272320 2294.8
1272330 2292.1
1272340 2292.1
1272350 2286.5
1272360 2279.4
1272370 2279.4
1272380 2273.3
1272390 2266.1
1272400 2266.1
1272410 2255.6
1272420 2236.5
1272430 2217.6
1272440 2217.6
1272450 2203.3
1272460 2191.2
1272470 2191.2
1272480 2179.3
1272490 2168.9
1272500 2168.9
1272510 2159.1
1272520 2152.6
1272530 2152.6
1272540 2147.0
1272550 2140.6
1272560 2140.6
1272570 2134.0
1272580 2127.8
1272590 2127.8
1272600 2122.3
1272610 2118.8
1272620 2118.8
1272630 2118.5
1272640 2118.8
1272650 2118.8
1272660 2120.5
1272670 2122.4
1272680 2122.4
1272690 2125.8
1272700 2130.0
1272710 2133.3
1272720 2133.3
1272730 2134.5
1272740 2135.8
1272750 2135.8
1272760 2137.5
1272770 2140.3
1272780 2139.2
1272790 2142.9
1272800 2146.8
1272810 2146.8
1272820 2149.5
1272830 2152.6
1272840 2152.6
1272850 2155.5
1272860 2156.0
1272870 2156.0
1272880 2155.3
1272890 2154.0
1272900 2154.0
1272910 2152.0
1272920 2150.1
1272930 2150.1
1272940 2146.5
1272950 2142.1
1272960 2142.1
1272970 2138.1
1272980 2133.6
1272990 2129.9
1273000 2129.9
1273010 2125.9
1273020 2123.2
1273030 2123.2
1273040 2122.7
1273050 2122.2
1273060 2122.2
1273070 2123.8
1273080 2122.6
1273090 2122.6
1273100 2119.4
1273110 2119.8
1273120 2119.8
1273130 2122.9
1273140 2127.8
1273150 2127.8
1273160 2134.5
1273170 2140.9
1273180 2140.9
1273190 2147.2
1273200 2153.3
1273210 2153.3
1273220 2159.6
1273230 2166.2
1273240 2166.2
1273250 2172.6
1273260 2178.8
1273270 2187.7
1273280 2187.7
1273290 2196.3
1273300 2203.8
1273310 2203.8
1273320 2214.3
1273330 2218.4
1273340 2218.4
1273350 2222.6
1273360 2225.5
1273370 2225.5
1273380 2228.8
1273390 2238.4
1273400 2238.4
1273410 2242.5
1273420 2243.5
1273430 2243.5
1273440 2241.7
1273450 2241.0
1273460 2241.0
1273470 2240.0
1273480 2239.0
1273490 2239.0
1273500 2238.5
1273510 2237.6
1273520 2237.3
1273530 2237.3
1273540 2238.9
1273550 2241.8
1273560 2241.8
1273570 2245.4
1273580 2244.6
1273590 2244.6
1273600 2238.9
1273610 2232.9
1273620 2232.9
1273630 2226.3
1273640 2220.0
1273650 2220.0
1273660 2214.0
1273670 2208.6
1273680 2208.6
1273690 2204.1
1273700 2197.9
1273710 2197.9
1273720 2189.6
1273730 2180.5
1273740 2180.5
1273750 2173.5
1273760 2169.0
1273770 2169.0
1273780 2166.3
1273790 2161.7
1273800 2153.9
1273810 2153.9
1273820 2150.0
1273830 2149.2
1273840 2149.2
1273850 2149.5
1273860 2151.5
1273870 2151.5
1273880 2151.3
1273890 2148.1
1273900 2148.1
1273910 2140.9
1273920 2135.1
1273930 2135.1
1273940 2130.3
1273950 2125.7
1273960 2125.7
1273970 2124.4
1273980 2127.4
1273990 2119.4
1274000 2119.3
1274010 2120.6
1274020 2120.6
1274030 2123.3
1274040 2124.0
1274050 2124.0
1274060 2123.3
1274070 2124.1
1274080 2125.8
1274090 2125.8
1274100 2126.5
1274110 2127.1
1274120 2127.1
1274130 2127.1
1274140 2126.0
1274150 2126.0
1274160 2122.5
1274170 2117.0
1274180 2117.0
1274190 2108.6
1274200 2098.1
1274210 2098.1
1274220 2075.0
1274230 2059.6
1274240 2059.6
1274250 2048.5
1274260 2040.8
1274270 2040.8
1274280 2033.6
1274290 2028.9
1274300 2028.9
1274310 2024.8
1274320 2020.1
1274330 2020.1
1274340 2015.9
1274350 2017.4
1274360 2021.4
1274370 2021.4
1274380 2027.7
1274390 2028.8
1274400 2028.8
1274410 2031.2
1274420 2037.3
1274430 2037.3
1274440 2043.6
1274450 2045.2
1274460 2045.2
1274470 2035.2
1274480 2029.9
1274490 2029.9
1274500 2029.2
1274510 2028.0
1274520 2028.0
1274530 2025.5
1274540 2023.0
1274550 2023.0
1274560 2020.6
1274570 2016.2
1274580 2016.2
1274590 2005.5
1274600 2002.8
1274610 2002.8
1274620 1995.3
1274630 1986.0
1274640 1981.5
1274650 1981.5
1274660 1982.1
1274670 1982.5
1274680 1982.5
1274690 1981.4
1274700 1976.1
1274710 1976.1
1274720 1973.5
1274730 1974.6
1274740 1974.6
1274750 1975.1
1274760 1975.1
1274770 1975.1
1274780 1980.8
1274790 1986.2
1274800 1986.2
1274810 1989.8
1274820 1993.6
1274830 1993.6
1274840 1992.5
1274850 1981.8
1274860 1981.8
1274870 1971.3
1274880 1971.3
1274890 1971.3
1274900 1971.9
1274910 1964.5
1274920 1955.1
1274930 1955.1
1274940 1945.7
1274950 1942.8
1274960 1942.8
1274970 1940.5
1274980 1932.3
1274990 1932.3
1275000 1924.7
1275010 1915.9
1275020 1915.9
1275030 1907.7
1275040 1897.1
1275050 1897.1
1275060 1885.2
1275070 1872.0
1275080 1872.0
1275090 1869.2
1275100 1874.2
1275110 1874.2
1275120 1873.9
1275130 1873.1
1275140 1873.1
1275150 1875.2
1275160 1876.6
1275170 1876.6
1275180 1877.9
1275190 1879.0
1275200 1867.4
1275210 1867.4
1275220 1862.5
1275230 1859.7
1275240 1859.7
1275250 1858.7
1275260 1860.7
1275270 1860.7
1275280 1862.2
1275290 1861.7
1275300 1861.7
1275310 1862.2
1275320 1861.4
1275330 1861.4
1275340 1863.0
1275350 1866.2
1275360 1866.2
1275370 1872.1
1275380 1874.0
1275390 1874.0
1275400 1875.7
1275410 1874.3
1275420 1874.3
1275430 1868.0
1275440 1860.3
1275450 1860.3
1275460 1851.9
1275470 1844.5
1275480 1838.1
1275490 1838.1
1275500 1839.1
1275510 1840.4
1275520 1840.4
1275530 1839.8
1275540 1839.2
1275550 1839.2
1275560 1837.7
1275570 1836.6
1275580 1836.6
1275590 1835.0
1275600 1834.0
1275610 1834.0
1275620 1833.5
1275630 1833.1
1275640 1833.1
1275650 1833.3
1275660 1833.0
1275670 1833.0
1275680 1831.5
1275690 1830.1
1275700 1830.1
1275710 1829.0
1275720 1827.8
1275730 1827.8
1275740 1826.4
1275750 1824.9
1275760 1818.8
1275770 1818.8
1275780 1815.7
1275790 1817.4
1275800 1817.4
1275810 1814.2
1275820 1814.5
1275830 1814.5
1275840 1815.2
1275850 1816.9
1275860 1816.9
1275870 1816.3
1275880 1815.5
1275890 1815.5
1275900 1813.8
1275910 1812.2
1275920 1812.2
1275930 1812.8
1275940 1814.1
1275950 1814.1
1275960 1813.4
1275970 1813.4
1275980 1813.4
1275990 1813.9
1276000 1812.6
1276010 1812.6
1276020 1811.0
1276030 1809.8
1276040 1807.9
1276050 1807.9
1276060 1806.0
1276070 1805.6
1276080 1805.6
1276090 1804.3
1276100 1801.6
1276110 1801.6
1276120 1799.3
1276130 1799.8
1276140 1799.8
1276150 1803.8
1276160 1807.9
1276170 1807.9
1276180 1810.2
1276190 1807.5
1276200 1807.5
1276210 1805.7
1276220 1806.3
1276230 1806.3
1276240 1808.1
1276250 1810.6
1276260 1810.6
1276270 1810.9
1276280 1809.6
1276290 1809.6
1276300 1808.2
1276310 1808.4
1276320 1806.1
1276330 1806.1
1276340 1801.7
1276350 1800.2
1276360 1800.2
1276370 1801.9
1276380 1805.2
1276390 1805.2
1276400 1808.9
1276410 1810.5
1276420 1805.1
1276430 1805.5
1276440 1806.8
1276450 1806.8
1276460 1803.8
1276470 1799.1
1276480 1799.1
1276490 1795.4
1276500 1784.5
1276510 1784.5
1276520 1773.6
1276530 1766.5
1276540 1766.5
1276550 1757.8
1276560 1751.1
1276570 1744.2
1276580 1744.2
1276590 1738.1
1276600 1731.4
1276610 1731.4
1276620 1724.7
1276630 1719.0
1276640 1719.0
1276650 1713.3
1276660 1709.5
1276670 1709.5
1276680 1706.2
1276690 1702.6
1276700 1702.6
1276710 1699.8
1276720 1697.3
1276730 1697.3
1276740 1691.6
1276750 1690.5
1276760 1690.5
1276770 1693.4
1276780 1697.6
1276790 1697.6
1276800 1699.3
1276810 1693.2
1276820 1693.2
1276830 1680.1
1276840 1679.6
1276850 1678.9
1276860 1678.9
1276870 1678.3
1276880 1676.0
1276890 1676.0
1276900 1677.0
1276910 1679.5
1276920 1679.5
1276930 1685.1
1276940 1693.2
1276950 1693.2
1276960 1703.4
1276970 1711.5
1276980 1711.5
1276990 1697.7
1277000 1681.4
1277010 1681.4
1277020 1671.0
1277030 1683.5
1277040 1683.5
1277050 1686.5
1277060 1686.6
1277070 1686.6
1277080 1684.5
1277090 1679.3
1277100 1679.3
1277110 1678.9
1277120 1683.0
1277130 1688.3
1277140 1688.3
1277150 1691.7
1277160 1692.5
1277170 1692.5
1277180 1698.3
1277190 1703.9
1277200 1703.9
1277210 1707.1
1277220 1708.8
1277230 1708.8
1277240 1710.0
1277250 1713.8
1277260 1713.8
1277270 1724.5
1277280 1730.9
1277290 1730.9
1277300 1735.2
1277310 1740.1
1277320 1740.1
1277330 1744.0
1277340 1744.6
1277350 1744.6
1277360 1746.7
1277370 1752.3
1277380 1752.3
1277390 1758.6
1277400 1761.4
1277410 1762.8
1277420 1762.8
1277430 1765.3
1277440 1772.2
1277450 1772.2
1277460 1777.6
1277470 1777.9
1277480 1777.9
1277490 1780.4
1277500 1783.6
1277510 1783.6
1277520 1786.6
1277530 1787.9
1277540 1787.9
1277550 1781.0
1277560 1771.8
1277570 1771.8
1277580 1763.1
1277590 1758.6
1277600 1758.6
1277610 1756.0
1277620 1751.7
1277630 1751.7
1277640 1750.5
1277650 1763.5
1277660 1763.5
1277670 1760.9
1277680 1763.5
1277690 1760.5
1277700 1760.5
1277710 1750.0
1277720 1742.2
1277730 1742.2
1277740 1732.9
1277750 1724.3
1277760 1724.3
1277770 1716.8
1277780 1707.8
1277790 1707.8
1277800 1697.1
1277810 1691.0
1277820 1691.0
1277830 1685.3
1277840 1677.1
1277850 1677.1
1277860 1674.1
1277870 1676.8
1277880 1676.8
1277890 1680.2
1277900 1676.7
1277910 1676.7
1277920 1673.5
1277930 1667.0
1277940 1667.0
1277950 1670.1
1277960 1676.4
1277970 1676.2
1277980 1676.2
1277990 1675.8
1278000 1675.0
1278010 1675.0
1278020 1676.3
1278030 1680.1
1278040 1680.1
1278050 1679.0
1278060 1677.0
1278070 1677.0
1278080 1676.7
1278090 1666.7
1278100 1666.7
1278110 1651.1
1278120 1643.7
1278130 1643.7
1278140 1640.2
1278150 1635.4
1278160 1635.4
1278170 1636.1
1278180 1642.3
1278190 1642.3
1278200 1638.7
1278210 1637.2
1278220 1637.2
1278230 1637.3
1278240 1639.9
1278250 1639.6
1278260 1653.9
1278270 1655.2
1278280 1654.6
1278290 1654.6
1278300 1663.3
1278310 1669.9
1278320 1669.9
1278330 1664.2
1278340 1661.2
1278350 1661.2
1278360 1658.7
1278370 1656.0
1278380 1656.0
1278390 1653.7
1278400 1647.9
1278410 1647.9
1278420 1645.1
1278430 1643.9
1278440 1643.9
1278450 1640.5
1278460 1639.1
1278470 1639.1
1278480 1644.5
1278490 1637.9
1278500 1637.9
1278510 1625.9
1278520 1617.4
1278530 1620.4
1278540 1620.4
1278550 1621.2
1278560 1620.3
1278570 1620.3
1278580 1625.0
1278590 1623.0
1278600 1623.0
1278610 1622.9
1278620 1623.0
1278630 1623.0
1278640 1630.7
1278650 1630.7
1278660 1630.7
1278670 1633.2
1278680 1633.4
1278690 1633.4
1278700 1630.5
1278710 1626.6
1278720 1626.6
1278730 1624.0
1278740 1620.2
1278750 1620.2
1278760 1615.3
1278770 1610.2
1278780 1610.2
1278790 1610.8
1278800 1611.4
1278810 1607.9
1278820 1607.9
1278830 1606.6
1278840 1608.6
1278850 1608.6
1278860 1605.6
1278870 1604.0
1278880 1612.7
1278890 1610.5
1278900 1612.0
1278910 1612.0
1278920 1611.0
1278930 1614.7
1278940 1614.7
1278950 1623.3
1278960 1626.5
1278970 1626.5
1278980 1631.5
1278990 1633.6
1279000 1633.6
1279010 1628.1
1279020 1623.9
1279030 1623.9
1279040 1620.6
1279050 1614.4
1279060 1614.4
1279070 1612.0
1279080 1612.1
1279090 1610.4
1279100 1610.4
1279110 1615.2
1279120 1611.8
1279130 1611.8
1279140 1609.8
1279150 1609.1
1279160 1609.1
1279170 1606.5
1279180 1610.8
1279190 1610.8
1279200 1616.9
1279210 1623.1
1279220 1623.1
1279230 1629.5
1279240 1631.1
1279250 1631.1
1279260 1629.5
1279270 1636.8
1279280 1636.8
1279290 1642.0
1279300 1648.7
1279310 1648.7
1279320 1662.5
1279330 1678.4
1279340 1678.4
1279350 1689.8
1279360 1692.6
1279370 1691.9
1279380 1691.9
1279390 1688.9
1279400 1684.6
1279410 1684.6
1279420 1680.1
1279430 1670.9
1279440 1670.9
1279450 1663.5
1279460 1659.2
1279470 1659.2
1279480 1655.7
1279490 1653.0
1279500 1666.6
1279510 1663.4
1279520 1657.1
1279530 1657.1
1279540 1652.6
1279550 1647.8
1279560 1647.8
1279570 1645.0
1279580 1642.7
1279590 1642.7
1279600 1637.5
1279610 1632.9
1279620 1631.6
1279630 1631.6
1279640 1631.3
1279650 1627.0
1279660 1627.0
1279670 1626.2
1279680 1628.7
1279690 1628.7
1279700 1628.7
1279710 1625.5
1279720 1625.5
1279730 1621.5
1279740 1617.5
1279750 1617.5
1279760 1614.5
1279770 1611.7
1279780 1611.7
1279790 1608.5
1279800 1604.6
1279810 1604.6
1279820 1600.7
1279830 1600.7
1279840 1600.7
1279850 1600.6
1279860 1599.5
1279870 1599.5
1279880 1598.6
1279890 1597.0
1279900 1596.6
1279910 1596.6
1279920 1596.6
1279930 1595.3
1279940 1595.3
1279950 1592.7
1279960 1587.8
1279970 1587.8
1279980 1582.6
1279990 1577.1
