1260000 1363.3
1260010 1361.8
1260020 1361.8
1260030 1359.5
1260040 1357.0
1260050 1357.0
1260060 1354.0
1260070 1350.5
1260080 1350.5
1260090 1346.9
1260100 1343.0
1260110 1343.0
1260120 1339.1
1260130 1334.8
1260140 1330.3
1260150 1330.3
1260160 1325.3
1260170 1320.3
1260180 1320.3
1260190 1316.2
1260200 1312.4
1260210 1312.4
1260220 1308.4
1260230 1300.8
1260240 1300.8
1260250 1296.8
1260260 1293.2
1260270 1293.2
1260280 1290.3
1260290 1288.9
1260300 1288.9
1260310 1288.4
1260320 1287.9
1260330 1287.9
1260340 1287.3
1260350 1286.8
1260360 1286.8
1260370 1286.2
1260380 1285.5
1260390 1285.5
1260400 1285.0
1260410 1284.5
1260420 1284.1
1260430 1284.1
1260440 1283.9
1260450 1283.6
1260460 1283.6
1260470 1282.9
1260480 1281.6
1260490 1281.6
1260500 1281.8
1260510 1282.8
1260520 1282.8
1260530 1282.4
1260540 1282.2
1260550 1282.2
1260560 1282.1
1260570 1282.0
1260580 1282.0
1260590 1282.2
1260600 1282.6
1260610 1282.6
1260620 1283.0
1260630 1284.1
1260640 1284.1
1260650 1284.9
1260660 1286.2
1260670 1286.2
1260680 1287.9
1260690 1289.5
1260700 1290.0
1260710 1290.0
1260720 1288.9
1260730 1289.9
1260740 1289.9
1260750 1291.2
1260760 1292.0
1260770 1292.0
1260780 1295.1
1260790 1300.1
1260800 1300.9
1260810 1308.8
1260820 1318.1
1260830 1318.1
1260840 1327.9
1260850 1337.9
1260860 1337.9
1260870 1346.5
1260880 1355.1
1260890 1355.1
1260900 1362.2
1260910 1368.4
1260920 1368.4
1260930 1374.3
1260940 1379.2
1260950 1379.2
1260960 1384.2
1260970 1391.4
1260980 1400.8
1260990 1400.8
1261000 1408.7
1261010 1419.7
1261020 1419.7
1261030 1429.1
1261040 1435.4
1261050 1435.4
1261060 1441.2
1261070 1447.3
1261080 1447.3
1261090 1451.2
1261100 1454.5
1261110 1454.5
1261120 1459.3
1261130 1465.2
1261140 1465.2
1261150 1470.8
1261160 1475.6
1261170 1475.6
1261180 1479.9
1261190 1482.9
1261200 1482.9
1261210 1485.6
1261220 1488.2
1261230 1488.2
1261240 1491.0
1261250 1493.4
1261260 1495.8
1261270 1495.8
1261280 1498.3
1261290 1500.2
1261300 1500.2
1261310 1501.4
1261320 1502.6
1261330 1502.6
1261340 1504.1
1261350 1506.3
1261360 1506.3
1261370 1510.4
1261380 1511.9
1261390 1511.9
1261400 1513.0
1261410 1514.0
1261420 1514.0
1261430 1515.8
1261440 1517.9
1261450 1517.9
1261460 1519.3
1261470 1520.2
1261480 1520.2
1261490 1521.4
1261500 1522.9
1261510 1522.9
1261520 1525.0
1261530 1526.0
1261540 1526.9
1261550 1526.9
1261560 1526.1
1261570 1524.4
1261580 1524.4
1261590 1523.8
1261600 1524.3
1261610 1524.3
1261620 1524.3
1261630 1525.9
1261640 1525.9
1261650 1532.4
1261660 1537.2
1261670 1537.2
1261680 1542.8
1261690 1550.5
1261700 1550.5
1261710 1558.1
1261720 1565.1
1261730 1565.1
1261740 1571.8
1261750 1578.6
1261760 1578.6
1261770 1585.4
1261780 1592.4
1261790 1592.4
1261800 1599.8
1261810 1607.4
1261820 1615.2
1261830 1615.2
1261840 1623.0
1261850 1630.3
1261860 1630.3
1261870 1637.5
1261880 1644.9
1261890 1644.9
1261900 1652.2
1261910 1658.8
1261920 1658.8
1261930 1664.2
1261940 1667.9
1261950 1667.9
1261960 1671.4
1261970 1674.1
1261980 1674.1
1261990 1675.5
1262000 1674.0
1262010 1674.0
1262020 1665.8
1262030 1656.7
1262040 1656.7
1262050 1648.5
1262060 1640.9
1262070 1640.9
1262080 1634.9
1262090 1628.3
1262100 1619.0
1262110 1619.0
1262120 1610.2
1262130 1601.9
1262140 1601.9
1262150 1594.5
1262160 1588.2
1262170 1588.2
1262180 1582.4
1262190 1576.6
1262200 1576.6
1262210 1570.1
1262220 1563.2
1262230 1563.2
1262240 1557.3
1262250 1552.1
1262260 1552.1
1262270 1545.8
1262280 1540.1
1262290 1540.1
1262300 1535.1
1262310 1529.9
1262320 1529.9
1262330 1523.6
1262340 1518.1
1262350 1518.1
1262360 1515.7
1262370 1517.7
1262380 1511.1
1262390 1511.1
1262400 1505.1
1262410 1499.8
1262420 1499.8
1262430 1495.1
1262440 1490.2
1262450 1490.2
1262460 1485.4
1262470 1484.1
1262480 1484.1
1262490 1478.1
1262500 1471.1
1262510 1478.5
1262520 1473.8
1262530 1468.9
1262540 1468.9
1262550 1462.7
1262560 1456.5
1262570 1456.5
1262580 1452.3
1262590 1447.1
1262600 1447.1
1262610 1440.5
1262620 1433.7
1262630 1433.7
1262640 1427.4
1262650 1422.5
1262660 1417.8
1262670 1417.8
1262680 1412.0
1262690 1405.8
1262700 1405.8
1262710 1400.8
1262720 1398.6
1262730 1398.6
1262740 1396.6
1262750 1394.4
1262760 1394.4
1262770 1392.1
1262780 1389.6
1262790 1389.6
1262800 1387.7
1262810 1384.9
1262820 1384.9
1262830 1382.0
1262840 1380.2
1262850 1380.2
1262860 1377.9
1262870 1374.7
1262880 1374.7
1262890 1371.6
1262900 1368.9
1262910 1368.9
1262920 1366.6
1262930 1363.6
1262940 1364.2
1262950 1364.2
1262960 1365.5
1262970 1367.0
1262980 1367.0
1262990 1369.0
1263000 1371.0
1263010 1371.0
1263020 1372.5
1263030 1373.9
1263040 1373.9
1263050 1375.3
1263060 1377.0
1263070 1377.0
1263080 1379.2
1263090 1381.2
1263100 1381.2
1263110 1383.1
1263120 1385.3
1263130 1385.3
1263140 1387.7
1263150 1389.2
1263160 1389.2
1263170 1391.1
1263180 1396.1
1263190 1396.1
1263200 1401.0
1263210 1405.5
1263220 1409.8
1263230 1409.8
1263240 1413.6
1263250 1417.8
1263260 1417.8
1263270 1422.2
1263280 1426.9
1263290 1426.9
1263300 1431.4
1263310 1436.1
1263320 1436.1
1263330 1441.2
1263340 1446.4
1263350 1446.4
1263360 1451.7
1263370 1457.4
1263380 1457.4
1263390 1463.1
1263400 1468.9
1263410 1468.9
1263420 1474.8
1263430 1480.8
1263440 1480.8
1263450 1487.0
1263460 1493.4
1263470 1493.4
1263480 1499.9
1263490 1506.5
1263500 1513.3
1263510 1513.3
1263520 1520.3
1263530 1527.0
1263540 1527.0
1263550 1533.7
1263560 1540.6
1263570 1540.6
1263580 1547.5
1263590 1554.9
1263600 1554.9
1263610 1562.3
1263620 1569.6
1263630 1569.6
1263640 1576.5
1263650 1583.7
1263660 1585.4
1263670 1592.6
1263680 1599.8
1263690 1599.8
1263700 1607.3
1263710 1625.1
1263720 1625.1
1263730 1640.8
1263740 1647.0
1263750 1647.0
1263760 1651.0
1263770 1653.3
1263780 1656.2
1263790 1656.2
1263800 1658.7
1263810 1660.8
1263820 1660.8
1263830 1662.7
1263840 1664.1
1263850 1664.1
1263860 1664.9
1263870 1664.4
1263880 1664.4
1263890 1663.8
1263900 1663.3
1263910 1663.3
1263920 1663.2
1263930 1663.4
1263940 1663.4
1263950 1664.3
1263960 1665.7
1263970 1665.7
1263980 1667.1
1263990 1668.4
1264000 1668.4
1264010 1669.3
1264020 1670.4
1264030 1670.4
1264040 1671.7
1264050 1673.8
1264060 1675.8
1264070 1675.8
1264080 1677.8
1264090 1680.3
1264100 1680.3
1264110 1683.8
1264120 1688.8
1264130 1688.8
1264140 1692.0
1264150 1693.4
1264160 1693.4
1264170 1695.0
1264180 1697.4
1264190 1697.4
1264200 1700.4
1264210 1703.0
1264220 1703.0
1264230 1705.6
1264240 1709.2
1264250 1709.2
1264260 1712.5
1264270 1713.8
1264280 1713.8
1264290 1715.1
1264300 1715.8
1264310 1715.8
1264320 1715.7
1264330 1716.8
1264340 1718.2
1264350 1718.2
1264360 1719.0
1264370 1719.5
1264380 1719.5
1264390 1720.6
1264400 1721.7
1264410 1721.7
1264420 1721.9
1264430 1723.9
1264440 1723.9
1264450 1724.7
1264460 1724.2
1264470 1724.2
1264480 1723.5
1264490 1723.4
1264500 1723.4
1264510 1723.1
1264520 1723.3
1264530 1723.3
1264540 1724.0
1264550 1724.7
1264560 1724.7
1264570 1725.3
1264580 1725.3
1264590 1725.3
1264600 1724.2
1264610 1722.9
1264620 1720.7
1264630 1720.7
1264640 1718.0
1264650 1715.0
1264660 1715.0
1264670 1712.3
1264680 1711.4
1264690 1711.4
1264700 1711.2
1264710 1710.4
1264720 1710.4
1264730 1709.6
1264740 1709.0
1264750 1709.0
1264760 1708.0
1264770 1707.3
1264780 1707.3
1264790 1707.2
1264800 1708.1
1264810 1708.1
1264820 1711.2
1264830 1709.1
1264840 1709.1
1264850 1701.8
1264860 1700.7
1264870 1700.7
1264880 1703.1
1264890 1699.2
1264900 1693.2
1264910 1693.2
1264920 1683.0
1264930 1676.6
1264940 1676.6
1264950 1671.8
1264960 1668.2
1264970 1668.2
1264980 1664.4
1264990 1660.5
1265000 1660.5
1265010 1657.5
1265020 1653.7
1265030 1653.7
1265040 1649.7
1265050 1644.6
1265060 1644.6
1265070 1640.1
1265080 1635.7
1265090 1635.7
1265100 1632.0
1265110 1629.1
1265120 1629.1
1265130 1626.4
1265140 1623.5
1265150 1623.5
1265160 1619.8
1265170 1615.6
1265180 1610.6
1265190 1610.6
1265200 1605.3
1265210 1599.9
1265220 1599.9
1265230 1595.1
1265240 1590.8
1265250 1590.8
1265260 1588.0
1265270 1585.3
1265280 1585.3
1265290 1582.0
1265300 1578.9
1265310 1578.9
1265320 1576.8
1265330 1576.1
1265340 1576.1
1265350 1575.8
1265360 1577.2
1265370 1577.2
1265380 1578.2
1265390 1577.4
1265400 1576.1
1265410 1577.2
1265420 1577.4
1265430 1577.4
1265440 1576.5
1265450 1574.9
1265460 1573.5
1265470 1573.5
1265480 1571.5
1265490 1569.1
1265500 1569.1
1265510 1568.0
1265520 1566.8
1265530 1566.8
1265540 1565.5
1265550 1564.4
1265560 1564.4
1265570 1563.8
1265580 1562.8
1265590 1562.8
1265600 1560.7
1265610 1557.4
1265620 1557.4
1265630 1554.0
1265640 1551.5
1265650 1551.5
1265660 1551.1
1265670 1551.2
1265680 1551.2
1265690 1551.2
1265700 1551.0
1265710 1551.0
1265720 1550.8
1265730 1550.2
1265740 1549.4
1265750 1549.4
1265760 1549.8
1265770 1549.4
1265780 1549.4
1265790 1548.2
1265800 1545.6
1265810 1545.6
1265820 1543.2
1265830 1541.2
1265840 1541.2
1265850 1540.8
1265860 1541.5
1265870 1541.5
1265880 1543.8
1265890 1549.8
1265900 1549.8
1265910 1557.4
1265920 1565.0
1265930 1565.0
1265940 1573.1
1265950 1581.9
1265960 1581.9
1265970 1590.0
1265980 1600.2
1265990 1600.2
1266000 1614.9
1266010 1627.0
1266020 1639.8
1266030 1639.8
1266040 1648.1
1266050 1654.5
1266060 1654.5
1266070 1659.5
1266080 1663.2
1266090 1663.2
1266100 1666.4
1266110 1670.5
1266120 1670.5
1266130 1675.6
1266140 1680.8
1266150 1680.8
1266160 1685.5
1266170 1690.2
1266180 1690.2
1266190 1695.9
1266200 1702.2
1266210 1702.2
1266220 1707.6
1266230 1712.5
1266240 1712.5
1266250 1717.5
1266260 1722.0
1266270 1722.0
1266280 1726.8
1266290 1731.5
1266300 1734.3
1266310 1734.3
1266320 1736.7
1266330 1738.7
1266340 1738.7
1266350 1742.1
1266360 1745.9
1266370 1745.9
1266380 1752.1
1266390 1758.0
1266400 1758.0
1266410 1762.6
1266420 1766.3
1266430 1766.3
1266440 1770.5
1266450 1774.6
1266460 1774.6
1266470 1779.5
1266480 1783.6
1266490 1783.6
1266500 1787.4
1266510 1791.2
1266520 1791.2
1266530 1794.6
1266540 1798.0
1266550 1798.0
1266560 1793.8
1266570 1796.2
1266580 1798.0
1266590 1798.0
1266600 1799.7
1266610 1800.7
1266620 1800.7
1266630 1802.3
1266640 1804.0
1266650 1804.0
1266660 1804.4
1266670 1804.9
1266680 1804.9
1266690 1807.0
1266700 1810.5
1266710 1810.5
1266720 1815.8
1266730 1822.5
1266740 1822.5
1266750 1828.5
1266760 1833.2
1266770 1833.2
1266780 1838.3
1266790 1843.4
1266800 1843.4
1266810 1849.4
1266820 1856.3
1266830 1856.3
1266840 1864.2
1266850 1869.5
1266860 1874.5
1266870 1874.5
1266880 1877.1
1266890 1878.5
1266900 1878.5
1266910 1881.1
1266920 1884.2
1266930 1884.2
1266940 1886.5
1266950 1887.7
1266960 1887.7
1266970 1888.2
1266980 1889.7
1266990 1889.7
1267000 1892.2
1267010 1893.5
1267020 1893.5
1267030 1894.7
1267040 1896.4
1267050 1896.4
1267060 1897.8
1267070 1899.4
1267080 1899.4
1267090 1900.9
1267100 1902.8
1267110 1902.8
1267120 1905.1
1267130 1907.6
1267140 1911.1
1267150 1906.3
1267160 1910.6
1267170 1912.5
1267180 1912.5
1267190 1914.8
1267200 1918.4
1267210 1918.4
1267220 1920.6
1267230 1922.8
1267240 1922.8
1267250 1927.8
1267260 1932.0
1267270 1932.0
1267280 1934.3
1267290 1938.5
1267300 1938.5
1267310 1942.2
1267320 1945.8
1267330 1945.8
1267340 1949.4
1267350 1951.3
1267360 1951.3
1267370 1952.8
1267380 1955.7
1267390 1955.7
1267400 1957.7
1267410 1959.9
1267420 1958.8
1267430 1958.8
1267440 1958.3
1267450 1958.6
1267460 1958.6
1267470 1959.4
1267480 1960.6
1267490 1960.6
1267500 1961.9
1267510 1963.3
1267520 1963.3
1267530 1964.4
1267540 1965.5
1267550 1965.5
1267560 1967.2
1267570 1968.7
1267580 1968.7
1267590 1970.9
1267600 1972.0
1267610 1972.0
1267620 1975.3
1267630 1977.8
1267640 1977.8
1267650 1979.7
1267660 1980.8
1267670 1980.8
1267680 1982.2
1267690 1986.2
1267700 1990.0
1267710 1990.0
1267720 1992.3
1267730 1990.4
1267740 1990.4
1267750 1993.1
1267760 1996.4
1267770 1996.4
1267780 2000.5
1267790 2005.9
1267800 2005.9
1267810 2013.4
1267820 2020.5
1267830 2020.5
1267840 2027.9
1267850 2033.7
1267860 2033.7
1267870 2037.1
1267880 2039.6
1267890 2039.6
1267900 2042.4
1267910 2044.2
1267920 2044.2
1267930 2046.2
1267940 2048.1
1267950 2048.1
1267960 2049.5
1267970 2051.4
1267980 2053.6
1267990 2053.6
1268000 2055.5
1268010 2056.8
1268020 2056.8
1268030 2059.3
1268040 2061.8
1268050 2061.8
1268060 2064.5
1268070 2067.1
1268080 2067.1
1268090 2069.3
1268100 2071.7
1268110 2071.7
1268120 2073.8
1268130 2075.7
1268140 2075.7
1268150 2078.6
1268160 2082.0
1268170 2082.0
1268180 2083.5
1268190 2085.3
1268200 2085.3
1268210 2087.5
1268220 2089.7
1268230 2089.7
1268240 2092.5
1268250 2095.2
1268260 2096.6
1268270 2096.6
1268280 2098.7
1268290 2100.3
1268300 2100.3
1268310 2103.0
1268320 2104.1
1268330 2104.1
1268340 2105.7
1268350 2106.9
1268360 2106.9
1268370 2107.8
1268380 2109.4
1268390 2109.4
1268400 2111.0
1268410 2113.5
1268420 2113.5
1268430 2115.8
1268440 2117.7
1268450 2117.7
1268460 2118.5
1268470 2119.7
1268480 2119.7
1268490 2121.8
1268500 2125.0
1268510 2125.0
1268520 2127.7
1268530 2131.2
1268540 2134.3
1268550 2134.3
1268560 2137.6
1268570 2140.7
1268580 2140.7
1268590 2144.2
1268600 2147.6
1268610 2147.6
1268620 2150.2
1268630 2152.6
1268640 2152.6
1268650 2155.0
1268660 2156.5
1268670 2156.5
1268680 2158.0
1268690 2159.5
1268700 2159.5
1268710 2161.5
1268720 2163.7
1268730 2163.7
1268740 2166.0
1268750 2168.5
1268760 2168.5
1268770 2171.4
1268780 2174.3
1268790 2174.3
1268800 2176.9
1268810 2179.3
1268820 2182.0
1268830 2182.0
1268840 2184.1
1268850 2186.1
1268860 2186.1
1268870 2188.1
1268880 2190.1
1268890 2190.1
1268900 2191.9
1268910 2190.7
1268920 2190.7
1268930 2191.3
1268940 2191.2
1268950 2191.2
1268960 2190.5
1268970 2190.1
1268980 2190.1
1268990 2190.2
1269000 2190.2
1269010 2190.2
1269020 2188.9
1269030 2186.7
1269040 2186.7
1269050 2185.6
1269060 2184.9
1269070 2184.9
1269080 2182.7
1269090 2180.8
1269100 2179.4
1269110 2179.4
1269120 2177.1
1269130 2175.5
1269140 2175.5
1269150 2173.5
1269160 2171.2
1269170 2171.2
1269180 2166.5
1269190 2157.6
1269200 2157.6
1269210 2149.2
1269220 2140.6
1269230 2140.6
1269240 2133.1
1269250 2126.4
1269260 2126.4
1269270 2120.8
1269280 2115.5
1269290 2115.5
1269300 2110.9
1269310 2107.9
1269320 2107.9
1269330 2106.0
1269340 2104.7
1269350 2104.7
1269360 2103.7
1269370 2102.6
1269380 2101.7
1269390 2101.7
1269400 2101.0
1269410 2100.9
1269420 2100.9
1269430 2099.8
1269440 2099.2
1269450 2099.2
1269460 2100.5
1269470 2101.8
1269480 2101.8
1269490 2102.1
1269500 2110.7
1269510 2110.7
1269520 2112.8
1269530 2115.7
1269540 2115.7
1269550 2118.7
1269560 2121.9
1269570 2121.9
1269580 2124.6
1269590 2125.9
1269600 2125.9
1269610 2127.0
1269620 2129.0
1269630 2129.0
1269640 2130.3
1269650 2132.2
1269660 2134.6
1269670 2134.6
1269680 2135.7
1269690 2135.2
1269700 2135.2
1269710 2136.2
1269720 2139.0
1269730 2139.0
1269740 2141.5
1269750 2142.8
1269760 2142.8
1269770 2145.3
1269780 2148.4
1269790 2148.4
1269800 2149.6
1269810 2149.3
1269820 2149.3
1269830 2148.6
1269840 2148.4
1269850 2148.4
1269860 2150.0
1269870 2153.9
1269880 2153.9
1269890 2158.0
1269900 2160.8
1269910 2160.8
1269920 2163.0
1269930 2164.4
1269940 2167.1
1269950 2167.1
1269960 2170.6
1269970 2174.1
1269980 2174.1
1269990 2177.3
1270000 2179.9
1270010 2179.9
1270020 2183.0
1270030 2188.1
1270040 2188.1
1270050 2192.8
1270060 2197.6
1270070 2197.6
1270080 2201.7
1270090 2205.1
1270100 2212.5
1270110 2215.3
1270120 2217.8
1270130 2217.8
1270140 2220.6
1270150 2222.9
1270160 2222.9
1270170 2224.6
1270180 2225.9
1270190 2225.9
1270200 2226.9
1270210 2228.1
1270220 2230.4
1270230 2230.4
1270240 2232.5
1270250 2233.8
1270260 2233.8
1270270 2236.5
1270280 2237.2
1270290 2237.2
1270300 2237.2
1270310 2237.3
1270320 2237.3
1270330 2238.5
1270340 2240.5
1270350 2240.5
1270360 2243.5
1270370 2245.5
1270380 2245.5
1270390 2247.6
1270400 2249.8
1270410 2249.8
1270420 2250.9
1270430 2250.3
1270440 2250.3
1270450 2244.1
1270460 2234.7
1270470 2234.7
1270480 2222.5
1270490 2212.2
1270500 2204.3
1270510 2204.3
1270520 2196.2
1270530 2191.7
1270540 2191.7
1270550 2181.5
1270560 2173.0
1270570 2173.0
1270580 2165.3
1270590 2147.1
1270600 2147.1
1270610 2113.8
1270620 2098.2
1270630 2098.2
1270640 2089.9
1270650 2058.1
1270660 2058.1
1270670 2023.1
1270680 2015.5
1270690 2021.9
1270700 2015.2
1270710 2011.0
1270720 2011.0
1270730 2007.4
1270740 2002.5
1270750 1996.9
1270760 1996.9
1270770 1990.5
1270780 1984.3
1270790 1984.3
1270800 1980.3
1270810 1979.4
1270820 1979.4
1270830 1981.1
1270840 1983.1
1270850 1983.1
1270860 1983.2
1270870 1983.4
1270880 1983.4
1270890 1984.2
1270900 1986.9
1270910 1986.9
1270920 1989.8
1270930 1989.8
1270940 1989.8
1270950 1991.0
1270960 1989.5
1270970 1989.5
1270980 1984.5
1270990 1977.1
1271000 1977.1
1271010 1972.4
1271020 1970.5
1271030 1963.6
1271040 1963.6
1271050 1954.3
1271060 1947.7
1271070 1947.7
1271080 1941.8
1271090 1936.0
1271100 1936.0
1271110 1931.1
1271120 1929.0
1271130 1929.0
1271140 1927.5
1271150 1927.1
1271160 1927.1
1271170 1927.3
1271180 1927.2
1271190 1927.2
1271200 1927.3
1271210 1926.7
1271220 1926.7
1271230 1928.0
1271240 1930.0
1271250 1930.0
1271260 1931.3
1271270 1931.6
1271280 1931.6
1271290 1931.6
1271300 1931.3
1271310 1931.1
1271320 1931.1
1271330 1930.0
1271340 1930.0
1271350 1930.0
1271360 1929.8
1271370 1930.2
1271380 1930.2
1271390 1930.1
1271400 1930.2
1271410 1930.2
1271420 1930.2
1271430 1930.2
1271440 1930.2
1271450 1930.0
1271460 1929.7
1271470 1929.7
1271480 1930.2
1271490 1930.9
1271500 1930.9
1271510 1932.5
1271520 1934.3
1271530 1934.3
1271540 1936.5
1271550 1937.9
1271560 1937.9
1271570 1938.0
1271580 1937.3
1271590 1936.5
1271600 1936.5
1271610 1938.0
1271620 1940.4
1271630 1940.4
1271640 1943.6
1271650 1945.8
1271660 1945.8
1271670 1948.0
1271680 1950.0
1271690 1950.0
1271700 1952.2
1271710 1954.3
1271720 1954.3
1271730 1956.6
1271740 1958.5
1271750 1958.5
1271760 1960.0
1271770 1961.6
1271780 1961.6
1271790 1961.6
1271800 1959.1
1271810 1959.1
1271820 1955.7
1271830 1952.1
1271840 1952.1
1271850 1949.4
1271860 1947.9
1271870 1948.1
1271880 1951.9
1271890 1951.0
1271900 1949.5
1271910 1949.5
1271920 1948.2
1271930 1946.2
1271940 1946.2
1271950 1944.8
1271960 1944.3
1271970 1944.3
1271980 1944.1
1271990 1943.1
1272000 1943.1
1272010 1941.1
1272020 1939.9
1272030 1939.9
1272040 1941.2
1272050 1943.6
1272060 1943.6
1272070 1944.4
1272080 1942.9
1272090 1942.9
1272100 1943.2
1272110 1943.8
1272120 1943.8
1272130 1943.2
1272140 1942.2
1272150 1941.6
1272160 1941.6
1272170 1940.2
1272180 1939.1
1272190 1939.1
1272200 1936.9
1272210 1933.4
1272220 1933.4
1272230 1934.9
1272240 1938.2
1272250 1938.2
1272260 1938.9
1272270 1940.5
1272280 1940.5
1272290 1943.4
1272300 1946.8
1272310 1946.8
1272320 1950.6
1272330 1954.7
1272340 1954.7
1272350 1959.3
1272360 1963.3
1272370 1963.3
1272380 1967.7
1272390 1972.9
1272400 1972.9
1272410 1977.9
1272420 1983.0
1272430 1988.4
1272440 1988.4
1272450 1993.6
1272460 1998.0
1272470 1998.0
1272480 1999.4
1272490 2004.1
1272500 2004.1
1272510 2009.3
1272520 2013.6
1272530 2013.6
1272540 2017.1
1272550 2020.4
1272560 2020.4
1272570 2023.9
1272580 2028.9
1272590 2028.9
1272600 2034.4
1272610 2039.6
1272620 2039.6
1272630 2045.2
1272640 2053.6
1272650 2053.6
1272660 2065.4
1272670 2075.2
1272680 2075.2
1272690 2083.3
1272700 2095.9
1272710 2110.6
1272720 2110.6
1272730 2123.9
1272740 2128.5
1272750 2128.5
1272760 2126.7
1272770 2127.1
1272780 2127.1
1272790 2126.5
1272800 2133.6
1272810 2133.6
1272820 2152.4
1272830 2177.7
1272840 2177.7
1272850 2187.9
1272860 2192.7
1272870 2192.7
1272880 2202.9
1272890 2214.2
1272900 2214.2
1272910 2224.1
1272920 2231.7
1272930 2231.7
1272940 2236.2
1272950 2238.7
1272960 2238.7
1272970 2241.3
1272980 2245.6
1272990 2251.3
1273000 2251.3
1273010 2255.7
1273020 2260.0
1273030 2260.0
1273040 2265.1
1273050 2269.9
1273060 2269.9
1273070 2275.9
1273080 2282.5
1273090 2275.9
1273100 2284.0
1273110 2291.1
1273120 2291.1
1273130 2289.8
1273140 2291.2
1273150 2291.2
1273160 2295.7
1273170 2301.1
1273180 2301.1
1273190 2307.0
1273200 2314.1
1273210 2314.1
1273220 2318.7
1273230 2321.9
1273240 2321.9
1273250 2323.7
1273260 2326.3
1273270 2328.6
1273280 2328.6
1273290 2331.9
1273300 2335.1
1273310 2335.1
1273320 2338.3
1273330 2341.6
1273340 2341.6
1273350 2344.5
1273360 2346.4
1273370 2346.4
1273380 2347.3
1273390 2347.4
1273400 2347.4
1273410 2346.3
1273420 2344.4
1273430 2344.4
1273440 2342.7
1273450 2340.5
1273460 2340.5
1273470 2337.8
1273480 2335.1
1273490 2335.1
1273500 2332.8
1273510 2331.1
1273520 2331.1
1273530 2329.7
1273540 2328.7
1273550 2328.0
1273560 2328.0
1273570 2328.1
1273580 2328.1
1273590 2328.1
1273600 2328.5
1273610 2328.8
1273620 2328.8
1273630 2327.1
1273640 2325.7
1273650 2325.7
1273660 2321.5
1273670 2308.8
1273680 2308.8
1273690 2295.0
1273700 2284.4
1273710 2284.4
1273720 2272.6
1273730 2255.9
1273740 2255.9
1273750 2238.2
1273760 2209.0
1273770 2209.0
1273780 2192.2
1273790 2183.4
1273800 2183.4
1273810 2173.4
1273820 2159.2
1273830 2131.8
1273840 2131.8
1273850 2115.1
1273860 2099.4
1273870 2099.4
1273880 2079.3
1273890 2067.5
1273900 2067.5
1273910 2057.1
1273920 2047.4
1273930 2047.4
1273940 2036.5
1273950 2027.0
1273960 2027.0
1273970 2019.7
1273980 2013.8
1273990 2013.8
1274000 2008.9
1274010 2004.5
1274020 2004.5
1274030 2000.1
1274040 1995.3
1274050 1995.3
1274060 1990.9
1274070 1987.3
1274080 1987.3
1274090 1983.6
1274100 1980.0
1274110 1976.9
1274120 1976.9
1274130 1974.8
1274140 1972.7
1274150 1972.7
1274160 1971.5
1274170 1970.8
1274180 1970.8
1274190 1969.7
1274200 1968.1
1274210 1968.1
1274220 1965.9
1274230 1963.7
1274240 1963.7
1274250 1961.3
1274260 1958.9
1274270 1958.9
1274280 1956.4
1274290 1960.8
1274300 1960.8
1274310 1958.5
1274320 1955.7
1274330 1955.7
1274340 1952.8
1274350 1950.1
1274360 1950.1
1274370 1947.4
1274380 1944.9
1274390 1942.6
1274400 1942.6
1274410 1940.0
1274420 1936.8
1274430 1936.8
1274440 1933.7
1274450 1930.3
1274460 1930.3
1274470 1926.1
1274480 1921.4
1274490 1921.4
1274500 1916.6
1274510 1911.2
1274520 1911.2
1274530 1909.1
1274540 1909.5
1274550 1909.5
1274560 1908.5
1274570 1906.5
1274580 1906.5
1274590 1903.7
1274600 1901.6
1274610 1901.6
1274620 1902.2
1274630 1902.9
1274640 1902.9
1274650 1902.7
1274660 1901.8
1274670 1900.4
1274680 1900.4
1274690 1897.8
1274700 1894.6
1274710 1894.6
1274720 1891.6
1274730 1888.4
1274740 1888.4
1274750 1884.0
1274760 1879.9
1274770 1879.9
1274780 1876.1
1274790 1872.2
1274800 1872.2
1274810 1867.6
1274820 1863.2
1274830 1863.2
1274840 1860.8
1274850 1860.8
1274860 1860.8
1274870 1860.6
1274880 1860.4
1274890 1860.4
1274900 1866.6
1274910 1865.4
1274920 1865.4
1274930 1863.9
1274940 1862.2
1274950 1859.9
1274960 1859.9
1274970 1857.6
1274980 1854.7
1274990 1854.7
1275000 1851.6
1275010 1848.3
1275020 1848.3
1275030 1845.9
1275040 1844.2
1275050 1844.2
1275060 1844.0
1275070 1843.6
1275080 1843.6
1275090 1843.0
1275100 1842.2
1275110 1842.2
1275120 1841.0
1275130 1839.8
1275140 1839.8
1275150 1838.1
1275160 1836.7
1275170 1836.7
1275180 1836.0
1275190 1836.1
1275200 1836.1
1275210 1835.7
1275220 1834.2
1275230 1832.5
1275240 1832.5
1275250 1830.9
1275260 1830.9
1275270 1830.9
1275280 1831.8
1275290 1833.6
1275300 1833.6
1275310 1835.2
1275320 1837.0
1275330 1837.0
1275340 1838.8
1275350 1840.3
1275360 1840.3
1275370 1841.8
1275380 1844.2
1275390 1844.2
1275400 1848.4
1275410 1849.3
1275420 1849.3
1275430 1848.5
1275440 1847.4
1275450 1847.4
1275460 1846.4
1275470 1847.0
1275480 1847.0
1275490 1848.4
1275500 1849.1
1275510 1855.0
1275520 1855.0
1275530 1852.9
1275540 1852.4
1275550 1852.4
1275560 1854.0
1275570 1853.8
1275580 1853.8
1275590 1850.8
1275600 1847.3
1275610 1847.3
1275620 1845.6
1275630 1843.9
1275640 1843.9
1275650 1840.1
1275660 1838.2
1275670 1838.2
1275680 1836.3
1275690 1835.2
1275700 1835.2
1275710 1832.5
1275720 1828.7
1275730 1828.7
1275740 1827.1
1275750 1828.4
1275760 1828.4
1275770 1829.0
1275780 1829.0
1275790 1828.3
1275800 1828.3
1275810 1827.0
1275820 1824.9
1275830 1824.9
1275840 1822.4
1275850 1819.2
1275860 1819.2
1275870 1815.7
1275880 1812.0
1275890 1812.0
1275900 1807.9
1275910 1803.4
1275920 1803.4
1275930 1798.9
1275940 1796.3
1275950 1796.3
1275960 1796.4
1275970 1796.0
1275980 1796.0
1275990 1795.1
1276000 1794.0
1276010 1794.0
1276020 1792.8
1276030 1791.3
1276040 1791.3
1276050 1790.3
1276060 1789.8
1276070 1789.2
1276080 1789.2
1276090 1788.1
1276100 1786.4
1276110 1786.4
1276120 1788.3
1276130 1785.5
1276140 1785.5
1276150 1784.7
1276160 1784.8
1276170 1784.8
1276180 1784.6
1276190 1785.2
1276200 1785.2
1276210 1785.6
1276220 1784.7
1276230 1784.7
1276240 1781.5
1276250 1778.9
1276260 1778.9
1276270 1777.4
1276280 1774.2
1276290 1774.2
1276300 1769.8
1276310 1765.6
1276320 1765.6
1276330 1762.6
1276340 1758.4
1276350 1750.7
1276360 1750.7
1276370 1743.5
1276380 1738.7
1276390 1738.7
1276400 1733.0
1276410 1727.1
1276420 1727.1
1276430 1721.2
1276440 1715.3
1276450 1715.3
1276460 1707.5
1276470 1700.6
1276480 1700.6
1276490 1693.4
1276500 1686.4
1276510 1686.4
1276520 1680.2
1276530 1672.5
1276540 1672.5
1276550 1665.9
1276560 1660.3
1276570 1660.3
1276580 1656.2
1276590 1653.3
1276600 1653.3
1276610 1651.4
1276620 1649.8
1276630 1648.5
1276640 1648.5
1276650 1648.3
1276660 1647.5
1276670 1647.5
1276680 1645.6
1276690 1641.9
1276700 1641.9
1276710 1639.9
1276720 1639.6
1276730 1638.5
1276740 1636.9
1276750 1633.9
1276760 1633.9
1276770 1632.0
1276780 1630.8
1276790 1630.8
1276800 1629.8
1276810 1630.1
1276820 1630.1
1276830 1630.6
1276840 1631.2
1276850 1631.2
1276860 1635.8
1276870 1642.9
1276880 1642.9
1276890 1644.8
1276900 1647.0
1276910 1650.7
1276920 1650.7
1276930 1663.5
1276940 1679.6
1276950 1679.6
1276960 1679.8
1276970 1679.6
1276980 1679.6
1276990 1676.1
1277000 1672.0
1277010 1672.0
1277020 1673.3
1277030 1679.1
1277040 1679.1
1277050 1691.7
1277060 1701.4
1277070 1701.4
1277080 1706.4
1277090 1710.0
1277100 1710.0
1277110 1712.0
1277120 1711.6
1277130 1711.6
1277140 1711.1
1277150 1710.2
1277160 1710.2
1277170 1709.5
1277180 1709.2
1277190 1708.7
1277200 1708.7
1277210 1708.2
1277220 1707.9
1277230 1707.9
1277240 1707.4
1277250 1706.7
1277260 1706.7
1277270 1705.8
1277280 1705.0
1277290 1705.0
1277300 1703.6
1277310 1701.4
1277320 1701.4
1277330 1699.2
1277340 1697.6
1277350 1701.8
1277360 1700.9
1277370 1698.4
1277380 1698.4
1277390 1694.9
1277400 1691.3
1277410 1691.3
1277420 1690.7
1277430 1688.6
1277440 1688.6
1277450 1683.0
1277460 1676.2
1277470 1669.1
1277480 1669.1
1277490 1661.8
1277500 1654.6
1277510 1654.6
1277520 1645.8
1277530 1638.2
1277540 1638.2
1277550 1631.3
1277560 1625.4
1277570 1625.4
1277580 1620.3
1277590 1613.3
1277600 1613.3
1277610 1608.2
1277620 1604.4
1277630 1604.4
1277640 1596.8
1277650 1589.5
1277660 1589.5
1277670 1586.0
1277680 1587.0
1277690 1587.0
1277700 1586.5
1277710 1581.5
1277720 1581.5
1277730 1580.3
1277740 1576.2
1277750 1577.2
1277760 1577.2
1277770 1580.7
1277780 1584.3
1277790 1584.3
1277800 1580.6
1277810 1576.7
1277820 1576.7
1277830 1574.7
1277840 1565.3
1277850 1565.3
1277860 1553.2
1277870 1548.6
1277880 1548.6
1277890 1549.8
1277900 1555.6
1277910 1555.6
1277920 1551.5
1277930 1542.3
1277940 1542.3
1277950 1541.7
1277960 1555.3
1277970 1555.3
1277980 1559.3
1277990 1563.5
1278000 1563.5
1278010 1564.3
1278020 1566.8
1278030 1566.7
1278040 1566.7
1278050 1563.3
1278060 1559.7
1278070 1559.7
1278080 1555.8
1278090 1554.2
1278100 1554.2
1278110 1553.9
1278120 1547.8
1278130 1547.8
1278140 1543.8
1278150 1541.6
1278160 1541.6
1278170 1539.0
1278180 1536.7
1278190 1536.7
1278200 1538.5
1278210 1547.5
1278220 1547.5
1278230 1564.7
1278240 1577.9
1278250 1577.9
1278260 1563.7
1278270 1547.0
1278280 1547.0
1278290 1538.1
1278300 1534.9
1278310 1529.0
1278320 1529.0
1278330 1520.0
1278340 1518.0
1278350 1518.0
1278360 1516.8
1278370 1514.7
1278380 1514.7
1278390 1512.2
1278400 1510.2
1278410 1510.2
1278420 1504.4
1278430 1497.7
1278440 1497.7
1278450 1489.6
1278460 1481.8
1278470 1481.8
1278480 1473.4
1278490 1462.5
1278500 1462.5
1278510 1453.2
1278520 1446.5
1278530 1446.5
1278540 1432.8
1278550 1422.3
1278560 1422.3
1278570 1417.7
1278580 1422.8
1278590 1414.0
1278600 1414.0
1278610 1407.7
1278620 1396.6
1278630 1396.6
1278640 1386.0
1278650 1378.2
1278660 1378.2
1278670 1368.3
1278680 1361.6
1278690 1361.6
1278700 1356.2
1278710 1346.7
1278720 1346.7
1278730 1338.6
1278740 1331.8
1278750 1331.8
1278760 1324.6
1278770 1317.5
1278780 1317.5
1278790 1311.3
1278800 1306.6
1278810 1306.6
1278820 1302.2
1278830 1298.8
1278840 1298.8
1278850 1297.5
1278860 1296.4
1278870 1295.1
1278880 1295.1
1278890 1294.5
1278900 1292.9
1278910 1292.9
1278920 1291.9
1278930 1292.3
1278940 1292.3
1278950 1291.3
1278960 1289.7
1278970 1289.7
1278980 1288.3
1278990 1286.4
1279000 1286.4
1279010 1282.6
1279020 1278.7
1279030 1278.7
1279040 1274.9
1279050 1270.3
1279060 1270.3
1279070 1267.9
1279080 1267.0
1279090 1267.0
1279100 1265.8
1279110 1265.9
1279120 1265.9
1279130 1268.3
1279140 1273.0
1279150 1273.6
1279160 1273.6
1279170 1268.4
1279180 1262.9
1279190 1262.9
1279200 1252.2
1279210 1251.5
1279220 1251.5
1279230 1252.1
1279240 1252.1
1279250 1252.1
1279260 1252.8
1279270 1254.5
1279280 1254.5
1279290 1254.9
1279300 1254.1
1279310 1254.1
1279320 1252.8
1279330 1247.5
1279340 1247.5
1279350 1242.5
1279360 1242.1
1279370 1242.1
1279380 1242.1
1279390 1246.6
1279400 1246.6
1279410 1253.9
1279420 1257.0
1279430 1257.4
1279440 1257.4
1279450 1253.3
1279460 1247.3
1279470 1247.3
1279480 1244.1
1279490 1242.3
1279500 1242.3
1279510 1240.2
1279520 1238.9
1279530 1238.9
1279540 1238.9
1279550 1240.2
1279560 1240.2
1279570 1240.8
1279580 1241.2
1279590 1241.2
1279600 1244.2
1279610 1246.9
1279620 1246.9
1279630 1242.9
1279640 1236.1
1279650 1236.1
1279660 1234.3
1279670 1235.6
1279680 1235.6
1279690 1237.3
1279700 1242.1
1279710 1246.3
1279720 1246.3
1279730 1247.6
1279740 1247.3
1279750 1247.3
1279760 1245.6
1279770 1244.7
1279780 1244.7
1279790 1242.6
1279800 1238.6
1279810 1238.6
1279820 1231.7
1279830 1229.0
1279840 1229.0
1279850 1226.5
1279860 1223.7
1279870 1223.7
1279880 1221.3
1279890 1218.7
1279900 1218.7
1279910 1216.0
1279920 1213.0
1279930 1213.0
1279940 1209.5
1279950 1205.7
1279960 1205.7
1279970 1201.9
1279980 1198.2
1279990 1195.0
