1260000 1448.7
1260010 1444.2
1260020 1440.2
1260030 1440.2
1260040 1436.1
1260050 1432.0
1260060 1427.7
1260070 1427.7
1260080 1423.5
1260090 1419.1
1260100 1419.1
1260110 1414.1
1260120 1408.6
1260130 1408.6
1260140 1403.2
1260150 1399.4
1260160 1399.4
1260170 1396.3
1260180 1392.5
1260190 1392.5
1260200 1388.4
1260210 1383.8
1260220 1383.8
1260230 1379.9
1260240 1375.8
1260250 1375.8
1260260 1370.7
1260270 1364.7
1260280 1364.7
1260290 1358.6
1260300 1352.2
1260310 1352.2
1260320 1346.5
1260330 1342.2
1260340 1337.5
1260350 1337.5
1260360 1331.9
1260370 1325.7
1260380 1325.7
1260390 1319.3
1260400 1313.2
1260410 1313.2
1260420 1308.0
1260430 1303.1
1260440 1303.1
1260450 1298.2
1260460 1294.2
1260470 1294.2
1260480 1292.0
1260490 1289.2
1260500 1289.2
1260510 1285.3
1260520 1282.1
1260530 1282.1
1260540 1276.5
1260550 1274.7
1260560 1274.7
1260570 1274.6
1260580 1274.6
1260590 1274.6
1260600 1274.3
1260610 1273.5
1260620 1271.0
1260630 1271.0
1260640 1272.6
1260650 1274.1
1260660 1274.1
1260670 1274.0
1260680 1273.9
1260690 1273.9
1260700 1273.1
1260710 1272.3
1260720 1272.3
1260730 1272.7
1260740 1272.4
1260750 1272.4
1260760 1271.1
1260770 1269.4
1260780 1269.4
1260790 1269.3
1260800 1270.3
1260810 1270.3
1260820 1271.2
1260830 1273.5
1260840 1273.5
1260850 1278.0
1260860 1282.8
1260870 1282.8
1260880 1287.9
1260890 1293.8
1260900 1299.6
1260910 1299.6
1260920 1305.1
1260930 1309.8
1260940 1309.8
1260950 1313.6
1260960 1317.4
1260970 1317.4
1260980 1322.2
1260990 1327.5
1261000 1327.5
1261010 1332.2
1261020 1336.8
1261030 1336.8
1261040 1341.7
1261050 1345.5
1261060 1345.5
1261070 1349.0
1261080 1354.6
1261090 1354.6
1261100 1360.1
1261110 1369.3
1261120 1369.3
1261130 1376.5
1261140 1385.7
1261150 1385.7
1261160 1394.3
1261170 1402.7
1261180 1407.8
1261190 1407.8
1261200 1411.0
1261210 1412.8
1261220 1412.8
1261230 1412.9
1261240 1417.0
1261250 1417.0
1261260 1415.2
1261270 1408.8
1261280 1408.8
1261290 1408.8
1261300 1414.3
1261310 1414.3
1261320 1423.4
1261330 1430.9
1261340 1430.9
1261350 1436.8
1261360 1441.7
1261370 1441.7
1261380 1446.4
1261390 1450.6
1261400 1450.6
1261410 1455.7
1261420 1461.7
1261430 1461.7
1261440 1468.1
1261450 1473.4
1261460 1477.8
1261470 1477.8
1261480 1482.3
1261490 1486.9
1261500 1486.9
1261510 1491.8
1261520 1496.8
1261530 1496.8
1261540 1501.5
1261550 1506.4
1261560 1506.4
1261570 1511.0
1261580 1515.4
1261590 1515.4
1261600 1519.6
1261610 1523.8
1261620 1523.8
1261630 1527.7
1261640 1531.6
1261650 1531.6
1261660 1536.7
1261670 1542.2
1261680 1542.2
1261690 1543.7
1261700 1549.1
1261710 1549.1
1261720 1554.9
1261730 1561.4
1261740 1568.0
1261750 1568.0
1261760 1574.6
1261770 1581.7
1261780 1581.7
1261790 1588.8
1261800 1595.6
1261810 1595.6
1261820 1602.1
1261830 1608.2
1261840 1608.2
1261850 1613.9
1261860 1619.4
1261870 1619.4
1261880 1624.4
1261890 1627.7
1261900 1627.7
1261910 1629.3
1261920 1630.2
1261930 1630.2
1261940 1631.1
1261950 1631.4
1261960 1631.4
1261970 1631.4
1261980 1631.3
1261990 1631.3
1262000 1631.0
1262010 1630.4
1262020 1628.4
1262030 1628.4
1262040 1625.2
1262050 1622.5
1262060 1622.5
1262070 1621.3
1262080 1620.3
1262090 1620.3
1262100 1618.4
1262110 1615.9
1262120 1615.9
1262130 1613.3
1262140 1610.2
1262150 1610.2
1262160 1606.7
1262170 1601.7
1262180 1601.7
1262190 1594.8
1262200 1587.7
1262210 1587.7
1262220 1581.6
1262230 1577.4
1262240 1577.4
1262250 1573.2
1262260 1564.1
1262270 1564.1
1262280 1558.9
1262290 1552.3
1262300 1544.3
1262310 1544.3
1262320 1531.8
1262330 1519.9
1262340 1519.9
1262350 1515.5
1262360 1506.1
1262370 1506.1
1262380 1493.8
1262390 1483.7
1262400 1483.7
1262410 1475.1
1262420 1467.8
1262430 1467.8
1262440 1460.6
1262450 1453.6
1262460 1453.6
1262470 1446.9
1262480 1439.5
1262490 1439.5
1262500 1432.8
1262510 1426.4
1262520 1426.4
1262530 1420.1
1262540 1413.5
1262550 1413.5
1262560 1407.3
1262570 1403.6
1262580 1401.1
1262590 1401.1
1262600 1399.7
1262610 1395.5
1262620 1395.5
1262630 1391.8
1262640 1388.0
1262650 1388.0
1262660 1384.5
1262670 1381.1
1262680 1381.1
1262690 1377.4
1262700 1374.2
1262710 1374.2
1262720 1371.2
1262730 1367.7
1262740 1367.7
1262750 1364.4
1262760 1361.1
1262770 1361.1
1262780 1357.7
1262790 1354.2
1262800 1354.2
1262810 1350.7
1262820 1347.8
1262830 1350.1
1262840 1347.4
1262850 1345.5
1262860 1344.2
1262870 1344.2
1262880 1345.5
1262890 1345.9
1262900 1345.9
1262910 1347.5
1262920 1348.5
1262930 1348.5
1262940 1349.0
1262950 1350.4
1262960 1350.4
1262970 1352.9
1262980 1355.8
1262990 1355.8
1263000 1358.8
1263010 1362.0
1263020 1362.0
1263030 1365.0
1263040 1367.9
1263050 1367.9
1263060 1370.7
1263070 1373.4
1263080 1373.4
1263090 1375.9
1263100 1378.4
1263110 1378.4
1263120 1380.6
1263130 1382.9
1263140 1385.2
1263150 1385.2
1263160 1387.5
1263170 1390.9
1263180 1390.9
1263190 1396.8
1263200 1403.5
1263210 1403.5
1263220 1410.4
1263230 1417.3
1263240 1417.3
1263250 1424.1
1263260 1431.9
1263270 1431.9
1263280 1440.6
1263290 1450.0
1263300 1450.0
1263310 1460.7
1263320 1469.0
1263330 1469.0
1263340 1475.6
1263350 1481.7
1263360 1481.7
1263370 1489.6
1263380 1496.5
1263390 1496.5
1263400 1504.0
1263410 1509.2
1263420 1515.2
1263430 1515.2
1263440 1518.0
1263450 1521.3
1263460 1521.3
1263470 1525.1
1263480 1528.4
1263490 1528.4
1263500 1533.0
1263510 1538.2
1263520 1538.2
1263530 1544.6
1263540 1551.9
1263550 1551.9
1263560 1557.2
1263570 1562.1
1263580 1562.1
1263590 1566.7
1263600 1571.2
1263610 1571.2
1263620 1575.1
1263630 1579.3
1263640 1579.3
1263650 1585.9
1263660 1592.3
1263670 1592.3
1263680 1592.9
1263690 1592.1
1263700 1591.9
1263710 1591.9
1263720 1592.9
1263730 1595.0
1263740 1595.0
1263750 1596.3
1263760 1596.7
1263770 1596.7
1263780 1596.6
1263790 1596.1
1263800 1596.1
1263810 1593.7
1263820 1586.0
1263830 1586.0
1263840 1577.4
1263850 1571.8
1263860 1571.8
1263870 1583.3
1263880 1597.4
1263890 1597.4
1263900 1604.9
1263910 1609.8
1263920 1609.8
1263930 1614.2
1263940 1618.6
1263950 1618.6
1263960 1622.7
1263970 1625.9
1263980 1631.3
1263990 1631.3
1264000 1634.4
1264010 1637.0
1264020 1637.0
1264030 1639.5
1264040 1640.7
1264050 1640.7
1264060 1641.5
1264070 1643.3
1264080 1643.3
1264090 1645.7
1264100 1647.3
1264110 1647.3
1264120 1648.1
1264130 1649.4
1264140 1649.4
1264150 1650.3
1264160 1647.3
1264170 1647.3
1264180 1647.1
1264190 1645.5
1264200 1645.5
1264210 1645.2
1264220 1643.8
1264230 1643.8
1264240 1643.5
1264250 1643.9
1264260 1643.6
1264270 1643.6
1264280 1644.1
1264290 1644.5
1264300 1644.5
1264310 1643.9
1264320 1643.1
1264330 1643.1
1264340 1642.0
1264350 1641.1
1264360 1641.1
1264370 1639.7
1264380 1637.0
1264390 1637.0
1264400 1636.8
1264410 1636.6
1264420 1636.6
1264430 1637.1
1264440 1638.3
1264450 1638.3
1264460 1639.4
1264470 1639.9
1264480 1639.9
1264490 1639.6
1264500 1639.2
1264510 1639.2
1264520 1637.9
1264530 1637.1
1264540 1637.1
1264550 1636.9
1264560 1643.4
1264570 1642.6
1264580 1642.6
1264590 1640.8
1264600 1638.6
1264610 1638.6
1264620 1636.2
1264630 1633.8
1264640 1633.8
1264650 1631.6
1264660 1629.3
1264670 1629.3
1264680 1627.3
1264690 1625.5
1264700 1625.5
1264710 1623.8
1264720 1621.9
1264730 1621.9
1264740 1619.9
1264750 1618.3
1264760 1618.3
1264770 1618.2
1264780 1616.5
1264790 1616.5
1264800 1612.8
1264810 1609.7
1264820 1609.7
1264830 1609.0
1264840 1607.6
1264850 1605.5
1264860 1605.5
1264870 1603.8
1264880 1603.3
1264890 1603.3
1264900 1603.8
1264910 1603.3
1264920 1603.3
1264930 1602.2
1264940 1601.1
1264950 1601.1
1264960 1601.0
1264970 1601.4
1264980 1601.4
1264990 1602.0
1265000 1601.3
1265010 1601.3
1265020 1596.1
1265030 1589.6
1265040 1589.6
1265050 1582.8
1265060 1576.2
1265070 1576.2
1265080 1570.4
1265090 1565.4
1265100 1565.4
1265110 1561.5
1265120 1560.0
1265130 1557.3
1265140 1558.5
1265150 1556.7
1265160 1556.9
1265170 1556.9
1265180 1556.7
1265190 1557.2
1265200 1557.2
1265210 1556.9
1265220 1558.7
1265230 1558.7
1265240 1561.1
1265250 1562.4
1265260 1562.4
1265270 1564.2
1265280 1567.0
1265290 1567.0
1265300 1570.7
1265310 1573.0
1265320 1573.0
1265330 1573.6
1265340 1571.0
1265350 1571.0
1265360 1569.3
1265370 1569.5
1265380 1569.5
1265390 1570.9
1265400 1569.9
1265410 1566.8
1265420 1566.8
1265430 1565.5
1265440 1566.8
1265450 1566.8
1265460 1568.3
1265470 1569.4
1265480 1569.4
1265490 1569.8
1265500 1566.2
1265510 1566.2
1265520 1564.5
1265530 1566.1
1265540 1566.1
1265550 1570.3
1265560 1574.3
1265570 1574.3
1265580 1575.1
1265590 1571.4
1265600 1571.4
1265610 1566.5
1265620 1559.0
1265630 1559.0
1265640 1549.6
1265650 1542.4
1265660 1542.4
1265670 1536.5
1265680 1531.5
1265690 1527.3
1265700 1527.3
1265710 1524.8
1265720 1525.9
1265730 1525.9
1265740 1522.5
1265750 1520.3
1265760 1520.3
1265770 1518.4
1265780 1516.4
1265790 1516.4
1265800 1515.0
1265810 1515.0
1265820 1515.0
1265830 1518.7
1265840 1526.1
1265850 1526.1
1265860 1532.2
1265870 1538.0
1265880 1538.0
1265890 1543.6
1265900 1549.0
1265910 1549.0
1265920 1554.7
1265930 1560.1
1265940 1560.1
1265950 1565.3
1265960 1570.7
1265970 1577.2
1265980 1577.2
1265990 1583.2
1266000 1588.7
1266010 1588.7
1266020 1595.3
1266030 1602.8
1266040 1602.8
1266050 1610.1
1266060 1621.7
1266070 1621.7
1266080 1649.7
1266090 1672.1
1266100 1672.1
1266110 1688.7
1266120 1701.0
1266130 1701.0
1266140 1710.6
1266150 1717.2
1266160 1717.2
1266170 1725.0
1266180 1733.3
1266190 1733.3
1266200 1743.6
1266210 1757.3
1266220 1757.3
1266230 1768.2
1266240 1779.5
1266250 1788.4
1266260 1788.4
1266270 1797.9
1266280 1807.4
1266290 1807.4
1266300 1817.3
1266310 1817.5
1266320 1817.5
1266330 1823.6
1266340 1830.8
1266350 1830.8
1266360 1837.7
1266370 1843.9
1266380 1843.9
1266390 1849.2
1266400 1854.0
1266410 1854.0
1266420 1858.7
1266430 1862.4
1266440 1862.4
1266450 1866.0
1266460 1870.2
1266470 1870.2
1266480 1874.9
1266490 1879.3
1266500 1879.3
1266510 1884.0
1266520 1887.5
1266530 1891.6
1266540 1891.6
1266550 1897.0
1266560 1903.2
1266570 1903.2
1266580 1908.6
1266590 1911.1
1266600 1911.1
1266610 1914.5
1266620 1917.4
1266630 1917.4
1266640 1919.2
1266650 1921.5
1266660 1921.5
1266670 1923.0
1266680 1924.3
1266690 1924.3
1266700 1925.5
1266710 1926.9
1266720 1926.9
1266730 1928.8
1266740 1930.8
1266750 1930.8
1266760 1932.4
1266770 1933.5
1266780 1933.5
1266790 1936.3
1266800 1939.2
1266810 1941.5
1266820 1941.5
1266830 1944.2
1266840 1945.7
1266850 1945.7
1266860 1946.6
1266870 1947.7
1266880 1947.7
1266890 1947.4
1266900 1949.2
1266910 1949.2
1266920 1951.3
1266930 1952.4
1266940 1952.4
1266950 1953.1
1266960 1954.3
1266970 1954.3
1266980 1955.9
1266990 1957.0
1267000 1957.0
1267010 1958.4
1267020 1959.7
1267030 1959.7
1267040 1961.4
1267050 1963.4
1267060 1963.4
1267070 1965.3
1267080 1968.3
1267090 1970.7
1267100 1970.7
1267110 1973.0
1267120 1974.9
1267130 1974.9
1267140 1978.2
1267150 1980.6
1267160 1980.6
1267170 1982.7
1267180 1984.3
1267190 1984.3
1267200 1985.4
1267210 1986.1
1267220 1986.1
1267230 1989.9
1267240 1992.8
1267250 1992.8
1267260 1994.7
1267270 1996.1
1267280 1996.1
1267290 1997.0
1267300 1998.7
1267310 1998.7
1267320 2001.0
1267330 2004.0
1267340 2004.0
1267350 2007.3
1267360 2011.0
1267370 2011.9
1267380 2011.9
1267390 2012.8
1267400 2013.3
1267410 2013.3
1267420 2013.4
1267430 2013.3
1267440 2013.3
1267450 2014.9
1267460 2015.0
1267470 2015.0
1267480 2013.7
1267490 2014.0
1267500 2014.0
1267510 2014.8
1267520 2016.3
1267530 2016.3
1267540 2017.9
1267550 2019.8
1267560 2019.8
1267570 2022.9
1267580 2024.8
1267590 2024.8
1267600 2026.4
1267610 2027.2
1267620 2027.2
1267630 2027.6
1267640 2027.9
1267650 2027.9
1267660 2027.9
1267670 2028.8
1267680 2030.4
1267690 2030.4
1267700 2031.5
1267710 2032.9
1267720 2032.9
1267730 2033.8
1267740 2036.3
1267750 2036.3
1267760 2039.5
1267770 2042.3
1267780 2042.3
1267790 2043.6
1267800 2045.5
1267810 2045.5
1267820 2047.2
1267830 2049.6
1267840 2049.6
1267850 2050.7
1267860 2051.1
1267870 2051.1
1267880 2053.1
1267890 2054.1
1267900 2054.1
1267910 2055.0
1267920 2056.5
1267930 2057.5
1267940 2057.5
1267950 2058.7
1267960 2060.4
1267970 2060.4
1267980 2062.5
1267990 2064.4
1268000 2064.4
1268010 2065.9
1268020 2066.7
1268030 2066.7
1268040 2067.2
1268050 2067.9
1268060 2065.8
1268070 2068.0
1268080 2070.8
1268090 2070.8
1268100 2072.9
1268110 2074.6
1268120 2074.6
1268130 2076.5
1268140 2078.5
1268150 2078.5
1268160 2080.2
1268170 2082.6
1268180 2082.6
1268190 2085.4
1268200 2088.4
1268210 2091.4
1268220 2091.4
1268230 2094.4
1268240 2097.4
1268250 2097.4
1268260 2100.1
1268270 2102.8
1268280 2102.8
1268290 2105.7
1268300 2107.3
1268310 2107.3
1268320 2107.5
1268330 2105.9
1268340 2105.9
1268350 2103.9
1268360 2102.2
1268370 2102.2
1268380 2099.5
1268390 2097.1
1268400 2097.1
1268410 2096.2
1268420 2095.6
1268430 2095.6
1268440 2093.7
1268450 2092.1
1268460 2092.1
1268470 2091.4
1268480 2091.2
1268490 2091.2
1268500 2091.2
1268510 2090.9
1268520 2089.6
1268530 2089.6
1268540 2088.4
1268550 2088.0
1268560 2088.0
1268570 2087.6
1268580 2087.1
1268590 2087.1
1268600 2086.9
1268610 2087.3
1268620 2087.3
1268630 2088.6
1268640 2089.7
1268650 2092.9
1268660 2094.6
1268670 2096.6
1268680 2096.6
1268690 2098.1
1268700 2098.1
1268710 2098.1
1268720 2098.2
1268730 2098.8
1268740 2098.8
1268750 2099.3
1268760 2099.4
1268770 2100.0
1268780 2100.0
1268790 2101.2
1268800 2102.9
1268810 2102.9
1268820 2105.3
1268830 2108.3
1268840 2108.3
1268850 2111.5
1268860 2113.8
1268870 2113.8
1268880 2116.4
1268890 2118.5
1268900 2118.5
1268910 2120.1
1268920 2120.8
1268930 2120.8
1268940 2120.3
1268950 2119.8
1268960 2119.8
1268970 2118.9
1268980 2118.8
1268990 2118.8
1269000 2118.2
1269010 2117.1
1269020 2117.1
1269030 2112.3
1269040 2104.8
1269050 2096.3
1269060 2096.3
1269070 2087.8
1269080 2079.7
1269090 2079.7
1269100 2073.0
1269110 2067.2
1269120 2067.2
1269130 2059.1
1269140 2052.7
1269150 2052.7
1269160 2048.5
1269170 2045.7
1269180 2045.7
1269190 2042.9
1269200 2038.6
1269210 2038.6
1269220 2035.1
1269230 2031.2
1269240 2036.6
1269250 2033.5
1269260 2032.2
1269270 2032.2
1269280 2027.6
1269290 2019.2
1269300 2019.2
1269310 2004.5
1269320 1991.4
1269330 1981.2
1269340 1981.2
1269350 1972.5
1269360 1967.1
1269370 1967.1
1269380 1960.5
1269390 1952.2
1269400 1952.2
1269410 1945.9
1269420 1941.5
1269430 1941.5
1269440 1933.9
1269450 1927.0
1269460 1927.0
1269470 1924.7
1269480 1923.1
1269490 1923.1
1269500 1922.3
1269510 1922.4
1269520 1922.4
1269530 1923.0
1269540 1923.9
1269550 1923.9
1269560 1925.2
1269570 1927.2
1269580 1927.2
1269590 1929.8
1269600 1933.1
1269610 1937.5
1269620 1937.5
1269630 1941.9
1269640 1948.5
1269650 1948.5
1269660 1958.9
1269670 1967.1
1269680 1967.1
1269690 1974.2
1269700 1983.8
1269710 1983.8
1269720 1992.4
1269730 1999.7
1269740 1999.7
1269750 2007.7
1269760 2012.2
1269770 2012.2
1269780 2013.2
1269790 2017.3
1269800 2017.3
1269810 2023.6
1269820 2027.4
1269830 2036.3
1269840 2037.1
1269850 2035.1
1269860 2035.1
1269870 2039.1
1269880 2046.3
1269890 2052.2
1269900 2052.2
1269910 2054.4
1269920 2056.6
1269930 2056.6
1269940 2059.3
1269950 2062.7
1269960 2062.7
1269970 2066.4
1269980 2069.7
1269990 2069.7
1270000 2072.5
1270010 2077.2
1270020 2077.2
1270030 2081.6
1270040 2085.5
1270050 2085.5
1270060 2087.5
1270070 2087.4
1270080 2087.4
1270090 2087.2
1270100 2086.6
1270110 2086.6
1270120 2087.7
1270130 2088.1
1270140 2088.1
1270150 2089.2
1270160 2090.3
1270170 2092.8
1270180 2092.8
1270190 2096.1
1270200 2100.2
1270210 2100.2
1270220 2103.6
1270230 2103.9
1270240 2103.9
1270250 2102.8
1270260 2101.5
1270270 2101.5
1270280 2099.8
1270290 2097.4
1270300 2097.4
1270310 2094.8
1270320 2094.0
1270330 2094.0
1270340 2093.7
1270350 2093.3
1270360 2093.3
1270370 2095.3
1270380 2097.1
1270390 2097.1
1270400 2093.1
1270410 2093.1
1270420 2093.1
1270430 2098.8
1270440 2091.5
1270450 2079.4
1270460 2079.4
1270470 2053.7
1270480 2026.6
1270490 2026.6
1270500 2003.7
1270510 1994.9
1270520 1994.9
1270530 1991.5
1270540 1988.1
1270550 1988.1
1270560 1984.2
1270570 1978.8
1270580 1978.8
1270590 1972.5
1270600 1966.4
1270610 1966.4
1270620 1960.1
1270630 1953.5
1270640 1953.5
1270650 1947.2
1270660 1941.5
1270670 1941.5
1270680 1936.0
1270690 1931.3
1270700 1931.3
1270710 1927.4
1270720 1924.6
1270730 1924.0
1270740 1924.0
1270750 1926.8
1270760 1931.8
1270770 1931.8
1270780 1937.9
1270790 1944.5
1270800 1944.5
1270810 1950.5
1270820 1955.8
1270830 1955.8
1270840 1958.8
1270850 1958.2
1270860 1958.2
1270870 1955.7
1270880 1952.1
1270890 1952.1
1270900 1948.6
1270910 1946.4
1270920 1946.4
1270930 1945.4
1270940 1944.5
1270950 1944.5
1270960 1943.6
1270970 1942.5
1270980 1942.5
1270990 1941.7
1271000 1940.8
1271010 1939.1
1271020 1938.1
1271030 1937.7
1271040 1935.0
1271050 1935.0
1271060 1929.1
1271070 1922.1
1271080 1922.1
1271090 1916.1
1271100 1914.3
1271110 1914.3
1271120 1914.7
1271130 1914.1
1271140 1914.1
1271150 1912.2
1271160 1910.4
1271170 1910.4
1271180 1907.3
1271190 1907.3
1271200 1907.3
1271210 1910.4
1271220 1909.9
1271230 1909.9
1271240 1908.8
1271250 1909.2
1271260 1909.2
1271270 1911.1
1271280 1913.2
1271290 1916.0
1271300 1916.0
1271310 1917.6
1271320 1918.4
1271330 1918.4
1271340 1917.1
1271350 1914.5
1271360 1914.5
1271370 1916.9
1271380 1917.9
1271390 1917.9
1271400 1919.2
1271410 1919.9
1271420 1919.9
1271430 1917.7
1271440 1916.8
1271450 1916.8
1271460 1915.4
1271470 1915.7
1271480 1915.7
1271490 1916.5
1271500 1916.1
1271510 1916.1
1271520 1916.8
1271530 1916.8
1271540 1916.8
1271550 1916.9
1271560 1915.1
1271570 1911.4
1271580 1911.4
1271590 1912.8
1271600 1914.9
1271610 1914.9
1271620 1923.4
1271630 1922.6
1271640 1922.6
1271650 1920.0
1271660 1916.6
1271670 1916.6
1271680 1912.1
1271690 1908.4
1271700 1908.4
1271710 1905.8
1271720 1905.4
1271730 1905.4
1271740 1905.0
1271750 1904.9
1271760 1904.9
1271770 1904.0
1271780 1903.4
1271790 1903.4
1271800 1904.1
1271810 1904.5
1271820 1904.5
1271830 1905.1
1271840 1906.1
1271850 1907.5
1271860 1907.5
1271870 1908.3
1271880 1908.6
1271890 1908.6
1271900 1908.4
1271910 1908.4
1271920 1908.4
1271930 1908.1
1271940 1908.3
1271950 1908.3
1271960 1909.5
1271970 1906.6
1271980 1906.6
1271990 1903.6
1272000 1902.5
1272010 1902.5
1272020 1906.4
1272030 1910.4
1272040 1910.4
1272050 1912.3
1272060 1914.6
1272070 1914.6
1272080 1917.2
1272090 1920.5
1272100 1920.5
1272110 1923.6
1272120 1928.4
1272130 1933.9
1272140 1933.9
1272150 1939.8
1272160 1945.9
1272170 1945.9
1272180 1951.4
1272190 1957.0
1272200 1957.0
1272210 1962.2
1272220 1966.1
1272230 1966.1
1272240 1971.9
1272250 1977.6
1272260 1977.6
1272270 1983.6
1272280 1989.2
1272290 1989.2
1272300 1994.8
1272310 2004.5
1272320 2004.5
1272330 2012.6
1272340 2018.8
1272350 2018.8
1272360 2025.3
1272370 2031.7
1272380 2031.7
1272390 2038.4
1272400 2044.6
1272410 2051.4
1272420 2051.4
1272430 2058.1
1272440 2063.9
1272450 2063.9
1272460 2070.7
1272470 2079.0
1272480 2079.0
1272490 2085.3
1272500 2089.6
1272510 2089.6
1272520 2109.5
1272530 2123.2
1272540 2123.2
1272550 2134.2
1272560 2140.4
1272570 2140.4
1272580 2143.8
1272590 2149.1
1272600 2149.1
1272610 2157.7
1272620 2165.9
1272630 2165.9
1272640 2175.0
1272650 2182.8
1272660 2182.8
1272670 2187.5
1272680 2191.1
1272690 2196.0
1272700 2196.0
1272710 2202.4
1272720 2206.3
1272730 2206.3
1272740 2211.3
1272750 2222.1
1272760 2222.1
1272770 2233.5
1272780 2243.1
1272790 2243.1
1272800 2252.2
1272810 2261.3
1272820 2252.6
1272830 2257.3
1272840 2259.6
1272850 2259.6
1272860 2263.5
1272870 2266.8
1272880 2266.8
1272890 2269.9
1272900 2275.0
1272910 2275.0
1272920 2281.1
1272930 2288.3
1272940 2288.3
1272950 2293.8
1272960 2297.7
1272970 2304.3
1272980 2304.3
1272990 2307.8
1273000 2309.7
1273010 2309.7
1273020 2315.6
1273030 2322.5
1273040 2322.5
1273050 2328.2
1273060 2335.8
1273070 2335.8
1273080 2341.8
1273090 2345.9
1273100 2345.9
1273110 2350.7
1273120 2355.7
1273130 2355.7
1273140 2361.3
1273150 2366.5
1273160 2366.5
1273170 2372.5
1273180 2381.6
1273190 2381.6
1273200 2391.1
1273210 2399.5
1273220 2399.5
1273230 2409.2
1273240 2418.8
1273250 2427.3
1273260 2427.3
1273270 2433.5
1273280 2435.7
1273290 2435.7
1273300 2436.4
1273310 2437.1
1273320 2437.1
1273330 2438.2
1273340 2439.5
1273350 2439.5
1273360 2440.8
1273370 2440.9
1273380 2440.9
1273390 2439.3
1273400 2434.5
1273410 2434.5
1273420 2424.3
1273430 2419.4
1273440 2419.4
1273450 2414.9
1273460 2410.7
1273470 2410.7
1273480 2406.8
1273490 2400.5
1273500 2400.5
1273510 2390.5
1273520 2381.5
1273530 2373.0
1273540 2373.0
1273550 2368.7
1273560 2360.7
1273570 2360.7
1273580 2350.4
1273590 2339.0
1273600 2339.0
1273610 2319.9
1273620 2294.1
1273630 2294.1
1273640 2276.1
1273650 2264.3
1273660 2264.3
1273670 2253.3
1273680 2217.8
1273690 2217.8
1273700 2175.2
1273710 2160.6
1273720 2160.6
1273730 2150.9
1273740 2143.5
1273750 2143.5
1273760 2136.8
1273770 2129.9
1273780 2129.9
1273790 2122.9
1273800 2116.3
1273810 2109.4
1273820 2109.4
1273830 2102.1
1273840 2094.2
1273850 2094.2
1273860 2087.3
1273870 2080.8
1273880 2080.8
1273890 2074.4
1273900 2068.1
1273910 2068.1
1273920 2062.0
1273930 2055.6
1273940 2055.6
1273950 2049.5
1273960 2043.6
1273970 2043.6
1273980 2032.8
1273990 2022.6
1274000 2022.6
1274010 2012.0
1274020 2004.2
1274030 2002.5
1274040 1995.7
1274050 1989.4
1274060 1989.4
1274070 1983.7
1274080 1978.4
1274090 1973.0
1274100 1973.0
1274110 1968.6
1274120 1963.9
1274130 1963.9
1274140 1958.2
1274150 1952.1
1274160 1952.1
1274170 1945.8
1274180 1940.1
1274190 1940.1
1274200 1934.5
1274210 1928.5
1274220 1928.5
1274230 1922.8
1274240 1917.2
1274250 1917.2
1274260 1911.5
1274270 1905.9
1274280 1905.9
1274290 1900.7
1274300 1895.5
1274310 1895.5
1274320 1890.0
1274330 1884.5
1274340 1884.5
1274350 1879.3
1274360 1874.7
1274370 1870.2
1274380 1870.2
1274390 1865.2
1274400 1860.1
1274410 1860.1
1274420 1855.3
1274430 1851.0
1274440 1851.0
1274450 1847.4
1274460 1843.8
1274470 1843.8
1274480 1839.9
1274490 1835.7
1274500 1835.7
1274510 1831.3
1274520 1827.1
1274530 1827.1
1274540 1822.9
1274550 1818.9
1274560 1818.9
1274570 1814.8
1274580 1810.7
1274590 1810.7
1274600 1807.3
1274610 1804.4
1274620 1804.4
1274630 1805.6
1274640 1803.7
1274650 1801.7
1274660 1801.7
1274670 1799.8
1274680 1798.3
1274690 1798.3
1274700 1796.9
1274710 1795.3
1274720 1795.3
1274730 1793.3
1274740 1791.2
1274750 1791.2
1274760 1789.4
1274770 1787.5
1274780 1787.5
1274790 1785.4
1274800 1783.2
1274810 1783.2
1274820 1780.9
1274830 1778.0
1274840 1778.0
1274850 1775.3
1274860 1772.9
1274870 1772.9
1274880 1770.4
1274890 1768.0
1274900 1768.0
1274910 1765.8
1274920 1763.8
1274930 1762.4
1274940 1762.4
1274950 1761.4
1274960 1760.8
1274970 1760.8
1274980 1760.0
1274990 1759.2
1275000 1759.2
1275010 1758.3
1275020 1757.6
1275030 1757.6
1275040 1757.0
1275050 1756.4
1275060 1756.4
1275070 1756.0
1275080 1755.7
1275090 1755.7
1275100 1755.0
1275110 1756.6
1275120 1756.6
1275130 1758.9
1275140 1760.1
1275150 1760.1
1275160 1761.7
1275170 1763.0
1275180 1763.0
1275190 1764.5
1275200 1765.5
1275210 1765.0
1275220 1765.0
1275230 1764.4
1275240 1768.7
1275250 1768.7
1275260 1768.1
1275270 1767.7
1275280 1767.7
1275290 1768.4
1275300 1768.8
1275310 1768.8
1275320 1768.6
1275330 1768.3
1275340 1768.3
1275350 1767.3
1275360 1769.5
1275370 1769.5
1275380 1770.8
1275390 1771.0
1275400 1771.0
1275410 1771.7
1275420 1772.7
1275430 1772.7
1275440 1773.0
1275450 1773.3
1275460 1773.3
1275470 1772.2
1275480 1771.2
1275490 1770.0
1275500 1770.0
1275510 1768.6
1275520 1767.0
1275530 1767.0
1275540 1764.6
1275550 1761.3
1275560 1761.3
1275570 1757.7
1275580 1753.1
1275590 1753.1
1275600 1748.8
1275610 1746.5
1275620 1746.5
1275630 1744.9
1275640 1743.1
1275650 1743.1
1275660 1742.7
1275670 1743.9
1275680 1743.9
1275690 1743.7
1275700 1741.5
1275710 1741.5
1275720 1740.0
1275730 1740.8
1275740 1740.8
1275750 1741.2
1275760 1741.5
1275770 1741.4
1275780 1741.4
1275790 1741.0
1275800 1740.4
1275810 1740.4
1275820 1738.7
1275830 1736.6
1275840 1736.6
1275850 1734.1
1275860 1733.4
1275870 1733.4
1275880 1736.3
1275890 1739.5
1275900 1739.5
1275910 1741.3
1275920 1741.9
1275930 1741.9
1275940 1741.7
1275950 1741.2
1275960 1741.2
1275970 1740.6
1275980 1739.1
1275990 1739.1
1276000 1738.0
1276010 1738.0
1276020 1738.0
1276030 1737.6
1276040 1737.8
1276050 1739.6
1276060 1739.6
1276070 1740.5
1276080 1740.5
1276090 1740.5
1276100 1739.9
1276110 1738.9
1276120 1738.9
1276130 1737.9
1276140 1737.1
1276150 1737.1
1276160 1735.1
1276170 1732.6
1276180 1732.6
1276190 1728.5
1276200 1722.7
1276210 1722.7
1276220 1719.0
1276230 1716.6
1276240 1716.6
1276250 1714.5
1276260 1711.7
1276270 1711.7
1276280 1710.0
1276290 1708.7
1276300 1708.7
1276310 1707.4
1276320 1705.2
1276330 1702.4
1276340 1702.4
1276350 1700.1
1276360 1698.9
1276370 1698.9
1276380 1697.2
1276390 1695.2
1276400 1695.2
1276410 1691.6
1276420 1687.2
1276430 1687.2
1276440 1684.4
1276450 1683.3
1276460 1686.8
1276470 1687.1
1276480 1687.8
1276490 1687.8
1276500 1685.9
1276510 1682.9
1276520 1682.9
1276530 1682.6
1276540 1687.5
1276550 1687.5
1276560 1690.7
1276570 1691.1
1276580 1691.1
1276590 1689.4
1276600 1687.3
1276610 1685.4
1276620 1685.4
1276630 1683.2
1276640 1684.7
1276650 1684.7
1276660 1688.0
1276670 1688.8
1276680 1688.8
1276690 1688.7
1276700 1687.9
1276710 1687.9
1276720 1686.4
1276730 1685.6
1276740 1685.6
1276750 1684.7
1276760 1682.9
1276770 1682.9
1276780 1679.3
1276790 1674.4
1276800 1674.4
1276810 1669.5
1276820 1665.0
1276830 1665.0
1276840 1660.6
1276850 1655.5
1276860 1655.5
1276870 1649.6
1276880 1645.2
1276890 1640.7
1276900 1640.7
1276910 1638.8
1276920 1638.7
1276930 1638.7
1276940 1641.5
1276950 1648.5
1276960 1648.5
1276970 1655.6
1276980 1658.3
1276990 1658.3
1277000 1657.6
1277010 1656.0
1277020 1656.0
1277030 1654.5
1277040 1653.4
1277050 1653.4
1277060 1651.6
1277070 1650.2
1277080 1652.2
1277090 1649.7
1277100 1646.5
1277110 1646.5
1277120 1645.7
1277130 1645.3
1277140 1645.3
1277150 1644.5
1277160 1644.3
1277170 1643.3
1277180 1643.3
1277190 1642.3
1277200 1643.6
1277210 1643.6
1277220 1643.6
1277230 1645.7
1277240 1645.7
1277250 1648.8
1277260 1651.5
1277270 1651.5
1277280 1651.6
1277290 1649.5
1277300 1649.5
1277310 1646.7
1277320 1644.8
1277330 1644.8
1277340 1643.1
1277350 1641.2
1277360 1641.2
1277370 1639.0
1277380 1635.3
1277390 1635.3
1277400 1633.0
1277410 1630.8
1277420 1630.8
1277430 1629.2
1277440 1629.7
1277450 1631.6
1277460 1631.6
1277470 1630.6
1277480 1627.4
1277490 1627.4
1277500 1623.6
1277510 1619.4
1277520 1619.4
1277530 1615.0
1277540 1609.8
1277550 1609.8
1277560 1603.6
1277570 1597.5
1277580 1597.5
1277590 1591.4
1277600 1585.0
1277610 1585.0
1277620 1577.4
1277630 1569.2
1277640 1569.2
1277650 1562.3
1277660 1556.1
1277670 1556.1
1277680 1550.4
1277690 1538.4
1277700 1538.4
1277710 1532.9
1277720 1527.1
1277730 1521.4
1277740 1521.4
1277750 1516.1
1277760 1511.4
1277770 1511.4
1277780 1505.2
1277790 1497.9
1277800 1497.9
1277810 1490.0
1277820 1481.7
1277830 1481.7
1277840 1474.0
1277850 1466.7
1277860 1466.7
1277870 1461.3
1277880 1457.5
1277890 1457.5
1277900 1453.5
1277910 1450.2
1277920 1450.2
1277930 1447.0
1277940 1443.5
1277950 1443.5
1277960 1439.8
1277970 1436.6
1277980 1436.6
1277990 1433.3
1278000 1429.4
1278010 1426.1
1278020 1426.1
1278030 1422.7
1278040 1419.4
1278050 1419.4
1278060 1416.3
1278070 1413.7
1278080 1413.7
1278090 1411.7
1278100 1409.0
1278110 1409.0
1278120 1405.9
1278130 1403.3
1278140 1403.3
1278150 1401.3
1278160 1399.4
1278170 1399.4
1278180 1398.2
1278190 1396.9
1278200 1396.9
1278210 1396.2
1278220 1396.2
1278230 1396.2
1278240 1397.2
1278250 1398.2
1278260 1398.2
1278270 1398.5
1278280 1398.3
1278290 1397.6
1278300 1397.6
1278310 1402.0
1278320 1399.4
1278330 1399.4
1278340 1396.5
1278350 1395.5
1278360 1395.5
1278370 1396.6
1278380 1398.5
1278390 1398.5
1278400 1397.3
1278410 1392.2
1278420 1392.2
1278430 1385.9
1278440 1379.6
1278450 1379.6
1278460 1374.0
1278470 1368.8
1278480 1368.8
1278490 1362.8
1278500 1355.4
1278510 1355.4
1278520 1346.9
1278530 1339.2
1278540 1339.2
1278550 1332.8
1278560 1328.9
1278570 1329.9
1278580 1329.9
1278590 1330.0
1278600 1332.9
1278610 1332.9
1278620 1334.2
1278630 1334.6
1278640 1334.6
1278650 1336.5
1278660 1336.4
1278670 1336.4
1278680 1334.0
1278690 1331.4
1278700 1331.4
1278710 1328.0
1278720 1326.2
1278730 1326.2
1278740 1324.6
1278750 1322.7
1278760 1322.7
1278770 1320.5
1278780 1319.1
1278790 1319.1
1278800 1317.0
1278810 1315.8
1278820 1315.8
1278830 1317.3
1278840 1317.9
1278850 1317.7
1278860 1317.7
1278870 1317.8
1278880 1318.3
1278890 1318.3
1278900 1319.0
1278910 1319.4
1278920 1319.4
1278930 1315.9
1278940 1317.8
1278950 1317.8
1278960 1320.6
1278970 1323.2
1278980 1323.2
1278990 1324.7
1279000 1325.1
1279010 1325.1
1279020 1326.1
1279030 1326.7
1279040 1326.7
1279050 1326.8
1279060 1326.8
1279070 1326.8
1279080 1328.9
1279090 1331.4
1279100 1331.4
1279110 1335.3
1279120 1338.8
1279130 1343.1
1279140 1343.1
1279150 1346.4
1279160 1343.3
1279170 1343.3
1279180 1336.9
1279190 1331.9
1279200 1331.9
1279210 1328.5
1279220 1326.0
1279230 1326.0
1279240 1323.7
1279250 1323.5
1279260 1323.5
1279270 1322.5
1279280 1320.7
1279290 1320.7
1279300 1320.8
1279310 1319.6
1279320 1319.6
1279330 1318.1
1279340 1316.8
1279350 1316.8
1279360 1316.4
1279370 1315.4
1279380 1315.4
1279390 1314.2
1279400 1313.6
1279410 1312.0
1279420 1312.0
1279430 1313.0
1279440 1312.8
1279450 1312.8
1279460 1313.7
1279470 1314.4
1279480 1314.4
1279490 1315.7
1279500 1317.2
1279510 1317.2
1279520 1321.1
1279530 1321.4
1279540 1321.4
1279550 1315.2
1279560 1314.0
1279570 1314.0
1279580 1312.7
1279590 1314.0
1279600 1314.0
1279610 1314.8
1279620 1316.2
1279630 1316.2
1279640 1316.4
1279650 1316.8
1279660 1316.8
1279670 1317.2
1279680 1318.0
1279690 1318.1
1279700 1318.1
1279710 1318.1
1279720 1317.9
1279730 1317.9
1279740 1318.7
1279750 1318.3
1279760 1318.3
1279770 1319.1
1279780 1319.9
1279790 1319.9
1279800 1320.5
1279810 1321.0
1279820 1321.0
1279830 1320.5
1279840 1321.9
1279850 1321.9
1279860 1324.2
1279870 1326.3
1279880 1326.3
1279890 1326.7
1279900 1326.6
1279910 1326.6
1279920 1324.1
1279930 1320.9
1279940 1320.9
1279950 1317.5
1279960 1305.6
1279970 1299.9
1279980 1299.9
1279990 1307.1
