1260000 1739.3
1260010 1735.8
1260020 1735.8
1260030 1732.2
1260040 1727.8
1260050 1727.8
1260060 1725.0
1260070 1722.5
1260080 1722.5
1260090 1719.6
1260100 1716.7
1260110 1716.7
1260120 1713.6
1260130 1709.8
1260140 1709.8
1260150 1704.5
1260160 1698.6
1260170 1698.6
1260180 1692.9
1260190 1687.2
1260200 1687.2
1260210 1683.1
1260220 1678.9
1260230 1678.9
1260240 1673.1
1260250 1667.7
1260260 1667.7
1260270 1661.7
1260280 1654.3
1260290 1645.9
1260300 1645.9
1260310 1636.3
1260320 1626.5
1260330 1626.5
1260340 1617.8
1260350 1610.4
1260360 1610.4
1260370 1603.3
1260380 1594.6
1260390 1594.6
1260400 1587.6
1260410 1582.8
1260420 1582.8
1260430 1578.4
1260440 1573.6
1260450 1573.6
1260460 1568.5
1260470 1563.0
1260480 1563.0
1260490 1559.7
1260500 1564.1
1260510 1564.1
1260520 1567.8
1260530 1568.3
1260540 1572.4
1260550 1570.3
1260560 1567.7
1260570 1567.7
1260580 1565.0
1260590 1562.3
1260600 1557.0
1260610 1557.0
1260620 1548.1
1260630 1538.7
1260640 1538.7
1260650 1530.7
1260660 1523.0
1260670 1523.0
1260680 1513.0
1260690 1502.4
1260700 1502.4
1260710 1493.3
1260720 1484.9
1260730 1484.9
1260740 1477.5
1260750 1470.7
1260760 1470.7
1260770 1464.8
1260780 1459.0
1260790 1459.0
1260800 1452.4
1260810 1447.3
1260820 1447.3
1260830 1440.5
1260840 1432.0
1260850 1432.0
1260860 1423.3
1260870 1411.4
1260880 1396.9
1260890 1396.9
1260900 1384.5
1260910 1369.2
1260920 1369.2
1260930 1359.2
1260940 1351.7
1260950 1351.7
1260960 1344.0
1260970 1337.3
1260980 1337.3
1260990 1331.6
1261000 1326.1
1261010 1326.1
1261020 1321.2
1261030 1316.1
1261040 1316.1
1261050 1311.4
1261060 1306.6
1261070 1306.6
1261080 1301.6
1261090 1296.3
1261100 1296.3
1261110 1288.8
1261120 1283.0
1261130 1283.0
1261140 1277.4
1261150 1271.7
1261160 1266.3
1261170 1266.3
1261180 1261.0
1261190 1256.0
1261200 1256.0
1261210 1251.1
1261220 1245.3
1261230 1245.3
1261240 1239.4
1261250 1234.3
1261260 1234.3
1261270 1229.8
1261280 1225.4
1261290 1225.4
1261300 1220.1
1261310 1213.5
1261320 1213.5
1261330 1207.0
1261340 1201.7
1261350 1201.7
1261360 1197.6
1261370 1197.2
1261380 1197.2
1261390 1199.2
1261400 1204.7
1261410 1204.7
1261420 1212.1
1261430 1219.8
1261440 1227.2
1261450 1227.2
1261460 1234.0
1261470 1241.1
1261480 1241.1
1261490 1247.1
1261500 1250.8
1261510 1250.8
1261520 1253.1
1261530 1253.3
1261540 1253.3
1261550 1253.4
1261560 1249.9
1261570 1249.9
1261580 1247.4
1261590 1246.3
1261600 1246.3
1261610 1245.6
1261620 1244.8
1261630 1244.8
1261640 1243.2
1261650 1240.2
1261660 1240.2
1261670 1237.4
1261680 1239.5
1261690 1239.5
1261700 1237.5
1261710 1236.3
1261720 1236.8
1261730 1236.8
1261740 1238.4
1261750 1240.4
1261760 1240.4
1261770 1242.9
1261780 1244.6
1261790 1244.6
1261800 1245.9
1261810 1246.6
1261820 1246.6
1261830 1247.1
1261840 1247.8
1261850 1247.8
1261860 1248.7
1261870 1248.6
1261880 1248.6
1261890 1247.8
1261900 1246.5
1261910 1246.5
1261920 1244.9
1261930 1243.9
1261940 1243.9
1261950 1242.1
1261960 1239.6
1261970 1239.6
1261980 1237.1
1261990 1234.5
1262000 1232.3
1262010 1232.3
1262020 1230.8
1262030 1231.4
1262040 1231.4
1262050 1233.0
1262060 1234.9
1262070 1234.9
1262080 1236.8
1262090 1237.8
1262100 1237.8
1262110 1238.6
1262120 1239.2
1262130 1239.2
1262140 1239.6
1262150 1239.8
1262160 1239.8
1262170 1240.1
1262180 1241.1
1262190 1241.1
1262200 1243.1
1262210 1245.2
1262220 1245.2
1262230 1247.2
1262240 1248.6
1262250 1250.9
1262260 1251.8
1262270 1251.8
1262280 1252.0
1262290 1252.0
1262300 1251.7
1262310 1250.4
1262320 1250.4
1262330 1248.4
1262340 1246.5
1262350 1246.5
1262360 1244.4
1262370 1244.3
1262380 1244.3
1262390 1246.8
1262400 1248.0
1262410 1248.0
1262420 1248.3
1262430 1248.6
1262440 1248.6
1262450 1250.1
1262460 1251.2
1262470 1251.2
1262480 1251.9
1262490 1253.4
1262500 1253.4
1262510 1254.5
1262520 1253.8
1262530 1253.8
1262540 1253.6
1262550 1253.6
1262560 1253.7
1262570 1253.7
1262580 1253.7
1262590 1253.7
1262600 1253.7
1262610 1253.8
1262620 1253.8
1262630 1253.8
1262640 1253.8
1262650 1253.9
1262660 1253.9
1262670 1254.0
1262680 1254.0
1262690 1254.0
1262700 1254.0
1262710 1254.1
1262720 1254.1
1262730 1254.2
1262740 1254.2
1262750 1254.2
1262760 1254.3
1262770 1254.4
1262780 1254.4
1262790 1254.4
1262800 1254.4
1262810 1254.4
1262820 1254.5
1262830 1255.0
1262840 1255.5
1262850 1255.5
1262860 1255.9
1262870 1256.3
1262880 1256.3
1262890 1256.8
1262900 1257.2
1262910 1257.2
1262920 1257.3
1262930 1257.9
1262940 1257.9
1262950 1258.8
1262960 1259.2
1262970 1259.2
1262980 1259.4
1262990 1259.9
1263000 1259.9
1263010 1260.4
1263020 1260.8
1263030 1260.8
1263040 1261.3
1263050 1261.8
1263060 1261.8
1263070 1262.6
1263080 1265.3
1263090 1265.3
1263100 1270.2
1263110 1274.5
1263120 1273.8
1263130 1273.8
1263140 1272.7
1263150 1272.8
1263160 1272.8
1263170 1274.8
1263180 1278.2
1263190 1278.2
1263200 1280.3
1263210 1280.7
1263220 1280.7
1263230 1281.7
1263240 1284.0
1263250 1284.0
1263260 1287.5
1263270 1291.1
1263280 1291.1
1263290 1294.6
1263300 1297.1
1263310 1297.1
1263320 1299.5
1263330 1301.5
1263340 1301.5
1263350 1303.2
1263360 1304.5
1263370 1304.5
1263380 1305.2
1263390 1305.6
1263400 1302.7
1263410 1302.5
1263420 1302.4
1263430 1303.3
1263440 1303.3
1263450 1304.0
1263460 1304.5
1263470 1304.5
1263480 1305.1
1263490 1306.7
1263500 1306.7
1263510 1308.7
1263520 1311.4
1263530 1311.4
1263540 1313.8
1263550 1316.5
1263560 1316.5
1263570 1319.2
1263580 1322.0
1263590 1322.0
1263600 1324.6
1263610 1326.7
1263620 1326.7
1263630 1328.2
1263640 1329.2
1263650 1329.2
1263660 1329.9
1263670 1329.9
1263680 1329.9
1263690 1330.9
1263700 1333.5
1263710 1335.1
1263720 1335.1
1263730 1337.7
1263740 1341.0
1263750 1341.0
1263760 1344.0
1263770 1346.3
1263780 1346.3
1263790 1348.7
1263800 1351.3
1263810 1351.3
1263820 1353.4
1263830 1353.9
1263840 1353.9
1263850 1355.3
1263860 1356.9
1263870 1356.9
1263880 1357.2
1263890 1357.9
1263900 1357.9
1263910 1359.1
1263920 1360.6
1263930 1360.6
1263940 1362.1
1263950 1363.4
1263960 1363.4
1263970 1364.4
1263980 1362.1
1263990 1361.8
1264000 1361.8
1264010 1360.7
1264020 1360.0
1264030 1360.0
1264040 1359.4
1264050 1357.1
1264060 1357.1
1264070 1354.7
1264080 1352.4
1264090 1352.4
1264100 1351.5
1264110 1353.2
1264120 1353.2
1264130 1357.1
1264140 1362.9
1264150 1362.9
1264160 1369.6
1264170 1376.2
1264180 1376.2
1264190 1382.6
1264200 1388.6
1264210 1388.6
1264220 1393.5
1264230 1394.2
1264240 1394.2
1264250 1395.5
1264260 1397.2
1264270 1399.0
1264280 1399.0
1264290 1400.5
1264300 1400.6
1264310 1400.6
1264320 1400.4
1264330 1400.4
1264340 1400.4
1264350 1402.0
1264360 1403.2
1264370 1403.2
1264380 1403.9
1264390 1405.1
1264400 1405.1
1264410 1406.5
1264420 1408.1
1264430 1408.1
1264440 1409.8
1264450 1411.6
1264460 1411.6
1264470 1413.1
1264480 1413.8
1264490 1413.8
1264500 1414.9
1264510 1416.1
1264520 1416.1
1264530 1417.6
1264540 1419.4
1264550 1420.8
1264560 1421.1
1264570 1422.3
1264580 1423.3
1264590 1423.3
1264600 1424.4
1264610 1425.7
1264620 1425.7
1264630 1427.2
1264640 1427.9
1264650 1427.9
1264660 1428.4
1264670 1428.3
1264680 1428.3
1264690 1428.0
1264700 1427.1
1264710 1427.1
1264720 1426.6
1264730 1425.3
1264740 1425.3
1264750 1425.7
1264760 1427.0
1264770 1427.0
1264780 1427.8
1264790 1428.4
1264800 1428.4
1264810 1428.4
1264820 1428.5
1264830 1429.3
1264840 1429.3
1264850 1430.0
1264860 1431.1
1264870 1431.1
1264880 1433.2
1264890 1432.9
1264900 1432.9
1264910 1430.9
1264920 1431.0
1264930 1431.0
1264940 1431.2
1264950 1430.9
1264960 1430.9
1264970 1429.7
1264980 1427.8
1264990 1427.8
1265000 1426.8
1265010 1424.9
1265020 1424.9
1265030 1422.1
1265040 1419.6
1265050 1419.6
1265060 1416.6
1265070 1413.1
1265080 1413.1
1265090 1409.3
1265100 1408.7
1265110 1409.0
1265120 1409.0
1265130 1409.4
1265140 1409.1
1265150 1409.1
1265160 1407.4
1265170 1406.0
1265180 1406.0
1265190 1404.5
1265200 1403.4
1265210 1403.4
1265220 1403.1
1265230 1403.3
1265240 1403.3
1265250 1403.5
1265260 1403.8
1265270 1403.8
1265280 1404.1
1265290 1404.2
1265300 1404.2
1265310 1404.5
1265320 1405.1
1265330 1405.1
1265340 1405.2
1265350 1405.5
1265360 1405.5
1265370 1406.1
1265380 1405.8
1265390 1401.4
1265400 1401.4
1265410 1396.3
1265420 1392.5
1265430 1392.5
1265440 1390.0
1265450 1387.2
1265460 1387.2
1265470 1387.2
1265480 1387.4
1265490 1387.4
1265500 1386.6
1265510 1388.2
1265520 1388.2
1265530 1390.8
1265540 1394.0
1265550 1394.0
1265560 1397.1
1265570 1400.3
1265580 1400.3
1265590 1402.8
1265600 1405.4
1265610 1405.4
1265620 1408.7
1265630 1411.7
1265640 1411.7
1265650 1414.7
1265660 1417.6
1265670 1419.6
1265680 1419.6
1265690 1421.1
1265700 1422.6
1265710 1422.6
1265720 1420.8
1265730 1423.3
1265740 1423.3
1265750 1426.4
1265760 1428.4
1265770 1428.4
1265780 1429.7
1265790 1430.7
1265800 1430.7
1265810 1431.4
1265820 1432.0
1265830 1432.0
1265840 1432.4
1265850 1432.2
1265860 1432.2
1265870 1431.7
1265880 1432.5
1265890 1432.5
1265900 1433.8
1265910 1435.3
1265920 1435.3
1265930 1437.2
1265940 1439.8
1265950 1442.0
1265960 1442.0
1265970 1444.0
1265980 1445.9
1265990 1445.9
1266000 1448.3
1266010 1451.9
1266020 1451.9
1266030 1458.0
1266040 1465.3
1266050 1465.3
1266060 1472.9
1266070 1480.8
1266080 1480.8
1266090 1488.8
1266100 1493.2
1266110 1493.2
1266120 1493.0
1266130 1491.5
1266140 1491.5
1266150 1490.6
1266160 1489.7
1266170 1489.7
1266180 1488.9
1266190 1488.6
1266200 1488.6
1266210 1486.2
1266220 1482.2
1266230 1482.2
1266240 1482.3
1266250 1483.8
1266260 1485.7
1266270 1485.7
1266280 1487.6
1266290 1489.1
1266300 1484.4
1266310 1486.1
1266320 1487.3
1266330 1487.3
1266340 1489.9
1266350 1496.0
1266360 1496.0
1266370 1498.9
1266380 1500.1
1266390 1500.1
1266400 1501.2
1266410 1502.3
1266420 1502.3
1266430 1503.1
1266440 1504.7
1266450 1504.7
1266460 1506.9
1266470 1509.1
1266480 1509.1
1266490 1511.3
1266500 1513.1
1266510 1513.1
1266520 1513.6
1266530 1513.7
1266540 1514.2
1266550 1514.2
1266560 1515.1
1266570 1516.1
1266580 1516.1
1266590 1517.5
1266600 1518.0
1266610 1518.0
1266620 1518.7
1266630 1518.7
1266640 1518.7
1266650 1518.8
1266660 1519.7
1266670 1519.7
1266680 1520.3
1266690 1520.4
1266700 1520.4
1266710 1520.6
1266720 1520.5
1266730 1520.5
1266740 1520.4
1266750 1519.7
1266760 1519.7
1266770 1518.7
1266780 1519.1
1266790 1519.1
1266800 1519.9
1266810 1521.3
1266820 1522.8
1266830 1522.8
1266840 1524.1
1266850 1524.8
1266860 1524.8
1266870 1525.0
1266880 1519.3
1266890 1519.3
1266900 1519.7
1266910 1520.3
1266920 1520.3
1266930 1521.3
1266940 1521.6
1266950 1521.6
1266960 1521.7
1266970 1520.6
1266980 1520.6
1266990 1519.2
1267000 1517.6
1267010 1517.6
1267020 1517.3
1267030 1516.2
1267040 1516.2
1267050 1517.6
1267060 1520.6
1267070 1520.6
1267080 1523.0
1267090 1525.8
1267100 1528.9
1267110 1528.9
1267120 1528.5
1267130 1525.4
1267140 1525.4
1267150 1522.0
1267160 1519.6
1267170 1519.6
1267180 1519.3
1267190 1519.8
1267200 1519.8
1267210 1520.4
1267220 1523.1
1267230 1523.1
1267240 1523.3
1267250 1517.8
1267260 1517.8
1267270 1510.8
1267280 1507.1
1267290 1507.1
1267300 1509.5
1267310 1513.9
1267320 1513.9
1267330 1516.9
1267340 1520.0
1267350 1520.0
1267360 1525.3
1267370 1532.2
1267380 1537.2
1267390 1537.2
1267400 1535.9
1267410 1532.8
1267420 1532.8
1267430 1530.2
1267440 1528.6
1267450 1528.6
1267460 1528.0
1267470 1522.4
1267480 1522.4
1267490 1523.3
1267500 1525.2
1267510 1525.2
1267520 1527.6
1267530 1530.0
1267540 1530.0
1267550 1532.0
1267560 1533.7
1267570 1533.7
1267580 1535.3
1267590 1537.6
1267600 1537.6
1267610 1541.4
1267620 1545.4
1267630 1545.4
1267640 1548.7
1267650 1551.3
1267660 1553.2
1267670 1553.2
1267680 1554.6
1267690 1555.5
1267700 1555.5
1267710 1554.7
1267720 1554.9
1267730 1554.9
1267740 1554.9
1267750 1553.7
1267760 1553.7
1267770 1552.9
1267780 1551.7
1267790 1551.7
1267800 1551.0
1267810 1550.2
1267820 1550.2
1267830 1550.1
1267840 1550.8
1267850 1550.8
1267860 1551.4
1267870 1553.1
1267880 1553.1
1267890 1554.0
1267900 1554.6
1267910 1554.6
1267920 1554.1
1267930 1552.1
1267940 1550.2
1267950 1550.2
1267960 1550.1
1267970 1551.5
1267980 1551.5
1267990 1552.4
1268000 1551.8
1268010 1551.8
1268020 1550.3
1268030 1549.1
1268040 1549.1
1268050 1550.0
1268060 1544.0
1268070 1544.0
1268080 1543.5
1268090 1542.3
1268100 1542.3
1268110 1543.7
1268120 1545.6
1268130 1545.6
1268140 1546.2
1268150 1548.4
1268160 1548.4
1268170 1551.9
1268180 1555.0
1268190 1555.0
1268200 1557.3
1268210 1560.1
1268220 1563.0
1268230 1563.0
1268240 1565.9
1268250 1569.8
1268260 1569.8
1268270 1574.0
1268280 1577.5
1268290 1577.5
1268300 1580.0
1268310 1581.8
1268320 1581.8
1268330 1582.9
1268340 1583.0
1268350 1583.0
1268360 1583.4
1268370 1586.5
1268380 1586.5
1268390 1590.6
1268400 1594.0
1268410 1594.0
1268420 1595.2
1268430 1595.5
1268440 1595.5
1268450 1592.6
1268460 1590.1
1268470 1590.1
1268480 1592.2
1268490 1594.2
1268500 1596.5
1268510 1596.5
1268520 1598.9
1268530 1601.4
1268540 1601.4
1268550 1603.2
1268560 1604.2
1268570 1604.2
1268580 1605.9
1268590 1608.3
1268600 1608.3
1268610 1610.1
1268620 1611.5
1268630 1611.5
1268640 1612.2
1268650 1605.2
1268660 1605.2
1268670 1604.5
1268680 1604.2
1268690 1604.2
1268700 1603.8
1268710 1603.5
1268720 1603.5
1268730 1604.6
1268740 1604.9
1268750 1604.9
1268760 1607.1
1268770 1609.2
1268780 1609.9
1268790 1609.9
1268800 1611.1
1268810 1612.9
1268820 1612.9
1268830 1613.6
1268840 1613.3
1268850 1613.3
1268860 1614.1
1268870 1616.9
1268880 1616.9
1268890 1619.5
1268900 1621.4
1268910 1621.4
1268920 1623.4
1268930 1625.8
1268940 1625.8
1268950 1628.9
1268960 1632.0
1268970 1632.0
1268980 1631.3
1268990 1628.5
1269000 1628.5
1269010 1626.8
1269020 1627.9
1269030 1627.9
1269040 1630.1
1269050 1633.5
1269060 1637.0
1269070 1637.0
1269080 1636.5
1269090 1635.2
1269100 1635.2
1269110 1640.7
1269120 1646.9
1269130 1646.9
1269140 1651.0
1269150 1655.7
1269160 1655.7
1269170 1660.4
1269180 1663.0
1269190 1663.0
1269200 1661.5
1269210 1660.5
1269220 1660.5
1269230 1660.3
1269240 1647.0
1269250 1647.0
1269260 1648.7
1269270 1649.9
1269280 1649.9
1269290 1650.5
1269300 1651.9
1269310 1651.9
1269320 1653.9
1269330 1654.8
1269340 1654.8
1269350 1655.0
1269360 1653.7
1269370 1652.6
1269380 1652.6
1269390 1654.4
1269400 1656.8
1269410 1656.8
1269420 1657.1
1269430 1656.4
1269440 1656.4
1269450 1657.1
1269460 1659.7
1269470 1659.7
1269480 1662.4
1269490 1664.6
1269500 1664.6
1269510 1666.3
1269520 1667.6
1269530 1667.6
1269540 1669.3
1269550 1671.9
1269560 1671.9
1269570 1674.2
1269580 1682.1
1269590 1682.1
1269600 1692.5
1269610 1689.6
1269620 1689.6
1269630 1690.9
1269640 1691.4
1269650 1696.1
1269660 1696.1
1269670 1708.1
1269680 1726.2
1269690 1726.2
1269700 1730.0
1269710 1725.6
1269720 1725.6
1269730 1713.0
1269740 1702.9
1269750 1702.9
1269760 1703.9
1269770 1702.4
1269780 1702.4
1269790 1694.5
1269800 1688.6
1269810 1688.6
1269820 1685.2
1269830 1678.2
1269840 1678.2
1269850 1677.2
1269860 1675.1
1269870 1675.1
1269880 1673.4
1269890 1672.3
1269900 1672.3
1269910 1670.0
1269920 1667.6
1269930 1665.2
1269940 1665.2
1269950 1664.6
1269960 1664.9
1269970 1664.9
1269980 1665.0
1269990 1665.1
1270000 1665.1
1270010 1664.8
1270020 1663.3
1270030 1663.3
1270040 1661.8
1270050 1663.2
1270060 1663.2
1270070 1664.8
1270080 1665.9
1270090 1665.9
1270100 1667.3
1270110 1669.7
1270120 1669.7
1270130 1672.3
1270140 1675.0
1270150 1675.0
1270160 1676.8
1270170 1677.3
1270180 1677.3
1270190 1677.1
1270200 1676.7
1270210 1676.2
1270220 1676.2
1270230 1676.2
1270240 1677.5
1270250 1677.5
1270260 1679.6
1270270 1681.5
1270280 1681.5
1270290 1683.7
1270300 1686.7
1270310 1686.7
1270320 1688.5
1270330 1691.2
1270340 1691.2
1270350 1694.1
1270360 1697.2
1270370 1697.2
1270380 1700.2
1270390 1703.0
1270400 1703.0
1270410 1706.6
1270420 1703.8
1270430 1703.8
1270440 1706.7
1270450 1710.1
1270460 1710.1
1270470 1713.7
1270480 1717.5
1270490 1720.5
1270500 1720.5
1270510 1725.2
1270520 1747.3
1270530 1747.3
1270540 1767.0
1270550 1775.4
1270560 1775.4
1270570 1780.9
1270580 1779.3
1270590 1779.3
1270600 1781.8
1270610 1787.3
1270620 1787.3
1270630 1784.6
1270640 1783.4
1270650 1783.4
1270660 1793.5
1270670 1791.1
1270680 1791.1
1270690 1786.4
1270700 1779.3
1270710 1779.3
1270720 1772.8
1270730 1770.3
1270740 1770.3
1270750 1772.8
1270760 1775.1
1270770 1775.4
1270780 1775.4
1270790 1779.8
1270800 1784.0
1270810 1784.0
1270820 1780.9
1270830 1787.4
1270840 1787.4
1270850 1799.2
1270860 1794.5
1270870 1794.5
1270880 1794.9
1270890 1793.6
1270900 1793.6
1270910 1797.1
1270920 1810.2
1270930 1810.2
1270940 1822.6
1270950 1833.4
1270960 1833.4
1270970 1850.3
1270980 1858.4
1270990 1858.4
1271000 1859.1
1271010 1857.3
1271020 1844.7
1271030 1846.8
1271040 1850.1
1271050 1846.9
1271060 1846.9
1271070 1850.5
1271080 1861.8
1271090 1861.8
1271100 1876.4
1271110 1887.3
1271120 1887.3
1271130 1893.3
1271140 1896.5
1271150 1896.5
1271160 1894.9
1271170 1894.8
1271180 1894.8
1271190 1899.8
1271200 1912.6
1271210 1912.6
1271220 1929.0
1271230 1938.1
1271240 1938.1
1271250 1945.8
1271260 1950.6
1271270 1950.6
1271280 1958.9
1271290 1967.5
1271300 1967.5
1271310 1975.4
1271320 1985.3
1271330 1997.1
1271340 1997.1
1271350 2013.9
1271360 2027.0
1271370 2027.0
1271380 2040.7
1271390 2049.4
1271400 2049.4
1271410 2055.1
1271420 2062.1
1271430 2062.1
1271440 2066.3
1271450 2070.8
1271460 2070.8
1271470 2076.8
1271480 2083.4
1271490 2083.4
1271500 2087.7
1271510 2091.3
1271520 2091.3
1271530 2097.5
1271540 2098.9
1271550 2098.9
1271560 2099.4
1271570 2099.4
1271580 2099.4
1271590 2102.8
1271600 2110.5
1271610 2115.7
1271620 2097.0
1271630 2099.4
1271640 2102.9
1271650 2102.9
1271660 2106.3
1271670 2107.5
1271680 2107.5
1271690 2115.6
1271700 2130.2
1271710 2130.2
1271720 2139.8
1271730 2144.4
1271740 2144.4
1271750 2148.1
1271760 2151.3
1271770 2151.3
1271780 2155.3
1271790 2158.0
1271800 2158.0
1271810 2158.7
1271820 2161.8
1271830 2161.8
1271840 2165.3
1271850 2173.2
1271860 2173.2
1271870 2177.1
1271880 2180.7
1271890 2189.4
1271900 2189.4
1271910 2195.5
1271920 2198.7
1271930 2198.7
1271940 2195.1
1271950 2192.1
1271960 2192.1
1271970 2189.5
1271980 2184.4
1271990 2184.4
1272000 2173.2
1272010 2159.5
1272020 2159.5
1272030 2149.1
1272040 2142.6
1272050 2142.6
1272060 2136.9
1272070 2132.1
1272080 2132.1
1272090 2128.4
1272100 2125.4
1272110 2125.4
1272120 2122.1
1272130 2119.3
1272140 2119.3
1272150 2117.5
1272160 2116.2
1272170 2116.0
1272180 2116.0
1272190 2117.5
1272200 2119.8
1272210 2119.8
1272220 2116.5
1272230 2119.9
1272240 2119.9
1272250 2123.5
1272260 2125.0
1272270 2125.0
1272280 2126.4
1272290 2128.8
1272300 2128.8
1272310 2131.1
1272320 2131.8
1272330 2131.8
1272340 2133.3
1272350 2136.8
1272360 2136.8
1272370 2139.7
1272380 2142.1
1272390 2142.1
1272400 2145.1
1272410 2148.2
1272420 2148.2
1272430 2150.1
1272440 2151.7
1272450 2151.7
1272460 2153.7
1272470 2155.0
1272480 2157.5
1272490 2157.5
1272500 2158.2
1272510 2157.2
1272520 2157.2
1272530 2158.7
1272540 2162.9
1272550 2162.9
1272560 2168.0
1272570 2173.6
1272580 2173.6
1272590 2179.2
1272600 2184.6
1272610 2184.6
1272620 2189.8
1272630 2193.9
1272640 2193.9
1272650 2199.9
1272660 2202.5
1272670 2202.5
1272680 2203.1
1272690 2203.4
1272700 2203.4
1272710 2204.1
1272720 2205.1
1272730 2205.1
1272740 2204.4
1272750 2203.6
1272760 2203.8
1272770 2203.8
1272780 2203.9
1272790 2206.9
1272800 2206.9
1272810 2211.2
1272820 2213.6
1272830 2213.6
1272840 2217.8
1272850 2222.0
1272860 2222.0
1272870 2226.3
1272880 2230.4
1272890 2230.4
1272900 2234.6
1272910 2239.4
1272920 2239.4
1272930 2245.1
1272940 2250.4
1272950 2250.4
1272960 2254.8
1272970 2259.5
1272980 2259.5
1272990 2265.2
1273000 2270.7
1273010 2270.7
1273020 2275.5
1273030 2279.1
1273040 2282.2
1273050 2282.2
1273060 2286.0
1273070 2289.6
1273080 2289.6
1273090 2291.6
1273100 2295.3
1273110 2295.3
1273120 2299.8
1273130 2302.6
1273140 2302.6
1273150 2306.2
1273160 2312.3
1273170 2312.3
1273180 2318.5
1273190 2324.6
1273200 2324.6
1273210 2329.9
1273220 2335.5
1273230 2335.5
1273240 2340.8
1273250 2345.6
1273260 2345.6
1273270 2350.7
1273280 2358.7
1273290 2358.7
1273300 2368.3
1273310 2372.8
1273320 2379.6
1273330 2379.6
1273340 2405.4
1273350 2418.7
1273360 2418.7
1273370 2425.4
1273380 2431.8
1273390 2431.8
1273400 2438.5
1273410 2444.9
1273420 2438.6
1273430 2443.7
1273440 2449.1
1273450 2449.1
1273460 2459.5
1273470 2477.0
1273480 2477.0
1273490 2496.9
1273500 2508.3
1273510 2508.3
1273520 2516.4
1273530 2527.5
1273540 2527.5
1273550 2543.5
1273560 2554.0
1273570 2554.0
1273580 2567.3
1273590 2575.7
1273600 2576.5
1273610 2576.5
1273620 2582.3
1273630 2591.3
1273640 2591.3
1273650 2600.4
1273660 2609.9
1273670 2609.9
1273680 2613.9
1273690 2616.8
1273700 2616.8
1273710 2619.0
1273720 2617.0
1273730 2617.0
1273740 2611.1
1273750 2605.3
1273760 2605.3
1273770 2599.4
1273780 2600.6
1273790 2600.6
1273800 2598.8
1273810 2589.2
1273820 2589.2
1273830 2584.9
1273840 2579.8
1273850 2579.8
1273860 2572.2
1273870 2562.5
1273880 2554.9
1273890 2554.9
1273900 2553.3
1273910 2551.4
1273920 2551.4
1273930 2543.3
1273940 2523.0
1273950 2523.0
1273960 2503.6
1273970 2486.7
1273980 2486.7
1273990 2474.2
1274000 2461.9
1274010 2461.9
1274020 2463.7
1274030 2446.1
1274040 2446.1
1274050 2431.7
1274060 2416.0
1274070 2416.0
1274080 2401.8
1274090 2390.7
1274100 2390.7
1274110 2380.8
1274120 2374.3
1274130 2374.3
1274140 2359.7
1274150 2338.2
1274160 2308.6
1274170 2308.6
1274180 2277.2
1274190 2255.6
1274200 2255.6
1274210 2242.3
1274220 2224.0
1274230 2224.0
1274240 2201.1
1274250 2185.3
1274260 2185.3
1274270 2177.0
1274280 2169.5
1274290 2169.5
1274300 2162.6
1274310 2155.7
1274320 2155.7
1274330 2148.8
1274340 2142.1
1274350 2142.1
1274360 2135.7
1274370 2129.5
1274380 2129.5
1274390 2123.6
1274400 2118.2
1274410 2118.2
1274420 2113.8
1274430 2110.6
1274440 2109.3
1274450 2109.3
1274460 2109.1
1274470 2108.9
1274480 2108.9
1274490 2109.0
1274500 2109.8
1274510 2109.8
1274520 2110.2
1274530 2110.2
1274540 2110.2
1274550 2110.0
1274560 2109.3
1274570 2109.3
1274580 2108.5
1274590 2108.4
1274600 2108.4
1274610 2109.6
1274620 2112.6
1274630 2109.3
1274640 2112.5
1274650 2115.6
1274660 2115.6
1274670 2118.1
1274680 2120.1
1274690 2120.1
1274700 2121.9
1274710 2122.5
1274720 2122.8
1274730 2122.8
1274740 2122.9
1274750 2123.8
1274760 2123.8
1274770 2126.1
1274780 2129.5
1274790 2129.5
1274800 2133.6
1274810 2136.5
1274820 2136.5
1274830 2138.6
1274840 2140.3
1274850 2140.3
1274860 2141.4
1274870 2140.2
1274880 2140.2
1274890 2142.9
1274900 2144.4
1274910 2144.4
1274920 2144.1
1274930 2145.9
1274940 2145.9
1274950 2151.1
1274960 2154.6
1274970 2154.6
1274980 2159.7
1274990 2167.4
1275000 2172.6
1275010 2172.6
1275020 2176.6
1275030 2179.6
1275040 2179.6
1275050 2182.1
1275060 2183.1
1275070 2183.1
1275080 2181.6
1275090 2178.4
1275100 2178.4
1275110 2175.1
1275120 2171.4
1275130 2171.4
1275140 2167.2
1275150 2163.9
1275160 2163.9
1275170 2160.3
1275180 2156.5
1275190 2156.5
1275200 2149.8
1275210 2141.1
1275220 2141.1
1275230 2132.5
1275240 2119.0
1275250 2119.0
1275260 2111.6
1275270 2106.8
1275280 2103.4
1275290 2103.4
1275300 2099.9
1275310 2095.0
1275320 2095.0
1275330 2088.0
1275340 2074.8
1275350 2074.8
1275360 2058.7
1275370 2047.9
1275380 2047.9
1275390 2041.2
1275400 2035.9
1275410 2035.9
1275420 2028.1
1275430 2019.2
1275440 2019.2
1275450 2013.4
1275460 2009.2
1275470 2009.2
1275480 2001.9
1275490 1995.0
1275500 1995.0
1275510 1987.6
1275520 1980.1
1275530 1980.1
1275540 1976.4
1275550 1975.3
1275560 1975.3
1275570 1974.2
1275580 1972.0
1275590 1969.2
1275600 1969.2
1275610 1971.6
1275620 1974.4
1275630 1974.4
1275640 1976.7
1275650 1977.3
1275660 1977.3
1275670 1976.0
1275680 1973.6
1275690 1973.6
1275700 1970.2
1275710 1966.6
1275720 1966.6
1275730 1963.8
1275740 1961.5
1275750 1961.5
1275760 1960.7
1275770 1961.9
1275780 1961.9
1275790 1965.4
1275800 1968.4
1275810 1968.4
1275820 1969.3
1275830 1967.8
1275840 1967.8
1275850 1954.6
1275860 1957.6
1275870 1960.8
1275880 1960.8
1275890 1962.6
1275900 1963.8
1275910 1963.8
1275920 1965.3
1275930 1966.0
1275940 1966.0
1275950 1966.1
1275960 1966.0
1275970 1966.0
1275980 1965.8
1275990 1964.9
1276000 1964.9
1276010 1961.8
1276020 1959.6
1276030 1959.6
1276040 1960.2
1276050 1959.7
1276060 1959.7
1276070 1956.7
1276080 1951.7
1276090 1951.7
1276100 1947.1
1276110 1945.9
1276120 1945.9
1276130 1945.7
1276140 1941.6
1276150 1935.3
1276160 1935.3
1276170 1928.2
1276180 1921.7
1276190 1921.7
1276200 1917.0
1276210 1914.6
1276220 1914.6
1276230 1914.6
1276240 1910.5
1276250 1910.5
1276260 1904.0
1276270 1906.7
1276280 1906.7
1276290 1911.9
1276300 1909.8
1276310 1909.8
1276320 1906.1
1276330 1903.3
1276340 1903.3
1276350 1901.9
1276360 1905.5
1276370 1905.5
1276380 1912.8
1276390 1918.5
1276400 1918.5
1276410 1922.0
1276420 1922.9
1276430 1921.2
1276440 1921.2
1276450 1918.8
1276460 1911.2
1276470 1911.2
1276480 1906.2
1276490 1904.9
1276500 1904.9
1276510 1900.9
1276520 1897.2
1276530 1897.2
1276540 1893.5
1276550 1888.7
1276560 1888.7
1276570 1884.0
1276580 1882.6
1276590 1882.6
1276600 1883.2
1276610 1882.2
1276620 1882.2
1276630 1879.3
1276640 1875.3
1276650 1875.3
1276660 1870.8
1276670 1868.5
1276680 1868.5
1276690 1867.3
1276700 1866.9
1276710 1869.6
1276720 1869.6
1276730 1871.5
1276740 1873.8
1276750 1873.8
1276760 1873.7
1276770 1872.2
1276780 1872.2
1276790 1866.4
1276800 1863.8
1276810 1863.8
1276820 1863.0
1276830 1862.2
1276840 1862.2
1276850 1865.3
1276860 1870.6
1276870 1870.6
1276880 1876.0
1276890 1881.1
1276900 1881.1
1276910 1885.6
1276920 1890.8
1276930 1890.8
1276940 1894.4
1276950 1897.0
1276960 1897.0
1276970 1899.1
1276980 1899.9
1276990 1899.8
1277000 1899.8
1277010 1898.6
1277020 1897.9
1277030 1897.9
1277040 1898.5
1277050 1901.1
1277060 1901.1
1277070 1897.2
1277080 1900.8
1277090 1900.8
1277100 1903.9
1277110 1905.7
1277120 1905.7
1277130 1907.5
1277140 1912.1
1277150 1912.1
1277160 1915.6
1277170 1918.0
1277180 1918.0
1277190 1922.2
1277200 1927.6
1277210 1927.6
1277220 1929.9
1277230 1932.9
1277240 1932.9
1277250 1932.8
1277260 1932.5
1277270 1931.6
1277280 1931.6
1277290 1931.7
1277300 1932.9
1277310 1932.9
1277320 1934.4
1277330 1935.0
1277340 1935.0
1277350 1936.8
1277360 1940.1
1277370 1940.1
1277380 1943.8
1277390 1947.7
1277400 1947.7
1277410 1950.8
1277420 1955.5
1277430 1955.5
1277440 1957.0
1277450 1955.6
1277460 1955.6
1277470 1953.9
1277480 1956.9
1277490 1956.9
1277500 1959.9
1277510 1962.9
1277520 1962.9
1277530 1966.7
1277540 1969.6
1277550 1973.4
1277560 1973.4
1277570 1977.7
1277580 1981.1
1277590 1981.1
1277600 1983.3
1277610 1984.5
1277620 1984.5
1277630 1988.0
1277640 1993.3
1277650 1993.3
1277660 1995.7
1277670 1998.5
1277680 1998.5
1277690 1996.0
1277700 1998.5
1277710 1998.5
1277720 2000.9
1277730 2003.0
1277740 2003.0
1277750 2004.6
1277760 2007.2
1277770 2007.2
1277780 2008.6
1277790 2011.7
1277800 2011.7
1277810 2014.3
1277820 2017.9
1277830 2020.2
1277840 2020.2
1277850 2022.1
1277860 2027.1
1277870 2027.1
1277880 2029.6
1277890 2031.1
1277900 2031.1
1277910 2033.7
1277920 2034.6
1277930 2034.6
1277940 2035.1
1277950 2036.0
1277960 2036.0
1277970 2035.4
1277980 2037.5
1277990 2037.5
1278000 2037.7
1278010 2038.2
1278020 2038.2
1278030 2039.9
1278040 2042.2
1278050 2042.2
1278060 2042.9
1278070 2042.7
1278080 2042.7
1278090 2039.6
1278100 2034.1
1278110 2030.3
1278120 2030.3
1278130 2028.4
1278140 2018.4
1278150 2018.4
1278160 1994.5
1278170 1966.3
1278180 1966.3
1278190 1944.6
1278200 1922.4
1278210 1922.4
1278220 1895.9
1278230 1891.8
1278240 1891.8
1278250 1881.0
1278260 1877.1
1278270 1877.1
1278280 1877.0
1278290 1882.4
1278300 1882.4
1278310 1883.2
1278320 1883.8
1278330 1883.8
1278340 1882.9
1278350 1882.5
1278360 1882.5
1278370 1882.4
1278380 1882.8
1278390 1883.9
1278400 1883.9
1278410 1885.0
1278420 1884.0
1278430 1884.0
1278440 1876.4
1278450 1868.5
1278460 1868.5
1278470 1865.5
1278480 1864.5
1278490 1864.5
1278500 1864.9
1278510 1866.4
1278520 1866.4
1278530 1866.8
1278540 1867.3
1278550 1867.3
1278560 1868.1
1278570 1878.6
1278580 1878.6
1278590 1893.4
1278600 1902.1
1278610 1902.1
1278620 1904.9
1278630 1925.5
1278640 1925.5
1278650 1950.8
1278660 1966.7
1278670 1978.7
1278680 1978.7
1278690 1982.3
1278700 1986.4
1278710 1986.4
1278720 1997.2
1278730 2009.9
1278740 2009.9
1278750 2012.8
1278760 2013.2
1278770 2013.2
1278780 2015.9
1278790 2022.8
1278800 2022.8
1278810 2029.8
1278820 2033.5
1278830 2033.5
1278840 2036.5
1278850 2040.0
1278860 2040.0
1278870 2037.7
1278880 2034.4
1278890 2034.4
1278900 2031.1
1278910 2027.9
1278920 2021.2
1278930 2017.7
1278940 2014.2
1278950 2011.0
1278960 2011.0
1278970 2004.9
1278980 1999.7
1278990 1999.7
1279000 1995.6
1279010 1991.2
1279020 1991.2
1279030 1987.0
1279040 1983.4
1279050 1983.4
1279060 1980.2
1279070 1977.6
1279080 1977.6
1279090 1975.8
1279100 1975.3
1279110 1975.3
1279120 1974.2
1279130 1972.3
1279140 1972.3
1279150 1971.9
1279160 1971.8
1279170 1971.8
1279180 1970.4
1279190 1967.3
1279200 1967.3
1279210 1964.7
1279220 1961.6
1279230 1961.6
1279240 1958.4
1279250 1956.1
1279260 1954.0
1279270 1954.0
1279280 1952.1
1279290 1948.4
1279300 1948.4
1279310 1943.7
1279320 1942.1
1279330 1942.1
1279340 1943.5
1279350 1944.6
1279360 1944.6
1279370 1947.8
1279380 1950.6
1279390 1950.6
1279400 1951.9
1279410 1952.5
1279420 1952.5
1279430 1953.2
1279440 1952.5
1279450 1952.5
1279460 1950.3
1279470 1946.6
1279480 1946.6
1279490 1943.4
1279500 1939.1
1279510 1939.1
1279520 1933.0
1279530 1928.2
1279540 1921.8
1279550 1921.8
1279560 1922.9
1279570 1922.8
1279580 1922.8
1279590 1920.8
1279600 1918.9
1279610 1918.9
1279620 1918.0
1279630 1917.7
1279640 1917.7
1279650 1917.0
1279660 1915.0
1279670 1915.0
1279680 1914.7
1279690 1918.0
1279700 1918.0
1279710 1920.2
1279720 1920.8
1279730 1920.8
1279740 1918.7
1279750 1913.9
1279760 1913.9
1279770 1914.0
1279780 1914.1
1279790 1914.1
1279800 1912.2
1279810 1915.1
1279820 1918.6
1279830 1918.6
1279840 1919.9
1279850 1920.1
1279860 1920.1
1279870 1920.3
1279880 1923.5
1279890 1923.5
1279900 1922.2
1279910 1917.7
1279920 1917.7
1279930 1914.8
1279940 1913.2
1279950 1913.2
1279960 1913.0
1279970 1920.9
1279980 1920.9
1279990 1927.5
