1260000 1696.6
1260010 1692.5
1260020 1692.5
1260030 1689.6
1260040 1688.1
1260050 1688.1
1260060 1686.4
1260070 1681.9
1260080 1678.0
1260090 1678.0
1260100 1675.9
1260110 1674.9
1260120 1674.9
1260130 1675.0
1260140 1673.7
1260150 1673.7
1260160 1670.9
1260170 1667.7
1260180 1667.7
1260190 1665.7
1260200 1664.0
1260210 1664.0
1260220 1661.5
1260230 1658.1
1260240 1658.1
1260250 1655.5
1260260 1653.3
1260270 1653.3
1260280 1650.3
1260290 1647.6
1260300 1647.6
1260310 1642.9
1260320 1642.4
1260330 1642.4
1260340 1640.7
1260350 1639.0
1260360 1635.8
1260370 1635.8
1260380 1631.2
1260390 1626.3
1260400 1626.3
1260410 1621.8
1260420 1617.5
1260430 1617.5
1260440 1612.7
1260450 1605.7
1260460 1605.7
1260470 1597.6
1260480 1591.5
1260490 1591.5
1260500 1586.4
1260510 1581.6
1260520 1581.6
1260530 1577.3
1260540 1573.4
1260550 1573.4
1260560 1569.7
1260570 1567.5
1260580 1567.5
1260590 1563.9
1260600 1560.4
1260610 1560.4
1260620 1555.9
1260630 1551.4
1260640 1547.2
1260650 1547.2
1260660 1542.8
1260670 1537.9
1260680 1537.9
1260690 1532.8
1260700 1528.0
1260710 1528.0
1260720 1523.3
1260730 1519.2
1260740 1519.2
1260750 1513.9
1260760 1508.2
1260770 1508.2
1260780 1503.5
1260790 1498.8
1260800 1498.8
1260810 1495.2
1260820 1491.5
1260830 1491.5
1260840 1485.8
1260850 1477.6
1260860 1477.6
1260870 1463.1
1260880 1448.0
1260890 1448.0
1260900 1430.2
1260910 1421.6
1260920 1415.5
1260930 1415.5
1260940 1410.7
1260950 1407.6
1260960 1407.6
1260970 1403.8
1260980 1395.9
1260990 1395.9
1261000 1385.9
1261010 1376.9
1261020 1376.9
1261030 1368.1
1261040 1360.1
1261050 1360.1
1261060 1352.5
1261070 1345.3
1261080 1345.3
1261090 1337.4
1261100 1329.0
1261110 1329.0
1261120 1318.2
1261130 1307.2
1261140 1307.2
1261150 1296.2
1261160 1286.0
1261170 1286.0
1261180 1275.6
1261190 1263.5
1261200 1253.0
1261210 1253.0
1261220 1244.6
1261230 1235.7
1261240 1235.7
1261250 1227.9
1261260 1222.3
1261270 1222.3
1261280 1218.5
1261290 1215.4
1261300 1215.4
1261310 1212.2
1261320 1211.9
1261330 1211.9
1261340 1214.3
1261350 1219.7
1261360 1219.7
1261370 1225.3
1261380 1230.4
1261390 1230.4
1261400 1235.0
1261410 1239.5
1261420 1239.5
1261430 1245.0
1261440 1250.1
1261450 1255.5
1261460 1259.6
1261470 1264.1
1261480 1271.0
1261490 1271.0
1261500 1278.4
1261510 1285.6
1261520 1285.6
1261530 1292.5
1261540 1299.7
1261550 1299.7
1261560 1306.8
1261570 1314.5
1261580 1314.5
1261590 1322.8
1261600 1330.7
1261610 1330.7
1261620 1338.2
1261630 1345.9
1261640 1345.9
1261650 1353.9
1261660 1361.0
1261670 1361.0
1261680 1365.0
1261690 1367.2
1261700 1367.2
1261710 1368.2
1261720 1368.2
1261730 1368.2
1261740 1366.8
1261750 1364.6
1261760 1362.4
1261770 1362.4
1261780 1359.4
1261790 1356.3
1261800 1356.3
1261810 1352.0
1261820 1349.8
1261830 1349.8
1261840 1349.8
1261850 1349.6
1261860 1349.6
1261870 1348.1
1261880 1343.7
1261890 1343.7
1261900 1339.7
1261910 1337.9
1261920 1337.9
1261930 1337.8
1261940 1337.8
1261950 1337.8
1261960 1337.9
1261970 1338.3
1261980 1338.3
1261990 1338.8
1262000 1343.3
1262010 1343.3
1262020 1349.8
1262030 1350.9
1262040 1350.9
1262050 1350.9
1262060 1349.5
1262070 1346.7
1262080 1346.7
1262090 1343.3
1262100 1340.0
1262110 1340.0
1262120 1336.6
1262130 1332.9
1262140 1332.9
1262150 1329.3
1262160 1325.5
1262170 1325.5
1262180 1321.9
1262190 1318.7
1262200 1318.7
1262210 1316.1
1262220 1312.9
1262230 1312.9
1262240 1309.1
1262250 1305.2
1262260 1305.2
1262270 1302.8
1262280 1302.3
1262290 1302.3
1262300 1302.3
1262310 1301.5
1262320 1301.5
1262330 1300.7
1262340 1300.5
1262350 1300.0
1262360 1300.0
1262370 1300.0
1262380 1299.8
1262390 1299.8
1262400 1298.4
1262410 1296.7
1262420 1296.7
1262430 1294.6
1262440 1291.8
1262450 1291.8
1262460 1288.6
1262470 1285.9
1262480 1285.9
1262490 1282.3
1262500 1278.5
1262510 1278.5
1262520 1276.0
1262530 1275.4
1262540 1275.4
1262550 1275.2
1262560 1275.0
1262570 1275.0
1262580 1274.8
1262590 1274.8
1262600 1274.8
1262610 1273.6
1262620 1274.9
1262630 1274.7
1262640 1274.7
1262650 1274.2
1262660 1274.7
1262670 1274.7
1262680 1276.8
1262690 1278.9
1262700 1278.9
1262710 1279.9
1262720 1280.4
1262730 1280.4
1262740 1280.2
1262750 1279.6
1262760 1279.6
1262770 1279.2
1262780 1279.2
1262790 1279.2
1262800 1278.9
1262810 1276.9
1262820 1276.9
1262830 1272.4
1262840 1267.6
1262850 1267.6
1262860 1264.7
1262870 1264.8
1262880 1264.8
1262890 1265.4
1262900 1266.1
1262910 1266.8
1262920 1266.8
1262930 1267.6
1262940 1268.3
1262950 1268.3
1262960 1268.9
1262970 1269.5
1262980 1269.5
1262990 1270.1
1263000 1270.7
1263010 1270.7
1263020 1271.4
1263030 1271.9
1263040 1271.9
1263050 1272.4
1263060 1272.8
1263070 1272.8
1263080 1273.2
1263090 1273.8
1263100 1273.8
1263110 1274.2
1263120 1274.6
1263130 1274.6
1263140 1274.9
1263150 1275.4
1263160 1275.4
1263170 1276.3
1263180 1276.5
1263190 1276.5
1263200 1276.5
1263210 1276.7
1263220 1277.2
1263230 1277.2
1263240 1277.3
1263250 1277.4
1263260 1277.4
1263270 1277.5
1263280 1277.7
1263290 1277.7
1263300 1278.0
1263310 1278.4
1263320 1278.4
1263330 1278.8
1263340 1279.2
1263350 1279.2
1263360 1279.7
1263370 1280.2
1263380 1280.2
1263390 1280.9
1263400 1281.5
1263410 1281.5
1263420 1281.8
1263430 1282.4
1263440 1282.4
1263450 1283.2
1263460 1284.0
1263470 1284.5
1263480 1284.5
1263490 1285.1
1263500 1285.7
1263510 1285.7
1263520 1286.3
1263530 1287.2
1263540 1287.2
1263550 1287.9
1263560 1288.2
1263570 1288.2
1263580 1288.9
1263590 1289.4
1263600 1289.4
1263610 1289.8
1263620 1290.2
1263630 1290.2
1263640 1290.9
1263650 1291.5
1263660 1291.5
1263670 1292.1
1263680 1292.6
1263690 1292.6
1263700 1293.1
1263710 1293.8
1263720 1293.8
1263730 1294.3
1263740 1294.1
1263750 1294.5
1263760 1294.5
1263770 1295.0
1263780 1295.6
1263790 1295.6
1263800 1296.2
1263810 1296.8
1263820 1296.8
1263830 1297.3
1263840 1297.6
1263850 1297.6
1263860 1298.1
1263870 1298.7
1263880 1298.7
1263890 1299.0
1263900 1299.5
1263910 1299.5
1263920 1299.7
1263930 1300.1
1263940 1300.1
1263950 1300.7
1263960 1300.9
1263970 1300.9
1263980 1301.3
1263990 1302.2
1264000 1302.2
1264010 1303.1
1264020 1303.6
1264030 1304.2
1264040 1304.2
1264050 1304.9
1264060 1305.5
1264070 1305.5
1264080 1306.1
1264090 1306.6
1264100 1306.6
1264110 1307.2
1264120 1307.7
1264130 1307.7
1264140 1308.3
1264150 1308.8
1264160 1308.8
1264170 1309.4
1264180 1310.0
1264190 1310.0
1264200 1310.7
1264210 1311.3
1264220 1311.3
1264230 1311.9
1264240 1312.5
1264250 1312.5
1264260 1313.0
1264270 1313.4
1264280 1313.4
1264290 1313.8
1264300 1314.2
1264310 1313.9
1264320 1314.7
1264330 1315.2
1264340 1315.4
1264350 1315.4
1264360 1315.9
1264370 1316.4
1264380 1316.4
1264390 1316.1
1264400 1317.1
1264410 1317.1
1264420 1318.0
1264430 1318.0
1264440 1318.0
1264450 1317.6
1264460 1317.5
1264470 1317.5
1264480 1317.3
1264490 1317.1
1264500 1317.1
1264510 1317.6
1264520 1318.2
1264530 1318.2
1264540 1318.5
1264550 1319.2
1264560 1319.2
1264570 1319.9
1264580 1320.7
1264590 1322.9
1264600 1322.9
1264610 1322.8
1264620 1322.6
1264630 1322.6
1264640 1324.4
1264650 1325.1
1264660 1325.1
1264670 1325.6
1264680 1325.7
1264690 1325.7
1264700 1326.2
1264710 1326.8
1264720 1326.8
1264730 1327.4
1264740 1328.3
1264750 1328.3
1264760 1329.2
1264770 1330.5
1264780 1330.5
1264790 1331.7
1264800 1333.1
1264810 1333.1
1264820 1334.9
1264830 1337.4
1264840 1337.4
1264850 1339.7
1264860 1340.8
1264870 1342.8
1264880 1342.8
1264890 1344.5
1264900 1337.4
1264910 1337.4
1264920 1336.8
1264930 1336.9
1264940 1336.9
1264950 1337.3
1264960 1337.8
1264970 1337.8
1264980 1338.5
1264990 1339.2
1265000 1339.2
1265010 1339.7
1265020 1340.3
1265030 1340.3
1265040 1340.8
1265050 1341.0
1265060 1341.0
1265070 1341.3
1265080 1341.6
1265090 1341.6
1265100 1342.1
1265110 1342.8
1265120 1342.8
1265130 1343.9
1265140 1344.8
1265150 1344.5
1265160 1344.5
1265170 1344.1
1265180 1342.7
1265190 1342.7
1265200 1343.6
1265210 1344.5
1265220 1344.5
1265230 1343.4
1265240 1345.0
1265250 1345.0
1265260 1345.7
1265270 1346.1
1265280 1346.1
1265290 1347.5
1265300 1348.3
1265310 1348.3
1265320 1348.3
1265330 1348.7
1265340 1348.7
1265350 1350.6
1265360 1355.5
1265370 1355.5
1265380 1359.7
1265390 1361.7
1265400 1361.7
1265410 1366.5
1265420 1370.0
1265430 1373.0
1265440 1373.0
1265450 1377.4
1265460 1382.6
1265470 1382.6
1265480 1393.1
1265490 1399.9
1265500 1399.9
1265510 1402.2
1265520 1401.1
1265530 1401.1
1265540 1401.8
1265550 1406.5
1265560 1406.5
1265570 1413.0
1265580 1419.3
1265590 1419.3
1265600 1425.3
1265610 1431.3
1265620 1431.3
1265630 1437.2
1265640 1441.7
1265650 1441.7
1265660 1445.5
1265670 1448.3
1265680 1448.3
1265690 1450.4
1265700 1453.0
1265710 1454.0
1265720 1454.0
1265730 1454.8
1265740 1455.5
1265750 1455.5
1265760 1454.3
1265770 1452.1
1265780 1452.1
1265790 1448.3
1265800 1445.7
1265810 1445.7
1265820 1447.8
1265830 1451.9
1265840 1451.9
1265850 1458.6
1265860 1465.8
1265870 1465.8
1265880 1472.6
1265890 1478.9
1265900 1478.9
1265910 1483.0
1265920 1486.4
1265930 1486.4
1265940 1488.6
1265950 1491.0
1265960 1491.0
1265970 1495.1
1265980 1499.2
1265990 1499.2
1266000 1498.9
1266010 1496.8
1266020 1494.8
1266030 1494.8
1266040 1493.3
1266050 1492.2
1266060 1489.5
1266070 1488.6
1266080 1486.7
1266090 1486.7
1266100 1484.8
1266110 1483.9
1266120 1483.9
1266130 1483.6
1266140 1483.2
1266150 1483.2
1266160 1482.7
1266170 1482.3
1266180 1482.3
1266190 1481.4
1266200 1480.4
1266210 1480.4
1266220 1479.6
1266230 1479.3
1266240 1479.3
1266250 1479.7
1266260 1480.1
1266270 1480.1
1266280 1480.5
1266290 1480.9
1266300 1480.6
1266310 1480.6
1266320 1480.2
1266330 1479.5
1266340 1479.5
1266350 1478.3
1266360 1477.4
1266370 1477.4
1266380 1476.7
1266390 1476.5
1266400 1476.5
1266410 1477.0
1266420 1476.8
1266430 1476.8
1266440 1475.4
1266450 1475.1
1266460 1475.1
1266470 1474.8
1266480 1473.8
1266490 1473.8
1266500 1475.6
1266510 1476.6
1266520 1476.6
1266530 1477.7
1266540 1480.1
1266550 1480.1
1266560 1481.0
1266570 1481.9
1266580 1481.6
1266590 1481.6
1266600 1481.9
1266610 1483.6
1266620 1483.6
1266630 1484.4
1266640 1486.8
1266650 1490.8
1266660 1493.8
1266670 1497.2
1266680 1497.2
1266690 1500.9
1266700 1504.3
1266710 1504.3
1266720 1506.5
1266730 1509.3
1266740 1509.3
1266750 1510.1
1266760 1507.8
1266770 1507.8
1266780 1505.3
1266790 1506.3
1266800 1506.3
1266810 1506.5
1266820 1505.1
1266830 1505.1
1266840 1504.4
1266850 1508.0
1266860 1509.2
1266870 1509.2
1266880 1510.8
1266890 1512.9
1266900 1512.9
1266910 1514.4
1266920 1515.0
1266930 1515.0
1266940 1514.4
1266950 1513.5
1266960 1513.5
1266970 1513.1
1266980 1512.5
1266990 1512.5
1267000 1512.0
1267010 1511.8
1267020 1511.8
1267030 1511.7
1267040 1511.8
1267050 1511.8
1267060 1511.1
1267070 1510.9
1267080 1510.9
1267090 1511.0
1267100 1511.8
1267110 1511.8
1267120 1512.9
1267130 1512.2
1267140 1511.0
1267150 1511.0
1267160 1509.3
1267170 1508.7
1267180 1508.7
1267190 1512.2
1267200 1516.0
1267210 1516.0
1267220 1518.9
1267230 1527.0
1267240 1527.0
1267250 1530.7
1267260 1534.2
1267270 1534.2
1267280 1537.3
1267290 1537.7
1267300 1537.7
1267310 1536.0
1267320 1541.7
1267330 1541.7
1267340 1543.2
1267350 1542.5
1267360 1542.5
1267370 1541.0
1267380 1539.3
1267390 1539.3
1267400 1538.1
1267410 1538.0
1267420 1539.3
1267430 1539.3
1267440 1540.8
1267450 1541.8
1267460 1541.8
1267470 1544.4
1267480 1545.6
1267490 1545.6
1267500 1546.2
1267510 1547.0
1267520 1547.0
1267530 1547.1
1267540 1548.3
1267550 1548.3
1267560 1548.5
1267570 1546.8
1267580 1546.8
1267590 1547.1
1267600 1548.2
1267610 1548.2
1267620 1549.1
1267630 1549.8
1267640 1549.8
1267650 1549.4
1267660 1549.6
1267670 1549.6
1267680 1551.3
1267690 1553.4
1267700 1555.0
1267710 1555.0
1267720 1558.3
1267730 1561.4
1267740 1561.4
1267750 1563.0
1267760 1563.4
1267770 1563.4
1267780 1563.5
1267790 1563.2
1267800 1563.2
1267810 1562.7
1267820 1567.3
1267830 1567.3
1267840 1566.5
1267850 1565.7
1267860 1565.7
1267870 1563.9
1267880 1562.0
1267890 1562.0
1267900 1560.0
1267910 1557.5
1267920 1557.5
1267930 1557.6
1267940 1558.4
1267950 1558.4
1267960 1557.2
1267970 1556.7
1267980 1555.7
1267990 1555.7
1268000 1554.4
1268010 1554.2
1268020 1554.2
1268030 1553.4
1268040 1552.2
1268050 1552.2
1268060 1552.0
1268070 1551.7
1268080 1551.7
1268090 1550.0
1268100 1548.7
1268110 1548.7
1268120 1547.7
1268130 1546.1
1268140 1546.1
1268150 1544.6
1268160 1544.2
1268170 1544.2
1268180 1544.0
1268190 1541.3
1268200 1541.3
1268210 1539.7
1268220 1539.4
1268230 1539.4
1268240 1539.3
1268250 1538.1
1268260 1537.8
1268270 1537.8
1268280 1537.5
1268290 1537.3
1268300 1537.3
1268310 1536.9
1268320 1535.9
1268330 1535.9
1268340 1535.5
1268350 1534.5
1268360 1534.5
1268370 1533.7
1268380 1533.0
1268390 1533.0
1268400 1533.8
1268410 1536.4
1268420 1536.4
1268430 1537.7
1268440 1538.2
1268450 1538.2
1268460 1538.5
1268470 1538.6
1268480 1538.6
1268490 1539.0
1268500 1538.7
1268510 1538.7
1268520 1538.8
1268530 1538.4
1268540 1537.6
1268550 1537.6
1268560 1536.7
1268570 1535.1
1268580 1535.1
1268590 1532.4
1268600 1530.8
1268610 1530.8
1268620 1529.3
1268630 1527.9
1268640 1527.9
1268650 1527.8
1268660 1528.8
1268670 1528.8
1268680 1529.7
1268690 1530.6
1268700 1530.6
1268710 1529.6
1268720 1528.7
1268730 1528.7
1268740 1530.7
1268750 1532.0
1268760 1532.0
1268770 1532.6
1268780 1532.5
1268790 1532.5
1268800 1533.1
1268810 1532.9
1268820 1533.2
1268830 1533.2
1268840 1534.2
1268850 1534.9
1268860 1534.9
1268870 1535.5
1268880 1535.9
1268890 1535.9
1268900 1536.3
1268910 1536.2
1268920 1536.2
1268930 1535.8
1268940 1535.1
1268950 1535.1
1268960 1534.0
1268970 1532.6
1268980 1532.6
1268990 1530.8
1269000 1532.0
1269010 1532.0
1269020 1529.9
1269030 1528.3
1269040 1528.3
1269050 1527.3
1269060 1526.2
1269070 1526.2
1269080 1525.0
1269090 1524.6
1269100 1524.5
1269110 1524.5
1269120 1524.3
1269130 1524.6
1269140 1524.6
1269150 1525.1
1269160 1525.2
1269170 1525.2
1269180 1525.3
1269190 1525.4
1269200 1525.4
1269210 1526.1
1269220 1527.0
1269230 1527.0
1269240 1527.2
1269250 1527.3
1269260 1527.3
1269270 1527.1
1269280 1527.1
1269290 1527.1
1269300 1528.2
1269310 1529.1
1269320 1529.1
1269330 1530.6
1269340 1531.5
1269350 1531.5
1269360 1532.5
1269370 1533.5
1269380 1533.9
1269390 1533.9
1269400 1534.9
1269410 1534.9
1269420 1534.9
1269430 1534.3
1269440 1534.0
1269450 1534.0
1269460 1533.6
1269470 1535.3
1269480 1535.3
1269490 1537.3
1269500 1538.7
1269510 1538.7
1269520 1538.7
1269530 1538.2
1269540 1538.2
1269550 1539.2
1269560 1539.0
1269570 1539.0
1269580 1537.9
1269590 1541.9
1269600 1541.9
1269610 1541.4
1269620 1540.3
1269630 1540.3
1269640 1539.1
1269650 1538.8
1269660 1539.1
1269670 1539.1
1269680 1539.7
1269690 1540.2
1269700 1540.2
1269710 1540.8
1269720 1541.9
1269730 1541.9
1269740 1542.9
1269750 1544.1
1269760 1544.1
1269770 1545.4
1269780 1546.1
1269790 1546.1
1269800 1546.6
1269810 1547.5
1269820 1547.5
1269830 1549.2
1269840 1551.5
1269850 1551.5
1269860 1554.4
1269870 1556.2
1269880 1556.2
1269890 1557.1
1269900 1558.4
1269910 1558.4
1269920 1559.8
1269930 1561.5
1269940 1561.5
1269950 1562.5
1269960 1563.5
1269970 1564.7
1269980 1564.7
1269990 1566.3
1270000 1568.2
1270010 1568.2
1270020 1569.7
1270030 1570.7
1270040 1570.7
1270050 1571.8
1270060 1573.1
1270070 1573.1
1270080 1572.9
1270090 1573.0
1270100 1573.0
1270110 1572.7
1270120 1573.8
1270130 1573.8
1270140 1575.2
1270150 1576.0
1270160 1576.0
1270170 1576.4
1270180 1582.9
1270190 1582.9
1270200 1584.7
1270210 1585.5
1270220 1585.5
1270230 1586.2
1270240 1588.6
1270250 1589.5
1270260 1589.5
1270270 1591.4
1270280 1591.6
1270290 1591.6
1270300 1593.4
1270310 1595.9
1270320 1595.9
1270330 1595.7
1270340 1594.6
1270350 1594.6
1270360 1594.1
1270370 1593.3
1270380 1593.3
1270390 1591.9
1270400 1591.4
1270410 1591.4
1270420 1591.6
1270430 1591.3
1270440 1591.3
1270450 1591.0
1270460 1591.3
1270470 1591.3
1270480 1591.4
1270490 1592.1
1270500 1592.1
1270510 1593.1
1270520 1592.7
1270530 1592.8
1270540 1592.8
1270550 1591.9
1270560 1592.5
1270570 1592.5
1270580 1593.0
1270590 1592.5
1270600 1592.5
1270610 1593.2
1270620 1593.9
1270630 1593.9
1270640 1595.5
1270650 1598.8
1270660 1598.8
1270670 1602.5
1270680 1604.0
1270690 1604.0
1270700 1604.1
1270710 1604.7
1270720 1604.7
1270730 1605.1
1270740 1605.6
1270750 1605.6
1270760 1606.5
1270770 1607.4
1270780 1612.6
1270790 1614.5
1270800 1617.6
1270810 1620.9
1270820 1620.9
1270830 1623.4
1270840 1624.6
1270850 1624.6
1270860 1624.8
1270870 1624.7
1270880 1624.7
1270890 1625.0
1270900 1625.6
1270910 1625.6
1270920 1626.4
1270930 1628.3
1270940 1628.3
1270950 1631.0
1270960 1635.3
1270970 1635.3
1270980 1640.4
1270990 1645.8
1271000 1645.8
1271010 1650.6
1271020 1655.2
1271030 1655.2
1271040 1659.9
1271050 1664.7
1271060 1664.7
1271070 1669.1
1271080 1674.1
1271090 1678.6
1271100 1678.6
1271110 1683.5
1271120 1688.2
1271130 1688.2
1271140 1692.3
1271150 1696.1
1271160 1696.1
1271170 1700.1
1271180 1703.9
1271190 1703.9
1271200 1708.1
1271210 1711.8
1271220 1711.8
1271230 1714.4
1271240 1717.0
1271250 1717.0
1271260 1721.1
1271270 1726.3
1271280 1726.3
1271290 1732.2
1271300 1738.3
1271310 1738.3
1271320 1743.9
1271330 1749.1
1271340 1749.1
1271350 1753.7
1271360 1758.4
1271370 1758.2
1271380 1758.2
1271390 1762.1
1271400 1766.8
1271410 1766.8
1271420 1770.9
1271430 1773.6
1271440 1773.6
1271450 1776.4
1271460 1779.6
1271470 1779.6
1271480 1785.3
1271490 1795.4
1271500 1795.4
1271510 1806.7
1271520 1812.5
1271530 1812.5
1271540 1816.3
1271550 1821.0
1271560 1821.0
1271570 1825.4
1271580 1829.0
1271590 1829.0
1271600 1836.3
1271610 1844.6
1271620 1844.6
1271630 1855.9
1271640 1872.8
1271650 1891.3
1271660 1891.3
1271670 1897.8
1271680 1889.9
1271690 1889.9
1271700 1889.4
1271710 1878.7
1271720 1878.7
1271730 1876.6
1271740 1880.0
1271750 1880.0
1271760 1888.3
1271770 1900.1
1271780 1900.1
1271790 1898.6
1271800 1893.2
1271810 1893.2
1271820 1893.0
1271830 1892.9
1271840 1892.9
1271850 1893.7
1271860 1896.0
1271870 1896.0
1271880 1899.6
1271890 1902.5
1271900 1902.5
1271910 1904.2
1271920 1905.5
1271930 1907.3
1271940 1907.3
1271950 1914.8
1271960 1916.5
1271970 1906.7
1271980 1913.4
1271990 1920.9
1272000 1920.9
1272010 1934.8
1272020 1952.1
1272030 1952.1
1272040 1960.5
1272050 1964.2
1272060 1964.2
1272070 1969.2
1272080 1971.4
1272090 1971.4
1272100 1970.9
1272110 1971.5
1272120 1971.5
1272130 1972.0
1272140 1972.8
1272150 1972.8
1272160 1974.6
1272170 1977.1
1272180 1977.1
1272190 1979.1
1272200 1982.5
1272210 1988.0
1272220 1988.0
1272230 1992.2
1272240 1996.9
1272250 1996.9
1272260 2002.0
1272270 2006.2
1272280 2006.2
1272290 2010.3
1272300 2014.6
1272310 2014.6
1272320 2019.6
1272330 2024.5
1272340 2024.5
1272350 2029.5
1272360 2034.6
1272370 2034.6
1272380 2039.7
1272390 2044.5
1272400 2044.5
1272410 2050.8
1272420 2057.9
1272430 2057.9
1272440 2061.0
1272450 2064.1
1272460 2064.1
1272470 2069.0
1272480 2073.5
1272490 2077.7
1272500 2077.7
1272510 2083.0
1272520 2088.7
1272530 2088.7
1272540 2093.8
1272550 2099.2
1272560 2099.2
1272570 2101.1
1272580 2107.1
1272590 2107.1
1272600 2112.8
1272610 2115.6
1272620 2115.6
1272630 2112.9
1272640 2111.1
1272650 2111.1
1272660 2112.7
1272670 2115.7
1272680 2115.7
1272690 2118.1
1272700 2120.6
1272710 2120.6
1272720 2123.5
1272730 2126.7
1272740 2126.7
1272750 2130.0
1272760 2133.6
1272770 2137.3
1272780 2137.3
1272790 2141.3
1272800 2145.8
1272810 2145.8
1272820 2150.9
1272830 2155.7
1272840 2155.7
1272850 2160.4
1272860 2165.1
1272870 2165.1
1272880 2170.4
1272890 2176.3
1272900 2176.3
1272910 2182.1
1272920 2188.2
1272930 2188.2
1272940 2194.7
1272950 2209.6
1272960 2209.6
1272970 2231.6
1272980 2275.2
1272990 2275.2
1273000 2306.4
1273010 2316.2
1273020 2316.2
1273030 2320.6
1273040 2320.3
1273050 2316.9
1273060 2316.9
1273070 2322.3
1273080 2325.0
1273090 2325.0
1273100 2321.9
1273110 2316.0
1273120 2316.0
1273130 2316.0
1273140 2313.4
1273150 2313.4
1273160 2310.2
1273170 2327.1
1273180 2327.1
1273190 2320.1
1273200 2318.3
1273210 2318.3
1273220 2330.0
1273230 2336.8
1273240 2336.8
1273250 2333.1
1273260 2331.2
1273270 2331.2
1273280 2332.1
1273290 2333.4
1273300 2333.4
1273310 2334.2
1273320 2333.7
1273330 2333.9
1273340 2333.9
1273350 2338.0
1273360 2344.7
1273370 2344.7
1273380 2351.0
1273390 2356.9
1273400 2356.9
1273410 2361.7
1273420 2369.2
1273430 2369.2
1273440 2378.0
1273450 2390.1
1273460 2390.1
1273470 2413.8
1273480 2430.5
1273490 2430.5
1273500 2439.9
1273510 2454.0
1273520 2454.0
1273530 2472.2
1273540 2482.2
1273550 2482.2
1273560 2492.0
1273570 2503.6
1273580 2503.6
1273590 2514.2
1273600 2521.8
1273610 2523.3
1273620 2523.3
1273630 2514.8
1273640 2504.1
1273650 2504.1
1273660 2490.4
1273670 2474.2
1273680 2474.2
1273690 2455.4
1273700 2439.2
1273710 2439.2
1273720 2426.0
1273730 2418.0
1273740 2418.0
1273750 2407.8
1273760 2396.4
1273770 2396.4
1273780 2383.1
1273790 2373.7
1273800 2373.7
1273810 2365.1
1273820 2349.5
1273830 2349.5
1273840 2308.9
1273850 2293.2
1273860 2293.2
1273870 2289.0
1273880 2284.6
1273890 2280.5
1273900 2280.5
1273910 2270.8
1273920 2257.0
1273930 2257.0
1273940 2250.3
1273950 2244.8
1273960 2244.8
1273970 2240.7
1273980 2239.3
1273990 2239.3
1274000 2237.4
1274010 2234.9
1274020 2234.9
1274030 2232.8
1274040 2230.2
1274050 2230.2
1274060 2227.5
1274070 2224.0
1274080 2224.0
1274090 2220.8
1274100 2217.8
1274110 2217.8
1274120 2212.2
1274130 2207.1
1274140 2207.1
1274150 2204.9
1274160 2203.1
1274170 2201.5
1274180 2201.5
1274190 2202.0
1274200 2207.9
1274210 2207.9
1274220 2207.1
1274230 2204.6
1274240 2204.6
1274250 2204.4
1274260 2203.9
1274270 2203.9
1274280 2196.6
1274290 2189.0
1274300 2189.0
1274310 2182.1
1274320 2173.3
1274330 2173.3
1274340 2162.2
1274350 2140.2
1274360 2140.2
1274370 2123.8
1274380 2115.0
1274390 2115.0
1274400 2107.7
1274410 2101.3
1274420 2101.3
1274430 2094.7
1274440 2088.1
1274450 2088.1
1274460 2081.4
1274470 2074.8
1274480 2068.7
1274490 2068.7
1274500 2063.3
1274510 2058.6
1274520 2058.6
1274530 2054.6
1274540 2051.3
1274550 2051.3
1274560 2047.3
1274570 2041.6
1274580 2041.6
1274590 2035.6
1274600 2029.3
1274610 2029.3
1274620 2023.1
1274630 2017.0
1274640 2017.0
1274650 2008.5
1274660 2003.0
1274670 2003.0
1274680 1998.6
1274690 1995.2
1274700 1995.2
1274710 1991.1
1274720 1986.8
1274730 1986.8
1274740 1982.4
1274750 1977.0
1274760 1976.9
1274770 1976.9
1274780 1978.3
1274790 1973.3
1274800 1973.3
1274810 1964.1
1274820 1966.3
1274830 1966.3
1274840 1970.8
1274850 1974.1
1274860 1974.1
1274870 1973.4
1274880 1970.8
1274890 1970.8
1274900 1969.6
1274910 1969.3
1274920 1969.3
1274930 1968.8
1274940 1969.2
1274950 1969.2
1274960 1968.1
1274970 1966.5
1274980 1966.5
1274990 1960.4
1275000 1960.7
1275010 1960.7
1275020 1960.7
1275030 1959.5
1275040 1958.7
1275050 1958.7
1275060 1956.7
1275070 1954.3
1275080 1954.3
1275090 1950.9
1275100 1947.8
1275110 1947.8
1275120 1940.7
1275130 1930.0
1275140 1930.0
1275150 1927.2
1275160 1919.8
1275170 1919.8
1275180 1913.4
1275190 1908.0
1275200 1908.0
1275210 1904.3
1275220 1899.6
1275230 1899.6
1275240 1890.7
1275250 1883.2
1275260 1883.2
1275270 1878.6
1275280 1872.7
1275290 1872.7
1275300 1883.3
1275310 1883.6
1275320 1881.2
1275330 1881.2
1275340 1876.4
1275350 1869.0
1275360 1869.0
1275370 1860.8
1275380 1862.0
1275390 1862.0
1275400 1868.6
1275410 1865.3
1275420 1865.3
1275430 1858.4
1275440 1850.3
1275450 1850.3
1275460 1843.2
1275470 1833.6
1275480 1833.6
1275490 1823.6
1275500 1815.2
1275510 1815.2
1275520 1807.1
1275530 1802.5
1275540 1802.5
1275550 1799.9
1275560 1796.6
1275570 1796.6
1275580 1792.9
1275590 1783.9
1275600 1771.1
1275610 1771.1
1275620 1765.9
1275630 1759.6
1275640 1759.6
1275650 1754.0
1275660 1749.6
1275670 1749.6
1275680 1747.6
1275690 1748.5
1275700 1748.5
1275710 1750.2
1275720 1751.1
1275730 1751.1
1275740 1751.3
1275750 1751.1
1275760 1751.1
1275770 1750.1
1275780 1750.1
1275790 1750.1
1275800 1748.8
1275810 1747.5
1275820 1747.5
1275830 1746.5
1275840 1745.3
1275850 1745.3
1275860 1748.6
1275870 1755.2
1275880 1761.5
1275890 1761.5
1275900 1767.7
1275910 1773.0
1275920 1773.0
1275930 1778.1
1275940 1778.8
1275950 1778.8
1275960 1774.7
1275970 1773.1
1275980 1773.1
1275990 1774.5
1276000 1776.8
1276010 1776.8
1276020 1778.1
1276030 1780.0
1276040 1780.0
1276050 1779.8
1276060 1779.8
1276070 1779.8
1276080 1778.4
1276090 1775.0
1276100 1775.0
1276110 1770.1
1276120 1765.8
1276130 1765.8
1276140 1764.8
1276150 1763.1
1276160 1761.1
1276170 1761.1
1276180 1760.6
1276190 1762.2
1276200 1762.2
1276210 1757.6
1276220 1759.3
1276230 1759.3
1276240 1760.5
1276250 1756.9
1276260 1756.9
1276270 1756.0
1276280 1756.3
1276290 1756.3
1276300 1755.9
1276310 1755.6
1276320 1755.6
1276330 1755.4
1276340 1755.0
1276350 1755.0
1276360 1757.2
1276370 1763.1
1276380 1763.1
1276390 1767.9
1276400 1769.3
1276410 1769.3
1276420 1769.3
1276430 1770.0
1276440 1770.0
1276450 1770.0
1276460 1770.1
1276470 1769.4
1276480 1769.4
1276490 1766.5
1276500 1762.2
1276510 1762.2
1276520 1758.2
1276530 1755.6
1276540 1755.6
1276550 1755.2
1276560 1756.8
1276570 1756.8
1276580 1759.1
1276590 1761.6
1276600 1761.6
1276610 1763.9
1276620 1765.4
1276630 1765.4
1276640 1765.3
1276650 1763.3
1276660 1763.3
1276670 1760.9
1276680 1756.7
1276690 1756.7
1276700 1750.5
1276710 1745.2
1276720 1741.3
1276730 1741.3
1276740 1739.2
1276750 1738.7
1276760 1738.7
1276770 1741.4
1276780 1745.2
1276790 1745.2
1276800 1747.4
1276810 1746.4
1276820 1742.1
1276830 1737.2
1276840 1732.0
1276850 1732.0
1276860 1727.1
1276870 1723.8
1276880 1723.8
1276890 1724.5
1276900 1724.8
1276910 1724.8
1276920 1725.9
1276930 1728.6
1276940 1728.6
1276950 1728.3
1276960 1724.1
1276970 1724.1
1276980 1722.1
1276990 1721.3
1277000 1724.0
1277010 1724.0
1277020 1726.3
1277030 1727.6
1277040 1727.6
1277050 1729.3
1277060 1731.5
1277070 1731.5
1277080 1733.3
1277090 1735.0
1277100 1735.0
1277110 1736.9
1277120 1740.8
1277130 1740.8
1277140 1744.5
1277150 1747.6
1277160 1747.6
1277170 1751.0
1277180 1755.8
1277190 1755.8
1277200 1761.4
1277210 1763.9
1277220 1763.9
1277230 1764.6
1277240 1764.0
1277250 1764.0
1277260 1762.7
1277270 1760.9
1277280 1758.1
1277290 1758.1
1277300 1755.4
1277310 1752.1
1277320 1752.1
1277330 1748.3
1277340 1746.0
1277350 1746.0
1277360 1747.9
1277370 1754.4
1277380 1754.4
1277390 1760.3
1277400 1763.1
1277410 1763.1
1277420 1764.7
1277430 1764.5
1277440 1755.6
1277450 1756.0
1277460 1757.2
1277470 1757.2
1277480 1758.2
1277490 1759.2
1277500 1759.2
1277510 1762.0
1277520 1764.4
1277530 1764.4
1277540 1766.8
1277550 1770.4
1277560 1778.3
1277570 1778.3
1277580 1786.8
1277590 1799.3
1277600 1799.3
1277610 1808.7
1277620 1811.3
1277630 1811.3
1277640 1811.5
1277650 1811.1
1277660 1811.1
1277670 1810.5
1277680 1809.4
1277690 1809.4
1277700 1809.3
1277710 1811.3
1277720 1811.3
1277730 1816.1
1277740 1818.3
1277750 1818.3
1277760 1818.2
1277770 1820.0
1277780 1820.0
1277790 1820.5
1277800 1823.4
1277810 1823.4
1277820 1829.2
1277830 1830.5
1277840 1830.8
1277850 1830.8
1277860 1819.0
1277870 1791.4
1277880 1791.4
1277890 1762.7
1277900 1745.9
1277910 1745.9
1277920 1740.8
1277930 1738.0
1277940 1738.0
1277950 1736.3
1277960 1737.5
1277970 1737.5
1277980 1740.5
1277990 1742.3
1278000 1742.3
1278010 1744.1
1278020 1743.9
1278030 1743.9
1278040 1738.9
1278050 1728.1
1278060 1728.1
1278070 1722.4
1278080 1717.3
1278090 1717.3
1278100 1713.1
1278110 1709.4
1278120 1705.9
1278130 1705.9
1278140 1703.0
1278150 1701.0
1278160 1701.0
1278170 1700.4
1278180 1700.6
1278190 1700.6
1278200 1700.7
1278210 1700.2
1278220 1700.2
1278230 1698.2
1278240 1699.1
1278250 1699.1
1278260 1699.6
1278270 1703.5
1278280 1703.5
1278290 1710.3
1278300 1717.3
1278310 1717.3
1278320 1722.7
1278330 1723.8
1278340 1723.8
1278350 1721.3
1278360 1722.6
1278370 1722.6
1278380 1724.8
1278390 1725.4
1278400 1725.6
1278410 1725.6
1278420 1726.4
1278430 1726.9
1278440 1726.9
1278450 1726.1
1278460 1723.3
1278470 1723.3
1278480 1721.3
1278490 1720.3
1278500 1720.3
1278510 1718.7
1278520 1716.0
1278530 1716.0
1278540 1712.1
1278550 1707.8
1278560 1707.8
1278570 1706.2
1278580 1708.0
1278590 1708.0
1278600 1712.1
1278610 1717.8
1278620 1717.8
1278630 1722.7
1278640 1725.1
1278650 1725.1
1278660 1728.9
1278670 1721.3
1278680 1727.4
1278690 1727.4
1278700 1731.0
1278710 1731.2
1278720 1731.2
1278730 1731.6
1278740 1718.9
1278750 1718.9
1278760 1721.3
1278770 1736.2
1278780 1736.2
1278790 1750.2
1278800 1754.3
1278810 1754.3
1278820 1743.8
1278830 1742.5
1278840 1742.5
1278850 1751.6
1278860 1757.8
1278870 1757.8
1278880 1763.9
1278890 1770.8
1278900 1770.8
1278910 1777.0
1278920 1784.0
1278930 1784.0
1278940 1786.1
1278950 1789.6
1278960 1796.9
1278970 1796.9
1278980 1800.1
1278990 1799.4
1279000 1799.4
1279010 1800.0
1279020 1803.1
1279030 1803.1
1279040 1806.6
1279050 1810.2
1279060 1810.2
1279070 1811.7
1279080 1807.5
1279090 1807.5
1279100 1804.1
1279110 1802.9
1279120 1802.9
1279130 1803.0
1279140 1801.1
1279150 1801.1
1279160 1800.1
1279170 1800.1
1279180 1800.1
1279190 1798.7
1279200 1795.5
1279210 1795.5
1279220 1792.3
1279230 1787.0
1279240 1780.3
1279250 1780.3
1279260 1775.6
1279270 1770.9
1279280 1770.9
1279290 1763.9
1279300 1768.2
1279310 1768.2
1279320 1772.6
1279330 1775.5
1279340 1775.5
1279350 1777.0
1279360 1775.4
1279370 1775.4
1279380 1774.1
1279390 1774.3
1279400 1774.3
1279410 1776.4
1279420 1779.3
1279430 1779.3
1279440 1779.8
1279450 1778.1
1279460 1778.1
1279470 1778.0
1279480 1779.2
1279490 1779.2
1279500 1781.8
1279510 1784.6
1279520 1784.6
1279530 1787.7
1279540 1791.2
1279550 1795.7
1279560 1795.7
1279570 1796.6
1279580 1796.8
1279590 1796.8
1279600 1796.5
1279610 1796.1
1279620 1796.1
1279630 1800.8
1279640 1800.9
1279650 1800.9
1279660 1795.0
1279670 1797.4
1279680 1797.4
1279690 1796.3
1279700 1791.4
1279710 1791.4
1279720 1786.0
1279730 1780.3
1279740 1780.3
1279750 1774.2
1279760 1773.0
1279770 1773.0
1279780 1771.4
1279790 1770.1
1279800 1770.1
1279810 1768.5
1279820 1765.8
1279830 1764.5
1279840 1764.5
1279850 1766.1
1279860 1766.2
1279870 1766.2
1279880 1763.4
1279890 1769.8
1279900 1769.8
1279910 1771.6
1279920 1769.9
1279930 1769.9
1279940 1766.5
1279950 1766.4
1279960 1766.4
1279970 1776.3
1279980 1783.9
1279990 1783.9
