1260000 1647.1
1260010 1646.0
1260020 1645.4
1260030 1645.4
1260040 1643.7
1260050 1642.2
1260060 1642.2
1260070 1639.3
1260080 1637.9
1260090 1637.9
1260100 1636.0
1260110 1634.7
1260120 1634.7
1260130 1626.0
1260140 1617.8
1260150 1617.8
1260160 1609.8
1260170 1601.2
1260180 1601.2
1260190 1590.7
1260200 1582.1
1260210 1582.1
1260220 1577.7
1260230 1574.1
1260240 1574.1
1260250 1567.3
1260260 1565.4
1260270 1568.1
1260280 1568.1
1260290 1570.4
1260300 1569.7
1260310 1569.7
1260320 1568.6
1260330 1564.7
1260340 1564.7
1260350 1561.3
1260360 1557.4
1260370 1557.4
1260380 1552.2
1260390 1547.2
1260400 1547.2
1260410 1542.6
1260420 1538.7
1260430 1538.7
1260440 1534.5
1260450 1529.3
1260460 1529.3
1260470 1527.2
1260480 1520.5
1260490 1520.5
1260500 1511.6
1260510 1496.8
1260520 1496.8
1260530 1476.9
1260540 1465.5
1260550 1454.3
1260560 1454.3
1260570 1439.2
1260580 1426.9
1260590 1426.9
1260600 1418.5
1260610 1413.2
1260620 1413.2
1260630 1406.6
1260640 1408.6
1260650 1408.6
1260660 1408.9
1260670 1405.4
1260680 1405.4
1260690 1401.7
1260700 1397.7
1260710 1397.7
1260720 1392.8
1260730 1389.2
1260740 1389.2
1260750 1383.9
1260760 1378.1
1260770 1378.1
1260780 1371.0
1260790 1366.0
1260800 1366.0
1260810 1360.0
1260820 1353.5
1260830 1347.0
1260840 1347.0
1260850 1340.8
1260860 1334.9
1260870 1334.9
1260880 1328.8
1260890 1322.8
1260900 1322.8
1260910 1317.0
1260920 1311.9
1260930 1311.9
1260940 1308.2
1260950 1304.1
1260960 1304.1
1260970 1299.0
1260980 1294.2
1260990 1294.2
1261000 1289.7
1261010 1284.4
1261020 1284.4
1261030 1279.3
1261040 1277.7
1261050 1277.7
1261060 1272.8
1261070 1267.8
1261080 1267.8
1261090 1263.2
1261100 1258.5
1261110 1254.1
1261120 1254.1
1261130 1250.2
1261140 1246.4
1261150 1246.4
1261160 1242.6
1261170 1239.6
1261180 1239.6
1261190 1238.3
1261200 1239.3
1261210 1239.3
1261220 1239.5
1261230 1238.9
1261240 1238.9
1261250 1239.8
1261260 1239.8
1261270 1239.8
1261280 1240.0
1261290 1242.0
1261300 1242.0
1261310 1241.4
1261320 1240.0
1261330 1240.0
1261340 1236.3
1261350 1232.0
1261360 1232.0
1261370 1229.7
1261380 1227.8
1261390 1223.9
1261400 1223.9
1261410 1217.2
1261420 1210.1
1261430 1210.1
1261440 1202.6
1261450 1194.7
1261460 1194.7
1261470 1188.1
1261480 1185.7
1261490 1185.7
1261500 1185.5
1261510 1187.4
1261520 1187.4
1261530 1191.9
1261540 1199.0
1261550 1199.0
1261560 1205.3
1261570 1209.7
1261580 1209.7
1261590 1213.1
1261600 1217.5
1261610 1217.5
1261620 1221.5
1261630 1226.7
1261640 1226.7
1261650 1229.9
1261660 1230.3
1261670 1230.0
1261680 1230.0
1261690 1229.7
1261700 1229.1
1261710 1229.1
1261720 1229.0
1261730 1228.5
1261740 1228.5
1261750 1227.5
1261760 1226.8
1261770 1226.8
1261780 1226.2
1261790 1225.2
1261800 1225.2
1261810 1223.6
1261820 1221.6
1261830 1221.6
1261840 1218.0
1261850 1213.6
1261860 1213.6
1261870 1209.5
1261880 1206.6
1261890 1206.6
1261900 1202.5
1261910 1195.3
1261920 1195.3
1261930 1193.7
1261940 1200.4
1261950 1204.3
1261960 1204.3
1261970 1205.6
1261980 1206.2
1261990 1206.2
1262000 1206.2
1262010 1208.5
1262020 1208.5
1262030 1211.8
1262040 1214.5
1262050 1214.5
1262060 1218.5
1262070 1223.7
1262080 1223.7
1262090 1228.4
1262100 1230.1
1262110 1230.1
1262120 1230.5
1262130 1229.7
1262140 1229.7
1262150 1230.1
1262160 1233.5
1262170 1233.5
1262180 1234.6
1262190 1238.8
1262200 1238.8
1262210 1243.3
1262220 1247.4
1262230 1250.8
1262240 1250.8
1262250 1252.6
1262260 1253.5
1262270 1253.5
1262280 1255.7
1262290 1258.1
1262300 1258.1
1262310 1260.4
1262320 1262.4
1262330 1262.4
1262340 1264.6
1262350 1267.3
1262360 1267.3
1262370 1270.2
1262380 1273.7
1262390 1273.7
1262400 1278.5
1262410 1283.8
1262420 1283.8
1262430 1288.7
1262440 1292.6
1262450 1292.6
1262460 1294.8
1262470 1296.5
1262480 1296.5
1262490 1297.7
1262500 1299.1
1262510 1299.1
1262520 1301.4
1262530 1303.8
1262540 1305.8
1262550 1305.8
1262560 1307.4
1262570 1307.2
1262580 1307.2
1262590 1305.9
1262600 1305.4
1262610 1305.4
1262620 1308.0
1262630 1315.2
1262640 1315.2
1262650 1324.3
1262660 1330.6
1262670 1330.6
1262680 1334.5
1262690 1337.0
1262700 1337.0
1262710 1338.0
1262720 1338.1
1262730 1338.1
1262740 1338.3
1262750 1338.6
1262760 1332.5
1262770 1333.4
1262780 1334.3
1262790 1334.3
1262800 1335.1
1262810 1335.7
1262820 1335.9
1262830 1335.9
1262840 1335.9
1262850 1335.4
1262860 1335.4
1262870 1335.7
1262880 1336.5
1262890 1336.5
1262900 1336.6
1262910 1336.9
1262920 1336.9
1262930 1337.3
1262940 1338.1
1262950 1338.1
1262960 1339.1
1262970 1339.5
1262980 1339.5
1262990 1339.7
1263000 1340.2
1263010 1340.2
1263020 1340.5
1263030 1340.2
1263040 1340.2
1263050 1339.5
1263060 1339.2
1263070 1339.2
1263080 1339.0
1263090 1339.8
1263100 1341.3
1263110 1341.3
1263120 1341.7
1263130 1342.2
1263140 1342.2
1263150 1344.4
1263160 1346.9
1263170 1346.9
1263180 1349.0
1263190 1350.8
1263200 1350.8
1263210 1352.4
1263220 1354.9
1263230 1354.9
1263240 1357.4
1263250 1360.1
1263260 1360.1
1263270 1362.3
1263280 1365.1
1263290 1365.1
1263300 1367.9
1263310 1370.4
1263320 1370.4
1263330 1366.7
1263340 1368.1
1263350 1368.1
1263360 1369.6
1263370 1370.9
1263380 1371.4
1263390 1371.4
1263400 1372.5
1263410 1374.4
1263420 1374.4
1263430 1376.5
1263440 1378.4
1263450 1378.4
1263460 1380.2
1263470 1381.6
1263480 1381.6
1263490 1382.7
1263500 1383.4
1263510 1383.4
1263520 1384.7
1263530 1386.5
1263540 1386.5
1263550 1389.7
1263560 1392.8
1263570 1392.8
1263580 1395.7
1263590 1398.8
1263600 1398.8
1263610 1401.9
1263620 1404.5
1263630 1404.5
1263640 1406.5
1263650 1407.6
1263660 1408.9
1263670 1408.9
1263680 1409.8
1263690 1410.6
1263700 1410.6
1263710 1412.2
1263720 1414.6
1263730 1414.6
1263740 1417.3
1263750 1419.2
1263760 1419.2
1263770 1421.6
1263780 1424.9
1263790 1424.9
1263800 1431.4
1263810 1435.1
1263820 1435.1
1263830 1435.7
1263840 1435.1
1263850 1435.1
1263860 1436.1
1263870 1439.0
1263880 1439.0
1263890 1440.8
1263900 1440.3
1263910 1432.6
1263920 1432.6
1263930 1434.4
1263940 1432.4
1263950 1432.4
1263960 1425.2
1263970 1419.9
1263980 1419.9
1263990 1426.9
1264000 1436.9
1264010 1436.9
1264020 1442.8
1264030 1445.1
1264040 1445.1
1264050 1443.8
1264060 1444.0
1264070 1444.0
1264080 1445.8
1264090 1446.9
1264100 1446.9
1264110 1449.8
1264120 1455.5
1264130 1455.5
1264140 1458.8
1264150 1463.8
1264160 1463.8
1264170 1469.7
1264180 1480.2
1264190 1480.2
1264200 1496.6
1264210 1508.6
1264220 1514.4
1264230 1514.4
1264240 1516.0
1264250 1516.3
1264260 1516.3
1264270 1523.9
1264280 1525.9
1264290 1525.9
1264300 1526.2
1264310 1524.7
1264320 1524.7
1264330 1521.2
1264340 1521.6
1264350 1521.6
1264360 1523.3
1264370 1525.4
1264380 1525.4
1264390 1523.0
1264400 1524.6
1264410 1524.6
1264420 1526.6
1264430 1532.0
1264440 1532.0
1264450 1539.0
1264460 1542.3
1264470 1542.3
1264480 1541.4
1264490 1518.1
1264500 1494.1
1264510 1494.1
1264520 1490.2
1264530 1489.5
1264540 1489.5
1264550 1486.7
1264560 1483.0
1264570 1483.0
1264580 1479.3
1264590 1475.9
1264600 1475.9
1264610 1472.3
1264620 1468.4
1264630 1468.4
1264640 1464.3
1264650 1460.1
1264660 1460.1
1264670 1456.6
1264680 1455.5
1264690 1455.5
1264700 1455.8
1264710 1454.8
1264720 1454.8
1264730 1453.7
1264740 1454.1
1264750 1454.1
1264760 1455.5
1264770 1456.5
1264780 1455.3
1264790 1455.3
1264800 1454.4
1264810 1454.6
1264820 1454.6
1264830 1454.2
1264840 1453.9
1264850 1453.9
1264860 1453.4
1264870 1454.0
1264880 1454.0
1264890 1454.5
1264900 1454.2
1264910 1454.2
1264920 1453.8
1264930 1453.4
1264940 1453.4
1264950 1453.0
1264960 1452.3
1264970 1452.3
1264980 1451.6
1264990 1451.5
1265000 1451.5
1265010 1452.7
1265020 1453.8
1265030 1453.8
1265040 1453.1
1265050 1453.4
1265060 1453.4
1265070 1448.3
1265080 1447.6
1265090 1446.4
1265100 1446.4
1265110 1445.1
1265120 1445.3
1265130 1445.3
1265140 1446.6
1265150 1447.9
1265160 1447.9
1265170 1448.8
1265180 1450.0
1265190 1450.0
1265200 1451.2
1265210 1452.0
1265220 1452.0
1265230 1453.7
1265240 1454.9
1265250 1454.9
1265260 1456.0
1265270 1457.3
1265280 1457.3
1265290 1457.8
1265300 1459.4
1265310 1459.4
1265320 1460.1
1265330 1460.4
1265340 1460.4
1265350 1461.9
1265360 1462.9
1265370 1464.2
1265380 1464.2
1265390 1466.1
1265400 1466.7
1265410 1466.7
1265420 1466.7
1265430 1466.9
1265440 1466.9
1265450 1466.9
1265460 1467.5
1265470 1467.5
1265480 1465.7
1265490 1465.1
1265500 1465.1
1265510 1466.2
1265520 1467.8
1265530 1467.8
1265540 1469.7
1265550 1470.9
1265560 1470.9
1265570 1472.1
1265580 1473.9
1265590 1473.9
1265600 1476.5
1265610 1479.4
1265620 1479.4
1265630 1482.6
1265640 1485.3
1265650 1482.4
1265660 1482.4
1265670 1483.2
1265680 1484.5
1265690 1484.5
1265700 1485.7
1265710 1486.9
1265720 1486.9
1265730 1487.8
1265740 1488.8
1265750 1488.8
1265760 1489.8
1265770 1490.7
1265780 1490.7
1265790 1492.2
1265800 1494.1
1265810 1494.1
1265820 1496.1
1265830 1496.9
1265840 1496.9
1265850 1497.6
1265860 1498.5
1265870 1498.5
1265880 1499.6
1265890 1501.2
1265900 1501.2
1265910 1503.3
1265920 1505.8
1265930 1508.3
1265940 1508.3
1265950 1510.6
1265960 1512.8
1265970 1512.8
1265980 1514.8
1265990 1516.2
1266000 1516.2
1266010 1517.5
1266020 1518.6
1266030 1518.6
1266040 1519.2
1266050 1519.4
1266060 1519.4
1266070 1519.2
1266080 1519.3
1266090 1519.3
1266100 1521.7
1266110 1525.2
1266120 1525.2
1266130 1528.3
1266140 1531.5
1266150 1531.5
1266160 1536.0
1266170 1541.6
1266180 1541.6
1266190 1548.1
1266200 1559.1
1266210 1564.6
1266220 1564.6
1266230 1560.7
1266240 1562.8
1266250 1562.8
1266260 1563.5
1266270 1562.8
1266280 1562.8
1266290 1564.4
1266300 1567.1
1266310 1567.1
1266320 1569.3
1266330 1572.2
1266340 1572.2
1266350 1574.5
1266360 1575.6
1266370 1575.6
1266380 1577.5
1266390 1577.5
1266400 1577.5
1266410 1577.9
1266420 1579.8
1266430 1579.8
1266440 1583.3
1266450 1587.1
1266460 1587.1
1266470 1590.6
1266480 1593.1
1266490 1593.7
1266500 1593.7
1266510 1596.0
1266520 1598.3
1266530 1598.3
1266540 1600.4
1266550 1601.9
1266560 1601.9
1266570 1603.6
1266580 1606.6
1266590 1606.6
1266600 1609.9
1266610 1613.3
1266620 1613.3
1266630 1616.7
1266640 1619.2
1266650 1619.2
1266660 1621.6
1266670 1623.5
1266680 1623.5
1266690 1626.5
1266700 1629.1
1266710 1629.1
1266720 1631.3
1266730 1633.0
1266740 1633.0
1266750 1634.1
1266760 1635.3
1266770 1637.2
1266780 1637.2
1266790 1638.1
1266800 1637.9
1266810 1630.8
1266820 1630.8
1266830 1631.1
1266840 1631.1
1266850 1631.0
1266860 1630.2
1266870 1630.2
1266880 1628.8
1266890 1627.9
1266900 1627.9
1266910 1627.5
1266920 1626.1
1266930 1626.1
1266940 1624.8
1266950 1623.7
1266960 1623.7
1266970 1621.3
1266980 1618.9
1266990 1618.9
1267000 1616.1
1267010 1613.6
1267020 1613.6
1267030 1610.8
1267040 1608.4
1267050 1606.0
1267060 1606.0
1267070 1604.8
1267080 1604.5
1267090 1604.5
1267100 1604.2
1267110 1603.6
1267120 1603.6
1267130 1602.2
1267140 1602.1
1267150 1602.1
1267160 1603.0
1267170 1603.3
1267180 1603.3
1267190 1601.4
1267200 1598.0
1267210 1598.0
1267220 1594.3
1267230 1591.7
1267240 1591.7
1267250 1589.4
1267260 1585.5
1267270 1585.5
1267280 1580.6
1267290 1576.0
1267300 1576.0
1267310 1577.5
1267320 1581.9
1267330 1587.8
1267340 1587.8
1267350 1591.6
1267360 1594.0
1267370 1594.0
1267380 1598.9
1267390 1603.6
1267400 1598.5
1267410 1603.9
1267420 1609.7
1267430 1609.7
1267440 1611.5
1267450 1611.4
1267460 1611.4
1267470 1611.1
1267480 1611.3
1267490 1611.3
1267500 1612.3
1267510 1613.0
1267520 1613.0
1267530 1613.3
1267540 1615.5
1267550 1615.5
1267560 1617.8
1267570 1619.5
1267580 1619.5
1267590 1621.1
1267600 1622.3
1267610 1622.3
1267620 1623.6
1267630 1626.0
1267640 1628.4
1267650 1628.4
1267660 1629.2
1267670 1631.1
1267680 1631.1
1267690 1631.8
1267700 1632.9
1267710 1632.9
1267720 1633.7
1267730 1633.4
1267740 1633.4
1267750 1632.1
1267760 1631.6
1267770 1631.6
1267780 1632.9
1267790 1635.1
1267800 1635.1
1267810 1636.4
1267820 1637.7
1267830 1637.7
1267840 1641.6
1267850 1645.1
1267860 1645.1
1267870 1647.3
1267880 1648.1
1267890 1648.1
1267900 1649.9
1267910 1652.0
1267920 1653.9
1267930 1653.9
1267940 1656.7
1267950 1660.4
1267960 1660.4
1267970 1663.6
1267980 1663.0
1267990 1654.5
1268000 1659.1
1268010 1662.4
1268020 1662.4
1268030 1667.3
1268040 1671.9
1268050 1671.9
1268060 1676.4
1268070 1680.3
1268080 1680.3
1268090 1683.7
1268100 1687.4
1268110 1687.4
1268120 1689.5
1268130 1690.2
1268140 1690.2
1268150 1695.4
1268160 1702.7
1268170 1702.7
1268180 1709.1
1268190 1714.9
1268200 1715.5
1268210 1715.5
1268220 1716.6
1268230 1715.9
1268240 1715.9
1268250 1713.7
1268260 1711.1
1268270 1711.1
1268280 1707.7
1268290 1699.3
1268300 1699.3
1268310 1693.7
1268320 1691.6
1268330 1691.6
1268340 1684.5
1268350 1681.4
1268360 1681.4
1268370 1682.5
1268380 1697.2
1268390 1697.2
1268400 1720.3
1268410 1727.0
1268420 1727.0
1268430 1727.5
1268440 1734.5
1268450 1734.5
1268460 1739.3
1268470 1742.5
1268480 1744.7
1268490 1744.7
1268500 1746.3
1268510 1744.7
1268520 1744.7
1268530 1745.0
1268540 1751.9
1268550 1751.9
1268560 1759.2
1268570 1763.4
1268580 1755.1
1268590 1756.0
1268600 1751.0
1268610 1751.0
1268620 1748.3
1268630 1749.5
1268640 1749.5
1268650 1752.8
1268660 1756.9
1268670 1756.9
1268680 1757.0
1268690 1752.5
1268700 1752.5
1268710 1746.2
1268720 1735.6
1268730 1735.6
1268740 1729.3
1268750 1734.3
1268760 1748.0
1268770 1748.0
1268780 1756.0
1268790 1761.1
1268800 1761.1
1268810 1770.3
1268820 1777.7
1268830 1777.7
1268840 1782.7
1268850 1785.9
1268860 1785.9
1268870 1788.5
1268880 1789.0
1268890 1789.0
1268900 1788.6
1268910 1790.1
1268920 1790.1
1268930 1792.2
1268940 1796.1
1268950 1796.1
1268960 1800.2
1268970 1804.0
1268980 1804.0
1268990 1806.3
1269000 1807.5
1269010 1807.5
1269020 1805.7
1269030 1801.9
1269040 1797.9
1269050 1797.9
1269060 1798.6
1269070 1796.1
1269080 1796.1
1269090 1795.1
1269100 1795.9
1269110 1795.9
1269120 1801.6
1269130 1808.7
1269140 1808.7
1269150 1814.3
1269160 1818.5
1269170 1808.8
1269180 1813.1
1269190 1815.3
1269200 1815.3
1269210 1813.9
1269220 1814.7
1269230 1814.7
1269240 1820.9
1269250 1828.8
1269260 1828.8
1269270 1834.9
1269280 1838.7
1269290 1838.7
1269300 1836.6
1269310 1835.9
1269320 1838.4
1269330 1838.4
1269340 1839.7
1269350 1836.7
1269360 1836.7
1269370 1832.6
1269380 1830.7
1269390 1830.7
1269400 1832.9
1269410 1835.7
1269420 1835.7
1269430 1836.6
1269440 1839.2
1269450 1839.2
1269460 1840.5
1269470 1840.9
1269480 1840.9
1269490 1844.8
1269500 1849.2
1269510 1849.2
1269520 1855.4
1269530 1860.6
1269540 1860.6
1269550 1866.2
1269560 1870.3
1269570 1870.3
1269580 1873.6
1269590 1876.0
1269600 1877.9
1269610 1877.9
1269620 1879.1
1269630 1880.0
1269640 1880.0
1269650 1879.9
1269660 1879.9
1269670 1879.9
1269680 1878.4
1269690 1875.1
1269700 1875.1
1269710 1872.7
1269720 1872.0
1269730 1872.0
1269740 1870.5
1269750 1868.5
1269760 1860.1
1269770 1858.7
1269780 1857.0
1269790 1857.0
1269800 1852.9
1269810 1844.0
1269820 1844.0
1269830 1833.2
1269840 1837.8
1269850 1837.8
1269860 1840.7
1269870 1841.8
1269880 1842.9
1269890 1842.9
1269900 1846.1
1269910 1848.2
1269920 1848.2
1269930 1848.6
1269940 1847.1
1269950 1847.1
1269960 1846.0
1269970 1845.2
1269980 1845.2
1269990 1844.1
1270000 1840.5
1270010 1840.5
1270020 1835.8
1270030 1830.6
1270040 1830.6
1270050 1821.5
1270060 1808.6
1270070 1808.6
1270080 1802.3
1270090 1818.1
1270100 1818.1
1270110 1818.9
1270120 1819.5
1270130 1819.5
1270140 1828.2
1270150 1837.0
1270160 1837.0
1270170 1838.7
1270180 1837.4
1270190 1831.4
1270200 1831.4
1270210 1837.9
1270220 1839.7
1270230 1839.7
1270240 1844.7
1270250 1851.6
1270260 1851.6
1270270 1859.2
1270280 1865.0
1270290 1865.0
1270300 1869.8
1270310 1875.0
1270320 1875.0
1270330 1884.3
1270340 1892.2
1270350 1882.1
1270360 1887.2
1270370 1891.1
1270380 1891.1
1270390 1894.8
1270400 1897.4
1270410 1897.4
1270420 1900.3
1270430 1904.3
1270440 1904.3
1270450 1908.8
1270460 1913.4
1270470 1918.5
1270480 1918.5
1270490 1924.0
1270500 1928.5
1270510 1928.5
1270520 1933.4
1270530 1938.2
1270540 1938.2
1270550 1942.0
1270560 1944.9
1270570 1944.9
1270580 1946.9
1270590 1949.1
1270600 1949.1
1270610 1952.1
1270620 1955.0
1270630 1955.0
1270640 1958.6
1270650 1962.4
1270660 1962.4
1270670 1964.0
1270680 1964.8
1270690 1964.8
1270700 1965.8
1270710 1966.1
1270720 1966.1
1270730 1964.5
1270740 1962.5
1270750 1965.6
1270760 1965.6
1270770 1968.8
1270780 1971.0
1270790 1971.0
1270800 1972.3
1270810 1971.8
1270820 1971.8
1270830 1973.8
1270840 1975.8
1270850 1975.8
1270860 1975.1
1270870 1976.0
1270880 1976.0
1270890 1979.4
1270900 1985.3
1270910 1985.3
1270920 1986.3
1270930 1986.6
1270940 1986.6
1270950 1977.4
1270960 1978.0
1270970 1978.0
1270980 1979.0
1270990 1982.3
1271000 1982.3
1271010 1983.6
1271020 1983.6
1271030 1982.5
1271040 1982.5
1271050 1981.7
1271060 1982.9
1271070 1982.9
1271080 1983.0
1271090 1983.1
1271100 1983.1
1271110 1986.5
1271120 1989.2
1271130 1989.2
1271140 1991.9
1271150 1993.8
1271160 1993.8
1271170 1998.1
1271180 2002.6
1271190 2002.6
1271200 2004.0
1271210 2003.1
1271220 2003.1
1271230 2008.8
1271240 2013.3
1271250 2013.3
1271260 2019.4
1271270 2025.8
1271280 2025.8
1271290 2029.8
1271300 2033.9
1271310 2039.1
1271320 2039.1
1271330 2045.1
1271340 2051.2
1271350 2051.2
1271360 2057.4
1271370 2063.7
1271380 2063.7
1271390 2070.4
1271400 2077.3
1271410 2077.3
1271420 2084.3
1271430 2091.4
1271440 2091.4
1271450 2098.5
1271460 2105.4
1271470 2105.4
1271480 2112.3
1271490 2118.8
1271500 2118.8
1271510 2125.7
1271520 2134.0
1271530 2134.0
1271540 2143.0
1271550 2154.3
1271560 2154.3
1271570 2161.5
1271580 2169.6
1271590 2181.4
1271600 2181.4
1271610 2193.4
1271620 2204.7
1271630 2204.7
1271640 2213.5
1271650 2224.8
1271660 2224.8
1271670 2238.1
1271680 2248.2
1271690 2248.2
1271700 2251.8
1271710 2255.8
1271720 2255.8
1271730 2258.5
1271740 2261.9
1271750 2261.9
1271760 2266.2
1271770 2270.4
1271780 2270.4
1271790 2275.0
1271800 2281.4
1271810 2281.4
1271820 2287.3
1271830 2296.4
1271840 2296.4
1271850 2303.7
1271860 2310.6
1271870 2317.5
1271880 2317.5
1271890 2318.2
1271900 2307.9
1271910 2307.9
1271920 2297.6
1271930 2286.8
1271940 2286.8
1271950 2279.6
1271960 2281.5
1271970 2281.5
1271980 2266.4
1271990 2252.5
1272000 2252.5
1272010 2242.8
1272020 2232.3
1272030 2232.3
1272040 2225.7
1272050 2222.6
1272060 2222.6
1272070 2214.7
1272080 2206.3
1272090 2206.3
1272100 2200.0
1272110 2197.5
1272120 2197.5
1272130 2193.8
1272140 2183.8
1272150 2179.8
1272160 2179.8
1272170 2178.1
1272180 2176.1
1272190 2176.1
1272200 2173.7
1272210 2171.3
1272220 2171.3
1272230 2171.0
1272240 2170.3
1272250 2170.3
1272260 2168.9
1272270 2167.3
1272280 2167.3
1272290 2165.0
1272300 2162.7
1272310 2162.7
1272320 2160.1
1272330 2157.3
1272340 2157.3
1272350 2154.8
1272360 2152.8
1272370 2152.8
1272380 2151.6
1272390 2151.6
1272400 2151.6
1272410 2152.8
1272420 2154.7
1272430 2155.9
1272440 2155.9
1272450 2157.8
1272460 2159.6
1272470 2159.6
1272480 2162.8
1272490 2167.2
1272500 2167.2
1272510 2172.5
1272520 2178.9
1272530 2178.9
1272540 2185.5
1272550 2190.9
1272560 2190.9
1272570 2196.5
1272580 2201.2
1272590 2201.2
1272600 2205.6
1272610 2210.0
1272620 2210.0
1272630 2211.8
1272640 2212.0
1272650 2212.0
1272660 2212.3
1272670 2212.8
1272680 2212.8
1272690 2212.7
1272700 2213.5
1272710 2215.9
1272720 2215.9
1272730 2218.4
1272740 2220.0
1272750 2220.0
1272760 2224.6
1272770 2230.3
1272780 2230.3
1272790 2235.6
1272800 2240.1
1272810 2240.1
1272820 2245.0
1272830 2249.6
1272840 2249.6
1272850 2254.0
1272860 2259.2
1272870 2259.2
1272880 2265.0
1272890 2271.2
1272900 2271.2
1272910 2277.5
1272920 2284.1
1272930 2284.1
1272940 2292.9
1272950 2308.9
1272960 2308.9
1272970 2334.9
1272980 2348.6
1272990 2348.6
1273000 2358.0
1273010 2363.7
1273020 2368.5
1273030 2368.5
1273040 2373.2
1273050 2379.8
1273060 2379.8
1273070 2387.5
1273080 2395.0
1273090 2395.0
1273100 2402.8
1273110 2409.8
1273120 2409.8
1273130 2416.2
1273140 2424.1
1273150 2424.1
1273160 2431.2
1273170 2439.3
1273180 2439.3
1273190 2451.4
1273200 2462.8
1273210 2462.8
1273220 2468.3
1273230 2467.6
1273240 2467.6
1273250 2466.0
1273260 2465.0
1273270 2465.0
1273280 2467.4
1273290 2469.6
1273300 2475.6
1273310 2475.6
1273320 2482.6
1273330 2489.9
1273340 2489.9
1273350 2497.3
1273360 2504.4
1273370 2504.4
1273380 2511.4
1273390 2525.8
1273400 2525.8
1273410 2541.8
1273420 2556.4
1273430 2556.4
1273440 2566.0
1273450 2576.8
1273460 2576.8
1273470 2588.9
1273480 2597.8
1273490 2597.8
1273500 2607.1
1273510 2615.5
1273520 2615.5
1273530 2621.3
1273540 2627.7
1273550 2627.7
1273560 2633.7
1273570 2636.2
1273580 2639.7
1273590 2639.7
1273600 2636.9
1273610 2639.6
1273620 2639.6
1273630 2641.6
1273640 2622.0
1273650 2622.0
1273660 2605.2
1273670 2590.7
1273680 2590.7
1273690 2563.8
1273700 2539.1
1273710 2539.1
1273720 2523.9
1273730 2502.0
1273740 2502.0
1273750 2497.9
1273760 2498.9
1273770 2498.9
1273780 2474.9
1273790 2462.6
1273800 2462.6
1273810 2448.4
1273820 2430.2
1273830 2430.2
1273840 2415.2
1273850 2414.2
1273860 2416.4
1273870 2416.4
1273880 2409.7
1273890 2395.7
1273900 2395.7
1273910 2380.6
1273920 2376.0
1273930 2376.0
1273940 2380.6
1273950 2398.9
1273960 2398.9
1273970 2401.4
1273980 2401.3
1273990 2401.3
1274000 2400.3
1274010 2394.6
1274020 2394.6
1274030 2397.1
1274040 2401.1
1274050 2401.1
1274060 2396.1
1274070 2386.2
1274080 2386.2
1274090 2370.0
1274100 2341.1
1274110 2341.1
1274120 2315.9
1274130 2281.9
1274140 2246.4
1274150 2246.4
1274160 2235.8
1274170 2228.6
1274180 2228.6
1274190 2221.6
1274200 2214.4
1274210 2214.4
1274220 2207.4
1274230 2201.2
1274240 2201.2
1274250 2195.9
1274260 2191.7
1274270 2191.7
1274280 2188.1
1274290 2184.6
1274300 2184.6
1274310 2181.4
1274320 2179.5
1274330 2179.5
1274340 2179.1
1274350 2179.5
1274360 2179.5
1274370 2179.0
1274380 2177.3
1274390 2177.3
1274400 2176.1
1274410 2175.8
1274420 2176.0
1274430 2176.0
1274440 2176.1
1274450 2175.7
1274460 2175.7
1274470 2174.8
1274480 2174.4
1274490 2174.4
1274500 2175.6
1274510 2178.1
1274520 2178.1
1274530 2180.0
1274540 2182.7
1274550 2182.7
1274560 2182.0
1274570 2186.8
1274580 2186.8
1274590 2189.8
1274600 2194.9
1274610 2194.9
1274620 2201.1
1274630 2206.4
1274640 2206.4
1274650 2212.3
1274660 2218.7
1274670 2218.7
1274680 2223.3
1274690 2226.7
1274700 2231.9
1274710 2231.9
1274720 2235.8
1274730 2239.7
1274740 2239.7
1274750 2242.5
1274760 2245.1
1274770 2245.1
1274780 2248.0
1274790 2248.8
1274800 2248.8
1274810 2250.5
1274820 2254.6
1274830 2254.6
1274840 2257.6
1274850 2258.0
1274860 2258.0
1274870 2258.0
1274880 2262.8
1274890 2262.8
1274900 2267.3
1274910 2269.7
1274920 2269.7
1274930 2270.1
1274940 2272.9
1274950 2272.9
1274960 2275.8
1274970 2277.1
1274980 2278.2
1274990 2278.2
1275000 2278.4
1275010 2279.7
1275020 2279.7
1275030 2279.5
1275040 2280.3
1275050 2280.3
1275060 2280.9
1275070 2280.7
1275080 2280.7
1275090 2279.4
1275100 2274.5
1275110 2274.5
1275120 2269.9
1275130 2264.5
1275140 2264.5
1275150 2257.6
1275160 2250.7
1275170 2245.8
1275180 2238.2
1275190 2231.4
1275200 2231.4
1275210 2225.1
1275220 2219.0
1275230 2219.0
1275240 2211.8
1275250 2203.8
1275260 2195.5
1275270 2195.5
1275280 2185.7
1275290 2176.7
1275300 2176.7
1275310 2171.4
1275320 2168.5
1275330 2168.5
1275340 2163.4
1275350 2157.8
1275360 2157.8
1275370 2151.4
1275380 2141.5
1275390 2141.5
1275400 2134.9
1275410 2125.6
1275420 2125.6
1275430 2115.5
1275440 2105.0
1275450 2105.0
1275460 2094.5
1275470 2087.1
1275480 2087.1
1275490 2080.8
1275500 2075.6
1275510 2075.6
1275520 2071.3
1275530 2067.7
1275540 2065.5
1275550 2065.5
1275560 2062.4
1275570 2061.7
1275580 2061.7
1275590 2059.2
1275600 2058.8
1275610 2058.8
1275620 2057.7
1275630 2055.7
1275640 2055.7
1275650 2055.1
1275660 2055.8
1275670 2055.8
1275680 2058.1
1275690 2061.0
1275700 2061.0
1275710 2063.7
1275720 2065.4
1275730 2065.4
1275740 2067.8
1275750 2071.4
1275760 2071.4
1275770 2069.8
1275780 2073.8
1275790 2073.8
1275800 2073.4
1275810 2081.0
1275820 2081.0
1275830 2088.0
1275840 2093.6
1275850 2095.5
1275860 2095.5
1275870 2097.8
1275880 2103.7
1275890 2103.7
1275900 2106.0
1275910 2104.5
1275920 2104.5
1275930 2100.7
1275940 2095.8
1275950 2095.8
1275960 2093.4
1275970 2089.2
1275980 2089.2
1275990 2082.8
1276000 2075.9
1276010 2075.9
1276020 2072.7
1276030 2068.7
1276040 2068.7
1276050 2063.3
1276060 2057.9
1276070 2057.9
1276080 2053.5
1276090 2047.6
1276100 2047.6
1276110 2045.1
1276120 2042.4
1276130 2039.0
1276140 2039.0
1276150 2035.5
1276160 2031.1
1276170 2031.1
1276180 2026.9
1276190 2022.9
1276200 2022.9
1276210 2016.8
1276220 2009.8
1276230 2009.8
1276240 2015.1
1276250 2020.2
1276260 2020.2
1276270 2021.3
1276280 2019.7
1276290 2019.7
1276300 2016.1
1276310 2012.8
1276320 2012.8
1276330 2010.2
1276340 2006.4
1276350 2006.4
1276360 2001.6
1276370 1997.6
1276380 1997.6
1276390 1989.1
1276400 1988.5
1276410 1987.9
1276420 1987.9
1276430 1985.1
1276440 1981.4
1276450 1981.4
1276460 1977.5
1276470 1973.2
1276480 1973.2
1276490 1969.1
1276500 1965.2
1276510 1965.2
1276520 1962.5
1276530 1960.5
1276540 1960.5
1276550 1958.6
1276560 1956.9
1276570 1956.9
1276580 1956.3
1276590 1954.8
1276600 1954.8
1276610 1953.2
1276620 1950.5
1276630 1950.5
1276640 1950.8
1276650 1950.8
1276660 1950.8
1276670 1950.0
1276680 1952.3
1276690 1950.1
1276700 1950.1
1276710 1946.1
1276720 1945.2
1276730 1945.2
1276740 1944.6
1276750 1943.9
1276760 1943.9
1276770 1942.3
1276780 1941.4
1276790 1941.4
1276800 1941.4
1276810 1945.6
1276820 1945.6
1276830 1949.2
1276840 1954.5
1276850 1954.5
1276860 1962.1
1276870 1971.0
1276880 1971.0
1276890 1978.0
1276900 1983.5
1276910 1983.5
1276920 1984.4
1276930 1983.1
1276940 1983.1
1276950 1983.5
1276960 1985.0
1276970 1984.7
1276980 1984.7
1276990 1983.8
1277000 1978.0
1277010 1978.0
1277020 1977.4
1277030 1980.0
1277040 1980.0
1277050 1984.4
1277060 1987.6
1277070 1987.6
1277080 1994.0
1277090 1998.9
1277100 1998.9
1277110 2003.9
1277120 2007.1
1277130 2007.1
1277140 2008.0
1277150 2007.3
1277160 2007.3
1277170 2007.2
1277180 2006.7
1277190 2006.7
1277200 2007.4
1277210 2008.0
1277220 2008.0
1277230 2008.7
1277240 2011.0
1277250 2015.2
1277260 2015.2
1277270 2019.1
1277280 2021.6
1277290 2021.6
1277300 2023.9
1277310 2026.5
1277320 2026.5
1277330 2027.9
1277340 2027.7
1277350 2027.7
1277360 2030.7
1277370 2033.5
1277380 2033.5
1277390 2032.5
1277400 2030.1
1277410 2030.1
1277420 2030.2
1277430 2034.2
1277440 2034.2
1277450 2035.9
1277460 2039.0
1277470 2039.0
1277480 2044.4
1277490 2046.2
1277500 2046.2
1277510 2049.4
1277520 2051.9
1277530 2055.2
1277540 2055.2
1277550 2057.6
1277560 2058.8
1277570 2058.8
1277580 2059.9
1277590 2062.6
1277600 2062.6
1277610 2058.5
1277620 2061.8
1277630 2061.8
1277640 2067.5
1277650 2071.9
1277660 2071.9
1277670 2073.2
1277680 2074.0
1277690 2074.0
1277700 2077.7
1277710 2078.7
1277720 2078.7
1277730 2079.5
1277740 2082.6
1277750 2082.6
1277760 2084.9
1277770 2084.5
1277780 2084.5
1277790 2086.1
1277800 2089.3
1277810 2090.8
1277820 2090.8
1277830 2094.0
1277840 2095.8
1277850 2095.8
1277860 2100.0
1277870 2103.3
1277880 2103.3
1277890 2105.3
1277900 2106.8
1277910 2106.8
1277920 2107.8
1277930 2107.1
1277940 2107.1
1277950 2108.2
1277960 2108.6
1277970 2108.6
1277980 2109.4
1277990 2111.5
1278000 2111.5
1278010 2112.7
1278020 2114.0
1278030 2114.0
1278040 2116.5
1278050 2116.1
1278060 2116.1
1278070 2116.5
1278080 2119.0
1278090 2119.0
1278100 2119.0
1278110 2118.0
1278120 2118.3
1278130 2118.3
1278140 2119.9
1278150 2120.8
1278160 2120.8
1278170 2122.0
1278180 2122.6
1278190 2122.6
1278200 2122.0
1278210 2120.9
1278220 2120.9
1278230 2116.8
1278240 2117.7
1278250 2117.7
1278260 2118.1
1278270 2116.1
1278280 2116.1
1278290 2111.6
1278300 2107.7
1278310 2107.7
1278320 2098.0
1278330 2084.0
1278340 2084.0
1278350 2078.4
1278360 2051.8
1278370 2026.3
1278380 2026.3
1278390 2018.0
1278400 2015.2
1278410 2015.2
1278420 2009.6
1278430 1991.0
1278440 1991.0
1278450 1990.0
1278460 2011.6
1278470 2011.6
1278480 2052.4
1278490 2062.7
1278500 2062.7
1278510 2065.2
1278520 2080.1
1278530 2080.1
1278540 2095.7
1278550 2097.6
1278560 2097.6
1278570 2097.7
1278580 2098.0
1278590 2098.0
1278600 2096.6
1278610 2098.8
1278620 2098.8
1278630 2097.7
1278640 2095.1
1278650 2094.5
1278660 2094.5
1278670 2098.7
1278680 2103.6
1278690 2103.6
1278700 2104.5
1278710 2105.2
1278720 2105.2
1278730 2106.6
1278740 2109.0
1278750 2109.0
1278760 2109.8
1278770 2110.7
1278780 2110.7
1278790 2110.0
1278800 2108.3
1278810 2108.3
1278820 2108.8
1278830 2114.3
1278840 2114.3
1278850 2114.1
1278860 2118.9
1278870 2118.9
1278880 2121.2
1278890 2121.7
1278900 2121.7
1278910 2124.3
1278920 2120.6
1278930 2120.6
1278940 2113.4
1278950 2110.2
1278960 2103.9
1278970 2103.9
1278980 2097.9
1278990 2093.9
1279000 2093.9
1279010 2089.7
1279020 2083.3
1279030 2083.3
1279040 2078.8
1279050 2075.2
1279060 2075.2
1279070 2071.1
1279080 2071.1
1279090 2071.1
1279100 2067.8
1279110 2064.8
1279120 2064.8
1279130 2061.5
1279140 2057.9
1279150 2057.9
1279160 2055.4
1279170 2052.0
1279180 2052.0
1279190 2048.6
1279200 2047.0
1279210 2047.0
1279220 2045.7
1279230 2042.7
1279240 2039.7
1279250 2039.7
1279260 2037.2
1279270 2034.5
1279280 2034.5
1279290 2028.7
1279300 2028.8
1279310 2028.8
1279320 2032.8
1279330 2036.2
1279340 2036.2
1279350 2038.0
1279360 2037.6
1279370 2037.6
1279380 2035.5
1279390 2031.3
1279400 2031.3
1279410 2027.0
1279420 2024.3
1279430 2024.3
1279440 2019.8
1279450 2016.6
1279460 2016.6
1279470 2008.3
1279480 2004.1
1279490 2004.1
1279500 2004.9
1279510 2003.4
1279520 2001.8
1279530 2001.8
1279540 2000.3
1279550 1999.0
1279560 1999.0
1279570 1997.7
1279580 1997.4
1279590 1997.4
1279600 1996.2
1279610 1995.1
1279620 1995.1
1279630 1993.9
1279640 1992.6
1279650 1992.6
1279660 1991.7
1279670 1991.1
1279680 1991.1
1279690 1989.5
1279700 1988.2
1279710 1988.2
1279720 1986.6
1279730 1985.2
1279740 1985.2
1279750 1986.2
1279760 1987.9
1279770 1987.9
1279780 1990.7
1279790 1991.9
1279800 1991.5
1279810 1991.5
1279820 1992.9
1279830 1996.7
1279840 1996.7
1279850 1997.8
1279860 1999.3
1279870 1999.3
1279880 1998.7
1279890 1998.4
1279900 1998.4
1279910 1996.8
1279920 1994.4
1279930 1994.4
1279940 1995.8
1279950 1996.1
1279960 1996.1
1279970 1997.8
1279980 1998.3
1279990 1998.3
