1260000 1413.1
1260010 1405.4
1260020 1405.4
1260030 1395.7
1260040 1387.5
1260050 1387.5
1260060 1379.1
1260070 1370.0
1260080 1370.0
1260090 1361.7
1260100 1352.6
1260110 1352.6
1260120 1343.9
1260130 1336.2
1260140 1336.2
1260150 1331.0
1260160 1328.8
1260170 1328.8
1260180 1326.9
1260190 1316.2
1260200 1316.2
1260210 1314.4
1260220 1305.1
1260230 1293.9
1260240 1293.9
1260250 1286.2
1260260 1281.5
1260270 1281.5
1260280 1278.4
1260290 1272.4
1260300 1272.4
1260310 1265.8
1260320 1260.5
1260330 1260.5
1260340 1254.9
1260350 1249.5
1260360 1249.5
1260370 1244.8
1260380 1241.3
1260390 1241.3
1260400 1237.6
1260410 1233.4
1260420 1233.4
1260430 1236.8
1260440 1232.6
1260450 1232.6
1260460 1228.0
1260470 1226.2
1260480 1226.2
1260490 1223.7
1260500 1217.9
1260510 1217.9
1260520 1210.4
1260530 1203.1
1260540 1197.0
1260550 1197.0
1260560 1192.3
1260570 1190.2
1260580 1190.2
1260590 1191.1
1260600 1193.9
1260610 1193.9
1260620 1192.1
1260630 1187.9
1260640 1187.9
1260650 1184.0
1260660 1179.6
1260670 1179.6
1260680 1177.3
1260690 1173.8
1260700 1173.8
1260710 1173.8
1260720 1175.6
1260730 1175.6
1260740 1175.1
1260750 1174.1
1260760 1174.1
1260770 1173.2
1260780 1172.4
1260790 1172.4
1260800 1172.2
1260810 1171.1
1260820 1165.8
1260830 1165.8
1260840 1161.8
1260850 1163.0
1260860 1163.0
1260870 1165.5
1260880 1165.5
1260890 1165.5
1260900 1166.7
1260910 1169.4
1260920 1169.4
1260930 1172.9
1260940 1176.8
1260950 1176.8
1260960 1180.7
1260970 1184.2
1260980 1184.2
1260990 1187.8
1261000 1185.1
1261010 1185.1
1261020 1189.1
1261030 1193.4
1261040 1193.4
1261050 1197.8
1261060 1202.0
1261070 1202.0
1261080 1205.3
1261090 1207.0
1261100 1208.7
1261110 1208.7
1261120 1211.6
1261130 1214.8
1261140 1214.8
1261150 1216.7
1261160 1218.1
1261170 1218.1
1261180 1220.3
1261190 1221.4
1261200 1221.4
1261210 1221.0
1261220 1221.5
1261230 1221.5
1261240 1221.0
1261250 1220.0
1261260 1220.0
1261270 1219.6
1261280 1220.5
1261290 1220.5
1261300 1222.6
1261310 1225.6
1261320 1225.6
1261330 1228.7
1261340 1231.5
1261350 1231.5
1261360 1235.0
1261370 1238.8
1261380 1242.8
1261390 1242.8
1261400 1247.3
1261410 1251.8
1261420 1251.8
1261430 1256.3
1261440 1259.6
1261450 1259.6
1261460 1261.6
1261470 1262.7
1261480 1262.7
1261490 1263.9
1261500 1264.3
1261510 1264.3
1261520 1263.6
1261530 1263.9
1261540 1263.9
1261550 1265.8
1261560 1268.0
1261570 1265.5
1261580 1267.4
1261590 1270.0
1261600 1270.0
1261610 1272.5
1261620 1275.3
1261630 1275.3
1261640 1277.5
1261650 1278.8
1261660 1279.1
1261670 1279.1
1261680 1279.1
1261690 1277.4
1261700 1277.4
1261710 1276.4
1261720 1276.2
1261730 1276.2
1261740 1275.8
1261750 1277.1
1261760 1277.1
1261770 1278.8
1261780 1280.8
1261790 1280.8
1261800 1282.5
1261810 1284.7
1261820 1284.7
1261830 1287.0
1261840 1289.5
1261850 1289.5
1261860 1293.3
1261870 1297.5
1261880 1297.5
1261890 1302.7
1261900 1308.7
1261910 1308.7
1261920 1314.4
1261930 1320.0
1261940 1320.0
1261950 1326.3
1261960 1333.2
1261970 1340.1
1261980 1340.1
1261990 1347.1
1262000 1354.2
1262010 1354.2
1262020 1361.6
1262030 1369.3
1262040 1369.3
1262050 1377.6
1262060 1385.8
1262070 1385.8
1262080 1393.9
1262090 1402.3
1262100 1402.3
1262110 1412.6
1262120 1424.2
1262130 1424.2
1262140 1427.2
1262150 1434.9
1262160 1434.9
1262170 1445.2
1262180 1453.0
1262190 1453.0
1262200 1458.6
1262210 1462.9
1262220 1462.9
1262230 1468.7
1262240 1476.2
1262250 1484.0
1262260 1484.0
1262270 1491.4
1262280 1499.3
1262290 1499.3
1262300 1507.3
1262310 1516.7
1262320 1516.7
1262330 1527.5
1262340 1539.4
1262350 1539.4
1262360 1552.3
1262370 1563.4
1262380 1563.4
1262390 1572.2
1262400 1582.8
1262410 1582.8
1262420 1596.0
1262430 1606.6
1262440 1606.6
1262450 1617.0
1262460 1625.7
1262470 1625.7
1262480 1630.5
1262490 1633.8
1262500 1633.8
1262510 1637.6
1262520 1639.8
1262530 1640.4
1262540 1640.4
1262550 1639.3
1262560 1639.7
1262570 1639.7
1262580 1640.8
1262590 1640.4
1262600 1640.4
1262610 1637.8
1262620 1632.6
1262630 1632.6
1262640 1625.1
1262650 1618.5
1262660 1618.5
1262670 1613.4
1262680 1606.0
1262690 1606.0
1262700 1596.0
1262710 1585.4
1262720 1585.4
1262730 1579.6
1262740 1574.4
1262750 1574.4
1262760 1569.0
1262770 1564.6
1262780 1564.6
1262790 1562.4
1262800 1561.9
1262810 1562.4
1262820 1562.4
1262830 1563.4
1262840 1564.0
1262850 1564.0
1262860 1565.5
1262870 1567.8
1262880 1567.8
1262890 1570.6
1262900 1574.2
1262910 1574.2
1262920 1578.2
1262930 1582.2
1262940 1582.2
1262950 1586.5
1262960 1591.1
1262970 1591.1
1262980 1595.8
1262990 1600.5
1263000 1600.5
1263010 1605.4
1263020 1610.2
1263030 1610.2
1263040 1615.3
1263050 1620.8
1263060 1620.8
1263070 1626.6
1263080 1632.7
1263090 1638.9
1263100 1638.9
1263110 1645.3
1263120 1651.7
1263130 1651.7
1263140 1658.0
1263150 1664.3
1263160 1664.3
1263170 1670.6
1263180 1677.1
1263190 1677.1
1263200 1683.6
1263210 1690.0
1263220 1690.0
1263230 1696.7
1263240 1703.5
1263250 1703.5
1263260 1710.3
1263270 1717.1
1263280 1717.1
1263290 1728.3
1263300 1735.1
1263310 1735.1
1263320 1740.7
1263330 1746.7
1263340 1746.7
1263350 1752.9
1263360 1759.0
1263370 1766.3
1263380 1766.3
1263390 1773.1
1263400 1780.2
1263410 1780.2
1263420 1787.3
1263430 1793.5
1263440 1793.5
1263450 1799.8
1263460 1806.0
1263470 1806.0
1263480 1812.5
1263490 1819.0
1263500 1819.0
1263510 1825.5
1263520 1832.3
1263530 1832.3
1263540 1838.7
1263550 1845.1
1263560 1845.1
1263570 1851.7
1263580 1858.6
1263590 1858.6
1263600 1865.8
1263610 1874.3
1263620 1874.3
1263630 1882.5
1263640 1889.7
1263650 1889.7
1263660 1895.2
1263670 1899.4
1263680 1903.2
1263690 1903.2
1263700 1906.1
1263710 1908.7
1263720 1908.7
1263730 1910.1
1263740 1910.4
1263750 1910.4
1263760 1910.7
1263770 1910.9
1263780 1910.9
1263790 1911.0
1263800 1910.3
1263810 1910.3
1263820 1909.4
1263830 1907.2
1263840 1907.2
1263850 1905.0
1263860 1903.4
1263870 1896.5
1263880 1896.7
1263890 1896.4
1263900 1896.4
1263910 1896.4
1263920 1896.7
1263930 1896.7
1263940 1897.7
1263950 1897.7
1263960 1897.8
1263970 1897.8
1263980 1899.0
1263990 1899.5
1264000 1899.5
1264010 1899.7
1264020 1900.1
1264030 1900.1
1264040 1899.5
1264050 1898.2
1264060 1898.2
1264070 1896.8
1264080 1895.4
1264090 1895.4
1264100 1894.8
1264110 1892.8
1264120 1892.8
1264130 1891.2
1264140 1890.9
1264150 1890.9
1264160 1889.8
1264170 1890.0
1264180 1890.0
1264190 1884.3
1264200 1865.8
1264210 1865.8
1264220 1865.3
1264230 1876.6
1264240 1890.1
1264250 1890.1
1264260 1915.2
1264270 1931.2
1264280 1931.2
1264290 1941.0
1264300 1950.2
1264310 1950.2
1264320 1959.0
1264330 1969.5
1264340 1969.5
1264350 1976.5
1264360 1981.1
1264370 1981.1
1264380 1985.2
1264390 1987.6
1264400 1987.6
1264410 1989.3
1264420 1990.6
1264430 1990.6
1264440 1986.3
1264450 1993.8
1264460 1993.8
1264470 2003.8
1264480 2010.7
1264490 2010.7
1264500 2016.4
1264510 2021.0
1264520 2026.6
1264530 2026.6
1264540 2032.5
1264550 2037.4
1264560 2037.4
1264570 2041.1
1264580 2044.1
1264590 2044.1
1264600 2046.1
1264610 2045.8
1264620 2045.8
1264630 2045.3
1264640 2046.1
1264650 2046.1
1264660 2048.3
1264670 2057.6
1264680 2057.6
1264690 2068.8
1264700 2080.6
1264710 2080.6
1264720 2089.5
1264730 2112.6
1264740 2112.6
1264750 2129.3
1264760 2131.3
1264770 2131.3
1264780 2128.0
1264790 2123.8
1264800 2122.7
1264810 2122.7
1264820 2123.4
1264830 2122.8
1264840 2122.8
1264850 2123.6
1264860 2126.5
1264870 2126.5
1264880 2128.9
1264890 2131.9
1264900 2131.9
1264910 2134.2
1264920 2134.5
1264930 2134.5
1264940 2131.7
1264950 2124.5
1264960 2124.5
1264970 2122.3
1264980 2119.7
1264990 2119.7
1265000 2121.3
1265010 2126.1
1265020 2112.1
1265030 2110.9
1265040 2109.8
1265050 2109.8
1265060 2100.1
1265070 2089.1
1265080 2063.8
1265090 2063.8
1265100 2026.7
1265110 1986.1
1265120 1986.1
1265130 1986.0
1265140 1988.9
1265150 1988.9
1265160 1992.7
1265170 2005.7
1265180 2005.7
1265190 2006.0
1265200 2003.8
1265210 2003.8
1265220 2005.2
1265230 2010.8
1265240 2010.8
1265250 2012.7
1265260 2015.2
1265270 2015.2
1265280 2014.7
1265290 2015.0
1265300 2015.0
1265310 2025.4
1265320 2033.9
1265330 2033.9
1265340 2039.5
1265350 2043.4
1265360 2043.4
1265370 2040.8
1265380 2017.7
1265390 2007.9
1265400 2007.9
1265410 1997.2
1265420 1987.3
1265430 1987.3
1265440 1983.4
1265450 1980.6
1265460 1980.6
1265470 1980.7
1265480 1978.1
1265490 1978.1
1265500 1975.4
1265510 1968.6
1265520 1968.6
1265530 1963.5
1265540 1961.5
1265550 1961.5
1265560 1958.4
1265570 1955.4
1265580 1955.4
1265590 1955.7
1265600 1949.2
1265610 1949.2
1265620 1952.7
1265630 1962.3
1265640 1962.3
1265650 1971.2
1265660 1980.7
1265670 1987.0
1265680 1987.0
1265690 1989.7
1265700 1984.8
1265710 1984.8
1265720 1975.9
1265730 1966.7
1265740 1966.7
1265750 1960.7
1265760 1955.4
1265770 1955.4
1265780 1950.1
1265790 1945.0
1265800 1945.0
1265810 1937.5
1265820 1928.9
1265830 1928.9
1265840 1936.8
1265850 1947.6
1265860 1947.6
1265870 1949.6
1265880 1952.3
1265890 1952.3
1265900 1956.7
1265910 1960.0
1265920 1960.0
1265930 1961.8
1265940 1966.0
1265950 1972.5
1265960 1972.5
1265970 1978.4
1265980 1984.0
1265990 1984.0
1266000 1989.5
1266010 1995.7
1266020 1995.7
1266030 2001.0
1266040 2006.1
1266050 2006.1
1266060 2012.7
1266070 2020.1
1266080 2020.1
1266090 2027.6
1266100 2032.8
1266110 2032.8
1266120 2037.4
1266130 2041.4
1266140 2041.4
1266150 2044.7
1266160 2047.2
1266170 2047.2
1266180 2046.9
1266190 2044.9
1266200 2044.9
1266210 2049.0
1266220 2052.5
1266230 2055.5
1266240 2055.5
1266250 2058.3
1266260 2060.8
1266270 2060.8
1266280 2064.0
1266290 2069.2
1266300 2069.2
1266310 2073.7
1266320 2077.5
1266330 2077.5
1266340 2081.2
1266350 2083.4
1266360 2083.4
1266370 2085.6
1266380 2087.5
1266390 2087.5
1266400 2088.1
1266410 2084.9
1266420 2084.9
1266430 2077.9
1266440 2073.8
1266450 2073.8
1266460 2068.0
1266470 2065.3
1266480 2065.3
1266490 2069.4
1266500 2073.0
1266510 2075.9
1266520 2075.9
1266530 2076.1
1266540 2073.7
1266550 2073.7
1266560 2069.9
1266570 2075.0
1266580 2075.0
1266590 2085.8
1266600 2094.8
1266610 2094.8
1266620 2103.4
1266630 2109.7
1266640 2109.7
1266650 2116.0
1266660 2123.6
1266670 2123.6
1266680 2130.9
1266690 2137.4
1266700 2137.4
1266710 2143.4
1266720 2149.1
1266730 2149.1
1266740 2153.9
1266750 2156.7
1266760 2156.7
1266770 2150.1
1266780 2151.6
1266790 2151.9
1266800 2151.9
1266810 2151.8
1266820 2152.4
1266830 2152.4
1266840 2149.8
1266850 2142.6
1266860 2142.6
1266870 2132.8
1266880 2111.7
1266890 2111.7
1266900 2087.9
1266910 2072.3
1266920 2072.3
1266930 2055.7
1266940 2041.8
1266950 2041.8
1266960 2033.4
1266970 2025.7
1266980 2025.7
1266990 2020.2
1267000 2009.8
1267010 2009.8
1267020 1998.3
1267030 1978.4
1267040 1978.4
1267050 1955.3
1267060 1939.1
1267070 1939.1
1267080 1933.6
1267090 1928.5
1267100 1923.4
1267110 1923.4
1267120 1918.2
1267130 1913.7
1267140 1913.7
1267150 1910.3
1267160 1907.0
1267170 1907.0
1267180 1903.5
1267190 1900.7
1267200 1900.7
1267210 1899.0
1267220 1896.8
1267230 1896.8
1267240 1894.7
1267250 1892.4
1267260 1892.4
1267270 1893.5
1267280 1894.8
1267290 1894.8
1267300 1895.0
1267310 1894.8
1267320 1894.8
1267330 1892.8
1267340 1891.1
1267350 1891.1
1267360 1884.3
1267370 1884.7
1267380 1885.1
1267390 1885.1
1267400 1885.6
1267410 1882.2
1267420 1882.2
1267430 1879.6
1267440 1880.3
1267450 1880.3
1267460 1883.4
1267470 1887.2
1267480 1887.2
1267490 1891.0
1267500 1894.6
1267510 1894.6
1267520 1897.9
1267530 1902.4
1267540 1902.4
1267550 1907.9
1267560 1913.4
1267570 1913.4
1267580 1917.7
1267590 1922.2
1267600 1922.2
1267610 1927.1
1267620 1932.4
1267630 1932.4
1267640 1938.3
1267650 1944.5
1267660 1950.6
1267670 1950.6
1267680 1956.4
1267690 1961.9
1267700 1961.9
1267710 1966.1
1267720 1970.7
1267730 1970.7
1267740 1977.1
1267750 1983.8
1267760 1983.8
1267770 1990.7
1267780 2002.2
1267790 2002.2
1267800 2025.3
1267810 2041.3
1267820 2041.3
1267830 2054.3
1267840 2067.4
1267850 2067.4
1267860 2083.7
1267870 2111.0
1267880 2111.0
1267890 2129.2
1267900 2143.4
1267910 2143.4
1267920 2145.7
1267930 2142.5
1267940 2129.6
1267950 2129.6
1267960 2120.1
1267970 2110.4
1267980 2110.4
1267990 2099.9
1268000 2079.7
1268010 2079.7
1268020 2066.8
1268030 2058.1
1268040 2058.1
1268050 2052.9
1268060 2047.0
1268070 2047.0
1268080 2040.8
1268090 2035.6
1268100 2035.6
1268110 2031.7
1268120 2028.7
1268130 2028.7
1268140 2026.7
1268150 2026.8
1268160 2026.8
1268170 2028.3
1268180 2031.3
1268190 2031.3
1268200 2032.5
1268210 2033.9
1268220 2036.7
1268230 2036.7
1268240 2040.5
1268250 2044.6
1268260 2044.6
1268270 2048.2
1268280 2051.9
1268290 2051.9
1268300 2056.4
1268310 2061.9
1268320 2061.9
1268330 2068.1
1268340 2074.9
1268350 2074.9
1268360 2082.1
1268370 2089.1
1268380 2089.1
1268390 2096.3
1268400 2104.4
1268410 2104.4
1268420 2115.1
1268430 2130.3
1268440 2130.3
1268450 2146.7
1268460 2158.0
1268470 2158.0
1268480 2169.7
1268490 2182.4
1268500 2195.0
1268510 2195.0
1268520 2203.8
1268530 2226.8
1268540 2226.8
1268550 2238.9
1268560 2253.8
1268570 2253.8
1268580 2270.2
1268590 2275.4
1268600 2275.4
1268610 2280.5
1268620 2286.8
1268630 2286.8
1268640 2292.9
1268650 2299.4
1268660 2299.4
1268670 2296.9
1268680 2286.6
1268690 2286.6
1268700 2281.4
1268710 2283.6
1268720 2283.6
1268730 2270.3
1268740 2244.0
1268750 2244.0
1268760 2234.7
1268770 2226.7
1268780 2226.7
1268790 2213.9
1268800 2206.2
1268810 2198.5
1268820 2198.5
1268830 2190.8
1268840 2185.3
1268850 2185.3
1268860 2181.1
1268870 2178.3
1268880 2178.3
1268890 2178.0
1268900 2177.4
1268910 2177.4
1268920 2177.5
1268930 2179.1
1268940 2179.1
1268950 2180.3
1268960 2181.0
1268970 2181.0
1268980 2181.5
1268990 2182.7
1269000 2182.7
1269010 2184.6
1269020 2187.3
1269030 2187.3
1269040 2190.6
1269050 2194.6
1269060 2194.6
1269070 2198.7
1269080 2202.3
1269090 2205.1
1269100 2205.1
1269110 2207.8
1269120 2208.7
1269130 2208.7
1269140 2213.2
1269150 2218.3
1269160 2218.3
1269170 2223.9
1269180 2230.0
1269190 2230.0
1269200 2236.6
1269210 2243.0
1269220 2243.0
1269230 2249.8
1269240 2258.9
1269250 2258.9
1269260 2270.9
1269270 2278.0
1269280 2278.0
1269290 2284.3
1269300 2289.2
1269310 2289.2
1269320 2290.5
1269330 2291.6
1269340 2291.6
1269350 2292.5
1269360 2295.7
1269370 2300.9
1269380 2300.9
1269390 2305.9
1269400 2311.5
1269410 2311.5
1269420 2317.1
1269430 2321.7
1269440 2321.7
1269450 2317.4
1269460 2310.2
1269470 2310.2
1269480 2291.3
1269490 2247.6
1269500 2247.6
1269510 2207.7
1269520 2188.0
1269530 2188.0
1269540 2170.8
1269550 2161.7
1269560 2161.7
1269570 2154.2
1269580 2147.3
1269590 2147.3
1269600 2140.6
1269610 2134.1
1269620 2134.1
1269630 2128.2
1269640 2123.4
1269650 2119.4
1269660 2119.4
1269670 2116.2
1269680 2113.5
1269690 2113.5
1269700 2111.3
1269710 2108.9
1269720 2104.0
1269730 2101.7
1269740 2099.4
1269750 2099.4
1269760 2097.0
1269770 2094.2
1269780 2094.2
1269790 2091.7
1269800 2089.8
1269810 2089.8
1269820 2087.6
1269830 2085.2
1269840 2085.2
1269850 2083.6
1269860 2081.3
1269870 2081.3
1269880 2079.0
1269890 2074.9
1269900 2074.9
1269910 2072.9
1269920 2073.7
1269930 2074.0
1269940 2074.0
1269950 2075.4
1269960 2076.9
1269970 2076.9
1269980 2079.2
1269990 2081.3
1270000 2081.3
1270010 2082.5
1270020 2085.8
1270030 2085.8
1270040 2088.9
1270050 2091.0
1270060 2091.0
1270070 2091.7
1270080 2092.4
1270090 2092.4
1270100 2094.2
1270110 2093.5
1270120 2093.5
1270130 2091.6
1270140 2089.2
1270150 2089.2
1270160 2087.7
1270170 2086.8
1270180 2086.8
1270190 2085.5
1270200 2085.3
1270210 2086.3
1270220 2086.3
1270230 2088.2
1270240 2091.3
1270250 2091.3
1270260 2096.2
1270270 2101.2
1270280 2101.2
1270290 2105.6
1270300 2111.3
1270310 2111.8
1270320 2117.3
1270330 2121.4
1270340 2121.4
1270350 2124.4
1270360 2127.3
1270370 2127.3
1270380 2130.3
1270390 2131.8
1270400 2131.8
1270410 2134.9
1270420 2137.0
1270430 2137.0
1270440 2137.0
1270450 2136.0
1270460 2136.0
1270470 2134.0
1270480 2131.4
1270490 2131.4
1270500 2129.9
1270510 2130.7
1270520 2133.3
1270530 2133.3
1270540 2137.7
1270550 2142.7
1270560 2142.7
1270570 2147.9
1270580 2153.2
1270590 2153.2
1270600 2158.5
1270610 2164.2
1270620 2164.2
1270630 2170.5
1270640 2177.2
1270650 2177.2
1270660 2184.2
1270670 2191.2
1270680 2191.2
1270690 2198.9
1270700 2211.5
1270710 2211.5
1270720 2235.8
1270730 2261.2
1270740 2261.2
1270750 2281.9
1270760 2305.8
1270770 2305.8
1270780 2319.8
1270790 2331.8
1270800 2341.5
1270810 2341.5
1270820 2352.5
1270830 2364.4
1270840 2364.4
1270850 2378.4
1270860 2395.5
1270870 2395.5
1270880 2412.9
1270890 2434.8
1270900 2430.9
1270910 2441.3
1270920 2449.5
1270930 2449.5
1270940 2455.4
1270950 2461.1
1270960 2461.1
1270970 2468.9
1270980 2477.7
1270990 2477.7
1271000 2472.3
1271010 2459.2
1271020 2459.2
1271030 2457.7
1271040 2451.4
1271050 2451.4
1271060 2447.6
1271070 2432.9
1271080 2417.0
1271090 2417.0
1271100 2402.4
1271110 2393.3
1271120 2393.3
1271130 2389.4
1271140 2387.2
1271150 2387.2
1271160 2384.3
1271170 2380.3
1271180 2380.3
1271190 2375.7
1271200 2367.9
1271210 2367.9
1271220 2361.2
1271230 2355.2
1271240 2355.2
1271250 2350.6
1271260 2345.4
1271270 2345.4
1271280 2338.3
1271290 2336.9
1271300 2336.9
1271310 2336.4
1271320 2329.9
1271330 2329.9
1271340 2326.1
1271350 2330.2
1271360 2328.1
1271370 2328.1
1271380 2325.0
1271390 2321.7
1271400 2321.7
1271410 2317.0
1271420 2312.5
1271430 2312.5
1271440 2310.9
1271450 2310.6
1271460 2310.6
1271470 2309.8
1271480 2315.2
1271490 2315.2
1271500 2305.2
1271510 2305.8
1271520 2305.8
1271530 2308.5
1271540 2310.9
1271550 2310.9
1271560 2313.0
1271570 2312.0
1271580 2312.0
1271590 2310.2
1271600 2308.9
1271610 2308.9
1271620 2308.4
1271630 2308.4
1271640 2308.0
1271650 2308.0
1271660 2307.8
1271670 2307.8
1271680 2307.8
1271690 2308.3
1271700 2309.6
1271710 2309.6
1271720 2311.5
1271730 2312.6
1271740 2312.6
1271750 2314.3
1271760 2316.5
1271770 2316.5
1271780 2319.3
1271790 2323.1
1271800 2323.1
1271810 2326.5
1271820 2330.9
1271830 2330.9
1271840 2337.2
1271850 2345.7
1271860 2345.7
1271870 2359.5
1271880 2375.6
1271890 2375.6
1271900 2390.0
1271910 2405.8
1271920 2415.0
1271930 2415.0
1271940 2423.8
1271950 2434.6
1271960 2434.6
1271970 2448.1
1271980 2458.0
1271990 2458.0
1272000 2470.9
1272010 2488.3
1272020 2488.3
1272030 2501.8
1272040 2513.9
1272050 2513.9
1272060 2531.8
1272070 2552.6
1272080 2552.6
1272090 2559.5
1272100 2555.1
1272110 2555.1
1272120 2552.9
1272130 2549.9
1272140 2549.9
1272150 2548.0
1272160 2547.9
1272170 2547.9
1272180 2549.3
1272190 2551.4
1272200 2551.4
1272210 2553.6
1272220 2556.7
1272230 2552.3
1272240 2552.3
1272250 2542.4
1272260 2534.4
1272270 2534.4
1272280 2523.2
1272290 2514.1
1272300 2514.1
1272310 2509.1
1272320 2506.6
1272330 2506.6
1272340 2504.6
1272350 2505.7
1272360 2505.7
1272370 2505.7
1272380 2513.7
1272390 2513.7
1272400 2519.7
1272410 2521.6
1272420 2521.6
1272430 2523.6
1272440 2522.8
1272450 2522.8
1272460 2521.3
1272470 2519.8
1272480 2519.8
1272490 2517.9
1272500 2514.8
1272510 2514.6
1272520 2514.6
1272530 2514.4
1272540 2515.1
1272550 2515.1
1272560 2516.2
1272570 2516.7
1272580 2516.7
1272590 2518.0
1272600 2518.5
1272610 2518.5
1272620 2518.0
1272630 2517.0
1272640 2517.0
1272650 2516.0
1272660 2515.6
1272670 2515.6
1272680 2517.3
1272690 2524.0
1272700 2512.0
1272710 2518.9
1272720 2524.8
1272730 2524.8
1272740 2527.5
1272750 2530.1
1272760 2530.1
1272770 2532.5
1272780 2539.2
1272790 2541.9
1272800 2541.9
1272810 2542.8
1272820 2544.2
1272830 2544.2
1272840 2546.4
1272850 2548.9
1272860 2548.9
1272870 2551.9
1272880 2551.0
1272890 2551.0
1272900 2550.3
1272910 2552.8
1272920 2552.8
1272930 2558.6
1272940 2566.7
1272950 2566.7
1272960 2572.6
1272970 2579.9
1272980 2579.9
1272990 2589.9
1273000 2594.2
1273010 2594.2
1273020 2595.9
1273030 2598.5
1273040 2598.5
1273050 2595.5
1273060 2591.0
1273070 2583.9
1273080 2583.9
1273090 2574.0
1273100 2564.0
1273110 2564.0
1273120 2560.4
1273130 2564.8
1273140 2564.8
1273150 2559.7
1273160 2557.9
1273170 2557.9
1273180 2563.4
1273190 2566.9
1273200 2566.9
1273210 2560.9
1273220 2551.1
1273230 2551.1
1273240 2542.9
1273250 2546.0
1273260 2546.0
1273270 2554.1
1273280 2560.9
1273290 2560.9
1273300 2581.2
1273310 2587.3
1273320 2587.3
1273330 2592.2
1273340 2597.3
1273350 2602.8
1273360 2602.8
1273370 2610.4
1273380 2615.6
1273390 2615.6
1273400 2610.5
1273410 2602.7
1273420 2602.7
1273430 2599.3
1273440 2599.4
1273450 2599.4
1273460 2593.6
1273470 2582.2
1273480 2582.2
1273490 2571.7
1273500 2567.0
1273510 2567.0
1273520 2553.2
1273530 2530.5
1273540 2530.5
1273550 2516.5
1273560 2506.0
1273570 2506.0
1273580 2495.2
1273590 2488.3
1273600 2488.3
1273610 2494.9
1273620 2505.9
1273630 2521.6
1273640 2521.6
1273650 2544.1
1273660 2545.2
1273670 2545.2
1273680 2535.3
1273690 2517.6
1273700 2517.6
1273710 2494.8
1273720 2495.6
1273730 2495.6
1273740 2514.6
1273750 2532.1
1273760 2532.1
1273770 2544.6
1273780 2558.8
1273790 2558.8
1273800 2571.5
1273810 2582.4
1273820 2582.4
1273830 2595.6
1273840 2608.5
1273850 2608.5
1273860 2616.3
1273870 2613.3
1273880 2613.3
1273890 2607.3
1273900 2612.2
1273910 2648.7
1273920 2648.7
1273930 2643.6
1273940 2634.2
1273950 2634.2
1273960 2619.0
1273970 2602.7
1273980 2602.7
1273990 2601.1
1274000 2605.9
1274010 2605.9
1274020 2617.1
1274030 2630.5
1274040 2630.5
1274050 2634.0
1274060 2619.4
1274070 2619.4
1274080 2602.0
1274090 2604.0
1274100 2604.0
1274110 2593.8
1274120 2579.8
1274130 2579.8
1274140 2579.8
1274150 2569.6
1274160 2569.6
1274170 2572.5
1274180 2582.1
1274190 2582.1
1274200 2582.0
1274210 2586.1
1274220 2587.5
1274230 2587.5
1274240 2589.0
1274250 2594.3
1274260 2594.3
1274270 2595.8
1274280 2594.6
1274290 2594.6
1274300 2592.8
1274310 2590.6
1274320 2590.6
1274330 2587.0
1274340 2583.2
1274350 2583.2
1274360 2581.8
1274370 2582.6
1274380 2582.6
1274390 2583.9
1274400 2586.0
1274410 2586.0
1274420 2590.8
1274430 2599.4
1274440 2599.4
1274450 2603.7
1274460 2611.3
1274470 2611.3
1274480 2623.2
1274490 2627.4
1274500 2637.6
1274510 2621.9
1274520 2631.7
1274530 2640.4
1274540 2640.4
1274550 2644.0
1274560 2642.6
1274570 2642.6
1274580 2630.2
1274590 2616.8
1274600 2616.8
1274610 2598.0
1274620 2578.2
1274630 2578.2
1274640 2567.2
1274650 2560.3
1274660 2560.3
1274670 2555.9
1274680 2551.0
1274690 2551.0
1274700 2550.7
1274710 2547.5
1274720 2547.5
1274730 2548.4
1274740 2554.8
1274750 2554.8
1274760 2567.4
1274770 2586.7
1274780 2581.2
1274790 2581.2
1274800 2571.8
1274810 2564.6
1274820 2564.6
1274830 2564.9
1274840 2568.6
1274850 2568.6
1274860 2567.5
1274870 2573.6
1274880 2573.6
1274890 2584.9
1274900 2611.2
1274910 2611.2
1274920 2629.4
1274930 2620.8
1274940 2620.8
1274950 2617.6
1274960 2612.9
1274970 2612.9
1274980 2614.8
1274990 2625.5
1275000 2625.5
1275010 2625.3
1275020 2628.9
1275030 2628.9
1275040 2638.5
1275050 2645.1
1275060 2642.1
1275070 2642.1
1275080 2638.8
1275090 2638.3
1275100 2638.3
1275110 2636.3
1275120 2625.1
1275130 2625.1
1275140 2620.1
1275150 2614.2
1275160 2614.2
1275170 2607.9
1275180 2604.8
1275190 2604.8
1275200 2596.8
1275210 2586.3
1275220 2586.3
1275230 2577.1
1275240 2571.5
1275250 2571.5
1275260 2569.9
1275270 2563.4
1275280 2563.4
1275290 2560.6
1275300 2556.1
1275310 2556.1
1275320 2549.2
1275330 2548.3
1275340 2546.7
1275350 2546.7
1275360 2547.2
1275370 2543.1
1275380 2543.1
1275390 2537.8
1275400 2531.5
1275410 2531.5
1275420 2528.1
1275430 2526.6
1275440 2526.6
1275450 2526.8
1275460 2524.1
1275470 2524.1
1275480 2518.6
1275490 2519.8
1275500 2519.8
1275510 2517.4
1275520 2513.6
1275530 2513.6
1275540 2515.8
1275550 2518.0
1275560 2518.0
1275570 2524.6
1275580 2529.6
1275590 2529.6
1275600 2535.9
1275610 2541.5
1275620 2541.5
1275630 2552.2
1275640 2554.7
1275650 2552.6
1275660 2552.6
1275670 2555.1
1275680 2557.8
1275690 2557.8
1275700 2551.2
1275710 2537.8
1275720 2537.8
1275730 2535.1
1275740 2519.5
1275750 2519.5
1275760 2500.7
1275770 2478.7
1275780 2478.7
1275790 2466.0
1275800 2454.4
1275810 2454.4
1275820 2444.0
1275830 2431.1
1275840 2431.1
1275850 2418.9
1275860 2408.9
1275870 2408.9
1275880 2398.7
1275890 2388.0
1275900 2388.0
1275910 2375.0
1275920 2361.1
1275930 2352.1
1275940 2352.1
1275950 2344.3
1275960 2337.0
1275970 2337.0
1275980 2330.0
1275990 2323.1
1276000 2323.1
1276010 2316.1
1276020 2309.0
1276030 2309.0
1276040 2301.3
1276050 2294.3
1276060 2294.3
1276070 2287.4
1276080 2280.6
1276090 2280.6
1276100 2274.1
1276110 2267.9
1276120 2267.9
1276130 2262.0
1276140 2256.2
1276150 2256.2
1276160 2250.6
1276170 2245.1
1276180 2245.1
1276190 2239.8
1276200 2234.6
1276210 2229.5
1276220 2229.5
1276230 2224.4
1276240 2219.4
1276250 2219.4
1276260 2214.4
1276270 2209.5
1276280 2209.5
1276290 2204.6
1276300 2199.9
1276310 2199.9
1276320 2195.2
1276330 2190.7
1276340 2188.8
1276350 2184.4
1276360 2180.0
1276370 2180.0
1276380 2175.7
1276390 2171.5
1276400 2171.5
1276410 2167.3
1276420 2162.8
1276430 2162.8
1276440 2157.9
1276450 2152.7
1276460 2152.7
1276470 2147.7
1276480 2143.2
1276490 2139.1
1276500 2139.1
1276510 2135.5
1276520 2132.3
1276530 2132.3
1276540 2129.6
1276550 2127.1
1276560 2127.1
1276570 2125.5
1276580 2124.2
1276590 2124.2
1276600 2122.9
1276610 2120.7
1276620 2120.7
1276630 2116.5
1276640 2111.7
1276650 2111.7
1276660 2108.7
1276670 2108.0
1276680 2108.0
1276690 2107.2
1276700 2106.1
1276710 2106.1
1276720 2104.9
1276730 2103.5
1276740 2103.5
1276750 2101.7
1276760 2100.0
1276770 2098.2
1276780 2098.2
1276790 2096.9
1276800 2095.1
1276810 2095.1
1276820 2091.8
1276830 2088.3
1276840 2088.3
1276850 2083.0
1276860 2075.5
1276870 2075.5
1276880 2069.8
1276890 2066.9
1276900 2066.9
1276910 2065.6
1276920 2063.8
1276930 2063.8
1276940 2060.9
1276950 2058.1
1276960 2058.1
1276970 2056.8
1276980 2055.0
1276990 2055.0
1277000 2052.9
1277010 2050.8
1277020 2050.8
1277030 2048.5
1277040 2045.1
1277050 2041.4
1277060 2041.4
1277070 2037.4
1277080 2034.0
1277090 2034.0
1277100 2032.2
1277110 2031.4
1277120 2031.4
1277130 2030.4
1277140 2029.0
1277150 2029.0
1277160 2028.1
1277170 2027.4
1277180 2027.4
1277190 2027.7
1277200 2028.2
1277210 2028.2
1277220 2030.4
1277230 2032.4
1277240 2032.4
1277250 2032.9
1277260 2032.6
1277270 2032.6
1277280 2033.1
1277290 2032.0
1277300 2032.0
1277310 2033.6
1277320 2035.2
1277330 2035.2
1277340 2037.0
1277350 2039.9
1277360 2043.0
1277370 2043.0
1277380 2046.4
1277390 2050.6
1277400 2050.6
1277410 2055.7
1277420 2060.8
1277430 2060.8
1277440 2065.4
1277450 2070.1
1277460 2070.1
1277470 2076.0
1277480 2082.6
1277490 2082.6
1277500 2088.8
1277510 2094.5
1277520 2094.5
1277530 2100.1
1277540 2105.6
1277550 2105.6
1277560 2111.0
1277570 2118.7
1277580 2118.7
1277590 2124.0
1277600 2129.4
1277610 2129.4
1277620 2134.7
1277630 2139.1
1277640 2143.3
1277650 2143.3
1277660 2146.0
1277670 2147.4
1277680 2147.4
1277690 2149.9
1277700 2155.9
1277710 2155.9
1277720 2167.7
1277730 2175.3
1277740 2175.3
1277750 2178.9
1277760 2178.7
1277770 2178.7
1277780 2178.5
1277790 2177.4
1277800 2177.4
1277810 2179.2
1277820 2181.0
1277830 2181.0
1277840 2180.8
1277850 2181.7
1277860 2181.7
1277870 2184.7
1277880 2186.9
1277890 2186.9
1277900 2188.9
1277910 2192.6
1277920 2197.0
1277930 2197.0
1277940 2201.7
1277950 2206.3
1277960 2206.3
1277970 2210.9
1277980 2215.5
1277990 2215.5
1278000 2220.6
1278010 2225.9
1278020 2225.9
1278030 2231.5
1278040 2237.0
1278050 2237.0
1278060 2242.4
1278070 2247.7
1278080 2247.7
1278090 2252.4
1278100 2257.3
1278110 2257.3
1278120 2263.5
1278130 2269.4
1278140 2269.4
1278150 2274.6
1278160 2279.7
1278170 2279.7
1278180 2284.8
1278190 2294.6
1278200 2299.9
1278210 2299.9
1278220 2305.4
1278230 2311.3
1278240 2311.3
1278250 2317.7
1278260 2324.4
1278270 2324.4
1278280 2331.2
1278290 2338.0
1278300 2338.0
1278310 2344.7
1278320 2354.4
1278330 2354.4
1278340 2373.4
1278350 2388.4
1278360 2388.4
1278370 2396.6
1278380 2406.2
1278390 2406.2
1278400 2418.4
1278410 2427.2
1278420 2427.2
1278430 2435.8
1278440 2447.6
1278450 2447.6
1278460 2459.7
1278470 2470.4
1278480 2482.4
1278490 2482.4
1278500 2492.9
1278510 2501.5
1278520 2501.5
1278530 2510.7
1278540 2517.3
1278550 2517.3
1278560 2520.6
1278570 2524.7
1278580 2524.7
1278590 2528.3
1278600 2532.9
1278610 2532.9
1278620 2539.5
1278630 2550.0
1278640 2550.0
1278650 2558.8
1278660 2570.6
1278670 2570.6
1278680 2582.5
1278690 2591.7
1278700 2591.7
1278710 2594.6
1278720 2595.2
1278730 2595.2
1278740 2595.5
1278750 2597.8
1278760 2603.8
1278770 2603.8
1278780 2604.2
1278790 2604.8
1278800 2595.1
1278810 2593.4
1278820 2583.3
1278830 2583.3
1278840 2572.4
1278850 2561.5
1278860 2561.5
1278870 2551.2
1278880 2541.7
1278890 2541.7
1278900 2532.6
1278910 2523.6
1278920 2523.6
1278930 2518.3
1278940 2515.3
1278950 2515.3
1278960 2511.0
1278970 2504.2
1278980 2504.2
1278990 2497.6
1279000 2490.0
1279010 2490.0
1279020 2482.5
1279030 2475.9
1279040 2472.4
1279050 2472.4
1279060 2465.0
1279070 2457.4
1279080 2457.4
1279090 2452.4
1279100 2447.3
1279110 2447.3
1279120 2439.3
1279130 2431.3
1279140 2431.3
1279150 2425.9
1279160 2419.9
1279170 2419.9
1279180 2416.4
1279190 2412.7
1279200 2412.7
1279210 2409.6
1279220 2407.2
1279230 2407.2
1279240 2407.7
1279250 2397.8
1279260 2397.8
1279270 2395.6
1279280 2401.1
1279290 2401.1
1279300 2408.4
1279310 2405.6
1279320 2405.6
1279330 2401.0
1279340 2401.7
1279350 2402.7
1279360 2402.7
1279370 2398.4
1279380 2394.3
1279390 2394.3
1279400 2394.5
1279410 2393.0
1279420 2393.0
1279430 2384.1
1279440 2382.7
1279450 2382.7
1279460 2383.5
1279470 2387.6
1279480 2387.6
1279490 2387.0
1279500 2387.5
1279510 2387.5
1279520 2388.7
1279530 2393.2
1279540 2393.2
1279550 2397.5
1279560 2404.0
1279570 2404.0
1279580 2410.1
1279590 2412.9
1279600 2412.9
1279610 2417.9
1279620 2422.4
1279630 2426.0
1279640 2426.0
1279650 2422.2
1279660 2417.5
1279670 2417.5
1279680 2415.7
1279690 2412.0
1279700 2412.0
1279710 2406.2
1279720 2405.9
1279730 2405.9
1279740 2404.1
1279750 2400.7
1279760 2400.7
1279770 2400.6
1279780 2404.2
1279790 2404.2
1279800 2404.9
1279810 2401.4
1279820 2401.4
1279830 2401.3
1279840 2403.9
1279850 2403.9
1279860 2402.3
1279870 2400.5
1279880 2400.5
1279890 2400.0
1279900 2405.1
1279910 2403.0
1279920 2403.0
1279930 2397.5
1279940 2392.3
1279950 2392.3
1279960 2390.2
1279970 2389.5
1279980 2389.5
1279990 2390.5
