1260000 1156.1
1260010 1156.1
1260020 1157.6
1260030 1156.9
1260040 1156.9
1260050 1157.6
1260060 1158.6
1260070 1158.6
1260080 1158.5
1260090 1157.9
1260100 1157.9
1260110 1158.4
1260120 1161.2
1260130 1161.2
1260140 1164.1
1260150 1168.8
1260160 1168.8
1260170 1172.8
1260180 1176.1
1260190 1179.1
1260200 1179.1
1260210 1180.0
1260220 1182.7
1260230 1182.7
1260240 1186.3
1260250 1189.2
1260260 1189.2
1260270 1192.2
1260280 1194.6
1260290 1194.6
1260300 1196.4
1260310 1197.4
1260320 1197.4
1260330 1197.1
1260340 1194.3
1260350 1194.3
1260360 1193.8
1260370 1197.2
1260380 1197.2
1260390 1200.7
1260400 1204.0
1260410 1204.0
1260420 1207.8
1260430 1211.3
1260440 1211.3
1260450 1213.2
1260460 1216.0
1260470 1218.7
1260480 1218.7
1260490 1221.2
1260500 1224.0
1260510 1224.0
1260520 1227.0
1260530 1230.5
1260540 1230.5
1260550 1235.1
1260560 1239.4
1260570 1239.4
1260580 1243.8
1260590 1247.3
1260600 1247.3
1260610 1250.1
1260620 1252.7
1260630 1252.7
1260640 1255.9
1260650 1259.3
1260660 1259.3
1260670 1262.3
1260680 1265.6
1260690 1265.6
1260700 1269.8
1260710 1268.5
1260720 1268.5
1260730 1274.0
1260740 1279.7
1260750 1285.7
1260760 1285.7
1260770 1291.5
1260780 1296.3
1260790 1296.3
1260800 1300.7
1260810 1305.7
1260820 1305.7
1260830 1311.2
1260840 1317.2
1260850 1317.2
1260860 1323.8
1260870 1330.2
1260880 1330.2
1260890 1335.7
1260900 1339.7
1260910 1339.7
1260920 1342.0
1260930 1344.1
1260940 1344.1
1260950 1347.3
1260960 1350.5
1260970 1350.5
1260980 1353.6
1260990 1357.2
1261000 1357.2
1261010 1360.6
1261020 1365.0
1261030 1365.0
1261040 1370.7
1261050 1375.1
1261060 1377.9
1261070 1377.9
1261080 1382.3
1261090 1387.1
1261100 1387.1
1261110 1392.7
1261120 1397.8
1261130 1397.8
1261140 1402.6
1261150 1407.0
1261160 1407.0
1261170 1410.7
1261180 1414.0
1261190 1414.0
1261200 1417.9
1261210 1422.6
1261220 1422.6
1261230 1426.5
1261240 1429.2
1261250 1429.2
1261260 1431.4
1261270 1433.5
1261280 1432.5
1261290 1434.7
1261300 1435.9
1261310 1435.9
1261320 1438.1
1261330 1441.1
1261340 1444.4
1261350 1444.4
1261360 1447.1
1261370 1449.3
1261380 1449.3
1261390 1450.9
1261400 1450.8
1261410 1450.8
1261420 1446.1
1261430 1437.3
1261440 1437.3
1261450 1433.5
1261460 1434.3
1261470 1434.3
1261480 1438.1
1261490 1442.8
1261500 1442.8
1261510 1448.0
1261520 1451.3
1261530 1451.3
1261540 1450.1
1261550 1449.5
1261560 1449.5
1261570 1453.6
1261580 1460.0
1261590 1460.0
1261600 1468.1
1261610 1472.9
1261620 1472.1
1261630 1472.1
1261640 1469.8
1261650 1470.3
1261660 1470.3
1261670 1472.2
1261680 1475.6
1261690 1475.6
1261700 1478.4
1261710 1481.2
1261720 1481.2
1261730 1486.8
1261740 1494.6
1261750 1494.6
1261760 1501.5
1261770 1508.3
1261780 1508.3
1261790 1512.2
1261800 1514.0
1261810 1514.0
1261820 1516.9
1261830 1522.3
1261840 1522.3
1261850 1525.1
1261860 1531.5
1261870 1531.5
1261880 1538.5
1261890 1543.9
1261900 1549.1
1261910 1549.1
1261920 1553.4
1261930 1556.7
1261940 1556.7
1261950 1558.3
1261960 1551.8
1261970 1551.8
1261980 1547.0
1261990 1545.9
1262000 1545.9
1262010 1545.5
1262020 1543.6
1262030 1543.6
1262040 1541.9
1262050 1541.9
1262060 1541.9
1262070 1544.0
1262080 1546.8
1262090 1546.8
1262100 1550.7
1262110 1555.5
1262120 1555.5
1262130 1559.7
1262140 1567.9
1262150 1567.9
1262160 1577.7
1262170 1582.1
1262180 1582.1
1262190 1585.1
1262200 1586.5
1262210 1588.6
1262220 1588.6
1262230 1591.9
1262240 1595.3
1262250 1595.3
1262260 1598.7
1262270 1602.5
1262280 1602.5
1262290 1606.7
1262300 1611.1
1262310 1611.1
1262320 1615.3
1262330 1619.6
1262340 1619.6
1262350 1624.1
1262360 1628.9
1262370 1628.9
1262380 1633.8
1262390 1639.2
1262400 1639.2
1262410 1644.2
1262420 1663.3
1262430 1663.3
1262440 1678.2
1262450 1687.3
1262460 1687.3
1262470 1695.6
1262480 1703.7
1262490 1710.5
1262500 1710.5
1262510 1716.8
1262520 1722.9
1262530 1722.9
1262540 1727.8
1262550 1730.9
1262560 1730.9
1262570 1734.7
1262580 1739.4
1262590 1739.4
1262600 1745.6
1262610 1749.6
1262620 1749.6
1262630 1750.4
1262640 1748.9
1262650 1748.9
1262660 1745.1
1262670 1745.7
1262680 1745.7
1262690 1748.5
1262700 1757.1
1262710 1757.1
1262720 1767.9
1262730 1775.2
1262740 1775.2
1262750 1779.7
1262760 1783.3
1262770 1791.8
1262780 1791.8
1262790 1801.6
1262800 1810.2
1262810 1810.2
1262820 1816.6
1262830 1823.4
1262840 1823.4
1262850 1831.0
1262860 1837.8
1262870 1837.8
1262880 1846.0
1262890 1851.9
1262900 1851.9
1262910 1856.8
1262920 1861.8
1262930 1861.8
1262940 1867.0
1262950 1872.0
1262960 1872.0
1262970 1877.0
1262980 1882.6
1262990 1885.9
1263000 1890.8
1263010 1895.5
1263020 1895.5
1263030 1900.5
1263040 1906.1
1263050 1906.1
1263060 1910.9
1263070 1916.2
1263080 1922.9
1263090 1922.9
1263100 1934.0
1263110 1946.3
1263120 1946.3
1263130 1951.9
1263140 1956.3
1263150 1956.3
1263160 1961.0
1263170 1965.8
1263180 1965.8
1263190 1971.2
1263200 1976.2
1263210 1976.2
1263220 1980.5
1263230 1984.8
1263240 1984.8
1263250 1988.8
1263260 1992.8
1263270 1992.8
1263280 1997.1
1263290 2001.8
1263300 2001.8
1263310 2005.9
1263320 2010.6
1263330 2010.6
1263340 2014.8
1263350 2019.4
1263360 2023.5
1263370 2023.5
1263380 2027.2
1263390 2031.2
1263400 2031.2
1263410 2035.9
1263420 2040.8
1263430 2040.8
1263440 2046.0
1263450 2052.1
1263460 2052.1
1263470 2056.4
1263480 2060.3
1263490 2060.3
1263500 2064.7
1263510 2068.7
1263520 2068.7
1263530 2073.2
1263540 2078.8
1263550 2078.8
1263560 2084.9
1263570 2097.2
1263580 2097.2
1263590 2105.1
1263600 2111.7
1263610 2111.7
1263620 2118.4
1263630 2125.3
1263640 2132.1
1263650 2132.1
1263660 2138.8
1263670 2145.9
1263680 2145.9
1263690 2153.3
1263700 2161.2
1263710 2161.2
1263720 2166.6
1263730 2163.2
1263740 2163.2
1263750 2156.6
1263760 2156.8
1263770 2156.8
1263780 2161.4
1263790 2165.5
1263800 2165.5
1263810 2177.3
1263820 2188.0
1263830 2188.0
1263840 2182.8
1263850 2165.6
1263860 2165.6
1263870 2163.5
1263880 2155.3
1263890 2155.3
1263900 2152.1
1263910 2148.9
1263920 2143.2
1263930 2143.2
1263940 2140.8
1263950 2142.6
1263960 2142.6
1263970 2142.7
1263980 2141.5
1263990 2141.5
1264000 2137.1
1264010 2132.1
1264020 2132.1
1264030 2133.2
1264040 2140.0
1264050 2140.0
1264060 2141.8
1264070 2135.7
1264080 2135.7
1264090 2128.4
1264100 2129.1
1264110 2129.1
1264120 2130.3
1264130 2132.7
1264140 2132.7
1264150 2115.7
1264160 2110.3
1264170 2110.3
1264180 2117.3
1264190 2120.0
1264200 2120.0
1264210 2124.9
1264220 2124.4
1264230 2122.9
1264240 2122.9
1264250 2118.5
1264260 2113.2
1264270 2113.2
1264280 2114.1
1264290 2114.7
1264300 2114.7
1264310 2114.5
1264320 2113.5
1264330 2113.5
1264340 2113.3
1264350 2114.1
1264360 2114.1
1264370 2113.0
1264380 2115.9
1264390 2115.9
1264400 2119.7
1264410 2120.5
1264420 2120.5
1264430 2121.6
1264440 2123.1
1264450 2123.1
1264460 2125.3
1264470 2127.6
1264480 2127.6
1264490 2129.0
1264500 2130.4
1264510 2131.3
1264520 2131.3
1264530 2132.1
1264540 2132.8
1264550 2132.8
1264560 2133.5
1264570 2133.9
1264580 2133.9
1264590 2134.7
1264600 2136.0
1264610 2136.0
1264620 2137.4
1264630 2138.8
1264640 2138.8
1264650 2139.4
1264660 2139.9
1264670 2139.9
1264680 2140.6
1264690 2140.8
1264700 2140.8
1264710 2140.9
1264720 2141.3
1264730 2136.1
1264740 2135.6
1264750 2134.7
1264760 2134.7
1264770 2133.9
1264780 2132.7
1264790 2131.2
1264800 2131.2
1264810 2130.2
1264820 2128.7
1264830 2128.7
1264840 2128.9
1264850 2129.3
1264860 2129.3
1264870 2129.6
1264880 2129.7
1264890 2129.7
1264900 2130.4
1264910 2132.6
1264920 2132.6
1264930 2135.3
1264940 2137.8
1264950 2137.8
1264960 2140.2
1264970 2142.2
1264980 2142.2
1264990 2143.9
1265000 2145.2
1265010 2145.2
1265020 2147.3
1265030 2149.3
1265040 2149.3
1265050 2150.7
1265060 2151.7
1265070 2152.3
1265080 2152.3
1265090 2153.1
1265100 2152.7
1265110 2152.7
1265120 2151.7
1265130 2151.4
1265140 2151.4
1265150 2151.1
1265160 2150.6
1265170 2150.6
1265180 2153.0
1265190 2155.8
1265200 2155.8
1265210 2157.7
1265220 2158.6
1265230 2158.6
1265240 2158.8
1265250 2158.6
1265260 2158.6
1265270 2158.3
1265280 2160.3
1265290 2160.3
1265300 2162.6
1265310 2157.1
1265320 2157.1
1265330 2157.9
1265340 2158.3
1265350 2158.3
1265360 2159.3
1265370 2159.8
1265380 2159.8
1265390 2159.8
1265400 2160.2
1265410 2162.7
1265420 2162.7
1265430 2166.5
1265440 2169.8
1265450 2169.8
1265460 2173.0
1265470 2175.3
1265480 2175.3
1265490 2178.9
1265500 2183.6
1265510 2183.6
1265520 2189.1
1265530 2194.2
1265540 2194.2
1265550 2198.6
1265560 2203.4
1265570 2203.4
1265580 2208.7
1265590 2214.3
1265600 2214.3
1265610 2219.9
1265620 2225.3
1265630 2225.3
1265640 2231.4
1265650 2237.9
1265660 2244.4
1265670 2244.4
1265680 2250.8
1265690 2257.2
1265700 2257.2
1265710 2263.7
1265720 2269.7
1265730 2269.7
1265740 2275.4
1265750 2280.3
1265760 2280.3
1265770 2285.3
1265780 2291.1
1265790 2291.1
1265800 2297.1
1265810 2302.7
1265820 2302.7
1265830 2308.3
1265840 2314.5
1265850 2314.5
1265860 2321.3
1265870 2327.7
1265880 2327.7
1265890 2330.8
1265900 2339.4
1265910 2339.4
1265920 2346.2
1265930 2353.1
1265940 2361.2
1265950 2361.2
1265960 2369.8
1265970 2382.5
1265980 2382.5
1265990 2396.5
1266000 2412.8
1266010 2412.8
1266020 2425.9
1266030 2436.2
1266040 2436.2
1266050 2453.7
1266060 2466.4
1266070 2466.4
1266080 2465.2
1266090 2462.5
1266100 2462.5
1266110 2464.9
1266120 2471.0
1266130 2471.0
1266140 2479.2
1266150 2487.3
1266160 2487.3
1266170 2495.4
1266180 2503.2
1266190 2503.2
1266200 2512.7
1266210 2527.5
1266220 2527.5
1266230 2539.1
1266240 2536.4
1266250 2521.8
1266260 2521.8
1266270 2505.8
1266280 2504.8
1266290 2504.8
1266300 2518.3
1266310 2531.4
1266320 2531.4
1266330 2542.8
1266340 2548.4
1266350 2548.4
1266360 2554.1
1266370 2552.5
1266380 2552.5
1266390 2542.5
1266400 2530.3
1266410 2530.3
1266420 2521.1
1266430 2520.2
1266440 2520.2
1266450 2516.3
1266460 2503.6
1266470 2534.9
1266480 2518.4
1266490 2509.6
1266500 2509.6
1266510 2504.6
1266520 2494.2
1266530 2478.1
1266540 2478.1
1266550 2465.6
1266560 2465.3
1266570 2465.3
1266580 2468.2
1266590 2473.2
1266600 2473.2
1266610 2487.1
1266620 2502.7
1266630 2502.7
1266640 2509.3
1266650 2511.5
1266660 2511.5
1266670 2511.2
1266680 2520.2
1266690 2520.2
1266700 2526.0
1266710 2526.6
1266720 2526.6
1266730 2529.0
1266740 2521.6
1266750 2521.6
1266760 2517.4
1266770 2511.6
1266780 2511.6
1266790 2500.5
1266800 2490.9
1266810 2482.4
1266820 2482.4
1266830 2474.6
1266840 2466.9
1266850 2466.9
1266860 2459.9
1266870 2454.1
1266880 2454.1
1266890 2448.6
1266900 2448.1
1266910 2448.1
1266920 2450.1
1266930 2444.4
1266940 2444.4
1266950 2433.7
1266960 2422.9
1266970 2422.9
1266980 2413.4
1266990 2404.9
1267000 2404.9
1267010 2395.6
1267020 2392.7
1267030 2392.7
1267040 2375.2
1267050 2365.2
1267060 2357.3
1267070 2365.5
1267080 2369.5
1267090 2368.4
1267100 2368.4
1267110 2366.8
1267120 2351.1
1267130 2351.1
1267140 2338.1
1267150 2345.5
1267160 2345.5
1267170 2353.3
1267180 2357.4
1267190 2357.4
1267200 2363.6
1267210 2373.8
1267220 2373.8
1267230 2390.3
1267240 2396.1
1267250 2396.1
1267260 2397.1
1267270 2399.7
1267280 2399.7
1267290 2403.1
1267300 2408.3
1267310 2408.3
1267320 2398.9
1267330 2374.0
1267340 2374.0
1267350 2353.1
1267360 2338.2
1267370 2338.2
1267380 2331.4
1267390 2327.7
1267400 2322.1
1267410 2322.1
1267420 2312.9
1267430 2295.7
1267440 2295.7
1267450 2279.4
1267460 2255.7
1267470 2255.7
1267480 2242.4
1267490 2239.1
1267500 2239.1
1267510 2231.9
1267520 2219.8
1267530 2219.8
1267540 2203.9
1267550 2193.4
1267560 2193.4
1267570 2183.5
1267580 2169.2
1267590 2169.2
1267600 2159.1
1267610 2152.8
1267620 2152.8
1267630 2141.7
1267640 2131.6
1267650 2131.6
1267660 2122.2
1267670 2106.8
1267680 2089.2
1267690 2089.2
1267700 2062.1
1267710 2043.0
1267720 2043.0
1267730 2034.3
1267740 2026.5
1267750 2026.5
1267760 2022.3
1267770 2014.8
1267780 2014.8
1267790 1989.7
1267800 1977.6
1267810 1977.6
1267820 1971.8
1267830 1966.4
1267840 1966.4
1267850 1960.9
1267860 1955.4
1267870 1955.4
1267880 1949.9
1267890 1943.9
1267900 1943.9
1267910 1937.8
1267920 1931.7
1267930 1931.7
1267940 1925.6
1267950 1920.1
1267960 1915.4
1267970 1915.4
1267980 1911.1
1267990 1906.7
1268000 1906.7
1268010 1902.4
1268020 1898.6
1268030 1898.6
1268040 1895.5
1268050 1893.1
1268060 1893.1
1268070 1891.5
1268080 1889.7
1268090 1889.7
1268100 1887.4
1268110 1884.8
1268120 1884.8
1268130 1881.3
1268140 1877.2
1268150 1877.2
1268160 1873.1
1268170 1868.9
1268180 1868.9
1268190 1864.1
1268200 1859.5
1268210 1859.5
1268220 1854.8
1268230 1854.2
1268240 1849.6
1268250 1849.6
1268260 1845.4
1268270 1841.1
1268280 1841.1
1268290 1837.1
1268300 1833.3
1268310 1833.3
1268320 1829.1
1268330 1824.6
1268340 1824.6
1268350 1820.1
1268360 1815.9
1268370 1815.9
1268380 1812.1
1268390 1808.9
1268400 1808.9
1268410 1805.9
1268420 1802.5
1268430 1802.5
1268440 1798.7
1268450 1795.6
1268460 1795.6
1268470 1793.0
1268480 1790.2
1268490 1790.2
1268500 1788.7
1268510 1787.5
1268520 1787.5
1268530 1785.7
1268540 1785.2
1268550 1786.0
1268560 1786.0
1268570 1787.0
1268580 1787.5
1268590 1787.5
1268600 1788.2
1268610 1788.7
1268620 1788.7
1268630 1789.8
1268640 1791.7
1268650 1791.7
1268660 1793.3
1268670 1793.3
1268680 1793.3
1268690 1793.7
1268700 1794.9
1268710 1794.9
1268720 1795.1
1268730 1795.0
1268740 1795.0
1268750 1796.1
1268760 1797.5
1268770 1797.5
1268780 1798.2
1268790 1799.0
1268800 1799.0
1268810 1800.1
1268820 1806.1
1268830 1806.7
1268840 1806.7
1268850 1806.7
1268860 1807.6
1268870 1807.6
1268880 1808.7
1268890 1809.5
1268900 1809.5
1268910 1811.1
1268920 1811.0
1268930 1811.0
1268940 1810.5
1268950 1809.6
1268960 1809.6
1268970 1808.3
1268980 1807.5
1268990 1807.5
1269000 1807.5
1269010 1807.5
1269020 1807.5
1269030 1807.5
1269040 1807.9
1269050 1807.9
1269060 1808.9
1269070 1810.2
1269080 1810.2
1269090 1811.1
1269100 1811.7
1269110 1812.9
1269120 1812.9
1269130 1814.7
1269140 1816.6
1269150 1816.6
1269160 1818.5
1269170 1822.1
1269180 1822.1
1269190 1827.5
1269200 1832.4
1269210 1832.4
1269220 1836.2
1269230 1839.6
1269240 1839.6
1269250 1842.6
1269260 1844.7
1269270 1844.7
1269280 1845.9
1269290 1847.6
1269300 1847.6
1269310 1848.4
1269320 1849.7
1269330 1849.7
1269340 1851.7
1269350 1854.2
1269360 1854.2
1269370 1856.5
1269380 1859.6
1269390 1859.6
1269400 1863.4
1269410 1869.9
1269420 1874.4
1269430 1874.4
1269440 1878.6
1269450 1881.4
1269460 1881.4
1269470 1883.6
1269480 1887.3
1269490 1887.3
1269500 1891.0
1269510 1893.0
1269520 1893.0
1269530 1894.2
1269540 1896.6
1269550 1896.6
1269560 1899.8
1269570 1903.2
1269580 1903.2
1269590 1906.6
1269600 1909.2
1269610 1909.2
1269620 1911.3
1269630 1912.8
1269640 1912.8
1269650 1913.5
1269660 1915.6
1269670 1915.6
1269680 1919.6
1269690 1920.1
1269700 1920.5
1269710 1920.5
1269720 1923.1
1269730 1925.5
1269740 1925.5
1269750 1928.2
1269760 1930.9
1269770 1930.9
1269780 1935.1
1269790 1940.0
1269800 1940.0
1269810 1945.0
1269820 1949.2
1269830 1949.2
1269840 1953.1
1269850 1955.5
1269860 1955.5
1269870 1958.9
1269880 1963.7
1269890 1963.7
1269900 1969.2
1269910 1975.3
1269920 1975.3
1269930 1981.7
1269940 1988.2
1269950 1988.2
1269960 1994.9
1269970 2002.0
1269980 2009.1
1269990 2009.1
1270000 2015.6
1270010 2020.8
1270020 2020.8
1270030 2026.5
1270040 2029.1
1270050 2029.1
1270060 2024.8
1270070 2018.7
1270080 2018.7
1270090 2011.4
1270100 2003.4
1270110 2003.4
1270120 1995.8
1270130 1988.4
1270140 1988.4
1270150 1981.9
1270160 1976.4
1270170 1976.4
1270180 1972.4
1270190 1970.0
1270200 1970.0
1270210 1968.7
1270220 1967.7
1270230 1967.7
1270240 1967.1
1270250 1966.8
1270260 1966.5
1270270 1966.5
1270280 1967.2
1270290 1967.7
1270300 1967.7
1270310 1966.8
1270320 1966.2
1270330 1966.2
1270340 1966.2
1270350 1968.6
1270360 1968.6
1270370 1968.9
1270380 1969.5
1270390 1969.5
1270400 1970.8
1270410 1971.9
1270420 1971.9
1270430 1970.7
1270440 1969.3
1270450 1969.3
1270460 1969.1
1270470 1968.8
1270480 1968.8
1270490 1966.9
1270500 1965.6
1270510 1965.6
1270520 1964.6
1270530 1963.4
1270540 1963.4
1270550 1961.5
1270560 1961.8
1270570 1961.7
1270580 1961.7
1270590 1959.6
1270600 1964.6
1270610 1964.6
1270620 1965.3
1270630 1966.3
1270640 1966.3
1270650 1962.1
1270660 1956.4
1270670 1956.4
1270680 1950.7
1270690 1945.0
1270700 1945.0
1270710 1942.6
1270720 1939.7
1270730 1939.7
1270740 1944.4
1270750 1952.0
1270760 1952.0
1270770 1959.6
1270780 1958.7
1270790 1958.7
1270800 1951.9
1270810 1944.2
1270820 1944.2
1270830 1936.8
1270840 1931.1
1270850 1928.1
1270860 1928.1
1270870 1931.2
1270880 1933.0
1270890 1933.0
1270900 1935.3
1270910 1934.6
1270920 1934.6
1270930 1933.4
1270940 1933.8
1270950 1933.8
1270960 1931.9
1270970 1932.2
1270980 1932.2
1270990 1936.1
1271000 1937.5
1271010 1937.5
1271020 1936.0
1271030 1934.9
1271040 1934.9
1271050 1939.2
1271060 1944.7
1271070 1944.7
1271080 1944.2
1271090 1937.5
1271100 1937.5
1271110 1936.6
1271120 1941.5
1271130 1943.8
1271140 1943.8
1271150 1945.4
1271160 1949.9
1271170 1949.9
1271180 1955.7
1271190 1963.2
1271200 1965.8
1271210 1972.7
1271220 1980.7
1271230 1980.7
1271240 1985.0
1271250 1986.2
1271260 1986.2
1271270 1985.4
1271280 1984.6
1271290 1984.6
1271300 1984.5
1271310 1982.7
1271320 1982.7
1271330 1979.8
1271340 1978.6
1271350 1978.6
1271360 1979.3
1271370 1982.9
1271380 1982.9
1271390 1981.7
1271400 1980.5
1271410 1976.6
1271420 1976.6
1271430 1974.7
1271440 1973.0
1271450 1973.0
1271460 1971.9
1271470 1968.6
1271480 1968.6
1271490 1968.7
1271500 1966.1
1271510 1966.1
1271520 1964.6
1271530 1960.2
1271540 1960.2
1271550 1958.2
1271560 1958.6
1271570 1958.6
1271580 1956.0
1271590 1953.0
1271600 1953.0
1271610 1949.8
1271620 1948.0
1271630 1948.0
1271640 1943.9
1271650 1936.7
1271660 1936.7
1271670 1927.7
1271680 1919.1
1271690 1919.1
1271700 1911.5
1271710 1904.2
1271720 1899.0
1271730 1899.0
1271740 1895.6
1271750 1888.8
1271760 1888.8
1271770 1879.3
1271780 1870.1
1271790 1869.9
1271800 1861.4
1271810 1852.8
1271820 1852.8
1271830 1845.8
1271840 1839.9
1271850 1839.9
1271860 1834.4
1271870 1828.8
1271880 1828.8
1271890 1823.3
1271900 1818.0
1271910 1818.0
1271920 1813.1
1271930 1808.9
1271940 1808.9
1271950 1804.6
1271960 1800.1
1271970 1800.1
1271980 1795.1
1271990 1790.5
1272000 1785.9
1272010 1785.9
1272020 1781.6
1272030 1777.3
1272040 1777.3
1272050 1772.7
1272060 1768.6
1272070 1768.6
1272080 1764.4
1272090 1760.0
1272100 1760.0
1272110 1755.3
1272120 1750.4
1272130 1750.4
1272140 1746.0
1272150 1741.8
1272160 1741.8
1272170 1737.9
1272180 1733.8
1272190 1733.8
1272200 1729.7
1272210 1726.0
1272220 1726.0
1272230 1722.8
1272240 1719.3
1272250 1719.3
1272260 1716.4
1272270 1713.2
1272280 1710.1
1272290 1710.1
1272300 1707.2
1272310 1704.0
1272320 1704.0
1272330 1701.0
1272340 1697.9
1272350 1697.9
1272360 1695.0
1272370 1692.0
1272380 1692.0
1272390 1688.4
1272400 1684.9
1272410 1684.9
1272420 1681.7
1272430 1678.7
1272440 1678.7
1272450 1675.6
1272460 1672.7
1272470 1672.7
1272480 1669.4
1272490 1666.0
1272500 1666.0
1272510 1663.1
1272520 1660.1
1272530 1660.1
1272540 1657.4
1272550 1654.6
1272560 1651.5
1272570 1651.5
1272580 1648.5
1272590 1645.5
1272600 1645.5
1272610 1642.5
1272620 1639.8
1272630 1639.8
1272640 1637.1
1272650 1634.6
1272660 1634.6
1272670 1632.2
1272680 1629.9
1272690 1629.9
1272700 1629.6
1272710 1630.3
1272720 1630.3
1272730 1631.1
1272740 1632.4
1272750 1632.4
1272760 1634.0
1272770 1635.9
1272780 1635.9
1272790 1638.2
1272800 1640.6
1272810 1640.6
1272820 1644.0
1272830 1647.3
1272840 1647.3
1272850 1650.9
1272860 1654.7
1272870 1658.4
1272880 1658.4
1272890 1662.3
1272900 1666.0
1272910 1666.0
1272920 1669.8
1272930 1674.1
1272940 1674.1
1272950 1678.7
1272960 1682.8
1272970 1682.8
1272980 1687.3
1272990 1693.9
1273000 1694.3
1273010 1700.7
1273020 1708.7
1273030 1708.7
1273040 1716.4
1273050 1723.3
1273060 1723.3
1273070 1729.6
1273080 1735.0
1273090 1735.0
1273100 1740.1
1273110 1745.8
1273120 1745.8
1273130 1751.9
1273140 1758.4
1273150 1765.1
1273160 1765.1
1273170 1772.2
1273180 1780.3
1273190 1780.3
1273200 1788.5
1273210 1796.3
1273220 1796.3
1273230 1804.5
1273240 1813.0
1273250 1813.0
1273260 1821.7
1273270 1824.7
1273280 1824.7
1273290 1826.2
1273300 1827.4
1273310 1827.4
1273320 1827.6
1273330 1824.8
1273340 1824.8
1273350 1820.6
1273360 1818.5
1273370 1818.5
1273380 1816.1
1273390 1812.1
1273400 1812.1
1273410 1807.9
1273420 1803.1
1273430 1796.6
1273440 1796.6
1273450 1789.3
1273460 1782.0
1273470 1782.0
1273480 1773.9
1273490 1766.2
1273500 1766.2
1273510 1759.5
1273520 1753.6
1273530 1753.6
1273540 1748.9
1273550 1746.3
1273560 1746.3
1273570 1745.5
1273580 1745.4
1273590 1745.4
1273600 1753.3
1273610 1753.5
1273620 1753.5
1273630 1752.5
1273640 1751.6
1273650 1751.6
1273660 1750.8
1273670 1749.7
1273680 1749.7
1273690 1748.0
1273700 1746.3
1273710 1745.0
1273720 1745.0
1273730 1744.5
1273740 1744.3
1273750 1744.3
1273760 1743.5
1273770 1744.5
1273780 1744.5
1273790 1744.8
1273800 1744.9
1273810 1744.9
1273820 1742.9
1273830 1737.2
1273840 1737.2
1273850 1730.7
1273860 1726.2
1273870 1726.2
1273880 1723.9
1273890 1724.0
1273900 1724.0
1273910 1727.6
1273920 1732.8
1273930 1732.8
1273940 1737.1
1273950 1742.3
1273960 1742.3
1273970 1749.1
1273980 1756.0
1273990 1756.0
1274000 1761.4
1274010 1767.2
1274020 1773.5
1274030 1773.5
1274040 1780.0
1274050 1787.8
1274060 1787.8
1274070 1793.8
1274080 1798.3
1274090 1798.3
1274100 1802.1
1274110 1805.6
1274120 1805.6
1274130 1809.1
1274140 1813.1
1274150 1813.1
1274160 1817.7
1274170 1823.1
1274180 1823.1
1274190 1825.4
1274200 1816.5
1274210 1816.5
1274220 1809.7
1274230 1801.7
1274240 1801.7
1274250 1794.4
1274260 1787.5
1274270 1787.5
1274280 1780.5
1274290 1773.4
1274300 1765.7
1274310 1765.7
1274320 1760.5
1274330 1755.5
1274340 1755.5
1274350 1750.5
1274360 1746.3
1274370 1746.3
1274380 1742.0
1274390 1735.7
1274400 1735.7
1274410 1729.0
1274420 1723.4
1274430 1723.4
1274440 1718.6
1274450 1714.5
1274460 1714.5
1274470 1710.8
1274480 1706.9
1274490 1706.9
1274500 1702.2
1274510 1696.9
1274520 1696.9
1274530 1691.9
1274540 1687.6
1274550 1687.6
1274560 1682.2
1274570 1677.5
1274580 1673.7
1274590 1673.7
1274600 1671.1
1274610 1668.8
1274620 1668.8
1274630 1666.7
1274640 1662.6
1274650 1662.6
1274660 1658.5
1274670 1653.6
1274680 1653.6
1274690 1649.4
1274700 1648.5
1274710 1648.5
1274720 1650.1
1274730 1656.4
1274740 1656.4
1274750 1666.7
1274760 1676.7
1274770 1676.7
1274780 1683.7
1274790 1690.3
1274800 1690.3
1274810 1696.2
1274820 1699.3
1274830 1699.3
1274840 1704.1
1274850 1708.7
1274860 1708.7
1274870 1712.6
1274880 1715.8
1274890 1718.9
1274900 1718.9
1274910 1722.8
1274920 1727.5
1274930 1727.5
1274940 1731.7
1274950 1734.8
1274960 1734.8
1274970 1738.1
1274980 1742.7
1274990 1742.7
1275000 1748.6
1275010 1754.9
1275020 1754.9
1275030 1761.4
1275040 1769.0
1275050 1769.0
1275060 1775.7
1275070 1780.6
1275080 1780.6
1275090 1785.1
1275100 1791.1
1275110 1791.1
1275120 1797.9
1275130 1805.1
1275140 1805.1
1275150 1810.7
1275160 1814.9
1275170 1819.5
1275180 1819.5
1275190 1823.6
1275200 1823.2
1275210 1823.2
1275220 1823.2
1275230 1825.2
1275240 1825.2
1275250 1824.0
1275260 1821.8
1275270 1821.8
1275280 1823.3
1275290 1825.2
1275300 1825.2
1275310 1830.5
1275320 1826.0
1275330 1826.0
1275340 1817.2
1275350 1813.5
1275360 1813.5
1275370 1810.4
1275380 1799.0
1275390 1799.0
1275400 1793.7
1275410 1794.3
1275420 1809.8
1275430 1806.9
1275440 1794.1
1275450 1766.2
1275460 1766.2
1275470 1758.9
1275480 1768.1
1275490 1768.1
1275500 1772.3
1275510 1779.4
1275520 1779.4
1275530 1785.0
1275540 1799.9
1275550 1799.9
1275560 1812.7
1275570 1815.2
1275580 1815.2
1275590 1802.1
1275600 1792.5
1275610 1792.5
1275620 1789.0
1275630 1791.7
1275640 1791.7
1275650 1791.7
1275660 1779.2
1275670 1779.2
1275680 1767.6
1275690 1759.5
1275700 1759.5
1275710 1758.5
1275720 1766.7
1275730 1767.4
1275740 1767.4
1275750 1769.0
1275760 1773.9
1275770 1773.9
1275780 1773.9
1275790 1769.9
1275800 1769.9
1275810 1761.9
1275820 1754.8
1275830 1754.8
1275840 1750.6
1275850 1744.3
1275860 1744.3
1275870 1737.5
1275880 1741.2
1275890 1741.2
1275900 1746.3
1275910 1740.5
1275920 1740.5
1275930 1736.6
1275940 1733.8
1275950 1733.8
1275960 1728.8
1275970 1724.5
1275980 1724.5
1275990 1720.1
1276000 1716.7
1276010 1716.7
1276020 1708.9
1276030 1708.8
1276040 1709.8
1276050 1709.8
1276060 1707.3
1276070 1705.5
1276080 1705.5
1276090 1704.2
1276100 1703.5
1276110 1703.5
1276120 1700.7
1276130 1697.2
1276140 1697.2
1276150 1692.9
1276160 1688.8
1276170 1688.8
1276180 1684.1
1276190 1680.0
1276200 1680.0
1276210 1676.4
1276220 1672.3
1276230 1672.3
1276240 1668.8
1276250 1665.4
1276260 1665.4
1276270 1664.3
1276280 1665.4
1276290 1665.4
1276300 1665.8
1276310 1665.8
1276320 1665.2
1276330 1665.2
1276340 1663.9
1276350 1662.8
1276360 1662.8
1276370 1661.9
1276380 1660.2
1276390 1660.2
1276400 1658.8
1276410 1657.0
1276420 1657.0
1276430 1655.0
1276440 1653.5
1276450 1653.5
1276460 1652.1
1276470 1650.4
1276480 1650.4
1276490 1648.8
1276500 1647.6
1276510 1647.6
1276520 1646.7
1276530 1645.9
1276540 1645.9
1276550 1645.3
1276560 1645.0
1276570 1645.0
1276580 1645.6
1276590 1646.0
1276600 1645.4
1276610 1645.4
1276620 1644.6
1276630 1642.8
1276640 1642.9
1276650 1642.1
1276660 1642.1
1276670 1642.1
1276680 1642.3
1276690 1642.5
1276700 1642.5
1276710 1642.7
1276720 1642.8
1276730 1642.8
1276740 1643.0
1276750 1643.3
1276760 1643.3
1276770 1643.6
1276780 1643.8
1276790 1643.8
1276800 1643.9
1276810 1644.2
1276820 1644.2
1276830 1644.5
1276840 1644.8
1276850 1644.8
1276860 1645.3
1276870 1645.5
1276880 1645.9
1276890 1645.9
1276900 1646.3
1276910 1646.6
1276920 1646.6
1276930 1646.9
1276940 1647.4
1276950 1647.4
1276960 1648.1
1276970 1648.6
1276980 1648.6
1276990 1649.5
1277000 1651.5
1277010 1651.5
1277020 1655.2
1277030 1659.7
1277040 1659.7
1277050 1662.4
1277060 1663.2
1277070 1663.2
1277080 1662.7
1277090 1665.4
1277100 1665.4
1277110 1667.7
1277120 1671.5
1277130 1671.5
1277140 1676.0
1277150 1678.1
1277160 1678.1
1277170 1678.0
1277180 1679.1
1277190 1680.8
1277200 1680.8
1277210 1683.2
1277220 1685.3
1277230 1685.3
1277240 1685.7
1277250 1686.5
1277260 1694.4
1277270 1696.3
1277280 1696.4
1277290 1696.4
1277300 1698.2
1277310 1702.8
1277320 1702.8
1277330 1706.7
1277340 1707.3
1277350 1707.3
1277360 1707.3
1277370 1707.2
1277380 1707.2
1277390 1710.9
1277400 1715.0
1277410 1715.0
1277420 1716.8
1277430 1717.8
1277440 1717.8
1277450 1719.3
1277460 1720.2
1277470 1720.9
1277480 1720.9
1277490 1721.8
1277500 1722.6
1277510 1722.6
1277520 1723.1
1277530 1723.5
1277540 1723.5
1277550 1723.5
1277560 1724.9
1277570 1724.9
1277580 1728.6
1277590 1732.1
1277600 1732.1
1277610 1736.1
1277620 1741.0
1277630 1741.0
1277640 1746.2
1277650 1750.2
1277660 1750.2
1277670 1752.7
1277680 1753.3
1277690 1753.3
1277700 1752.7
1277710 1753.5
1277720 1753.5
1277730 1754.5
1277740 1756.7
1277750 1758.6
1277760 1758.6
1277770 1760.0
1277780 1761.1
1277790 1761.1
1277800 1762.1
1277810 1763.9
1277820 1763.9
1277830 1765.1
1277840 1766.5
1277850 1766.5
1277860 1767.2
1277870 1772.2
1277880 1772.2
1277890 1769.9
1277900 1765.6
1277910 1765.6
1277920 1760.7
1277930 1756.5
1277940 1756.5
1277950 1754.0
1277960 1754.1
1277970 1754.1
1277980 1756.0
1277990 1757.7
1278000 1757.7
1278010 1759.4
1278020 1761.0
1278030 1763.3
1278040 1763.3
1278050 1764.9
1278060 1765.6
1278070 1765.6
1278080 1766.1
1278090 1767.2
1278100 1767.2
1278110 1768.2
1278120 1769.3
1278130 1769.3
1278140 1770.6
1278150 1771.0
1278160 1771.0
1278170 1771.4
1278180 1771.7
1278190 1771.7
1278200 1773.0
1278210 1774.7
1278220 1774.7
1278230 1776.3
1278240 1778.1
1278250 1778.1
1278260 1778.6
1278270 1780.3
1278280 1780.3
1278290 1782.7
1278300 1783.0
1278310 1783.0
1278320 1783.3
1278330 1784.1
1278340 1784.5
1278350 1784.5
1278360 1785.1
1278370 1786.4
1278380 1786.4
1278390 1787.1
1278400 1788.9
1278410 1788.9
1278420 1790.7
1278430 1791.2
1278440 1791.2
1278450 1791.5
1278460 1792.1
1278470 1792.1
1278480 1792.8
1278490 1793.8
1278500 1793.8
1278510 1794.8
1278520 1795.8
1278530 1795.8
1278540 1797.0
1278550 1798.0
1278560 1798.0
1278570 1799.5
1278580 1801.2
1278590 1801.2
1278600 1803.1
1278610 1806.3
1278620 1810.0
1278630 1810.0
1278640 1812.7
1278650 1815.5
1278660 1815.5
1278670 1818.6
1278680 1821.5
1278690 1821.5
1278700 1824.9
1278710 1828.6
1278720 1828.6
1278730 1832.3
1278740 1835.7
1278750 1835.7
1278760 1838.7
1278770 1841.7
1278780 1841.7
1278790 1845.8
1278800 1849.4
1278810 1849.4
1278820 1852.4
1278830 1854.8
1278840 1854.8
1278850 1856.7
1278860 1858.4
1278870 1858.4
1278880 1859.9
1278890 1863.1
1278900 1866.3
1278910 1866.3
1278920 1869.3
1278930 1871.3
1278940 1871.3
1278950 1871.7
1278960 1872.6
1278970 1872.6
1278980 1873.6
1278990 1874.9
1279000 1874.9
1279010 1876.6
1279020 1878.4
1279030 1878.4
1279040 1880.4
1279050 1882.0
1279060 1882.0
1279070 1880.6
1279080 1874.7
1279090 1874.7
1279100 1873.3
1279110 1880.2
1279120 1880.2
1279130 1883.0
1279140 1885.0
1279150 1885.0
1279160 1886.9
1279170 1888.9
1279180 1890.6
1279190 1890.6
1279200 1892.7
1279210 1894.5
1279220 1894.5
1279230 1895.6
1279240 1896.6
1279250 1896.6
1279260 1897.7
1279270 1899.0
1279280 1899.0
1279290 1900.8
1279300 1902.7
1279310 1902.7
1279320 1905.0
1279330 1907.2
1279340 1907.2
1279350 1909.3
1279360 1910.7
1279370 1910.7
1279380 1912.5
1279390 1914.9
1279400 1914.9
1279410 1916.2
1279420 1917.4
1279430 1917.4
1279440 1920.8
1279450 1923.6
1279460 1923.6
1279470 1925.6
1279480 1927.4
1279490 1929.0
1279500 1929.0
1279510 1930.6
1279520 1933.0
1279530 1933.0
1279540 1935.5
1279550 1938.5
1279560 1938.5
1279570 1942.2
1279580 1945.8
1279590 1945.8
1279600 1949.8
1279610 1954.1
1279620 1954.1
1279630 1958.4
1279640 1962.5
1279650 1962.5
1279660 1965.3
1279670 1966.8
1279680 1966.8
1279690 1967.0
1279700 1965.3
1279710 1965.3
1279720 1960.6
1279730 1952.3
1279740 1952.3
1279750 1946.2
1279760 1941.0
1279770 1937.3
1279780 1937.3
1279790 1934.0
1279800 1931.8
1279810 1931.8
1279820 1929.5
1279830 1925.4
1279840 1925.4
1279850 1923.2
1279860 1919.3
1279870 1919.3
1279880 1916.0
1279890 1915.1
1279900 1915.1
1279910 1913.3
1279920 1910.3
1279930 1910.3
1279940 1909.3
1279950 1911.7
1279960 1911.7
1279970 1912.3
1279980 1912.1
1279990 1912.1
