1260000 1181.8
1260010 1183.6
1260020 1183.6
1260030 1185.3
1260040 1186.5
1260050 1186.5
1260060 1187.7
1260070 1189.1
1260080 1189.1
1260090 1190.7
1260100 1192.2
1260110 1192.2
1260120 1193.3
1260130 1194.4
1260140 1194.4
1260150 1194.1
1260160 1193.9
1260170 1193.9
1260180 1197.0
1260190 1199.0
1260200 1200.5
1260210 1200.5
1260220 1201.2
1260230 1202.4
1260240 1202.4
1260250 1205.0
1260260 1207.4
1260270 1207.4
1260280 1208.7
1260290 1209.7
1260300 1209.7
1260310 1212.2
1260320 1216.9
1260330 1216.9
1260340 1220.5
1260350 1221.7
1260360 1221.7
1260370 1224.6
1260380 1229.5
1260390 1229.5
1260400 1234.1
1260410 1237.4
1260420 1236.2
1260430 1238.3
1260440 1238.4
1260450 1238.4
1260460 1237.3
1260470 1237.5
1260480 1237.5
1260490 1239.1
1260500 1241.2
1260510 1242.7
1260520 1242.7
1260530 1246.0
1260540 1250.7
1260550 1250.7
1260560 1255.4
1260570 1259.2
1260580 1259.2
1260590 1262.4
1260600 1265.5
1260610 1265.5
1260620 1269.0
1260630 1272.8
1260640 1272.8
1260650 1275.6
1260660 1277.5
1260670 1277.5
1260680 1280.4
1260690 1284.2
1260700 1284.2
1260710 1288.1
1260720 1292.5
1260730 1292.5
1260740 1297.9
1260750 1303.5
1260760 1303.5
1260770 1309.1
1260780 1315.5
1260790 1322.4
1260800 1322.4
1260810 1328.0
1260820 1332.6
1260830 1332.6
1260840 1337.2
1260850 1341.1
1260860 1341.1
1260870 1344.0
1260880 1346.8
1260890 1346.8
1260900 1350.3
1260910 1353.4
1260920 1353.4
1260930 1356.7
1260940 1360.4
1260950 1360.4
1260960 1364.5
1260970 1368.7
1260980 1368.7
1260990 1368.9
1261000 1368.8
1261010 1368.8
1261020 1370.4
1261030 1374.1
1261040 1374.1
1261050 1377.2
1261060 1379.3
1261070 1381.2
1261080 1381.2
1261090 1383.8
1261100 1387.2
1261110 1387.2
1261120 1391.0
1261130 1395.4
1261140 1395.4
1261150 1399.9
1261160 1403.9
1261170 1403.9
1261180 1407.5
1261190 1410.8
1261200 1410.8
1261210 1414.3
1261220 1417.9
1261230 1417.9
1261240 1421.6
1261250 1424.8
1261260 1424.8
1261270 1428.3
1261280 1432.1
1261290 1432.1
1261300 1436.0
1261310 1439.7
1261320 1439.7
1261330 1443.7
1261340 1447.6
1261350 1447.6
1261360 1451.5
1261370 1455.8
1261380 1459.3
1261390 1459.3
1261400 1462.3
1261410 1465.7
1261420 1465.7
1261430 1470.2
1261440 1474.1
1261450 1474.1
1261460 1477.4
1261470 1481.4
1261480 1481.4
1261490 1484.7
1261500 1487.9
1261510 1487.9
1261520 1490.8
1261530 1493.1
1261540 1493.1
1261550 1495.0
1261560 1497.0
1261570 1497.0
1261580 1499.4
1261590 1500.0
1261600 1500.0
1261610 1501.2
1261620 1504.8
1261630 1504.8
1261640 1508.6
1261650 1514.5
1261660 1519.6
1261670 1519.6
1261680 1523.6
1261690 1526.9
1261700 1526.9
1261710 1530.3
1261720 1534.3
1261730 1534.3
1261740 1538.2
1261750 1542.3
1261760 1542.3
1261770 1546.1
1261780 1550.1
1261790 1550.1
1261800 1553.9
1261810 1557.8
1261820 1557.8
1261830 1561.5
1261840 1564.5
1261850 1564.5
1261860 1566.5
1261870 1569.9
1261880 1569.9
1261890 1572.5
1261900 1574.1
1261910 1574.1
1261920 1575.8
1261930 1578.3
1261940 1579.2
1261950 1579.2
1261960 1578.5
1261970 1580.3
1261980 1580.3
1261990 1582.4
1262000 1583.9
1262010 1583.9
1262020 1586.9
1262030 1596.2
1262040 1596.2
1262050 1605.0
1262060 1613.8
1262070 1613.8
1262080 1622.1
1262090 1627.6
1262100 1627.6
1262110 1633.0
1262120 1638.6
1262130 1638.9
1262140 1643.7
1262150 1649.0
1262160 1649.0
1262170 1654.3
1262180 1657.7
1262190 1657.7
1262200 1659.1
1262210 1659.4
1262220 1659.4
1262230 1659.4
1262240 1662.3
1262250 1669.5
1262260 1669.5
1262270 1675.9
1262280 1682.4
1262290 1682.4
1262300 1687.3
1262310 1690.7
1262320 1690.7
1262330 1694.2
1262340 1700.5
1262350 1700.5
1262360 1706.9
1262370 1713.5
1262380 1713.5
1262390 1722.3
1262400 1728.1
1262410 1728.1
1262420 1732.6
1262430 1735.7
1262440 1735.7
1262450 1736.0
1262460 1735.7
1262470 1735.7
1262480 1737.8
1262490 1740.6
1262500 1740.6
1262510 1743.1
1262520 1744.9
1262530 1748.3
1262540 1748.3
1262550 1752.1
1262560 1756.7
1262570 1756.7
1262580 1761.9
1262590 1767.0
1262600 1767.0
1262610 1772.2
1262620 1777.4
1262630 1777.4
1262640 1782.6
1262650 1788.0
1262660 1788.0
1262670 1792.6
1262680 1795.0
1262690 1795.0
1262700 1789.2
1262710 1797.8
1262720 1797.8
1262730 1805.6
1262740 1811.7
1262750 1811.7
1262760 1817.2
1262770 1823.0
1262780 1823.0
1262790 1829.9
1262800 1836.5
1262810 1842.5
1262820 1842.5
1262830 1845.7
1262840 1849.1
1262850 1849.1
1262860 1853.5
1262870 1857.3
1262880 1857.3
1262890 1861.3
1262900 1865.8
1262910 1865.8
1262920 1869.3
1262930 1872.6
1262940 1872.6
1262950 1875.7
1262960 1878.8
1262970 1878.8
1262980 1881.7
1262990 1884.7
1263000 1884.7
1263010 1887.0
1263020 1889.0
1263030 1889.0
1263040 1891.8
1263050 1895.1
1263060 1895.1
1263070 1897.1
1263080 1898.6
1263090 1901.6
1263100 1901.6
1263110 1909.7
1263120 1917.1
1263130 1917.1
1263140 1923.5
1263150 1930.3
1263160 1930.3
1263170 1936.1
1263180 1940.9
1263190 1940.9
1263200 1945.1
1263210 1949.7
1263220 1949.7
1263230 1953.9
1263240 1958.2
1263250 1958.2
1263260 1962.6
1263270 1967.5
1263280 1969.8
1263290 1974.4
1263300 1978.5
1263310 1978.5
1263320 1982.7
1263330 1987.0
1263340 1987.0
1263350 1991.2
1263360 1995.6
1263370 1995.6
1263380 2000.3
1263390 2004.8
1263400 2011.0
1263410 2011.0
1263420 2017.9
1263430 2024.4
1263440 2024.4
1263450 2029.8
1263460 2034.7
1263470 2034.7
1263480 2038.4
1263490 2042.5
1263500 2042.5
1263510 2047.2
1263520 2051.4
1263530 2051.4
1263540 2056.4
1263550 2062.2
1263560 2062.2
1263570 2068.0
1263580 2073.6
1263590 2073.6
1263600 2079.1
1263610 2084.8
1263620 2084.8
1263630 2090.7
1263640 2097.4
1263650 2097.4
1263660 2104.7
1263670 2112.0
1263680 2119.0
1263690 2119.0
1263700 2125.8
1263710 2133.2
1263720 2133.2
1263730 2141.6
1263740 2149.5
1263750 2149.5
1263760 2157.3
1263770 2164.8
1263780 2164.8
1263790 2172.0
1263800 2179.4
1263810 2179.4
1263820 2187.7
1263830 2194.9
1263840 2194.9
1263850 2202.5
1263860 2212.6
1263870 2212.6
1263880 2220.8
1263890 2229.1
1263900 2229.1
1263910 2237.9
1263920 2246.7
1263930 2246.7
1263940 2254.7
1263950 2262.7
1263960 2270.1
1263970 2270.1
1263980 2277.9
1263990 2284.7
1264000 2284.7
1264010 2288.6
1264020 2281.1
1264030 2281.1
1264040 2271.0
1264050 2266.3
1264060 2266.3
1264070 2254.5
1264080 2235.4
1264090 2235.4
1264100 2232.7
1264110 2228.9
1264120 2228.9
1264130 2223.8
1264140 2219.8
1264150 2219.8
1264160 2215.7
1264170 2212.5
1264180 2212.5
1264190 2209.6
1264200 2205.9
1264210 2205.9
1264220 2202.1
1264230 2201.5
1264240 2201.5
1264250 2200.8
1264260 2201.0
1264270 2201.9
1264280 2201.9
1264290 2201.0
1264300 2199.7
1264310 2199.7
1264320 2200.1
1264330 2199.3
1264340 2199.3
1264350 2197.4
1264360 2194.1
1264370 2194.1
1264380 2193.7
1264390 2194.4
1264400 2194.4
1264410 2195.2
1264420 2196.2
1264430 2188.2
1264440 2192.0
1264450 2195.6
1264460 2195.6
1264470 2197.8
1264480 2199.0
1264490 2199.0
1264500 2199.3
1264510 2200.6
1264520 2200.6
1264530 2201.3
1264540 2202.1
1264550 2203.3
1264560 2203.3
1264570 2205.1
1264580 2205.9
1264590 2205.9
1264600 2205.6
1264610 2205.5
1264620 2205.5
1264630 2204.6
1264640 2202.4
1264650 2202.4
1264660 2202.6
1264670 2201.6
1264680 2201.6
1264690 2201.0
1264700 2201.2
1264710 2201.2
1264720 2201.4
1264730 2200.6
1264740 2200.6
1264750 2200.0
1264760 2199.2
1264770 2199.2
1264780 2199.3
1264790 2198.6
1264800 2198.6
1264810 2197.6
1264820 2196.7
1264830 2196.5
1264840 2196.5
1264850 2197.4
1264860 2199.6
1264870 2199.6
1264880 2202.5
1264890 2204.5
1264900 2204.5
1264910 2206.8
1264920 2209.5
1264930 2209.5
1264940 2212.1
1264950 2220.8
1264960 2220.8
1264970 2250.2
1264980 2269.4
1264990 2269.4
1265000 2261.7
1265010 2226.1
1265020 2226.1
1265030 2227.0
1265040 2227.0
1265050 2227.0
1265060 2227.7
1265070 2228.6
1265080 2228.6
1265090 2230.3
1265100 2240.1
1265110 2263.6
1265120 2263.6
1265130 2271.6
1265140 2287.5
1265150 2287.5
1265160 2293.8
1265170 2294.3
1265180 2294.3
1265190 2299.0
1265200 2302.1
1265210 2302.1
1265220 2290.5
1265230 2263.5
1265240 2263.5
1265250 2247.2
1265260 2267.5
1265270 2267.5
1265280 2298.7
1265290 2309.2
1265300 2309.2
1265310 2298.4
1265320 2277.1
1265330 2277.1
1265340 2266.6
1265350 2264.6
1265360 2264.6
1265370 2279.7
1265380 2316.1
1265390 2316.1
1265400 2330.0
1265410 2335.4
1265420 2333.2
1265430 2333.2
1265440 2328.0
1265450 2329.5
1265460 2329.5
1265470 2333.6
1265480 2333.9
1265490 2333.9
1265500 2336.7
1265510 2335.8
1265520 2335.8
1265530 2337.0
1265540 2340.7
1265550 2340.7
1265560 2345.6
1265570 2349.8
1265580 2349.8
1265590 2352.4
1265600 2352.7
1265610 2352.7
1265620 2350.7
1265630 2352.7
1265640 2352.7
1265650 2358.0
1265660 2371.9
1265670 2371.9
1265680 2385.5
1265690 2381.9
1265700 2391.7
1265710 2391.7
1265720 2403.2
1265730 2403.8
1265740 2403.8
1265750 2394.0
1265760 2391.2
1265770 2391.2
1265780 2403.4
1265790 2417.4
1265800 2417.4
1265810 2420.3
1265820 2428.6
1265830 2428.6
1265840 2432.9
1265850 2428.0
1265860 2428.0
1265870 2423.2
1265880 2412.6
1265890 2412.6
1265900 2398.1
1265910 2384.2
1265920 2384.2
1265930 2372.9
1265940 2358.4
1265950 2358.4
1265960 2347.7
1265970 2344.4
1265980 2337.4
1265990 2337.4
1266000 2332.8
1266010 2325.1
1266020 2325.1
1266030 2318.2
1266040 2309.3
1266050 2309.3
1266060 2299.9
1266070 2300.9
1266080 2300.9
1266090 2311.6
1266100 2307.2
1266110 2307.2
1266120 2297.5
1266130 2292.4
1266140 2292.4
1266150 2292.3
1266160 2301.2
1266170 2301.2
1266180 2349.3
1266190 2374.6
1266200 2374.6
1266210 2369.4
1266220 2351.3
1266230 2351.3
1266240 2344.2
1266250 2364.9
1266260 2373.3
1266270 2373.3
1266280 2373.2
1266290 2382.8
1266300 2382.8
1266310 2391.8
1266320 2387.3
1266330 2387.3
1266340 2375.7
1266350 2365.5
1266360 2365.5
1266370 2359.2
1266380 2346.4
1266390 2346.4
1266400 2337.4
1266410 2334.4
1266420 2334.4
1266430 2335.7
1266440 2326.3
1266450 2326.3
1266460 2312.5
1266470 2302.1
1266480 2302.1
1266490 2294.3
1266500 2289.1
1266510 2289.1
1266520 2281.0
1266530 2273.1
1266540 2273.1
1266550 2264.6
1266560 2260.3
1266570 2257.1
1266580 2257.1
1266590 2255.2
1266600 2252.8
1266610 2252.8
1266620 2250.0
1266630 2248.8
1266640 2248.8
1266650 2249.0
1266660 2250.0
1266670 2250.0
1266680 2251.8
1266690 2253.2
1266700 2253.2
1266710 2252.9
1266720 2249.3
1266730 2249.3
1266740 2247.8
1266750 2247.3
1266760 2256.7
1266770 2254.8
1266780 2252.7
1266790 2252.7
1266800 2249.7
1266810 2246.3
1266820 2246.3
1266830 2246.9
1266840 2248.6
1266850 2252.7
1266860 2252.7
1266870 2258.0
1266880 2268.6
1266890 2268.6
1266900 2278.5
1266910 2284.5
1266920 2284.5
1266930 2291.8
1266940 2299.2
1266950 2299.2
1266960 2314.4
1266970 2332.7
1266980 2332.7
1266990 2344.1
1267000 2353.7
1267010 2353.7
1267020 2353.1
1267030 2335.6
1267040 2335.6
1267050 2338.9
1267060 2334.2
1267070 2334.2
1267080 2320.7
1267090 2324.8
1267100 2324.8
1267110 2336.2
1267120 2353.4
1267130 2359.9
1267140 2359.9
1267150 2367.3
1267160 2384.6
1267170 2384.6
1267180 2389.0
1267190 2387.9
1267200 2387.9
1267210 2388.0
1267220 2383.0
1267230 2383.0
1267240 2376.2
1267250 2367.1
1267260 2367.1
1267270 2341.7
1267280 2314.4
1267290 2314.4
1267300 2299.5
1267310 2267.5
1267320 2267.5
1267330 2249.5
1267340 2233.9
1267350 2245.7
1267360 2232.8
1267370 2210.2
1267380 2210.2
1267390 2182.9
1267400 2164.3
1267410 2164.3
1267420 2149.8
1267430 2136.7
1267440 2125.9
1267450 2125.9
1267460 2115.9
1267470 2106.6
1267480 2106.6
1267490 2097.8
1267500 2088.6
1267510 2088.6
1267520 2079.1
1267530 2064.5
1267540 2064.5
1267550 2047.6
1267560 2036.1
1267570 2036.1
1267580 2025.0
1267590 2014.6
1267600 2014.6
1267610 2008.2
1267620 2000.9
1267630 2000.9
1267640 1993.6
1267650 1989.3
1267660 1989.3
1267670 1985.1
1267680 1979.9
1267690 1979.9
1267700 1974.2
1267710 1968.2
1267720 1962.2
1267730 1962.2
1267740 1956.1
1267750 1949.9
1267760 1949.9
1267770 1943.3
1267780 1936.7
1267790 1936.7
1267800 1930.4
1267810 1924.2
1267820 1924.2
1267830 1917.7
1267840 1911.1
1267850 1911.1
1267860 1904.6
1267870 1898.8
1267880 1898.8
1267890 1894.0
1267900 1889.5
1267910 1889.5
1267920 1885.5
1267930 1885.9
1267940 1885.9
1267950 1881.1
1267960 1876.1
1267970 1876.1
1267980 1870.5
1267990 1864.9
1268000 1859.8
1268010 1859.8
1268020 1854.7
1268030 1849.9
1268040 1849.9
1268050 1845.2
1268060 1840.5
1268070 1840.5
1268080 1836.0
1268090 1831.9
1268100 1831.9
1268110 1828.2
1268120 1824.4
1268130 1824.4
1268140 1820.6
1268150 1817.0
1268160 1817.0
1268170 1813.4
1268180 1809.8
1268190 1809.8
1268200 1806.3
1268210 1802.7
1268220 1802.7
1268230 1799.1
1268240 1795.4
1268250 1795.4
1268260 1791.6
1268270 1787.9
1268280 1784.0
1268290 1784.0
1268300 1780.2
1268310 1776.7
1268320 1776.7
1268330 1772.7
1268340 1768.6
1268350 1768.6
1268360 1765.3
1268370 1762.7
1268380 1762.7
1268390 1760.6
1268400 1758.6
1268410 1758.6
1268420 1757.8
1268430 1756.6
1268440 1756.6
1268450 1754.3
1268460 1752.4
1268470 1752.4
1268480 1749.6
1268490 1747.2
1268500 1747.2
1268510 1745.3
1268520 1745.7
1268530 1745.7
1268540 1744.5
1268550 1743.5
1268560 1743.5
1268570 1741.8
1268580 1739.6
1268590 1738.3
1268600 1738.3
1268610 1737.5
1268620 1737.9
1268630 1737.9
1268640 1738.4
1268650 1738.7
1268660 1738.7
1268670 1738.7
1268680 1738.9
1268690 1738.9
1268700 1739.9
1268710 1740.9
1268720 1740.9
1268730 1742.2
1268740 1743.6
1268750 1743.6
1268760 1744.2
1268770 1744.7
1268780 1744.7
1268790 1744.1
1268800 1743.6
1268810 1743.6
1268820 1744.4
1268830 1745.4
1268840 1745.4
1268850 1746.0
1268860 1746.4
1268870 1746.9
1268880 1746.9
1268890 1747.1
1268900 1747.4
1268910 1747.4
1268920 1746.3
1268930 1745.5
1268940 1745.5
1268950 1745.0
1268960 1745.3
1268970 1745.3
1268980 1746.6
1268990 1747.9
1269000 1747.9
1269010 1748.6
1269020 1748.9
1269030 1748.9
1269040 1750.4
1269050 1751.9
1269060 1751.9
1269070 1753.0
1269080 1754.1
1269090 1754.1
1269100 1755.2
1269110 1763.8
1269120 1763.8
1269130 1769.7
1269140 1774.5
1269150 1776.7
1269160 1776.7
1269170 1777.7
1269180 1779.3
1269190 1779.3
1269200 1781.4
1269210 1783.6
1269220 1783.6
1269230 1786.7
1269240 1789.6
1269250 1789.6
1269260 1792.3
1269270 1795.5
1269280 1795.5
1269290 1799.4
1269300 1803.6
1269310 1803.6
1269320 1809.8
1269330 1817.0
1269340 1817.0
1269350 1822.3
1269360 1826.1
1269370 1826.1
1269380 1828.7
1269390 1831.2
1269400 1831.2
1269410 1831.5
1269420 1832.1
1269430 1832.1
1269440 1834.1
1269450 1836.1
1269460 1838.3
1269470 1838.3
1269480 1840.6
1269490 1843.3
1269500 1843.3
1269510 1846.2
1269520 1849.4
1269530 1849.4
1269540 1853.4
1269550 1857.3
1269560 1857.3
1269570 1861.0
1269580 1864.5
1269590 1864.5
1269600 1868.4
1269610 1871.7
1269620 1871.7
1269630 1873.5
1269640 1875.4
1269650 1875.4
1269660 1876.8
1269670 1877.9
1269680 1877.9
1269690 1879.7
1269700 1882.8
1269710 1884.8
1269720 1887.9
1269730 1891.8
1269740 1895.7
1269750 1895.7
1269760 1898.4
1269770 1896.9
1269780 1896.9
1269790 1895.5
1269800 1898.4
1269810 1898.4
1269820 1906.5
1269830 1915.0
1269840 1915.0
1269850 1921.9
1269860 1928.3
1269870 1928.3
1269880 1934.8
1269890 1941.0
1269900 1941.0
1269910 1947.0
1269920 1953.1
1269930 1953.1
1269940 1959.6
1269950 1966.7
1269960 1966.7
1269970 1974.2
1269980 1981.2
1269990 1981.2
1270000 1988.5
1270010 1995.9
1270020 2003.6
1270030 2003.6
1270040 2011.4
1270050 2017.3
1270060 2017.3
1270070 2015.3
1270080 2012.1
1270090 2012.1
1270100 2004.6
1270110 1996.7
1270120 1996.7
1270130 1989.2
1270140 1982.5
1270150 1982.5
1270160 1975.6
1270170 1968.7
1270180 1968.7
1270190 1961.7
1270200 1955.1
1270210 1955.1
1270220 1949.7
1270230 1946.1
1270240 1946.1
1270250 1943.4
1270260 1941.4
1270270 1941.4
1270280 1940.3
1270290 1937.9
1270300 1939.6
1270310 1939.6
1270320 1938.1
1270330 1935.4
1270340 1935.4
1270350 1931.3
1270360 1928.4
1270370 1928.4
1270380 1927.0
1270390 1924.7
1270400 1924.7
1270410 1919.6
1270420 1914.7
1270430 1914.7
1270440 1909.5
1270450 1904.1
1270460 1904.1
1270470 1899.9
1270480 1897.5
1270490 1897.5
1270500 1894.9
1270510 1892.9
1270520 1892.9
1270530 1891.1
1270540 1889.2
1270550 1889.2
1270560 1886.6
1270570 1884.5
1270580 1884.5
1270590 1880.9
1270600 1874.2
1270610 1868.1
1270620 1868.1
1270630 1864.1
1270640 1862.9
1270650 1862.9
1270660 1866.0
1270670 1867.1
1270680 1867.1
1270690 1862.8
1270700 1860.2
1270710 1860.2
1270720 1860.0
1270730 1861.3
1270740 1861.3
1270750 1860.1
1270760 1859.3
1270770 1859.3
1270780 1859.7
1270790 1859.3
1270800 1859.3
1270810 1859.0
1270820 1856.8
1270830 1856.8
1270840 1854.9
1270850 1856.5
1270860 1856.5
1270870 1857.2
1270880 1856.8
1270890 1855.8
1270900 1859.9
1270910 1859.2
1270920 1860.2
1270930 1860.2
1270940 1859.4
1270950 1859.6
1270960 1859.6
1270970 1860.2
1270980 1859.8
1270990 1859.8
1271000 1862.7
1271010 1862.9
1271020 1862.9
1271030 1863.0
1271040 1865.2
1271050 1865.2
1271060 1871.0
1271070 1874.7
1271080 1874.7
1271090 1878.1
1271100 1881.6
1271110 1881.6
1271120 1884.5
1271130 1887.2
1271140 1887.2
1271150 1888.6
1271160 1889.6
1271170 1891.3
1271180 1891.3
1271190 1895.1
1271200 1898.3
1271210 1898.3
1271220 1902.5
1271230 1908.7
1271240 1908.7
1271250 1913.1
1271260 1918.1
1271270 1918.1
1271280 1921.9
1271290 1925.4
1271300 1925.4
1271310 1928.3
1271320 1933.5
1271330 1933.5
1271340 1938.7
1271350 1942.1
1271360 1942.1
1271370 1945.1
1271380 1949.8
1271390 1949.8
1271400 1954.5
1271410 1963.2
1271420 1963.2
1271430 1970.9
1271440 1980.0
1271450 1980.0
1271460 1988.6
1271470 1992.8
1271480 2000.3
1271490 2012.0
1271500 2014.5
1271510 2007.9
1271520 2007.9
1271530 2001.2
1271540 1995.2
1271550 1995.2
1271560 1989.0
1271570 1984.4
1271580 1984.4
1271590 1980.7
1271600 1973.7
1271610 1973.7
1271620 1966.2
1271630 1960.5
1271640 1960.5
1271650 1952.9
1271660 1947.6
1271670 1947.6
1271680 1942.3
1271690 1938.3
1271700 1938.3
1271710 1931.5
1271720 1927.1
1271730 1927.1
1271740 1921.5
1271750 1910.6
1271760 1902.5
1271770 1902.5
1271780 1894.5
1271790 1887.2
1271800 1887.2
1271810 1880.1
1271820 1872.5
1271830 1872.5
1271840 1865.8
1271850 1864.3
1271860 1864.3
1271870 1864.2
1271880 1863.9
1271890 1863.9
1271900 1859.6
1271910 1853.0
1271920 1853.0
1271930 1845.8
1271940 1838.7
1271950 1838.7
1271960 1831.5
1271970 1824.6
1271980 1824.6
1271990 1818.0
1272000 1811.6
1272010 1811.6
1272020 1805.0
1272030 1798.5
1272040 1792.3
1272050 1792.3
1272060 1785.8
1272070 1779.1
1272080 1779.1
1272090 1770.9
1272100 1764.1
1272110 1764.1
1272120 1757.4
1272130 1751.0
1272140 1751.0
1272150 1744.3
1272160 1738.1
1272170 1738.1
1272180 1732.8
1272190 1728.0
1272200 1728.0
1272210 1722.6
1272220 1716.4
1272230 1716.4
1272240 1710.6
1272250 1707.3
1272260 1707.3
1272270 1705.1
1272280 1703.0
1272290 1703.0
1272300 1700.8
1272310 1698.7
1272320 1696.5
1272330 1696.5
1272340 1694.3
1272350 1692.2
1272360 1692.2
1272370 1690.0
1272380 1687.8
1272390 1687.8
1272400 1685.9
1272410 1684.1
1272420 1684.1
1272430 1681.3
1272440 1677.9
1272450 1677.9
1272460 1673.0
1272470 1665.7
1272480 1665.7
1272490 1658.6
1272500 1652.4
1272510 1652.4
1272520 1648.8
1272530 1647.0
1272540 1647.0
1272550 1645.0
1272560 1642.7
1272570 1642.7
1272580 1640.2
1272590 1637.8
1272600 1637.8
1272610 1634.9
1272620 1632.6
1272630 1630.3
1272640 1630.3
1272650 1627.9
1272660 1625.6
1272670 1625.6
1272680 1623.5
1272690 1622.0
1272700 1622.0
1272710 1619.7
1272720 1618.1
1272730 1618.1
1272740 1617.4
1272750 1617.2
1272760 1617.2
1272770 1617.4
1272780 1618.7
1272790 1618.7
1272800 1620.5
1272810 1621.2
1272820 1621.2
1272830 1622.2
1272840 1624.3
1272850 1624.3
1272860 1630.4
1272870 1638.1
1272880 1638.1
1272890 1645.3
1272900 1652.2
1272910 1658.8
1272920 1658.8
1272930 1662.7
1272940 1664.1
1272950 1664.1
1272960 1666.5
1272970 1670.4
1272980 1670.4
1272990 1673.2
1273000 1674.6
1273010 1674.6
1273020 1676.2
1273030 1679.4
1273040 1679.4
1273050 1682.6
1273060 1687.1
1273070 1687.1
1273080 1691.9
1273090 1696.8
1273100 1696.8
1273110 1701.7
1273120 1706.6
1273130 1706.6
1273140 1710.8
1273150 1714.4
1273160 1714.4
1273170 1719.8
1273180 1727.5
1273190 1735.0
1273200 1735.0
1273210 1737.0
1273220 1739.8
1273230 1739.8
1273240 1739.4
1273250 1739.8
1273260 1739.8
1273270 1745.6
1273280 1751.4
1273290 1757.8
1273300 1764.5
1273310 1771.8
1273320 1771.8
1273330 1775.5
1273340 1770.8
1273350 1770.8
1273360 1768.2
1273370 1767.5
1273380 1767.5
1273390 1763.0
1273400 1754.7
1273410 1754.7
1273420 1743.5
1273430 1734.0
1273440 1734.0
1273450 1727.4
1273460 1722.2
1273470 1717.7
1273480 1717.7
1273490 1712.2
1273500 1706.7
1273510 1706.7
1273520 1702.4
1273530 1698.3
1273540 1698.3
1273550 1693.4
1273560 1688.2
1273570 1688.2
1273580 1682.9
1273590 1677.6
1273600 1677.6
1273610 1672.9
1273620 1669.4
1273630 1669.4
1273640 1668.3
1273650 1668.0
1273660 1668.0
1273670 1667.8
1273680 1667.2
1273690 1667.2
1273700 1665.5
1273710 1663.9
1273720 1663.9
1273730 1662.5
1273740 1661.1
1273750 1661.1
1273760 1659.8
1273770 1659.6
1273780 1657.8
1273790 1657.8
1273800 1655.2
1273810 1651.9
1273820 1651.9
1273830 1649.6
1273840 1647.4
1273850 1647.4
1273860 1653.0
1273870 1659.7
1273880 1659.7
1273890 1665.7
1273900 1676.3
1273910 1676.3
1273920 1681.8
1273930 1686.5
1273940 1686.5
1273950 1689.7
1273960 1695.7
1273970 1695.7
1273980 1700.2
1273990 1704.1
1274000 1704.1
1274010 1709.6
1274020 1715.0
1274030 1715.0
1274040 1719.1
1274050 1724.1
1274060 1721.7
1274070 1721.7
1274080 1729.1
1274090 1739.5
1274100 1739.5
1274110 1748.5
1274120 1755.9
1274130 1755.9
1274140 1762.9
1274150 1765.1
1274160 1765.1
1274170 1767.2
1274180 1770.5
1274190 1770.5
1274200 1771.6
1274210 1773.3
1274220 1773.3
1274230 1766.8
1274240 1759.8
1274250 1759.8
1274260 1755.0
1274270 1748.5
1274280 1748.5
1274290 1740.7
1274300 1732.5
1274310 1732.5
1274320 1724.9
1274330 1719.2
1274340 1713.7
1274350 1713.7
1274360 1709.0
1274370 1703.6
1274380 1703.6
1274390 1697.2
1274400 1691.1
1274410 1691.1
1274420 1685.2
1274430 1680.9
1274440 1680.9
1274450 1677.7
1274460 1673.0
1274470 1673.0
1274480 1668.0
1274490 1662.8
1274500 1665.0
1274510 1658.9
1274520 1655.2
1274530 1655.2
1274540 1652.6
1274550 1653.7
1274560 1653.7
1274570 1650.8
1274580 1645.1
1274590 1645.1
1274600 1632.2
1274610 1619.1
1274620 1619.1
1274630 1620.4
1274640 1636.1
1274650 1647.1
1274660 1647.1
1274670 1651.4
1274680 1654.0
1274690 1654.0
1274700 1657.5
1274710 1659.5
1274720 1659.5
1274730 1658.6
1274740 1658.3
1274750 1658.3
1274760 1660.1
1274770 1661.4
1274780 1661.4
1274790 1662.5
1274800 1665.0
1274810 1665.0
1274820 1667.2
1274830 1669.9
1274840 1669.9
1274850 1675.6
1274860 1681.9
1274870 1681.9
1274880 1688.4
1274890 1694.3
1274900 1694.3
1274910 1699.6
1274920 1704.7
1274930 1708.9
1274940 1708.9
1274950 1712.1
1274960 1714.7
1274970 1714.7
1274980 1718.6
1274990 1721.7
1275000 1721.7
1275010 1724.6
1275020 1726.1
1275030 1726.1
1275040 1727.9
1275050 1731.0
1275060 1731.0
1275070 1734.8
1275080 1737.5
1275090 1737.5
1275100 1739.2
1275110 1747.0
1275120 1747.0
1275130 1747.8
1275140 1747.9
1275150 1747.9
1275160 1749.7
1275170 1749.9
1275180 1749.9
1275190 1744.4
1275200 1738.6
1275210 1736.6
1275220 1736.6
1275230 1738.4
1275240 1745.8
1275250 1745.8
1275260 1744.0
1275270 1739.9
1275280 1739.9
1275290 1732.7
1275300 1730.8
1275310 1730.8
1275320 1730.9
1275330 1726.3
1275340 1726.3
1275350 1719.0
1275360 1716.4
1275370 1716.4
1275380 1720.9
1275390 1720.1
1275400 1720.1
1275410 1714.5
1275420 1711.1
1275430 1711.1
1275440 1712.7
1275450 1709.2
1275460 1709.2
1275470 1704.1
1275480 1697.2
1275490 1693.4
1275500 1693.4
1275510 1692.5
1275520 1693.0
1275530 1693.0
1275540 1692.0
1275550 1691.3
1275560 1691.3
1275570 1692.9
1275580 1695.6
1275590 1695.6
1275600 1697.5
1275610 1695.4
1275620 1695.4
1275630 1693.5
1275640 1691.5
1275650 1691.5
1275660 1691.7
1275670 1690.9
1275680 1690.9
1275690 1689.5
1275700 1686.3
1275710 1686.3
1275720 1686.6
1275730 1682.0
1275740 1682.0
1275750 1677.2
1275760 1673.4
1275770 1673.4
1275780 1672.1
1275790 1670.2
1275800 1667.6
1275810 1667.6
1275820 1666.6
1275830 1665.9
1275840 1665.9
1275850 1664.7
1275860 1665.7
1275870 1665.7
1275880 1666.2
1275890 1665.0
1275900 1665.0
1275910 1663.1
1275920 1660.4
1275930 1660.4
1275940 1657.6
1275950 1655.4
1275960 1655.4
1275970 1654.0
1275980 1654.7
1275990 1654.7
1276000 1655.5
1276010 1656.0
1276020 1656.0
1276030 1656.3
1276040 1656.9
1276050 1656.9
1276060 1656.3
1276070 1655.0
1276080 1653.2
1276090 1653.2
1276100 1650.6
1276110 1648.2
1276120 1648.2
1276130 1645.6
1276140 1643.1
1276150 1643.1
1276160 1641.2
1276170 1639.4
1276180 1639.4
1276190 1637.2
1276200 1635.5
1276210 1635.5
1276220 1635.8
1276230 1636.6
1276240 1636.6
1276250 1636.6
1276260 1637.6
1276270 1637.6
1276280 1638.5
1276290 1638.7
1276300 1638.7
1276310 1639.1
1276320 1638.9
1276330 1641.1
1276340 1640.7
1276350 1640.7
1276360 1640.8
1276370 1640.8
1276380 1640.2
1276390 1640.1
1276400 1640.1
1276410 1642.0
1276420 1643.5
1276430 1643.5
1276440 1643.7
1276450 1644.7
1276460 1644.7
1276470 1643.8
1276480 1641.3
1276490 1641.3
1276500 1638.2
1276510 1636.6
1276520 1636.6
1276530 1636.0
1276540 1636.8
1276550 1636.8
1276560 1638.0
1276570 1637.3
1276580 1637.3
1276590 1637.1
1276600 1638.0
1276610 1638.0
1276620 1638.9
1276630 1639.7
1276640 1639.8
1276650 1639.8
1276660 1639.1
1276670 1638.7
1276680 1638.7
1276690 1638.8
1276700 1638.9
1276710 1638.9
1276720 1639.7
1276730 1641.1
1276740 1641.1
1276750 1642.5
1276760 1642.5
1276770 1642.5
1276780 1642.5
1276790 1643.5
1276800 1643.5
1276810 1644.7
1276820 1646.0
1276830 1646.0
1276840 1647.4
1276850 1649.9
1276860 1649.9
1276870 1652.5
1276880 1655.1
1276890 1655.1
1276900 1657.8
1276910 1659.1
1276920 1659.1
1276930 1659.5
1276940 1660.5
1276950 1660.4
1276960 1660.4
1276970 1662.4
1276980 1666.0
1276990 1666.0
1277000 1670.1
1277010 1673.1
1277020 1673.1
1277030 1675.9
1277040 1677.6
1277050 1677.6
1277060 1679.1
1277070 1682.0
1277080 1682.0
1277090 1686.2
1277100 1689.7
1277110 1689.7
1277120 1692.1
1277130 1693.7
1277140 1693.7
1277150 1695.0
1277160 1695.3
1277170 1695.3
1277180 1696.2
1277190 1696.3
1277200 1696.3
1277210 1696.5
1277220 1700.0
1277230 1702.5
1277240 1702.5
1277250 1703.7
1277260 1705.0
1277270 1705.0
1277280 1706.0
1277290 1706.3
1277300 1706.3
1277310 1708.1
1277320 1709.8
1277330 1709.8
1277340 1710.9
1277350 1712.2
1277360 1712.2
1277370 1713.6
1277380 1714.8
1277390 1714.8
1277400 1715.4
1277410 1715.8
1277420 1715.8
1277430 1713.0
1277440 1710.0
1277450 1710.0
1277460 1708.0
1277470 1707.7
1277480 1707.7
1277490 1710.6
1277500 1715.3
1277510 1719.2
1277520 1719.2
1277530 1721.7
1277540 1723.2
1277550 1723.2
1277560 1723.1
1277570 1724.1
1277580 1724.1
1277590 1725.0
1277600 1724.0
1277610 1724.0
1277620 1720.2
1277630 1718.9
1277640 1718.9
1277650 1719.2
1277660 1719.4
1277670 1719.4
1277680 1720.0
1277690 1721.4
1277700 1721.4
1277710 1723.3
1277720 1725.8
1277730 1725.8
1277740 1728.6
1277750 1731.7
1277760 1731.7
1277770 1735.1
1277780 1738.7
1277790 1741.7
1277800 1741.7
1277810 1744.6
1277820 1747.0
1277830 1747.0
1277840 1749.6
1277850 1752.5
1277860 1752.5
1277870 1755.8
1277880 1759.2
1277890 1759.2
1277900 1762.6
1277910 1765.9
1277920 1765.9
1277930 1768.4
1277940 1769.6
1277950 1769.6
1277960 1768.4
1277970 1765.4
1277980 1765.4
1277990 1763.5
1278000 1763.2
1278010 1763.2
1278020 1763.5
1278030 1764.9
1278040 1764.9
1278050 1766.6
1278060 1768.8
1278070 1768.8
1278080 1770.9
1278090 1772.2
1278100 1773.2
1278110 1773.2
1278120 1774.7
1278130 1776.7
1278140 1776.7
1278150 1778.0
1278160 1779.2
1278170 1779.2
1278180 1779.1
1278190 1781.6
1278200 1781.6
1278210 1784.0
1278220 1786.2
1278230 1786.2
1278240 1787.9
1278250 1788.9
1278260 1788.9
1278270 1789.6
1278280 1790.8
1278290 1790.8
1278300 1791.9
1278310 1792.7
1278320 1792.7
1278330 1794.2
1278340 1795.9
1278350 1795.9
1278360 1797.8
1278370 1800.1
1278380 1802.7
1278390 1802.7
1278400 1805.4
1278410 1807.3
1278420 1807.3
1278430 1808.6
1278440 1810.1
1278450 1810.1
1278460 1812.4
1278470 1814.8
1278480 1814.8
1278490 1816.7
1278500 1818.2
1278510 1818.2
1278520 1820.6
1278530 1824.0
1278540 1824.0
1278550 1827.1
1278560 1829.9
1278570 1829.9
1278580 1832.9
1278590 1837.0
1278600 1837.0
1278610 1840.2
1278620 1841.8
1278630 1841.8
1278640 1843.6
1278650 1847.9
1278660 1848.8
1278670 1848.8
1278680 1844.5
1278690 1840.5
1278700 1840.5
1278710 1838.3
1278720 1839.4
1278730 1839.4
1278740 1847.3
1278750 1855.7
1278760 1855.7
1278770 1863.1
1278780 1868.7
1278790 1868.7
1278800 1863.4
1278810 1867.4
1278820 1867.4
1278830 1870.9
1278840 1874.7
1278850 1874.7
1278860 1878.7
1278870 1881.5
1278880 1881.5
1278890 1884.3
1278900 1887.5
1278910 1887.5
1278920 1891.2
1278930 1894.2
1278940 1894.2
1278950 1895.9
1278960 1897.5
1278970 1898.8
1278980 1898.8
1278990 1898.8
1279000 1896.6
1279010 1896.6
1279020 1902.5
1279030 1904.8
1279040 1904.8
1279050 1900.9
1279060 1905.9
1279070 1905.9
1279080 1910.3
1279090 1912.3
1279100 1912.3
1279110 1914.2
1279120 1912.6
1279130 1912.6
1279140 1908.8
1279150 1905.1
1279160 1905.1
1279170 1903.8
1279180 1906.8
1279190 1906.8
1279200 1912.4
1279210 1919.5
1279220 1919.5
1279230 1925.8
1279240 1929.6
1279250 1932.7
1279260 1932.7
1279270 1935.8
1279280 1939.2
1279290 1939.2
1279300 1941.5
1279310 1943.5
1279320 1943.5
1279330 1945.0
1279340 1947.7
1279350 1947.7
1279360 1950.1
1279370 1953.8
1279380 1953.8
1279390 1955.3
1279400 1955.6
1279410 1955.6
1279420 1950.9
1279430 1951.8
1279440 1951.8
1279450 1953.7
1279460 1955.1
1279470 1955.1
1279480 1956.5
1279490 1958.0
1279500 1958.0
1279510 1958.3
1279520 1962.0
1279530 1965.5
1279540 1965.5
1279550 1966.4
1279560 1968.0
1279570 1968.0
1279580 1970.0
1279590 1972.6
1279600 1972.6
1279610 1975.9
1279620 1978.6
1279630 1978.6
1279640 1981.2
1279650 1983.6
1279660 1983.6
1279670 1985.5
1279680 1987.4
1279690 1987.4
1279700 1989.5
1279710 1991.5
1279720 1991.5
1279730 1992.6
1279740 1993.0
1279750 1993.0
1279760 1992.7
1279770 1988.1
1279780 1988.1
1279790 1982.5
1279800 1979.8
1279810 1977.6
1279820 1977.6
1279830 1978.2
1279840 1976.7
1279850 1976.7
1279860 1973.3
1279870 1967.4
1279880 1967.4
1279890 1962.3
1279900 1959.5
1279910 1959.5
1279920 1956.2
1279930 1955.2
1279940 1955.2
1279950 1954.6
1279960 1956.5
1279970 1956.5
1279980 1953.4
1279990 1950.7
