1260000 1128.3
1260010 1129.2
1260020 1130.8
1260030 1133.0
1260040 1133.0
1260050 1136.0
1260060 1139.9
1260070 1139.9
1260080 1141.3
1260090 1140.8
1260100 1140.8
1260110 1143.0
1260120 1145.7
1260130 1145.7
1260140 1148.2
1260150 1150.9
1260160 1150.9
1260170 1154.1
1260180 1157.8
1260190 1157.8
1260200 1162.4
1260210 1167.6
1260220 1167.6
1260230 1173.8
1260240 1180.7
1260250 1180.7
1260260 1185.5
1260270 1187.8
1260280 1187.8
1260290 1190.0
1260300 1192.0
1260310 1193.7
1260320 1193.7
1260330 1195.2
1260340 1196.9
1260350 1196.9
1260360 1198.4
1260370 1199.7
1260380 1199.7
1260390 1201.1
1260400 1202.3
1260410 1202.3
1260420 1203.3
1260430 1204.4
1260440 1204.4
1260450 1206.0
1260460 1207.8
1260470 1207.8
1260480 1210.3
1260490 1212.2
1260500 1212.2
1260510 1214.9
1260520 1217.3
1260530 1217.3
1260540 1219.2
1260550 1221.1
1260560 1221.1
1260570 1223.9
1260580 1226.5
1260590 1226.5
1260600 1228.4
1260610 1230.8
1260620 1233.7
1260630 1233.7
1260640 1236.4
1260650 1239.6
1260660 1240.1
1260670 1243.7
1260680 1246.7
1260690 1246.7
1260700 1249.9
1260710 1255.1
1260720 1255.1
1260730 1259.9
1260740 1264.0
1260750 1264.0
1260760 1269.2
1260770 1274.9
1260780 1274.9
1260790 1280.3
1260800 1284.3
1260810 1284.3
1260820 1289.3
1260830 1294.5
1260840 1294.5
1260850 1299.7
1260860 1304.8
1260870 1304.8
1260880 1310.7
1260890 1316.4
1260900 1322.0
1260910 1322.0
1260920 1326.2
1260930 1330.3
1260940 1330.3
1260950 1335.0
1260960 1339.5
1260970 1339.5
1260980 1343.5
1260990 1347.4
1261000 1347.4
1261010 1351.6
1261020 1357.0
1261030 1357.0
1261040 1362.3
1261050 1367.1
1261060 1367.1
1261070 1372.9
1261080 1377.8
1261090 1377.8
1261100 1381.9
1261110 1385.2
1261120 1385.2
1261130 1388.3
1261140 1392.0
1261150 1392.0
1261160 1394.9
1261170 1397.6
1261180 1400.0
1261190 1400.0
1261200 1402.5
1261210 1406.4
1261220 1406.4
1261230 1407.5
1261240 1411.6
1261250 1411.6
1261260 1415.8
1261270 1419.3
1261280 1419.3
1261290 1421.7
1261300 1423.0
1261310 1423.0
1261320 1424.4
1261330 1426.7
1261340 1426.7
1261350 1428.5
1261360 1428.1
1261370 1428.1
1261380 1426.3
1261390 1424.5
1261400 1424.5
1261410 1422.6
1261420 1419.6
1261430 1419.6
1261440 1415.8
1261450 1414.8
1261460 1414.3
1261470 1414.3
1261480 1413.9
1261490 1416.1
1261500 1416.1
1261510 1420.8
1261520 1422.5
1261530 1422.5
1261540 1422.3
1261550 1423.2
1261560 1423.2
1261570 1424.4
1261580 1425.7
1261590 1425.7
1261600 1428.6
1261610 1433.2
1261620 1433.2
1261630 1439.6
1261640 1445.5
1261650 1445.5
1261660 1453.2
1261670 1461.4
1261680 1461.4
1261690 1465.6
1261700 1469.6
1261710 1469.6
1261720 1473.4
1261730 1477.8
1261740 1477.8
1261750 1482.7
1261760 1486.7
1261770 1490.7
1261780 1490.7
1261790 1495.7
1261800 1494.8
1261810 1494.8
1261820 1497.1
1261830 1498.1
1261840 1498.1
1261850 1500.0
1261860 1502.3
1261870 1502.3
1261880 1503.7
1261890 1503.9
1261900 1503.9
1261910 1504.3
1261920 1505.8
1261930 1505.8
1261940 1509.0
1261950 1512.9
1261960 1512.9
1261970 1518.3
1261980 1528.9
1261990 1528.9
1262000 1542.1
1262010 1547.7
1262020 1547.7
1262030 1547.2
1262040 1552.9
1262050 1560.0
1262060 1560.0
1262070 1565.7
1262080 1569.1
1262090 1569.1
1262100 1573.8
1262110 1582.0
1262120 1582.0
1262130 1587.8
1262140 1593.8
1262150 1593.8
1262160 1601.4
1262170 1609.7
1262180 1609.7
1262190 1618.3
1262200 1628.8
1262210 1628.8
1262220 1639.6
1262230 1647.7
1262240 1647.7
1262250 1655.1
1262260 1661.3
1262270 1661.3
1262280 1664.5
1262290 1665.7
1262300 1665.7
1262310 1667.4
1262320 1670.5
1262330 1674.3
1262340 1674.3
1262350 1678.8
1262360 1683.6
1262370 1695.0
1262380 1698.2
1262390 1703.0
1262400 1703.0
1262410 1708.1
1262420 1713.4
1262430 1713.4
1262440 1717.6
1262450 1721.9
1262460 1721.9
1262470 1729.0
1262480 1740.5
1262490 1740.5
1262500 1749.5
1262510 1756.6
1262520 1756.6
1262530 1764.2
1262540 1772.6
1262550 1772.6
1262560 1776.3
1262570 1779.7
1262580 1779.7
1262590 1783.2
1262600 1785.7
1262610 1785.7
1262620 1789.7
1262630 1794.2
1262640 1799.5
1262650 1799.5
1262660 1806.5
1262670 1810.4
1262680 1810.4
1262690 1817.8
1262700 1831.6
1262710 1831.6
1262720 1843.1
1262730 1851.0
1262740 1851.0
1262750 1855.8
1262760 1857.9
1262770 1857.9
1262780 1860.0
1262790 1863.1
1262800 1863.1
1262810 1866.2
1262820 1870.6
1262830 1870.6
1262840 1873.3
1262850 1878.9
1262860 1878.9
1262870 1882.6
1262880 1886.5
1262890 1886.5
1262900 1889.9
1262910 1893.1
1262920 1896.8
1262930 1896.8
1262940 1900.2
1262950 1909.2
1262960 1909.2
1262970 1912.4
1262980 1916.3
1262990 1916.3
1263000 1919.8
1263010 1923.2
1263020 1923.2
1263030 1927.0
1263040 1931.5
1263050 1931.5
1263060 1936.0
1263070 1942.0
1263080 1942.0
1263090 1949.4
1263100 1956.9
1263110 1956.9
1263120 1963.5
1263130 1970.6
1263140 1970.6
1263150 1979.0
1263160 1985.8
1263170 1985.8
1263180 1992.2
1263190 1997.8
1263200 2002.7
1263210 2002.7
1263220 2007.9
1263230 2013.5
1263240 2013.5
1263250 2018.8
1263260 2024.0
1263270 2024.0
1263280 2028.6
1263290 2033.2
1263300 2033.2
1263310 2038.1
1263320 2043.0
1263330 2043.0
1263340 2048.4
1263350 2053.8
1263360 2053.8
1263370 2059.1
1263380 2064.1
1263390 2064.1
1263400 2068.6
1263410 2072.3
1263420 2072.3
1263430 2076.9
1263440 2082.8
1263450 2082.8
1263460 2086.6
1263470 2088.8
1263480 2092.2
1263490 2092.2
1263500 2096.3
1263510 2100.2
1263520 2109.1
1263530 2113.7
1263540 2124.6
1263550 2124.6
1263560 2133.2
1263570 2135.4
1263580 2135.4
1263590 2136.5
1263600 2136.0
1263610 2136.0
1263620 2128.8
1263630 2120.7
1263640 2120.7
1263650 2116.6
1263660 2116.1
1263670 2116.1
1263680 2116.8
1263690 2117.7
1263700 2117.7
1263710 2109.1
1263720 2098.9
1263730 2098.9
1263740 2094.9
1263750 2087.7
1263760 2087.7
1263770 2084.7
1263780 2082.9
1263790 2081.6
1263800 2081.6
1263810 2080.4
1263820 2084.5
1263830 2084.5
1263840 2080.8
1263850 2084.1
1263860 2084.1
1263870 2081.2
1263880 2076.1
1263890 2076.1
1263900 2071.9
1263910 2068.2
1263920 2068.2
1263930 2062.3
1263940 2061.9
1263950 2061.9
1263960 2071.1
1263970 2073.8
1263980 2073.8
1263990 2071.9
1264000 2070.8
1264010 2070.8
1264020 2068.2
1264030 2063.6
1264040 2063.6
1264050 2060.2
1264060 2060.4
1264070 2061.2
1264080 2061.2
1264090 2063.1
1264100 2058.1
1264110 2058.1
1264120 2058.2
1264130 2059.3
1264140 2059.3
1264150 2060.5
1264160 2060.7
1264170 2060.7
1264180 2061.0
1264190 2063.4
1264200 2063.4
1264210 2067.7
1264220 2069.9
1264230 2069.9
1264240 2071.7
1264250 2073.4
1264260 2073.4
1264270 2076.4
1264280 2077.1
1264290 2077.1
1264300 2077.4
1264310 2078.1
1264320 2078.1
1264330 2080.0
1264340 2082.6
1264350 2084.5
1264360 2084.5
1264370 2084.9
1264380 2085.1
1264390 2085.1
1264400 2085.6
1264410 2087.3
1264420 2087.3
1264430 2088.8
1264440 2090.6
1264450 2090.6
1264460 2092.8
1264470 2095.3
1264480 2095.3
1264490 2097.6
1264500 2098.5
1264510 2098.5
1264520 2098.5
1264530 2097.9
1264540 2097.9
1264550 2098.6
1264560 2100.5
1264570 2100.5
1264580 2102.8
1264590 2104.7
1264600 2104.7
1264610 2106.0
1264620 2106.4
1264630 2107.0
1264640 2107.0
1264650 2107.8
1264660 2108.6
1264670 2108.6
1264680 2104.9
1264690 2103.5
1264700 2103.5
1264710 2103.5
1264720 2103.1
1264730 2103.1
1264740 2103.1
1264750 2102.8
1264760 2102.8
1264770 2102.8
1264780 2103.1
1264790 2103.1
1264800 2102.8
1264810 2103.4
1264820 2103.4
1264830 2104.4
1264840 2105.8
1264850 2105.8
1264860 2107.3
1264870 2109.6
1264880 2109.6
1264890 2112.3
1264900 2114.2
1264910 2114.2
1264920 2115.9
1264930 2117.1
1264940 2117.7
1264950 2117.7
1264960 2118.6
1264970 2119.7
1264980 2119.7
1264990 2121.1
1265000 2123.4
1265010 2123.4
1265020 2125.9
1265030 2128.0
1265040 2128.0
1265050 2128.5
1265060 2127.4
1265070 2127.4
1265080 2124.7
1265090 2122.0
1265100 2122.0
1265110 2120.3
1265120 2118.9
1265130 2118.9
1265140 2118.3
1265150 2118.1
1265160 2118.1
1265170 2117.9
1265180 2118.4
1265190 2118.4
1265200 2119.9
1265210 2121.4
1265220 2122.3
1265230 2122.3
1265240 2123.4
1265250 2124.5
1265260 2123.5
1265270 2125.0
1265280 2127.0
1265290 2127.0
1265300 2129.3
1265310 2131.6
1265320 2131.6
1265330 2134.0
1265340 2135.9
1265350 2135.9
1265360 2137.5
1265370 2139.1
1265380 2139.1
1265390 2141.0
1265400 2143.4
1265410 2143.4
1265420 2146.4
1265430 2149.6
1265440 2149.6
1265450 2152.9
1265460 2156.0
1265470 2156.0
1265480 2159.0
1265490 2162.4
1265500 2165.9
1265510 2165.9
1265520 2169.9
1265530 2174.4
1265540 2174.4
1265550 2179.3
1265560 2184.6
1265570 2184.6
1265580 2190.0
1265590 2195.6
1265600 2195.6
1265610 2201.4
1265620 2206.8
1265630 2206.8
1265640 2212.1
1265650 2217.4
1265660 2217.4
1265670 2222.4
1265680 2227.5
1265690 2227.5
1265700 2232.7
1265710 2238.0
1265720 2238.0
1265730 2243.5
1265740 2249.1
1265750 2249.1
1265760 2255.1
1265770 2261.2
1265780 2267.6
1265790 2267.6
1265800 2274.1
1265810 2280.7
1265820 2280.7
1265830 2287.4
1265840 2290.7
1265850 2290.7
1265860 2296.7
1265870 2302.8
1265880 2302.8
1265890 2309.1
1265900 2315.7
1265910 2315.7
1265920 2322.6
1265930 2329.6
1265940 2329.6
1265950 2336.9
1265960 2345.6
1265970 2345.6
1265980 2357.1
1265990 2375.0
1266000 2375.0
1266010 2382.2
1266020 2389.3
1266030 2389.3
1266040 2396.3
1266050 2403.1
1266060 2403.1
1266070 2410.0
1266080 2417.0
1266090 2424.0
1266100 2424.0
1266110 2430.8
1266120 2437.7
1266130 2437.7
1266140 2444.6
1266150 2451.9
1266160 2451.9
1266170 2459.8
1266180 2469.3
1266190 2469.3
1266200 2479.6
1266210 2491.5
1266220 2491.5
1266230 2508.8
1266240 2526.5
1266250 2526.5
1266260 2540.8
1266270 2551.2
1266280 2551.2
1266290 2560.8
1266300 2569.8
1266310 2569.8
1266320 2579.0
1266330 2587.3
1266340 2587.3
1266350 2584.5
1266360 2573.8
1266370 2566.9
1266380 2566.9
1266390 2566.2
1266400 2571.7
1266410 2571.7
1266420 2561.6
1266430 2554.0
1266440 2554.0
1266450 2541.6
1266460 2529.7
1266470 2529.7
1266480 2515.5
1266490 2501.4
1266500 2501.4
1266510 2487.5
1266520 2480.3
1266530 2480.3
1266540 2478.2
1266550 2474.9
1266560 2474.9
1266570 2477.6
1266580 2480.2
1266590 2480.2
1266600 2474.7
1266610 2466.4
1266620 2466.4
1266630 2459.5
1266640 2453.3
1266650 2455.9
1266660 2455.9
1266670 2462.6
1266680 2463.8
1266690 2463.8
1266700 2465.1
1266710 2466.2
1266720 2466.2
1266730 2464.7
1266740 2453.5
1266750 2453.5
1266760 2444.1
1266770 2449.3
1266780 2449.3
1266790 2451.1
1266800 2447.3
1266810 2447.3
1266820 2442.4
1266830 2433.0
1266840 2433.0
1266850 2423.2
1266860 2419.1
1266870 2419.1
1266880 2416.9
1266890 2407.6
1266900 2407.6
1266910 2396.1
1266920 2389.4
1266930 2389.4
1266940 2390.5
1266950 2395.4
1266960 2390.0
1266970 2390.0
1266980 2374.9
1266990 2356.8
1267000 2356.8
1267010 2317.0
1267020 2303.7
1267030 2303.7
1267040 2272.3
1267050 2264.7
1267060 2264.7
1267070 2273.5
1267080 2278.1
1267090 2278.1
1267100 2277.7
1267110 2268.2
1267120 2268.2
1267130 2263.8
1267140 2264.5
1267150 2264.5
1267160 2264.8
1267170 2266.4
1267180 2266.4
1267190 2268.5
1267200 2272.6
1267210 2272.6
1267220 2275.6
1267230 2279.2
1267240 2284.8
1267250 2284.8
1267260 2291.3
1267270 2301.2
1267280 2301.2
1267290 2313.1
1267300 2320.6
1267310 2320.6
1267320 2327.3
1267330 2338.2
1267340 2338.2
1267350 2354.5
1267360 2366.7
1267370 2366.7
1267380 2376.7
1267390 2385.9
1267400 2385.9
1267410 2393.2
1267420 2382.0
1267430 2382.0
1267440 2369.2
1267450 2354.7
1267460 2354.7
1267470 2338.5
1267480 2327.3
1267490 2327.3
1267500 2312.9
1267510 2297.7
1267520 2274.0
1267530 2274.0
1267540 2255.5
1267550 2240.3
1267560 2240.3
1267570 2225.1
1267580 2212.5
1267590 2220.7
1267600 2213.7
1267610 2208.1
1267620 2208.1
1267630 2198.9
1267640 2194.3
1267650 2194.3
1267660 2174.8
1267670 2153.7
1267680 2153.7
1267690 2141.9
1267700 2128.7
1267710 2128.7
1267720 2112.8
1267730 2095.7
1267740 2095.7
1267750 2078.9
1267760 2067.8
1267770 2067.8
1267780 2065.0
1267790 2056.9
1267800 2051.1
1267810 2051.1
1267820 2042.4
1267830 2029.6
1267840 2029.6
1267850 2023.7
1267860 2017.3
1267870 2017.3
1267880 2003.9
1267890 1991.8
1267900 1991.8
1267910 1971.4
1267920 1962.1
1267930 1962.1
1267940 1957.1
1267950 1951.1
1267960 1951.1
1267970 1947.3
1267980 1944.2
1267990 1944.2
1268000 1940.8
1268010 1937.5
1268020 1937.5
1268030 1935.9
1268040 1934.5
1268050 1934.5
1268060 1932.1
1268070 1928.3
1268080 1928.3
1268090 1924.3
1268100 1921.0
1268110 1916.8
1268120 1916.8
1268130 1912.1
1268140 1907.0
1268150 1907.0
1268160 1901.5
1268170 1897.0
1268180 1902.7
1268190 1898.7
1268200 1894.5
1268210 1894.5
1268220 1889.9
1268230 1885.3
1268240 1885.3
1268250 1880.8
1268260 1876.5
1268270 1876.5
1268280 1872.0
1268290 1867.4
1268300 1867.4
1268310 1862.7
1268320 1857.9
1268330 1857.9
1268340 1852.8
1268350 1848.8
1268360 1848.8
1268370 1845.4
1268380 1842.8
1268390 1840.5
1268400 1840.5
1268410 1837.4
1268420 1833.0
1268430 1833.0
1268440 1828.7
1268450 1825.5
1268460 1825.5
1268470 1822.8
1268480 1820.4
1268490 1820.4
1268500 1819.1
1268510 1818.6
1268520 1818.6
1268530 1819.2
1268540 1820.1
1268550 1820.1
1268560 1821.6
1268570 1822.6
1268580 1822.6
1268590 1823.3
1268600 1825.0
1268610 1825.0
1268620 1826.4
1268630 1828.2
1268640 1828.2
1268650 1829.5
1268660 1830.4
1268670 1830.6
1268680 1830.6
1268690 1831.3
1268700 1832.2
1268710 1832.2
1268720 1833.0
1268730 1833.4
1268740 1833.4
1268750 1833.3
1268760 1833.2
1268770 1839.4
1268780 1839.5
1268790 1839.9
1268800 1839.9
1268810 1840.6
1268820 1841.6
1268830 1841.6
1268840 1842.8
1268850 1844.3
1268860 1844.3
1268870 1845.7
1268880 1846.8
1268890 1846.8
1268900 1847.2
1268910 1847.5
1268920 1847.5
1268930 1847.6
1268940 1847.5
1268950 1846.0
1268960 1846.0
1268970 1844.6
1268980 1843.9
1268990 1843.9
1269000 1843.4
1269010 1842.9
1269020 1842.9
1269030 1842.7
1269040 1843.3
1269050 1843.3
1269060 1844.2
1269070 1845.1
1269080 1845.1
1269090 1845.4
1269100 1846.0
1269110 1846.0
1269120 1846.6
1269130 1847.2
1269140 1847.2
1269150 1848.5
1269160 1850.2
1269170 1850.2
1269180 1851.8
1269190 1853.6
1269200 1853.6
1269210 1856.0
1269220 1858.1
1269230 1858.1
1269240 1859.1
1269250 1859.7
1269260 1860.7
1269270 1860.7
1269280 1860.7
1269290 1860.9
1269300 1860.9
1269310 1861.1
1269320 1861.7
1269330 1861.7
1269340 1862.5
1269350 1864.9
1269360 1866.8
1269370 1869.6
1269380 1871.1
1269390 1871.1
1269400 1872.4
1269410 1874.2
1269420 1874.2
1269430 1876.4
1269440 1879.0
1269450 1879.0
1269460 1881.7
1269470 1884.5
1269480 1884.5
1269490 1887.8
1269500 1891.2
1269510 1891.2
1269520 1894.0
1269530 1896.5
1269540 1899.5
1269550 1899.5
1269560 1902.9
1269570 1906.0
1269580 1906.0
1269590 1909.4
1269600 1913.1
1269610 1913.1
1269620 1917.9
1269630 1922.7
1269640 1922.7
1269650 1926.9
1269660 1929.7
1269670 1929.7
1269680 1932.3
1269690 1935.0
1269700 1935.0
1269710 1938.1
1269720 1941.5
1269730 1941.5
1269740 1945.0
1269750 1948.8
1269760 1948.8
1269770 1952.6
1269780 1956.6
1269790 1956.6
1269800 1960.5
1269810 1964.3
1269820 1968.0
1269830 1968.0
1269840 1970.7
1269850 1972.2
1269860 1972.2
1269870 1973.4
1269880 1975.6
1269890 1975.6
1269900 1978.3
1269910 1982.1
1269920 1982.1
1269930 1986.5
1269940 1990.8
1269950 1993.3
1269960 1997.4
1269970 2002.4
1269980 2002.4
1269990 2007.8
1270000 2013.3
1270010 2013.3
1270020 2019.1
1270030 2025.1
1270040 2025.1
1270050 2025.5
1270060 2018.2
1270070 2018.2
1270080 2010.0
1270090 2002.6
1270100 1997.2
1270110 1997.2
1270120 1993.7
1270130 1991.8
1270140 1991.8
1270150 1990.2
1270160 1988.5
1270170 1988.5
1270180 1987.2
1270190 1985.9
1270200 1985.9
1270210 1985.2
1270220 1984.9
1270230 1984.9
1270240 1984.3
1270250 1983.0
1270260 1983.0
1270270 1981.7
1270280 1981.3
1270290 1981.3
1270300 1980.2
1270310 1981.1
1270320 1981.1
1270330 1982.9
1270340 1983.7
1270350 1983.7
1270360 1984.1
1270370 1984.8
1270380 1984.8
1270390 1985.9
1270400 1987.2
1270410 1987.9
1270420 1987.9
1270430 1987.9
1270440 1987.6
1270450 1987.6
1270460 1987.4
1270470 1986.4
1270480 1986.4
1270490 1984.2
1270500 1981.9
1270510 1981.9
1270520 1979.4
1270530 1978.5
1270540 1978.5
1270550 1976.6
1270560 1977.7
1270570 1977.7
1270580 1978.7
1270590 1979.0
1270600 1979.0
1270610 1978.6
1270620 1979.1
1270630 1979.1
1270640 1980.4
1270650 1981.2
1270660 1981.2
1270670 1982.2
1270680 1983.3
1270690 1984.1
1270700 1984.1
1270710 1984.3
1270720 1984.1
1270730 1984.1
1270740 1983.9
1270750 1983.6
1270760 1983.6
1270770 1983.8
1270780 1984.8
1270790 1984.8
1270800 1987.4
1270810 1983.5
1270820 1983.5
1270830 1978.8
1270840 1980.9
1270850 1980.9
1270860 1984.9
1270870 1982.8
1270880 1982.8
1270890 1979.0
1270900 1976.2
1270910 1976.2
1270920 1974.5
1270930 1973.5
1270940 1973.5
1270950 1973.0
1270960 1972.0
1270970 1970.1
1270980 1970.1
1270990 1968.3
1271000 1966.0
1271010 1966.0
1271020 1964.9
1271030 1965.0
1271040 1965.0
1271050 1966.1
1271060 1966.8
1271070 1966.8
1271080 1965.7
1271090 1967.5
1271100 1967.5
1271110 1968.7
1271120 1969.9
1271130 1969.9
1271140 1970.9
1271150 1967.7
1271160 1967.7
1271170 1966.8
1271180 1965.4
1271190 1965.4
1271200 1962.8
1271210 1960.2
1271220 1960.2
1271230 1958.2
1271240 1957.0
1271250 1956.3
1271260 1956.3
1271270 1955.3
1271280 1953.6
1271290 1953.6
1271300 1952.5
1271310 1950.5
1271320 1950.5
1271330 1950.1
1271340 1949.9
1271350 1949.9
1271360 1950.4
1271370 1949.9
1271380 1949.9
1271390 1950.1
1271400 1949.7
1271410 1949.7
1271420 1948.4
1271430 1946.9
1271440 1946.9
1271450 1945.4
1271460 1943.4
1271470 1943.4
1271480 1941.2
1271490 1938.4
1271500 1938.4
1271510 1937.3
1271520 1934.8
1271530 1934.8
1271540 1933.0
1271550 1930.7
1271560 1929.8
1271570 1929.8
1271580 1930.0
1271590 1927.5
1271600 1927.5
1271610 1924.4
1271620 1921.5
1271630 1921.5
1271640 1919.6
1271650 1917.1
1271660 1917.1
1271670 1913.3
1271680 1909.5
1271690 1909.5
1271700 1905.8
1271710 1901.3
1271720 1901.3
1271730 1896.0
1271740 1886.8
1271750 1886.8
1271760 1881.0
1271770 1875.9
1271780 1875.9
1271790 1871.5
1271800 1867.6
1271810 1867.6
1271820 1862.0
1271830 1853.8
1271840 1845.8
1271850 1845.8
1271860 1838.0
1271870 1831.0
1271880 1831.0
1271890 1827.4
1271900 1825.0
1271910 1825.0
1271920 1821.9
1271930 1817.6
1271940 1817.6
1271950 1811.1
1271960 1803.9
1271970 1803.9
1271980 1797.2
1271990 1793.9
1272000 1793.9
1272010 1789.9
1272020 1784.7
1272030 1784.7
1272040 1780.5
1272050 1777.4
1272060 1777.4
1272070 1772.7
1272080 1766.0
1272090 1766.0
1272100 1758.7
1272110 1751.2
1272120 1744.2
1272130 1744.2
1272140 1738.4
1272150 1735.0
1272160 1735.0
1272170 1732.6
1272180 1730.0
1272190 1730.0
1272200 1727.6
1272210 1725.2
1272220 1725.2
1272230 1722.9
1272240 1720.9
1272250 1720.9
1272260 1719.7
1272270 1717.6
1272280 1717.6
1272290 1713.9
1272300 1711.7
1272310 1711.7
1272320 1707.6
1272330 1705.2
1272340 1706.3
1272350 1705.4
1272360 1703.4
1272370 1703.4
1272380 1698.7
1272390 1691.7
1272400 1684.3
1272410 1684.3
1272420 1676.8
1272430 1669.8
1272440 1669.8
1272450 1664.5
1272460 1662.0
1272470 1662.0
1272480 1660.5
1272490 1658.5
1272500 1658.5
1272510 1656.5
1272520 1654.0
1272530 1654.0
1272540 1651.2
1272550 1648.6
1272560 1648.6
1272570 1646.1
1272580 1643.5
1272590 1643.5
1272600 1640.8
1272610 1637.9
1272620 1637.9
1272630 1635.5
1272640 1633.3
1272650 1633.3
1272660 1632.5
1272670 1633.3
1272680 1633.3
1272690 1634.1
1272700 1635.3
1272710 1636.8
1272720 1636.8
1272730 1638.7
1272740 1640.8
1272750 1640.8
1272760 1642.7
1272770 1644.5
1272780 1644.5
1272790 1646.4
1272800 1648.2
1272810 1648.2
1272820 1650.2
1272830 1652.5
1272840 1652.5
1272850 1654.3
1272860 1656.8
1272870 1656.8
1272880 1659.4
1272890 1662.0
1272900 1662.0
1272910 1665.1
1272920 1669.6
1272930 1669.6
1272940 1677.5
1272950 1685.1
1272960 1685.1
1272970 1692.7
1272980 1700.6
1272990 1708.1
1273000 1708.1
1273010 1714.8
1273020 1720.3
1273030 1720.3
1273040 1726.2
1273050 1731.7
1273060 1731.7
1273070 1736.7
1273080 1743.3
1273090 1743.3
1273100 1750.5
1273110 1756.5
1273120 1756.5
1273130 1760.5
1273140 1764.8
1273150 1764.8
1273160 1772.2
1273170 1779.5
1273180 1779.5
1273190 1787.8
1273200 1794.1
1273210 1794.1
1273220 1803.6
1273230 1815.1
1273240 1815.1
1273250 1821.2
1273260 1822.7
1273270 1823.5
1273280 1823.5
1273290 1823.9
1273300 1824.3
1273310 1824.3
1273320 1822.5
1273330 1816.4
1273340 1816.4
1273350 1809.7
1273360 1803.2
1273370 1803.2
1273380 1797.1
1273390 1792.3
1273400 1792.3
1273410 1788.7
1273420 1786.1
1273430 1786.1
1273440 1784.0
1273450 1780.7
1273460 1780.7
1273470 1776.7
1273480 1772.7
1273490 1772.7
1273500 1769.0
1273510 1765.9
1273520 1765.9
1273530 1762.7
1273540 1759.5
1273550 1753.4
1273560 1750.8
1273570 1748.8
1273580 1746.2
1273590 1746.2
1273600 1742.6
1273610 1739.5
1273620 1739.5
1273630 1736.5
1273640 1734.8
1273650 1734.8
1273660 1732.7
1273670 1731.9
1273680 1731.9
1273690 1731.9
1273700 1731.7
1273710 1731.7
1273720 1731.6
1273730 1731.6
1273740 1731.6
1273750 1732.2
1273760 1732.6
1273770 1732.6
1273780 1733.4
1273790 1735.6
1273800 1735.6
1273810 1739.0
1273820 1743.4
1273830 1743.4
1273840 1746.1
1273850 1746.3
1273860 1747.0
1273870 1747.0
1273880 1750.6
1273890 1751.8
1273900 1751.8
1273910 1748.3
1273920 1746.0
1273930 1746.0
1273940 1749.1
1273950 1755.1
1273960 1755.1
1273970 1762.6
1273980 1770.8
1273990 1770.8
1274000 1779.3
1274010 1787.8
1274020 1787.8
1274030 1795.4
1274040 1800.2
1274050 1800.2
1274060 1805.1
1274070 1810.5
1274080 1810.5
1274090 1815.1
1274100 1819.9
1274110 1819.9
1274120 1825.0
1274130 1830.2
1274140 1835.2
1274150 1839.8
1274160 1845.3
1274170 1848.7
1274180 1848.7
1274190 1845.6
1274200 1841.6
1274210 1841.6
1274220 1843.0
1274230 1832.5
1274240 1832.5
1274250 1821.1
1274260 1819.8
1274270 1819.8
1274280 1810.7
1274290 1799.7
1274300 1799.7
1274310 1791.6
1274320 1784.2
1274330 1784.2
1274340 1777.6
1274350 1770.7
1274360 1770.7
1274370 1764.0
1274380 1758.7
1274390 1758.7
1274400 1753.2
1274410 1747.6
1274420 1742.7
1274430 1742.7
1274440 1737.4
1274450 1731.2
1274460 1731.2
1274470 1724.9
1274480 1718.7
1274490 1718.7
1274500 1712.8
1274510 1707.0
1274520 1707.0
1274530 1701.5
1274540 1696.1
1274550 1696.1
1274560 1691.5
1274570 1688.3
1274580 1688.3
1274590 1684.9
1274600 1683.3
1274610 1683.3
1274620 1683.2
1274630 1684.5
1274640 1684.5
1274650 1685.7
1274660 1684.7
1274670 1684.7
1274680 1682.4
1274690 1679.3
1274700 1679.3
1274710 1678.1
1274720 1674.6
1274730 1671.3
1274740 1671.3
1274750 1668.1
1274760 1672.0
1274770 1672.0
1274780 1665.1
1274790 1668.5
1274800 1668.5
1274810 1675.7
1274820 1683.4
1274830 1683.4
1274840 1697.3
1274850 1706.4
1274860 1706.4
1274870 1712.7
1274880 1719.4
1274890 1719.4
1274900 1726.7
1274910 1733.2
1274920 1733.2
1274930 1735.7
1274940 1738.6
1274950 1738.6
1274960 1740.7
1274970 1741.6
1274980 1741.6
1274990 1742.4
1275000 1744.4
1275010 1748.7
1275020 1748.7
1275030 1755.5
1275040 1763.5
1275050 1763.5
1275060 1771.1
1275070 1779.0
1275080 1779.0
1275090 1786.4
1275100 1793.3
1275110 1793.3
1275120 1799.3
1275130 1804.2
1275140 1804.2
1275150 1808.6
1275160 1813.0
1275170 1813.0
1275180 1817.6
1275190 1822.5
1275200 1822.5
1275210 1827.0
1275220 1832.1
1275230 1832.1
1275240 1836.9
1275250 1841.9
1275260 1841.9
1275270 1847.5
1275280 1853.4
1275290 1859.0
1275300 1859.0
1275310 1864.1
1275320 1867.5
1275330 1867.5
1275340 1868.7
1275350 1863.8
1275360 1863.8
1275370 1855.5
1275380 1849.1
1275390 1849.1
1275400 1843.3
1275410 1836.7
1275420 1836.7
1275430 1838.0
1275440 1848.6
1275450 1848.6
1275460 1851.7
1275470 1849.9
1275480 1849.9
1275490 1840.3
1275500 1833.3
1275510 1833.3
1275520 1837.8
1275530 1843.6
1275540 1843.6
1275550 1848.0
1275560 1845.3
1275570 1841.8
1275580 1841.8
1275590 1838.8
1275600 1838.6
1275610 1838.6
1275620 1830.2
1275630 1819.4
1275640 1819.4
1275650 1807.2
1275660 1797.3
1275670 1797.3
1275680 1799.2
1275690 1801.0
1275700 1801.0
1275710 1802.6
1275720 1804.6
1275730 1804.6
1275740 1806.7
1275750 1809.8
1275760 1809.8
1275770 1807.0
1275780 1799.6
1275790 1799.6
1275800 1788.2
1275810 1781.4
1275820 1781.4
1275830 1775.3
1275840 1772.6
1275850 1772.6
1275860 1776.7
1275870 1780.9
1275880 1778.1
1275890 1778.1
1275900 1769.9
1275910 1761.0
1275920 1761.0
1275930 1757.0
1275940 1754.9
1275950 1754.9
1275960 1755.2
1275970 1752.2
1275980 1760.3
1275990 1757.7
1276000 1758.7
1276010 1758.7
1276020 1759.6
1276030 1757.9
1276040 1757.9
1276050 1751.2
1276060 1746.0
1276070 1746.0
1276080 1743.0
1276090 1739.7
1276100 1739.7
1276110 1732.3
1276120 1725.1
1276130 1725.1
1276140 1719.5
1276150 1716.6
1276160 1714.1
1276170 1714.1
1276180 1709.7
1276190 1705.9
1276200 1705.9
1276210 1703.2
1276220 1702.9
1276230 1702.9
1276240 1699.8
1276250 1693.6
1276260 1693.6
1276270 1685.9
1276280 1680.9
1276290 1680.9
1276300 1680.7
1276310 1680.3
1276320 1680.3
1276330 1679.0
1276340 1676.6
1276350 1676.6
1276360 1674.8
1276370 1673.2
1276380 1673.2
1276390 1671.3
1276400 1669.3
1276410 1669.3
1276420 1667.1
1276430 1664.9
1276440 1662.3
1276450 1662.3
1276460 1659.8
1276470 1656.8
1276480 1656.8
1276490 1654.5
1276500 1654.0
1276510 1654.0
1276520 1653.3
1276530 1651.4
1276540 1651.4
1276550 1649.3
1276560 1647.4
1276570 1647.4
1276580 1645.3
1276590 1648.1
1276600 1648.1
1276610 1647.5
1276620 1646.6
1276630 1646.6
1276640 1645.4
1276650 1645.3
1276660 1645.3
1276670 1644.5
1276680 1644.0
1276690 1644.0
1276700 1643.6
1276710 1643.3
1276720 1643.5
1276730 1643.5
1276740 1643.8
1276750 1644.1
1276760 1644.1
1276770 1644.3
1276780 1644.6
1276790 1644.6
1276800 1644.9
1276810 1645.1
1276820 1645.1
1276830 1645.4
1276840 1645.6
1276850 1645.6
1276860 1645.8
1276870 1646.0
1276880 1646.0
1276890 1646.4
1276900 1647.0
1276910 1647.0
1276920 1647.1
1276930 1647.3
1276940 1647.3
1276950 1647.5
1276960 1647.8
1276970 1647.8
1276980 1648.8
1276990 1650.4
1277000 1650.4
1277010 1651.2
1277020 1653.7
1277030 1655.9
1277040 1655.9
1277050 1657.3
1277060 1658.1
1277070 1658.1
1277080 1659.6
1277090 1662.4
1277100 1662.4
1277110 1666.1
1277120 1670.6
1277130 1670.6
1277140 1675.1
1277150 1679.1
1277160 1679.1
1277170 1682.6
1277180 1686.0
1277190 1686.0
1277200 1688.5
1277210 1692.3
1277220 1692.3
1277230 1696.0
1277240 1699.4
1277250 1699.4
1277260 1702.6
1277270 1705.5
1277280 1705.5
1277290 1708.4
1277300 1711.1
1277310 1714.1
1277320 1714.1
1277330 1717.1
1277340 1719.9
1277350 1719.9
1277360 1722.5
1277370 1724.9
1277380 1724.9
1277390 1727.0
1277400 1729.2
1277410 1729.2
1277420 1730.9
1277430 1732.4
1277440 1732.4
1277450 1733.5
1277460 1734.9
1277470 1734.9
1277480 1736.0
1277490 1737.1
1277500 1737.1
1277510 1738.1
1277520 1739.0
1277530 1739.0
1277540 1739.7
1277550 1740.6
1277560 1740.6
1277570 1743.1
1277580 1748.8
1277590 1755.0
1277600 1755.0
1277610 1759.9
1277620 1761.9
1277630 1761.9
1277640 1761.3
1277650 1759.2
1277660 1759.2
1277670 1757.1
1277680 1757.7
1277690 1757.7
1277700 1761.2
1277710 1764.3
1277720 1764.3
1277730 1766.9
1277740 1768.5
1277750 1768.5
1277760 1770.0
1277770 1770.7
1277780 1770.7
1277790 1772.2
1277800 1775.0
1277810 1775.0
1277820 1778.1
1277830 1778.3
1277840 1778.3
1277850 1776.9
1277860 1774.8
1277870 1773.4
1277880 1773.4
1277890 1772.4
1277900 1771.7
1277910 1771.7
1277920 1774.4
1277930 1776.7
1277940 1776.7
1277950 1778.3
1277960 1778.7
1277970 1778.7
1277980 1776.8
1277990 1776.9
1278000 1776.9
1278010 1776.8
1278020 1774.0
1278030 1774.0
1278040 1769.7
1278050 1765.9
1278060 1765.9
1278070 1762.6
1278080 1760.8
1278090 1760.8
1278100 1760.1
1278110 1761.2
1278120 1761.2
1278130 1763.3
1278140 1765.4
1278150 1765.4
1278160 1769.2
1278170 1771.3
1278180 1772.6
1278190 1772.6
1278200 1774.1
1278210 1775.6
1278220 1775.6
1278230 1777.2
1278240 1778.2
1278250 1778.2
1278260 1779.4
1278270 1780.5
1278280 1780.5
1278290 1781.6
1278300 1783.0
1278310 1783.0
1278320 1784.2
1278330 1784.7
1278340 1784.7
1278350 1785.3
1278360 1786.0
1278370 1786.0
1278380 1786.7
1278390 1787.4
1278400 1787.4
1278410 1788.0
1278420 1788.8
1278430 1788.8
1278440 1789.7
1278450 1790.4
1278460 1791.3
1278470 1791.3
1278480 1792.1
1278490 1793.0
1278500 1793.0
1278510 1793.8
1278520 1794.6
1278530 1794.6
1278540 1795.4
1278550 1796.3
1278560 1796.3
1278570 1797.2
1278580 1798.1
1278590 1798.1
1278600 1799.0
1278610 1800.4
1278620 1800.4
1278630 1804.0
1278640 1809.7
1278650 1809.7
1278660 1816.3
1278670 1823.7
1278680 1823.7
1278690 1829.1
1278700 1830.3
1278710 1830.3
1278720 1830.2
1278730 1830.3
1278740 1831.2
1278750 1831.2
1278760 1833.1
1278770 1835.4
1278780 1835.4
1278790 1837.7
1278800 1839.0
1278810 1839.0
1278820 1839.7
1278830 1841.1
1278840 1841.1
1278850 1842.6
1278860 1842.7
1278870 1842.7
1278880 1842.3
1278890 1842.3
1278900 1842.3
1278910 1843.1
1278920 1844.9
1278930 1844.9
1278940 1846.6
1278950 1848.2
1278960 1848.2
1278970 1850.0
1278980 1852.1
1278990 1852.1
1279000 1854.3
1279010 1855.1
1279020 1854.8
1279030 1854.8
1279040 1856.9
1279050 1861.9
1279060 1869.3
1279070 1875.2
1279080 1881.5
1279090 1881.5
1279100 1885.8
1279110 1888.0
1279120 1888.0
1279130 1888.6
1279140 1887.2
1279150 1887.2
1279160 1886.3
1279170 1888.4
1279180 1888.4
1279190 1890.6
1279200 1892.0
1279210 1892.0
1279220 1892.4
1279230 1894.9
1279240 1894.9
1279250 1897.9
1279260 1899.5
1279270 1899.5
1279280 1898.9
1279290 1899.6
1279300 1899.6
1279310 1901.4
1279320 1901.4
1279330 1899.8
1279340 1899.8
1279350 1900.9
1279360 1903.3
1279370 1903.3
1279380 1905.8
1279390 1907.9
1279400 1907.9
1279410 1909.6
1279420 1910.3
1279430 1910.3
1279440 1909.6
1279450 1909.1
1279460 1909.1
1279470 1909.7
1279480 1910.3
1279490 1910.3
1279500 1911.0
1279510 1913.0
1279520 1913.0
1279530 1915.3
1279540 1917.2
1279550 1917.2
1279560 1920.0
1279570 1923.3
1279580 1923.3
1279590 1926.6
1279600 1929.6
1279610 1932.5
1279620 1932.5
1279630 1934.7
1279640 1936.4
1279650 1936.4
1279660 1937.4
1279670 1938.1
1279680 1936.6
1279690 1936.1
1279700 1935.5
1279710 1935.5
1279720 1934.5
1279730 1935.3
1279740 1935.3
1279750 1934.7
1279760 1931.5
1279770 1931.5
1279780 1926.8
1279790 1921.4
1279800 1921.4
1279810 1915.5
1279820 1909.9
1279830 1909.9
1279840 1904.3
1279850 1899.6
1279860 1899.6
1279870 1897.5
1279880 1897.3
1279890 1897.6
1279900 1897.6
1279910 1897.2
1279920 1897.2
1279930 1897.2
1279940 1897.8
1279950 1898.1
1279960 1898.1
1279970 1898.5
1279980 1899.1
1279990 1899.1
