1260000 1158.4
1260010 1154.9
1260020 1148.8
1260030 1148.8
1260040 1144.5
1260050 1142.6
1260060 1142.6
1260070 1139.8
1260080 1135.1
1260090 1135.1
1260100 1131.9
1260110 1132.4
1260120 1132.4
1260130 1133.2
1260140 1133.2
1260150 1133.2
1260160 1133.6
1260170 1135.1
1260180 1134.8
1260190 1136.1
1260200 1137.6
1260210 1137.6
1260220 1140.1
1260230 1143.1
1260240 1143.1
1260250 1147.2
1260260 1152.2
1260270 1152.2
1260280 1157.7
1260290 1163.3
1260300 1163.3
1260310 1168.6
1260320 1175.4
1260330 1182.9
1260340 1182.9
1260350 1185.2
1260360 1186.0
1260370 1186.0
1260380 1186.8
1260390 1187.6
1260400 1187.6
1260410 1188.4
1260420 1189.2
1260430 1189.2
1260440 1190.2
1260450 1191.8
1260460 1191.8
1260470 1193.3
1260480 1194.8
1260490 1194.8
1260500 1196.2
1260510 1197.5
1260520 1197.5
1260530 1198.8
1260540 1200.8
1260550 1200.8
1260560 1203.5
1260570 1206.4
1260580 1206.4
1260590 1209.8
1260600 1212.9
1260610 1214.7
1260620 1214.7
1260630 1215.2
1260640 1216.7
1260650 1216.7
1260660 1220.4
1260670 1226.1
1260680 1226.1
1260690 1231.5
1260700 1235.6
1260710 1235.6
1260720 1239.5
1260730 1243.5
1260740 1240.8
1260750 1245.6
1260760 1250.3
1260770 1250.3
1260780 1254.2
1260790 1257.7
1260800 1257.7
1260810 1261.5
1260820 1265.0
1260830 1265.0
1260840 1267.0
1260850 1268.7
1260860 1268.7
1260870 1270.6
1260880 1272.5
1260890 1274.7
1260900 1274.7
1260910 1277.1
1260920 1279.5
1260930 1279.5
1260940 1282.5
1260950 1286.0
1260960 1286.0
1260970 1289.5
1260980 1292.9
1260990 1292.9
1261000 1295.7
1261010 1298.3
1261020 1298.3
1261030 1301.1
1261040 1304.9
1261050 1304.9
1261060 1308.9
1261070 1312.9
1261080 1312.9
1261090 1316.5
1261100 1320.2
1261110 1320.2
1261120 1324.0
1261130 1328.0
1261140 1328.0
1261150 1331.9
1261160 1335.6
1261170 1339.5
1261180 1339.5
1261190 1343.2
1261200 1346.9
1261210 1346.9
1261220 1351.2
1261230 1355.3
1261240 1355.3
1261250 1359.6
1261260 1364.3
1261270 1364.3
1261280 1369.5
1261290 1372.9
1261300 1372.9
1261310 1370.3
1261320 1372.6
1261330 1372.6
1261340 1374.8
1261350 1377.6
1261360 1377.6
1261370 1379.8
1261380 1378.4
1261390 1378.4
1261400 1374.2
1261410 1371.8
1261420 1371.8
1261430 1370.2
1261440 1367.4
1261450 1367.4
1261460 1366.0
1261470 1375.0
1261480 1383.0
1261490 1383.0
1261500 1389.4
1261510 1396.4
1261520 1396.4
1261530 1403.7
1261540 1410.5
1261550 1410.5
1261560 1416.0
1261570 1419.5
1261580 1419.5
1261590 1422.9
1261600 1427.3
1261610 1427.3
1261620 1431.5
1261630 1435.7
1261640 1435.7
1261650 1439.2
1261660 1440.5
1261670 1440.5
1261680 1441.1
1261690 1442.4
1261700 1442.4
1261710 1444.4
1261720 1446.3
1261730 1446.3
1261740 1447.2
1261750 1447.1
1261760 1447.8
1261770 1447.8
1261780 1450.1
1261790 1452.5
1261800 1452.5
1261810 1455.5
1261820 1459.5
1261830 1459.5
1261840 1464.3
1261850 1471.0
1261860 1471.0
1261870 1477.3
1261880 1482.8
1261890 1478.4
1261900 1483.1
1261910 1487.5
1261920 1487.5
1261930 1492.3
1261940 1496.0
1261950 1496.0
1261960 1499.1
1261970 1501.7
1261980 1501.7
1261990 1504.4
1262000 1507.6
1262010 1507.6
1262020 1511.6
1262030 1515.5
1262040 1519.3
1262050 1519.3
1262060 1524.1
1262070 1529.6
1262080 1529.6
1262090 1539.1
1262100 1552.4
1262110 1552.4
1262120 1565.7
1262130 1587.4
1262140 1587.4
1262150 1611.2
1262160 1616.7
1262170 1616.7
1262180 1624.9
1262190 1634.8
1262200 1634.8
1262210 1643.5
1262220 1650.3
1262230 1650.3
1262240 1656.6
1262250 1663.7
1262260 1663.7
1262270 1672.4
1262280 1682.2
1262290 1682.2
1262300 1689.5
1262310 1696.2
1262320 1702.6
1262330 1702.6
1262340 1708.3
1262350 1712.8
1262360 1712.8
1262370 1716.9
1262380 1722.0
1262390 1722.0
1262400 1728.3
1262410 1737.8
1262420 1737.8
1262430 1746.9
1262440 1754.2
1262450 1754.2
1262460 1760.7
1262470 1767.2
1262480 1767.2
1262490 1772.6
1262500 1778.4
1262510 1778.4
1262520 1784.9
1262530 1790.6
1262540 1790.6
1262550 1795.7
1262560 1800.4
1262570 1800.4
1262580 1805.3
1262590 1809.2
1262600 1809.2
1262610 1812.8
1262620 1817.3
1262630 1822.5
1262640 1822.5
1262650 1828.2
1262660 1833.7
1262670 1833.7
1262680 1839.9
1262690 1847.0
1262700 1847.0
1262710 1854.4
1262720 1862.0
1262730 1862.0
1262740 1868.9
1262750 1878.0
1262760 1878.0
1262770 1886.2
1262780 1893.0
1262790 1893.0
1262800 1899.9
1262810 1906.6
1262820 1906.6
1262830 1914.2
1262840 1924.1
1262850 1924.1
1262860 1933.3
1262870 1941.1
1262880 1941.1
1262890 1948.0
1262900 1953.0
1262910 1958.4
1262920 1958.4
1262930 1964.5
1262940 1971.7
1262950 1971.7
1262960 1979.2
1262970 1985.4
1262980 1985.4
1262990 1990.7
1263000 1996.4
1263010 1996.4
1263020 2003.2
1263030 2013.1
1263040 2013.1
1263050 2020.4
1263060 2027.7
1263070 2027.7
1263080 2034.8
1263090 2041.7
1263100 2041.7
1263110 2048.5
1263120 2056.1
1263130 2056.1
1263140 2063.5
1263150 2071.0
1263160 2071.0
1263170 2083.5
1263180 2092.9
1263190 2096.7
1263200 2096.7
1263210 2101.4
1263220 2108.7
1263230 2108.7
1263240 2115.7
1263250 2120.6
1263260 2120.6
1263270 2129.1
1263280 2135.5
1263290 2135.5
1263300 2128.0
1263310 2117.6
1263320 2117.6
1263330 2110.4
1263340 2098.1
1263350 2098.1
1263360 2082.7
1263370 2064.8
1263380 2064.8
1263390 2041.4
1263400 2025.3
1263410 2025.3
1263420 2019.3
1263430 2016.9
1263440 2016.9
1263450 2014.5
1263460 2012.8
1263470 2012.8
1263480 2012.4
1263490 2014.0
1263500 2017.1
1263510 2017.1
1263520 2023.9
1263530 2027.1
1263540 2027.1
1263550 2024.3
1263560 2010.3
1263570 2010.3
1263580 1997.7
1263590 1979.3
1263600 1979.3
1263610 1956.8
1263620 1955.1
1263630 1955.1
1263640 1954.7
1263650 1955.1
1263660 1955.1
1263670 1955.8
1263680 1957.4
1263690 1957.4
1263700 1958.6
1263710 1959.6
1263720 1959.6
1263730 1959.0
1263740 1957.8
1263750 1957.8
1263760 1956.6
1263770 1956.1
1263780 1955.4
1263790 1955.4
1263800 1954.9
1263810 1954.8
1263820 1954.8
1263830 1955.1
1263840 1955.8
1263850 1955.8
1263860 1956.5
1263870 1956.4
1263880 1956.4
1263890 1955.6
1263900 1956.9
1263910 1956.9
1263920 1958.7
1263930 1959.8
1263940 1959.8
1263950 1960.4
1263960 1960.6
1263970 1960.6
1263980 1962.5
1263990 1964.7
1264000 1964.7
1264010 1968.1
1264020 1970.9
1264030 1970.9
1264040 1972.8
1264050 1974.5
1264060 1976.7
1264070 1976.7
1264080 1979.0
1264090 1981.9
1264100 1981.9
1264110 1985.2
1264120 1988.1
1264130 1988.1
1264140 1992.1
1264150 1995.5
1264160 1995.5
1264170 1998.6
1264180 2001.9
1264190 1998.2
1264200 2001.6
1264210 2004.3
1264220 2004.3
1264230 2007.1
1264240 2009.9
1264250 2009.9
1264260 2013.2
1264270 2015.8
1264280 2015.8
1264290 2017.5
1264300 2019.1
1264310 2019.1
1264320 2020.0
1264330 2020.3
1264340 2021.9
1264350 2021.9
1264360 2024.8
1264370 2028.7
1264380 2028.7
1264390 2033.3
1264400 2037.8
1264410 2037.8
1264420 2042.5
1264430 2047.6
1264440 2047.6
1264450 2051.7
1264460 2054.2
1264470 2054.2
1264480 2055.9
1264490 2056.5
1264500 2056.5
1264510 2057.7
1264520 2061.6
1264530 2061.6
1264540 2064.0
1264550 2064.7
1264560 2064.7
1264570 2065.3
1264580 2067.9
1264590 2067.9
1264600 2071.5
1264610 2075.1
1264620 2075.1
1264630 2078.1
1264640 2079.7
1264650 2080.0
1264660 2080.0
1264670 2080.8
1264680 2081.6
1264690 2081.6
1264700 2082.4
1264710 2083.3
1264720 2083.3
1264730 2084.2
1264740 2084.6
1264750 2084.6
1264760 2084.9
1264770 2087.3
1264780 2087.3
1264790 2087.7
1264800 2088.2
1264810 2088.2
1264820 2088.6
1264830 2089.2
1264840 2089.2
1264850 2090.1
1264860 2091.3
1264870 2091.3
1264880 2092.8
1264890 2094.4
1264900 2094.4
1264910 2096.2
1264920 2098.8
1264930 2102.1
1264940 2102.1
1264950 2106.6
1264960 2111.2
1264970 2111.2
1264980 2116.8
1264990 2123.8
1265000 2123.8
1265010 2133.2
1265020 2141.8
1265030 2141.8
1265040 2146.0
1265050 2148.9
1265060 2148.9
1265070 2151.6
1265080 2153.3
1265090 2153.3
1265100 2153.9
1265110 2153.2
1265120 2153.2
1265130 2152.4
1265140 2151.9
1265150 2151.9
1265160 2151.7
1265170 2151.2
1265180 2151.2
1265190 2150.9
1265200 2151.4
1265210 2152.7
1265220 2152.7
1265230 2154.7
1265240 2157.0
1265250 2157.0
1265260 2159.3
1265270 2161.3
1265280 2161.3
1265290 2162.8
1265300 2164.3
1265310 2164.3
1265320 2166.2
1265330 2168.9
1265340 2168.9
1265350 2178.0
1265360 2181.5
1265370 2181.5
1265380 2184.9
1265390 2188.0
1265400 2188.0
1265410 2190.7
1265420 2193.1
1265430 2193.1
1265440 2195.1
1265450 2196.7
1265460 2196.7
1265470 2198.0
1265480 2199.3
1265490 2201.6
1265500 2201.6
1265510 2205.3
1265520 2209.8
1265530 2209.8
1265540 2214.6
1265550 2219.3
1265560 2219.3
1265570 2223.7
1265580 2227.7
1265590 2227.7
1265600 2231.2
1265610 2234.6
1265620 2234.6
1265630 2238.2
1265640 2242.2
1265650 2242.2
1265660 2246.2
1265670 2250.4
1265680 2250.4
1265690 2254.9
1265700 2259.7
1265710 2259.7
1265720 2264.4
1265730 2268.9
1265740 2268.9
1265750 2273.2
1265760 2277.2
1265770 2277.2
1265780 2281.0
1265790 2284.4
1265800 2289.2
1265810 2289.2
1265820 2295.4
1265830 2301.6
1265840 2301.6
1265850 2307.5
1265860 2312.8
1265870 2312.8
1265880 2318.1
1265890 2323.9
1265900 2323.9
1265910 2330.1
1265920 2336.6
1265930 2339.6
1265940 2346.2
1265950 2352.6
1265960 2352.6
1265970 2358.9
1265980 2365.5
1265990 2365.5
1266000 2372.3
1266010 2379.1
1266020 2379.1
1266030 2385.8
1266040 2392.9
1266050 2392.9
1266060 2400.4
1266070 2407.9
1266080 2415.3
1266090 2415.3
1266100 2425.9
1266110 2470.7
1266120 2470.7
1266130 2489.4
1266140 2509.1
1266150 2509.1
1266160 2524.9
1266170 2532.8
1266180 2532.8
1266190 2535.8
1266200 2543.6
1266210 2543.6
1266220 2552.6
1266230 2567.0
1266240 2567.0
1266250 2577.4
1266260 2585.8
1266270 2585.8
1266280 2590.3
1266290 2593.5
1266300 2593.5
1266310 2598.6
1266320 2602.2
1266330 2602.2
1266340 2596.9
1266350 2586.4
1266360 2572.9
1266370 2572.9
1266380 2556.9
1266390 2540.6
1266400 2540.6
1266410 2530.7
1266420 2519.7
1266430 2519.7
1266440 2507.2
1266450 2495.0
1266460 2495.0
1266470 2474.3
1266480 2441.3
1266490 2441.3
1266500 2428.2
1266510 2409.0
1266520 2409.0
1266530 2374.3
1266540 2351.9
1266550 2351.9
1266560 2332.0
1266570 2310.4
1266580 2310.4
1266590 2301.8
1266600 2294.7
1266610 2294.7
1266620 2291.6
1266630 2295.1
1266640 2295.1
1266650 2295.1
1266660 2280.7
1266670 2270.2
1266680 2270.2
1266690 2252.6
1266700 2241.6
1266710 2241.6
1266720 2235.2
1266730 2228.5
1266740 2228.5
1266750 2221.7
1266760 2215.0
1266770 2215.0
1266780 2208.5
1266790 2202.3
1266800 2202.3
1266810 2195.8
1266820 2189.3
1266830 2189.3
1266840 2182.7
1266850 2176.2
1266860 2176.2
1266870 2170.5
1266880 2166.1
1266890 2166.1
1266900 2162.5
1266910 2159.7
1266920 2159.7
1266930 2159.1
1266940 2161.0
1266950 2162.2
1266960 2162.2
1266970 2164.1
1266980 2166.6
1266990 2166.6
1267000 2169.0
1267010 2170.3
1267020 2170.3
1267030 2171.6
1267040 2172.8
1267050 2172.8
1267060 2173.8
1267070 2175.2
1267080 2175.2
1267090 2177.0
1267100 2172.9
1267110 2172.9
1267120 2174.7
1267130 2176.6
1267140 2176.6
1267150 2178.6
1267160 2181.4
1267170 2181.4
1267180 2184.4
1267190 2186.7
1267200 2186.7
1267210 2187.9
1267220 2188.9
1267230 2191.0
1267240 2191.0
1267250 2193.6
1267260 2198.7
1267270 2198.7
1267280 2210.3
1267290 2228.3
1267300 2228.3
1267310 2251.8
1267320 2262.0
1267330 2262.0
1267340 2267.6
1267350 2277.1
1267360 2277.1
1267370 2280.6
1267380 2280.5
1267390 2280.5
1267400 2282.5
1267410 2283.0
1267420 2283.0
1267430 2286.3
1267440 2290.0
1267450 2290.0
1267460 2290.5
1267470 2289.8
1267480 2289.8
1267490 2291.4
1267500 2292.4
1267510 2294.5
1267520 2294.5
1267530 2298.1
1267540 2297.4
1267550 2297.4
1267560 2302.0
1267570 2303.9
1267580 2303.9
1267590 2305.7
1267600 2308.7
1267610 2308.7
1267620 2311.7
1267630 2300.0
1267640 2300.0
1267650 2280.1
1267660 2270.3
1267670 2270.3
1267680 2269.2
1267690 2261.1
1267700 2261.1
1267710 2255.8
1267720 2241.3
1267730 2241.3
1267740 2233.9
1267750 2225.4
1267760 2225.4
1267770 2210.8
1267780 2192.1
1267790 2173.5
1267800 2173.5
1267810 2159.9
1267820 2148.1
1267830 2148.1
1267840 2135.2
1267850 2122.3
1267860 2122.3
1267870 2110.7
1267880 2102.8
1267890 2102.8
1267900 2092.7
1267910 2083.4
1267920 2083.4
1267930 2072.6
1267940 2060.8
1267950 2060.8
1267960 2060.0
1267970 2063.0
1267980 2063.0
1267990 2062.9
1268000 2060.3
1268010 2060.3
1268020 2046.8
1268030 2037.4
1268040 2037.4
1268050 2025.5
1268060 2017.7
1268070 2017.7
1268080 2015.3
1268090 2011.4
1268100 2003.7
1268110 2003.7
1268120 1996.2
1268130 1989.6
1268140 1989.6
1268150 1983.2
1268160 1978.9
1268170 1978.9
1268180 1974.1
1268190 1968.5
1268200 1968.5
1268210 1962.6
1268220 1956.8
1268230 1956.8
1268240 1949.5
1268250 1943.5
1268260 1943.5
1268270 1945.9
1268280 1942.0
1268290 1942.0
1268300 1938.8
1268310 1935.7
1268320 1935.7
1268330 1931.6
1268340 1926.6
1268350 1926.6
1268360 1921.6
1268370 1918.7
1268380 1917.7
1268390 1917.7
1268400 1916.0
1268410 1913.3
1268420 1913.3
1268430 1911.4
1268440 1908.9
1268450 1908.9
1268460 1906.6
1268470 1904.9
1268480 1904.9
1268490 1903.7
1268500 1903.3
1268510 1903.3
1268520 1903.7
1268530 1904.8
1268540 1904.8
1268550 1906.5
1268560 1908.5
1268570 1908.5
1268580 1909.4
1268590 1909.5
1268600 1909.5
1268610 1909.3
1268620 1910.4
1268630 1910.4
1268640 1912.3
1268650 1914.3
1268660 1916.0
1268670 1916.0
1268680 1917.0
1268690 1917.5
1268700 1917.5
1268710 1917.7
1268720 1917.6
1268730 1917.6
1268740 1917.9
1268750 1917.9
1268760 1917.9
1268770 1917.5
1268780 1917.5
1268790 1917.5
1268800 1917.7
1268810 1918.5
1268820 1918.5
1268830 1919.4
1268840 1920.3
1268850 1920.3
1268860 1927.3
1268870 1928.0
1268880 1928.0
1268890 1928.5
1268900 1929.1
1268910 1929.1
1268920 1929.6
1268930 1929.8
1268940 1930.1
1268950 1930.1
1268960 1930.1
1268970 1929.8
1268980 1929.8
1268990 1929.5
1269000 1929.3
1269010 1929.3
1269020 1929.3
1269030 1929.4
1269040 1929.4
1269050 1929.5
1269060 1929.7
1269070 1929.7
1269080 1930.0
1269090 1930.0
1269100 1930.0
1269110 1929.7
1269120 1929.4
1269130 1929.4
1269140 1929.6
1269150 1929.6
1269160 1929.6
1269170 1929.3
1269180 1930.0
1269190 1930.0
1269200 1931.1
1269210 1931.7
1269220 1931.7
1269230 1932.4
1269240 1932.9
1269250 1932.3
1269260 1932.3
1269270 1932.3
1269280 1932.8
1269290 1932.8
1269300 1932.7
1269310 1932.6
1269320 1932.6
1269330 1932.9
1269340 1933.3
1269350 1933.3
1269360 1934.0
1269370 1935.2
1269380 1935.2
1269390 1935.9
1269400 1936.2
1269410 1936.2
1269420 1936.3
1269430 1937.4
1269440 1937.4
1269450 1945.8
1269460 1949.2
1269470 1949.2
1269480 1952.4
1269490 1955.3
1269500 1955.3
1269510 1957.9
1269520 1960.9
1269530 1963.5
1269540 1963.5
1269550 1965.4
1269560 1966.9
1269570 1966.9
1269580 1968.1
1269590 1968.7
1269600 1968.7
1269610 1970.2
1269620 1972.0
1269630 1972.0
1269640 1973.9
1269650 1976.6
1269660 1976.6
1269670 1979.8
1269680 1983.2
1269690 1983.2
1269700 1986.7
1269710 1990.3
1269720 1990.3
1269730 1994.2
1269740 1998.5
1269750 1998.5
1269760 2003.3
1269770 2008.2
1269780 2008.2
1269790 2013.2
1269800 2018.2
1269810 2023.2
1269820 2023.2
1269830 2028.3
1269840 2032.9
1269850 2032.9
1269860 2037.3
1269870 2041.5
1269880 2041.5
1269890 2045.6
1269900 2049.6
1269910 2049.6
1269920 2053.2
1269930 2056.6
1269940 2056.6
1269950 2059.7
1269960 2062.6
1269970 2062.6
1269980 2065.4
1269990 2068.3
1270000 2068.3
1270010 2071.2
1270020 2074.6
1270030 2074.6
1270040 2077.8
1270050 2081.6
1270060 2081.6
1270070 2078.8
1270080 2075.6
1270090 2072.4
1270100 2072.4
1270110 2069.8
1270120 2067.5
1270130 2067.5
1270140 2065.1
1270150 2062.2
1270160 2062.2
1270170 2059.2
1270180 2056.0
1270190 2056.0
1270200 2052.6
1270210 2049.3
1270220 2049.3
1270230 2046.2
1270240 2043.2
1270250 2043.2
1270260 2040.3
1270270 2037.6
1270280 2037.6
1270290 2035.4
1270300 2033.4
1270310 2033.4
1270320 2031.7
1270330 2030.0
1270340 2030.0
1270350 2028.4
1270360 2027.1
1270370 2027.1
1270380 2026.3
1270390 2026.4
1270400 2025.4
1270410 2025.4
1270420 2023.9
1270430 2021.9
1270440 2021.9
1270450 2020.0
1270460 2018.1
1270470 2018.1
1270480 2015.9
1270490 2013.7
1270500 2013.7
1270510 2011.7
1270520 2008.4
1270530 2008.4
1270540 2004.7
1270550 2000.8
1270560 2000.8
1270570 1996.7
1270580 1992.9
1270590 1992.9
1270600 1989.0
1270610 1984.8
1270620 1984.8
1270630 1980.8
1270640 1981.7
1270650 1981.7
1270660 1979.1
1270670 1977.0
1270680 1975.5
1270690 1975.5
1270700 1973.5
1270710 1971.2
1270720 1971.2
1270730 1969.1
1270740 1967.2
1270750 1967.2
1270760 1965.1
1270770 1962.8
1270780 1962.8
1270790 1961.1
1270800 1959.2
1270810 1959.2
1270820 1956.3
1270830 1953.5
1270840 1953.5
1270850 1951.3
1270860 1950.3
1270870 1950.3
1270880 1949.0
1270890 1946.8
1270900 1946.8
1270910 1943.9
1270920 1940.9
1270930 1940.9
1270940 1938.6
1270950 1936.3
1270960 1934.2
1270970 1934.2
1270980 1932.4
1270990 1930.5
1271000 1930.5
1271010 1928.6
1271020 1926.6
1271030 1926.6
1271040 1924.5
1271050 1922.4
1271060 1922.4
1271070 1920.5
1271080 1918.9
1271090 1918.9
1271100 1918.2
1271110 1917.8
1271120 1917.8
1271130 1917.2
1271140 1916.4
1271150 1916.4
1271160 1914.9
1271170 1913.4
1271180 1913.4
1271190 1912.5
1271200 1911.5
1271210 1911.5
1271220 1910.1
1271230 1907.0
1271240 1903.6
1271250 1903.6
1271260 1901.2
1271270 1902.9
1271280 1902.9
1271290 1903.3
1271300 1902.3
1271310 1902.3
1271320 1899.7
1271330 1897.0
1271340 1897.0
1271350 1896.4
1271360 1896.7
1271370 1896.7
1271380 1895.6
1271390 1892.9
1271400 1892.9
1271410 1891.1
1271420 1890.3
1271430 1890.3
1271440 1888.0
1271450 1886.3
1271460 1886.3
1271470 1885.4
1271480 1884.6
1271490 1884.6
1271500 1884.7
1271510 1884.3
1271520 1884.3
1271530 1883.6
1271540 1882.9
1271550 1882.0
1271560 1882.0
1271570 1881.2
1271580 1881.0
1271590 1881.0
1271600 1880.8
1271610 1880.6
1271620 1880.6
1271630 1880.8
1271640 1881.9
1271650 1881.9
1271660 1883.6
1271670 1884.6
1271680 1884.6
1271690 1885.3
1271700 1885.8
1271710 1885.8
1271720 1886.1
1271730 1885.8
1271740 1885.8
1271750 1884.4
1271760 1881.7
1271770 1881.7
1271780 1878.1
1271790 1874.1
1271800 1874.1
1271810 1870.0
1271820 1865.7
1271830 1865.5
1271840 1865.5
1271850 1861.4
1271860 1856.9
1271870 1856.9
1271880 1852.1
1271890 1847.3
1271900 1847.3
1271910 1842.3
1271920 1837.3
1271930 1837.3
1271940 1832.4
1271950 1827.4
1271960 1827.4
1271970 1821.6
1271980 1816.4
1271990 1816.4
1272000 1812.2
1272010 1807.4
1272020 1807.4
1272030 1802.4
1272040 1798.0
1272050 1798.0
1272060 1794.8
1272070 1791.6
1272080 1791.6
1272090 1788.1
1272100 1785.1
1272110 1782.5
1272120 1782.5
1272130 1779.9
1272140 1777.2
1272150 1777.2
1272160 1774.9
1272170 1773.1
1272180 1773.1
1272190 1771.6
1272200 1769.9
1272210 1769.9
1272220 1766.1
1272230 1761.1
1272240 1761.1
1272250 1756.0
1272260 1749.9
1272270 1749.9
1272280 1742.8
1272290 1735.1
1272300 1735.1
1272310 1727.2
1272320 1719.6
1272330 1719.6
1272340 1711.9
1272350 1704.7
1272360 1704.7
1272370 1698.2
1272380 1692.4
1272390 1688.7
1272400 1688.7
1272410 1683.6
1272420 1678.1
1272430 1678.0
1272440 1673.7
1272450 1669.6
1272460 1669.6
1272470 1666.6
1272480 1665.9
1272490 1665.9
1272500 1664.2
1272510 1661.0
1272520 1661.0
1272530 1657.7
1272540 1652.6
1272550 1652.6
1272560 1648.8
1272570 1647.1
1272580 1647.1
1272590 1646.0
1272600 1646.7
1272610 1646.7
1272620 1645.9
1272630 1643.0
1272640 1643.0
1272650 1642.4
1272660 1643.2
1272670 1643.2
1272680 1644.4
1272690 1645.9
1272700 1647.6
1272710 1647.6
1272720 1649.5
1272730 1652.0
1272740 1652.0
1272750 1654.2
1272760 1656.5
1272770 1656.5
1272780 1658.9
1272790 1661.3
1272800 1661.3
1272810 1664.3
1272820 1667.1
1272830 1667.1
1272840 1669.8
1272850 1672.4
1272860 1672.4
1272870 1675.1
1272880 1678.1
1272890 1678.1
1272900 1681.3
1272910 1684.6
1272920 1684.6
1272930 1687.5
1272940 1690.9
1272950 1690.9
1272960 1693.9
1272970 1697.1
1272980 1700.2
1272990 1700.2
1273000 1704.2
1273010 1710.9
1273020 1710.9
1273030 1717.6
1273040 1721.8
1273050 1721.8
1273060 1726.7
1273070 1731.9
1273080 1731.9
1273090 1738.1
1273100 1743.6
1273110 1743.6
1273120 1749.0
1273130 1754.1
1273140 1754.1
1273150 1758.4
1273160 1762.6
1273170 1762.6
1273180 1768.4
1273190 1774.4
1273200 1774.4
1273210 1780.9
1273220 1788.0
1273230 1788.0
1273240 1795.5
1273250 1803.3
1273260 1811.8
1273270 1811.8
1273280 1812.6
1273290 1806.5
1273300 1806.5
1273310 1800.8
1273320 1796.9
1273330 1796.9
1273340 1792.4
1273350 1786.4
1273360 1786.4
1273370 1780.2
1273380 1773.6
1273390 1773.6
1273400 1766.8
1273410 1760.2
1273420 1760.2
1273430 1753.7
1273440 1748.9
1273450 1748.9
1273460 1743.1
1273470 1740.2
1273480 1740.2
1273490 1740.5
1273500 1741.7
1273510 1741.7
1273520 1742.8
1273530 1743.4
1273540 1743.8
1273550 1743.8
1273560 1743.7
1273570 1744.0
1273580 1744.0
1273590 1745.3
1273600 1746.7
1273610 1746.7
1273620 1747.2
1273630 1747.6
1273640 1749.6
1273650 1750.8
1273660 1752.2
1273670 1752.2
1273680 1752.8
1273690 1753.8
1273700 1753.8
1273710 1754.4
1273720 1754.6
1273730 1754.6
1273740 1754.3
1273750 1755.5
1273760 1755.5
1273770 1755.7
1273780 1755.3
1273790 1755.3
1273800 1755.4
1273810 1759.8
1273820 1759.8
1273830 1766.0
1273840 1771.6
1273850 1777.1
1273860 1777.1
1273870 1779.2
1273880 1778.1
1273890 1778.1
1273900 1776.9
1273910 1778.1
1273920 1778.1
1273930 1781.1
1273940 1784.6
1273950 1784.6
1273960 1787.2
1273970 1789.9
1273980 1789.9
1273990 1792.7
1274000 1795.2
1274010 1795.2
1274020 1798.2
1274030 1801.6
1274040 1801.6
1274050 1805.6
1274060 1809.6
1274070 1809.6
1274080 1814.3
1274090 1820.2
1274100 1820.2
1274110 1826.4
1274120 1833.0
1274130 1839.9
1274140 1839.9
1274150 1847.4
1274160 1854.6
1274170 1854.6
1274180 1861.5
1274190 1862.4
1274200 1862.4
1274210 1855.4
1274220 1848.6
1274230 1848.6
1274240 1843.9
1274250 1836.8
1274260 1836.8
1274270 1830.9
1274280 1826.5
1274290 1826.5
1274300 1823.6
1274310 1818.8
1274320 1818.8
1274330 1812.5
1274340 1807.4
1274350 1807.4
1274360 1801.3
1274370 1795.0
1274380 1795.0
1274390 1788.8
1274400 1781.4
1274410 1773.3
1274420 1773.3
1274430 1764.1
1274440 1754.9
1274450 1754.9
1274460 1748.2
1274470 1745.0
1274480 1745.0
1274490 1746.1
1274500 1750.4
1274510 1750.4
1274520 1751.4
1274530 1750.8
1274540 1750.8
1274550 1750.5
1274560 1749.4
1274570 1749.4
1274580 1749.1
1274590 1750.8
1274600 1750.8
1274610 1753.0
1274620 1755.9
1274630 1755.9
1274640 1757.9
1274650 1757.1
1274660 1757.1
1274670 1754.8
1274680 1751.4
1274690 1751.0
1274700 1751.0
1274710 1750.9
1274720 1748.9
1274730 1748.9
1274740 1747.7
1274750 1746.0
1274760 1746.0
1274770 1743.0
1274780 1734.9
1274790 1734.9
1274800 1725.4
1274810 1716.7
1274820 1716.7
1274830 1708.6
1274840 1702.2
1274850 1701.6
1274860 1705.5
1274870 1710.0
1274880 1710.0
1274890 1712.9
1274900 1711.7
1274910 1711.7
1274920 1712.0
1274930 1719.2
1274940 1719.2
1274950 1725.4
1274960 1732.4
1274970 1737.1
1274980 1737.1
1274990 1742.1
1275000 1746.3
1275010 1746.3
1275020 1751.6
1275030 1758.0
1275040 1758.0
1275050 1763.1
1275060 1768.9
1275070 1768.9
1275080 1774.4
1275090 1781.2
1275100 1781.2
1275110 1788.4
1275120 1794.3
1275130 1794.3
1275140 1800.1
1275150 1805.5
1275160 1805.5
1275170 1811.2
1275180 1817.0
1275190 1817.0
1275200 1823.5
1275210 1830.8
1275220 1830.8
1275230 1839.5
1275240 1845.7
1275250 1845.7
1275260 1847.6
1275270 1850.8
1275280 1855.3
1275290 1855.3
1275300 1860.8
1275310 1865.9
1275320 1865.9
1275330 1871.5
1275340 1872.8
1275350 1872.8
1275360 1874.0
1275370 1878.9
1275380 1878.9
1275390 1887.2
1275400 1896.3
1275410 1896.3
1275420 1903.3
1275430 1907.6
1275440 1907.6
1275450 1912.4
1275460 1910.4
1275470 1910.4
1275480 1915.3
1275490 1921.1
1275500 1921.1
1275510 1927.8
1275520 1931.1
1275530 1931.1
1275540 1935.0
1275550 1938.1
1275560 1937.0
1275570 1937.0
1275580 1933.0
1275590 1929.8
1275600 1929.8
1275610 1924.7
1275620 1924.1
1275630 1924.1
1275640 1921.5
1275650 1912.6
1275660 1912.6
1275670 1905.1
1275680 1901.1
1275690 1901.1
1275700 1899.3
1275710 1892.6
1275720 1892.6
1275730 1886.7
1275740 1884.5
1275750 1884.5
1275760 1884.9
1275770 1885.9
1275780 1885.9
1275790 1881.8
1275800 1879.4
1275810 1879.4
1275820 1878.9
1275830 1879.2
1275840 1874.3
1275850 1874.3
1275860 1869.6
1275870 1867.7
1275880 1867.7
1275890 1865.5
1275900 1863.9
1275910 1863.9
1275920 1860.1
1275930 1856.5
1275940 1856.5
1275950 1852.9
1275960 1847.0
1275970 1847.0
1275980 1841.4
1275990 1837.5
1276000 1837.5
1276010 1833.0
1276020 1827.1
1276030 1827.1
1276040 1821.1
1276050 1816.9
1276060 1816.9
1276070 1803.7
1276080 1798.0
1276090 1798.0
1276100 1792.3
1276110 1786.8
1276120 1781.7
1276130 1781.7
1276140 1776.9
1276150 1772.9
1276160 1772.9
1276170 1768.4
1276180 1761.3
1276190 1761.3
1276200 1755.6
1276210 1756.0
1276220 1756.0
1276230 1763.4
1276240 1766.2
1276250 1766.2
1276260 1763.2
1276270 1759.3
1276280 1759.3
1276290 1757.2
1276300 1755.6
1276310 1755.6
1276320 1752.6
1276330 1748.4
1276340 1748.4
1276350 1749.1
1276360 1744.4
1276370 1744.4
1276380 1737.7
1276390 1733.9
1276400 1733.9
1276410 1732.8
1276420 1731.0
1276430 1725.7
1276440 1725.7
1276450 1720.8
1276460 1718.3
1276470 1718.3
1276480 1714.8
1276490 1710.7
1276500 1710.7
1276510 1707.2
1276520 1703.5
1276530 1703.5
1276540 1699.5
1276550 1693.8
1276560 1693.8
1276570 1688.7
1276580 1686.5
1276590 1686.5
1276600 1683.9
1276610 1681.1
1276620 1681.1
1276630 1678.0
1276640 1674.5
1276650 1674.5
1276660 1672.9
1276670 1673.2
1276680 1677.4
1276690 1677.4
1276700 1675.4
1276710 1673.9
1276720 1673.9
1276730 1671.2
1276740 1668.3
1276750 1668.3
1276760 1665.4
1276770 1662.5
1276780 1662.5
1276790 1661.7
1276800 1661.9
1276810 1661.9
1276820 1661.9
1276830 1662.3
1276840 1662.3
1276850 1663.2
1276860 1664.7
1276870 1664.7
1276880 1666.1
1276890 1667.2
1276900 1667.2
1276910 1668.1
1276920 1668.9
1276930 1668.9
1276940 1669.3
1276950 1669.8
1276960 1669.8
1276970 1670.1
1276980 1670.2
1276990 1670.7
1277000 1670.7
1277010 1671.0
1277020 1673.3
1277030 1673.3
1277040 1675.2
1277050 1673.4
1277060 1673.4
1277070 1672.7
1277080 1673.4
1277090 1673.4
1277100 1675.1
1277110 1677.1
1277120 1677.1
1277130 1678.5
1277140 1679.6
1277150 1679.6
1277160 1680.3
1277170 1680.6
1277180 1680.6
1277190 1682.4
1277200 1684.1
1277210 1684.1
1277220 1684.0
1277230 1684.2
1277240 1684.2
1277250 1684.5
1277260 1686.2
1277270 1689.1
1277280 1689.1
1277290 1693.0
1277300 1695.6
1277310 1695.6
1277320 1701.4
1277330 1708.1
1277340 1708.1
1277350 1714.0
1277360 1719.7
1277370 1719.7
1277380 1725.2
1277390 1731.1
1277400 1731.1
1277410 1737.1
1277420 1743.3
1277430 1743.3
1277440 1749.2
1277450 1755.9
1277460 1755.9
1277470 1762.4
1277480 1767.9
1277490 1767.9
1277500 1773.4
1277510 1778.0
1277520 1778.0
1277530 1782.2
1277540 1785.9
1277550 1785.9
1277560 1789.3
1277570 1792.5
1277580 1795.6
1277590 1795.6
1277600 1798.5
1277610 1800.8
1277620 1800.8
1277630 1802.6
1277640 1804.0
1277650 1804.0
1277660 1805.1
1277670 1806.4
1277680 1806.4
1277690 1808.1
1277700 1809.4
1277710 1809.4
1277720 1810.4
1277730 1811.3
1277740 1811.3
1277750 1811.6
1277760 1811.6
1277770 1811.6
1277780 1811.4
1277790 1811.0
1277800 1811.0
1277810 1809.2
1277820 1807.8
1277830 1807.8
1277840 1808.1
1277850 1809.4
1277860 1810.3
1277870 1810.3
1277880 1810.3
1277890 1809.9
1277900 1809.9
1277910 1813.7
1277920 1813.1
1277930 1813.1
1277940 1813.4
1277950 1812.4
1277960 1812.4
1277970 1810.2
1277980 1806.7
1277990 1806.7
1278000 1804.6
1278010 1803.9
1278020 1803.9
1278030 1802.8
1278040 1800.9
1278050 1800.9
1278060 1798.6
1278070 1796.8
1278080 1796.8
1278090 1795.6
1278100 1795.4
1278110 1795.4
1278120 1795.2
1278130 1795.3
1278140 1794.8
1278150 1794.8
1278160 1793.4
1278170 1791.8
1278180 1791.8
1278190 1791.9
1278200 1791.5
1278210 1791.5
1278220 1792.6
1278230 1792.5
1278240 1792.5
1278250 1791.5
1278260 1792.6
1278270 1792.6
1278280 1790.9
1278290 1788.9
1278300 1788.9
1278310 1786.6
1278320 1784.7
1278330 1784.7
1278340 1784.3
1278350 1784.2
1278360 1784.2
1278370 1784.6
1278380 1785.5
1278390 1785.5
1278400 1786.5
1278410 1787.6
1278420 1788.9
1278430 1788.9
1278440 1790.1
1278450 1791.4
1278460 1791.4
1278470 1793.1
1278480 1795.0
1278490 1795.0
1278500 1797.4
1278510 1799.9
1278520 1799.9
1278530 1808.4
1278540 1810.5
1278550 1810.5
1278560 1812.0
1278570 1813.3
1278580 1813.3
1278590 1813.9
1278600 1813.8
1278610 1813.8
1278620 1813.3
1278630 1812.2
1278640 1812.2
1278650 1811.4
1278660 1810.7
1278670 1810.7
1278680 1810.2
1278690 1810.4
1278700 1810.4
1278710 1810.3
1278720 1810.6
1278730 1811.7
1278740 1811.7
1278750 1813.4
1278760 1815.8
1278770 1815.8
1278780 1817.1
1278790 1818.7
1278800 1818.7
1278810 1820.5
1278820 1824.4
1278830 1824.4
1278840 1828.0
1278850 1832.0
1278860 1832.0
1278870 1836.5
1278880 1840.9
1278890 1840.9
1278900 1844.4
1278910 1846.1
1278920 1846.1
1278930 1847.6
1278940 1849.0
1278950 1849.0
1278960 1851.1
1278970 1852.7
1278980 1852.7
1278990 1855.1
1279000 1857.9
1279010 1860.1
1279020 1860.1
1279030 1861.7
1279040 1863.5
1279050 1863.5
1279060 1864.1
1279070 1863.5
1279080 1863.5
1279090 1863.9
1279100 1865.1
1279110 1865.1
1279120 1866.6
1279130 1868.4
1279140 1868.4
1279150 1873.2
1279160 1876.0
1279170 1876.0
1279180 1878.2
1279190 1880.4
1279200 1880.4
1279210 1883.1
1279220 1885.1
1279230 1885.1
1279240 1886.2
1279250 1887.0
1279260 1887.0
1279270 1887.7
1279280 1888.8
1279290 1889.3
1279300 1889.3
1279310 1889.9
1279320 1890.6
1279330 1890.6
1279340 1891.2
1279350 1892.3
1279360 1892.3
1279370 1892.4
1279380 1892.2
1279390 1892.2
1279400 1892.3
1279410 1893.0
1279420 1893.0
1279430 1893.9
1279440 1895.2
1279450 1895.2
1279460 1896.2
1279470 1895.3
1279480 1895.3
1279490 1893.7
1279500 1894.6
1279510 1894.6
1279520 1894.7
1279530 1894.5
1279540 1894.5
1279550 1895.6
1279560 1898.1
1279570 1900.4
1279580 1900.4
1279590 1903.0
1279600 1906.5
1279610 1906.5
1279620 1909.3
1279630 1912.2
1279640 1912.2
1279650 1914.5
1279660 1916.3
1279670 1916.3
1279680 1917.1
1279690 1917.0
1279700 1917.0
1279710 1915.9
1279720 1914.2
1279730 1914.2
1279740 1911.4
1279750 1907.7
1279760 1907.7
1279770 1905.4
1279780 1901.7
1279790 1901.7
1279800 1898.4
1279810 1895.3
1279820 1895.3
1279830 1892.9
1279840 1890.8
1279850 1888.9
1279860 1888.9
1279870 1887.0
1279880 1884.2
1279890 1884.2
1279900 1882.5
1279910 1882.2
1279920 1882.2
1279930 1881.9
1279940 1881.5
1279950 1881.5
1279960 1881.3
1279970 1881.3
1279980 1881.3
1279990 1881.3
