1260000 1312.8
1260010 1317.1
1260020 1317.1
1260030 1320.6
1260040 1324.7
1260050 1324.7
1260060 1330.4
1260070 1335.9
1260080 1341.0
1260090 1341.0
1260100 1345.1
1260110 1349.0
1260120 1347.7
1260130 1352.4
1260140 1357.0
1260150 1357.0
1260160 1362.2
1260170 1366.6
1260180 1366.6
1260190 1371.1
1260200 1375.2
1260210 1375.2
1260220 1379.2
1260230 1383.1
1260240 1383.1
1260250 1386.6
1260260 1389.7
1260270 1389.7
1260280 1392.9
1260290 1396.0
1260300 1396.0
1260310 1399.3
1260320 1403.0
1260330 1403.0
1260340 1407.0
1260350 1410.7
1260360 1410.7
1260370 1413.7
1260380 1417.8
1260390 1422.5
1260400 1422.5
1260410 1428.0
1260420 1433.2
1260430 1433.2
1260440 1437.6
1260450 1441.6
1260460 1441.6
1260470 1445.4
1260480 1449.4
1260490 1449.4
1260500 1453.2
1260510 1457.3
1260520 1457.3
1260530 1461.4
1260540 1465.1
1260550 1465.1
1260560 1468.4
1260570 1471.5
1260580 1471.5
1260590 1475.2
1260600 1479.0
1260610 1479.0
1260620 1482.4
1260630 1485.8
1260640 1485.8
1260650 1489.9
1260660 1493.3
1260670 1495.7
1260680 1495.7
1260690 1494.4
1260700 1495.9
1260710 1495.9
1260720 1497.4
1260730 1500.7
1260740 1500.7
1260750 1504.6
1260760 1508.9
1260770 1508.9
1260780 1513.7
1260790 1518.6
1260800 1518.6
1260810 1523.6
1260820 1528.5
1260830 1528.5
1260840 1533.4
1260850 1538.1
1260860 1538.1
1260870 1542.5
1260880 1546.7
1260890 1546.7
1260900 1550.7
1260910 1555.1
1260920 1555.1
1260930 1559.6
1260940 1564.2
1260950 1564.2
1260960 1569.1
1260970 1573.6
1260980 1578.4
1260990 1578.4
1261000 1584.0
1261010 1590.2
1261020 1590.2
1261030 1597.2
1261040 1605.7
1261050 1605.7
1261060 1614.7
1261070 1623.2
1261080 1623.2
1261090 1629.2
1261100 1635.0
1261110 1635.0
1261120 1641.5
1261130 1646.8
1261140 1646.8
1261150 1650.6
1261160 1652.8
1261170 1652.8
1261180 1654.6
1261190 1656.9
1261200 1656.9
1261210 1658.9
1261220 1660.0
1261230 1660.0
1261240 1661.0
1261250 1662.9
1261260 1659.4
1261270 1659.4
1261280 1662.1
1261290 1664.8
1261300 1664.8
1261310 1667.6
1261320 1670.2
1261330 1670.2
1261340 1672.3
1261350 1674.9
1261360 1674.9
1261370 1677.6
1261380 1679.7
1261390 1679.7
1261400 1682.5
1261410 1685.2
1261420 1685.2
1261430 1687.5
1261440 1690.2
1261450 1690.2
1261460 1692.5
1261470 1694.7
1261480 1694.7
1261490 1697.0
1261500 1699.3
1261510 1699.3
1261520 1701.7
1261530 1705.3
1261540 1708.0
1261550 1708.0
1261560 1710.5
1261570 1713.3
1261580 1713.3
1261590 1716.5
1261600 1719.8
1261610 1719.8
1261620 1723.1
1261630 1726.7
1261640 1726.7
1261650 1730.4
1261660 1733.1
1261670 1733.1
1261680 1735.5
1261690 1738.9
1261700 1738.9
1261710 1743.8
1261720 1748.8
1261730 1748.8
1261740 1752.8
1261750 1755.9
1261760 1755.9
1261770 1759.3
1261780 1763.3
1261790 1763.3
1261800 1769.1
1261810 1773.9
1261820 1773.9
1261830 1776.7
1261840 1782.0
1261850 1789.4
1261860 1789.4
1261870 1795.6
1261880 1801.4
1261890 1801.4
1261900 1807.2
1261910 1811.5
1261920 1811.5
1261930 1816.0
1261940 1821.5
1261950 1821.5
1261960 1828.1
1261970 1835.0
1261980 1835.0
1261990 1842.5
1262000 1847.2
1262010 1847.2
1262020 1850.5
1262030 1854.1
1262040 1854.1
1262050 1857.6
1262060 1862.5
1262070 1862.5
1262080 1869.0
1262090 1873.8
1262100 1873.8
1262110 1878.2
1262120 1883.4
1262130 1888.3
1262140 1888.3
1262150 1893.7
1262160 1898.9
1262170 1898.9
1262180 1904.2
1262190 1910.1
1262200 1910.1
1262210 1915.5
1262220 1921.8
1262230 1921.8
1262240 1929.1
1262250 1936.4
1262260 1936.4
1262270 1943.2
1262280 1950.4
1262290 1950.4
1262300 1958.3
1262310 1965.8
1262320 1965.8
1262330 1974.5
1262340 1981.1
1262350 1981.1
1262360 1987.3
1262370 1994.2
1262380 1994.2
1262390 2002.0
1262400 2011.0
1262410 2018.3
1262420 2018.3
1262430 2024.5
1262440 2030.7
1262450 2030.7
1262460 2037.7
1262470 2045.3
1262480 2045.3
1262490 2052.7
1262500 2060.1
1262510 2060.1
1262520 2068.3
1262530 2076.0
1262540 2076.0
1262550 2082.2
1262560 2087.2
1262570 2087.2
1262580 2090.8
1262590 2094.6
1262600 2094.6
1262610 2098.4
1262620 2102.3
1262630 2102.3
1262640 2106.1
1262650 2110.0
1262660 2110.0
1262670 2113.8
1262680 2117.1
1262690 2117.1
1262700 2119.9
1262710 2122.4
1262720 2125.4
1262730 2125.4
1262740 2128.2
1262750 2131.0
1262760 2131.0
1262770 2133.8
1262780 2136.4
1262790 2136.4
1262800 2139.1
1262810 2141.9
1262820 2141.9
1262830 2144.6
1262840 2147.2
1262850 2147.2
1262860 2149.9
1262870 2152.7
1262880 2152.7
1262890 2155.3
1262900 2158.1
1262910 2158.1
1262920 2161.3
1262930 2164.6
1262940 2164.6
1262950 2168.1
1262960 2171.9
1262970 2171.9
1262980 2172.2
1262990 2177.0
1263000 2181.8
1263010 2181.8
1263020 2186.7
1263030 2191.7
1263040 2191.7
1263050 2196.8
1263060 2201.9
1263070 2201.9
1263080 2207.1
1263090 2212.2
1263100 2212.2
1263110 2217.6
1263120 2223.6
1263130 2223.6
1263140 2229.2
1263150 2234.5
1263160 2234.5
1263170 2240.2
1263180 2245.6
1263190 2245.6
1263200 2250.8
1263210 2256.5
1263220 2256.5
1263230 2262.1
1263240 2266.9
1263250 2266.9
1263260 2266.7
1263270 2262.6
1263280 2248.6
1263290 2248.6
1263300 2225.9
1263310 2213.9
1263320 2213.9
1263330 2209.1
1263340 2203.6
1263350 2203.6
1263360 2193.4
1263370 2187.9
1263380 2187.9
1263390 2184.5
1263400 2180.6
1263410 2180.6
1263420 2177.9
1263430 2176.6
1263440 2176.6
1263450 2173.9
1263460 2166.2
1263470 2166.2
1263480 2163.6
1263490 2163.7
1263500 2163.7
1263510 2155.0
1263520 2146.8
1263530 2146.8
1263540 2135.9
1263550 2122.9
1263560 2126.7
1263570 2116.9
1263580 2108.5
1263590 2102.5
1263600 2102.5
1263610 2093.8
1263620 2086.9
1263630 2086.9
1263640 2087.6
1263650 2089.3
1263660 2089.3
1263670 2092.7
1263680 2097.2
1263690 2097.2
1263700 2095.6
1263710 2092.6
1263720 2092.6
1263730 2091.0
1263740 2087.9
1263750 2087.9
1263760 2084.1
1263770 2084.7
1263780 2084.7
1263790 2087.3
1263800 2089.8
1263810 2089.8
1263820 2094.8
1263830 2103.3
1263840 2103.3
1263850 2113.0
1263860 2124.3
1263870 2136.7
1263880 2136.7
1263890 2134.2
1263900 2134.4
1263910 2134.4
1263920 2135.3
1263930 2142.7
1263940 2142.7
1263950 2146.9
1263960 2142.2
1263970 2142.2
1263980 2136.3
1263990 2127.6
1264000 2127.6
1264010 2120.6
1264020 2114.8
1264030 2114.8
1264040 2111.6
1264050 2110.0
1264060 2110.0
1264070 2109.3
1264080 2107.2
1264090 2107.2
1264100 2107.5
1264110 2106.5
1264120 2106.5
1264130 2123.6
1264140 2112.1
1264150 2112.1
1264160 2103.0
1264170 2094.7
1264180 2085.6
1264190 2085.6
1264200 2075.2
1264210 2078.8
1264220 2078.8
1264230 2071.2
1264240 2053.5
1264250 2053.5
1264260 2054.2
1264270 2072.6
1264280 2072.6
1264290 2082.8
1264300 2091.0
1264310 2091.0
1264320 2107.1
1264330 2133.4
1264340 2133.4
1264350 2149.6
1264360 2165.6
1264370 2165.6
1264380 2177.7
1264390 2188.2
1264400 2188.2
1264410 2199.1
1264420 2201.9
1264430 2201.9
1264440 2212.5
1264450 2221.1
1264460 2208.8
1264470 2208.8
1264480 2199.1
1264490 2195.0
1264500 2195.0
1264510 2199.8
1264520 2205.8
1264530 2205.8
1264540 2183.8
1264550 2147.0
1264560 2147.0
1264570 2111.4
1264580 2065.7
1264590 2065.7
1264600 2029.0
1264610 2012.3
1264620 2012.3
1264630 1993.4
1264640 1973.7
1264650 1973.7
1264660 1954.1
1264670 1924.2
1264680 1924.2
1264690 1911.0
1264700 1902.3
1264710 1903.7
1264720 1894.4
1264730 1883.8
1264740 1879.1
1264750 1879.1
1264760 1876.5
1264770 1873.2
1264780 1873.2
1264790 1868.2
1264800 1861.6
1264810 1861.6
1264820 1844.5
1264830 1786.0
1264840 1786.0
1264850 1772.2
1264860 1772.5
1264870 1772.5
1264880 1761.9
1264890 1743.8
1264900 1743.8
1264910 1722.8
1264920 1707.9
1264930 1707.9
1264940 1685.6
1264950 1666.8
1264960 1666.8
1264970 1661.7
1264980 1661.3
1264990 1661.3
1265000 1659.8
1265010 1656.9
1265020 1656.9
1265030 1653.5
1265040 1650.4
1265050 1646.4
1265060 1646.4
1265070 1641.8
1265080 1638.0
1265090 1638.0
1265100 1634.1
1265110 1629.8
1265120 1629.8
1265130 1625.4
1265140 1621.2
1265150 1621.2
1265160 1616.3
1265170 1611.9
1265180 1611.9
1265190 1606.9
1265200 1601.7
1265210 1601.7
1265220 1596.0
1265230 1590.2
1265240 1590.2
1265250 1585.4
1265260 1581.9
1265270 1581.9
1265280 1580.3
1265290 1583.3
1265300 1583.3
1265310 1581.0
1265320 1578.4
1265330 1576.2
1265340 1576.2
1265350 1574.8
1265360 1572.5
1265370 1572.5
1265380 1569.5
1265390 1566.5
1265400 1566.5
1265410 1564.5
1265420 1563.4
1265430 1563.4
1265440 1561.4
1265450 1558.2
1265460 1558.2
1265470 1555.0
1265480 1552.7
1265490 1552.7
1265500 1551.8
1265510 1551.2
1265520 1551.2
1265530 1550.1
1265540 1549.6
1265550 1549.6
1265560 1550.2
1265570 1550.9
1265580 1550.9
1265590 1552.5
1265600 1555.3
1265610 1557.6
1265620 1557.6
1265630 1558.4
1265640 1560.1
1265650 1560.1
1265660 1563.0
1265670 1564.0
1265680 1564.0
1265690 1565.4
1265700 1569.0
1265710 1569.0
1265720 1572.8
1265730 1575.5
1265740 1575.5
1265750 1576.9
1265760 1577.8
1265770 1577.8
1265780 1580.5
1265790 1584.1
1265800 1584.1
1265810 1587.9
1265820 1591.2
1265830 1591.2
1265840 1593.9
1265850 1596.4
1265860 1596.4
1265870 1602.0
1265880 1604.2
1265890 1604.2
1265900 1605.9
1265910 1606.8
1265920 1607.1
1265930 1607.1
1265940 1607.4
1265950 1608.3
1265960 1608.3
1265970 1609.8
1265980 1611.1
1265990 1611.1
1266000 1610.4
1266010 1610.2
1266020 1610.2
1266030 1612.5
1266040 1615.8
1266050 1615.8
1266060 1621.4
1266070 1627.2
1266080 1627.2
1266090 1633.1
1266100 1638.6
1266110 1638.6
1266120 1645.1
1266130 1652.7
1266140 1652.7
1266150 1659.7
1266160 1666.7
1266170 1666.7
1266180 1673.9
1266190 1680.5
1266200 1687.0
1266210 1687.0
1266220 1693.9
1266230 1700.5
1266240 1700.5
1266250 1707.0
1266260 1713.4
1266270 1713.4
1266280 1720.2
1266290 1727.0
1266300 1727.0
1266310 1733.7
1266320 1740.1
1266330 1740.1
1266340 1746.4
1266350 1752.8
1266360 1752.8
1266370 1759.3
1266380 1766.0
1266390 1766.0
1266400 1772.4
1266410 1778.7
1266420 1778.7
1266430 1784.9
1266440 1790.8
1266450 1790.8
1266460 1795.6
1266470 1800.5
1266480 1804.8
1266490 1804.8
1266500 1808.4
1266510 1811.5
1266520 1811.5
1266530 1813.8
1266540 1815.5
1266550 1815.5
1266560 1816.5
1266570 1816.3
1266580 1816.3
1266590 1814.9
1266600 1812.3
1266610 1812.3
1266620 1808.8
1266630 1805.2
1266640 1805.2
1266650 1801.0
1266660 1796.1
1266670 1796.1
1266680 1791.2
1266690 1786.4
1266700 1786.4
1266710 1781.2
1266720 1775.6
1266730 1775.6
1266740 1769.7
1266750 1763.3
1266760 1763.3
1266770 1757.8
1266780 1753.2
1266790 1749.2
1266800 1749.2
1266810 1745.6
1266820 1742.1
1266830 1742.1
1266840 1740.3
1266850 1737.6
1266860 1737.6
1266870 1734.3
1266880 1731.3
1266890 1731.3
1266900 1729.4
1266910 1728.2
1266920 1728.2
1266930 1728.0
1266940 1726.8
1266950 1726.8
1266960 1723.4
1266970 1719.1
1266980 1719.1
1266990 1714.8
1267000 1710.7
1267010 1710.7
1267020 1706.8
1267030 1703.2
1267040 1708.2
1267050 1704.1
1267060 1700.7
1267070 1699.1
1267080 1699.1
1267090 1698.1
1267100 1698.0
1267110 1698.0
1267120 1696.0
1267130 1694.8
1267140 1694.8
1267150 1694.1
1267160 1694.9
1267170 1694.9
1267180 1696.4
1267190 1698.0
1267200 1698.0
1267210 1700.3
1267220 1702.7
1267230 1702.7
1267240 1706.8
1267250 1710.3
1267260 1710.3
1267270 1714.5
1267280 1720.9
1267290 1720.9
1267300 1727.7
1267310 1733.4
1267320 1733.4
1267330 1738.8
1267340 1744.1
1267350 1744.1
1267360 1749.4
1267370 1754.5
1267380 1761.3
1267390 1761.3
1267400 1769.4
1267410 1777.8
1267420 1777.8
1267430 1785.9
1267440 1792.8
1267450 1792.8
1267460 1798.8
1267470 1805.3
1267480 1805.3
1267490 1811.3
1267500 1817.7
1267510 1817.7
1267520 1823.6
1267530 1827.4
1267540 1827.4
1267550 1828.5
1267560 1828.5
1267570 1828.5
1267580 1828.0
1267590 1827.0
1267600 1827.0
1267610 1825.7
1267620 1823.0
1267630 1825.6
1267640 1822.2
1267650 1816.8
1267660 1810.2
1267670 1810.2
1267680 1804.1
1267690 1798.6
1267700 1798.6
1267710 1793.3
1267720 1788.9
1267730 1788.9
1267740 1785.0
1267750 1780.0
1267760 1780.0
1267770 1775.2
1267780 1770.7
1267790 1770.7
1267800 1766.0
1267810 1761.2
1267820 1761.2
1267830 1756.7
1267840 1752.3
1267850 1752.3
1267860 1748.2
1267870 1744.0
1267880 1744.0
1267890 1739.6
1267900 1735.3
1267910 1735.3
1267920 1731.1
1267930 1726.4
1267940 1721.5
1267950 1721.5
1267960 1717.9
1267970 1715.1
1267980 1715.1
1267990 1711.6
1268000 1706.7
1268010 1706.7
1268020 1701.0
1268030 1695.5
1268040 1695.5
1268050 1689.6
1268060 1683.7
1268070 1683.7
1268080 1678.5
1268090 1672.7
1268100 1672.7
1268110 1666.6
1268120 1660.9
1268130 1660.9
1268140 1655.3
1268150 1650.1
1268160 1650.1
1268170 1645.7
1268180 1642.5
1268190 1642.5
1268200 1640.3
1268210 1637.2
1268220 1638.6
1268230 1635.1
1268240 1631.2
1268250 1627.9
1268260 1627.9
1268270 1624.5
1268280 1620.6
1268290 1620.6
1268300 1617.4
1268310 1615.2
1268320 1615.2
1268330 1613.9
1268340 1611.3
1268350 1611.3
1268360 1608.1
1268370 1605.1
1268380 1605.1
1268390 1602.0
1268400 1601.0
1268410 1601.0
1268420 1600.4
1268430 1599.7
1268440 1599.7
1268450 1598.5
1268460 1596.5
1268470 1596.5
1268480 1594.1
1268490 1591.9
1268500 1591.9
1268510 1589.4
1268520 1587.0
1268530 1582.9
1268540 1582.9
1268550 1578.9
1268560 1575.4
1268570 1575.4
1268580 1571.3
1268590 1566.0
1268600 1566.0
1268610 1560.5
1268620 1555.7
1268630 1555.7
1268640 1552.6
1268650 1549.6
1268660 1549.6
1268670 1547.9
1268680 1545.0
1268690 1545.0
1268700 1542.4
1268710 1539.7
1268720 1539.7
1268730 1538.2
1268740 1537.0
1268750 1537.0
1268760 1535.9
1268770 1534.9
1268780 1534.9
1268790 1533.5
1268800 1532.4
1268810 1537.7
1268820 1537.7
1268830 1536.1
1268840 1534.8
1268850 1534.8
1268860 1533.3
1268870 1531.6
1268880 1531.6
1268890 1530.0
1268900 1528.4
1268910 1528.4
1268920 1527.0
1268930 1526.4
1268940 1526.4
1268950 1527.6
1268960 1529.1
1268970 1529.1
1268980 1530.5
1268990 1530.6
1269000 1530.6
1269010 1532.5
1269020 1532.7
1269030 1532.7
1269040 1532.4
1269050 1533.4
1269060 1533.4
1269070 1535.3
1269080 1539.1
1269090 1539.1
1269100 1543.1
1269110 1546.3
1269120 1550.2
1269130 1550.2
1269140 1554.2
1269150 1558.1
1269160 1558.1
1269170 1561.8
1269180 1566.4
1269190 1566.4
1269200 1571.2
1269210 1575.9
1269220 1575.9
1269230 1580.9
1269240 1585.6
1269250 1585.6
1269260 1590.3
1269270 1594.7
1269280 1594.7
1269290 1598.8
1269300 1603.1
1269310 1603.1
1269320 1607.4
1269330 1610.4
1269340 1610.4
1269350 1613.1
1269360 1617.0
1269370 1617.0
1269380 1621.8
1269390 1628.5
1269400 1638.1
1269410 1638.1
1269420 1644.2
1269430 1650.1
1269440 1650.1
1269450 1657.2
1269460 1665.3
1269470 1665.3
1269480 1675.1
1269490 1684.2
1269500 1684.2
1269510 1692.7
1269520 1700.7
1269530 1700.7
1269540 1707.9
1269550 1715.3
1269560 1715.3
1269570 1723.6
1269580 1733.3
1269590 1733.3
1269600 1741.5
1269610 1748.1
1269620 1748.1
1269630 1754.9
1269640 1762.1
1269650 1762.1
1269660 1767.8
1269670 1772.4
1269680 1776.0
1269690 1776.0
1269700 1779.0
1269710 1780.8
1269720 1780.8
1269730 1782.3
1269740 1785.7
1269750 1785.7
1269760 1792.3
1269770 1799.2
1269780 1799.2
1269790 1806.8
1269800 1816.7
1269810 1816.7
1269820 1828.9
1269830 1837.9
1269840 1837.9
1269850 1845.3
1269860 1852.0
1269870 1852.0
1269880 1856.4
1269890 1862.9
1269900 1862.9
1269910 1869.3
1269920 1874.0
1269930 1874.0
1269940 1878.2
1269950 1882.9
1269960 1882.9
1269970 1888.8
1269980 1893.9
1269990 1901.5
1270000 1901.5
1270010 1904.8
1270020 1907.9
1270030 1907.9
1270040 1911.4
1270050 1914.8
1270060 1914.8
1270070 1917.8
1270080 1920.2
1270090 1920.2
1270100 1922.4
1270110 1925.1
1270120 1925.1
1270130 1926.1
1270140 1925.8
1270150 1925.8
1270160 1925.2
1270170 1922.4
1270180 1922.4
1270190 1918.6
1270200 1913.8
1270210 1913.8
1270220 1898.3
1270230 1884.4
1270240 1884.4
1270250 1873.7
1270260 1865.0
1270270 1857.7
1270280 1857.7
1270290 1849.4
1270300 1840.2
1270310 1840.2
1270320 1829.1
1270330 1819.3
1270340 1819.3
1270350 1812.2
1270360 1804.5
1270370 1804.5
1270380 1796.3
1270390 1787.6
1270400 1787.6
1270410 1778.4
1270420 1768.1
1270430 1768.1
1270440 1759.0
1270450 1751.0
1270460 1751.0
1270470 1743.6
1270480 1738.0
1270490 1738.0
1270500 1732.4
1270510 1726.3
1270520 1726.3
1270530 1720.5
1270540 1715.3
1270550 1712.1
1270560 1712.1
1270570 1706.7
1270580 1701.8
1270590 1707.1
1270600 1707.8
1270610 1709.8
1270620 1709.8
1270630 1712.4
1270640 1713.4
1270650 1713.4
1270660 1716.2
1270670 1716.3
1270680 1716.3
1270690 1714.9
1270700 1712.8
1270710 1712.8
1270720 1707.2
1270730 1698.7
1270740 1698.7
1270750 1690.1
1270760 1677.8
1270770 1677.8
1270780 1669.2
1270790 1661.7
1270800 1661.7
1270810 1657.8
1270820 1652.8
1270830 1652.8
1270840 1646.6
1270850 1650.8
1270860 1653.7
1270870 1653.7
1270880 1657.0
1270890 1661.6
1270900 1661.6
1270910 1665.9
1270920 1670.1
1270930 1670.1
1270940 1674.1
1270950 1678.2
1270960 1678.2
1270970 1682.8
1270980 1687.9
1270990 1687.9
1271000 1694.3
1271010 1701.1
1271020 1701.1
1271030 1706.5
1271040 1712.1
1271050 1712.1
1271060 1717.4
1271070 1723.1
1271080 1723.1
1271090 1729.5
1271100 1735.3
1271110 1735.3
1271120 1740.1
1271130 1745.0
1271140 1749.1
1271150 1749.1
1271160 1752.6
1271170 1756.0
1271180 1764.4
1271190 1766.8
1271200 1767.2
1271210 1767.2
1271220 1770.2
1271230 1774.2
1271240 1774.2
1271250 1778.5
1271260 1783.8
1271270 1783.8
1271280 1790.0
1271290 1795.9
1271300 1795.9
1271310 1802.0
1271320 1808.5
1271330 1808.5
1271340 1814.8
1271350 1820.7
1271360 1820.7
1271370 1826.3
1271380 1831.7
1271390 1831.7
1271400 1836.8
1271410 1841.7
1271420 1841.7
1271430 1846.7
1271440 1851.9
1271450 1856.9
1271460 1856.9
1271470 1861.9
1271480 1865.9
1271490 1865.9
1271500 1869.8
1271510 1872.7
1271520 1872.7
1271530 1874.1
1271540 1877.1
1271550 1877.1
1271560 1880.1
1271570 1883.2
1271580 1883.2
1271590 1885.6
1271600 1887.9
1271610 1887.9
1271620 1890.0
1271630 1891.3
1271640 1891.3
1271650 1891.8
1271660 1890.9
1271670 1890.9
1271680 1888.2
1271690 1886.2
1271700 1886.2
1271710 1885.8
1271720 1885.8
1271730 1886.1
1271740 1886.1
1271750 1886.8
1271760 1887.8
1271770 1887.8
1271780 1894.4
1271790 1896.5
1271800 1896.5
1271810 1898.8
1271820 1902.1
1271830 1902.1
1271840 1904.4
1271850 1906.2
1271860 1906.2
1271870 1908.2
1271880 1909.4
1271890 1909.4
1271900 1910.4
1271910 1911.5
1271920 1911.5
1271930 1912.3
1271940 1912.1
1271950 1912.1
1271960 1910.7
1271970 1907.0
1271980 1907.0
1271990 1900.8
1272000 1893.8
1272010 1885.6
1272020 1885.6
1272030 1878.7
1272040 1872.8
1272050 1872.8
1272060 1867.0
1272070 1861.8
1272080 1861.8
1272090 1855.1
1272100 1848.9
1272110 1848.9
1272120 1842.1
1272130 1833.9
1272140 1833.9
1272150 1826.1
1272160 1820.7
1272170 1820.7
1272180 1815.7
1272190 1809.0
1272200 1809.0
1272210 1800.7
1272220 1792.0
1272230 1792.0
1272240 1783.6
1272250 1776.1
1272260 1776.1
1272270 1770.8
1272280 1769.5
1272290 1769.5
1272300 1774.8
1272310 1774.7
1272320 1771.4
1272330 1771.4
1272340 1767.3
1272350 1762.1
1272360 1762.1
1272370 1756.7
1272380 1744.4
1272390 1744.4
1272400 1742.5
1272410 1739.0
1272420 1739.0
1272430 1734.5
1272440 1731.3
1272450 1731.3
1272460 1728.5
1272470 1725.7
1272480 1725.7
1272490 1722.3
1272500 1719.3
1272510 1719.3
1272520 1716.3
1272530 1714.0
1272540 1714.0
1272550 1710.8
1272560 1707.7
1272570 1707.7
1272580 1703.7
1272590 1697.8
1272600 1689.4
1272610 1689.4
1272620 1678.8
1272630 1670.7
1272640 1670.7
1272650 1662.5
1272660 1657.3
1272670 1657.3
1272680 1651.9
1272690 1648.9
1272700 1648.9
1272710 1643.5
1272720 1630.9
1272730 1630.9
1272740 1615.1
1272750 1597.2
1272760 1597.2
1272770 1581.2
1272780 1567.3
1272790 1567.3
1272800 1552.6
1272810 1548.3
1272820 1548.3
1272830 1545.2
1272840 1540.2
1272850 1540.2
1272860 1532.9
1272870 1525.2
1272880 1515.6
1272890 1515.6
1272900 1510.8
1272910 1505.2
1272920 1505.2
1272930 1497.1
1272940 1487.8
1272950 1487.8
1272960 1482.8
1272970 1475.3
1272980 1495.4
1272990 1483.4
1273000 1467.0
1273010 1467.0
1273020 1455.8
1273030 1445.4
1273040 1445.4
1273050 1429.9
1273060 1419.8
1273070 1419.8
1273080 1414.7
1273090 1409.5
1273100 1409.5
1273110 1403.6
1273120 1397.9
1273130 1397.9
1273140 1392.0
1273150 1383.8
1273160 1383.8
1273170 1375.9
1273180 1374.5
1273190 1380.1
1273200 1380.1
1273210 1383.5
1273220 1380.8
1273230 1380.8
1273240 1377.9
1273250 1377.8
1273260 1377.8
1273270 1377.8
1273280 1378.6
1273290 1378.6
1273300 1378.5
1273310 1377.2
1273320 1377.2
1273330 1378.3
1273340 1377.8
1273350 1377.8
1273360 1377.9
1273370 1380.6
1273380 1380.6
1273390 1385.6
1273400 1390.3
1273410 1390.3
1273420 1392.2
1273430 1383.1
1273440 1383.1
1273450 1369.6
1273460 1365.4
1273470 1367.2
1273480 1367.2
1273490 1376.0
1273500 1383.0
1273510 1383.0
1273520 1393.4
1273530 1409.0
1273540 1409.0
1273550 1418.7
1273560 1426.5
1273570 1426.5
1273580 1433.7
1273590 1438.1
1273600 1438.1
1273610 1444.2
1273620 1450.3
1273630 1450.3
1273640 1455.9
1273650 1461.8
1273660 1461.8
1273670 1467.8
1273680 1474.3
1273690 1474.3
1273700 1480.8
1273710 1488.6
1273720 1488.6
1273730 1498.6
1273740 1503.4
1273750 1506.1
1273760 1506.1
1273770 1508.8
1273780 1510.2
1273790 1510.2
1273800 1510.9
1273810 1511.1
1273820 1511.1
1273830 1509.8
1273840 1508.7
1273850 1508.7
1273860 1516.3
1273870 1528.4
1273880 1528.4
1273890 1538.6
1273900 1548.6
1273910 1548.6
1273920 1556.2
1273930 1562.9
1273940 1562.9
1273950 1569.8
1273960 1576.6
1273970 1576.6
1273980 1582.0
1273990 1586.8
1274000 1586.8
1274010 1591.5
1274020 1596.4
1274030 1596.4
1274040 1602.0
1274050 1606.2
1274060 1611.7
1274070 1611.7
1274080 1614.9
1274090 1617.2
1274100 1617.2
1274110 1622.7
1274120 1626.0
1274130 1626.0
1274140 1627.3
1274150 1630.9
1274160 1630.9
1274170 1635.0
1274180 1636.9
1274190 1630.0
1274200 1634.0
1274210 1639.8
1274220 1639.8
1274230 1645.5
1274240 1650.3
1274250 1650.3
1274260 1654.4
1274270 1658.8
1274280 1658.8
1274290 1663.6
1274300 1668.9
1274310 1668.9
1274320 1674.6
1274330 1679.8
1274340 1683.9
1274350 1683.9
1274360 1686.4
1274370 1688.3
1274380 1688.3
1274390 1690.1
1274400 1690.9
1274410 1690.9
1274420 1692.3
1274430 1697.2
1274440 1697.2
1274450 1701.5
1274460 1705.7
1274470 1705.7
1274480 1709.5
1274490 1712.5
1274500 1712.5
1274510 1714.8
1274520 1716.1
1274530 1716.1
1274540 1716.6
1274550 1717.9
1274560 1717.9
1274570 1720.5
1274580 1722.3
1274590 1722.3
1274600 1725.7
1274610 1729.3
1274620 1732.9
1274630 1732.9
1274640 1737.3
1274650 1741.3
1274660 1741.3
1274670 1746.2
1274680 1751.2
1274690 1751.2
1274700 1755.1
1274710 1757.3
1274720 1757.3
1274730 1758.9
1274740 1761.0
1274750 1761.0
1274760 1764.8
1274770 1769.7
1274780 1769.7
1274790 1774.5
1274800 1765.0
1274810 1765.0
1274820 1766.2
1274830 1769.2
1274840 1769.2
1274850 1771.1
1274860 1774.7
1274870 1774.7
1274880 1779.2
1274890 1781.8
1274900 1781.8
1274910 1782.2
1274920 1785.9
1274930 1789.6
1274940 1789.6
1274950 1791.4
1274960 1797.4
1274970 1797.4
1274980 1802.0
1274990 1803.5
1275000 1803.5
1275010 1806.6
1275020 1810.4
1275030 1810.4
1275040 1815.2
1275050 1820.8
1275060 1820.8
1275070 1825.4
1275080 1829.3
1275090 1829.3
1275100 1833.6
1275110 1836.6
1275120 1836.6
1275130 1836.7
1275140 1835.9
1275150 1835.9
1275160 1832.1
1275170 1832.3
1275180 1832.3
1275190 1835.5
1275200 1837.9
1275210 1840.4
1275220 1840.4
1275230 1842.6
1275240 1842.8
1275250 1842.8
1275260 1843.1
1275270 1844.9
1275280 1844.9
1275290 1847.7
1275300 1847.3
1275310 1847.3
1275320 1846.4
1275330 1845.8
1275340 1845.8
1275350 1848.1
1275360 1848.1
1275370 1848.1
1275380 1848.6
1275390 1850.6
1275400 1850.6
1275410 1844.2
1275420 1845.8
1275430 1845.8
1275440 1847.7
1275450 1847.7
1275460 1847.7
1275470 1847.7
1275480 1848.5
1275490 1850.5
1275500 1850.5
1275510 1854.2
1275520 1857.3
1275530 1857.3
1275540 1859.1
1275550 1861.5
1275560 1861.5
1275570 1864.4
1275580 1867.3
1275590 1867.3
1275600 1869.5
1275610 1871.8
1275620 1871.8
1275630 1873.7
1275640 1875.2
1275650 1875.2
1275660 1876.9
1275670 1879.2
1275680 1879.2
1275690 1882.2
1275700 1885.4
1275710 1885.4
1275720 1890.3
1275730 1894.1
1275740 1894.1
1275750 1895.3
1275760 1895.6
1275770 1895.6
1275780 1897.8
1275790 1902.7
1275800 1908.3
1275810 1908.3
1275820 1913.2
1275830 1915.2
1275840 1915.2
1275850 1918.2
1275860 1919.8
1275870 1919.8
1275880 1923.1
1275890 1925.2
1275900 1925.2
1275910 1927.9
1275920 1932.6
1275930 1932.6
1275940 1935.6
1275950 1938.8
1275960 1938.8
1275970 1942.2
1275980 1946.8
1275990 1946.8
1276000 1947.2
1276010 1946.4
1276020 1935.2
1276030 1936.3
1276040 1935.8
1276050 1935.8
1276060 1936.9
1276070 1939.3
1276080 1945.4
1276090 1945.4
1276100 1949.5
1276110 1950.7
1276120 1950.7
1276130 1951.3
1276140 1952.4
1276150 1952.4
1276160 1952.4
1276170 1954.8
1276180 1954.8
1276190 1961.1
1276200 1966.0
1276210 1966.0
1276220 1968.5
1276230 1969.4
1276240 1969.4
1276250 1971.0
1276260 1972.5
1276270 1972.5
1276280 1974.3
1276290 1974.9
1276300 1974.9
1276310 1974.5
1276320 1975.3
1276330 1975.3
1276340 1979.7
1276350 1983.9
1276360 1983.9
1276370 1989.6
1276380 1995.5
1276390 1998.7
1276400 1998.7
1276410 1999.2
1276420 1996.6
1276430 1996.6
1276440 1997.1
1276450 1999.7
1276460 1999.7
1276470 2000.3
1276480 2003.1
1276490 2003.1
1276500 2005.2
1276510 2007.2
1276520 2007.2
1276530 2007.9
1276540 2004.5
1276550 2004.5
1276560 2001.1
1276570 2001.6
1276580 2001.6
1276590 2002.7
1276600 2007.1
1276610 2007.1
1276620 2012.7
1276630 2003.1
1276640 2003.1
1276650 2004.3
1276660 2005.6
1276670 2006.2
1276680 2006.2
1276690 2005.8
1276700 2004.9
1276710 2004.9
1276720 2005.2
1276730 2006.0
1276740 2006.0
1276750 2007.4
1276760 2008.2
1276770 2008.2
1276780 2009.7
1276790 2011.7
1276800 2011.7
1276810 2013.7
1276820 2015.8
1276830 2015.8
1276840 2018.4
1276850 2019.5
1276860 2019.5
1276870 2013.4
1276880 2005.0
1276890 2005.0
1276900 2007.5
1276910 2012.9
1276920 2012.9
1276930 2017.8
1276940 2022.0
1276950 2026.6
1276960 2026.6
1276970 2032.8
1276980 2040.5
1276990 2040.5
1277000 2049.4
1277010 2057.7
1277020 2057.7
1277030 2065.5
1277040 2073.4
1277050 2073.4
1277060 2079.4
1277070 2083.6
1277080 2083.6
1277090 2086.2
1277100 2087.9
1277110 2087.9
1277120 2088.8
1277130 2089.8
1277140 2089.8
1277150 2090.9
1277160 2090.5
1277170 2090.5
1277180 2090.8
1277190 2092.3
1277200 2092.3
1277210 2094.4
1277220 2096.2
1277230 2096.2
1277240 2092.1
1277250 2093.1
1277260 2094.7
1277270 2094.7
1277280 2097.6
1277290 2100.9
1277300 2100.9
1277310 2103.9
1277320 2106.8
1277330 2106.8
1277340 2110.2
1277350 2113.6
1277360 2113.6
1277370 2116.7
1277380 2119.4
1277390 2119.4
1277400 2122.0
1277410 2124.1
1277420 2124.1
1277430 2126.1
1277440 2128.5
1277450 2128.5
1277460 2132.2
1277470 2136.8
1277480 2136.8
1277490 2140.7
1277500 2143.7
1277510 2143.7
1277520 2146.6
1277530 2148.9
1277540 2151.5
1277550 2151.5
1277560 2153.0
1277570 2153.3
1277580 2153.3
1277590 2154.3
1277600 2156.5
1277610 2156.5
1277620 2153.0
1277630 2152.5
1277640 2152.5
1277650 2156.8
1277660 2161.6
1277670 2161.6
1277680 2165.4
1277690 2168.3
1277700 2168.3
1277710 2174.1
1277720 2181.6
1277730 2181.6
1277740 2188.2
1277750 2192.2
1277760 2192.2
1277770 2193.3
1277780 2190.0
1277790 2190.0
1277800 2187.7
1277810 2191.3
1277820 2195.1
1277830 2195.1
1277840 2192.7
1277850 2191.3
1277860 2183.6
1277870 2184.6
1277880 2186.8
1277890 2186.8
1277900 2192.6
1277910 2199.4
1277920 2199.4
1277930 2205.9
1277940 2212.5
1277950 2212.5
1277960 2220.2
1277970 2224.3
1277980 2224.3
1277990 2225.9
1278000 2230.5
1278010 2230.5
1278020 2234.4
1278030 2238.3
1278040 2238.3
1278050 2240.6
1278060 2245.3
1278070 2245.3
1278080 2254.7
1278090 2261.7
1278100 2261.7
1278110 2268.8
1278120 2272.9
1278130 2271.6
1278140 2271.6
1278150 2269.5
1278160 2260.5
1278170 2260.5
1278180 2255.1
1278190 2245.8
1278200 2245.8
1278210 2231.3
1278220 2225.8
1278230 2225.8
1278240 2230.7
1278250 2236.7
1278260 2236.7
1278270 2242.0
1278280 2250.7
1278290 2250.7
1278300 2257.6
1278310 2260.8
1278320 2260.8
1278330 2264.8
1278340 2275.8
1278350 2275.8
1278360 2284.4
1278370 2287.8
1278380 2287.8
1278390 2291.2
1278400 2296.8
1278410 2299.7
1278420 2299.7
1278430 2302.3
1278440 2307.6
1278450 2307.6
1278460 2312.6
1278470 2316.7
1278480 2306.4
1278490 2306.9
1278500 2310.7
1278510 2310.7
1278520 2315.3
1278530 2310.1
1278540 2310.1
1278550 2300.5
1278560 2298.8
1278570 2298.8
1278580 2295.8
1278590 2300.3
1278600 2300.3
1278610 2305.6
1278620 2310.9
1278630 2310.9
1278640 2310.9
1278650 2307.5
1278660 2307.5
1278670 2305.6
1278680 2301.9
1278690 2310.9
1278700 2310.9
1278710 2316.6
1278720 2321.6
1278730 2321.6
1278740 2325.6
1278750 2329.0
1278760 2329.0
1278770 2339.8
1278780 2350.9
1278790 2350.9
1278800 2346.5
1278810 2339.8
1278820 2339.8
1278830 2333.8
1278840 2329.5
1278850 2329.5
1278860 2331.6
1278870 2334.4
1278880 2334.4
1278890 2341.3
1278900 2347.8
1278910 2347.8
1278920 2352.7
1278930 2353.9
1278940 2353.9
1278950 2352.2
1278960 2355.2
1278970 2355.2
1278980 2356.4
1278990 2360.2
1279000 2367.2
1279010 2367.2
1279020 2372.0
1279030 2369.5
1279040 2369.5
1279050 2369.2
1279060 2372.8
1279070 2372.8
1279080 2378.4
1279090 2377.7
1279100 2368.5
1279110 2370.5
1279120 2373.4
1279130 2373.4
1279140 2372.5
1279150 2375.9
1279160 2375.9
1279170 2380.6
1279180 2385.4
1279190 2385.4
1279200 2384.6
1279210 2385.0
1279220 2385.0
1279230 2381.5
1279240 2379.1
1279250 2379.1
1279260 2377.6
1279270 2374.8
1279280 2374.6
1279290 2374.6
1279300 2375.1
1279310 2375.5
1279320 2375.5
1279330 2378.2
1279340 2379.7
1279350 2379.7
1279360 2379.6
1279370 2382.7
1279380 2382.7
1279390 2384.4
1279400 2385.7
1279410 2385.7
1279420 2387.3
1279430 2390.8
1279440 2390.8
1279450 2395.2
1279460 2399.8
1279470 2399.8
1279480 2403.6
1279490 2408.7
1279500 2408.7
1279510 2415.2
1279520 2419.6
1279530 2419.6
1279540 2423.2
1279550 2425.6
1279560 2428.9
1279570 2428.9
1279580 2431.2
1279590 2431.1
1279600 2431.1
1279610 2431.6
1279620 2437.0
1279630 2437.0
1279640 2440.4
1279650 2442.1
1279660 2442.1
1279670 2444.1
1279680 2446.0
1279690 2446.0
1279700 2448.0
1279710 2450.0
1279720 2440.5
1279730 2442.6
1279740 2445.7
1279750 2445.7
1279760 2449.7
1279770 2455.4
1279780 2455.4
1279790 2465.4
1279800 2475.9
1279810 2475.9
1279820 2483.0
1279830 2488.3
1279840 2488.3
1279850 2492.4
1279860 2492.1
1279870 2490.4
1279880 2490.4
1279890 2485.5
1279900 2486.3
1279910 2486.3
1279920 2475.3
1279930 2461.7
1279940 2461.7
1279950 2452.5
1279960 2446.3
1279970 2446.3
1279980 2442.2
1279990 2437.3
