1260000 1299.5
1260010 1306.0
1260020 1306.0
1260030 1311.2
1260040 1316.2
1260050 1316.2
1260060 1321.5
1260070 1327.0
1260080 1327.0
1260090 1330.2
1260100 1335.1
1260110 1335.1
1260120 1339.9
1260130 1344.7
1260140 1344.7
1260150 1348.6
1260160 1352.8
1260170 1358.4
1260180 1358.4
1260190 1362.4
1260200 1365.7
1260210 1365.7
1260220 1370.8
1260230 1375.1
1260240 1375.1
1260250 1379.2
1260260 1382.8
1260270 1382.8
1260280 1385.5
1260290 1387.4
1260300 1387.4
1260310 1391.2
1260320 1395.8
1260330 1395.8
1260340 1400.5
1260350 1405.4
1260360 1405.4
1260370 1409.9
1260380 1414.2
1260390 1414.2
1260400 1418.2
1260410 1421.6
1260420 1421.6
1260430 1424.5
1260440 1427.7
1260450 1427.7
1260460 1431.1
1260470 1434.5
1260480 1437.8
1260490 1437.8
1260500 1441.5
1260510 1445.0
1260520 1445.0
1260530 1448.4
1260540 1451.8
1260550 1451.8
1260560 1455.3
1260570 1459.1
1260580 1459.1
1260590 1462.6
1260600 1465.4
1260610 1465.4
1260620 1468.2
1260630 1471.5
1260640 1471.5
1260650 1474.2
1260660 1475.8
1260670 1475.8
1260680 1479.1
1260690 1482.7
1260700 1482.7
1260710 1485.7
1260720 1488.5
1260730 1488.5
1260740 1491.9
1260750 1495.3
1260760 1498.9
1260770 1498.9
1260780 1502.7
1260790 1506.4
1260800 1506.4
1260810 1510.6
1260820 1514.7
1260830 1514.7
1260840 1518.4
1260850 1522.4
1260860 1522.4
1260870 1527.4
1260880 1532.2
1260890 1532.2
1260900 1537.3
1260910 1541.9
1260920 1541.9
1260930 1546.3
1260940 1551.0
1260950 1551.0
1260960 1555.5
1260970 1560.8
1260980 1560.8
1260990 1567.8
1261000 1575.6
1261010 1575.6
1261020 1582.8
1261030 1590.1
1261040 1590.1
1261050 1598.0
1261060 1604.0
1261070 1608.9
1261080 1608.9
1261090 1614.0
1261100 1617.8
1261110 1617.8
1261120 1620.6
1261130 1623.0
1261140 1623.0
1261150 1625.5
1261160 1627.2
1261170 1627.2
1261180 1628.6
1261190 1630.6
1261200 1630.6
1261210 1633.0
1261220 1636.3
1261230 1630.4
1261240 1632.7
1261250 1635.6
1261260 1635.6
1261270 1639.7
1261280 1643.2
1261290 1643.2
1261300 1645.8
1261310 1649.6
1261320 1649.6
1261330 1653.4
1261340 1656.1
1261350 1658.5
1261360 1658.5
1261370 1660.3
1261380 1662.4
1261390 1662.4
1261400 1664.6
1261410 1666.5
1261420 1666.5
1261430 1668.6
1261440 1670.1
1261450 1670.1
1261460 1672.4
1261470 1674.7
1261480 1674.7
1261490 1676.9
1261500 1679.2
1261510 1679.2
1261520 1681.7
1261530 1684.0
1261540 1684.0
1261550 1687.3
1261560 1691.0
1261570 1691.0
1261580 1694.9
1261590 1698.6
1261600 1698.6
1261610 1701.5
1261620 1704.6
1261630 1707.1
1261640 1707.1
1261650 1710.9
1261660 1714.5
1261670 1714.5
1261680 1718.6
1261690 1722.4
1261700 1722.4
1261710 1725.9
1261720 1729.5
1261730 1729.5
1261740 1733.5
1261750 1737.3
1261760 1737.3
1261770 1741.1
1261780 1747.0
1261790 1747.0
1261800 1748.5
1261810 1754.7
1261820 1754.7
1261830 1760.5
1261840 1767.0
1261850 1767.0
1261860 1773.9
1261870 1779.1
1261880 1779.1
1261890 1785.9
1261900 1790.3
1261910 1790.3
1261920 1793.5
1261930 1797.9
1261940 1801.5
1261950 1801.5
1261960 1806.9
1261970 1818.7
1261980 1818.7
1261990 1826.8
1262000 1831.2
1262010 1831.2
1262020 1833.0
1262030 1836.9
1262040 1836.9
1262050 1842.4
1262060 1848.6
1262070 1848.6
1262080 1854.8
1262090 1863.9
1262100 1863.9
1262110 1872.1
1262120 1878.6
1262130 1878.6
1262140 1885.2
1262150 1890.2
1262160 1890.2
1262170 1896.0
1262180 1902.1
1262190 1902.1
1262200 1907.8
1262210 1914.3
1262220 1921.9
1262230 1921.9
1262240 1928.7
1262250 1937.0
1262260 1937.0
1262270 1946.0
1262280 1954.5
1262290 1954.5
1262300 1962.6
1262310 1969.9
1262320 1969.9
1262330 1976.5
1262340 1983.7
1262350 1983.7
1262360 1990.8
1262370 1998.6
1262380 1998.6
1262390 2004.7
1262400 2011.2
1262410 2011.2
1262420 2017.9
1262430 2024.7
1262440 2024.7
1262450 2030.9
1262460 2037.6
1262470 2037.6
1262480 2044.5
1262490 2050.6
1262500 2055.8
1262510 2055.8
1262520 2059.7
1262530 2063.1
1262540 2063.1
1262550 2066.7
1262560 2070.0
1262570 2070.0
1262580 2073.7
1262590 2077.3
1262600 2077.3
1262610 2081.3
1262620 2085.1
1262630 2085.1
1262640 2089.0
1262650 2093.0
1262660 2093.0
1262670 2097.0
1262680 2100.3
1262690 2100.3
1262700 2103.1
1262710 2105.3
1262720 2105.3
1262730 2107.7
1262740 2110.0
1262750 2110.0
1262760 2112.3
1262770 2114.1
1262780 2114.1
1262790 2116.1
1262800 2118.2
1262810 2120.7
1262820 2120.7
1262830 2123.6
1262840 2126.5
1262850 2126.5
1262860 2129.2
1262870 2132.5
1262880 2132.5
1262890 2136.4
1262900 2140.8
1262910 2140.8
1262920 2145.1
1262930 2149.5
1262940 2149.5
1262950 2151.0
1262960 2156.0
1262970 2156.0
1262980 2160.8
1262990 2165.7
1263000 2165.7
1263010 2170.9
1263020 2175.9
1263030 2175.9
1263040 2181.4
1263050 2187.1
1263060 2187.1
1263070 2193.1
1263080 2199.1
1263090 2205.2
1263100 2205.2
1263110 2211.4
1263120 2217.6
1263130 2217.6
1263140 2223.8
1263150 2229.9
1263160 2229.9
1263170 2236.0
1263180 2242.1
1263190 2242.1
1263200 2248.4
1263210 2254.5
1263220 2254.5
1263230 2260.4
1263240 2266.2
1263250 2266.2
1263260 2272.2
1263270 2277.6
1263280 2277.6
1263290 2276.9
1263300 2272.3
1263310 2272.3
1263320 2266.9
1263330 2262.8
1263340 2262.8
1263350 2257.6
1263360 2258.4
1263370 2260.5
1263380 2260.5
1263390 2256.9
1263400 2247.1
1263410 2247.1
1263420 2236.5
1263430 2227.0
1263440 2227.0
1263450 2217.2
1263460 2206.8
1263470 2206.8
1263480 2196.9
1263490 2185.8
1263500 2185.8
1263510 2175.8
1263520 2165.0
1263530 2165.0
1263540 2156.5
1263550 2147.7
1263560 2147.7
1263570 2141.4
1263580 2139.5
1263590 2139.5
1263600 2137.0
1263610 2134.5
1263620 2134.5
1263630 2132.9
1263640 2134.0
1263650 2134.0
1263660 2136.9
1263670 2142.7
1263680 2146.4
1263690 2146.4
1263700 2145.4
1263710 2141.5
1263720 2141.5
1263730 2132.0
1263740 2128.1
1263750 2128.1
1263760 2129.1
1263770 2129.2
1263780 2129.2
1263790 2126.9
1263800 2125.3
1263810 2125.3
1263820 2127.1
1263830 2130.1
1263840 2130.1
1263850 2133.7
1263860 2142.5
1263870 2142.5
1263880 2152.7
1263890 2161.9
1263900 2161.9
1263910 2171.3
1263920 2179.0
1263930 2179.0
1263940 2181.3
1263950 2186.4
1263960 2199.3
1263970 2199.3
1263980 2217.9
1263990 2226.3
1264000 2226.3
1264010 2234.2
1264020 2240.7
1264030 2240.7
1264040 2240.6
1264050 2245.2
1264060 2245.2
1264070 2241.5
1264080 2235.7
1264090 2235.7
1264100 2271.2
1264110 2265.6
1264120 2265.6
1264130 2244.6
1264140 2207.6
1264150 2207.6
1264160 2196.5
1264170 2184.2
1264180 2184.2
1264190 2159.4
1264200 2133.4
1264210 2133.4
1264220 2117.7
1264230 2104.6
1264240 2104.6
1264250 2102.6
1264260 2122.5
1264270 2130.6
1264280 2130.6
1264290 2135.8
1264300 2145.8
1264310 2145.8
1264320 2164.6
1264330 2183.0
1264340 2183.0
1264350 2198.1
1264360 2210.5
1264370 2210.5
1264380 2221.5
1264390 2232.1
1264400 2232.1
1264410 2241.0
1264420 2256.1
1264430 2256.1
1264440 2264.0
1264450 2258.9
1264460 2258.9
1264470 2261.9
1264480 2260.2
1264490 2260.2
1264500 2252.7
1264510 2241.2
1264520 2241.2
1264530 2237.8
1264540 2221.0
1264550 2191.4
1264560 2191.4
1264570 2114.9
1264580 2056.6
1264590 2056.6
1264600 2016.6
1264610 1995.0
1264620 1995.0
1264630 1975.0
1264640 1955.1
1264650 1955.1
1264660 1943.4
1264670 1935.0
1264680 1939.8
1264690 1934.5
1264700 1931.1
1264710 1931.1
1264720 1925.6
1264730 1917.0
1264740 1917.0
1264750 1907.2
1264760 1897.9
1264770 1897.9
1264780 1883.1
1264790 1874.1
1264800 1874.1
1264810 1873.9
1264820 1873.9
1264830 1871.7
1264840 1871.7
1264850 1852.6
1264860 1828.4
1264870 1828.4
1264880 1803.9
1264890 1780.2
1264900 1780.2
1264910 1765.6
1264920 1742.1
1264930 1742.1
1264940 1726.9
1264950 1715.2
1264960 1715.2
1264970 1695.5
1264980 1683.6
1264990 1683.6
1265000 1681.0
1265010 1677.6
1265020 1677.6
1265030 1674.0
1265040 1670.1
1265050 1670.1
1265060 1665.8
1265070 1660.9
1265080 1660.9
1265090 1655.9
1265100 1651.0
1265110 1651.0
1265120 1646.4
1265130 1641.3
1265140 1635.9
1265150 1635.9
1265160 1631.1
1265170 1626.2
1265180 1626.2
1265190 1621.1
1265200 1615.4
1265210 1615.4
1265220 1610.0
1265230 1606.6
1265240 1606.6
1265250 1604.0
1265260 1606.6
1265270 1606.6
1265280 1604.7
1265290 1603.2
1265300 1603.2
1265310 1600.5
1265320 1598.4
1265330 1598.4
1265340 1597.1
1265350 1594.5
1265360 1594.5
1265370 1591.1
1265380 1588.2
1265390 1588.2
1265400 1585.9
1265410 1582.7
1265420 1579.4
1265430 1579.4
1265440 1576.2
1265450 1572.9
1265460 1572.9
1265470 1570.4
1265480 1568.5
1265490 1568.5
1265500 1567.3
1265510 1566.4
1265520 1566.4
1265530 1565.6
1265540 1566.1
1265550 1566.1
1265560 1566.6
1265570 1566.8
1265580 1566.8
1265590 1566.6
1265600 1567.3
1265610 1567.3
1265620 1568.8
1265630 1569.9
1265640 1569.9
1265650 1569.7
1265660 1570.5
1265670 1570.5
1265680 1571.1
1265690 1571.5
1265700 1572.2
1265710 1572.2
1265720 1573.3
1265730 1575.1
1265740 1575.1
1265750 1579.7
1265760 1585.2
1265770 1585.2
1265780 1589.7
1265790 1592.2
1265800 1592.2
1265810 1594.9
1265820 1597.7
1265830 1597.7
1265840 1602.0
1265850 1605.0
1265860 1605.0
1265870 1608.0
1265880 1611.3
1265890 1611.3
1265900 1614.5
1265910 1617.1
1265920 1617.1
1265930 1618.7
1265940 1619.3
1265950 1619.3
1265960 1619.8
1265970 1621.6
1265980 1621.6
1265990 1624.3
1266000 1625.9
1266010 1626.4
1266020 1626.4
1266030 1627.7
1266040 1630.1
1266050 1630.1
1266060 1630.5
1266070 1629.3
1266080 1629.3
1266090 1630.6
1266100 1635.1
1266110 1635.1
1266120 1640.6
1266130 1646.3
1266140 1646.3
1266150 1652.3
1266160 1658.6
1266170 1658.6
1266180 1665.4
1266190 1672.4
1266200 1672.4
1266210 1679.8
1266220 1686.5
1266230 1686.5
1266240 1691.9
1266250 1698.5
1266260 1698.5
1266270 1703.9
1266280 1709.4
1266290 1717.1
1266300 1717.1
1266310 1724.5
1266320 1731.2
1266330 1731.2
1266340 1737.5
1266350 1742.2
1266360 1742.2
1266370 1747.9
1266380 1754.9
1266390 1754.9
1266400 1760.8
1266410 1766.5
1266420 1761.1
1266430 1766.8
1266440 1773.1
1266450 1773.1
1266460 1778.5
1266470 1781.9
1266480 1781.9
1266490 1786.9
1266500 1793.5
1266510 1793.5
1266520 1799.8
1266530 1806.3
1266540 1806.3
1266550 1812.4
1266560 1817.3
1266570 1821.4
1266580 1821.4
1266590 1822.7
1266600 1822.0
1266610 1822.0
1266620 1821.0
1266630 1819.2
1266640 1819.2
1266650 1815.7
1266660 1810.8
1266670 1810.8
1266680 1805.6
1266690 1800.1
1266700 1800.1
1266710 1794.6
1266720 1788.8
1266730 1788.8
1266740 1782.6
1266750 1776.6
1266760 1776.6
1266770 1770.9
1266780 1765.4
1266790 1765.4
1266800 1760.0
1266810 1755.1
1266820 1755.1
1266830 1752.5
1266840 1751.8
1266850 1751.8
1266860 1751.7
1266870 1750.2
1266880 1748.0
1266890 1748.0
1266900 1746.2
1266910 1744.8
1266920 1744.8
1266930 1745.5
1266940 1746.1
1266950 1746.1
1266960 1743.4
1266970 1739.7
1266980 1739.7
1266990 1735.6
1267000 1730.9
1267010 1734.2
1267020 1729.5
1267030 1724.6
1267040 1724.6
1267050 1721.0
1267060 1719.7
1267070 1719.7
1267080 1718.8
1267090 1716.7
1267100 1716.7
1267110 1714.6
1267120 1712.3
1267130 1712.3
1267140 1709.5
1267150 1707.8
1267160 1707.2
1267170 1707.2
1267180 1708.4
1267190 1710.8
1267200 1710.8
1267210 1712.8
1267220 1714.9
1267230 1714.9
1267240 1718.3
1267250 1722.9
1267260 1722.9
1267270 1728.1
1267280 1733.5
1267290 1733.5
1267300 1738.0
1267310 1742.9
1267320 1742.9
1267330 1749.4
1267340 1756.4
1267350 1756.4
1267360 1763.9
1267370 1771.4
1267380 1771.4
1267390 1778.1
1267400 1784.5
1267410 1784.5
1267420 1791.0
1267430 1797.4
1267440 1803.8
1267450 1803.8
1267460 1810.3
1267470 1816.7
1267480 1816.7
1267490 1822.8
1267500 1828.8
1267510 1828.8
1267520 1833.5
1267530 1836.6
1267540 1836.6
1267550 1838.3
1267560 1838.7
1267570 1838.7
1267580 1838.5
1267590 1836.8
1267600 1839.3
1267610 1837.2
1267620 1833.6
1267630 1833.6
1267640 1829.5
1267650 1825.4
1267660 1825.4
1267670 1820.8
1267680 1815.6
1267690 1815.6
1267700 1810.4
1267710 1805.2
1267720 1805.2
1267730 1800.3
1267740 1795.6
1267750 1791.2
1267760 1791.2
1267770 1786.9
1267780 1782.5
1267790 1782.5
1267800 1777.9
1267810 1772.8
1267820 1772.8
1267830 1767.6
1267840 1762.1
1267850 1762.1
1267860 1756.6
1267870 1751.3
1267880 1751.3
1267890 1746.3
1267900 1741.8
1267910 1741.8
1267920 1737.5
1267930 1733.4
1267940 1733.4
1267950 1729.2
1267960 1724.7
1267970 1724.7
1267980 1720.0
1267990 1714.4
1268000 1714.4
1268010 1708.2
1268020 1702.1
1268030 1696.1
1268040 1696.1
1268050 1689.8
1268060 1683.7
1268070 1683.7
1268080 1677.9
1268090 1671.8
1268100 1671.8
1268110 1666.4
1268120 1661.6
1268130 1661.6
1268140 1657.1
1268150 1653.2
1268160 1653.2
1268170 1650.0
1268180 1647.4
1268190 1647.4
1268200 1644.3
1268210 1640.6
1268220 1640.6
1268230 1637.3
1268240 1634.4
1268250 1634.4
1268260 1630.5
1268270 1626.9
1268280 1626.9
1268290 1624.2
1268300 1621.9
1268310 1621.9
1268320 1621.4
1268330 1619.7
1268340 1617.0
1268350 1617.0
1268360 1613.5
1268370 1609.5
1268380 1609.5
1268390 1607.4
1268400 1606.6
1268410 1606.6
1268420 1605.4
1268430 1603.8
1268440 1603.8
1268450 1602.2
1268460 1600.9
1268470 1600.9
1268480 1599.5
1268490 1598.1
1268500 1598.1
1268510 1596.2
1268520 1593.3
1268530 1593.3
1268540 1590.1
1268550 1587.0
1268560 1587.0
1268570 1584.0
1268580 1580.2
1268590 1580.2
1268600 1576.8
1268610 1574.3
1268620 1572.2
1268630 1572.2
1268640 1571.3
1268650 1570.1
1268660 1570.1
1268670 1569.0
1268680 1567.7
1268690 1567.7
1268700 1566.4
1268710 1564.9
1268720 1564.9
1268730 1563.7
1268740 1562.7
1268750 1562.7
1268760 1561.8
1268770 1567.6
1268780 1567.6
1268790 1566.5
1268800 1565.4
1268810 1565.4
1268820 1564.0
1268830 1562.4
1268840 1562.4
1268850 1560.8
1268860 1559.2
1268870 1559.2
1268880 1557.1
1268890 1555.0
1268900 1552.7
1268910 1552.7
1268920 1550.6
1268930 1547.9
1268940 1547.9
1268950 1544.8
1268960 1541.5
1268970 1541.5
1268980 1539.8
1268990 1541.6
1269000 1541.6
1269010 1541.0
1269020 1542.5
1269030 1542.5
1269040 1545.0
1269050 1551.0
1269060 1551.0
1269070 1550.5
1269080 1548.9
1269090 1548.9
1269100 1550.8
1269110 1554.7
1269120 1554.7
1269130 1557.9
1269140 1561.2
1269150 1561.2
1269160 1565.2
1269170 1570.2
1269180 1570.2
1269190 1574.8
1269200 1578.6
1269210 1581.5
1269220 1581.5
1269230 1586.8
1269240 1592.6
1269250 1592.6
1269260 1598.3
1269270 1604.0
1269280 1604.0
1269290 1609.4
1269300 1614.9
1269310 1614.9
1269320 1620.7
1269330 1625.7
1269340 1625.7
1269350 1630.6
1269360 1635.8
1269370 1639.1
1269380 1643.9
1269390 1647.8
1269400 1647.8
1269410 1654.0
1269420 1661.9
1269430 1661.9
1269440 1670.6
1269450 1680.5
1269460 1680.5
1269470 1689.8
1269480 1695.5
1269490 1702.9
1269500 1702.9
1269510 1710.2
1269520 1715.0
1269530 1715.0
1269540 1723.6
1269550 1730.6
1269560 1730.6
1269570 1736.6
1269580 1743.0
1269590 1743.0
1269600 1749.8
1269610 1755.4
1269620 1755.4
1269630 1761.2
1269640 1767.2
1269650 1767.2
1269660 1773.7
1269670 1780.2
1269680 1780.2
1269690 1786.4
1269700 1792.5
1269710 1792.5
1269720 1798.7
1269730 1804.5
1269740 1804.5
1269750 1810.2
1269760 1815.3
1269770 1821.5
1269780 1821.5
1269790 1828.9
1269800 1835.6
1269810 1835.6
1269820 1840.9
1269830 1846.2
1269840 1846.2
1269850 1852.9
1269860 1861.1
1269870 1861.1
1269880 1868.5
1269890 1876.0
1269900 1876.0
1269910 1884.0
1269920 1891.4
1269930 1891.4
1269940 1896.4
1269950 1900.3
1269960 1904.0
1269970 1908.1
1269980 1911.9
1269990 1911.9
1270000 1915.2
1270010 1920.4
1270020 1920.4
1270030 1925.8
1270040 1931.1
1270050 1931.1
1270060 1936.0
1270070 1939.1
1270080 1941.7
1270090 1941.7
1270100 1944.4
1270110 1946.6
1270120 1946.6
1270130 1946.6
1270140 1945.7
1270150 1945.7
1270160 1943.6
1270170 1940.2
1270180 1940.2
1270190 1935.8
1270200 1930.7
1270210 1930.7
1270220 1923.4
1270230 1914.5
1270240 1914.5
1270250 1902.5
1270260 1878.4
1270270 1878.4
1270280 1860.0
1270290 1850.9
1270300 1850.9
1270310 1842.8
1270320 1835.2
1270330 1835.2
1270340 1827.4
1270350 1818.3
1270360 1809.2
1270370 1809.2
1270380 1802.1
1270390 1793.6
1270400 1793.6
1270410 1786.6
1270420 1779.9
1270430 1779.9
1270440 1773.6
1270450 1766.5
1270460 1766.5
1270470 1759.3
1270480 1752.2
1270490 1752.2
1270500 1745.5
1270510 1739.5
1270520 1739.5
1270530 1734.1
1270540 1729.9
1270550 1733.6
1270560 1730.4
1270570 1729.2
1270580 1729.2
1270590 1730.2
1270600 1729.0
1270610 1729.0
1270620 1726.1
1270630 1723.4
1270640 1720.9
1270650 1720.9
1270660 1719.0
1270670 1718.6
1270680 1718.6
1270690 1719.2
1270700 1719.5
1270710 1719.5
1270720 1717.5
1270730 1713.6
1270740 1713.6
1270750 1706.1
1270760 1695.7
1270770 1695.7
1270780 1684.2
1270790 1678.0
1270800 1678.0
1270810 1673.6
1270820 1666.5
1270830 1666.5
1270840 1665.4
1270850 1667.8
1270860 1667.8
1270870 1671.1
1270880 1674.5
1270890 1674.5
1270900 1677.8
1270910 1681.1
1270920 1681.1
1270930 1684.7
1270940 1688.5
1270950 1691.4
1270960 1691.4
1270970 1695.1
1270980 1699.4
1270990 1699.4
1271000 1703.9
1271010 1708.3
1271020 1708.3
1271030 1713.5
1271040 1719.6
1271050 1719.6
1271060 1726.0
1271070 1732.5
1271080 1732.5
1271090 1739.0
1271100 1745.6
1271110 1745.6
1271120 1752.9
1271130 1761.3
1271140 1761.3
1271150 1769.3
1271160 1776.2
1271170 1776.2
1271180 1780.9
1271190 1784.5
1271200 1784.5
1271210 1788.6
1271220 1793.4
1271230 1798.7
1271240 1798.7
1271250 1804.1
1271260 1808.4
1271270 1808.4
1271280 1812.1
1271290 1816.3
1271300 1816.3
1271310 1820.2
1271320 1823.9
1271330 1823.9
1271340 1827.8
1271350 1831.2
1271360 1831.2
1271370 1834.7
1271380 1838.1
1271390 1838.1
1271400 1841.7
1271410 1845.5
1271420 1845.5
1271430 1849.5
1271440 1853.0
1271450 1853.0
1271460 1856.3
1271470 1859.8
1271480 1859.8
1271490 1863.2
1271500 1866.2
1271510 1868.7
1271520 1868.7
1271530 1870.7
1271540 1872.3
1271550 1872.3
1271560 1873.6
1271570 1874.7
1271580 1874.7
1271590 1875.7
1271600 1877.1
1271610 1877.1
1271620 1879.1
1271630 1881.4
1271640 1881.4
1271650 1884.6
1271660 1888.3
1271670 1888.3
1271680 1891.3
1271690 1894.4
1271700 1894.4
1271710 1898.0
1271720 1900.8
1271730 1900.8
1271740 1902.7
1271750 1909.8
1271760 1909.8
1271770 1912.8
1271780 1915.8
1271790 1915.8
1271800 1917.7
1271810 1920.9
1271820 1924.5
1271830 1924.5
1271840 1927.1
1271850 1929.7
1271860 1929.7
1271870 1931.5
1271880 1932.7
1271890 1932.7
1271900 1933.5
1271910 1933.7
1271920 1933.7
1271930 1933.5
1271940 1932.2
1271950 1932.2
1271960 1927.9
1271970 1921.0
1271980 1921.0
1271990 1912.8
1272000 1904.0
1272010 1904.0
1272020 1897.1
1272030 1890.4
1272040 1890.4
1272050 1883.9
1272060 1878.6
1272070 1878.6
1272080 1872.8
1272090 1866.6
1272100 1860.2
1272110 1860.2
1272120 1852.8
1272130 1844.5
1272140 1844.5
1272150 1836.1
1272160 1827.8
1272170 1827.8
1272180 1819.8
1272190 1812.0
1272200 1812.0
1272210 1803.3
1272220 1793.9
1272230 1793.9
1272240 1785.2
1272250 1776.5
1272260 1776.5
1272270 1768.5
1272280 1760.7
1272290 1760.7
1272300 1752.3
1272310 1744.7
1272320 1744.7
1272330 1738.9
1272340 1733.7
1272350 1731.8
1272360 1725.7
1272370 1719.9
1272380 1719.9
1272390 1715.2
1272400 1710.9
1272410 1706.2
1272420 1706.2
1272430 1702.7
1272440 1700.1
1272450 1700.1
1272460 1701.1
1272470 1699.2
1272480 1699.2
1272490 1695.2
1272500 1691.8
1272510 1691.8
1272520 1688.8
1272530 1686.5
1272540 1686.5
1272550 1685.3
1272560 1683.2
1272570 1683.2
1272580 1679.6
1272590 1676.8
1272600 1676.8
1272610 1674.7
1272620 1672.7
1272630 1672.7
1272640 1670.5
1272650 1668.0
1272660 1668.0
1272670 1666.0
1272680 1664.5
1272690 1663.8
1272700 1663.8
1272710 1663.4
1272720 1662.2
1272730 1662.2
1272740 1660.7
1272750 1656.8
1272760 1656.8
1272770 1649.9
1272780 1640.8
1272790 1640.8
1272800 1629.4
1272810 1616.8
1272820 1616.8
1272830 1604.6
1272840 1593.0
1272850 1593.0
1272860 1583.8
1272870 1573.1
1272880 1573.1
1272890 1564.2
1272900 1559.9
1272910 1559.9
1272920 1554.0
1272930 1549.3
1272940 1549.3
1272950 1552.0
1272960 1544.3
1272970 1534.4
1272980 1534.4
1272990 1523.1
1273000 1509.1
1273010 1509.1
1273020 1483.3
1273030 1458.3
1273040 1458.3
1273050 1448.6
1273060 1440.9
1273070 1440.9
1273080 1432.4
1273090 1425.1
1273100 1425.1
1273110 1416.0
1273120 1402.5
1273130 1402.5
1273140 1391.8
1273150 1390.6
1273160 1390.6
1273170 1394.5
1273180 1396.7
1273190 1396.7
1273200 1400.9
1273210 1401.1
1273220 1401.1
1273230 1396.6
1273240 1395.3
1273250 1395.3
1273260 1397.0
1273270 1398.6
1273280 1397.5
1273290 1397.5
1273300 1393.6
1273310 1391.5
1273320 1391.5
1273330 1392.5
1273340 1397.3
1273350 1397.3
1273360 1402.9
1273370 1406.3
1273380 1406.3
1273390 1407.8
1273400 1407.8
1273410 1407.8
1273420 1409.9
1273430 1408.9
1273440 1408.9
1273450 1402.5
1273460 1389.9
1273470 1389.9
1273480 1374.0
1273490 1380.2
1273500 1380.2
1273510 1396.4
1273520 1403.2
1273530 1403.2
1273540 1410.9
1273550 1417.0
1273560 1423.1
1273570 1423.1
1273580 1428.7
1273590 1432.6
1273600 1432.6
1273610 1436.3
1273620 1439.5
1273630 1439.5
1273640 1443.4
1273650 1448.2
1273660 1448.2
1273670 1452.6
1273680 1456.9
1273690 1456.9
1273700 1462.2
1273710 1467.1
1273720 1467.1
1273730 1471.0
1273740 1474.7
1273750 1474.7
1273760 1477.1
1273770 1479.2
1273780 1479.2
1273790 1482.6
1273800 1486.3
1273810 1486.3
1273820 1489.7
1273830 1494.0
1273840 1503.4
1273850 1503.4
1273860 1513.7
1273870 1521.5
1273880 1521.5
1273890 1526.5
1273900 1531.8
1273910 1531.8
1273920 1538.4
1273930 1545.2
1273940 1545.2
1273950 1550.3
1273960 1554.9
1273970 1554.9
1273980 1558.9
1273990 1562.5
1274000 1562.5
1274010 1567.0
1274020 1571.6
1274030 1571.6
1274040 1576.3
1274050 1581.0
1274060 1581.0
1274070 1585.0
1274080 1588.4
1274090 1588.4
1274100 1592.3
1274110 1595.6
1274120 1595.6
1274130 1598.9
1274140 1602.6
1274150 1606.4
1274160 1600.5
1274170 1603.5
1274180 1609.0
1274190 1609.0
1274200 1614.1
1274210 1618.1
1274220 1618.1
1274230 1621.5
1274240 1625.4
1274250 1625.4
1274260 1629.5
1274270 1634.2
1274280 1634.2
1274290 1641.0
1274300 1646.0
1274310 1646.0
1274320 1647.7
1274330 1649.3
1274340 1649.3
1274350 1652.3
1274360 1653.7
1274370 1653.7
1274380 1658.8
1274390 1661.8
1274400 1661.8
1274410 1664.2
1274420 1666.7
1274430 1669.6
1274440 1669.6
1274450 1671.9
1274460 1673.8
1274470 1673.8
1274480 1675.7
1274490 1677.9
1274500 1677.9
1274510 1679.7
1274520 1681.4
1274530 1681.4
1274540 1683.5
1274550 1685.3
1274560 1685.3
1274570 1687.9
1274580 1692.4
1274590 1692.4
1274600 1697.1
1274610 1700.5
1274620 1700.5
1274630 1703.4
1274640 1705.8
1274650 1705.8
1274660 1707.9
1274670 1709.5
1274680 1709.5
1274690 1706.0
1274700 1709.8
1274710 1714.4
1274720 1714.4
1274730 1718.3
1274740 1721.7
1274750 1721.7
1274760 1717.4
1274770 1722.0
1274780 1722.0
1274790 1726.1
1274800 1729.3
1274810 1729.3
1274820 1732.7
1274830 1737.3
1274840 1737.3
1274850 1741.8
1274860 1743.2
1274870 1743.2
1274880 1744.8
1274890 1746.5
1274900 1746.5
1274910 1749.8
1274920 1754.4
1274930 1754.4
1274940 1757.2
1274950 1759.6
1274960 1759.6
1274970 1760.8
1274980 1761.7
1274990 1761.7
1275000 1764.2
1275010 1771.8
1275020 1777.1
1275030 1777.1
1275040 1779.6
1275050 1780.9
1275060 1780.9
1275070 1783.0
1275080 1785.2
1275090 1785.2
1275100 1787.7
1275110 1788.7
1275120 1788.7
1275130 1788.6
1275140 1788.1
1275150 1788.1
1275160 1786.9
1275170 1788.7
1275180 1788.7
1275190 1791.5
1275200 1793.9
1275210 1793.9
1275220 1794.6
1275230 1798.3
1275240 1798.3
1275250 1804.8
1275260 1807.1
1275270 1807.1
1275280 1808.1
1275290 1809.5
1275300 1808.2
1275310 1808.2
1275320 1804.6
1275330 1804.4
1275340 1804.4
1275350 1804.6
1275360 1803.4
1275370 1794.7
1275380 1795.5
1275390 1799.0
1275400 1799.0
1275410 1803.7
1275420 1806.4
1275430 1806.4
1275440 1806.7
1275450 1806.6
1275460 1806.6
1275470 1806.9
1275480 1809.8
1275490 1809.8
1275500 1815.2
1275510 1820.0
1275520 1820.0
1275530 1823.6
1275540 1825.9
1275550 1825.9
1275560 1826.9
1275570 1828.8
1275580 1831.1
1275590 1831.1
1275600 1833.0
1275610 1835.1
1275620 1835.1
1275630 1838.7
1275640 1841.8
1275650 1841.8
1275660 1843.0
1275670 1842.5
1275680 1842.5
1275690 1844.7
1275700 1847.7
1275710 1847.7
1275720 1849.8
1275730 1852.2
1275740 1852.2
1275750 1853.4
1275760 1857.1
1275770 1857.1
1275780 1860.7
1275790 1861.8
1275800 1861.8
1275810 1866.0
1275820 1870.8
1275830 1870.8
1275840 1873.9
1275850 1876.0
1275860 1876.0
1275870 1877.4
1275880 1881.3
1275890 1884.2
1275900 1884.2
1275910 1886.1
1275920 1891.7
1275930 1891.7
1275940 1895.8
1275950 1898.0
1275960 1898.0
1275970 1900.8
1275980 1891.1
1275990 1891.1
1276000 1892.3
1276010 1896.4
1276020 1896.4
1276030 1897.2
1276040 1898.0
1276050 1898.0
1276060 1898.9
1276070 1905.4
1276080 1905.4
1276090 1908.3
1276100 1910.8
1276110 1910.8
1276120 1913.7
1276130 1914.4
1276140 1914.4
1276150 1913.9
1276160 1911.3
1276170 1913.4
1276180 1913.4
1276190 1924.7
1276200 1934.2
1276210 1934.2
1276220 1938.8
1276230 1938.2
1276240 1938.2
1276250 1936.2
1276260 1935.9
1276270 1935.9
1276280 1936.8
1276290 1937.2
1276300 1937.2
1276310 1946.0
1276320 1953.2
1276330 1953.2
1276340 1955.9
1276350 1958.1
1276360 1958.1
1276370 1963.1
1276380 1964.3
1276390 1964.3
1276400 1962.9
1276410 1960.6
1276420 1960.6
1276430 1960.5
1276440 1962.8
1276450 1964.7
1276460 1964.7
1276470 1965.6
1276480 1967.2
1276490 1967.2
1276500 1967.2
1276510 1966.0
1276520 1966.0
1276530 1964.5
1276540 1964.3
1276550 1964.3
1276560 1964.9
1276570 1966.2
1276580 1966.2
1276590 1968.5
1276600 1961.7
1276610 1961.7
1276620 1964.8
1276630 1968.1
1276640 1968.1
1276650 1970.6
1276660 1973.9
1276670 1973.9
1276680 1976.6
1276690 1978.8
1276700 1978.8
1276710 1979.3
1276720 1977.1
1276730 1977.1
1276740 1973.3
1276750 1971.3
1276760 1970.9
1276770 1970.9
1276780 1969.9
1276790 1968.3
1276800 1968.3
1276810 1968.4
1276820 1970.2
1276830 1970.2
1276840 1973.7
1276850 1979.1
1276860 1979.1
1276870 1987.3
1276880 1997.0
1276890 1997.0
1276900 2005.5
1276910 2013.5
1276920 2013.5
1276930 2024.2
1276940 2035.8
1276950 2035.8
1276960 2042.9
1276970 2048.7
1276980 2048.7
1276990 2053.2
1277000 2057.0
1277010 2057.0
1277020 2061.0
1277030 2064.5
1277040 2065.7
1277050 2065.7
1277060 2066.2
1277070 2067.1
1277080 2067.1
1277090 2068.7
1277100 2069.6
1277110 2069.6
1277120 2070.4
1277130 2071.3
1277140 2071.3
1277150 2072.8
1277160 2074.4
1277170 2074.4
1277180 2075.0
1277190 2076.3
1277200 2076.3
1277210 2074.8
1277220 2076.3
1277230 2076.3
1277240 2078.1
1277250 2080.2
1277260 2080.2
1277270 2083.2
1277280 2087.0
1277290 2087.0
1277300 2090.0
1277310 2092.4
1277320 2095.7
1277330 2095.7
1277340 2098.6
1277350 2101.2
1277360 2101.2
1277370 2103.5
1277380 2105.8
1277390 2105.8
1277400 2108.3
1277410 2110.5
1277420 2110.5
1277430 2112.0
1277440 2113.4
1277450 2113.4
1277460 2114.3
1277470 2114.8
1277480 2114.8
1277490 2115.7
1277500 2119.2
1277510 2119.2
1277520 2122.8
1277530 2123.5
1277540 2123.5
1277550 2123.4
1277560 2122.8
1277570 2122.8
1277580 2121.8
1277590 2125.1
1277600 2125.1
1277610 2125.2
1277620 2123.0
1277630 2126.0
1277640 2126.0
1277650 2129.0
1277660 2135.9
1277670 2135.9
1277680 2147.3
1277690 2152.8
1277700 2152.8
1277710 2155.7
1277720 2158.2
1277730 2158.2
1277740 2158.7
1277750 2158.4
1277760 2158.4
1277770 2159.0
1277780 2159.6
1277790 2159.6
1277800 2158.0
1277810 2159.3
1277820 2159.3
1277830 2151.9
1277840 2148.9
1277850 2148.9
1277860 2156.0
1277870 2162.1
1277880 2162.1
1277890 2167.5
1277900 2172.9
1277910 2178.5
1277920 2178.5
1277930 2183.7
1277940 2186.8
1277950 2186.8
1277960 2189.7
1277970 2192.6
1277980 2192.6
1277990 2193.7
1278000 2195.5
1278010 2195.5
1278020 2196.7
1278030 2198.8
1278040 2198.8
1278050 2203.3
1278060 2207.6
1278070 2207.6
1278080 2210.5
1278090 2212.9
1278100 2212.9
1278110 2216.5
1278120 2220.6
1278130 2220.6
1278140 2224.3
1278150 2226.8
1278160 2226.8
1278170 2220.2
1278180 2209.6
1278190 2200.9
1278200 2200.9
1278210 2191.6
1278220 2200.7
1278230 2200.7
1278240 2207.6
1278250 2213.9
1278260 2213.9
1278270 2219.0
1278280 2221.4
1278290 2221.4
1278300 2224.4
1278310 2230.4
1278320 2230.4
1278330 2236.5
1278340 2245.4
1278350 2245.4
1278360 2255.8
1278370 2259.1
1278380 2259.1
1278390 2258.8
1278400 2261.7
1278410 2261.7
1278420 2266.5
1278430 2268.6
1278440 2260.1
1278450 2262.2
1278460 2264.3
1278470 2264.3
1278480 2269.7
1278490 2272.8
1278500 2270.4
1278510 2270.4
1278520 2270.1
1278530 2263.7
1278540 2263.7
1278550 2261.1
1278560 2262.6
1278570 2262.6
1278580 2265.1
1278590 2273.2
1278600 2273.2
1278610 2274.7
1278620 2270.4
1278630 2270.4
1278640 2268.3
1278650 2268.9
1278660 2268.9
1278670 2269.5
1278680 2269.8
1278690 2269.8
1278700 2271.7
1278710 2277.6
1278720 2277.6
1278730 2286.3
1278740 2296.0
1278750 2296.0
1278760 2302.8
1278770 2308.1
1278780 2314.9
1278790 2314.9
1278800 2312.7
1278810 2304.9
1278820 2304.9
1278830 2299.4
1278840 2297.8
1278850 2297.8
1278860 2299.1
1278870 2304.8
1278880 2304.8
1278890 2310.1
1278900 2313.1
1278910 2313.1
1278920 2312.7
1278930 2313.6
1278940 2313.6
1278950 2315.8
1278960 2325.3
1278970 2325.3
1278980 2334.9
1278990 2340.5
1279000 2340.5
1279010 2333.6
1279020 2332.5
1279030 2332.5
1279040 2341.6
1279050 2350.8
1279060 2340.2
1279070 2340.2
1279080 2337.0
1279090 2342.3
1279100 2342.3
1279110 2342.1
1279120 2342.5
1279130 2342.5
1279140 2346.7
1279150 2351.4
1279160 2351.4
1279170 2356.6
1279180 2354.5
1279190 2354.5
1279200 2347.7
1279210 2344.0
1279220 2344.0
1279230 2345.8
1279240 2345.3
1279250 2345.3
1279260 2346.8
1279270 2346.8
1279280 2346.8
1279290 2345.8
1279300 2345.3
1279310 2345.3
1279320 2346.3
1279330 2346.3
1279340 2346.3
1279350 2345.8
1279360 2346.9
1279370 2349.9
1279380 2349.9
1279390 2352.5
1279400 2353.5
1279410 2353.5
1279420 2356.4
1279430 2361.6
1279440 2361.6
1279450 2366.4
1279460 2371.7
1279470 2371.7
1279480 2378.1
1279490 2383.2
1279500 2383.2
1279510 2389.8
1279520 2392.1
1279530 2392.1
1279540 2393.3
1279550 2392.7
1279560 2392.7
1279570 2392.2
1279580 2393.7
1279590 2393.7
1279600 2396.4
1279610 2399.7
1279620 2399.7
1279630 2402.2
1279640 2406.0
1279650 2409.6
1279660 2409.6
1279670 2412.2
1279680 2409.1
1279690 2409.1
1279700 2413.5
1279710 2417.8
1279720 2417.8
1279730 2422.3
1279740 2427.0
1279750 2427.0
1279760 2432.1
1279770 2437.1
1279780 2437.1
1279790 2441.8
1279800 2445.5
1279810 2445.5
1279820 2447.8
1279830 2450.6
1279840 2450.6
1279850 2454.1
1279860 2457.6
1279870 2457.6
1279880 2461.2
1279890 2465.0
1279900 2465.0
1279910 2468.6
1279920 2476.6
1279930 2480.6
1279940 2480.6
1279950 2484.2
1279960 2494.1
1279970 2494.1
1279980 2496.0
1279990 2481.0
