1260000 1341.1
1260010 1341.1
1260020 1343.9
1260030 1347.4
1260040 1347.4
1260050 1351.1
1260060 1354.6
1260070 1354.6
1260080 1358.0
1260090 1362.0
1260100 1366.6
1260110 1366.6
1260120 1371.9
1260130 1379.0
1260140 1379.0
1260150 1385.3
1260160 1390.5
1260170 1390.5
1260180 1396.7
1260190 1402.7
1260200 1402.7
1260210 1408.1
1260220 1413.3
1260230 1413.3
1260240 1418.4
1260250 1423.3
1260260 1423.3
1260270 1427.6
1260280 1431.7
1260290 1431.7
1260300 1436.1
1260310 1440.4
1260320 1440.4
1260330 1444.6
1260340 1449.1
1260350 1449.1
1260360 1453.2
1260370 1456.8
1260380 1456.8
1260390 1460.3
1260400 1464.0
1260410 1468.2
1260420 1468.2
1260430 1472.2
1260440 1476.4
1260450 1476.4
1260460 1480.6
1260470 1484.4
1260480 1484.4
1260490 1488.3
1260500 1492.1
1260510 1492.1
1260520 1496.5
1260530 1500.7
1260540 1500.7
1260550 1503.9
1260560 1506.9
1260570 1506.9
1260580 1510.1
1260590 1512.8
1260600 1512.8
1260610 1514.7
1260620 1516.4
1260630 1516.4
1260640 1518.1
1260650 1520.3
1260660 1520.3
1260670 1522.5
1260680 1524.9
1260690 1527.4
1260700 1529.8
1260710 1531.8
1260720 1534.1
1260730 1534.1
1260740 1537.2
1260750 1541.2
1260760 1541.2
1260770 1544.8
1260780 1547.6
1260790 1547.6
1260800 1550.7
1260810 1555.3
1260820 1555.3
1260830 1558.9
1260840 1562.7
1260850 1562.7
1260860 1566.3
1260870 1569.7
1260880 1569.7
1260890 1574.3
1260900 1579.9
1260910 1579.9
1260920 1586.3
1260930 1593.4
1260940 1593.4
1260950 1598.9
1260960 1600.8
1260970 1604.3
1260980 1604.3
1260990 1608.9
1261000 1612.8
1261010 1612.8
1261020 1617.0
1261030 1621.5
1261040 1621.5
1261050 1627.7
1261060 1634.5
1261070 1634.5
1261080 1640.3
1261090 1645.1
1261100 1645.1
1261110 1649.2
1261120 1651.5
1261130 1651.5
1261140 1654.7
1261150 1660.0
1261160 1660.0
1261170 1666.3
1261180 1671.5
1261190 1671.5
1261200 1675.4
1261210 1681.2
1261220 1681.2
1261230 1686.9
1261240 1694.7
1261250 1694.7
1261260 1705.8
1261270 1722.9
1261280 1732.1
1261290 1732.1
1261300 1740.6
1261310 1748.2
1261320 1748.2
1261330 1755.3
1261340 1762.8
1261350 1762.8
1261360 1770.8
1261370 1779.0
1261380 1779.0
1261390 1789.1
1261400 1797.2
1261410 1797.2
1261420 1803.1
1261430 1809.5
1261440 1809.5
1261450 1816.4
1261460 1824.2
1261470 1824.2
1261480 1833.2
1261490 1839.8
1261500 1839.8
1261510 1843.7
1261520 1847.9
1261530 1847.9
1261540 1852.3
1261550 1856.6
1261560 1860.6
1261570 1860.6
1261580 1864.3
1261590 1867.3
1261600 1867.3
1261610 1871.0
1261620 1874.6
1261630 1874.6
1261640 1876.9
1261650 1877.6
1261660 1877.6
1261670 1878.4
1261680 1879.2
1261690 1879.2
1261700 1881.0
1261710 1882.8
1261720 1882.8
1261730 1885.5
1261740 1888.5
1261750 1888.5
1261760 1891.5
1261770 1893.8
1261780 1893.8
1261790 1896.3
1261800 1899.2
1261810 1899.2
1261820 1901.8
1261830 1905.5
1261840 1900.1
1261850 1903.6
1261860 1907.3
1261870 1911.5
1261880 1911.5
1261890 1913.0
1261900 1914.4
1261910 1914.4
1261920 1917.4
1261930 1922.2
1261940 1922.2
1261950 1926.8
1261960 1932.3
1261970 1932.3
1261980 1938.0
1261990 1943.5
1262000 1943.5
1262010 1949.9
1262020 1957.2
1262030 1957.2
1262040 1965.1
1262050 1972.1
1262060 1972.1
1262070 1979.0
1262080 1985.3
1262090 1985.3
1262100 1991.6
1262110 1998.0
1262120 1998.0
1262130 2002.4
1262140 2005.2
1262150 2007.2
1262160 2007.2
1262170 2008.5
1262180 2010.8
1262190 2010.8
1262200 2012.9
1262210 2015.8
1262220 2015.8
1262230 2019.9
1262240 2023.5
1262250 2023.5
1262260 2025.9
1262270 2028.5
1262280 2028.5
1262290 2031.3
1262300 2033.7
1262310 2033.7
1262320 2034.5
1262330 2034.6
1262340 2034.6
1262350 2036.1
1262360 2038.5
1262370 2038.5
1262380 2042.1
1262390 2046.4
1262400 2046.4
1262410 2048.3
1262420 2053.1
1262430 2057.8
1262440 2057.8
1262450 2063.3
1262460 2068.4
1262470 2068.4
1262480 2073.6
1262490 2079.2
1262500 2079.2
1262510 2085.5
1262520 2091.5
1262530 2091.5
1262540 2095.4
1262550 2098.0
1262560 2098.0
1262570 2100.2
1262580 2102.2
1262590 2102.2
1262600 2099.4
1262610 2093.2
1262620 2093.2
1262630 2088.1
1262640 2084.6
1262650 2084.6
1262660 2083.8
1262670 2086.3
1262680 2086.3
1262690 2088.9
1262700 2090.0
1262710 2090.0
1262720 2084.6
1262730 2076.1
1262740 2070.8
1262750 2070.8
1262760 2070.0
1262770 2074.1
1262780 2074.1
1262790 2079.9
1262800 2081.9
1262810 2081.9
1262820 2080.6
1262830 2081.3
1262840 2081.3
1262850 2078.7
1262860 2076.3
1262870 2076.3
1262880 2077.1
1262890 2078.0
1262900 2078.0
1262910 2074.8
1262920 2067.3
1262930 2067.3
1262940 2057.6
1262950 2048.6
1262960 2048.6
1262970 2039.1
1262980 2028.3
1262990 2037.3
1263000 2023.2
1263010 2016.7
1263020 2015.2
1263030 2015.2
1263040 2012.7
1263050 2010.0
1263060 2010.0
1263070 2010.6
1263080 2013.1
1263090 2013.1
1263100 2014.8
1263110 2021.1
1263120 2021.1
1263130 2037.9
1263140 2054.6
1263150 2054.6
1263160 2058.5
1263170 2050.8
1263180 2050.8
1263190 2041.8
1263200 2039.4
1263210 2039.4
1263220 2033.7
1263230 2020.4
1263240 2020.4
1263250 2006.5
1263260 1996.2
1263270 1996.2
1263280 1985.0
1263290 1974.3
1263300 1974.3
1263310 1965.4
1263320 1952.4
1263330 1945.2
1263340 1945.2
1263350 1939.4
1263360 1933.2
1263370 1933.2
1263380 1925.4
1263390 1916.4
1263400 1916.4
1263410 1912.4
1263420 1911.4
1263430 1911.4
1263440 1908.9
1263450 1909.8
1263460 1909.8
1263470 1909.2
1263480 1908.8
1263490 1908.8
1263500 1909.2
1263510 1909.8
1263520 1909.8
1263530 1908.6
1263540 1905.0
1263550 1905.0
1263560 1906.6
1263570 1902.2
1263580 1902.2
1263590 1898.9
1263600 1892.0
1263610 1884.0
1263620 1884.0
1263630 1881.4
1263640 1880.1
1263650 1880.1
1263660 1877.7
1263670 1875.3
1263680 1875.3
1263690 1871.5
1263700 1869.7
1263710 1869.7
1263720 1866.9
1263730 1866.0
1263740 1866.0
1263750 1870.2
1263760 1872.3
1263770 1872.3
1263780 1876.5
1263790 1881.3
1263800 1881.3
1263810 1881.0
1263820 1880.9
1263830 1880.9
1263840 1883.6
1263850 1882.1
1263860 1882.1
1263870 1879.9
1263880 1877.7
1263890 1881.4
1263900 1881.4
1263910 1892.7
1263920 1900.9
1263930 1900.9
1263940 1901.0
1263950 1889.1
1263960 1889.1
1263970 1874.4
1263980 1857.9
1263990 1857.9
1264000 1838.1
1264010 1821.6
1264020 1821.6
1264030 1811.2
1264040 1803.8
1264050 1803.8
1264060 1795.2
1264070 1785.0
1264080 1785.0
1264090 1775.1
1264100 1764.1
1264110 1764.1
1264120 1751.0
1264130 1733.2
1264140 1752.8
1264150 1736.2
1264160 1717.3
1264170 1717.3
1264180 1704.6
1264190 1698.9
1264200 1686.4
1264210 1686.4
1264220 1669.3
1264230 1658.4
1264240 1658.4
1264250 1657.7
1264260 1664.2
1264270 1664.2
1264280 1663.3
1264290 1663.9
1264300 1663.9
1264310 1665.4
1264320 1666.0
1264330 1666.0
1264340 1664.8
1264350 1662.3
1264360 1662.3
1264370 1663.7
1264380 1670.0
1264390 1670.0
1264400 1669.5
1264410 1662.8
1264420 1662.8
1264430 1660.6
1264440 1661.8
1264450 1661.8
1264460 1661.3
1264470 1675.7
1264480 1709.3
1264490 1709.3
1264500 1714.7
1264510 1698.2
1264520 1698.2
1264530 1682.4
1264540 1690.0
1264550 1690.0
1264560 1702.0
1264570 1710.3
1264580 1710.3
1264590 1714.2
1264600 1715.3
1264610 1715.3
1264620 1720.6
1264630 1721.2
1264640 1721.2
1264650 1715.0
1264660 1714.7
1264670 1714.7
1264680 1715.3
1264690 1714.9
1264700 1714.9
1264710 1712.9
1264720 1717.8
1264730 1717.8
1264740 1716.4
1264750 1713.1
1264760 1713.1
1264770 1709.1
1264780 1704.1
1264790 1693.5
1264800 1693.5
1264810 1681.3
1264820 1671.6
1264830 1671.6
1264840 1663.3
1264850 1655.3
1264860 1655.3
1264870 1647.4
1264880 1640.8
1264890 1640.8
1264900 1635.1
1264910 1631.1
1264920 1631.1
1264930 1629.5
1264940 1624.7
1264950 1624.7
1264960 1618.6
1264970 1612.1
1264980 1612.1
1264990 1605.8
1265000 1598.0
1265010 1598.0
1265020 1590.3
1265030 1582.8
1265040 1582.8
1265050 1576.4
1265060 1570.3
1265070 1564.6
1265080 1564.6
1265090 1559.3
1265100 1552.6
1265110 1552.6
1265120 1545.9
1265130 1540.1
1265140 1540.1
1265150 1535.9
1265160 1532.2
1265170 1532.2
1265180 1529.0
1265190 1526.6
1265200 1526.6
1265210 1525.4
1265220 1523.6
1265230 1523.6
1265240 1521.1
1265250 1519.2
1265260 1519.2
1265270 1516.2
1265280 1514.1
1265290 1514.1
1265300 1514.6
1265310 1511.7
1265320 1511.7
1265330 1508.5
1265340 1505.4
1265350 1503.9
1265360 1503.9
1265370 1502.2
1265380 1499.9
1265390 1499.9
1265400 1499.0
1265410 1496.8
1265420 1496.8
1265430 1495.6
1265440 1496.2
1265450 1496.2
1265460 1499.5
1265470 1501.7
1265480 1501.7
1265490 1503.8
1265500 1505.6
1265510 1505.6
1265520 1508.4
1265530 1512.3
1265540 1512.3
1265550 1515.2
1265560 1517.0
1265570 1517.0
1265580 1519.0
1265590 1520.6
1265600 1520.6
1265610 1521.8
1265620 1522.1
1265630 1522.1
1265640 1522.2
1265650 1522.2
1265660 1521.4
1265670 1521.4
1265680 1520.4
1265690 1519.5
1265700 1519.5
1265710 1518.9
1265720 1519.0
1265730 1519.0
1265740 1518.2
1265750 1516.5
1265760 1516.5
1265770 1514.7
1265780 1512.4
1265790 1512.4
1265800 1513.7
1265810 1516.5
1265820 1516.5
1265830 1519.9
1265840 1522.9
1265850 1522.9
1265860 1525.6
1265870 1529.3
1265880 1533.4
1265890 1539.8
1265900 1548.0
1265910 1548.0
1265920 1556.1
1265930 1564.1
1265940 1572.8
1265950 1572.8
1265960 1580.1
1265970 1584.6
1265980 1584.6
1265990 1590.2
1266000 1600.1
1266010 1600.1
1266020 1605.6
1266030 1607.1
1266040 1607.1
1266050 1612.2
1266060 1617.8
1266070 1617.8
1266080 1623.6
1266090 1631.4
1266100 1631.4
1266110 1637.8
1266120 1642.5
1266130 1642.5
1266140 1648.1
1266150 1654.2
1266160 1654.2
1266170 1664.3
1266180 1670.6
1266190 1670.6
1266200 1677.3
1266210 1687.0
1266220 1694.9
1266230 1694.9
1266240 1699.6
1266250 1702.4
1266260 1702.4
1266270 1704.3
1266280 1705.2
1266290 1705.2
1266300 1705.9
1266310 1706.0
1266320 1706.0
1266330 1704.3
1266340 1702.2
1266350 1702.2
1266360 1699.1
1266370 1693.5
1266380 1693.5
1266390 1692.8
1266400 1695.2
1266410 1695.2
1266420 1694.7
1266430 1697.5
1266440 1697.5
1266450 1696.6
1266460 1701.1
1266470 1701.1
1266480 1699.7
1266490 1698.1
1266500 1698.1
1266510 1696.6
1266520 1695.8
1266530 1695.6
1266540 1695.6
1266550 1695.3
1266560 1694.9
1266570 1694.9
1266580 1694.2
1266590 1693.2
1266600 1693.2
1266610 1691.9
1266620 1690.4
1266630 1690.4
1266640 1685.2
1266650 1677.5
1266660 1677.5
1266670 1669.2
1266680 1663.7
1266690 1663.7
1266700 1654.6
1266710 1646.5
1266720 1646.5
1266730 1640.6
1266740 1637.9
1266750 1637.9
1266760 1637.9
1266770 1641.4
1266780 1641.4
1266790 1644.8
1266800 1643.4
1266810 1639.0
1266820 1639.0
1266830 1634.7
1266840 1628.4
1266850 1628.4
1266860 1621.8
1266870 1616.8
1266880 1616.8
1266890 1613.9
1266900 1612.8
1266910 1612.8
1266920 1612.4
1266930 1611.7
1266940 1611.7
1266950 1611.4
1266960 1609.9
1266970 1609.9
1266980 1607.1
1266990 1607.8
1267000 1607.8
1267010 1611.3
1267020 1612.7
1267030 1612.7
1267040 1616.1
1267050 1623.7
1267060 1623.7
1267070 1627.2
1267080 1628.2
1267090 1628.2
1267100 1629.1
1267110 1630.3
1267120 1633.8
1267130 1633.8
1267140 1638.9
1267150 1643.3
1267160 1643.3
1267170 1648.6
1267180 1655.2
1267190 1655.2
1267200 1661.8
1267210 1668.2
1267220 1668.2
1267230 1674.4
1267240 1679.8
1267250 1679.8
1267260 1684.7
1267270 1689.6
1267280 1689.6
1267290 1693.9
1267300 1698.0
1267310 1698.0
1267320 1702.0
1267330 1705.7
1267340 1705.7
1267350 1709.0
1267360 1712.1
1267370 1712.1
1267380 1714.3
1267390 1716.1
1267400 1717.8
1267410 1717.8
1267420 1719.3
1267430 1721.4
1267440 1721.4
1267450 1723.9
1267460 1726.5
1267470 1726.5
1267480 1728.9
1267490 1731.6
1267500 1731.6
1267510 1734.1
1267520 1735.8
1267530 1735.8
1267540 1736.8
1267550 1737.4
1267560 1737.4
1267570 1737.7
1267580 1738.2
1267590 1738.2
1267600 1738.3
1267610 1737.6
1267620 1737.6
1267630 1736.5
1267640 1738.0
1267650 1738.0
1267660 1736.6
1267670 1734.9
1267680 1732.4
1267690 1732.4
1267700 1729.8
1267710 1727.2
1267720 1727.2
1267730 1725.1
1267740 1722.6
1267750 1722.6
1267760 1719.3
1267770 1715.3
1267780 1715.3
1267790 1710.8
1267800 1705.6
1267810 1705.6
1267820 1700.0
1267830 1694.9
1267840 1694.9
1267850 1690.4
1267860 1686.3
1267870 1686.3
1267880 1682.3
1267890 1678.4
1267900 1678.4
1267910 1675.0
1267920 1671.3
1267930 1671.3
1267940 1668.0
1267950 1664.6
1267960 1664.6
1267970 1660.9
1267980 1657.4
1267990 1653.9
1268000 1653.9
1268010 1649.4
1268020 1644.3
1268030 1644.3
1268040 1639.7
1268050 1634.7
1268060 1634.7
1268070 1630.5
1268080 1627.3
1268090 1627.3
1268100 1624.2
1268110 1620.5
1268120 1620.5
1268130 1616.0
1268140 1612.3
1268150 1612.3
1268160 1610.1
1268170 1608.3
1268180 1608.3
1268190 1606.2
1268200 1604.6
1268210 1604.6
1268220 1605.5
1268230 1603.7
1268240 1603.7
1268250 1601.3
1268260 1598.6
1268270 1596.0
1268280 1596.0
1268290 1593.4
1268300 1590.7
1268310 1590.7
1268320 1588.3
1268330 1585.9
1268340 1585.9
1268350 1582.7
1268360 1579.1
1268370 1579.1
1268380 1576.6
1268390 1574.1
1268400 1574.1
1268410 1570.9
1268420 1568.9
1268430 1568.9
1268440 1567.6
1268450 1566.0
1268460 1566.0
1268470 1563.6
1268480 1559.9
1268490 1559.9
1268500 1555.1
1268510 1550.0
1268520 1550.0
1268530 1544.4
1268540 1538.3
1268550 1538.3
1268560 1532.7
1268570 1527.5
1268580 1522.3
1268590 1522.3
1268600 1517.3
1268610 1512.1
1268620 1512.1
1268630 1506.8
1268640 1502.0
1268650 1502.0
1268660 1497.4
1268670 1494.6
1268680 1494.6
1268690 1493.0
1268700 1487.6
1268710 1487.6
1268720 1481.3
1268730 1475.0
1268740 1475.0
1268750 1470.4
1268760 1468.3
1268770 1468.3
1268780 1466.1
1268790 1464.4
1268800 1464.4
1268810 1463.8
1268820 1467.4
1268830 1467.4
1268840 1467.9
1268850 1469.3
1268860 1468.3
1268870 1468.3
1268880 1464.5
1268890 1461.6
1268900 1461.6
1268910 1459.6
1268920 1461.2
1268930 1461.2
1268940 1463.9
1268950 1464.7
1268960 1464.7
1268970 1465.7
1268980 1467.9
1268990 1467.9
1269000 1465.7
1269010 1463.2
1269020 1463.2
1269030 1464.5
1269040 1467.3
1269050 1467.3
1269060 1471.3
1269070 1476.1
1269080 1476.1
1269090 1481.2
1269100 1486.1
1269110 1486.1
1269120 1491.2
1269130 1496.0
1269140 1502.1
1269150 1502.1
1269160 1509.7
1269170 1516.6
1269180 1516.6
1269190 1520.5
1269200 1525.5
1269210 1525.5
1269220 1529.2
1269230 1533.0
1269240 1533.0
1269250 1537.4
1269260 1542.5
1269270 1542.5
1269280 1549.8
1269290 1551.4
1269300 1551.4
1269310 1554.3
1269320 1560.7
1269330 1560.7
1269340 1567.6
1269350 1574.3
1269360 1574.3
1269370 1577.4
1269380 1578.7
1269390 1578.7
1269400 1581.7
1269410 1581.6
1269420 1581.6
1269430 1584.8
1269440 1587.6
1269450 1592.8
1269460 1592.8
1269470 1597.9
1269480 1603.0
1269490 1603.0
1269500 1608.2
1269510 1612.8
1269520 1612.8
1269530 1614.9
1269540 1614.5
1269550 1614.5
1269560 1615.0
1269570 1617.6
1269580 1617.6
1269590 1617.0
1269600 1620.6
1269610 1620.6
1269620 1625.6
1269630 1628.2
1269640 1628.2
1269650 1631.3
1269660 1634.5
1269670 1634.5
1269680 1638.7
1269690 1642.7
1269700 1642.7
1269710 1647.0
1269720 1651.4
1269730 1655.9
1269740 1655.9
1269750 1660.3
1269760 1668.2
1269770 1668.2
1269780 1676.2
1269790 1683.8
1269800 1683.8
1269810 1690.0
1269820 1694.0
1269830 1694.0
1269840 1700.4
1269850 1708.9
1269860 1708.9
1269870 1716.9
1269880 1724.2
1269890 1724.2
1269900 1730.5
1269910 1736.8
1269920 1736.8
1269930 1744.2
1269940 1750.9
1269950 1750.9
1269960 1757.0
1269970 1763.5
1269980 1763.5
1269990 1770.2
1270000 1784.7
1270010 1794.8
1270020 1794.8
1270030 1807.3
1270040 1823.2
1270050 1823.2
1270060 1828.4
1270070 1832.9
1270080 1832.9
1270090 1836.0
1270100 1840.1
1270110 1840.1
1270120 1844.0
1270130 1847.8
1270140 1847.8
1270150 1851.9
1270160 1856.7
1270170 1856.7
1270180 1860.0
1270190 1858.0
1270200 1858.0
1270210 1857.1
1270220 1858.7
1270230 1858.7
1270240 1860.5
1270250 1862.3
1270260 1862.3
1270270 1861.7
1270280 1861.2
1270290 1861.2
1270300 1859.4
1270310 1856.5
1270320 1853.9
1270330 1853.9
1270340 1851.8
1270350 1849.3
1270360 1849.3
1270370 1845.9
1270380 1842.5
1270390 1842.5
1270400 1838.6
1270410 1833.6
1270420 1833.6
1270430 1826.5
1270440 1818.6
1270450 1818.6
1270460 1809.1
1270470 1799.5
1270480 1799.5
1270490 1791.7
1270500 1783.1
1270510 1783.1
1270520 1774.7
1270530 1767.9
1270540 1767.9
1270550 1760.8
1270560 1753.2
1270570 1753.2
1270580 1746.0
1270590 1733.7
1270600 1726.7
1270610 1726.7
1270620 1720.1
1270630 1713.6
1270640 1713.6
1270650 1707.0
1270660 1700.1
1270670 1700.1
1270680 1693.0
1270690 1686.0
1270700 1686.0
1270710 1678.8
1270720 1672.3
1270730 1672.3
1270740 1666.1
1270750 1660.1
1270760 1660.1
1270770 1654.1
1270780 1647.9
1270790 1647.9
1270800 1641.6
1270810 1635.4
1270820 1635.4
1270830 1628.7
1270840 1621.5
1270850 1621.5
1270860 1614.9
1270870 1608.2
1270880 1608.2
1270890 1601.5
1270900 1594.9
1270910 1588.5
1270920 1588.5
1270930 1582.5
1270940 1576.6
1270950 1576.6
1270960 1570.4
1270970 1564.1
1270980 1564.1
1270990 1558.2
1271000 1551.8
1271010 1551.8
1271020 1546.3
1271030 1544.8
1271040 1544.8
1271050 1548.1
1271060 1552.8
1271070 1552.8
1271080 1557.0
1271090 1558.6
1271100 1558.6
1271110 1558.1
1271120 1560.8
1271130 1560.8
1271140 1561.6
1271150 1562.4
1271160 1562.4
1271170 1563.0
1271180 1564.4
1271190 1570.9
1271200 1570.9
1271210 1572.6
1271220 1574.0
1271230 1574.0
1271240 1571.4
1271250 1570.8
1271260 1570.8
1271270 1572.6
1271280 1575.9
1271290 1575.9
1271300 1579.9
1271310 1583.0
1271320 1583.0
1271330 1586.4
1271340 1589.2
1271350 1589.2
1271360 1592.0
1271370 1595.0
1271380 1595.0
1271390 1598.8
1271400 1602.4
1271410 1602.4
1271420 1606.3
1271430 1610.5
1271440 1610.5
1271450 1613.7
1271460 1616.5
1271470 1618.8
1271480 1618.8
1271490 1619.6
1271500 1619.6
1271510 1619.6
1271520 1620.6
1271530 1622.4
1271540 1622.4
1271550 1627.1
1271560 1633.3
1271570 1633.3
1271580 1640.1
1271590 1643.2
1271600 1643.2
1271610 1644.5
1271620 1647.8
1271630 1647.8
1271640 1649.9
1271650 1650.7
1271660 1650.7
1271670 1651.3
1271680 1649.5
1271690 1649.5
1271700 1650.1
1271710 1648.7
1271720 1648.7
1271730 1649.2
1271740 1653.6
1271750 1653.6
1271760 1654.3
1271770 1652.4
1271780 1650.6
1271790 1658.2
1271800 1656.2
1271810 1652.6
1271820 1652.6
1271830 1647.8
1271840 1645.0
1271850 1645.0
1271860 1643.6
1271870 1642.5
1271880 1642.5
1271890 1641.3
1271900 1636.9
1271910 1636.9
1271920 1632.1
1271930 1631.2
1271940 1631.2
1271950 1634.1
1271960 1633.4
1271970 1633.4
1271980 1632.3
1271990 1629.7
1272000 1629.7
1272010 1624.8
1272020 1620.9
1272030 1620.9
1272040 1613.7
1272050 1606.2
1272060 1595.4
1272070 1595.4
1272080 1587.8
1272090 1580.7
1272100 1580.7
1272110 1575.3
1272120 1570.1
1272130 1570.1
1272140 1563.9
1272150 1558.5
1272160 1558.5
1272170 1553.9
1272180 1548.1
1272190 1548.1
1272200 1542.6
1272210 1538.2
1272220 1538.2
1272230 1534.1
1272240 1529.0
1272250 1529.0
1272260 1524.2
1272270 1520.8
1272280 1520.8
1272290 1517.3
1272300 1512.5
1272310 1512.5
1272320 1507.2
1272330 1501.6
1272340 1495.5
1272350 1495.5
1272360 1489.5
1272370 1483.7
1272380 1483.7
1272390 1484.8
1272400 1480.6
1272410 1480.6
1272420 1475.7
1272430 1470.8
1272440 1470.8
1272450 1466.3
1272460 1462.0
1272470 1462.0
1272480 1456.9
1272490 1451.2
1272500 1451.2
1272510 1444.9
1272520 1439.4
1272530 1439.4
1272540 1434.6
1272550 1430.2
1272560 1430.2
1272570 1426.0
1272580 1420.2
1272590 1420.2
1272600 1415.3
1272610 1409.5
1272620 1409.5
1272630 1403.0
1272640 1397.4
1272650 1390.6
1272660 1390.6
1272670 1382.1
1272680 1371.0
1272690 1371.0
1272700 1363.1
1272710 1357.0
1272720 1357.0
1272730 1352.1
1272740 1349.0
1272750 1349.0
1272760 1344.9
1272770 1342.6
1272780 1342.6
1272790 1342.3
1272800 1339.1
1272810 1339.1
1272820 1335.0
1272830 1331.3
1272840 1331.3
1272850 1328.0
1272860 1325.1
1272870 1325.1
1272880 1322.7
1272890 1322.0
1272900 1322.0
1272910 1318.2
1272920 1313.4
1272930 1313.1
1272940 1313.1
1272950 1311.0
1272960 1300.3
1272970 1300.3
1272980 1285.7
1272990 1272.9
1273000 1272.9
1273010 1263.4
1273020 1258.3
1273030 1258.3
1273040 1237.6
1273050 1237.3
1273060 1237.3
1273070 1252.3
1273080 1269.5
1273090 1269.5
1273100 1290.3
1273110 1295.3
1273120 1295.3
1273130 1295.8
1273140 1296.3
1273150 1296.3
1273160 1297.0
1273170 1297.8
1273180 1297.8
1273190 1299.7
1273200 1303.7
1273210 1303.7
1273220 1308.0
1273230 1312.8
1273240 1318.3
1273250 1318.3
1273260 1323.4
1273270 1328.2
1273280 1328.2
1273290 1332.5
1273300 1337.1
1273310 1337.1
1273320 1342.7
1273330 1349.4
1273340 1349.4
1273350 1358.0
1273360 1365.2
1273370 1365.2
1273380 1372.5
1273390 1380.5
1273400 1380.5
1273410 1387.1
1273420 1396.0
1273430 1396.0
1273440 1406.0
1273450 1417.0
1273460 1417.0
1273470 1430.1
1273480 1443.3
1273490 1443.3
1273500 1459.0
1273510 1473.1
1273520 1486.5
1273530 1486.5
1273540 1498.8
1273550 1514.2
1273560 1514.2
1273570 1527.6
1273580 1536.9
1273590 1536.4
1273600 1546.2
1273610 1558.6
1273620 1558.6
1273630 1571.7
1273640 1582.2
1273650 1582.2
1273660 1591.1
1273670 1597.1
1273680 1597.1
1273690 1599.5
1273700 1602.1
1273710 1602.1
1273720 1605.6
1273730 1608.7
1273740 1608.7
1273750 1613.5
1273760 1620.9
1273770 1620.9
1273780 1627.7
1273790 1633.5
1273800 1638.3
1273810 1638.3
1273820 1644.3
1273830 1651.5
1273840 1651.5
1273850 1657.6
1273860 1662.8
1273870 1662.8
1273880 1666.6
1273890 1670.2
1273900 1670.2
1273910 1675.2
1273920 1683.2
1273930 1683.2
1273940 1693.2
1273950 1700.0
1273960 1700.0
1273970 1705.6
1273980 1711.1
1273990 1711.1
1274000 1717.3
1274010 1721.5
1274020 1721.5
1274030 1731.6
1274040 1741.5
1274050 1741.5
1274060 1750.4
1274070 1758.2
1274080 1758.2
1274090 1766.0
1274100 1773.7
1274110 1783.1
1274120 1783.1
1274130 1787.7
1274140 1798.0
1274150 1798.0
1274160 1817.7
1274170 1832.7
1274180 1832.7
1274190 1839.0
1274200 1831.9
1274210 1831.9
1274220 1838.1
1274230 1841.2
1274240 1841.2
1274250 1843.9
1274260 1845.1
1274270 1845.1
1274280 1844.3
1274290 1844.0
1274300 1844.0
1274310 1844.4
1274320 1843.5
1274330 1843.5
1274340 1847.9
1274350 1853.9
1274360 1853.9
1274370 1860.5
1274380 1869.3
1274390 1880.0
1274400 1880.0
1274410 1887.1
1274420 1892.6
1274430 1892.6
1274440 1898.6
1274450 1903.7
1274460 1903.7
1274470 1906.1
1274480 1907.5
1274490 1907.5
1274500 1909.3
1274510 1912.8
1274520 1912.8
1274530 1918.8
1274540 1924.5
1274550 1924.5
1274560 1926.8
1274570 1927.3
1274580 1927.3
1274590 1928.7
1274600 1929.9
1274610 1929.9
1274620 1932.0
1274630 1934.5
1274640 1934.5
1274650 1936.3
1274660 1938.6
1274670 1942.1
1274680 1942.1
1274690 1946.2
1274700 1948.6
1274710 1948.6
1274720 1951.4
1274730 1955.2
1274740 1955.2
1274750 1959.3
1274760 1962.9
1274770 1962.9
1274780 1966.7
1274790 1971.3
1274800 1971.3
1274810 1965.8
1274820 1968.8
1274830 1968.8
1274840 1971.5
1274850 1973.0
1274860 1973.0
1274870 1976.1
1274880 1983.4
1274890 1983.4
1274900 1991.9
1274910 1998.4
1274920 1998.4
1274930 2004.7
1274940 2011.2
1274950 2011.2
1274960 2016.9
1274970 2022.5
1274980 2027.6
1274990 2027.6
1275000 2032.3
1275010 2035.5
1275020 2035.5
1275030 2038.4
1275040 2041.5
1275050 2041.5
1275060 2044.9
1275070 2047.7
1275080 2047.7
1275090 2050.0
1275100 2052.6
1275110 2052.6
1275120 2054.8
1275130 2057.3
1275140 2057.3
1275150 2059.0
1275160 2060.5
1275170 2060.5
1275180 2062.2
1275190 2064.8
1275200 2064.8
1275210 2066.9
1275220 2068.6
1275230 2068.6
1275240 2069.8
1275250 2070.4
1275260 2071.6
1275270 2071.6
1275280 2073.7
1275290 2076.7
1275300 2076.7
1275310 2080.4
1275320 2083.8
1275330 2083.8
1275340 2087.1
1275350 2089.9
1275360 2089.9
1275370 2092.3
1275380 2094.5
1275390 2094.5
1275400 2096.6
1275410 2093.2
1275420 2093.2
1275430 2097.0
1275440 2100.1
1275450 2100.1
1275460 2102.7
1275470 2105.1
1275480 2105.1
1275490 2107.3
1275500 2108.7
1275510 2108.7
1275520 2109.5
1275530 2108.0
1275540 2108.0
1275550 2105.8
1275560 2103.9
1275570 2101.6
1275580 2101.6
1275590 2099.7
1275600 2098.4
1275610 2098.4
1275620 2095.4
1275630 2078.5
1275640 2078.5
1275650 2063.5
1275660 2051.5
1275670 2051.5
1275680 2045.8
1275690 2042.3
1275700 2042.3
1275710 2040.6
1275720 2041.1
1275730 2041.1
1275740 2041.4
1275750 2039.3
1275760 2039.3
1275770 2031.8
1275780 2033.5
1275790 2033.5
1275800 2042.2
1275810 2050.8
1275820 2050.8
1275830 2059.8
1275840 2066.1
1275850 2071.7
1275860 2071.7
1275870 2086.0
1275880 2102.4
1275890 2102.4
1275900 2111.6
1275910 2117.5
1275920 2117.5
1275930 2137.2
1275940 2145.9
1275950 2145.9
1275960 2147.6
1275970 2152.4
1275980 2152.4
1275990 2153.9
1276000 2149.9
1276010 2149.9
1276020 2138.6
1276030 2119.7
1276040 2119.7
1276050 2108.8
1276060 2099.1
1276070 2099.1
1276080 2094.6
1276090 2102.9
1276100 2102.9
1276110 2111.3
1276120 2084.8
1276130 2045.3
1276140 2045.3
1276150 2029.1
1276160 2036.9
1276170 2036.9
1276180 2044.9
1276190 2052.6
1276200 2052.6
1276210 2060.1
1276220 2066.4
1276230 2066.4
1276240 2070.6
1276250 2073.3
1276260 2073.3
1276270 2081.6
1276280 2090.3
1276290 2090.3
1276300 2098.5
1276310 2111.1
1276320 2111.1
1276330 2124.1
1276340 2132.5
1276350 2132.5
1276360 2136.3
1276370 2133.0
1276380 2133.0
1276390 2126.5
1276400 2125.4
1276410 2125.4
1276420 2133.6
1276430 2137.3
1276440 2136.1
1276450 2136.1
1276460 2133.5
1276470 2125.8
1276480 2125.8
1276490 2115.3
1276500 2106.1
1276510 2106.1
1276520 2094.3
1276530 2095.8
1276540 2095.8
1276550 2099.9
1276560 2104.5
1276570 2104.5
1276580 2097.5
1276590 2077.9
1276600 2077.9
1276610 2060.0
1276620 2042.7
1276630 2042.7
1276640 2029.5
1276650 2003.7
1276660 2003.7
1276670 2008.7
1276680 2027.2
1276690 2027.2
1276700 2037.7
1276710 2047.6
1276720 2056.3
1276730 2056.3
1276740 2059.0
1276750 2056.2
1276760 2056.2
1276770 2038.7
1276780 2021.9
1276790 2021.9
1276800 1992.8
1276810 1960.5
1276820 1960.5
1276830 1944.3
1276840 1929.6
1276850 1929.6
1276860 1914.5
1276870 1904.2
1276880 1904.2
1276890 1898.9
1276900 1893.8
1276910 1893.8
1276920 1893.8
1276930 1892.5
1276940 1892.5
1276950 1891.8
1276960 1891.3
1276970 1891.3
1276980 1892.2
1276990 1893.6
1277000 1892.9
1277010 1892.9
1277020 1891.2
1277030 1892.0
1277040 1892.0
1277050 1892.6
1277060 1893.3
1277070 1893.3
1277080 1885.8
1277090 1881.2
1277100 1881.2
1277110 1874.4
1277120 1872.8
1277130 1872.8
1277140 1868.6
1277150 1860.7
1277160 1860.7
1277170 1855.5
1277180 1852.9
1277190 1852.9
1277200 1854.0
1277210 1853.6
1277220 1853.6
1277230 1849.1
1277240 1841.4
1277250 1852.4
1277260 1850.4
1277270 1865.6
1277280 1865.6
1277290 1878.1
1277300 1886.2
1277310 1890.6
1277320 1890.6
1277330 1892.6
1277340 1889.2
1277350 1889.2
1277360 1879.8
1277370 1877.1
1277380 1877.1
1277390 1884.8
1277400 1892.1
1277410 1892.1
1277420 1896.2
1277430 1902.0
1277440 1902.0
1277450 1909.1
1277460 1914.8
1277470 1914.8
1277480 1920.9
1277490 1930.2
1277500 1930.2
1277510 1940.2
1277520 1947.8
1277530 1947.8
1277540 1956.1
1277550 1967.7
1277560 1967.7
1277570 1979.1
1277580 1983.6
1277590 1984.5
1277600 1984.5
1277610 1988.0
1277620 1997.7
1277630 1997.7
1277640 2010.0
1277650 2024.5
1277660 2024.5
1277670 2037.2
1277680 2046.2
1277690 2046.2
1277700 2056.4
1277710 2069.0
1277720 2069.0
1277730 2080.3
1277740 2089.3
1277750 2089.3
1277760 2094.9
1277770 2105.3
1277780 2105.3
1277790 2122.7
1277800 2138.0
1277810 2138.0
1277820 2133.4
1277830 2117.5
1277840 2117.5
1277850 2104.1
1277860 2094.4
1277870 2096.3
1277880 2085.2
1277890 2073.8
1277900 2062.3
1277910 2062.3
1277920 2048.5
1277930 2034.2
1277940 2034.2
1277950 2024.2
1277960 2036.8
1277970 2036.8
1277980 2050.1
1277990 2052.8
1278000 2052.8
1278010 2043.2
1278020 2034.7
1278030 2034.7
1278040 2035.4
1278050 2042.9
1278060 2042.9
1278070 2054.4
1278080 2065.5
1278090 2065.5
1278100 2075.4
1278110 2075.3
1278120 2075.3
1278130 2063.9
1278140 2049.4
1278150 2049.4
1278160 2037.7
1278170 2031.0
1278180 2022.9
1278190 2022.9
1278200 2013.1
1278210 2012.5
1278220 2012.5
1278230 2016.4
1278240 2024.2
1278250 2024.2
1278260 2031.8
1278270 2038.4
1278280 2038.4
1278290 2046.7
1278300 2042.2
1278310 2042.2
1278320 2033.2
1278330 2036.7
1278340 2036.7
1278350 2054.1
1278360 2067.4
1278370 2067.4
1278380 2068.4
1278390 2054.8
1278400 2054.8
1278410 2045.7
1278420 2053.0
1278430 2053.0
1278440 2064.2
1278450 2075.1
1278460 2086.0
1278470 2086.0
1278480 2092.5
1278490 2101.6
1278500 2101.6
1278510 2111.3
1278520 2122.5
1278530 2122.5
1278540 2138.0
1278550 2151.9
1278560 2151.9
1278570 2162.7
1278580 2171.3
1278590 2171.3
1278600 2181.0
1278610 2192.0
1278620 2192.0
1278630 2204.6
1278640 2219.7
1278650 2219.7
1278660 2224.4
1278670 2210.2
1278680 2210.2
1278690 2195.0
1278700 2181.0
1278710 2181.0
1278720 2153.2
1278730 2133.2
1278740 2133.2
1278750 2122.8
1278760 2112.7
1278770 2103.8
1278780 2103.8
1278790 2095.2
1278800 2091.2
1278810 2091.2
1278820 2082.7
1278830 2081.9
1278840 2081.9
1278850 2088.5
1278860 2093.5
1278870 2093.5
1278880 2097.6
1278890 2100.4
1278900 2100.4
1278910 2110.6
1278920 2135.7
1278930 2135.7
1278940 2155.7
1278950 2166.8
1278960 2166.8
1278970 2176.1
1278980 2186.1
1278990 2186.1
1279000 2193.8
1279010 2200.5
1279020 2200.5
1279030 2208.4
1279040 2217.8
1279050 2230.4
1279060 2230.4
1279070 2240.1
1279080 2233.4
1279090 2233.4
1279100 2227.4
1279110 2241.4
1279120 2241.4
1279130 2237.9
1279140 2237.3
1279150 2237.3
1279160 2228.0
1279170 2218.5
1279180 2218.5
1279190 2216.2
1279200 2213.5
1279210 2213.5
1279220 2201.5
1279230 2189.6
1279240 2189.6
1279250 2179.6
1279260 2170.5
1279270 2170.5
1279280 2159.2
1279290 2147.9
1279300 2147.9
1279310 2156.2
1279320 2159.7
1279330 2165.3
1279340 2165.3
1279350 2172.0
1279360 2180.3
1279370 2180.3
1279380 2189.8
1279390 2196.3
1279400 2196.3
1279410 2208.0
1279420 2214.8
1279430 2214.8
1279440 2207.1
1279450 2196.0
1279460 2196.0
1279470 2191.5
1279480 2198.0
1279490 2198.0
1279500 2202.2
1279510 2199.8
1279520 2199.8
1279530 2194.8
1279540 2187.6
1279550 2187.6
1279560 2183.7
1279570 2189.3
1279580 2189.3
1279590 2185.0
1279600 2186.7
1279610 2186.7
1279620 2194.9
1279630 2203.5
1279640 2212.0
1279650 2212.0
1279660 2217.9
1279670 2215.9
1279680 2215.9
1279690 2211.8
1279700 2209.4
1279710 2209.4
1279720 2211.1
1279730 2222.5
1279740 2222.5
1279750 2227.3
1279760 2232.9
1279770 2232.9
1279780 2235.0
1279790 2229.7
1279800 2229.7
1279810 2221.6
1279820 2227.2
1279830 2227.2
1279840 2223.4
1279850 2212.8
1279860 2212.8
1279870 2218.6
1279880 2224.2
1279890 2224.2
1279900 2220.3
1279910 2200.7
1279920 2187.7
1279930 2187.7
1279940 2183.2
1279950 2187.6
1279960 2187.6
1279970 2192.2
1279980 2190.3
1279990 2190.3
