1260000 1205.7
1260010 1204.7
1260020 1206.4
1260030 1206.4
1260040 1208.7
1260050 1212.9
1260060 1212.9
1260070 1215.2
1260080 1213.9
1260090 1213.9
1260100 1213.4
1260110 1212.9
1260120 1212.9
1260130 1211.7
1260140 1210.0
1260150 1210.0
1260160 1214.3
1260170 1219.0
1260180 1216.9
1260190 1216.9
1260200 1216.6
1260210 1217.8
1260220 1217.8
1260230 1218.1
1260240 1218.2
1260250 1218.2
1260260 1219.1
1260270 1220.2
1260280 1220.2
1260290 1221.9
1260300 1222.3
1260310 1222.3
1260320 1222.9
1260330 1224.0
1260340 1224.0
1260350 1228.9
1260360 1230.0
1260370 1230.0
1260380 1228.8
1260390 1229.2
1260400 1229.2
1260410 1230.8
1260420 1237.0
1260430 1237.0
1260440 1234.1
1260450 1239.5
1260460 1244.5
1260470 1244.5
1260480 1248.3
1260490 1252.1
1260500 1252.1
1260510 1253.9
1260520 1255.2
1260530 1255.2
1260540 1256.6
1260550 1254.2
1260560 1254.2
1260570 1253.7
1260580 1261.0
1260590 1261.0
1260600 1264.7
1260610 1266.1
1260620 1266.1
1260630 1262.8
1260640 1266.5
1260650 1266.5
1260660 1273.4
1260670 1274.6
1260680 1274.6
1260690 1273.7
1260700 1278.4
1260710 1278.4
1260720 1286.6
1260730 1293.9
1260740 1293.9
1260750 1300.0
1260760 1307.4
1260770 1311.4
1260780 1311.4
1260790 1316.0
1260800 1320.3
1260810 1320.3
1260820 1323.8
1260830 1327.3
1260840 1327.3
1260850 1330.3
1260860 1333.6
1260870 1333.6
1260880 1337.0
1260890 1341.5
1260900 1341.5
1260910 1347.3
1260920 1352.5
1260930 1352.5
1260940 1357.6
1260950 1363.8
1260960 1363.8
1260970 1370.5
1260980 1375.5
1260990 1376.7
1261000 1381.1
1261010 1383.6
1261020 1383.6
1261030 1385.7
1261040 1386.9
1261050 1382.7
1261060 1382.7
1261070 1383.1
1261080 1389.6
1261090 1389.6
1261100 1391.2
1261110 1391.4
1261120 1391.4
1261130 1391.6
1261140 1390.8
1261150 1390.8
1261160 1393.0
1261170 1397.8
1261180 1397.8
1261190 1401.7
1261200 1404.5
1261210 1404.5
1261220 1404.5
1261230 1400.8
1261240 1400.8
1261250 1403.5
1261260 1407.9
1261270 1407.9
1261280 1411.0
1261290 1404.2
1261300 1404.2
1261310 1403.3
1261320 1411.9
1261330 1418.3
1261340 1418.3
1261350 1421.6
1261360 1416.2
1261370 1416.2
1261380 1414.9
1261390 1411.1
1261400 1411.1
1261410 1405.8
1261420 1410.4
1261430 1410.4
1261440 1417.6
1261450 1427.8
1261460 1427.8
1261470 1439.6
1261480 1445.8
1261490 1445.8
1261500 1449.4
1261510 1452.7
1261520 1452.7
1261530 1455.9
1261540 1459.0
1261550 1459.0
1261560 1463.6
1261570 1467.1
1261580 1467.1
1261590 1470.1
1261600 1472.6
1261610 1472.6
1261620 1474.0
1261630 1476.1
1261640 1480.0
1261650 1480.0
1261660 1483.0
1261670 1484.4
1261680 1484.4
1261690 1485.8
1261700 1486.7
1261710 1486.7
1261720 1487.0
1261730 1485.0
1261740 1485.0
1261750 1485.7
1261760 1492.9
1261770 1492.9
1261780 1500.5
1261790 1505.6
1261800 1505.6
1261810 1509.4
1261820 1511.8
1261830 1511.8
1261840 1513.9
1261850 1516.2
1261860 1516.2
1261870 1518.7
1261880 1521.6
1261890 1521.6
1261900 1525.1
1261910 1529.1
1261920 1532.8
1261930 1532.8
1261940 1536.5
1261950 1539.9
1261960 1539.9
1261970 1541.9
1261980 1541.9
1261990 1541.9
1262000 1539.5
1262010 1537.1
1262020 1537.1
1262030 1534.8
1262040 1531.8
1262050 1531.8
1262060 1528.3
1262070 1529.2
1262080 1529.2
1262090 1535.1
1262100 1536.3
1262110 1536.3
1262120 1541.3
1262130 1551.1
1262140 1551.1
1262150 1555.8
1262160 1559.4
1262170 1559.4
1262180 1562.3
1262190 1565.3
1262200 1565.3
1262210 1568.1
1262220 1570.5
1262230 1572.5
1262240 1572.5
1262250 1574.3
1262260 1575.7
1262270 1575.7
1262280 1575.3
1262290 1575.0
1262300 1575.0
1262310 1575.4
1262320 1577.1
1262330 1577.1
1262340 1579.3
1262350 1581.7
1262360 1581.7
1262370 1584.4
1262380 1587.6
1262390 1587.6
1262400 1591.1
1262410 1592.9
1262420 1592.9
1262430 1592.7
1262440 1591.3
1262450 1591.3
1262460 1585.9
1262470 1579.4
1262480 1579.4
1262490 1573.8
1262500 1567.0
1262510 1561.6
1262520 1561.6
1262530 1563.7
1262540 1565.9
1262550 1565.9
1262560 1567.4
1262570 1566.5
1262580 1566.5
1262590 1564.6
1262600 1566.9
1262610 1566.9
1262620 1572.0
1262630 1576.2
1262640 1576.2
1262650 1579.6
1262660 1583.3
1262670 1583.3
1262680 1588.8
1262690 1592.1
1262700 1592.1
1262710 1599.8
1262720 1596.8
1262730 1596.8
1262740 1593.5
1262750 1591.1
1262760 1591.1
1262770 1588.5
1262780 1584.1
1262790 1584.1
1262800 1578.1
1262810 1572.4
1262820 1566.4
1262830 1566.4
1262840 1560.2
1262850 1553.4
1262860 1553.4
1262870 1546.0
1262880 1539.6
1262890 1539.6
1262900 1539.2
1262910 1538.8
1262920 1538.8
1262930 1537.2
1262940 1534.4
1262950 1534.4
1262960 1527.2
1262970 1520.9
1262980 1520.9
1262990 1516.3
1263000 1509.1
1263010 1509.1
1263020 1502.8
1263030 1496.2
1263040 1496.2
1263050 1488.2
1263060 1478.5
1263070 1478.5
1263080 1474.6
1263090 1479.2
1263100 1485.2
1263110 1485.2
1263120 1484.0
1263130 1481.8
1263140 1481.8
1263150 1475.7
1263160 1468.4
1263170 1468.4
1263180 1461.0
1263190 1452.2
1263200 1452.2
1263210 1443.4
1263220 1438.2
1263230 1438.2
1263240 1433.0
1263250 1432.6
1263260 1432.6
1263270 1438.4
1263280 1448.5
1263290 1448.5
1263300 1457.4
1263310 1464.7
1263320 1464.7
1263330 1469.2
1263340 1469.5
1263350 1469.5
1263360 1469.4
1263370 1470.7
1263380 1470.7
1263390 1471.6
1263400 1471.7
1263410 1464.9
1263420 1464.9
1263430 1454.2
1263440 1446.5
1263450 1446.5
1263460 1439.1
1263470 1430.5
1263480 1430.5
1263490 1423.0
1263500 1415.9
1263510 1415.9
1263520 1407.0
1263530 1395.8
1263540 1395.8
1263550 1400.1
1263560 1410.0
1263570 1410.0
1263580 1419.0
1263590 1433.2
1263600 1433.2
1263610 1455.6
1263620 1452.2
1263630 1452.2
1263640 1444.6
1263650 1437.3
1263660 1437.3
1263670 1430.1
1263680 1424.1
1263690 1418.0
1263700 1418.0
1263710 1412.9
1263720 1412.6
1263730 1412.6
1263740 1407.6
1263750 1399.4
1263760 1399.4
1263770 1396.6
1263780 1395.5
1263790 1395.5
1263800 1402.8
1263810 1412.9
1263820 1412.9
1263830 1403.8
1263840 1394.7
1263850 1394.7
1263860 1388.1
1263870 1377.4
1263880 1377.4
1263890 1370.1
1263900 1366.0
1263910 1366.0
1263920 1365.7
1263930 1376.0
1263940 1376.0
1263950 1391.0
1263960 1404.6
1263970 1404.6
1263980 1414.5
1263990 1423.0
1264000 1425.5
1264010 1425.5
1264020 1418.8
1264030 1422.7
1264040 1422.7
1264050 1431.0
1264060 1434.0
1264070 1434.0
1264080 1431.8
1264090 1425.0
1264100 1425.0
1264110 1413.6
1264120 1400.0
1264130 1400.0
1264140 1384.6
1264150 1372.1
1264160 1372.1
1264170 1356.7
1264180 1347.0
1264190 1347.0
1264200 1350.3
1264210 1378.0
1264220 1378.0
1264230 1398.2
1264240 1393.9
1264250 1393.9
1264260 1385.5
1264270 1377.3
1264280 1371.6
1264290 1371.6
1264300 1367.8
1264310 1361.6
1264320 1361.6
1264330 1353.4
1264340 1345.9
1264350 1345.9
1264360 1338.7
1264370 1330.9
1264380 1330.9
1264390 1320.2
1264400 1309.8
1264410 1309.8
1264420 1303.5
1264430 1305.8
1264440 1314.5
1264450 1323.5
1264460 1340.2
1264470 1340.2
1264480 1345.5
1264490 1350.2
1264500 1350.2
1264510 1355.7
1264520 1361.2
1264530 1361.2
1264540 1364.4
1264550 1365.6
1264560 1366.7
1264570 1366.7
1264580 1365.0
1264590 1365.6
1264600 1365.6
1264610 1365.0
1264620 1362.4
1264630 1362.4
1264640 1361.4
1264650 1361.2
1264660 1361.2
1264670 1362.1
1264680 1362.5
1264690 1362.5
1264700 1364.5
1264710 1363.1
1264720 1363.1
1264730 1353.9
1264740 1347.1
1264750 1347.1
1264760 1346.2
1264770 1338.5
1264780 1338.5
1264790 1339.8
1264800 1337.1
1264810 1337.1
1264820 1335.3
1264830 1337.7
1264840 1337.7
1264850 1337.1
1264860 1340.1
1264870 1339.6
1264880 1339.6
1264890 1337.4
1264900 1334.3
1264910 1334.3
1264920 1334.5
1264930 1334.5
1264940 1334.5
1264950 1321.8
1264960 1298.8
1264970 1298.8
1264980 1284.0
1264990 1281.7
1265000 1281.7
1265010 1298.5
1265020 1320.1
1265030 1320.1
1265040 1316.2
1265050 1309.7
1265060 1309.7
1265070 1311.5
1265080 1312.5
1265090 1312.5
1265100 1313.0
1265110 1308.9
1265120 1308.9
1265130 1301.9
1265140 1297.9
1265150 1294.4
1265160 1294.4
1265170 1290.6
1265180 1284.3
1265190 1284.3
1265200 1279.3
1265210 1276.5
1265220 1276.5
1265230 1274.5
1265240 1272.0
1265250 1272.0
1265260 1268.8
1265270 1265.1
1265280 1265.1
1265290 1262.9
1265300 1261.0
1265310 1261.0
1265320 1258.3
1265330 1256.5
1265340 1256.5
1265350 1255.8
1265360 1253.9
1265370 1253.9
1265380 1252.4
1265390 1253.2
1265400 1253.2
1265410 1256.0
1265420 1258.5
1265430 1258.5
1265440 1260.4
1265450 1264.5
1265460 1269.1
1265470 1269.1
1265480 1271.7
1265490 1272.5
1265500 1272.5
1265510 1272.4
1265520 1270.0
1265530 1270.0
1265540 1268.1
1265550 1268.1
1265560 1268.1
1265570 1265.6
1265580 1261.3
1265590 1261.3
1265600 1265.2
1265610 1263.1
1265620 1263.1
1265630 1261.8
1265640 1260.3
1265650 1260.3
1265660 1258.3
1265670 1256.6
1265680 1256.6
1265690 1255.0
1265700 1251.2
1265710 1251.2
1265720 1246.4
1265730 1241.7
1265740 1240.8
1265750 1240.8
1265760 1243.4
1265770 1246.7
1265780 1246.7
1265790 1248.6
1265800 1251.4
1265810 1251.4
1265820 1254.8
1265830 1259.5
1265840 1259.5
1265850 1265.1
1265860 1269.6
1265870 1269.6
1265880 1273.5
1265890 1275.9
1265900 1275.9
1265910 1276.4
1265920 1277.6
1265930 1277.6
1265940 1278.9
1265950 1281.4
1265960 1281.4
1265970 1284.9
1265980 1288.6
1265990 1288.6
1266000 1290.3
1266010 1292.4
1266020 1292.4
1266030 1294.4
1266040 1293.8
1266050 1284.4
1266060 1284.4
1266070 1283.0
1266080 1283.0
1266090 1283.0
1266100 1282.5
1266110 1283.9
1266120 1283.9
1266130 1286.3
1266140 1284.2
1266150 1284.2
1266160 1280.3
1266170 1283.4
1266180 1294.6
1266190 1294.7
1266200 1282.9
1266210 1282.9
1266220 1277.6
1266230 1285.8
1266240 1285.8
1266250 1290.0
1266260 1290.9
1266270 1290.9
1266280 1293.2
1266290 1292.6
1266300 1292.6
1266310 1289.9
1266320 1289.2
1266330 1288.6
1266340 1288.6
1266350 1288.3
1266360 1284.3
1266370 1284.3
1266380 1286.5
1266390 1289.9
1266400 1289.9
1266410 1291.0
1266420 1291.5
1266430 1291.5
1266440 1290.8
1266450 1290.4
1266460 1290.4
1266470 1290.2
1266480 1288.8
1266490 1288.8
1266500 1290.0
1266510 1289.4
1266520 1289.4
1266530 1288.5
1266540 1287.5
1266550 1287.5
1266560 1285.4
1266570 1283.0
1266580 1283.0
1266590 1282.0
1266600 1280.9
1266610 1280.9
1266620 1279.4
1266630 1276.8
1266640 1275.8
1266650 1275.8
1266660 1275.7
1266670 1278.2
1266680 1278.2
1266690 1279.9
1266700 1279.0
1266710 1279.0
1266720 1276.7
1266730 1276.5
1266740 1276.5
1266750 1274.9
1266760 1284.0
1266770 1284.0
1266780 1284.2
1266790 1283.0
1266800 1283.0
1266810 1281.3
1266820 1278.4
1266830 1278.4
1266840 1273.2
1266850 1269.5
1266860 1269.5
1266870 1275.1
1266880 1277.0
1266890 1277.0
1266900 1279.4
1266910 1280.1
1266920 1278.8
1266930 1278.8
1266940 1278.2
1266950 1277.6
1266960 1277.6
1266970 1275.8
1266980 1272.4
1266990 1272.4
1267000 1271.2
1267010 1272.4
1267020 1272.4
1267030 1272.7
1267040 1272.7
1267050 1272.7
1267060 1274.2
1267070 1275.3
1267080 1275.3
1267090 1275.3
1267100 1273.9
1267110 1273.9
1267120 1272.1
1267130 1271.8
1267140 1271.8
1267150 1272.4
1267160 1272.0
1267170 1272.0
1267180 1269.3
1267190 1268.1
1267200 1266.7
1267210 1266.7
1267220 1264.4
1267230 1260.2
1267240 1260.2
1267250 1257.8
1267260 1257.7
1267270 1257.7
1267280 1258.9
1267290 1261.7
1267300 1261.7
1267310 1264.0
1267320 1265.5
1267330 1265.5
1267340 1266.7
1267350 1272.8
1267360 1272.8
1267370 1273.2
1267380 1275.2
1267390 1275.2
1267400 1276.4
1267410 1277.2
1267420 1277.2
1267430 1276.3
1267440 1275.9
1267450 1275.9
1267460 1277.3
1267470 1278.4
1267480 1278.4
1267490 1279.7
1267500 1279.4
1267510 1282.5
1267520 1282.5
1267530 1285.1
1267540 1287.1
1267550 1287.1
1267560 1287.2
1267570 1291.8
1267580 1291.8
1267590 1298.6
1267600 1301.1
1267610 1301.1
1267620 1302.1
1267630 1305.7
1267640 1305.7
1267650 1310.2
1267660 1311.8
1267670 1311.8
1267680 1306.3
1267690 1306.1
1267700 1306.1
1267710 1311.7
1267720 1309.3
1267730 1309.3
1267740 1305.1
1267750 1312.2
1267760 1312.2
1267770 1311.7
1267780 1310.4
1267790 1313.6
1267800 1313.6
1267810 1317.5
1267820 1317.7
1267830 1317.7
1267840 1312.6
1267850 1311.6
1267860 1311.6
1267870 1315.3
1267880 1319.4
1267890 1319.4
1267900 1323.1
1267910 1325.6
1267920 1325.6
1267930 1330.1
1267940 1347.1
1267950 1347.1
1267960 1347.4
1267970 1348.3
1267980 1348.3
1267990 1350.0
1268000 1351.8
1268010 1351.8
1268020 1352.0
1268030 1351.4
1268040 1351.4
1268050 1353.8
1268060 1355.8
1268070 1355.8
1268080 1356.1
1268090 1357.6
1268100 1359.0
1268110 1359.0
1268120 1360.3
1268130 1358.8
1268140 1358.8
1268150 1359.1
1268160 1364.2
1268170 1364.2
1268180 1374.9
1268190 1389.9
1268200 1389.9
1268210 1404.2
1268220 1415.1
1268230 1415.1
1268240 1419.4
1268250 1425.1
1268260 1425.1
1268270 1429.5
1268280 1429.4
1268290 1429.4
1268300 1424.9
1268310 1426.4
1268320 1426.4
1268330 1427.6
1268340 1434.8
1268350 1434.8
1268360 1439.9
1268370 1439.3
1268380 1438.8
1268390 1438.8
1268400 1424.0
1268410 1400.5
1268420 1400.5
1268430 1385.9
1268440 1378.4
1268450 1378.4
1268460 1369.5
1268470 1350.4
1268480 1350.4
1268490 1341.8
1268500 1340.9
1268510 1340.9
1268520 1338.9
1268530 1370.4
1268540 1370.4
1268550 1367.0
1268560 1365.5
1268570 1365.5
1268580 1362.9
1268590 1362.6
1268600 1362.6
1268610 1359.3
1268620 1355.7
1268630 1355.7
1268640 1347.1
1268650 1330.4
1268660 1330.4
1268670 1315.6
1268680 1293.8
1268690 1262.5
1268700 1262.5
1268710 1253.7
1268720 1245.6
1268730 1245.6
1268740 1236.3
1268750 1226.8
1268760 1226.8
1268770 1241.4
1268780 1256.0
1268790 1256.0
1268800 1266.0
1268810 1275.1
1268820 1275.1
1268830 1283.1
1268840 1286.9
1268850 1286.9
1268860 1287.2
1268870 1286.8
1268880 1286.8
1268890 1285.0
1268900 1282.8
1268910 1282.8
1268920 1283.3
1268930 1283.6
1268940 1283.6
1268950 1283.5
1268960 1288.2
1268970 1289.8
1268980 1289.8
1268990 1295.0
1269000 1301.4
1269010 1301.4
1269020 1303.1
1269030 1307.4
1269040 1307.4
1269050 1313.8
1269060 1318.8
1269070 1318.8
1269080 1323.2
1269090 1325.2
1269100 1325.2
1269110 1329.2
1269120 1345.9
1269130 1345.9
1269140 1349.7
1269150 1353.9
1269160 1353.9
1269170 1357.2
1269180 1359.9
1269190 1359.9
1269200 1361.9
1269210 1364.7
1269220 1364.7
1269230 1366.8
1269240 1367.5
1269250 1367.5
1269260 1369.3
1269270 1367.1
1269280 1367.7
1269290 1367.7
1269300 1371.6
1269310 1374.2
1269320 1374.2
1269330 1367.7
1269340 1357.2
1269350 1357.2
1269360 1344.4
1269370 1334.5
1269380 1334.5
1269390 1330.6
1269400 1329.7
1269410 1329.7
1269420 1325.7
1269430 1324.0
1269440 1324.0
1269450 1318.9
1269460 1317.0
1269470 1317.0
1269480 1317.9
1269490 1320.0
1269500 1320.0
1269510 1332.4
1269520 1339.9
1269530 1339.9
1269540 1341.6
1269550 1347.1
1269560 1355.3
1269570 1355.3
1269580 1350.9
1269590 1339.4
1269600 1339.4
1269610 1332.5
1269620 1332.5
1269630 1332.5
1269640 1332.8
1269650 1329.9
1269660 1329.9
1269670 1330.8
1269680 1329.5
1269690 1329.5
1269700 1326.9
1269710 1340.1
1269720 1340.1
1269730 1342.0
1269740 1342.4
1269750 1342.4
1269760 1341.7
1269770 1337.6
1269780 1337.6
1269790 1333.4
1269800 1327.9
1269810 1327.9
1269820 1322.5
1269830 1320.4
1269840 1318.3
1269850 1318.3
1269860 1315.0
1269870 1312.1
1269880 1312.1
1269890 1311.6
1269900 1309.5
1269910 1309.5
1269920 1308.8
1269930 1302.1
1269940 1302.1
1269950 1298.3
1269960 1296.8
1269970 1296.8
1269980 1295.5
1269990 1294.8
1270000 1294.8
1270010 1292.5
1270020 1285.1
1270030 1285.1
1270040 1283.3
1270050 1283.3
1270060 1283.3
1270070 1283.1
1270080 1282.9
1270090 1282.9
1270100 1282.4
1270110 1282.4
1270120 1282.4
1270130 1281.3
1270140 1280.3
1270150 1280.2
1270160 1280.2
1270170 1279.6
1270180 1278.4
1270190 1278.4
1270200 1280.1
1270210 1285.4
1270220 1285.4
1270230 1285.1
1270240 1281.1
1270250 1281.1
1270260 1278.8
1270270 1277.4
1270280 1277.4
1270290 1278.0
1270300 1297.5
1270310 1297.5
1270320 1297.0
1270330 1293.7
1270340 1293.7
1270350 1289.4
1270360 1291.6
1270370 1291.6
1270380 1290.8
1270390 1289.5
1270400 1289.5
1270410 1285.9
1270420 1288.1
1270430 1290.7
1270440 1290.7
1270450 1291.7
1270460 1291.8
1270470 1291.8
1270480 1291.6
1270490 1290.8
1270500 1290.8
1270510 1289.5
1270520 1289.2
1270530 1289.2
1270540 1289.3
1270550 1290.1
1270560 1290.1
1270570 1291.7
1270580 1293.3
1270590 1293.3
1270600 1294.7
1270610 1296.2
1270620 1296.2
1270630 1297.1
1270640 1297.1
1270650 1297.1
1270660 1296.8
1270670 1296.2
1270680 1296.2
1270690 1295.6
1270700 1295.6
1270710 1295.6
1270720 1295.5
1270730 1295.9
1270740 1296.3
1270750 1296.3
1270760 1296.6
1270770 1296.8
1270780 1296.8
1270790 1297.6
1270800 1298.0
1270810 1298.0
1270820 1297.7
1270830 1297.3
1270840 1297.3
1270850 1296.9
1270860 1296.8
1270870 1296.8
1270880 1296.7
1270890 1297.2
1270900 1304.4
1270910 1305.2
1270920 1304.6
1270930 1304.6
1270940 1303.4
1270950 1301.5
1270960 1301.5
1270970 1299.7
1270980 1297.3
1270990 1297.3
1271000 1295.6
1271010 1297.4
1271020 1304.5
1271030 1304.5
1271040 1315.7
1271050 1326.4
1271060 1326.4
1271070 1331.4
1271080 1329.8
1271090 1329.8
1271100 1330.6
1271110 1328.3
1271120 1328.3
1271130 1330.7
1271140 1330.5
1271150 1330.5
1271160 1329.5
1271170 1328.3
1271180 1328.3
1271190 1326.1
1271200 1323.0
1271210 1323.0
1271220 1320.5
1271230 1316.4
1271240 1316.4
1271250 1315.3
1271260 1313.1
1271270 1313.1
1271280 1311.2
1271290 1309.4
1271300 1309.4
1271310 1307.5
1271320 1306.3
1271330 1303.2
1271340 1303.2
1271350 1297.6
1271360 1290.4
1271370 1290.4
1271380 1286.4
1271390 1284.8
1271400 1284.8
1271410 1283.1
1271420 1281.1
1271430 1281.1
1271440 1278.7
1271450 1277.1
1271460 1277.1
1271470 1276.1
1271480 1275.4
1271490 1275.4
1271500 1282.3
1271510 1280.5
1271520 1280.5
1271530 1277.8
1271540 1275.9
1271550 1275.9
1271560 1273.3
1271570 1270.2
1271580 1270.2
1271590 1267.2
1271600 1264.9
1271610 1263.7
1271620 1263.7
1271630 1262.1
1271640 1259.8
1271650 1259.8
1271660 1257.3
1271670 1254.2
1271680 1254.2
1271690 1251.4
1271700 1248.9
1271710 1248.9
1271720 1246.2
1271730 1243.4
1271740 1243.4
1271750 1240.1
1271760 1236.7
1271770 1236.7
1271780 1232.9
1271790 1228.8
1271800 1228.8
1271810 1225.6
1271820 1222.7
1271830 1222.7
1271840 1219.5
1271850 1217.3
1271860 1217.3
1271870 1215.0
1271880 1212.5
1271890 1212.5
1271900 1209.8
1271910 1207.4
1271920 1205.4
1271930 1205.4
1271940 1203.9
1271950 1203.4
1271960 1203.4
1271970 1203.4
1271980 1203.5
1271990 1203.5
1272000 1203.7
1272010 1203.8
1272020 1203.8
1272030 1203.9
1272040 1204.0
1272050 1204.0
1272060 1204.1
1272070 1204.2
1272080 1204.2
1272090 1204.3
1272100 1205.4
1272110 1205.4
1272120 1205.5
1272130 1205.3
1272140 1205.3
1272150 1205.0
1272160 1205.3
1272170 1205.3
1272180 1205.7
1272190 1206.1
1272200 1206.4
1272210 1206.4
1272220 1206.6
1272230 1207.1
1272240 1207.1
1272250 1207.2
1272260 1207.3
1272270 1207.3
1272280 1207.4
1272290 1207.7
1272300 1207.7
1272310 1208.1
1272320 1208.4
1272330 1208.4
1272340 1208.7
1272350 1208.8
1272360 1208.8
1272370 1208.9
1272380 1209.1
1272390 1209.1
1272400 1209.4
1272410 1209.7
1272420 1209.7
1272430 1210.0
1272440 1210.1
1272450 1210.1
1272460 1210.4
1272470 1210.7
1272480 1211.1
1272490 1211.1
1272500 1211.5
1272510 1211.8
1272520 1211.8
1272530 1212.2
1272540 1212.5
1272550 1212.5
1272560 1212.9
1272570 1213.3
1272580 1213.3
1272590 1213.8
1272600 1214.2
1272610 1214.2
1272620 1214.5
1272630 1214.9
1272640 1214.9
1272650 1215.2
1272660 1215.6
1272670 1215.6
1272680 1216.0
1272690 1216.5
1272700 1216.6
1272710 1217.1
1272720 1217.5
1272730 1217.5
1272740 1217.9
1272750 1218.3
1272760 1218.3
1272770 1218.7
1272780 1219.1
1272790 1219.6
1272800 1219.6
1272810 1220.2
1272820 1220.6
1272830 1220.6
1272840 1220.9
1272850 1221.4
1272860 1221.4
1272870 1222.0
1272880 1222.6
1272890 1222.6
1272900 1223.1
1272910 1223.7
1272920 1223.7
1272930 1224.3
1272940 1224.8
1272950 1224.8
1272960 1225.4
1272970 1226.1
1272980 1226.1
1272990 1226.5
1273000 1226.7
1273010 1226.7
1273020 1227.1
1273030 1227.4
1273040 1227.4
1273050 1227.9
1273060 1228.4
1273070 1228.9
1273080 1228.9
1273090 1229.4
1273100 1229.8
1273110 1229.8
1273120 1230.3
1273130 1230.9
1273140 1230.9
1273150 1231.5
1273160 1232.3
1273170 1232.3
1273180 1232.6
1273190 1232.9
1273200 1232.9
1273210 1233.4
1273220 1233.9
1273230 1233.9
1273240 1234.5
1273250 1235.0
1273260 1235.0
1273270 1235.7
1273280 1236.2
1273290 1236.2
1273300 1237.4
1273310 1237.8
1273320 1237.8
1273330 1238.0
1273340 1238.3
1273350 1238.3
1273360 1238.5
1273370 1238.8
1273380 1239.3
1273390 1239.3
1273400 1239.8
1273410 1240.4
1273420 1240.4
1273430 1240.8
1273440 1241.3
1273450 1241.3
1273460 1241.7
1273470 1242.1
1273480 1242.1
1273490 1242.5
1273500 1242.9
1273510 1242.9
1273520 1243.5
1273530 1243.8
1273540 1243.8
1273550 1244.0
1273560 1244.1
1273570 1244.1
1273580 1244.6
1273590 1244.7
1273600 1244.7
1273610 1245.1
1273620 1245.6
1273630 1245.6
1273640 1245.8
1273650 1245.9
1273660 1246.4
1273670 1246.4
1273680 1247.1
1273690 1248.1
1273700 1248.1
1273710 1248.6
1273720 1249.0
1273730 1249.0
1273740 1249.4
1273750 1249.7
1273760 1249.7
1273770 1250.2
1273780 1250.6
1273790 1250.6
1273800 1251.1
1273810 1251.6
1273820 1251.6
1273830 1252.0
1273840 1252.6
1273850 1252.6
1273860 1252.9
1273870 1253.3
1273880 1253.3
1273890 1253.8
1273900 1254.2
1273910 1255.0
1273920 1256.3
1273930 1258.3
1273940 1258.3
1273950 1260.9
1273960 1263.2
1273970 1265.2
1273980 1265.2
1273990 1266.9
1274000 1268.7
1274010 1268.7
1274020 1271.6
1274030 1273.8
1274040 1273.8
1274050 1274.3
1274060 1274.6
1274070 1274.6
1274080 1275.6
1274090 1275.1
1274100 1275.1
1274110 1274.1
1274120 1274.8
1274130 1274.8
1274140 1276.5
1274150 1280.0
1274160 1280.0
1274170 1283.6
1274180 1286.0
1274190 1286.0
1274200 1287.7
1274210 1289.4
1274220 1289.4
1274230 1290.9
1274240 1290.1
1274250 1289.6
1274260 1289.6
1274270 1291.4
1274280 1294.6
1274290 1294.6
1274300 1297.4
1274310 1299.6
1274320 1299.6
1274330 1301.7
1274340 1303.3
1274350 1303.3
1274360 1304.2
1274370 1304.7
1274380 1304.7
1274390 1305.2
1274400 1306.0
1274410 1306.0
1274420 1306.4
1274430 1307.7
1274440 1307.7
1274450 1309.1
1274460 1311.0
1274470 1311.0
1274480 1312.6
1274490 1313.3
1274500 1313.3
1274510 1319.1
1274520 1319.7
1274530 1319.7
1274540 1320.0
1274550 1319.9
1274560 1319.9
1274570 1319.9
1274580 1320.0
1274590 1320.3
1274600 1320.3
1274610 1321.3
1274620 1322.2
1274630 1322.2
1274640 1322.4
1274650 1323.1
1274660 1323.1
1274670 1323.2
1274680 1323.0
1274690 1323.0
1274700 1323.2
1274710 1323.4
1274720 1323.4
1274730 1323.0
1274740 1322.3
1274750 1322.3
1274760 1320.0
1274770 1320.6
1274780 1320.6
1274790 1319.7
1274800 1318.6
1274810 1318.6
1274820 1318.7
1274830 1318.5
1274840 1318.7
1274850 1318.7
1274860 1319.4
1274870 1320.5
1274880 1320.5
1274890 1322.1
1274900 1324.0
1274910 1324.0
1274920 1324.3
1274930 1325.3
1274940 1325.3
1274950 1327.3
1274960 1328.1
1274970 1328.1
1274980 1328.6
1274990 1330.4
1275000 1330.4
1275010 1331.9
1275020 1332.8
1275030 1332.8
1275040 1333.4
1275050 1333.8
1275060 1333.8
1275070 1334.2
1275080 1335.2
1275090 1335.2
1275100 1336.0
1275110 1335.3
1275120 1338.6
1275130 1338.6
1275140 1337.5
1275150 1337.7
1275160 1337.7
1275170 1338.2
1275180 1338.7
1275190 1338.7
1275200 1339.5
1275210 1338.9
1275220 1338.9
1275230 1337.4
1275240 1335.6
1275250 1335.6
1275260 1334.5
1275270 1331.9
1275280 1331.9
1275290 1329.5
1275300 1326.9
1275310 1326.9
1275320 1324.9
1275330 1325.3
1275340 1325.3
1275350 1326.8
1275360 1327.3
1275370 1327.3
1275380 1327.2
1275390 1327.9
1275400 1327.9
1275410 1328.9
1275420 1330.6
1275430 1333.0
1275440 1333.0
1275450 1335.2
1275460 1337.1
1275470 1337.1
1275480 1338.2
1275490 1338.8
1275500 1338.8
1275510 1339.8
1275520 1340.1
1275530 1340.1
1275540 1339.4
1275550 1338.1
1275560 1338.1
1275570 1335.7
1275580 1334.3
1275590 1334.3
1275600 1334.3
1275610 1333.6
1275620 1333.6
1275630 1333.2
1275640 1332.8
1275650 1332.8
1275660 1332.4
1275670 1333.1
1275680 1333.1
1275690 1334.7
1275700 1336.4
1275710 1337.1
1275720 1337.1
1275730 1338.9
1275740 1338.9
1275750 1338.9
1275760 1339.2
1275770 1339.5
1275780 1339.5
1275790 1339.6
1275800 1339.0
1275810 1339.0
1275820 1339.1
1275830 1339.4
1275840 1339.4
1275850 1340.1
1275860 1340.8
1275870 1340.8
1275880 1340.8
1275890 1340.8
1275900 1340.8
1275910 1341.0
1275920 1341.6
1275930 1341.6
1275940 1341.3
1275950 1340.0
1275960 1340.0
1275970 1338.3
1275980 1338.8
1275990 1338.8
1276000 1340.8
1276010 1343.0
1276020 1344.6
1276030 1344.6
1276040 1346.0
1276050 1347.5
1276060 1347.5
1276070 1349.7
1276080 1352.8
1276090 1352.8
1276100 1356.0
1276110 1358.9
1276120 1358.9
1276130 1362.0
1276140 1364.9
1276150 1364.9
1276160 1368.1
1276170 1371.0
1276180 1371.0
1276190 1373.6
1276200 1375.9
1276210 1375.9
1276220 1378.0
1276230 1380.3
1276240 1380.3
1276250 1381.9
1276260 1382.5
1276270 1382.5
1276280 1383.7
1276290 1385.3
1276300 1386.8
1276310 1386.8
1276320 1386.9
1276330 1386.9
1276340 1383.3
1276350 1383.6
1276360 1381.7
1276370 1381.7
1276380 1379.7
1276390 1379.4
1276400 1379.4
1276410 1378.5
1276420 1377.8
1276430 1377.8
1276440 1377.1
1276450 1377.5
1276460 1377.5
1276470 1378.8
1276480 1379.9
1276490 1379.9
1276500 1381.5
1276510 1382.0
1276520 1382.0
1276530 1383.1
1276540 1385.1
1276550 1385.1
1276560 1387.6
1276570 1389.8
1276580 1389.8
1276590 1391.7
1276600 1393.4
1276610 1395.3
1276620 1395.3
1276630 1397.5
1276640 1399.2
1276650 1399.2
1276660 1401.3
1276670 1402.2
1276680 1402.2
1276690 1402.6
1276700 1403.5
1276710 1403.5
1276720 1403.1
1276730 1405.4
1276740 1405.4
1276750 1409.7
1276760 1411.7
1276770 1411.7
1276780 1412.0
1276790 1412.1
1276800 1412.1
1276810 1411.9
1276820 1411.2
1276830 1411.2
1276840 1410.6
1276850 1410.6
1276860 1410.6
1276870 1410.2
1276880 1410.4
1276890 1410.7
1276900 1410.7
1276910 1411.6
1276920 1412.9
1276930 1412.9
1276940 1412.3
1276950 1407.6
1276960 1407.6
1276970 1408.5
1276980 1408.1
1276990 1408.1
1277000 1408.4
1277010 1409.9
1277020 1409.9
1277030 1411.4
1277040 1412.9
1277050 1412.9
1277060 1414.3
1277070 1414.9
1277080 1414.9
1277090 1415.6
1277100 1416.5
1277110 1416.5
1277120 1417.8
1277130 1418.3
1277140 1418.3
1277150 1418.8
1277160 1419.3
1277170 1419.4
1277180 1419.4
1277190 1420.1
1277200 1419.7
1277210 1419.7
1277220 1419.7
1277230 1420.3
1277240 1420.3
1277250 1419.7
1277260 1419.2
1277270 1419.2
1277280 1418.2
1277290 1417.4
1277300 1417.4
1277310 1416.8
1277320 1416.0
1277330 1416.0
1277340 1414.9
1277350 1413.3
1277360 1413.3
1277370 1412.6
1277380 1411.9
1277390 1411.9
1277400 1410.6
1277410 1409.9
1277420 1409.9
1277430 1410.4
1277440 1410.9
1277450 1410.9
1277460 1411.5
1277470 1411.9
1277480 1412.3
1277490 1412.3
1277500 1412.7
1277510 1413.2
1277520 1413.2
1277530 1413.7
1277540 1414.2
1277550 1414.2
1277560 1414.5
1277570 1414.7
1277580 1414.7
1277590 1415.1
1277600 1415.4
1277610 1415.4
1277620 1415.6
1277630 1415.9
1277640 1415.9
1277650 1416.3
1277660 1416.7
1277670 1416.7
1277680 1416.9
1277690 1417.3
1277700 1417.3
1277710 1417.9
1277720 1418.3
1277730 1418.3
1277740 1418.7
1277750 1419.3
1277760 1419.6
1277770 1419.6
1277780 1419.5
1277790 1419.6
1277800 1419.6
1277810 1420.4
1277820 1421.6
1277830 1421.6
1277840 1422.5
1277850 1423.6
1277860 1423.6
1277870 1424.7
1277880 1425.8
1277890 1425.8
1277900 1427.0
1277910 1428.1
1277920 1428.1
1277930 1429.0
1277940 1429.6
1277950 1429.6
1277960 1430.2
1277970 1430.6
1277980 1430.6
1277990 1430.7
1278000 1430.7
1278010 1430.7
1278020 1431.0
1278030 1431.3
1278040 1431.3
1278050 1431.1
1278060 1429.8
1278070 1428.5
1278080 1428.5
1278090 1428.3
1278100 1428.6
1278110 1428.6
1278120 1428.9
1278130 1429.2
1278140 1429.2
1278150 1429.5
1278160 1432.6
1278170 1432.6
1278180 1434.7
1278190 1438.0
1278200 1438.0
1278210 1440.0
1278220 1440.6
1278230 1440.6
1278240 1441.9
1278250 1443.8
1278260 1443.8
1278270 1446.0
1278280 1449.1
1278290 1449.1
1278300 1452.5
1278310 1455.0
1278320 1455.0
1278330 1457.6
1278340 1460.2
1278350 1462.0
1278360 1462.0
1278370 1462.8
1278380 1464.8
1278390 1464.8
1278400 1466.5
1278410 1467.8
1278420 1467.8
1278430 1468.4
1278440 1469.2
1278450 1469.2
1278460 1470.3
1278470 1472.8
1278480 1472.8
1278490 1476.4
1278500 1480.6
1278510 1480.6
1278520 1484.3
1278530 1487.8
1278540 1487.8
1278550 1490.9
1278560 1493.2
1278570 1493.2
1278580 1495.2
1278590 1497.1
1278600 1497.1
1278610 1498.9
1278620 1500.5
1278630 1500.5
1278640 1502.1
1278650 1503.1
1278660 1503.5
1278670 1503.5
1278680 1503.9
1278690 1505.2
1278700 1505.2
1278710 1508.3
1278720 1511.8
1278730 1511.8
1278740 1513.7
1278750 1514.2
1278760 1514.2
1278770 1514.2
1278780 1515.1
1278790 1515.1
1278800 1515.4
1278810 1523.3
1278820 1523.3
1278830 1524.4
1278840 1527.7
1278850 1527.7
1278860 1534.2
1278870 1539.5
1278880 1539.5
1278890 1543.2
1278900 1545.9
1278910 1545.9
1278920 1547.0
1278930 1549.8
1278940 1552.3
1278950 1552.3
1278960 1554.2
1278970 1557.2
1278980 1557.2
1278990 1561.5
1279000 1564.5
1279010 1564.5
1279020 1568.7
1279030 1572.6
1279040 1572.6
1279050 1576.8
1279060 1580.2
1279070 1580.2
1279080 1582.5
1279090 1585.3
1279100 1585.3
1279110 1586.7
1279120 1592.0
1279130 1592.0
1279140 1595.8
1279150 1598.2
1279160 1598.2
1279170 1599.4
1279180 1602.2
1279190 1602.2
1279200 1605.2
1279210 1607.5
1279220 1610.2
1279230 1610.2
1279240 1613.0
1279250 1616.2
1279260 1616.2
1279270 1618.6
1279280 1620.2
1279290 1620.2
1279300 1623.4
1279310 1627.3
1279320 1627.3
1279330 1628.7
1279340 1628.9
1279350 1628.9
1279360 1629.4
1279370 1630.7
1279380 1630.7
1279390 1633.3
1279400 1635.2
1279410 1635.2
1279420 1637.4
1279430 1644.7
1279440 1644.7
1279450 1646.3
1279460 1648.3
1279470 1648.3
1279480 1653.5
1279490 1655.3
1279500 1655.3
1279510 1655.7
1279520 1655.6
1279530 1656.4
1279540 1656.4
1279550 1657.1
1279560 1656.3
1279570 1656.3
1279580 1657.0
1279590 1657.8
1279600 1657.8
1279610 1658.0
1279620 1659.9
1279630 1659.9
1279640 1661.8
1279650 1663.4
1279660 1663.4
1279670 1666.2
1279680 1672.8
1279690 1672.8
1279700 1679.4
1279710 1682.3
1279720 1682.3
1279730 1684.1
1279740 1687.4
1279750 1687.4
1279760 1690.2
1279770 1694.5
1279780 1694.5
1279790 1699.0
1279800 1699.5
1279810 1701.4
1279820 1701.4
1279830 1704.4
1279840 1706.4
1279850 1706.4
1279860 1709.2
1279870 1711.9
1279880 1711.9
1279890 1713.9
1279900 1716.4
1279910 1716.4
1279920 1718.6
1279930 1720.5
1279940 1720.5
1279950 1721.5
1279960 1721.2
1279970 1721.2
1279980 1722.9
1279990 1725.8
