1260000 1291.3
1260010 1291.4
1260020 1291.4
1260030 1292.0
1260040 1291.5
1260050 1291.5
1260060 1292.5
1260070 1295.4
1260080 1295.4
1260090 1296.7
1260100 1297.9
1260110 1297.9
1260120 1299.0
1260130 1306.3
1260140 1306.3
1260150 1306.7
1260160 1307.5
1260170 1309.0
1260180 1309.0
1260190 1310.9
1260200 1313.3
1260210 1313.3
1260220 1315.0
1260230 1316.6
1260240 1316.6
1260250 1318.2
1260260 1318.5
1260270 1318.5
1260280 1319.9
1260290 1322.8
1260300 1322.8
1260310 1324.4
1260320 1325.3
1260330 1325.3
1260340 1326.4
1260350 1327.9
1260360 1327.9
1260370 1329.5
1260380 1328.3
1260390 1328.3
1260400 1332.1
1260410 1335.1
1260420 1335.1
1260430 1336.7
1260440 1339.3
1260450 1339.3
1260460 1339.8
1260470 1338.5
1260480 1334.1
1260490 1334.1
1260500 1336.6
1260510 1342.6
1260520 1342.6
1260530 1345.5
1260540 1349.3
1260550 1349.3
1260560 1352.2
1260570 1353.2
1260580 1353.2
1260590 1356.1
1260600 1358.9
1260610 1358.9
1260620 1358.6
1260630 1356.4
1260640 1356.4
1260650 1362.6
1260660 1365.9
1260670 1365.9
1260680 1367.6
1260690 1377.8
1260700 1377.8
1260710 1378.5
1260720 1378.6
1260730 1378.6
1260740 1381.3
1260750 1386.4
1260760 1387.5
1260770 1387.5
1260780 1386.5
1260790 1391.1
1260800 1391.1
1260810 1395.6
1260820 1395.4
1260830 1395.4
1260840 1398.9
1260850 1400.6
1260860 1400.6
1260870 1399.1
1260880 1403.6
1260890 1403.6
1260900 1409.9
1260910 1414.2
1260920 1414.2
1260930 1417.7
1260940 1421.1
1260950 1421.1
1260960 1424.4
1260970 1428.1
1260980 1428.1
1260990 1431.4
1261000 1433.8
1261010 1433.8
1261020 1435.8
1261030 1438.3
1261040 1438.3
1261050 1441.5
1261060 1444.5
1261070 1447.6
1261080 1447.6
1261090 1450.2
1261100 1452.4
1261110 1452.4
1261120 1451.0
1261130 1453.8
1261140 1453.8
1261150 1458.7
1261160 1461.6
1261170 1461.6
1261180 1464.8
1261190 1467.8
1261200 1467.8
1261210 1470.3
1261220 1473.0
1261230 1473.0
1261240 1475.6
1261250 1477.3
1261260 1483.3
1261270 1484.0
1261280 1481.6
1261290 1481.6
1261300 1483.0
1261310 1490.3
1261320 1490.3
1261330 1497.0
1261340 1501.4
1261350 1504.8
1261360 1504.8
1261370 1507.6
1261380 1510.1
1261390 1510.1
1261400 1512.1
1261410 1513.7
1261420 1513.7
1261430 1514.7
1261440 1515.0
1261450 1515.0
1261460 1513.8
1261470 1512.2
1261480 1512.2
1261490 1513.3
1261500 1513.0
1261510 1513.0
1261520 1515.2
1261530 1518.3
1261540 1518.3
1261550 1519.9
1261560 1524.7
1261570 1524.7
1261580 1528.9
1261590 1531.8
1261600 1531.8
1261610 1534.5
1261620 1537.2
1261630 1537.2
1261640 1539.3
1261650 1541.7
1261660 1543.4
1261670 1543.4
1261680 1546.0
1261690 1549.1
1261700 1549.1
1261710 1552.9
1261720 1556.6
1261730 1556.6
1261740 1560.1
1261750 1562.8
1261760 1562.8
1261770 1565.3
1261780 1567.4
1261790 1567.4
1261800 1569.2
1261810 1569.3
1261820 1569.3
1261830 1567.6
1261840 1574.7
1261850 1574.7
1261860 1577.1
1261870 1581.1
1261880 1581.1
1261890 1586.2
1261900 1589.3
1261910 1589.3
1261920 1590.9
1261930 1593.1
1261940 1595.6
1261950 1595.6
1261960 1597.1
1261970 1599.5
1261980 1599.5
1261990 1600.9
1262000 1602.4
1262010 1602.4
1262020 1603.7
1262030 1606.1
1262040 1606.1
1262050 1609.2
1262060 1611.0
1262070 1611.0
1262080 1613.0
1262090 1614.8
1262100 1614.8
1262110 1615.9
1262120 1616.0
1262130 1616.0
1262140 1615.0
1262150 1615.9
1262160 1615.9
1262170 1617.8
1262180 1621.2
1262190 1621.2
1262200 1624.2
1262210 1626.9
1262220 1626.9
1262230 1630.0
1262240 1633.4
1262250 1635.5
1262260 1635.5
1262270 1637.5
1262280 1638.5
1262290 1638.5
1262300 1639.2
1262310 1639.8
1262320 1639.8
1262330 1640.0
1262340 1640.2
1262350 1640.2
1262360 1640.0
1262370 1641.3
1262380 1641.3
1262390 1642.8
1262400 1644.1
1262410 1651.5
1262420 1653.4
1262430 1655.2
1262440 1655.2
1262450 1656.9
1262460 1658.1
1262470 1658.1
1262480 1658.2
1262490 1657.8
1262500 1657.8
1262510 1657.8
1262520 1657.1
1262530 1657.1
1262540 1657.1
1262550 1657.9
1262560 1658.4
1262570 1658.4
1262580 1658.6
1262590 1658.6
1262600 1658.6
1262610 1657.3
1262620 1654.4
1262630 1654.4
1262640 1650.4
1262650 1648.8
1262660 1648.8
1262670 1647.9
1262680 1645.2
1262690 1645.2
1262700 1641.6
1262710 1638.5
1262720 1638.5
1262730 1634.0
1262740 1628.6
1262750 1628.6
1262760 1624.6
1262770 1623.8
1262780 1623.8
1262790 1624.1
1262800 1623.2
1262810 1620.5
1262820 1620.5
1262830 1617.7
1262840 1614.7
1262850 1614.7
1262860 1611.1
1262870 1606.9
1262880 1606.9
1262890 1602.4
1262900 1598.1
1262910 1598.1
1262920 1593.6
1262930 1589.3
1262940 1589.3
1262950 1583.8
1262960 1576.3
1262970 1576.3
1262980 1579.4
1262990 1580.0
1263000 1580.0
1263010 1580.0
1263020 1580.0
1263030 1580.0
1263040 1577.9
1263050 1574.6
1263060 1574.6
1263070 1570.6
1263080 1562.6
1263090 1562.6
1263100 1553.1
1263110 1544.4
1263120 1540.6
1263130 1540.6
1263140 1540.8
1263150 1544.7
1263160 1544.7
1263170 1550.9
1263180 1551.8
1263190 1551.8
1263200 1551.0
1263210 1549.0
1263220 1549.0
1263230 1546.4
1263240 1543.6
1263250 1543.6
1263260 1535.8
1263270 1526.8
1263280 1526.8
1263290 1526.5
1263300 1529.5
1263310 1529.5
1263320 1535.0
1263330 1541.9
1263340 1541.9
1263350 1544.7
1263360 1546.8
1263370 1546.8
1263380 1548.1
1263390 1549.3
1263400 1550.8
1263410 1550.8
1263420 1550.6
1263430 1549.2
1263440 1549.2
1263450 1548.3
1263460 1548.1
1263470 1548.1
1263480 1542.4
1263490 1531.5
1263500 1531.5
1263510 1525.5
1263520 1519.0
1263530 1519.0
1263540 1514.7
1263550 1515.8
1263560 1524.5
1263570 1528.8
1263580 1535.0
1263590 1535.0
1263600 1539.3
1263610 1538.1
1263620 1538.1
1263630 1536.1
1263640 1533.2
1263650 1533.2
1263660 1530.5
1263670 1527.9
1263680 1527.9
1263690 1525.4
1263700 1520.5
1263710 1514.2
1263720 1514.2
1263730 1507.9
1263740 1502.1
1263750 1502.1
1263760 1498.7
1263770 1496.2
1263780 1496.2
1263790 1493.6
1263800 1490.7
1263810 1490.7
1263820 1487.4
1263830 1483.5
1263840 1483.5
1263850 1480.6
1263860 1471.2
1263870 1471.2
1263880 1466.5
1263890 1465.5
1263900 1465.5
1263910 1463.1
1263920 1467.0
1263930 1467.0
1263940 1476.1
1263950 1481.6
1263960 1481.6
1263970 1484.4
1263980 1486.4
1263990 1487.2
1264000 1487.2
1264010 1488.0
1264020 1488.4
1264030 1488.4
1264040 1487.4
1264050 1485.3
1264060 1485.3
1264070 1474.1
1264080 1460.0
1264090 1460.0
1264100 1452.2
1264110 1443.6
1264120 1443.6
1264130 1440.4
1264140 1423.1
1264150 1423.1
1264160 1419.1
1264170 1405.4
1264180 1405.4
1264190 1388.7
1264200 1388.6
1264210 1388.6
1264220 1389.5
1264230 1389.0
1264240 1389.0
1264250 1384.1
1264260 1375.0
1264270 1375.0
1264280 1368.2
1264290 1366.6
1264300 1368.6
1264310 1368.6
1264320 1371.4
1264330 1381.6
1264340 1381.6
1264350 1388.6
1264360 1378.6
1264370 1378.6
1264380 1388.2
1264390 1400.7
1264400 1400.7
1264410 1405.6
1264420 1405.0
1264430 1405.0
1264440 1405.1
1264450 1414.8
1264460 1414.8
1264470 1428.2
1264480 1430.1
1264490 1430.1
1264500 1432.9
1264510 1441.3
1264520 1441.3
1264530 1454.8
1264540 1467.1
1264550 1467.1
1264560 1470.4
1264570 1473.1
1264580 1475.1
1264590 1475.1
1264600 1476.1
1264610 1476.5
1264620 1476.5
1264630 1476.1
1264640 1474.8
1264650 1474.8
1264660 1473.1
1264670 1471.5
1264680 1471.5
1264690 1470.1
1264700 1470.6
1264710 1475.6
1264720 1474.9
1264730 1474.6
1264740 1474.6
1264750 1473.9
1264760 1472.1
1264770 1472.1
1264780 1469.8
1264790 1467.1
1264800 1467.1
1264810 1463.6
1264820 1456.0
1264830 1456.0
1264840 1452.2
1264850 1450.4
1264860 1450.4
1264870 1445.4
1264880 1441.2
1264890 1427.2
1264900 1427.2
1264910 1413.3
1264920 1402.5
1264930 1402.5
1264940 1404.4
1264950 1416.0
1264960 1416.0
1264970 1426.1
1264980 1428.8
1264990 1428.8
1265000 1429.3
1265010 1428.3
1265020 1428.3
1265030 1424.2
1265040 1413.5
1265050 1413.5
1265060 1403.3
1265070 1395.9
1265080 1395.9
1265090 1392.6
1265100 1394.4
1265110 1394.4
1265120 1397.6
1265130 1387.3
1265140 1387.3
1265150 1376.3
1265160 1366.0
1265170 1359.5
1265180 1359.5
1265190 1356.2
1265200 1351.1
1265210 1351.1
1265220 1345.0
1265230 1338.4
1265240 1338.4
1265250 1331.7
1265260 1325.0
1265270 1325.0
1265280 1319.7
1265290 1313.1
1265300 1317.7
1265310 1316.8
1265320 1321.7
1265330 1321.7
1265340 1327.4
1265350 1333.3
1265360 1333.3
1265370 1339.0
1265380 1343.1
1265390 1343.1
1265400 1344.5
1265410 1345.9
1265420 1345.9
1265430 1346.8
1265440 1348.1
1265450 1349.9
1265460 1349.9
1265470 1352.0
1265480 1354.6
1265490 1354.6
1265500 1357.3
1265510 1359.3
1265520 1359.3
1265530 1360.0
1265540 1359.3
1265550 1359.3
1265560 1357.5
1265570 1355.2
1265580 1355.2
1265590 1353.4
1265600 1350.5
1265610 1350.5
1265620 1345.3
1265630 1340.1
1265640 1340.1
1265650 1335.0
1265660 1329.7
1265670 1329.7
1265680 1329.4
1265690 1334.8
1265700 1334.8
1265710 1339.7
1265720 1340.4
1265730 1340.4
1265740 1340.5
1265750 1341.6
1265760 1343.6
1265770 1343.6
1265780 1344.9
1265790 1349.7
1265800 1349.7
1265810 1358.2
1265820 1361.8
1265830 1361.8
1265840 1356.7
1265850 1356.1
1265860 1356.1
1265870 1359.6
1265880 1372.2
1265890 1372.2
1265900 1366.9
1265910 1368.4
1265920 1368.4
1265930 1373.6
1265940 1381.0
1265950 1381.0
1265960 1388.7
1265970 1394.5
1265980 1394.5
1265990 1394.8
1266000 1394.6
1266010 1394.6
1266020 1393.7
1266030 1391.9
1266040 1388.9
1266050 1388.9
1266060 1388.7
1266070 1389.8
1266080 1389.8
1266090 1386.4
1266100 1387.4
1266110 1387.4
1266120 1393.1
1266130 1400.8
1266140 1400.8
1266150 1400.4
1266160 1402.5
1266170 1402.5
1266180 1394.8
1266190 1391.0
1266200 1391.0
1266210 1390.8
1266220 1390.4
1266230 1390.4
1266240 1388.8
1266250 1385.7
1266260 1385.7
1266270 1385.4
1266280 1387.0
1266290 1387.0
1266300 1389.9
1266310 1389.3
1266320 1389.3
1266330 1386.0
1266340 1383.4
1266350 1383.8
1266360 1383.8
1266370 1379.2
1266380 1371.0
1266390 1371.0
1266400 1366.7
1266410 1372.7
1266420 1372.7
1266430 1377.6
1266440 1379.8
1266450 1379.8
1266460 1385.9
1266470 1382.6
1266480 1382.6
1266490 1380.0
1266500 1383.6
1266510 1383.6
1266520 1384.0
1266530 1384.3
1266540 1384.3
1266550 1384.3
1266560 1383.7
1266570 1383.7
1266580 1382.1
1266590 1378.6
1266600 1378.6
1266610 1378.1
1266620 1379.0
1266630 1378.8
1266640 1378.8
1266650 1377.5
1266660 1375.8
1266670 1375.8
1266680 1374.1
1266690 1373.6
1266700 1373.6
1266710 1373.7
1266720 1373.5
1266730 1373.5
1266740 1372.8
1266750 1371.3
1266760 1371.3
1266770 1370.5
1266780 1369.8
1266790 1369.8
1266800 1369.4
1266810 1369.1
1266820 1369.1
1266830 1368.5
1266840 1368.7
1266850 1368.7
1266860 1367.4
1266870 1371.9
1266880 1371.9
1266890 1375.4
1266900 1378.4
1266910 1378.4
1266920 1380.8
1266930 1381.8
1266940 1381.0
1266950 1381.0
1266960 1379.3
1266970 1377.1
1266980 1377.1
1266990 1375.9
1267000 1375.1
1267010 1375.1
1267020 1375.8
1267030 1376.5
1267040 1376.5
1267050 1383.0
1267060 1384.5
1267070 1384.5
1267080 1387.7
1267090 1390.8
1267100 1390.8
1267110 1392.7
1267120 1394.2
1267130 1394.2
1267140 1395.1
1267150 1395.3
1267160 1395.3
1267170 1394.4
1267180 1393.8
1267190 1393.8
1267200 1392.3
1267210 1390.2
1267220 1389.5
1267230 1389.5
1267240 1389.9
1267250 1388.7
1267260 1388.7
1267270 1389.5
1267280 1390.8
1267290 1390.8
1267300 1396.8
1267310 1401.1
1267320 1401.1
1267330 1403.0
1267340 1404.4
1267350 1404.4
1267360 1405.4
1267370 1405.8
1267380 1405.8
1267390 1406.3
1267400 1405.0
1267410 1405.0
1267420 1402.4
1267430 1405.8
1267440 1405.8
1267450 1413.1
1267460 1419.9
1267470 1419.9
1267480 1423.5
1267490 1426.1
1267500 1430.3
1267510 1430.3
1267520 1433.4
1267530 1434.3
1267540 1434.3
1267550 1428.9
1267560 1432.2
1267570 1432.2
1267580 1436.3
1267590 1440.8
1267600 1440.8
1267610 1444.5
1267620 1447.1
1267630 1456.0
1267640 1456.4
1267650 1459.0
1267660 1459.0
1267670 1462.2
1267680 1465.3
1267690 1465.3
1267700 1468.9
1267710 1473.1
1267720 1473.1
1267730 1476.5
1267740 1478.7
1267750 1478.7
1267760 1479.8
1267770 1479.3
1267780 1479.3
1267790 1479.7
1267800 1483.9
1267810 1486.6
1267820 1486.6
1267830 1487.5
1267840 1488.5
1267850 1488.5
1267860 1489.5
1267870 1492.1
1267880 1492.1
1267890 1495.7
1267900 1498.2
1267910 1498.2
1267920 1500.3
1267930 1502.0
1267940 1502.0
1267950 1503.2
1267960 1504.5
1267970 1504.5
1267980 1505.5
1267990 1506.5
1268000 1506.5
1268010 1507.7
1268020 1508.9
1268030 1508.9
1268040 1509.7
1268050 1510.3
1268060 1510.3
1268070 1510.9
1268080 1510.8
1268090 1509.7
1268100 1509.7
1268110 1510.1
1268120 1510.7
1268130 1510.7
1268140 1511.5
1268150 1512.3
1268160 1512.3
1268170 1512.8
1268180 1513.2
1268190 1513.2
1268200 1513.6
1268210 1513.8
1268220 1512.5
1268230 1512.7
1268240 1512.5
1268250 1512.5
1268260 1512.3
1268270 1512.5
1268280 1512.5
1268290 1512.5
1268300 1512.3
1268310 1512.3
1268320 1512.3
1268330 1511.5
1268340 1511.5
1268350 1510.0
1268360 1508.3
1268370 1508.3
1268380 1506.8
1268390 1505.5
1268400 1504.1
1268410 1504.1
1268420 1502.0
1268430 1498.8
1268440 1498.8
1268450 1497.2
1268460 1496.6
1268470 1496.6
1268480 1493.9
1268490 1491.5
1268500 1491.5
1268510 1491.3
1268520 1492.2
1268530 1492.2
1268540 1493.1
1268550 1491.8
1268560 1491.8
1268570 1484.4
1268580 1463.5
1268590 1463.5
1268600 1441.3
1268610 1426.2
1268620 1426.2
1268630 1413.0
1268640 1396.1
1268650 1396.1
1268660 1369.1
1268670 1336.9
1268680 1321.1
1268690 1321.1
1268700 1298.0
1268710 1276.9
1268720 1276.9
1268730 1289.0
1268740 1301.8
1268750 1301.8
1268760 1315.1
1268770 1329.9
1268780 1329.9
1268790 1347.0
1268800 1362.7
1268810 1364.0
1268820 1379.7
1268830 1389.2
1268840 1389.2
1268850 1400.1
1268860 1411.1
1268870 1411.1
1268880 1419.8
1268890 1427.2
1268900 1427.2
1268910 1433.4
1268920 1438.7
1268930 1438.7
1268940 1443.6
1268950 1448.0
1268960 1448.0
1268970 1451.4
1268980 1454.4
1268990 1463.7
1269000 1463.7
1269010 1470.1
1269020 1474.7
1269030 1474.7
1269040 1479.9
1269050 1485.7
1269060 1485.7
1269070 1490.1
1269080 1494.0
1269090 1494.0
1269100 1499.7
1269110 1507.2
1269120 1507.2
1269130 1509.3
1269140 1511.4
1269150 1511.4
1269160 1514.9
1269170 1517.7
1269180 1517.7
1269190 1522.3
1269200 1525.4
1269210 1525.4
1269220 1530.0
1269230 1532.0
1269240 1532.0
1269250 1529.8
1269260 1532.9
1269270 1542.2
1269280 1542.2
1269290 1568.8
1269300 1587.8
1269310 1587.8
1269320 1596.3
1269330 1600.4
1269340 1600.4
1269350 1602.4
1269360 1602.2
1269370 1602.2
1269380 1602.5
1269390 1603.7
1269400 1609.8
1269410 1611.3
1269420 1612.4
1269430 1612.4
1269440 1614.0
1269450 1615.2
1269460 1615.2
1269470 1616.2
1269480 1616.9
1269490 1616.9
1269500 1617.5
1269510 1618.0
1269520 1618.0
1269530 1618.5
1269540 1619.1
1269550 1619.2
1269560 1619.2
1269570 1620.1
1269580 1621.7
1269590 1621.7
1269600 1621.7
1269610 1620.8
1269620 1620.8
1269630 1617.7
1269640 1615.3
1269650 1615.3
1269660 1615.9
1269670 1616.7
1269680 1616.7
1269690 1617.3
1269700 1616.9
1269710 1616.9
1269720 1618.2
1269730 1616.9
1269740 1616.9
1269750 1614.4
1269760 1612.1
1269770 1612.1
1269780 1609.0
1269790 1601.6
1269800 1601.6
1269810 1598.2
1269820 1594.7
1269830 1594.7
1269840 1591.6
1269850 1589.0
1269860 1584.4
1269870 1584.4
1269880 1579.9
1269890 1575.9
1269900 1575.9
1269910 1563.2
1269920 1548.9
1269930 1548.9
1269940 1542.2
1269950 1535.2
1269960 1535.2
1269970 1529.1
1269980 1524.2
1269990 1524.2
1270000 1531.7
1270010 1528.8
1270020 1528.8
1270030 1528.6
1270040 1529.7
1270050 1529.7
1270060 1529.6
1270070 1527.0
1270080 1527.0
1270090 1523.1
1270100 1520.0
1270110 1520.0
1270120 1518.5
1270130 1516.0
1270140 1513.4
1270150 1513.4
1270160 1510.1
1270170 1509.1
1270180 1509.1
1270190 1508.6
1270200 1506.5
1270210 1506.5
1270220 1504.5
1270230 1504.1
1270240 1504.1
1270250 1501.5
1270260 1500.1
1270270 1500.1
1270280 1499.9
1270290 1499.1
1270300 1499.1
1270310 1499.2
1270320 1498.4
1270330 1498.4
1270340 1490.0
1270350 1485.2
1270360 1485.2
1270370 1483.2
1270380 1483.6
1270390 1483.6
1270400 1482.7
1270410 1485.5
1270420 1485.5
1270430 1482.9
1270440 1478.0
1270450 1475.1
1270460 1475.1
1270470 1473.4
1270480 1473.7
1270490 1473.7
1270500 1473.6
1270510 1472.4
1270520 1472.4
1270530 1466.0
1270540 1452.6
1270550 1452.6
1270560 1438.6
1270570 1436.1
1270580 1436.1
1270590 1498.3
1270600 1501.8
1270610 1501.8
1270620 1503.8
1270630 1494.0
1270640 1494.0
1270650 1471.7
1270660 1467.2
1270670 1467.2
1270680 1469.8
1270690 1486.1
1270700 1486.1
1270710 1494.0
1270720 1494.0
1270730 1495.1
1270740 1495.1
1270750 1496.2
1270760 1490.1
1270770 1490.1
1270780 1482.6
1270790 1477.6
1270800 1477.6
1270810 1477.1
1270820 1477.0
1270830 1477.0
1270840 1476.0
1270850 1479.8
1270860 1479.8
1270870 1484.5
1270880 1485.0
1270890 1485.0
1270900 1482.7
1270910 1482.6
1270920 1482.6
1270930 1486.4
1270940 1489.2
1270950 1489.2
1270960 1492.2
1270970 1496.2
1270980 1496.2
1270990 1498.7
1271000 1504.2
1271010 1504.2
1271020 1509.0
1271030 1511.8
1271040 1510.0
1271050 1510.0
1271060 1506.9
1271070 1500.4
1271080 1500.4
1271090 1502.0
1271100 1505.4
1271110 1505.4
1271120 1505.2
1271130 1508.1
1271140 1508.1
1271150 1513.9
1271160 1517.8
1271170 1517.8
1271180 1520.0
1271190 1532.4
1271200 1532.4
1271210 1533.5
1271220 1533.8
1271230 1533.8
1271240 1533.2
1271250 1533.0
1271260 1533.0
1271270 1532.0
1271280 1529.4
1271290 1529.4
1271300 1527.0
1271310 1526.0
1271320 1524.5
1271330 1524.5
1271340 1522.2
1271350 1518.1
1271360 1518.1
1271370 1514.7
1271380 1513.0
1271390 1513.0
1271400 1510.9
1271410 1508.8
1271420 1508.8
1271430 1506.3
1271440 1504.8
1271450 1504.8
1271460 1505.4
1271470 1505.4
1271480 1505.4
1271490 1504.0
1271500 1501.2
1271510 1501.2
1271520 1499.7
1271530 1499.2
1271540 1499.2
1271550 1498.6
1271560 1497.5
1271570 1497.5
1271580 1496.8
1271590 1496.0
1271600 1494.2
1271610 1494.2
1271620 1492.7
1271630 1491.1
1271640 1491.1
1271650 1488.2
1271660 1484.8
1271670 1484.8
1271680 1481.3
1271690 1479.6
1271700 1479.6
1271710 1476.5
1271720 1473.4
1271730 1473.4
1271740 1471.3
1271750 1467.1
1271760 1467.1
1271770 1461.9
1271780 1458.3
1271790 1456.7
1271800 1450.6
1271810 1445.4
1271820 1445.4
1271830 1441.3
1271840 1436.7
1271850 1436.7
1271860 1430.8
1271870 1422.5
1271880 1422.5
1271890 1412.8
1271900 1404.2
1271910 1393.5
1271920 1393.5
1271930 1380.6
1271940 1354.0
1271950 1354.0
1271960 1327.4
1271970 1311.6
1271980 1311.6
1271990 1295.2
1272000 1279.5
1272010 1279.5
1272020 1268.9
1272030 1256.7
1272040 1256.7
1272050 1248.4
1272060 1245.6
1272070 1245.6
1272080 1241.7
1272090 1237.0
1272100 1237.0
1272110 1231.4
1272120 1225.7
1272130 1225.7
1272140 1221.4
1272150 1216.9
1272160 1216.9
1272170 1213.7
1272180 1214.7
1272190 1216.3
1272200 1216.3
1272210 1217.1
1272220 1217.8
1272230 1217.8
1272240 1219.5
1272250 1220.8
1272260 1220.8
1272270 1221.9
1272280 1222.6
1272290 1222.6
1272300 1223.8
1272310 1224.5
1272320 1224.5
1272330 1223.7
1272340 1222.4
1272350 1222.4
1272360 1221.2
1272370 1220.1
1272380 1220.1
1272390 1221.7
1272400 1221.2
1272410 1221.2
1272420 1220.0
1272430 1218.9
1272440 1218.9
1272450 1218.2
1272460 1217.0
1272470 1217.0
1272480 1215.5
1272490 1214.5
1272500 1213.4
1272510 1213.4
1272520 1212.7
1272530 1212.7
1272540 1212.7
1272550 1213.0
1272560 1213.8
1272570 1213.8
1272580 1214.0
1272590 1214.2
1272600 1214.2
1272610 1214.6
1272620 1214.9
1272630 1214.9
1272640 1215.3
1272650 1215.7
1272660 1215.7
1272670 1216.2
1272680 1216.8
1272690 1216.8
1272700 1217.4
1272710 1217.9
1272720 1217.9
1272730 1218.1
1272740 1218.6
1272750 1218.6
1272760 1219.3
1272770 1219.8
1272780 1220.2
1272790 1220.2
1272800 1220.5
1272810 1220.8
1272820 1220.8
1272830 1221.1
1272840 1221.5
1272850 1221.5
1272860 1221.8
1272870 1222.3
1272880 1222.3
1272890 1222.8
1272900 1223.3
1272910 1223.3
1272920 1223.9
1272930 1224.4
1272940 1224.4
1272950 1224.8
1272960 1225.4
1272970 1225.4
1272980 1225.9
1272990 1226.2
1273000 1226.2
1273010 1226.6
1273020 1227.2
1273030 1227.2
1273040 1227.6
1273050 1227.9
1273060 1227.9
1273070 1228.3
1273080 1228.8
1273090 1229.4
1273100 1229.4
1273110 1230.0
1273120 1230.3
1273130 1230.3
1273140 1230.8
1273150 1231.3
1273160 1231.3
1273170 1231.8
1273180 1232.4
1273190 1232.4
1273200 1232.9
1273210 1233.3
1273220 1233.3
1273230 1233.8
1273240 1234.2
1273250 1234.2
1273260 1234.5
1273270 1235.0
1273280 1235.0
1273290 1235.5
1273300 1235.7
1273310 1235.7
1273320 1236.0
1273330 1236.2
1273340 1236.2
1273350 1236.4
1273360 1236.7
1273370 1237.1
1273380 1237.1
1273390 1237.7
1273400 1238.1
1273410 1238.1
1273420 1238.5
1273430 1239.1
1273440 1239.1
1273450 1239.6
1273460 1239.9
1273470 1239.9
1273480 1240.4
1273490 1241.3
1273500 1241.3
1273510 1242.5
1273520 1244.1
1273530 1244.1
1273540 1247.0
1273550 1249.4
1273560 1249.4
1273570 1250.4
1273580 1251.2
1273590 1255.1
1273600 1256.4
1273610 1256.2
1273620 1256.2
1273630 1254.8
1273640 1256.1
1273650 1260.3
1273660 1260.3
1273670 1264.2
1273680 1266.1
1273690 1266.1
1273700 1267.7
1273710 1270.2
1273720 1270.2
1273730 1273.0
1273740 1274.1
1273750 1274.1
1273760 1276.7
1273770 1281.1
1273780 1281.1
1273790 1285.7
1273800 1290.4
1273810 1290.4
1273820 1295.3
1273830 1300.5
1273840 1300.5
1273850 1305.5
1273860 1309.2
1273870 1309.2
1273880 1311.3
1273890 1314.1
1273900 1314.1
1273910 1317.2
1273920 1322.1
1273930 1322.1
1273940 1327.3
1273950 1332.0
1273960 1336.8
1273970 1336.8
1273980 1341.2
1273990 1345.1
1274000 1345.1
1274010 1348.7
1274020 1351.5
1274030 1351.5
1274040 1352.7
1274050 1352.6
1274060 1352.6
1274070 1352.1
1274080 1353.1
1274090 1353.1
1274100 1354.0
1274110 1354.4
1274120 1354.4
1274130 1355.2
1274140 1356.2
1274150 1356.2
1274160 1356.1
1274170 1358.8
1274180 1358.8
1274190 1385.5
1274200 1423.3
1274210 1423.3
1274220 1445.1
1274230 1446.8
1274240 1449.0
1274250 1449.0
1274260 1455.0
1274270 1440.8
1274280 1440.8
1274290 1408.8
1274300 1388.0
1274310 1388.0
1274320 1381.8
1274330 1379.6
1274340 1379.6
1274350 1380.3
1274360 1383.2
1274370 1383.2
1274380 1387.2
1274390 1391.2
1274400 1391.2
1274410 1393.8
1274420 1396.4
1274430 1396.4
1274440 1400.1
1274450 1402.5
1274460 1402.5
1274470 1405.3
1274480 1409.3
1274490 1409.3
1274500 1413.1
1274510 1418.6
1274520 1418.6
1274530 1422.8
1274540 1426.2
1274550 1430.2
1274560 1430.2
1274570 1436.7
1274580 1442.4
1274590 1442.4
1274600 1443.5
1274610 1441.7
1274620 1441.7
1274630 1435.5
1274640 1428.5
1274650 1428.5
1274660 1424.3
1274670 1419.0
1274680 1419.0
1274690 1422.6
1274700 1429.8
1274710 1429.8
1274720 1437.5
1274730 1438.8
1274740 1438.8
1274750 1440.8
1274760 1443.5
1274770 1443.5
1274780 1441.0
1274790 1424.7
1274800 1458.3
1274810 1437.8
1274820 1432.7
1274830 1430.1
1274840 1430.1
1274850 1421.1
1274860 1418.2
1274870 1418.2
1274880 1417.4
1274890 1416.5
1274900 1416.5
1274910 1414.8
1274920 1414.4
1274930 1414.4
1274940 1413.9
1274950 1413.6
1274960 1413.6
1274970 1415.4
1274980 1413.7
1274990 1413.7
1275000 1410.7
1275010 1406.5
1275020 1406.5
1275030 1401.2
1275040 1396.8
1275050 1396.8
1275060 1396.3
1275070 1396.6
1275080 1396.6
1275090 1397.3
1275100 1397.3
1275110 1397.3
1275120 1399.1
1275130 1397.7
1275140 1391.9
1275150 1391.9
1275160 1387.9
1275170 1391.8
1275180 1391.8
1275190 1397.7
1275200 1402.8
1275210 1402.8
1275220 1405.8
1275230 1405.7
1275240 1405.7
1275250 1404.7
1275260 1403.5
1275270 1403.5
1275280 1403.0
1275290 1402.5
1275300 1402.5
1275310 1402.2
1275320 1401.3
1275330 1401.3
1275340 1399.9
1275350 1397.8
1275360 1397.8
1275370 1396.0
1275380 1396.7
1275390 1396.7
1275400 1396.4
1275410 1400.6
1275420 1399.6
1275430 1399.6
1275440 1397.4
1275450 1393.6
1275460 1393.6
1275470 1390.4
1275480 1387.1
1275490 1387.1
1275500 1388.2
1275510 1391.6
1275520 1391.6
1275530 1393.3
1275540 1394.3
1275550 1394.3
1275560 1394.6
1275570 1394.1
1275580 1394.1
1275590 1393.1
1275600 1391.7
1275610 1391.7
1275620 1390.4
1275630 1389.4
1275640 1389.4
1275650 1388.6
1275660 1387.3
1275670 1387.3
1275680 1385.5
1275690 1383.4
1275700 1382.7
1275710 1382.7
1275720 1382.7
1275730 1383.6
1275740 1383.6
1275750 1383.5
1275760 1383.6
1275770 1383.6
1275780 1384.1
1275790 1384.3
1275800 1384.3
1275810 1384.1
1275820 1382.7
1275830 1382.7
1275840 1380.1
1275850 1377.2
1275860 1377.2
1275870 1374.0
1275880 1372.4
1275890 1372.4
1275900 1372.2
1275910 1370.0
1275920 1370.0
1275930 1368.7
1275940 1368.2
1275950 1368.2
1275960 1367.2
1275970 1368.1
1275980 1368.1
1275990 1368.3
1276000 1366.7
1276010 1363.6
1276020 1365.4
1276030 1362.1
1276040 1359.9
1276050 1359.9
1276060 1358.5
1276070 1356.6
1276080 1356.6
1276090 1355.7
1276100 1355.0
1276110 1355.0
1276120 1355.8
1276130 1357.0
1276140 1357.0
1276150 1358.4
1276160 1360.3
1276170 1360.3
1276180 1362.3
1276190 1364.3
1276200 1364.3
1276210 1366.7
1276220 1368.2
1276230 1368.2
1276240 1369.3
1276250 1370.1
1276260 1370.1
1276270 1370.2
1276280 1370.2
1276290 1369.8
1276300 1369.8
1276310 1368.1
1276320 1365.7
1276330 1365.7
1276340 1363.8
1276350 1362.9
1276360 1362.9
1276370 1360.3
1276380 1358.0
1276390 1358.0
1276400 1358.4
1276410 1360.0
1276420 1360.0
1276430 1362.1
1276440 1363.0
1276450 1363.0
1276460 1363.4
1276470 1363.9
1276480 1363.9
1276490 1365.2
1276500 1366.5
1276510 1366.5
1276520 1367.2
1276530 1367.8
1276540 1367.8
1276550 1368.7
1276560 1369.6
1276570 1369.6
1276580 1370.6
1276590 1371.6
1276600 1372.3
1276610 1372.3
1276620 1372.9
1276630 1373.7
1276640 1375.0
1276650 1376.1
1276660 1376.4
1276670 1376.4
1276680 1377.9
1276690 1379.5
1276700 1379.5
1276710 1380.1
1276720 1380.6
1276730 1380.6
1276740 1381.6
1276750 1383.1
1276760 1383.1
1276770 1385.0
1276780 1386.3
1276790 1386.3
1276800 1386.7
1276810 1387.1
1276820 1387.1
1276830 1388.7
1276840 1390.3
1276850 1390.3
1276860 1391.0
1276870 1391.1
1276880 1391.8
1276890 1391.8
1276900 1392.5
1276910 1393.3
1276920 1393.3
1276930 1394.2
1276940 1395.1
1276950 1395.1
1276960 1396.0
1276970 1396.9
1276980 1396.9
1276990 1397.6
1277000 1398.3
1277010 1398.3
1277020 1399.2
1277030 1399.8
1277040 1399.8
1277050 1400.6
1277060 1401.3
1277070 1401.3
1277080 1402.0
1277090 1402.6
1277100 1402.6
1277110 1403.8
1277120 1405.2
1277130 1405.2
1277140 1407.7
1277150 1409.7
1277160 1411.4
1277170 1411.4
1277180 1413.0
1277190 1414.2
1277200 1414.2
1277210 1414.5
1277220 1414.5
1277230 1414.5
1277240 1414.6
1277250 1417.1
1277260 1417.1
1277270 1416.1
1277280 1414.3
1277290 1414.3
1277300 1412.1
1277310 1409.5
1277320 1409.5
1277330 1407.5
1277340 1408.5
1277350 1408.5
1277360 1411.8
1277370 1415.4
1277380 1415.4
1277390 1418.9
1277400 1422.2
1277410 1422.2
1277420 1425.4
1277430 1428.9
1277440 1428.9
1277450 1432.3
1277460 1434.4
1277470 1437.1
1277480 1437.1
1277490 1439.1
1277500 1438.8
1277510 1438.8
1277520 1436.9
1277530 1436.6
1277540 1436.6
1277550 1437.1
1277560 1437.0
1277570 1437.0
1277580 1436.5
1277590 1436.2
1277600 1436.2
1277610 1436.8
1277620 1437.4
1277630 1437.4
1277640 1438.1
1277650 1439.2
1277660 1439.2
1277670 1440.8
1277680 1441.9
1277690 1441.9
1277700 1442.4
1277710 1443.1
1277720 1443.1
1277730 1444.1
1277740 1444.4
1277750 1443.8
1277760 1443.8
1277770 1442.9
1277780 1444.5
1277790 1444.5
1277800 1445.8
1277810 1446.8
1277820 1446.8
1277830 1449.1
1277840 1452.2
1277850 1452.2
1277860 1454.4
1277870 1464.3
1277880 1464.3
1277890 1468.6
1277900 1472.1
1277910 1472.1
1277920 1477.2
1277930 1482.0
1277940 1482.0
1277950 1488.3
1277960 1493.7
1277970 1493.7
1277980 1494.0
1277990 1496.1
1278000 1496.1
1278010 1494.3
1278020 1493.9
1278030 1493.9
1278040 1493.9
1278050 1496.5
1278060 1499.0
1278070 1499.0
1278080 1498.9
1278090 1502.4
1278100 1502.4
1278110 1505.6
1278120 1509.0
1278130 1509.0
1278140 1509.6
1278150 1508.7
1278160 1508.7
1278170 1508.3
1278180 1510.9
1278190 1510.9
1278200 1514.6
1278210 1519.2
1278220 1519.2
1278230 1525.1
1278240 1529.2
1278250 1529.2
1278260 1532.7
1278270 1535.1
1278280 1535.1
1278290 1537.1
1278300 1538.3
1278310 1538.3
1278320 1541.0
1278330 1544.6
1278340 1546.1
1278350 1546.1
1278360 1547.9
1278370 1547.8
1278380 1547.8
1278390 1549.2
1278400 1553.9
1278410 1553.9
1278420 1558.2
1278430 1561.1
1278440 1561.1
1278450 1563.6
1278460 1566.1
1278470 1566.1
1278480 1577.7
1278490 1581.7
1278500 1581.7
1278510 1589.8
1278520 1597.5
1278530 1597.5
1278540 1599.9
1278550 1599.8
1278560 1599.8
1278570 1605.6
1278580 1609.8
1278590 1609.8
1278600 1614.3
1278610 1617.7
1278620 1617.7
1278630 1620.5
1278640 1623.3
1278650 1628.4
1278660 1628.4
1278670 1628.0
1278680 1632.4
1278690 1632.4
1278700 1639.6
1278710 1645.6
1278720 1645.6
1278730 1648.3
1278740 1643.7
1278750 1643.7
1278760 1641.1
1278770 1645.9
1278780 1645.9
1278790 1639.1
1278800 1636.0
1278810 1636.0
1278820 1641.5
1278830 1648.6
1278840 1648.6
1278850 1653.5
1278860 1659.0
1278870 1659.0
1278880 1664.4
1278890 1657.9
1278900 1657.9
1278910 1658.8
1278920 1671.1
1278930 1672.5
1278940 1672.5
1278950 1673.1
1278960 1674.2
1278970 1674.2
1278980 1675.7
1278990 1677.8
1279000 1677.8
1279010 1679.7
1279020 1680.2
1279030 1680.2
1279040 1680.4
1279050 1681.4
1279060 1681.4
1279070 1682.8
1279080 1686.9
1279090 1686.9
1279100 1698.1
1279110 1700.0
1279120 1700.0
1279130 1698.9
1279140 1694.6
1279150 1694.6
1279160 1691.4
1279170 1691.1
1279180 1691.1
1279190 1697.5
1279200 1702.6
1279210 1704.6
1279220 1704.6
1279230 1707.3
1279240 1711.6
1279250 1711.6
1279260 1714.6
1279270 1716.8
1279280 1716.8
1279290 1718.0
1279300 1717.9
1279310 1717.9
1279320 1719.0
1279330 1718.9
1279340 1718.9
1279350 1717.5
1279360 1716.2
1279370 1716.2
1279380 1715.1
1279390 1714.6
1279400 1714.6
1279410 1712.5
1279420 1706.6
1279430 1706.6
1279440 1702.1
1279450 1703.3
1279460 1703.3
1279470 1705.0
1279480 1707.9
1279490 1707.9
1279500 1714.3
1279510 1720.7
1279520 1725.6
1279530 1725.6
1279540 1730.6
1279550 1735.9
1279560 1735.9
1279570 1740.8
1279580 1744.2
1279590 1744.2
1279600 1749.5
1279610 1754.1
1279620 1754.1
1279630 1757.9
1279640 1761.7
1279650 1761.7
1279660 1766.3
1279670 1771.1
1279680 1771.1
1279690 1777.1
1279700 1782.3
1279710 1782.3
1279720 1787.3
1279730 1799.0
1279740 1799.0
1279750 1805.0
1279760 1809.8
1279770 1809.8
1279780 1814.0
1279790 1816.0
1279800 1819.3
1279810 1819.3
1279820 1821.8
1279830 1824.6
1279840 1824.6
1279850 1827.4
1279860 1830.3
1279870 1830.3
1279880 1835.9
1279890 1841.1
1279900 1841.1
1279910 1842.7
1279920 1843.7
1279930 1843.7
1279940 1841.4
1279950 1837.0
1279960 1837.0
1279970 1836.5
1279980 1837.9
1279990 1837.9
