1260000 1339.4
1260010 1339.4
1260020 1341.2
1260030 1343.1
1260040 1343.1
1260050 1345.4
1260060 1347.5
1260070 1347.5
1260080 1349.5
1260090 1351.7
1260100 1351.7
1260110 1353.8
1260120 1354.9
1260130 1354.9
1260140 1358.3
1260150 1361.6
1260160 1361.6
1260170 1364.1
1260180 1367.6
1260190 1367.6
1260200 1370.6
1260210 1374.1
1260220 1374.1
1260230 1377.5
1260240 1380.9
1260250 1380.9
1260260 1384.1
1260270 1387.0
1260280 1389.9
1260290 1389.9
1260300 1392.8
1260310 1396.3
1260320 1396.3
1260330 1399.0
1260340 1402.2
1260350 1402.2
1260360 1405.5
1260370 1408.5
1260380 1408.5
1260390 1411.4
1260400 1414.3
1260410 1414.3
1260420 1417.9
1260430 1421.1
1260440 1421.1
1260450 1424.6
1260460 1427.9
1260470 1427.9
1260480 1431.6
1260490 1434.5
1260500 1434.5
1260510 1436.7
1260520 1438.8
1260530 1438.8
1260540 1441.7
1260550 1444.6
1260560 1448.1
1260570 1448.1
1260580 1451.8
1260590 1454.8
1260600 1454.8
1260610 1457.3
1260620 1460.1
1260630 1460.1
1260640 1463.0
1260650 1466.2
1260660 1466.2
1260670 1469.7
1260680 1472.3
1260690 1472.3
1260700 1472.3
1260710 1472.2
1260720 1472.2
1260730 1475.2
1260740 1480.3
1260750 1484.4
1260760 1488.3
1260770 1490.7
1260780 1490.7
1260790 1492.4
1260800 1493.5
1260810 1493.5
1260820 1495.1
1260830 1496.5
1260840 1496.5
1260850 1496.8
1260860 1497.4
1260870 1499.0
1260880 1499.0
1260890 1500.4
1260900 1502.3
1260910 1502.3
1260920 1504.8
1260930 1507.7
1260940 1507.7
1260950 1511.0
1260960 1513.3
1260970 1513.3
1260980 1516.3
1260990 1519.7
1261000 1519.7
1261010 1523.5
1261020 1528.6
1261030 1528.6
1261040 1535.1
1261050 1539.8
1261060 1539.8
1261070 1543.6
1261080 1547.7
1261090 1547.7
1261100 1550.7
1261110 1554.5
1261120 1554.5
1261130 1558.7
1261140 1562.6
1261150 1564.3
1261160 1564.3
1261170 1566.5
1261180 1567.2
1261190 1567.2
1261200 1565.9
1261210 1564.3
1261220 1564.3
1261230 1564.5
1261240 1568.1
1261250 1568.1
1261260 1570.9
1261270 1571.2
1261280 1571.2
1261290 1574.4
1261300 1576.1
1261310 1576.1
1261320 1583.3
1261330 1589.0
1261340 1589.0
1261350 1593.4
1261360 1597.7
1261370 1597.7
1261380 1602.4
1261390 1605.2
1261400 1605.2
1261410 1606.7
1261420 1608.0
1261430 1608.0
1261440 1609.4
1261450 1610.5
1261460 1611.8
1261470 1611.8
1261480 1615.4
1261490 1618.0
1261500 1618.0
1261510 1619.9
1261520 1622.2
1261530 1622.2
1261540 1625.0
1261550 1628.5
1261560 1628.5
1261570 1631.7
1261580 1634.9
1261590 1634.9
1261600 1638.4
1261610 1642.0
1261620 1642.0
1261630 1644.4
1261640 1646.3
1261650 1646.3
1261660 1647.8
1261670 1647.9
1261680 1647.9
1261690 1649.3
1261700 1652.0
1261710 1652.0
1261720 1659.0
1261730 1667.4
1261740 1673.8
1261750 1673.8
1261760 1679.0
1261770 1686.1
1261780 1686.1
1261790 1691.8
1261800 1695.4
1261810 1695.4
1261820 1696.6
1261830 1694.6
1261840 1694.6
1261850 1694.4
1261860 1695.9
1261870 1695.9
1261880 1696.7
1261890 1713.8
1261900 1713.8
1261910 1719.2
1261920 1723.8
1261930 1723.8
1261940 1728.1
1261950 1733.0
1261960 1733.0
1261970 1736.9
1261980 1743.1
1261990 1743.1
1262000 1750.0
1262010 1756.3
1262020 1761.7
1262030 1761.7
1262040 1764.8
1262050 1766.6
1262060 1766.6
1262070 1767.7
1262080 1770.3
1262090 1770.3
1262100 1774.4
1262110 1777.8
1262120 1777.8
1262130 1779.9
1262140 1781.6
1262150 1781.6
1262160 1783.0
1262170 1784.5
1262180 1784.5
1262190 1786.0
1262200 1785.8
1262210 1785.8
1262220 1785.7
1262230 1785.5
1262240 1785.5
1262250 1785.2
1262260 1783.8
1262270 1783.8
1262280 1781.5
1262290 1769.6
1262300 1769.6
1262310 1762.7
1262320 1770.9
1262330 1771.0
1262340 1771.0
1262350 1771.1
1262360 1771.4
1262370 1771.4
1262380 1772.1
1262390 1772.2
1262400 1772.2
1262410 1772.9
1262420 1773.3
1262430 1773.3
1262440 1772.5
1262450 1772.9
1262460 1772.9
1262470 1781.2
1262480 1780.8
1262490 1780.8
1262500 1783.3
1262510 1785.9
1262520 1785.9
1262530 1786.0
1262540 1786.6
1262550 1786.6
1262560 1785.5
1262570 1785.0
1262580 1785.0
1262590 1784.9
1262600 1782.8
1262610 1782.4
1262620 1782.4
1262630 1781.7
1262640 1781.5
1262650 1781.5
1262660 1780.2
1262670 1777.5
1262680 1777.5
1262690 1776.0
1262700 1772.4
1262710 1772.4
1262720 1768.7
1262730 1768.5
1262740 1768.5
1262750 1768.6
1262760 1765.8
1262770 1765.8
1262780 1763.6
1262790 1760.5
1262800 1760.5
1262810 1756.9
1262820 1756.3
1262830 1756.3
1262840 1756.1
1262850 1752.4
1262860 1752.4
1262870 1745.8
1262880 1740.7
1262890 1740.7
1262900 1738.4
1262910 1737.9
1262920 1737.2
1262930 1737.2
1262940 1735.6
1262950 1731.1
1262960 1731.1
1262970 1726.2
1262980 1723.4
1262990 1723.4
1263000 1717.6
1263010 1712.5
1263020 1712.5
1263030 1717.4
1263040 1727.3
1263050 1727.3
1263060 1723.8
1263070 1717.5
1263080 1717.5
1263090 1709.0
1263100 1702.4
1263110 1702.4
1263120 1701.3
1263130 1702.3
1263140 1702.3
1263150 1701.7
1263160 1702.7
1263170 1702.7
1263180 1703.3
1263190 1700.1
1263200 1692.9
1263210 1692.9
1263220 1686.4
1263230 1681.2
1263240 1681.2
1263250 1679.1
1263260 1679.2
1263270 1679.2
1263280 1681.1
1263290 1681.4
1263300 1681.4
1263310 1674.4
1263320 1676.4
1263330 1676.4
1263340 1682.4
1263350 1685.4
1263360 1685.4
1263370 1687.2
1263380 1688.2
1263390 1688.2
1263400 1688.5
1263410 1689.5
1263420 1689.5
1263430 1691.3
1263440 1692.4
1263450 1692.4
1263460 1690.1
1263470 1682.9
1263480 1682.9
1263490 1678.7
1263500 1676.8
1263510 1673.2
1263520 1673.2
1263530 1671.5
1263540 1670.0
1263550 1670.0
1263560 1667.4
1263570 1662.8
1263580 1662.8
1263590 1655.7
1263600 1651.3
1263610 1651.3
1263620 1658.9
1263630 1653.1
1263640 1653.1
1263650 1643.4
1263660 1623.2
1263670 1623.2
1263680 1596.0
1263690 1582.9
1263700 1582.9
1263710 1577.1
1263720 1571.6
1263730 1571.6
1263740 1566.5
1263750 1561.5
1263760 1561.5
1263770 1556.8
1263780 1551.9
1263790 1547.0
1263800 1547.0
1263810 1539.3
1263820 1530.9
1263830 1530.9
1263840 1523.5
1263850 1515.7
1263860 1515.7
1263870 1508.4
1263880 1501.8
1263890 1501.8
1263900 1494.4
1263910 1486.8
1263920 1486.8
1263930 1480.6
1263940 1477.1
1263950 1477.1
1263960 1474.0
1263970 1471.8
1263980 1471.8
1263990 1471.8
1264000 1471.6
1264010 1471.6
1264020 1469.9
1264030 1472.4
1264040 1472.4
1264050 1473.5
1264060 1468.5
1264070 1462.2
1264080 1462.2
1264090 1460.1
1264100 1459.0
1264110 1459.0
1264120 1458.0
1264130 1456.9
1264140 1456.9
1264150 1455.3
1264160 1453.3
1264170 1453.3
1264180 1454.3
1264190 1464.1
1264200 1464.1
1264210 1461.6
1264220 1455.1
1264230 1455.1
1264240 1447.3
1264250 1443.8
1264260 1443.8
1264270 1444.9
1264280 1449.3
1264290 1449.3
1264300 1456.6
1264310 1466.1
1264320 1466.1
1264330 1475.4
1264340 1481.2
1264350 1481.2
1264360 1487.2
1264370 1492.3
1264380 1496.7
1264390 1496.7
1264400 1500.9
1264410 1504.4
1264420 1504.4
1264430 1507.6
1264440 1510.5
1264450 1510.5
1264460 1514.3
1264470 1517.8
1264480 1517.8
1264490 1520.1
1264500 1525.6
1264510 1525.6
1264520 1532.1
1264530 1539.0
1264540 1539.0
1264550 1547.0
1264560 1556.3
1264570 1556.3
1264580 1565.5
1264590 1569.4
1264600 1569.4
1264610 1571.7
1264620 1573.2
1264630 1573.2
1264640 1573.8
1264650 1573.6
1264660 1573.5
1264670 1573.5
1264680 1573.0
1264690 1572.1
1264700 1572.1
1264710 1570.8
1264720 1569.3
1264730 1569.3
1264740 1568.2
1264750 1567.1
1264760 1567.1
1264770 1570.7
1264780 1568.7
1264790 1568.7
1264800 1565.8
1264810 1562.9
1264820 1562.9
1264830 1559.2
1264840 1555.1
1264850 1555.1
1264860 1550.1
1264870 1543.3
1264880 1543.3
1264890 1540.6
1264900 1541.4
1264910 1541.4
1264920 1541.5
1264930 1541.2
1264940 1541.2
1264950 1537.1
1264960 1532.4
1264970 1527.9
1264980 1527.9
1264990 1523.2
1265000 1519.0
1265010 1519.0
1265020 1514.7
1265030 1510.5
1265040 1510.5
1265050 1506.5
1265060 1500.9
1265070 1500.9
1265080 1496.0
1265090 1493.4
1265100 1493.4
1265110 1490.1
1265120 1483.2
1265130 1483.2
1265140 1474.4
1265150 1466.8
1265160 1466.8
1265170 1460.4
1265180 1451.4
1265190 1451.4
1265200 1443.5
1265210 1432.4
1265220 1432.4
1265230 1425.8
1265240 1420.9
1265250 1418.1
1265260 1418.1
1265270 1415.0
1265280 1408.3
1265290 1408.3
1265300 1402.0
1265310 1402.6
1265320 1402.6
1265330 1408.4
1265340 1415.1
1265350 1418.7
1265360 1424.5
1265370 1428.0
1265380 1428.0
1265390 1429.7
1265400 1427.8
1265410 1427.8
1265420 1426.7
1265430 1426.3
1265440 1426.3
1265450 1425.1
1265460 1425.3
1265470 1425.3
1265480 1423.2
1265490 1420.9
1265500 1420.9
1265510 1418.1
1265520 1415.9
1265530 1415.9
1265540 1416.5
1265550 1415.9
1265560 1414.8
1265570 1414.8
1265580 1414.1
1265590 1413.9
1265600 1413.9
1265610 1416.2
1265620 1420.0
1265630 1420.0
1265640 1421.0
1265650 1418.5
1265660 1418.5
1265670 1418.8
1265680 1414.8
1265690 1414.8
1265700 1408.3
1265710 1403.5
1265720 1403.5
1265730 1404.3
1265740 1408.8
1265750 1408.8
1265760 1415.7
1265770 1423.0
1265780 1423.0
1265790 1431.0
1265800 1439.2
1265810 1439.2
1265820 1448.5
1265830 1457.6
1265840 1465.3
1265850 1465.3
1265860 1473.1
1265870 1478.0
1265880 1478.0
1265890 1482.0
1265900 1487.9
1265910 1487.9
1265920 1494.3
1265930 1499.7
1265940 1504.5
1265950 1509.3
1265960 1512.6
1265970 1512.6
1265980 1514.7
1265990 1514.8
1266000 1514.8
1266010 1516.0
1266020 1516.7
1266030 1516.7
1266040 1516.5
1266050 1517.4
1266060 1517.4
1266070 1517.2
1266080 1515.9
1266090 1515.9
1266100 1513.7
1266110 1511.1
1266120 1511.6
1266130 1511.6
1266140 1511.5
1266150 1510.9
1266160 1510.9
1266170 1507.9
1266180 1506.4
1266190 1506.4
1266200 1508.8
1266210 1509.1
1266220 1509.1
1266230 1509.1
1266240 1508.9
1266250 1508.9
1266260 1508.4
1266270 1506.2
1266280 1506.2
1266290 1503.4
1266300 1503.3
1266310 1503.3
1266320 1501.1
1266330 1497.4
1266340 1497.4
1266350 1496.6
1266360 1494.0
1266370 1494.0
1266380 1488.2
1266390 1491.6
1266400 1491.6
1266410 1494.1
1266420 1493.9
1266430 1493.6
1266440 1493.6
1266450 1491.7
1266460 1490.3
1266470 1490.3
1266480 1492.3
1266490 1492.8
1266500 1492.8
1266510 1493.6
1266520 1500.8
1266530 1500.8
1266540 1502.1
1266550 1503.7
1266560 1503.7
1266570 1505.1
1266580 1506.3
1266590 1506.3
1266600 1507.0
1266610 1507.7
1266620 1507.7
1266630 1508.3
1266640 1508.7
1266650 1508.7
1266660 1508.6
1266670 1509.8
1266680 1509.8
1266690 1510.2
1266700 1510.6
1266710 1510.8
1266720 1510.8
1266730 1510.6
1266740 1510.0
1266750 1510.0
1266760 1509.7
1266770 1509.2
1266780 1509.2
1266790 1507.9
1266800 1504.5
1266810 1504.5
1266820 1494.8
1266830 1483.6
1266840 1483.6
1266850 1472.4
1266860 1463.0
1266870 1463.0
1266880 1465.8
1266890 1474.8
1266900 1474.8
1266910 1476.4
1266920 1478.8
1266930 1478.8
1266940 1483.4
1266950 1490.4
1266960 1490.4
1266970 1495.3
1266980 1498.3
1266990 1498.3
1267000 1501.4
1267010 1505.8
1267020 1510.8
1267030 1510.8
1267040 1515.2
1267050 1519.0
1267060 1519.0
1267070 1522.0
1267080 1522.8
1267090 1522.8
1267100 1531.8
1267110 1530.0
1267120 1530.0
1267130 1525.4
1267140 1522.5
1267150 1522.5
1267160 1519.8
1267170 1516.3
1267180 1516.3
1267190 1515.9
1267200 1516.4
1267210 1516.4
1267220 1515.3
1267230 1514.0
1267240 1514.0
1267250 1513.6
1267260 1514.8
1267270 1514.8
1267280 1514.2
1267290 1517.6
1267300 1521.3
1267310 1521.3
1267320 1527.7
1267330 1534.1
1267340 1534.1
1267350 1536.7
1267360 1536.1
1267370 1536.1
1267380 1536.2
1267390 1536.1
1267400 1536.1
1267410 1536.0
1267420 1529.8
1267430 1529.8
1267440 1529.5
1267450 1529.9
1267460 1529.9
1267470 1527.9
1267480 1527.4
1267490 1527.4
1267500 1533.8
1267510 1533.6
1267520 1533.6
1267530 1534.3
1267540 1537.7
1267550 1537.7
1267560 1538.2
1267570 1538.3
1267580 1537.1
1267590 1537.1
1267600 1536.1
1267610 1536.3
1267620 1536.3
1267630 1537.0
1267640 1538.3
1267650 1538.3
1267660 1538.7
1267670 1539.9
1267680 1539.9
1267690 1548.0
1267700 1549.7
1267710 1549.7
1267720 1552.1
1267730 1554.4
1267740 1554.4
1267750 1556.9
1267760 1558.9
1267770 1558.9
1267780 1560.3
1267790 1562.3
1267800 1562.3
1267810 1565.8
1267820 1568.0
1267830 1568.0
1267840 1568.8
1267850 1569.1
1267860 1569.1
1267870 1571.2
1267880 1573.0
1267890 1573.8
1267900 1573.8
1267910 1573.9
1267920 1573.0
1267930 1573.0
1267940 1573.8
1267950 1576.5
1267960 1576.5
1267970 1578.8
1267980 1581.1
1267990 1581.1
1268000 1583.2
1268010 1586.1
1268020 1586.1
1268030 1589.8
1268040 1594.3
1268050 1594.3
1268060 1596.1
1268070 1596.8
1268080 1596.8
1268090 1596.2
1268100 1596.4
1268110 1596.4
1268120 1596.0
1268130 1596.0
1268140 1596.0
1268150 1595.6
1268160 1595.7
1268170 1594.9
1268180 1594.9
1268190 1594.7
1268200 1595.7
1268210 1595.7
1268220 1595.6
1268230 1597.7
1268240 1597.7
1268250 1596.1
1268260 1595.9
1268270 1595.9
1268280 1598.9
1268290 1596.5
1268300 1596.5
1268310 1594.5
1268320 1591.0
1268330 1591.0
1268340 1584.5
1268350 1573.3
1268360 1573.3
1268370 1556.6
1268380 1546.7
1268390 1546.7
1268400 1537.1
1268410 1526.4
1268420 1526.4
1268430 1517.4
1268440 1509.5
1268450 1509.5
1268460 1501.7
1268470 1493.4
1268480 1485.7
1268490 1485.7
1268500 1477.5
1268510 1469.7
1268520 1469.7
1268530 1461.3
1268540 1452.0
1268550 1452.0
1268560 1444.7
1268570 1437.9
1268580 1437.9
1268590 1431.3
1268600 1425.3
1268610 1425.3
1268620 1419.4
1268630 1412.0
1268640 1412.0
1268650 1403.3
1268660 1394.7
1268670 1394.7
1268680 1387.2
1268690 1380.5
1268700 1380.5
1268710 1374.5
1268720 1372.4
1268730 1372.4
1268740 1371.3
1268750 1370.6
1268760 1372.8
1268770 1372.8
1268780 1374.8
1268790 1380.4
1268800 1380.4
1268810 1387.4
1268820 1393.9
1268830 1393.9
1268840 1397.5
1268850 1400.1
1268860 1400.1
1268870 1408.9
1268880 1411.2
1268890 1411.2
1268900 1412.8
1268910 1414.9
1268920 1414.9
1268930 1418.0
1268940 1422.0
1268950 1422.0
1268960 1426.7
1268970 1432.2
1268980 1432.2
1268990 1438.6
1269000 1444.9
1269010 1444.9
1269020 1452.0
1269030 1459.7
1269040 1466.8
1269050 1466.8
1269060 1473.0
1269070 1479.4
1269080 1479.4
1269090 1486.4
1269100 1493.7
1269110 1493.7
1269120 1501.2
1269130 1508.7
1269140 1508.7
1269150 1516.9
1269160 1525.1
1269170 1525.1
1269180 1532.4
1269190 1538.6
1269200 1538.6
1269210 1545.2
1269220 1554.0
1269230 1554.0
1269240 1563.1
1269250 1570.6
1269260 1570.6
1269270 1577.9
1269280 1584.9
1269290 1584.9
1269300 1590.5
1269310 1595.6
1269320 1595.6
1269330 1600.2
1269340 1605.4
1269350 1610.7
1269360 1610.7
1269370 1615.9
1269380 1621.3
1269390 1621.3
1269400 1626.3
1269410 1631.0
1269420 1631.0
1269430 1635.2
1269440 1639.3
1269450 1639.3
1269460 1646.7
1269470 1651.5
1269480 1651.5
1269490 1656.3
1269500 1661.3
1269510 1661.3
1269520 1667.0
1269530 1671.6
1269540 1671.6
1269550 1675.0
1269560 1678.0
1269570 1678.0
1269580 1680.9
1269590 1685.8
1269600 1685.8
1269610 1692.0
1269620 1696.8
1269630 1699.6
1269640 1699.6
1269650 1705.3
1269660 1711.7
1269670 1711.7
1269680 1714.4
1269690 1714.8
1269700 1714.8
1269710 1715.0
1269720 1716.2
1269730 1716.2
1269740 1717.2
1269750 1717.4
1269760 1717.4
1269770 1716.4
1269780 1711.7
1269790 1711.7
1269800 1708.2
1269810 1709.2
1269820 1709.2
1269830 1710.2
1269840 1710.0
1269850 1710.0
1269860 1708.8
1269870 1705.0
1269880 1705.0
1269890 1697.5
1269900 1691.9
1269910 1691.9
1269920 1687.9
1269930 1681.4
1269940 1674.7
1269950 1674.7
1269960 1669.6
1269970 1666.1
1269980 1666.1
1269990 1662.6
1270000 1659.8
1270010 1659.8
1270020 1658.4
1270030 1656.0
1270040 1656.0
1270050 1653.0
1270060 1657.8
1270070 1657.8
1270080 1655.4
1270090 1652.7
1270100 1652.7
1270110 1649.3
1270120 1645.3
1270130 1645.3
1270140 1642.2
1270150 1640.0
1270160 1640.0
1270170 1637.7
1270180 1635.1
1270190 1635.1
1270200 1633.7
1270210 1633.4
1270220 1632.6
1270230 1632.6
1270240 1632.0
1270250 1631.3
1270260 1631.3
1270270 1628.9
1270280 1628.3
1270290 1628.3
1270300 1627.0
1270310 1624.7
1270320 1624.7
1270330 1622.1
1270340 1620.7
1270350 1620.7
1270360 1620.6
1270370 1619.9
1270380 1619.9
1270390 1618.3
1270400 1616.3
1270410 1616.3
1270420 1616.8
1270430 1617.5
1270440 1617.5
1270450 1617.6
1270460 1617.2
1270470 1617.2
1270480 1616.8
1270490 1615.8
1270500 1615.8
1270510 1614.9
1270520 1614.7
1270530 1613.4
1270540 1613.4
1270550 1611.6
1270560 1610.5
1270570 1610.5
1270580 1610.1
1270590 1611.6
1270600 1611.6
1270610 1612.3
1270620 1612.3
1270630 1612.3
1270640 1612.1
1270650 1619.7
1270660 1619.7
1270670 1620.4
1270680 1621.2
1270690 1621.2
1270700 1621.8
1270710 1622.1
1270720 1622.1
1270730 1621.7
1270740 1622.5
1270750 1622.5
1270760 1621.5
1270770 1621.0
1270780 1621.0
1270790 1621.9
1270800 1622.7
1270810 1623.7
1270820 1623.7
1270830 1623.8
1270840 1623.7
1270850 1623.7
1270860 1624.2
1270870 1624.2
1270880 1624.2
1270890 1624.6
1270900 1624.9
1270910 1624.9
1270920 1625.8
1270930 1626.4
1270940 1626.4
1270950 1625.9
1270960 1626.1
1270970 1626.1
1270980 1626.5
1270990 1626.2
1271000 1626.2
1271010 1625.8
1271020 1624.9
1271030 1624.9
1271040 1624.2
1271050 1623.7
1271060 1623.7
1271070 1623.1
1271080 1623.2
1271090 1623.1
1271100 1623.1
1271110 1622.7
1271120 1621.9
1271130 1621.9
1271140 1620.0
1271150 1619.6
1271160 1619.6
1271170 1619.1
1271180 1616.2
1271190 1616.2
1271200 1612.7
1271210 1609.4
1271220 1609.4
1271230 1606.0
1271240 1600.4
1271250 1607.4
1271260 1600.2
1271270 1589.0
1271280 1589.0
1271290 1573.4
1271300 1564.0
1271310 1564.0
1271320 1555.6
1271330 1546.0
1271340 1546.0
1271350 1538.4
1271360 1531.7
1271370 1531.7
1271380 1523.5
1271390 1515.9
1271400 1509.8
1271410 1509.8
1271420 1505.4
1271430 1501.3
1271440 1501.3
1271450 1494.7
1271460 1484.6
1271470 1484.6
1271480 1474.3
1271490 1469.3
1271500 1469.3
1271510 1469.4
1271520 1468.5
1271530 1468.5
1271540 1462.1
1271550 1459.0
1271560 1459.0
1271570 1457.9
1271580 1447.1
1271590 1447.1
1271600 1437.3
1271610 1428.8
1271620 1428.8
1271630 1423.3
1271640 1416.2
1271650 1416.2
1271660 1408.4
1271670 1401.5
1271680 1392.6
1271690 1392.6
1271700 1385.0
1271710 1378.6
1271720 1378.6
1271730 1375.7
1271740 1377.1
1271750 1377.1
1271760 1381.5
1271770 1384.2
1271780 1384.2
1271790 1386.3
1271800 1386.7
1271810 1386.7
1271820 1384.8
1271830 1379.7
1271840 1379.7
1271850 1381.1
1271860 1375.5
1271870 1375.5
1271880 1369.7
1271890 1365.0
1271900 1365.0
1271910 1362.5
1271920 1359.4
1271930 1359.4
1271940 1354.9
1271950 1354.4
1271960 1354.4
1271970 1354.5
1271980 1351.6
1271990 1348.1
1272000 1348.1
1272010 1344.7
1272020 1342.4
1272030 1342.4
1272040 1340.3
1272050 1337.4
1272060 1337.4
1272070 1332.7
1272080 1327.8
1272090 1327.8
1272100 1322.8
1272110 1317.4
1272120 1317.4
1272130 1313.1
1272140 1309.9
1272150 1309.9
1272160 1307.2
1272170 1304.4
1272180 1304.4
1272190 1299.8
1272200 1294.5
1272210 1294.5
1272220 1295.5
1272230 1301.3
1272240 1301.3
1272250 1305.7
1272260 1307.1
1272270 1305.2
1272280 1305.2
1272290 1301.8
1272300 1297.1
1272310 1297.1
1272320 1292.1
1272330 1285.1
1272340 1285.1
1272350 1279.9
1272360 1275.4
1272370 1275.4
1272380 1271.2
1272390 1267.3
1272400 1267.3
1272410 1264.3
1272420 1261.7
1272430 1261.7
1272440 1259.5
1272450 1260.8
1272460 1260.8
1272470 1256.2
1272480 1251.8
1272490 1251.8
1272500 1247.6
1272510 1244.3
1272520 1244.3
1272530 1242.4
1272540 1240.3
1272550 1237.4
1272560 1237.4
1272570 1234.9
1272580 1231.9
1272590 1231.9
1272600 1228.8
1272610 1225.6
1272620 1225.6
1272630 1221.7
1272640 1219.0
1272650 1219.0
1272660 1218.2
1272670 1218.4
1272680 1218.4
1272690 1218.6
1272700 1218.9
1272710 1218.9
1272720 1219.1
1272730 1218.8
1272740 1218.8
1272750 1218.7
1272760 1218.7
1272770 1218.7
1272780 1219.0
1272790 1219.2
1272800 1219.2
1272810 1219.3
1272820 1219.4
1272830 1219.4
1272840 1219.6
1272850 1219.8
1272860 1220.2
1272870 1220.2
1272880 1221.4
1272890 1221.8
1272900 1221.8
1272910 1222.0
1272920 1222.2
1272930 1222.2
1272940 1222.4
1272950 1222.5
1272960 1222.5
1272970 1222.7
1272980 1223.2
1272990 1223.2
1273000 1223.7
1273010 1224.3
1273020 1224.3
1273030 1224.8
1273040 1225.2
1273050 1225.2
1273060 1225.6
1273070 1226.0
1273080 1226.0
1273090 1226.4
1273100 1226.8
1273110 1226.8
1273120 1227.2
1273130 1227.5
1273140 1227.6
1273150 1227.6
1273160 1227.7
1273170 1228.0
1273180 1228.0
1273190 1228.3
1273200 1228.6
1273210 1228.6
1273220 1229.5
1273230 1233.7
1273240 1233.7
1273250 1239.8
1273260 1245.5
1273270 1245.5
1273280 1249.2
1273290 1246.9
1273300 1246.9
1273310 1245.1
1273320 1248.1
1273330 1248.1
1273340 1250.9
1273350 1253.7
1273360 1253.7
1273370 1256.5
1273380 1259.1
1273390 1259.1
1273400 1262.7
1273410 1266.8
1273420 1266.8
1273430 1270.6
1273440 1274.2
1273450 1276.0
1273460 1276.0
1273470 1278.5
1273480 1281.8
1273490 1281.8
1273500 1285.4
1273510 1288.2
1273520 1288.2
1273530 1292.2
1273540 1296.6
1273550 1296.6
1273560 1300.5
1273570 1304.6
1273580 1304.6
1273590 1308.2
1273600 1310.8
1273610 1310.8
1273620 1313.6
1273630 1316.6
1273640 1316.6
1273650 1331.4
1273660 1333.1
1273670 1333.1
1273680 1335.7
1273690 1345.8
1273700 1345.8
1273710 1367.1
1273720 1385.0
1273730 1400.9
1273740 1400.9
1273750 1416.0
1273760 1420.7
1273770 1420.7
1273780 1428.4
1273790 1435.4
1273800 1435.4
1273810 1446.9
1273820 1478.0
1273830 1478.0
1273840 1519.6
1273850 1552.0
1273860 1552.0
1273870 1569.0
1273880 1579.1
1273890 1579.1
1273900 1589.2
1273910 1598.4
1273920 1598.4
1273930 1606.4
1273940 1614.0
1273950 1614.0
1273960 1622.1
1273970 1628.6
1273980 1628.6
1273990 1632.4
1274000 1626.8
1274010 1623.2
1274020 1623.2
1274030 1631.9
1274040 1639.6
1274050 1639.6
1274060 1644.2
1274070 1650.0
1274080 1650.0
1274090 1656.0
1274100 1657.1
1274110 1657.1
1274120 1656.5
1274130 1654.0
1274140 1654.0
1274150 1653.1
1274160 1652.9
1274170 1652.9
1274180 1653.7
1274190 1657.0
1274200 1657.0
1274210 1658.4
1274220 1662.1
1274230 1662.1
1274240 1663.2
1274250 1661.3
1274260 1672.8
1274270 1674.6
1274280 1676.2
1274290 1676.2
1274300 1676.8
1274310 1679.8
1274320 1683.0
1274330 1683.0
1274340 1687.3
1274350 1691.3
1274360 1691.3
1274370 1695.9
1274380 1699.2
1274390 1699.2
1274400 1702.7
1274410 1705.1
1274420 1705.1
1274430 1705.7
1274440 1705.8
1274450 1705.8
1274460 1706.3
1274470 1706.6
1274480 1706.6
1274490 1706.3
1274500 1707.5
1274510 1707.5
1274520 1704.4
1274530 1700.3
1274540 1700.3
1274550 1695.1
1274560 1689.6
1274570 1689.6
1274580 1681.7
1274590 1675.0
1274600 1670.0
1274610 1670.0
1274620 1666.8
1274630 1663.7
1274640 1663.7
1274650 1662.7
1274660 1664.1
1274670 1664.1
1274680 1665.6
1274690 1668.4
1274700 1668.4
1274710 1672.4
1274720 1675.1
1274730 1675.1
1274740 1678.4
1274750 1682.0
1274760 1682.0
1274770 1684.9
1274780 1688.8
1274790 1688.8
1274800 1692.9
1274810 1700.0
1274820 1700.0
1274830 1708.6
1274840 1715.8
1274850 1715.8
1274860 1740.0
1274870 1743.1
1274880 1743.1
1274890 1744.5
1274900 1743.8
1274910 1743.5
1274920 1743.5
1274930 1741.9
1274940 1739.2
1274950 1739.2
1274960 1736.3
1274970 1733.4
1274980 1733.4
1274990 1727.4
1275000 1722.7
1275010 1722.7
1275020 1718.9
1275030 1709.8
1275040 1709.8
1275050 1700.6
1275060 1690.2
1275070 1690.2
1275080 1681.5
1275090 1673.5
1275100 1673.5
1275110 1667.1
1275120 1668.4
1275130 1668.4
1275140 1664.4
1275150 1659.2
1275160 1659.2
1275170 1659.1
1275180 1661.5
1275190 1661.2
1275200 1661.2
1275210 1656.4
1275220 1645.9
1275230 1645.9
1275240 1641.7
1275250 1647.0
1275260 1647.0
1275270 1649.9
1275280 1653.9
1275290 1653.9
1275300 1656.9
1275310 1655.4
1275320 1655.4
1275330 1652.1
1275340 1652.0
1275350 1652.0
1275360 1653.0
1275370 1651.8
1275380 1651.8
1275390 1650.5
1275400 1649.9
1275410 1649.9
1275420 1647.5
1275430 1643.2
1275440 1643.2
1275450 1643.1
1275460 1645.1
1275470 1653.2
1275480 1653.2
1275490 1654.2
1275500 1655.0
1275510 1655.0
1275520 1653.3
1275530 1654.6
1275540 1654.6
1275550 1655.7
1275560 1657.3
1275570 1657.3
1275580 1655.2
1275590 1651.5
1275600 1651.5
1275610 1651.0
1275620 1651.1
1275630 1651.1
1275640 1648.4
1275650 1649.2
1275660 1649.2
1275670 1648.9
1275680 1647.0
1275690 1647.0
1275700 1645.9
1275710 1642.7
1275720 1642.7
1275730 1640.3
1275740 1637.4
1275750 1637.4
1275760 1635.0
1275770 1633.3
1275780 1628.3
1275790 1628.3
1275800 1621.6
1275810 1616.8
1275820 1616.8
1275830 1611.4
1275840 1604.6
1275850 1604.6
1275860 1587.6
1275870 1569.8
1275880 1569.8
1275890 1559.3
1275900 1543.2
1275910 1543.2
1275920 1517.0
1275930 1501.7
1275940 1501.7
1275950 1501.2
1275960 1500.1
1275970 1500.1
1275980 1502.3
1275990 1496.8
1276000 1496.8
1276010 1491.4
1276020 1483.9
1276030 1483.9
1276040 1479.9
1276050 1477.8
1276060 1473.8
1276070 1473.8
1276080 1470.3
1276090 1474.2
1276100 1474.2
1276110 1470.8
1276120 1470.1
1276130 1470.1
1276140 1472.8
1276150 1475.5
1276160 1475.5
1276170 1473.5
1276180 1466.8
1276190 1466.8
1276200 1462.7
1276210 1455.9
1276220 1455.9
1276230 1453.0
1276240 1453.8
1276250 1453.8
1276260 1453.6
1276270 1453.0
1276280 1453.0
1276290 1450.8
1276300 1450.0
1276310 1450.0
1276320 1442.8
1276330 1440.6
1276340 1440.6
1276350 1440.5
1276360 1441.6
1276370 1441.8
1276380 1441.8
1276390 1435.0
1276400 1431.2
1276410 1431.2
1276420 1430.4
1276430 1433.1
1276440 1433.1
1276450 1435.0
1276460 1432.4
1276470 1432.4
1276480 1433.5
1276490 1429.6
1276500 1429.6
1276510 1428.2
1276520 1428.0
1276530 1428.0
1276540 1427.8
1276550 1428.7
1276560 1428.7
1276570 1430.0
1276580 1427.7
1276590 1427.7
1276600 1429.1
1276610 1432.2
1276620 1432.2
1276630 1433.0
1276640 1432.5
1276650 1431.3
1276660 1431.3
1276670 1429.4
1276680 1427.1
1276690 1427.1
1276700 1432.0
1276710 1432.5
1276720 1432.5
1276730 1431.8
1276740 1432.4
1276750 1432.4
1276760 1436.8
1276770 1438.7
1276780 1438.7
1276790 1438.0
1276800 1435.9
1276810 1435.9
1276820 1432.6
1276830 1430.5
1276840 1430.5
1276850 1433.0
1276860 1431.3
1276870 1431.3
1276880 1427.6
1276890 1425.3
1276900 1425.3
1276910 1427.0
1276920 1432.7
1276930 1438.2
1276940 1438.2
1276950 1441.6
1276960 1444.2
1276970 1444.2
1276980 1447.9
1276990 1453.3
1277000 1453.3
1277010 1457.0
1277020 1456.1
1277030 1456.1
1277040 1457.0
1277050 1458.6
1277060 1458.6
1277070 1458.9
1277080 1459.3
1277090 1459.3
1277100 1459.0
1277110 1457.4
1277120 1457.4
1277130 1459.6
1277140 1465.9
1277150 1465.9
1277160 1473.9
1277170 1480.6
1277180 1480.6
1277190 1480.2
1277200 1477.5
1277210 1477.5
1277220 1477.4
1277230 1480.5
1277240 1489.5
1277250 1489.5
1277260 1492.2
1277270 1492.0
1277280 1492.0
1277290 1488.2
1277300 1492.5
1277310 1496.2
1277320 1502.4
1277330 1509.9
1277340 1509.9
1277350 1517.2
1277360 1522.3
1277370 1522.3
1277380 1525.9
1277390 1530.1
1277400 1530.1
1277410 1534.0
1277420 1538.2
1277430 1538.2
1277440 1545.3
1277450 1558.6
1277460 1558.6
1277470 1570.5
1277480 1574.3
1277490 1574.3
1277500 1574.8
1277510 1573.2
1277520 1571.3
1277530 1571.3
1277540 1566.6
1277550 1563.9
1277560 1563.9
1277570 1566.9
1277580 1575.9
1277590 1575.9
1277600 1581.8
1277610 1583.1
1277620 1583.1
1277630 1582.8
1277640 1585.7
1277650 1585.7
1277660 1589.0
1277670 1594.8
1277680 1594.8
1277690 1599.3
1277700 1604.1
1277710 1604.1
1277720 1607.9
1277730 1610.3
1277740 1610.3
1277750 1616.8
1277760 1624.2
1277770 1624.2
1277780 1631.8
1277790 1638.3
1277800 1638.3
1277810 1633.7
1277820 1635.5
1277830 1645.0
1277840 1645.0
1277850 1651.7
1277860 1657.1
1277870 1657.1
1277880 1660.9
1277890 1658.2
1277900 1658.2
1277910 1651.5
1277920 1642.5
1277930 1663.4
1277940 1659.5
1277950 1659.0
1277960 1659.0
1277970 1661.8
1277980 1660.7
1277990 1660.7
1278000 1657.1
1278010 1658.5
1278020 1658.5
1278030 1659.5
1278040 1665.8
1278050 1665.8
1278060 1670.0
1278070 1673.1
1278080 1673.1
1278090 1678.7
1278100 1684.6
1278110 1688.7
1278120 1688.7
1278130 1691.6
1278140 1697.6
1278150 1697.6
1278160 1698.8
1278170 1696.3
1278180 1696.3
1278190 1697.1
1278200 1697.6
1278210 1697.6
1278220 1700.7
1278230 1704.7
1278240 1704.7
1278250 1706.9
1278260 1708.7
1278270 1708.7
1278280 1708.3
1278290 1710.0
1278300 1710.0
1278310 1719.0
1278320 1721.9
1278330 1721.9
1278340 1723.4
1278350 1723.4
1278360 1723.4
1278370 1725.3
1278380 1727.4
1278390 1729.5
1278400 1729.5
1278410 1729.6
1278420 1730.3
1278430 1730.3
1278440 1732.4
1278450 1734.4
1278460 1734.4
1278470 1739.3
1278480 1745.0
1278490 1745.0
1278500 1741.4
1278510 1738.2
1278520 1738.2
1278530 1742.9
1278540 1745.3
1278550 1753.4
1278560 1756.5
1278570 1756.9
1278580 1756.9
1278590 1757.0
1278600 1760.6
1278610 1760.6
1278620 1764.8
1278630 1768.2
1278640 1768.2
1278650 1771.1
1278660 1775.4
1278670 1775.4
1278680 1778.6
1278690 1777.0
1278700 1779.5
1278710 1779.5
1278720 1782.5
1278730 1785.6
1278740 1785.6
1278750 1788.6
1278760 1800.1
1278770 1800.1
1278780 1808.5
1278790 1812.4
1278800 1812.4
1278810 1811.7
1278820 1807.0
1278830 1807.0
1278840 1803.1
1278850 1796.7
1278860 1796.7
1278870 1793.3
1278880 1797.6
1278890 1797.6
1278900 1798.5
1278910 1799.1
1278920 1799.1
1278930 1798.4
1278940 1796.7
1278950 1796.7
1278960 1795.2
1278970 1794.8
1278980 1795.0
1278990 1795.0
1279000 1797.2
1279010 1799.1
1279020 1799.1
1279030 1800.1
1279040 1802.5
1279050 1802.5
1279060 1805.7
1279070 1807.7
1279080 1807.7
1279090 1808.2
1279100 1808.4
1279110 1808.4
1279120 1808.8
1279130 1807.8
1279140 1807.8
1279150 1806.3
1279160 1804.2
1279170 1809.2
1279180 1808.0
1279190 1806.8
1279200 1806.8
1279210 1809.3
1279220 1813.0
1279230 1813.0
1279240 1815.3
1279250 1815.1
1279260 1815.1
1279270 1815.4
1279280 1818.8
1279290 1817.4
1279300 1817.4
1279310 1814.8
1279320 1813.1
1279330 1813.1
1279340 1812.4
1279350 1813.8
1279360 1813.8
1279370 1812.9
1279380 1811.9
1279390 1811.9
1279400 1811.6
1279410 1814.2
1279420 1814.2
1279430 1817.7
1279440 1820.4
1279450 1820.4
1279460 1824.5
1279470 1830.4
1279480 1830.4
1279490 1834.5
1279500 1837.1
1279510 1837.1
1279520 1839.7
1279530 1842.5
1279540 1842.5
1279550 1845.9
1279560 1849.5
1279570 1853.4
1279580 1853.4
1279590 1857.1
1279600 1861.3
1279610 1861.3
1279620 1866.2
1279630 1870.6
1279640 1870.6
1279650 1874.5
1279660 1877.8
1279670 1877.8
1279680 1880.4
1279690 1882.5
1279700 1882.5
1279710 1884.0
1279720 1885.1
1279730 1885.1
1279740 1885.7
1279750 1885.8
1279760 1885.8
1279770 1885.9
1279780 1886.3
1279790 1890.4
1279800 1890.9
1279810 1891.6
1279820 1891.6
1279830 1891.4
1279840 1891.1
1279850 1891.7
1279860 1891.7
1279870 1892.9
1279880 1896.2
1279890 1896.2
1279900 1898.6
1279910 1901.7
1279920 1901.7
1279930 1904.7
1279940 1906.3
1279950 1906.3
1279960 1908.9
1279970 1912.5
1279980 1912.5
1279990 1916.8
