1260000 1344.8
1260010 1351.5
1260020 1357.9
1260030 1357.9
1260040 1363.1
1260050 1365.5
1260060 1365.5
1260070 1367.0
1260080 1367.5
1260090 1367.5
1260100 1368.7
1260110 1369.8
1260120 1373.4
1260130 1374.7
1260140 1376.2
1260150 1376.2
1260160 1378.2
1260170 1380.8
1260180 1383.8
1260190 1383.8
1260200 1387.4
1260210 1391.6
1260220 1391.6
1260230 1395.8
1260240 1400.0
1260250 1400.0
1260260 1403.7
1260270 1406.7
1260280 1406.7
1260290 1409.7
1260300 1412.4
1260310 1412.4
1260320 1415.4
1260330 1418.5
1260340 1418.5
1260350 1421.8
1260360 1425.5
1260370 1425.5
1260380 1429.6
1260390 1433.9
1260400 1433.9
1260410 1438.0
1260420 1442.6
1260430 1442.6
1260440 1448.6
1260450 1454.5
1260460 1459.3
1260470 1459.3
1260480 1463.1
1260490 1466.2
1260500 1466.2
1260510 1469.2
1260520 1471.8
1260530 1471.8
1260540 1473.7
1260550 1475.9
1260560 1475.9
1260570 1479.4
1260580 1483.9
1260590 1483.9
1260600 1488.2
1260610 1491.9
1260620 1491.9
1260630 1496.0
1260640 1501.1
1260650 1501.1
1260660 1506.1
1260670 1510.1
1260680 1510.1
1260690 1515.5
1260700 1515.5
1260710 1515.5
1260720 1515.7
1260730 1516.5
1260740 1517.7
1260750 1517.7
1260760 1519.1
1260770 1520.9
1260780 1520.9
1260790 1522.6
1260800 1525.1
1260810 1525.1
1260820 1528.2
1260830 1531.4
1260840 1531.4
1260850 1534.6
1260860 1538.5
1260870 1538.5
1260880 1542.9
1260890 1547.2
1260900 1547.2
1260910 1550.5
1260920 1553.3
1260930 1553.3
1260940 1556.2
1260950 1559.2
1260960 1559.2
1260970 1561.2
1260980 1563.6
1260990 1563.6
1261000 1566.6
1261010 1569.9
1261020 1569.9
1261030 1573.8
1261040 1576.8
1261050 1580.0
1261060 1580.0
1261070 1582.9
1261080 1586.5
1261090 1586.5
1261100 1590.5
1261110 1593.7
1261120 1593.7
1261130 1597.3
1261140 1601.1
1261150 1601.1
1261160 1605.6
1261170 1610.1
1261180 1610.1
1261190 1613.5
1261200 1612.9
1261210 1612.9
1261220 1607.0
1261230 1608.3
1261240 1608.3
1261250 1614.4
1261260 1632.2
1261270 1632.2
1261280 1637.9
1261290 1643.0
1261300 1643.0
1261310 1646.8
1261320 1649.4
1261330 1651.5
1261340 1651.5
1261350 1654.9
1261360 1658.7
1261370 1658.7
1261380 1662.0
1261390 1664.4
1261400 1664.4
1261410 1667.2
1261420 1669.4
1261430 1669.4
1261440 1671.5
1261450 1673.7
1261460 1673.7
1261470 1677.2
1261480 1681.2
1261490 1681.2
1261500 1687.3
1261510 1692.1
1261520 1692.1
1261530 1694.2
1261540 1699.1
1261550 1699.1
1261560 1706.1
1261570 1709.2
1261580 1709.2
1261590 1711.9
1261600 1713.2
1261610 1713.2
1261620 1715.4
1261630 1717.4
1261640 1721.5
1261650 1721.5
1261660 1729.8
1261670 1735.7
1261680 1735.7
1261690 1737.7
1261700 1746.0
1261710 1746.0
1261720 1750.8
1261730 1753.2
1261740 1753.2
1261750 1757.2
1261760 1761.5
1261770 1761.5
1261780 1764.8
1261790 1768.2
1261800 1768.2
1261810 1771.5
1261820 1774.2
1261830 1797.8
1261840 1794.2
1261850 1785.5
1261860 1785.5
1261870 1794.0
1261880 1804.8
1261890 1804.8
1261900 1817.9
1261910 1825.4
1261920 1834.5
1261930 1834.5
1261940 1841.6
1261950 1847.0
1261960 1847.0
1261970 1852.6
1261980 1858.1
1261990 1858.1
1262000 1863.4
1262010 1867.0
1262020 1867.0
1262030 1869.8
1262040 1871.6
1262050 1871.6
1262060 1873.2
1262070 1876.2
1262080 1876.2
1262090 1877.2
1262100 1878.9
1262110 1878.9
1262120 1880.9
1262130 1881.6
1262140 1881.6
1262150 1878.2
1262160 1875.7
1262170 1875.7
1262180 1875.3
1262190 1872.8
1262200 1872.8
1262210 1866.9
1262220 1861.4
1262230 1857.4
1262240 1857.4
1262250 1853.6
1262260 1849.5
1262270 1849.5
1262280 1847.1
1262290 1846.6
1262300 1846.6
1262310 1844.3
1262320 1841.2
1262330 1841.2
1262340 1834.0
1262350 1833.1
1262360 1833.1
1262370 1842.0
1262380 1848.5
1262390 1848.5
1262400 1859.1
1262410 1860.3
1262420 1860.3
1262430 1861.8
1262440 1859.7
1262450 1859.7
1262460 1854.7
1262470 1852.0
1262480 1852.0
1262490 1856.8
1262500 1861.2
1262510 1861.6
1262520 1861.6
1262530 1859.6
1262540 1859.0
1262550 1859.0
1262560 1859.8
1262570 1862.3
1262580 1862.3
1262590 1864.0
1262600 1866.1
1262610 1866.1
1262620 1866.3
1262630 1866.8
1262640 1866.8
1262650 1866.8
1262660 1864.9
1262670 1864.9
1262680 1863.6
1262690 1859.6
1262700 1859.6
1262710 1855.1
1262720 1842.5
1262730 1842.5
1262740 1838.9
1262750 1839.9
1262760 1839.9
1262770 1842.7
1262780 1843.4
1262790 1842.1
1262800 1842.1
1262810 1840.6
1262820 1836.8
1262830 1836.8
1262840 1834.3
1262850 1828.1
1262860 1828.1
1262870 1823.9
1262880 1820.7
1262890 1820.7
1262900 1818.9
1262910 1815.8
1262920 1815.8
1262930 1809.1
1262940 1807.1
1262950 1807.1
1262960 1805.6
1262970 1801.0
1262980 1811.9
1262990 1812.0
1263000 1811.6
1263010 1811.6
1263020 1809.5
1263030 1806.5
1263040 1806.5
1263050 1801.5
1263060 1796.8
1263070 1796.8
1263080 1790.6
1263090 1792.9
1263100 1795.1
1263110 1795.1
1263120 1793.6
1263130 1789.6
1263140 1789.6
1263150 1788.3
1263160 1789.5
1263170 1789.5
1263180 1789.1
1263190 1788.2
1263200 1788.2
1263210 1788.6
1263220 1788.5
1263230 1788.5
1263240 1787.1
1263250 1784.4
1263260 1784.4
1263270 1781.5
1263280 1775.2
1263290 1775.2
1263300 1763.5
1263310 1754.3
1263320 1754.3
1263330 1749.1
1263340 1749.1
1263350 1749.1
1263360 1754.0
1263370 1753.0
1263380 1751.7
1263390 1751.7
1263400 1752.2
1263410 1756.7
1263420 1756.7
1263430 1761.0
1263440 1761.8
1263450 1761.8
1263460 1761.4
1263470 1759.2
1263480 1759.2
1263490 1757.7
1263500 1757.7
1263510 1757.7
1263520 1757.4
1263530 1755.9
1263540 1755.9
1263550 1765.7
1263560 1763.4
1263570 1763.4
1263580 1759.5
1263590 1753.5
1263600 1753.5
1263610 1747.5
1263620 1741.3
1263630 1741.3
1263640 1734.3
1263650 1725.9
1263660 1725.9
1263670 1715.5
1263680 1703.1
1263690 1690.0
1263700 1690.0
1263710 1676.5
1263720 1666.9
1263730 1666.9
1263740 1656.4
1263750 1644.8
1263760 1644.8
1263770 1634.7
1263780 1624.5
1263790 1624.5
1263800 1576.7
1263810 1552.4
1263820 1552.4
1263830 1539.0
1263840 1526.0
1263850 1526.0
1263860 1522.6
1263870 1518.4
1263880 1518.4
1263890 1516.6
1263900 1518.8
1263910 1518.8
1263920 1522.0
1263930 1522.2
1263940 1522.2
1263950 1523.3
1263960 1529.6
1263970 1532.4
1263980 1532.4
1263990 1531.2
1264000 1530.6
1264010 1530.6
1264020 1529.9
1264030 1525.0
1264040 1525.0
1264050 1521.0
1264060 1517.1
1264070 1517.1
1264080 1514.0
1264090 1511.9
1264100 1511.9
1264110 1508.9
1264120 1508.2
1264130 1516.1
1264140 1517.1
1264150 1515.8
1264160 1515.8
1264170 1515.8
1264180 1510.5
1264190 1510.5
1264200 1503.1
1264210 1496.6
1264220 1496.6
1264230 1488.8
1264240 1481.0
1264250 1475.7
1264260 1475.7
1264270 1475.9
1264280 1481.4
1264290 1481.4
1264300 1488.3
1264310 1491.6
1264320 1491.6
1264330 1495.3
1264340 1495.0
1264350 1495.0
1264360 1494.2
1264370 1492.3
1264380 1492.3
1264390 1491.4
1264400 1495.1
1264410 1495.1
1264420 1502.6
1264430 1509.1
1264440 1509.1
1264450 1509.6
1264460 1512.5
1264470 1512.5
1264480 1520.0
1264490 1528.3
1264500 1528.3
1264510 1535.0
1264520 1541.4
1264530 1541.4
1264540 1547.2
1264550 1552.0
1264560 1558.0
1264570 1558.0
1264580 1565.6
1264590 1573.2
1264600 1573.2
1264610 1580.7
1264620 1588.4
1264630 1588.4
1264640 1596.0
1264650 1600.9
1264660 1600.9
1264670 1602.7
1264680 1603.7
1264690 1603.7
1264700 1604.2
1264710 1607.4
1264720 1607.4
1264730 1606.4
1264740 1604.9
1264750 1604.9
1264760 1602.7
1264770 1600.3
1264780 1600.3
1264790 1598.1
1264800 1596.6
1264810 1596.6
1264820 1595.3
1264830 1593.0
1264840 1589.7
1264850 1589.7
1264860 1585.2
1264870 1581.1
1264880 1581.1
1264890 1576.9
1264900 1572.2
1264910 1572.2
1264920 1567.8
1264930 1563.1
1264940 1563.1
1264950 1559.2
1264960 1556.2
1264970 1556.2
1264980 1552.9
1264990 1549.2
1265000 1549.2
1265010 1545.0
1265020 1540.7
1265030 1540.7
1265040 1536.5
1265050 1533.4
1265060 1533.4
1265070 1530.0
1265080 1526.9
1265090 1526.9
1265100 1524.0
1265110 1520.4
1265120 1520.4
1265130 1517.2
1265140 1514.2
1265150 1510.4
1265160 1510.4
1265170 1504.0
1265180 1492.8
1265190 1492.8
1265200 1483.3
1265210 1475.0
1265220 1475.0
1265230 1467.2
1265240 1459.9
1265250 1459.9
1265260 1452.9
1265270 1445.6
1265280 1445.6
1265290 1440.8
1265300 1434.0
1265310 1434.0
1265320 1432.1
1265330 1435.7
1265340 1435.7
1265350 1441.5
1265360 1443.0
1265370 1443.0
1265380 1441.9
1265390 1440.6
1265400 1440.6
1265410 1439.0
1265420 1437.4
1265430 1435.6
1265440 1435.6
1265450 1433.8
1265460 1432.7
1265470 1432.7
1265480 1431.5
1265490 1430.7
1265500 1430.7
1265510 1430.7
1265520 1431.4
1265530 1431.4
1265540 1432.1
1265550 1433.4
1265560 1433.4
1265570 1435.4
1265580 1436.0
1265590 1436.0
1265600 1435.3
1265610 1438.2
1265620 1438.2
1265630 1440.2
1265640 1436.7
1265650 1436.7
1265660 1436.5
1265670 1438.4
1265680 1438.4
1265690 1437.0
1265700 1433.2
1265710 1433.2
1265720 1429.5
1265730 1431.0
1265740 1432.7
1265750 1432.7
1265760 1436.4
1265770 1441.8
1265780 1441.8
1265790 1447.1
1265800 1453.5
1265810 1453.5
1265820 1461.1
1265830 1468.5
1265840 1468.5
1265850 1476.2
1265860 1484.0
1265870 1483.4
1265880 1491.7
1265890 1500.0
1265900 1500.0
1265910 1507.2
1265920 1513.7
1265930 1513.7
1265940 1520.4
1265950 1527.8
1265960 1527.8
1265970 1534.5
1265980 1541.0
1265990 1541.0
1266000 1547.6
1266010 1554.5
1266020 1561.0
1266030 1561.0
1266040 1567.3
1266050 1571.3
1266060 1571.3
1266070 1573.7
1266080 1574.5
1266090 1574.5
1266100 1571.6
1266110 1568.8
1266120 1568.8
1266130 1568.6
1266140 1564.6
1266150 1564.6
1266160 1560.3
1266170 1558.3
1266180 1558.3
1266190 1559.9
1266200 1563.3
1266210 1563.3
1266220 1567.6
1266230 1569.1
1266240 1569.1
1266250 1564.9
1266260 1561.4
1266270 1561.4
1266280 1559.5
1266290 1559.6
1266300 1556.5
1266310 1556.5
1266320 1557.0
1266330 1555.5
1266340 1555.5
1266350 1548.8
1266360 1539.9
1266370 1539.9
1266380 1538.6
1266390 1546.4
1266400 1546.4
1266410 1551.2
1266420 1553.1
1266430 1553.1
1266440 1554.4
1266450 1562.5
1266460 1562.5
1266470 1561.7
1266480 1557.5
1266490 1557.5
1266500 1562.2
1266510 1564.8
1266520 1564.8
1266530 1566.0
1266540 1566.8
1266550 1566.8
1266560 1567.3
1266570 1567.6
1266580 1567.6
1266590 1567.6
1266600 1567.6
1266610 1568.4
1266620 1568.4
1266630 1569.2
1266640 1570.4
1266650 1570.4
1266660 1571.4
1266670 1572.8
1266680 1572.8
1266690 1573.8
1266700 1574.0
1266710 1574.0
1266720 1573.5
1266730 1571.8
1266740 1571.8
1266750 1568.6
1266760 1562.1
1266770 1562.1
1266780 1555.2
1266790 1547.6
1266800 1547.6
1266810 1535.1
1266820 1523.1
1266830 1523.1
1266840 1514.2
1266850 1507.4
1266860 1507.4
1266870 1500.9
1266880 1494.1
1266890 1496.6
1266900 1496.6
1266910 1505.3
1266920 1515.0
1266930 1515.0
1266940 1522.0
1266950 1527.5
1266960 1527.5
1266970 1530.9
1266980 1534.5
1266990 1534.5
1267000 1540.2
1267010 1546.3
1267020 1546.3
1267030 1551.7
1267040 1562.0
1267050 1562.0
1267060 1566.2
1267070 1569.4
1267080 1569.4
1267090 1572.2
1267100 1575.1
1267110 1575.1
1267120 1577.4
1267130 1579.3
1267140 1579.3
1267150 1581.9
1267160 1585.0
1267170 1585.0
1267180 1587.8
1267190 1589.0
1267200 1589.4
1267210 1589.4
1267220 1590.8
1267230 1592.2
1267240 1592.2
1267250 1592.9
1267260 1592.4
1267270 1592.4
1267280 1591.8
1267290 1593.4
1267300 1593.4
1267310 1594.2
1267320 1597.2
1267330 1597.2
1267340 1598.4
1267350 1599.0
1267360 1599.0
1267370 1597.9
1267380 1597.9
1267390 1597.9
1267400 1598.4
1267410 1600.0
1267420 1600.0
1267430 1600.4
1267440 1601.0
1267450 1601.0
1267460 1601.9
1267470 1600.1
1267480 1596.5
1267490 1596.5
1267500 1598.8
1267510 1602.3
1267520 1602.3
1267530 1603.8
1267540 1604.6
1267550 1604.6
1267560 1604.9
1267570 1605.3
1267580 1605.3
1267590 1604.7
1267600 1602.6
1267610 1602.6
1267620 1601.6
1267630 1607.6
1267640 1607.6
1267650 1606.7
1267660 1606.2
1267670 1606.2
1267680 1606.6
1267690 1607.0
1267700 1607.0
1267710 1607.8
1267720 1608.2
1267730 1608.2
1267740 1608.8
1267750 1609.2
1267760 1610.1
1267770 1610.1
1267780 1611.8
1267790 1613.4
1267800 1613.4
1267810 1615.3
1267820 1616.9
1267830 1616.9
1267840 1618.4
1267850 1619.9
1267860 1619.9
1267870 1621.2
1267880 1622.6
1267890 1622.6
1267900 1623.7
1267910 1625.1
1267920 1625.1
1267930 1626.6
1267940 1627.8
1267950 1627.8
1267960 1628.8
1267970 1629.6
1267980 1629.6
1267990 1630.3
1268000 1631.2
1268010 1631.2
1268020 1632.5
1268030 1633.3
1268040 1633.3
1268050 1633.5
1268060 1633.1
1268070 1632.3
1268080 1632.3
1268090 1631.4
1268100 1630.3
1268110 1630.3
1268120 1628.8
1268130 1627.9
1268140 1627.9
1268150 1626.5
1268160 1624.3
1268170 1624.3
1268180 1621.3
1268190 1617.8
1268200 1617.8
1268210 1613.3
1268220 1611.3
1268230 1611.3
1268240 1610.0
1268250 1608.1
1268260 1608.1
1268270 1606.1
1268280 1604.1
1268290 1604.1
1268300 1601.4
1268310 1598.3
1268320 1598.3
1268330 1594.4
1268340 1590.0
1268350 1584.8
1268360 1584.8
1268370 1579.7
1268380 1575.4
1268390 1575.4
1268400 1572.0
1268410 1568.6
1268420 1568.6
1268430 1565.0
1268440 1560.3
1268450 1560.3
1268460 1553.9
1268470 1545.3
1268480 1545.3
1268490 1535.5
1268500 1525.5
1268510 1525.5
1268520 1516.1
1268530 1493.3
1268540 1493.3
1268550 1479.6
1268560 1472.0
1268570 1472.0
1268580 1464.1
1268590 1456.5
1268600 1456.5
1268610 1450.1
1268620 1444.3
1268630 1444.3
1268640 1439.3
1268650 1435.3
1268660 1429.3
1268670 1429.3
1268680 1421.5
1268690 1418.3
1268700 1418.3
1268710 1415.9
1268720 1411.5
1268730 1411.5
1268740 1404.7
1268750 1398.6
1268760 1398.6
1268770 1393.0
1268780 1388.4
1268790 1388.4
1268800 1388.2
1268810 1395.2
1268820 1395.2
1268830 1395.4
1268840 1397.7
1268850 1397.7
1268860 1406.4
1268870 1414.0
1268880 1414.0
1268890 1420.9
1268900 1427.8
1268910 1427.8
1268920 1434.5
1268930 1440.9
1268940 1447.1
1268950 1447.1
1268960 1452.8
1268970 1458.2
1268980 1458.2
1268990 1464.3
1269000 1470.6
1269010 1470.6
1269020 1477.1
1269030 1484.4
1269040 1484.4
1269050 1491.4
1269060 1498.9
1269070 1498.9
1269080 1506.7
1269090 1514.9
1269100 1514.9
1269110 1523.0
1269120 1530.7
1269130 1530.7
1269140 1539.0
1269150 1547.0
1269160 1547.0
1269170 1555.1
1269180 1562.6
1269190 1562.6
1269200 1569.1
1269210 1574.7
1269220 1579.5
1269230 1579.5
1269240 1584.4
1269250 1589.9
1269260 1589.9
1269270 1596.8
1269280 1607.9
1269290 1607.9
1269300 1618.5
1269310 1626.9
1269320 1626.9
1269330 1632.8
1269340 1637.4
1269350 1637.4
1269360 1641.2
1269370 1646.7
1269380 1646.7
1269390 1652.2
1269400 1660.3
1269410 1660.3
1269420 1664.2
1269430 1667.8
1269440 1667.8
1269450 1671.3
1269460 1673.9
1269470 1673.9
1269480 1675.6
1269490 1678.9
1269500 1678.9
1269510 1682.2
1269520 1684.5
1269530 1686.4
1269540 1686.4
1269550 1688.5
1269560 1689.3
1269570 1689.3
1269580 1690.3
1269590 1692.3
1269600 1692.3
1269610 1694.9
1269620 1697.8
1269630 1697.8
1269640 1701.1
1269650 1705.6
1269660 1705.6
1269670 1710.1
1269680 1713.1
1269690 1713.1
1269700 1715.3
1269710 1717.3
1269720 1717.3
1269730 1717.9
1269740 1718.4
1269750 1718.4
1269760 1719.2
1269770 1719.1
1269780 1719.1
1269790 1717.8
1269800 1716.1
1269810 1715.5
1269820 1715.5
1269830 1716.9
1269840 1719.6
1269850 1719.6
1269860 1722.2
1269870 1724.3
1269880 1724.3
1269890 1726.3
1269900 1727.6
1269910 1727.6
1269920 1729.5
1269930 1731.1
1269940 1731.1
1269950 1731.6
1269960 1733.0
1269970 1733.0
1269980 1732.8
1269990 1726.8
1270000 1726.8
1270010 1727.1
1270020 1727.5
1270030 1727.5
1270040 1728.4
1270050 1729.9
1270060 1729.9
1270070 1731.7
1270080 1732.6
1270090 1732.6
1270100 1732.9
1270110 1733.6
1270120 1733.4
1270130 1733.4
1270140 1735.0
1270150 1737.2
1270160 1737.2
1270170 1737.6
1270180 1736.5
1270190 1736.5
1270200 1735.5
1270210 1730.9
1270220 1730.9
1270230 1726.3
1270240 1720.0
1270250 1720.0
1270260 1715.9
1270270 1717.0
1270280 1717.0
1270290 1721.7
1270300 1722.7
1270310 1722.7
1270320 1720.2
1270330 1717.6
1270340 1717.6
1270350 1718.4
1270360 1721.2
1270370 1721.2
1270380 1720.9
1270390 1719.9
1270400 1718.3
1270410 1718.3
1270420 1716.8
1270430 1716.2
1270440 1716.2
1270450 1716.1
1270460 1715.5
1270470 1715.5
1270480 1715.7
1270490 1714.0
1270500 1714.0
1270510 1710.4
1270520 1706.0
1270530 1706.0
1270540 1703.4
1270550 1701.0
1270560 1701.0
1270570 1697.4
1270580 1706.0
1270590 1706.0
1270600 1710.3
1270610 1713.1
1270620 1713.1
1270630 1713.2
1270640 1713.4
1270650 1713.4
1270660 1712.8
1270670 1712.4
1270680 1712.8
1270690 1712.8
1270700 1712.2
1270710 1711.0
1270720 1711.0
1270730 1709.2
1270740 1707.3
1270750 1707.3
1270760 1704.3
1270770 1700.2
1270780 1700.2
1270790 1696.4
1270800 1692.3
1270810 1692.3
1270820 1688.3
1270830 1683.8
1270840 1683.8
1270850 1680.1
1270860 1676.6
1270870 1676.6
1270880 1672.5
1270890 1668.2
1270900 1668.2
1270910 1663.8
1270920 1660.1
1270930 1660.1
1270940 1657.0
1270950 1653.8
1270960 1653.8
1270970 1650.7
1270980 1648.5
1270990 1647.5
1271000 1647.5
1271010 1646.5
1271020 1645.2
1271030 1645.2
1271040 1643.7
1271050 1641.6
1271060 1641.6
1271070 1638.2
1271080 1634.5
1271090 1634.5
1271100 1630.5
1271110 1626.7
1271120 1626.7
1271130 1621.0
1271140 1615.7
1271150 1615.7
1271160 1611.3
1271170 1607.2
1271180 1601.5
1271190 1596.1
1271200 1590.6
1271210 1590.6
1271220 1584.1
1271230 1576.5
1271240 1576.5
1271250 1566.7
1271260 1554.0
1271270 1539.9
1271280 1539.9
1271290 1530.8
1271300 1523.9
1271310 1523.9
1271320 1517.8
1271330 1509.9
1271340 1509.9
1271350 1501.6
1271360 1492.6
1271370 1492.6
1271380 1484.7
1271390 1478.0
1271400 1478.0
1271410 1471.6
1271420 1464.2
1271430 1464.2
1271440 1456.9
1271450 1448.6
1271460 1448.6
1271470 1443.8
1271480 1444.6
1271490 1444.6
1271500 1447.6
1271510 1454.7
1271520 1454.7
1271530 1455.1
1271540 1452.5
1271550 1452.5
1271560 1450.5
1271570 1445.3
1271580 1444.7
1271590 1444.7
1271600 1446.0
1271610 1447.7
1271620 1447.7
1271630 1442.8
1271640 1443.5
1271650 1443.5
1271660 1448.0
1271670 1450.3
1271680 1450.3
1271690 1446.0
1271700 1441.0
1271710 1441.0
1271720 1443.3
1271730 1449.1
1271740 1449.1
1271750 1449.9
1271760 1453.8
1271770 1453.8
1271780 1463.0
1271790 1463.6
1271800 1463.6
1271810 1463.1
1271820 1459.7
1271830 1459.7
1271840 1455.8
1271850 1450.0
1271860 1444.5
1271870 1444.5
1271880 1440.6
1271890 1443.7
1271900 1443.7
1271910 1445.5
1271920 1446.7
1271930 1446.7
1271940 1443.6
1271950 1441.3
1271960 1441.3
1271970 1435.1
1271980 1429.7
1271990 1429.7
1272000 1425.7
1272010 1425.9
1272020 1425.9
1272030 1430.8
1272040 1426.2
1272050 1426.2
1272060 1422.3
1272070 1419.6
1272080 1419.6
1272090 1417.6
1272100 1414.0
1272110 1414.0
1272120 1406.6
1272130 1402.1
1272140 1398.9
1272150 1398.9
1272160 1392.6
1272170 1387.4
1272180 1387.4
1272190 1381.8
1272200 1378.7
1272210 1378.7
1272220 1375.9
1272230 1372.6
1272240 1372.6
1272250 1369.1
1272260 1364.6
1272270 1364.6
1272280 1360.2
1272290 1355.9
1272300 1355.9
1272310 1355.0
1272320 1350.5
1272330 1350.5
1272340 1344.8
1272350 1340.6
1272360 1340.6
1272370 1336.9
1272380 1341.5
1272390 1341.5
1272400 1337.9
1272410 1333.8
1272420 1333.8
1272430 1329.7
1272440 1325.1
1272450 1321.2
1272460 1321.2
1272470 1316.3
1272480 1310.5
1272490 1310.5
1272500 1305.5
1272510 1301.2
1272520 1301.2
1272530 1296.9
1272540 1292.8
1272550 1292.8
1272560 1286.8
1272570 1279.9
1272580 1279.9
1272590 1276.2
1272600 1271.4
1272610 1271.4
1272620 1267.4
1272630 1262.8
1272640 1262.8
1272650 1260.2
1272660 1258.2
1272670 1258.2
1272680 1255.1
1272690 1251.4
1272700 1251.4
1272710 1247.8
1272720 1244.1
1272730 1240.2
1272740 1240.2
1272750 1237.2
1272760 1235.2
1272770 1235.2
1272780 1231.8
1272790 1227.9
1272800 1227.9
1272810 1224.4
1272820 1222.4
1272830 1222.4
1272840 1221.6
1272850 1221.6
1272860 1221.6
1272870 1221.7
1272880 1221.4
1272890 1221.4
1272900 1221.6
1272910 1221.9
1272920 1221.9
1272930 1221.9
1272940 1222.1
1272950 1222.1
1272960 1222.3
1272970 1222.8
1272980 1222.7
1272990 1222.8
1273000 1223.0
1273010 1223.0
1273020 1223.6
1273030 1224.7
1273040 1225.4
1273050 1225.4
1273060 1225.8
1273070 1226.0
1273080 1226.0
1273090 1226.0
1273100 1226.1
1273110 1226.1
1273120 1226.6
1273130 1228.8
1273140 1228.8
1273150 1231.8
1273160 1234.8
1273170 1234.8
1273180 1237.3
1273190 1239.6
1273200 1239.6
1273210 1241.9
1273220 1246.5
1273230 1246.5
1273240 1252.8
1273250 1256.4
1273260 1256.4
1273270 1258.5
1273280 1263.6
1273290 1263.6
1273300 1268.7
1273310 1273.5
1273320 1278.2
1273330 1278.2
1273340 1282.7
1273350 1286.9
1273360 1286.9
1273370 1290.9
1273380 1294.6
1273390 1294.6
1273400 1298.5
1273410 1301.9
1273420 1301.9
1273430 1304.8
1273440 1307.1
1273450 1307.1
1273460 1309.4
1273470 1311.7
1273480 1311.7
1273490 1316.0
1273500 1325.0
1273510 1325.0
1273520 1333.9
1273530 1339.2
1273540 1339.2
1273550 1342.8
1273560 1349.8
1273570 1349.8
1273580 1366.1
1273590 1375.1
1273600 1382.5
1273610 1382.5
1273620 1402.9
1273630 1434.5
1273640 1434.5
1273650 1455.5
1273660 1463.4
1273670 1463.4
1273680 1467.3
1273690 1471.5
1273700 1471.5
1273710 1475.6
1273720 1487.4
1273730 1487.4
1273740 1506.6
1273750 1536.4
1273760 1536.4
1273770 1562.7
1273780 1573.4
1273790 1573.4
1273800 1583.7
1273810 1587.1
1273820 1587.1
1273830 1593.6
1273840 1604.3
1273850 1604.3
1273860 1612.8
1273870 1620.3
1273880 1620.3
1273890 1626.4
1273900 1627.7
1273910 1638.8
1273920 1638.8
1273930 1649.0
1273940 1659.9
1273950 1659.9
1273960 1672.8
1273970 1689.7
1273980 1689.7
1273990 1703.7
1274000 1720.8
1274010 1720.8
1274020 1734.7
1274030 1736.5
1274040 1736.5
1274050 1739.3
1274060 1744.5
1274070 1744.5
1274080 1748.9
1274090 1756.8
1274100 1756.8
1274110 1764.1
1274120 1768.9
1274130 1768.9
1274140 1771.3
1274150 1774.5
1274160 1774.5
1274170 1777.6
1274180 1780.3
1274190 1797.1
1274200 1797.1
1274210 1802.4
1274220 1807.2
1274230 1807.2
1274240 1810.2
1274250 1811.9
1274260 1811.9
1274270 1815.3
1274280 1820.7
1274290 1820.7
1274300 1825.3
1274310 1828.4
1274320 1828.4
1274330 1831.2
1274340 1834.5
1274350 1834.5
1274360 1835.2
1274370 1835.2
1274380 1835.2
1274390 1838.5
1274400 1841.7
1274410 1841.7
1274420 1842.2
1274430 1843.5
1274440 1843.5
1274450 1845.3
1274460 1847.5
1274470 1847.5
1274480 1846.6
1274490 1851.5
1274500 1855.8
1274510 1855.8
1274520 1855.5
1274530 1856.2
1274540 1856.2
1274550 1855.1
1274560 1856.6
1274570 1856.6
1274580 1858.5
1274590 1858.8
1274600 1858.8
1274610 1854.6
1274620 1843.3
1274630 1843.3
1274640 1834.6
1274650 1826.2
1274660 1826.2
1274670 1819.3
1274680 1821.3
1274690 1821.3
1274700 1829.4
1274710 1836.4
1274720 1836.4
1274730 1839.1
1274740 1842.1
1274750 1842.1
1274760 1846.0
1274770 1849.7
1274780 1852.7
1274790 1852.7
1274800 1870.8
1274810 1871.6
1274820 1871.6
1274830 1873.0
1274840 1873.9
1274850 1873.9
1274860 1876.3
1274870 1874.0
1274880 1874.0
1274890 1870.6
1274900 1867.2
1274910 1867.2
1274920 1860.6
1274930 1852.5
1274940 1852.5
1274950 1847.5
1274960 1844.4
1274970 1844.4
1274980 1839.2
1274990 1832.7
1275000 1832.7
1275010 1828.1
1275020 1828.8
1275030 1828.8
1275040 1831.0
1275050 1831.4
1275060 1829.3
1275070 1829.3
1275080 1825.5
1275090 1820.8
1275100 1820.8
1275110 1813.3
1275120 1808.8
1275130 1808.8
1275140 1789.0
1275150 1752.9
1275160 1752.9
1275170 1746.4
1275180 1736.9
1275190 1736.9
1275200 1730.6
1275210 1726.0
1275220 1726.0
1275230 1724.7
1275240 1726.1
1275250 1726.1
1275260 1728.1
1275270 1733.5
1275280 1733.5
1275290 1735.2
1275300 1734.6
1275310 1734.6
1275320 1728.1
1275330 1715.3
1275340 1715.3
1275350 1710.9
1275360 1714.6
1275370 1720.6
1275380 1720.6
1275390 1718.1
1275400 1709.2
1275410 1719.3
1275420 1717.9
1275430 1715.5
1275440 1715.5
1275450 1712.5
1275460 1716.5
1275470 1716.5
1275480 1720.4
1275490 1724.9
1275500 1724.9
1275510 1728.9
1275520 1728.7
1275530 1728.7
1275540 1726.2
1275550 1723.8
1275560 1723.8
1275570 1720.7
1275580 1716.6
1275590 1716.6
1275600 1713.9
1275610 1710.1
1275620 1710.1
1275630 1708.1
1275640 1706.9
1275650 1702.7
1275660 1702.7
1275670 1698.7
1275680 1694.7
1275690 1694.7
1275700 1692.3
1275710 1693.6
1275720 1693.6
1275730 1696.7
1275740 1699.1
1275750 1699.1
1275760 1703.3
1275770 1707.3
1275780 1707.3
1275790 1709.2
1275800 1709.2
1275810 1709.2
1275820 1708.9
1275830 1707.3
1275840 1707.3
1275850 1708.3
1275860 1706.9
1275870 1706.9
1275880 1706.9
1275890 1706.6
1275900 1706.6
1275910 1702.2
1275920 1696.2
1275930 1696.2
1275940 1696.2
1275950 1696.8
1275960 1694.5
1275970 1694.5
1275980 1691.1
1275990 1689.0
1276000 1689.0
1276010 1687.8
1276020 1688.0
1276030 1688.0
1276040 1685.0
1276050 1680.8
1276060 1680.8
1276070 1672.9
1276080 1663.9
1276090 1663.9
1276100 1642.0
1276110 1616.7
1276120 1616.7
1276130 1606.7
1276140 1602.4
1276150 1602.4
1276160 1600.0
1276170 1596.7
1276180 1596.7
1276190 1593.9
1276200 1576.9
1276210 1576.9
1276220 1551.2
1276230 1543.9
1276240 1553.6
1276250 1553.6
1276260 1572.4
1276270 1587.5
1276280 1587.5
1276290 1603.8
1276300 1614.1
1276310 1614.1
1276320 1605.3
1276330 1585.9
1276340 1585.9
1276350 1584.5
1276360 1588.5
1276370 1588.5
1276380 1587.2
1276390 1569.3
1276400 1569.3
1276410 1561.2
1276420 1558.8
1276430 1558.8
1276440 1556.7
1276450 1556.5
1276460 1556.5
1276470 1558.4
1276480 1551.6
1276490 1551.6
1276500 1553.2
1276510 1553.5
1276520 1548.6
1276530 1548.6
1276540 1542.9
1276550 1538.7
1276560 1538.7
1276570 1548.3
1276580 1552.1
1276590 1552.1
1276600 1554.7
1276610 1554.0
1276620 1554.0
1276630 1576.1
1276640 1579.7
1276650 1579.7
1276660 1579.3
1276670 1568.0
1276680 1568.0
1276690 1561.9
1276700 1559.5
1276710 1559.5
1276720 1555.4
1276730 1552.4
1276740 1552.4
1276750 1552.7
1276760 1550.5
1276770 1550.5
1276780 1549.9
1276790 1552.8
1276800 1552.8
1276810 1554.7
1276820 1552.2
1276830 1552.9
1276840 1552.9
1276850 1546.7
1276860 1541.0
1276870 1541.0
1276880 1552.7
1276890 1562.0
1276900 1562.0
1276910 1563.0
1276920 1550.5
1276930 1550.5
1276940 1565.5
1276950 1571.7
1276960 1571.7
1276970 1571.2
1276980 1556.9
1276990 1556.9
1277000 1536.8
1277010 1546.5
1277020 1546.5
1277030 1550.8
1277040 1552.6
1277050 1552.6
1277060 1552.2
1277070 1547.5
1277080 1547.5
1277090 1544.8
1277100 1539.2
1277110 1514.1
1277120 1514.1
1277130 1510.8
1277140 1516.1
1277150 1516.1
1277160 1524.2
1277170 1539.8
1277180 1539.8
1277190 1556.4
1277200 1576.1
1277210 1576.1
1277220 1591.7
1277230 1604.6
1277240 1653.7
1277250 1664.1
1277260 1665.7
1277270 1665.7
1277280 1650.6
1277290 1629.3
1277300 1629.3
1277310 1611.7
1277320 1607.2
1277330 1607.2
1277340 1617.6
1277350 1625.5
1277360 1625.5
1277370 1631.0
1277380 1634.1
1277390 1634.1
1277400 1639.0
1277410 1646.5
1277420 1652.2
1277430 1652.2
1277440 1661.3
1277450 1673.9
1277460 1673.9
1277470 1678.4
1277480 1686.2
1277490 1686.2
1277500 1693.4
1277510 1698.6
1277520 1698.6
1277530 1699.2
1277540 1699.2
1277550 1699.2
1277560 1702.6
1277570 1705.0
1277580 1705.0
1277590 1707.3
1277600 1708.5
1277610 1708.5
1277620 1710.2
1277630 1713.7
1277640 1713.7
1277650 1716.4
1277660 1718.8
1277670 1718.8
1277680 1719.9
1277690 1723.0
1277700 1725.1
1277710 1725.1
1277720 1726.9
1277730 1726.8
1277740 1726.8
1277750 1726.7
1277760 1726.3
1277770 1726.3
1277780 1725.5
1277790 1721.9
1277800 1721.9
1277810 1720.1
1277820 1721.8
1277830 1721.8
1277840 1725.5
1277850 1726.0
1277860 1733.9
1277870 1735.4
1277880 1738.5
1277890 1738.5
1277900 1734.0
1277910 1734.0
1277920 1734.0
1277930 1737.9
1277940 1739.5
1277950 1739.5
1277960 1738.9
1277970 1737.3
1277980 1740.0
1277990 1740.0
1278000 1741.8
1278010 1742.6
1278020 1742.6
1278030 1740.8
1278040 1739.2
1278050 1739.2
1278060 1736.9
1278070 1738.1
1278080 1738.1
1278090 1743.4
1278100 1748.5
1278110 1748.5
1278120 1752.5
1278130 1757.2
1278140 1757.2
1278150 1761.7
1278160 1764.7
1278170 1764.7
1278180 1762.2
1278190 1761.5
1278200 1761.5
1278210 1763.7
1278220 1769.1
1278230 1769.1
1278240 1770.2
1278250 1769.4
1278260 1769.4
1278270 1770.3
1278280 1772.8
1278290 1776.4
1278300 1776.4
1278310 1779.5
1278320 1782.9
1278330 1782.9
1278340 1785.3
1278350 1787.8
1278360 1787.8
1278370 1788.9
1278380 1789.4
1278390 1789.4
1278400 1791.1
1278410 1793.7
1278420 1793.7
1278430 1795.2
1278440 1795.7
1278450 1795.7
1278460 1797.6
1278470 1799.3
1278480 1806.0
1278490 1806.8
1278500 1807.3
1278510 1807.3
1278520 1807.8
1278530 1807.7
1278540 1807.7
1278550 1808.1
1278560 1809.4
1278570 1811.5
1278580 1811.5
1278590 1813.9
1278600 1815.4
1278610 1815.4
1278620 1815.7
1278630 1816.5
1278640 1816.5
1278650 1818.9
1278660 1820.7
1278670 1820.7
1278680 1822.6
1278690 1825.6
1278700 1825.6
1278710 1828.9
1278720 1831.8
1278730 1831.8
1278740 1834.8
1278750 1837.1
1278760 1837.1
1278770 1837.9
1278780 1836.6
1278790 1836.6
1278800 1835.7
1278810 1835.5
1278820 1835.5
1278830 1835.5
1278840 1848.0
1278850 1848.0
1278860 1856.3
1278870 1862.6
1278880 1867.3
1278890 1867.3
1278900 1871.5
1278910 1875.3
1278920 1875.3
1278930 1878.4
1278940 1880.7
1278950 1880.7
1278960 1885.2
1278970 1892.8
1278980 1892.8
1278990 1898.4
1279000 1902.0
1279010 1902.0
1279020 1900.0
1279030 1894.9
1279040 1894.9
1279050 1893.4
1279060 1893.1
1279070 1893.1
1279080 1889.8
1279090 1886.8
1279100 1918.0
1279110 1913.3
1279120 1910.3
1279130 1910.3
1279140 1905.8
1279150 1900.1
1279160 1895.2
1279170 1895.2
1279180 1885.9
1279190 1876.1
1279200 1876.1
1279210 1876.4
1279220 1876.2
1279230 1876.2
1279240 1877.3
1279250 1881.7
1279260 1881.7
1279270 1887.4
1279280 1889.5
1279290 1889.5
1279300 1893.6
1279310 1900.6
1279320 1900.6
1279330 1904.7
1279340 1902.9
1279350 1902.9
1279360 1900.3
1279370 1904.9
1279380 1904.9
1279390 1912.4
1279400 1920.3
1279410 1920.3
1279420 1928.4
1279430 1936.8
1279440 1943.4
1279450 1943.4
1279460 1949.8
1279470 1955.2
1279480 1955.2
1279490 1958.5
1279500 1963.0
1279510 1963.0
1279520 1969.3
1279530 1977.0
1279540 1977.0
1279550 1983.0
1279560 1987.3
1279570 1987.3
1279580 1991.8
1279590 1996.6
1279600 1996.6
1279610 2003.1
1279620 2000.9
1279630 2000.9
1279640 1982.0
1279650 1965.8
1279660 1965.8
1279670 1951.4
1279680 1942.8
1279690 1942.8
1279700 1938.7
1279710 1936.2
1279720 1943.3
1279730 1941.6
1279740 1939.6
1279750 1937.4
1279760 1937.4
1279770 1935.8
1279780 1933.9
1279790 1933.9
1279800 1931.3
1279810 1931.5
1279820 1931.5
1279830 1932.2
1279840 1931.6
1279850 1931.6
1279860 1931.3
1279870 1931.6
1279880 1931.6
1279890 1933.9
1279900 1935.9
1279910 1935.9
1279920 1937.1
1279930 1938.2
1279940 1938.2
1279950 1939.9
1279960 1942.1
1279970 1942.1
1279980 1944.6
1279990 1946.7
