1260000 1327.5
1260010 1328.5
1260020 1328.5
1260030 1328.4
1260040 1328.1
1260050 1328.1
1260060 1325.1
1260070 1318.4
1260080 1313.2
1260090 1308.6
1260100 1314.6
1260110 1314.6
1260120 1320.4
1260130 1321.5
1260140 1321.5
1260150 1321.4
1260160 1322.0
1260170 1323.9
1260180 1323.9
1260190 1323.7
1260200 1321.5
1260210 1321.5
1260220 1319.4
1260230 1319.6
1260240 1319.6
1260250 1320.0
1260260 1319.8
1260270 1319.8
1260280 1319.8
1260290 1321.2
1260300 1321.2
1260310 1321.9
1260320 1320.1
1260330 1320.1
1260340 1317.9
1260350 1315.0
1260360 1315.0
1260370 1311.7
1260380 1308.5
1260390 1308.5
1260400 1305.0
1260410 1300.8
1260420 1300.8
1260430 1296.6
1260440 1293.1
1260450 1290.9
1260460 1290.9
1260470 1290.3
1260480 1287.5
1260490 1287.5
1260500 1284.2
1260510 1281.3
1260520 1281.3
1260530 1278.7
1260540 1276.0
1260550 1276.0
1260560 1274.0
1260570 1270.6
1260580 1270.6
1260590 1265.9
1260600 1261.3
1260610 1261.3
1260620 1258.3
1260630 1254.9
1260640 1254.9
1260650 1247.0
1260660 1244.2
1260670 1244.2
1260680 1241.1
1260690 1237.6
1260700 1237.6
1260710 1234.0
1260720 1228.2
1260730 1228.2
1260740 1221.7
1260750 1215.2
1260760 1207.4
1260770 1207.4
1260780 1200.8
1260790 1193.9
1260800 1193.9
1260810 1186.2
1260820 1178.3
1260830 1178.3
1260840 1170.2
1260850 1163.4
1260860 1163.4
1260870 1161.6
1260880 1154.7
1260890 1154.7
1260900 1146.6
1260910 1146.5
1260920 1146.5
1260930 1152.4
1260940 1157.1
1260950 1157.1
1260960 1157.6
1260970 1155.8
1260980 1155.8
1260990 1153.6
1261000 1148.8
1261010 1148.8
1261020 1145.3
1261030 1148.5
1261040 1150.4
1261050 1150.4
1261060 1146.6
1261070 1144.9
1261080 1144.9
1261090 1146.9
1261100 1149.5
1261110 1149.5
1261120 1151.2
1261130 1149.8
1261140 1149.8
1261150 1146.5
1261160 1139.0
1261170 1139.0
1261180 1131.0
1261190 1124.0
1261200 1124.0
1261210 1117.7
1261220 1114.6
1261230 1114.6
1261240 1108.6
1261250 1102.5
1261260 1102.5
1261270 1100.3
1261280 1099.3
1261290 1099.3
1261300 1097.3
1261310 1096.0
1261320 1096.0
1261330 1096.4
1261340 1094.4
1261350 1091.3
1261360 1091.3
1261370 1087.5
1261380 1085.6
1261390 1085.6
1261400 1083.8
1261410 1082.1
1261420 1082.1
1261430 1084.9
1261440 1090.0
1261450 1090.0
1261460 1094.9
1261470 1100.3
1261480 1100.3
1261490 1105.6
1261500 1112.0
1261510 1112.0
1261520 1117.2
1261530 1117.6
1261540 1117.6
1261550 1117.3
1261560 1116.8
1261570 1116.8
1261580 1116.2
1261590 1115.4
1261600 1115.4
1261610 1115.0
1261620 1114.6
1261630 1113.4
1261640 1113.4
1261650 1111.2
1261660 1111.4
1261670 1111.4
1261680 1111.4
1261690 1110.9
1261700 1110.9
1261710 1109.5
1261720 1104.6
1261730 1104.6
1261740 1101.2
1261750 1103.0
1261760 1103.0
1261770 1105.2
1261780 1107.0
1261790 1104.4
1261800 1102.4
1261810 1100.4
1261820 1100.4
1261830 1104.2
1261840 1103.6
1261850 1103.6
1261860 1097.9
1261870 1091.6
1261880 1091.6
1261890 1092.6
1261900 1088.0
1261910 1088.0
1261920 1084.4
1261930 1090.3
1261940 1097.6
1261950 1097.6
1261960 1101.9
1261970 1099.4
1261980 1099.4
1261990 1093.7
1262000 1090.6
1262010 1090.6
1262020 1094.9
1262030 1102.3
1262040 1102.3
1262050 1105.7
1262060 1106.3
1262070 1106.3
1262080 1106.6
1262090 1107.5
1262100 1107.5
1262110 1108.8
1262120 1109.9
1262130 1109.9
1262140 1110.3
1262150 1110.5
1262160 1110.5
1262170 1110.8
1262180 1111.1
1262190 1111.1
1262200 1111.3
1262210 1112.0
1262220 1111.9
1262230 1111.9
1262240 1109.6
1262250 1111.8
1262260 1111.8
1262270 1115.0
1262280 1115.3
1262290 1115.3
1262300 1113.6
1262310 1113.5
1262320 1113.5
1262330 1115.4
1262340 1116.2
1262350 1116.2
1262360 1116.6
1262370 1115.8
1262380 1115.8
1262390 1116.3
1262400 1112.5
1262410 1112.5
1262420 1105.6
1262430 1098.6
1262440 1098.6
1262450 1091.7
1262460 1084.6
1262470 1084.6
1262480 1077.1
1262490 1069.5
1262500 1069.5
1262510 1062.9
1262520 1059.6
1262530 1057.0
1262540 1057.0
1262550 1059.0
1262560 1063.3
1262570 1063.3
1262580 1066.0
1262590 1070.4
1262600 1070.4
1262610 1077.0
1262620 1083.6
1262630 1083.6
1262640 1089.7
1262650 1095.9
1262660 1095.9
1262670 1102.2
1262680 1108.8
1262690 1108.8
1262700 1114.8
1262710 1116.8
1262720 1116.8
1262730 1117.6
1262740 1119.7
1262750 1119.7
1262760 1123.8
1262770 1124.6
1262780 1124.6
1262790 1123.9
1262800 1123.7
1262810 1123.7
1262820 1123.1
1262830 1123.8
1262840 1125.0
1262850 1125.0
1262860 1124.4
1262870 1123.4
1262880 1123.4
1262890 1122.5
1262900 1121.4
1262910 1121.4
1262920 1120.2
1262930 1118.8
1262940 1117.9
1262950 1116.5
1262960 1115.3
1262970 1115.3
1262980 1114.2
1262990 1112.8
1263000 1112.8
1263010 1111.5
1263020 1110.0
1263030 1110.0
1263040 1108.7
1263050 1107.4
1263060 1107.4
1263070 1106.1
1263080 1105.1
1263090 1105.1
1263100 1104.1
1263110 1103.1
1263120 1103.1
1263130 1103.1
1263140 1104.1
1263150 1104.9
1263160 1104.9
1263170 1105.4
1263180 1105.7
1263190 1105.7
1263200 1105.8
1263210 1102.4
1263220 1102.4
1263230 1101.5
1263240 1106.2
1263250 1106.2
1263260 1110.1
1263270 1111.6
1263280 1111.6
1263290 1113.0
1263300 1114.4
1263310 1114.4
1263320 1115.1
1263330 1116.3
1263340 1116.3
1263350 1118.3
1263360 1120.3
1263370 1120.3
1263380 1122.5
1263390 1125.1
1263400 1125.1
1263410 1127.0
1263420 1127.9
1263430 1127.4
1263440 1127.4
1263450 1126.4
1263460 1123.4
1263470 1123.4
1263480 1121.8
1263490 1121.7
1263500 1121.7
1263510 1122.5
1263520 1124.6
1263530 1124.6
1263540 1128.3
1263550 1129.5
1263560 1129.5
1263570 1130.0
1263580 1130.3
1263590 1130.3
1263600 1130.6
1263610 1131.3
1263620 1131.3
1263630 1131.2
1263640 1133.0
1263650 1133.0
1263660 1136.5
1263670 1137.8
1263680 1137.8
1263690 1134.2
1263700 1130.3
1263710 1127.1
1263720 1127.1
1263730 1126.5
1263740 1134.1
1263750 1134.1
1263760 1139.1
1263770 1140.5
1263780 1140.5
1263790 1141.6
1263800 1143.9
1263810 1143.9
1263820 1146.8
1263830 1145.7
1263840 1145.7
1263850 1144.6
1263860 1145.7
1263870 1145.7
1263880 1148.0
1263890 1153.1
1263900 1153.1
1263910 1159.0
1263920 1163.4
1263930 1163.4
1263940 1165.7
1263950 1167.6
1263960 1167.6
1263970 1167.5
1263980 1165.3
1263990 1165.3
1264000 1163.2
1264010 1162.8
1264020 1164.5
1264030 1164.5
1264040 1167.1
1264050 1170.1
1264060 1170.1
1264070 1170.3
1264080 1170.2
1264090 1166.9
1264100 1166.9
1264110 1170.0
1264120 1170.0
1264130 1174.4
1264140 1177.6
1264150 1177.6
1264160 1180.8
1264170 1180.3
1264180 1180.3
1264190 1177.9
1264200 1178.6
1264210 1178.6
1264220 1181.4
1264230 1184.5
1264240 1184.5
1264250 1187.6
1264260 1191.9
1264270 1191.9
1264280 1195.8
1264290 1198.8
1264300 1201.0
1264310 1201.0
1264320 1202.9
1264330 1204.8
1264340 1204.8
1264350 1204.9
1264360 1203.4
1264370 1203.4
1264380 1202.6
1264390 1205.4
1264400 1205.4
1264410 1206.6
1264420 1208.3
1264430 1208.3
1264440 1210.3
1264450 1212.4
1264460 1212.4
1264470 1214.1
1264480 1216.3
1264490 1216.3
1264500 1217.8
1264510 1215.9
1264520 1215.9
1264530 1212.9
1264540 1214.2
1264550 1214.2
1264560 1215.0
1264570 1213.7
1264580 1213.7
1264590 1210.2
1264600 1206.5
1264610 1205.4
1264620 1205.4
1264630 1206.1
1264640 1206.7
1264650 1206.7
1264660 1207.5
1264670 1206.6
1264680 1206.6
1264690 1209.2
1264700 1210.6
1264710 1210.6
1264720 1209.6
1264730 1202.5
1264740 1202.5
1264750 1198.1
1264760 1188.1
1264770 1188.1
1264780 1175.3
1264790 1180.9
1264800 1180.9
1264810 1191.6
1264820 1198.1
1264830 1198.1
1264840 1209.4
1264850 1223.2
1264860 1223.2
1264870 1234.0
1264880 1241.9
1264890 1247.0
1264900 1247.0
1264910 1251.5
1264920 1257.0
1264930 1257.0
1264940 1258.2
1264950 1255.9
1264960 1255.9
1264970 1257.4
1264980 1261.5
1264990 1261.5
1265000 1267.3
1265010 1274.6
1265020 1274.6
1265030 1281.3
1265040 1285.8
1265050 1285.8
1265060 1289.8
1265070 1293.4
1265080 1293.4
1265090 1296.1
1265100 1298.5
1265110 1298.5
1265120 1300.2
1265130 1301.2
1265140 1301.2
1265150 1303.0
1265160 1304.7
1265170 1304.7
1265180 1304.6
1265190 1306.2
1265200 1310.8
1265210 1310.8
1265220 1315.5
1265230 1318.4
1265240 1318.4
1265250 1315.0
1265260 1317.6
1265270 1317.6
1265280 1319.3
1265290 1319.8
1265300 1319.8
1265310 1320.8
1265320 1322.4
1265330 1322.4
1265340 1323.7
1265350 1324.5
1265360 1324.5
1265370 1327.3
1265380 1333.6
1265390 1333.6
1265400 1341.0
1265410 1346.2
1265420 1346.2
1265430 1350.5
1265440 1355.0
1265450 1355.0
1265460 1359.9
1265470 1363.4
1265480 1363.4
1265490 1364.9
1265500 1364.1
1265510 1364.5
1265520 1364.5
1265530 1365.1
1265540 1363.7
1265550 1363.7
1265560 1364.0
1265570 1366.9
1265580 1366.9
1265590 1370.8
1265600 1376.6
1265610 1376.6
1265620 1384.2
1265630 1388.0
1265640 1388.0
1265650 1390.8
1265660 1393.7
1265670 1393.7
1265680 1395.9
1265690 1398.2
1265700 1398.2
1265710 1401.4
1265720 1405.0
1265730 1405.0
1265740 1408.9
1265750 1412.6
1265760 1412.6
1265770 1416.9
1265780 1421.9
1265790 1426.7
1265800 1426.7
1265810 1430.3
1265820 1433.2
1265830 1433.2
1265840 1427.9
1265850 1429.1
1265860 1429.1
1265870 1430.5
1265880 1432.1
1265890 1432.1
1265900 1433.4
1265910 1432.6
1265920 1432.6
1265930 1431.8
1265940 1436.4
1265950 1436.4
1265960 1441.8
1265970 1444.3
1265980 1444.3
1265990 1445.8
1266000 1448.0
1266010 1448.0
1266020 1449.5
1266030 1449.7
1266040 1449.7
1266050 1450.0
1266060 1452.3
1266070 1452.3
1266080 1455.3
1266090 1457.2
1266100 1458.9
1266110 1458.9
1266120 1461.4
1266130 1464.4
1266140 1464.4
1266150 1468.7
1266160 1474.6
1266170 1474.6
1266180 1482.5
1266190 1490.1
1266200 1490.1
1266210 1496.9
1266220 1501.2
1266230 1501.2
1266240 1502.7
1266250 1503.3
1266260 1503.3
1266270 1503.9
1266280 1505.1
1266290 1505.1
1266300 1505.9
1266310 1510.6
1266320 1510.6
1266330 1513.1
1266340 1515.0
1266350 1515.0
1266360 1515.2
1266370 1513.9
1266380 1509.8
1266390 1509.8
1266400 1504.3
1266410 1504.9
1266420 1498.2
1266430 1500.0
1266440 1501.2
1266450 1501.2
1266460 1502.5
1266470 1503.0
1266480 1503.0
1266490 1503.5
1266500 1504.5
1266510 1504.5
1266520 1509.4
1266530 1513.7
1266540 1513.7
1266550 1513.9
1266560 1511.9
1266570 1511.9
1266580 1512.9
1266590 1517.0
1266600 1517.0
1266610 1520.9
1266620 1523.5
1266630 1523.5
1266640 1525.6
1266650 1528.2
1266660 1528.2
1266670 1531.7
1266680 1535.4
1266690 1538.2
1266700 1538.2
1266710 1540.0
1266720 1538.4
1266730 1538.4
1266740 1537.3
1266750 1540.5
1266760 1540.5
1266770 1541.5
1266780 1541.7
1266790 1541.7
1266800 1541.0
1266810 1540.7
1266820 1540.7
1266830 1540.3
1266840 1531.9
1266850 1531.9
1266860 1527.8
1266870 1529.8
1266880 1529.8
1266890 1532.9
1266900 1535.9
1266910 1535.9
1266920 1537.2
1266930 1538.7
1266940 1538.7
1266950 1542.0
1266960 1544.5
1266970 1550.3
1266980 1550.3
1266990 1554.5
1267000 1550.2
1267010 1550.2
1267020 1551.3
1267030 1552.3
1267040 1552.3
1267050 1552.6
1267060 1552.2
1267070 1552.2
1267080 1552.3
1267090 1553.1
1267100 1553.1
1267110 1553.0
1267120 1552.2
1267130 1552.2
1267140 1551.6
1267150 1551.6
1267160 1551.6
1267170 1551.3
1267180 1549.9
1267190 1549.9
1267200 1547.9
1267210 1546.7
1267220 1546.7
1267230 1545.2
1267240 1542.6
1267250 1542.6
1267260 1541.0
1267270 1540.4
1267280 1539.6
1267290 1539.6
1267300 1536.0
1267310 1533.1
1267320 1533.1
1267330 1531.0
1267340 1527.8
1267350 1527.8
1267360 1524.8
1267370 1522.0
1267380 1522.0
1267390 1519.6
1267400 1516.1
1267410 1516.1
1267420 1512.2
1267430 1507.8
1267440 1507.8
1267450 1501.3
1267460 1495.8
1267470 1495.8
1267480 1490.6
1267490 1485.3
1267500 1485.3
1267510 1480.6
1267520 1476.5
1267530 1476.5
1267540 1469.0
1267550 1454.7
1267560 1442.9
1267570 1442.9
1267580 1414.8
1267590 1397.6
1267600 1397.6
1267610 1387.6
1267620 1377.6
1267630 1377.6
1267640 1367.4
1267650 1358.1
1267660 1358.1
1267670 1346.2
1267680 1331.2
1267690 1331.2
1267700 1313.6
1267710 1295.6
1267720 1295.6
1267730 1285.7
1267740 1279.4
1267750 1279.4
1267760 1274.4
1267770 1269.3
1267780 1269.3
1267790 1263.6
1267800 1257.9
1267810 1257.9
1267820 1252.2
1267830 1245.7
1267840 1245.7
1267850 1239.2
1267860 1232.8
1267870 1226.7
1267880 1226.7
1267890 1220.6
1267900 1214.1
1267910 1214.1
1267920 1207.1
1267930 1201.0
1267940 1201.0
1267950 1203.3
1267960 1208.4
1267970 1208.4
1267980 1213.2
1267990 1219.1
1268000 1219.1
1268010 1225.5
1268020 1232.6
1268030 1232.6
1268040 1239.7
1268050 1247.1
1268060 1247.1
1268070 1255.0
1268080 1264.8
1268090 1264.8
1268100 1275.8
1268110 1288.3
1268120 1288.3
1268130 1295.9
1268140 1299.8
1268150 1299.8
1268160 1307.9
1268170 1317.7
1268180 1323.8
1268190 1323.8
1268200 1338.5
1268210 1348.2
1268220 1348.2
1268230 1356.2
1268240 1364.3
1268250 1364.3
1268260 1371.5
1268270 1382.2
1268280 1382.2
1268290 1401.9
1268300 1427.8
1268310 1427.8
1268320 1441.0
1268330 1452.5
1268340 1452.5
1268350 1463.3
1268360 1471.8
1268370 1471.8
1268380 1480.8
1268390 1489.7
1268400 1489.7
1268410 1496.2
1268420 1501.8
1268430 1501.8
1268440 1508.3
1268450 1515.9
1268460 1523.7
1268470 1523.7
1268480 1531.6
1268490 1540.7
1268500 1540.7
1268510 1546.3
1268520 1550.7
1268530 1550.7
1268540 1554.6
1268550 1558.8
1268560 1558.8
1268570 1563.9
1268580 1568.1
1268590 1568.1
1268600 1573.1
1268610 1578.1
1268620 1578.1
1268630 1580.6
1268640 1583.7
1268650 1583.7
1268660 1586.4
1268670 1589.0
1268680 1589.0
1268690 1591.1
1268700 1591.1
1268710 1591.1
1268720 1592.3
1268730 1595.1
1268740 1595.1
1268750 1597.8
1268760 1600.6
1268770 1597.6
1268780 1597.6
1268790 1602.4
1268800 1607.4
1268810 1607.4
1268820 1612.1
1268830 1616.0
1268840 1616.0
1268850 1618.6
1268860 1619.6
1268870 1619.6
1268880 1620.6
1268890 1622.3
1268900 1622.3
1268910 1623.8
1268920 1625.2
1268930 1625.2
1268940 1627.0
1268950 1628.2
1268960 1628.2
1268970 1628.9
1268980 1628.4
1268990 1628.4
1269000 1628.7
1269010 1629.4
1269020 1629.4
1269030 1629.7
1269040 1631.4
1269050 1633.3
1269060 1633.3
1269070 1635.0
1269080 1636.9
1269090 1636.9
1269100 1638.7
1269110 1641.6
1269120 1641.6
1269130 1645.6
1269140 1649.3
1269150 1649.3
1269160 1652.4
1269170 1655.6
1269180 1655.6
1269190 1658.5
1269200 1661.7
1269210 1661.7
1269220 1664.7
1269230 1666.3
1269240 1666.3
1269250 1668.3
1269260 1669.7
1269270 1669.7
1269280 1669.4
1269290 1667.8
1269300 1667.8
1269310 1667.9
1269320 1668.9
1269330 1668.9
1269340 1670.6
1269350 1671.2
1269360 1664.0
1269370 1664.0
1269380 1665.6
1269390 1666.3
1269400 1666.3
1269410 1667.6
1269420 1667.8
1269430 1667.8
1269440 1664.0
1269450 1655.8
1269460 1655.8
1269470 1652.5
1269480 1648.4
1269490 1648.4
1269500 1642.8
1269510 1639.5
1269520 1639.5
1269530 1634.3
1269540 1630.8
1269550 1630.8
1269560 1632.0
1269570 1635.1
1269580 1635.1
1269590 1635.8
1269600 1635.4
1269610 1635.4
1269620 1634.1
1269630 1632.3
1269640 1633.8
1269650 1633.8
1269660 1640.1
1269670 1647.7
1269680 1647.7
1269690 1653.5
1269700 1657.3
1269710 1657.3
1269720 1659.7
1269730 1664.0
1269740 1664.0
1269750 1666.8
1269760 1667.8
1269770 1667.8
1269780 1668.0
1269790 1655.2
1269800 1655.2
1269810 1643.5
1269820 1642.5
1269830 1642.5
1269840 1635.2
1269850 1637.2
1269860 1637.2
1269870 1638.6
1269880 1639.3
1269890 1639.3
1269900 1638.1
1269910 1636.1
1269920 1636.1
1269930 1633.2
1269940 1630.8
1269950 1619.9
1269960 1619.9
1269970 1616.8
1269980 1613.9
1269990 1613.9
1270000 1611.6
1270010 1610.3
1270020 1610.3
1270030 1608.3
1270040 1607.2
1270050 1607.2
1270060 1607.0
1270070 1606.4
1270080 1606.4
1270090 1605.2
1270100 1605.2
1270110 1605.2
1270120 1605.9
1270130 1607.3
1270140 1607.3
1270150 1608.8
1270160 1610.3
1270170 1610.3
1270180 1610.7
1270190 1607.2
1270200 1607.2
1270210 1601.5
1270220 1594.4
1270230 1586.6
1270240 1586.6
1270250 1579.5
1270260 1572.1
1270270 1572.1
1270280 1568.9
1270290 1569.7
1270300 1569.7
1270310 1568.7
1270320 1569.8
1270330 1569.8
1270340 1572.7
1270350 1575.3
1270360 1575.3
1270370 1579.7
1270380 1587.3
1270390 1587.3
1270400 1593.6
1270410 1596.4
1270420 1596.4
1270430 1598.6
1270440 1600.3
1270450 1600.3
1270460 1599.3
1270470 1596.2
1270480 1596.2
1270490 1595.2
1270500 1593.8
1270510 1593.8
1270520 1593.6
1270530 1594.0
1270540 1592.7
1270550 1582.4
1270560 1580.6
1270570 1578.7
1270580 1578.7
1270590 1577.7
1270600 1576.7
1270610 1576.7
1270620 1575.2
1270630 1572.9
1270640 1572.9
1270650 1571.0
1270660 1569.5
1270670 1569.5
1270680 1567.5
1270690 1566.0
1270700 1566.0
1270710 1565.1
1270720 1563.5
1270730 1563.5
1270740 1562.0
1270750 1560.2
1270760 1560.2
1270770 1558.1
1270780 1555.8
1270790 1555.8
1270800 1554.1
1270810 1553.1
1270820 1551.3
1270830 1551.3
1270840 1549.2
1270850 1547.1
1270860 1547.1
1270870 1543.4
1270880 1541.2
1270890 1541.2
1270900 1541.1
1270910 1542.3
1270920 1542.3
1270930 1544.0
1270940 1545.7
1270950 1545.7
1270960 1547.1
1270970 1548.6
1270980 1548.6
1270990 1550.3
1271000 1551.7
1271010 1551.7
1271020 1550.9
1271030 1549.3
1271040 1549.3
1271050 1546.4
1271060 1548.1
1271070 1548.1
1271080 1549.5
1271090 1551.4
1271100 1551.4
1271110 1556.5
1271120 1559.6
1271130 1561.5
1271140 1561.5
1271150 1554.6
1271160 1553.7
1271170 1553.7
1271180 1554.1
1271190 1555.0
1271200 1555.0
1271210 1555.8
1271220 1556.2
1271230 1556.2
1271240 1556.4
1271250 1556.5
1271260 1556.5
1271270 1554.8
1271280 1553.4
1271290 1553.4
1271300 1553.2
1271310 1548.4
1271320 1548.4
1271330 1528.1
1271340 1525.0
1271350 1525.0
1271360 1527.4
1271370 1524.8
1271380 1524.8
1271390 1521.4
1271400 1516.4
1271410 1514.2
1271420 1514.2
1271430 1513.3
1271440 1507.5
1271450 1507.5
1271460 1494.9
1271470 1477.4
1271480 1477.4
1271490 1460.1
1271500 1448.9
1271510 1448.9
1271520 1440.3
1271530 1431.2
1271540 1431.2
1271550 1422.2
1271560 1415.3
1271570 1415.3
1271580 1411.3
1271590 1401.4
1271600 1401.4
1271610 1397.6
1271620 1396.8
1271630 1396.8
1271640 1400.1
1271650 1398.0
1271660 1398.0
1271670 1391.1
1271680 1384.1
1271690 1384.1
1271700 1378.0
1271710 1372.5
1271720 1367.1
1271730 1367.1
1271740 1357.9
1271750 1353.9
1271760 1353.9
1271770 1349.5
1271780 1343.4
1271790 1343.4
1271800 1335.1
1271810 1327.4
1271820 1327.4
1271830 1320.8
1271840 1313.1
1271850 1313.1
1271860 1306.6
1271870 1307.0
1271880 1307.0
1271890 1313.5
1271900 1323.0
1271910 1323.0
1271920 1333.0
1271930 1340.5
1271940 1340.5
1271950 1344.2
1271960 1347.4
1271970 1347.4
1271980 1350.5
1271990 1354.6
1272000 1354.6
1272010 1359.3
1272020 1364.6
1272030 1370.1
1272040 1370.1
1272050 1376.1
1272060 1382.5
1272070 1382.5
1272080 1388.7
1272090 1394.5
1272100 1394.5
1272110 1400.2
1272120 1406.0
1272130 1406.0
1272140 1411.1
1272150 1416.5
1272160 1416.5
1272170 1422.1
1272180 1429.0
1272190 1429.0
1272200 1437.7
1272210 1449.2
1272220 1449.2
1272230 1462.5
1272240 1475.9
1272250 1475.9
1272260 1486.9
1272270 1495.1
1272280 1495.1
1272290 1502.8
1272300 1511.1
1272310 1521.0
1272320 1521.0
1272330 1531.7
1272340 1543.4
1272350 1543.4
1272360 1550.9
1272370 1562.4
1272380 1562.4
1272390 1576.1
1272400 1595.6
1272410 1595.6
1272420 1617.8
1272430 1637.5
1272440 1637.5
1272450 1660.3
1272460 1668.7
1272470 1668.7
1272480 1674.9
1272490 1684.2
1272500 1684.2
1272510 1690.6
1272520 1695.9
1272530 1695.9
1272540 1701.7
1272550 1708.2
1272560 1708.2
1272570 1718.5
1272580 1737.3
1272590 1737.3
1272600 1756.3
1272610 1767.1
1272620 1774.2
1272630 1774.2
1272640 1781.7
1272650 1789.5
1272660 1789.5
1272670 1797.9
1272680 1807.0
1272690 1807.0
1272700 1817.0
1272710 1827.1
1272720 1827.1
1272730 1835.1
1272740 1843.2
1272750 1843.2
1272760 1851.7
1272770 1861.6
1272780 1861.6
1272790 1871.4
1272800 1879.0
1272810 1879.0
1272820 1887.6
1272830 1892.6
1272840 1892.6
1272850 1897.9
1272860 1902.7
1272870 1902.7
1272880 1908.8
1272890 1915.1
1272900 1920.6
1272910 1920.6
1272920 1926.5
1272930 1931.8
1272940 1931.8
1272950 1941.4
1272960 1945.8
1272970 1945.8
1272980 1951.5
1272990 1956.8
1273000 1956.8
1273010 1963.2
1273020 1966.5
1273030 1966.5
1273040 1970.7
1273050 1975.7
1273060 1975.7
1273070 1979.4
1273080 1983.2
1273090 1983.2
1273100 1985.0
1273110 1985.8
1273120 1985.8
1273130 1988.4
1273140 1991.2
1273150 1991.2
1273160 1993.1
1273170 1993.8
1273180 1993.8
1273190 1993.6
1273200 1994.0
1273210 1994.9
1273220 1994.9
1273230 1995.3
1273240 1995.8
1273250 1995.8
1273260 1996.1
1273270 1994.7
1273280 1994.7
1273290 1993.5
1273300 1991.6
1273310 1991.6
1273320 1990.7
1273330 1990.6
1273340 1990.6
1273350 1991.6
1273360 1993.3
1273370 1993.3
1273380 1995.1
1273390 1997.0
1273400 1997.0
1273410 1998.5
1273420 1999.1
1273430 1999.1
1273440 1998.8
1273450 1997.5
1273460 1997.5
1273470 1996.5
1273480 1996.1
1273490 1995.4
1273500 1995.4
1273510 1995.2
1273520 1992.7
1273530 1992.7
1273540 1992.2
1273550 1988.0
1273560 1988.0
1273570 1988.2
1273580 1988.3
1273590 1988.3
1273600 1986.8
1273610 1985.4
1273620 1985.4
1273630 1985.3
1273640 1985.7
1273650 1985.7
1273660 1986.2
1273670 1985.9
1273680 1985.9
1273690 1983.3
1273700 1976.4
1273710 1976.4
1273720 1968.4
1273730 1962.5
1273740 1962.5
1273750 1954.7
1273760 1945.7
1273770 1945.7
1273780 1937.5
1273790 1932.3
1273800 1931.4
1273810 1931.4
1273820 1930.5
1273830 1927.3
1273840 1927.3
1273850 1920.5
1273860 1912.8
1273870 1912.8
1273880 1906.5
1273890 1900.4
1273900 1900.4
1273910 1893.8
1273920 1885.6
1273930 1885.6
1273940 1878.5
1273950 1870.3
1273960 1870.3
1273970 1859.7
1273980 1849.8
1273990 1849.8
1274000 1842.7
1274010 1835.6
1274020 1835.6
1274030 1826.9
1274040 1818.7
1274050 1818.7
1274060 1808.9
1274070 1796.9
1274080 1785.4
1274090 1785.4
1274100 1779.1
1274110 1775.4
1274120 1775.4
1274130 1771.5
1274140 1766.0
1274150 1766.0
1274160 1758.3
1274170 1753.9
1274180 1753.9
1274190 1745.5
1274200 1735.3
1274210 1735.3
1274220 1730.2
1274230 1726.2
1274240 1726.2
1274250 1723.1
1274260 1716.7
1274270 1716.7
1274280 1706.1
1274290 1694.2
1274300 1694.2
1274310 1684.9
1274320 1676.1
1274330 1676.1
1274340 1666.2
1274350 1656.0
1274360 1656.0
1274370 1646.4
1274380 1638.7
1274390 1631.6
1274400 1631.6
1274410 1622.1
1274420 1613.5
1274430 1613.5
1274440 1605.4
1274450 1597.4
1274460 1597.4
1274470 1585.0
1274480 1569.0
1274490 1569.0
1274500 1560.7
1274510 1550.7
1274520 1550.7
1274530 1531.0
1274540 1520.7
1274550 1520.7
1274560 1516.4
1274570 1511.8
1274580 1511.8
1274590 1508.6
1274600 1502.6
1274610 1502.6
1274620 1495.5
1274630 1488.8
1274640 1488.8
1274650 1479.4
1274660 1473.8
1274670 1471.3
1274680 1471.3
1274690 1469.4
1274700 1467.4
1274710 1467.4
1274720 1464.4
1274730 1460.2
1274740 1460.2
1274750 1456.2
1274760 1452.1
1274770 1452.1
1274780 1450.5
1274790 1449.5
1274800 1449.5
1274810 1448.2
1274820 1442.3
1274830 1442.3
1274840 1435.3
1274850 1446.2
1274860 1446.2
1274870 1455.8
1274880 1463.8
1274890 1463.8
1274900 1471.4
1274910 1475.1
1274920 1475.1
1274930 1474.3
1274940 1474.6
1274950 1474.6
1274960 1477.3
1274970 1481.4
1274980 1485.7
1274990 1485.7
1275000 1490.9
1275010 1496.2
1275020 1496.2
1275030 1501.3
1275040 1506.5
1275050 1506.5
1275060 1512.1
1275070 1517.3
1275080 1517.3
1275090 1522.1
1275100 1527.7
1275110 1527.7
1275120 1533.1
1275130 1538.6
1275140 1538.6
1275150 1547.7
1275160 1557.7
1275170 1557.7
1275180 1567.2
1275190 1577.4
1275200 1577.4
1275210 1587.3
1275220 1598.1
1275230 1598.1
1275240 1609.6
1275250 1620.5
1275260 1620.5
1275270 1630.0
1275280 1639.0
1275290 1648.7
1275300 1648.7
1275310 1657.4
1275320 1661.1
1275330 1661.1
1275340 1667.4
1275350 1674.9
1275360 1674.9
1275370 1681.3
1275380 1689.8
1275390 1689.8
1275400 1697.5
1275410 1703.4
1275420 1703.4
1275430 1710.1
1275440 1717.4
1275450 1717.4
1275460 1724.9
1275470 1744.5
1275480 1744.5
1275490 1795.2
1275500 1820.4
1275510 1820.4
1275520 1832.9
1275530 1839.8
1275540 1839.8
1275550 1847.4
1275560 1853.9
1275570 1857.1
1275580 1857.1
1275590 1859.4
1275600 1862.8
1275610 1862.8
1275620 1867.5
1275630 1872.4
1275640 1872.4
1275650 1877.2
1275660 1882.8
1275670 1882.8
1275680 1889.0
1275690 1894.9
1275700 1894.9
1275710 1900.5
1275720 1907.3
1275730 1907.3
1275740 1913.3
1275750 1919.2
1275760 1919.2
1275770 1925.9
1275780 1933.6
1275790 1933.6
1275800 1940.3
1275810 1946.5
1275820 1946.5
1275830 1955.0
1275840 1962.5
1275850 1962.5
1275860 1969.7
1275870 1976.0
1275880 1981.5
1275890 1981.5
1275900 1988.3
1275910 1995.3
1275920 1995.3
1275930 2003.1
1275940 2010.3
1275950 2010.3
1275960 2016.9
1275970 2024.8
1275980 2032.2
1275990 2041.5
1276000 2049.3
1276010 2049.3
1276020 2056.2
1276030 2063.3
1276040 2063.3
1276050 2070.2
1276060 2077.5
1276070 2077.5
1276080 2086.6
1276090 2095.5
1276100 2095.5
1276110 2103.1
1276120 2110.9
1276130 2110.9
1276140 2121.2
1276150 2131.4
1276160 2136.9
1276170 2136.9
1276180 2142.0
1276190 2147.7
1276200 2147.7
1276210 2151.7
1276220 2152.6
1276230 2152.6
1276240 2154.0
1276250 2157.7
1276260 2157.7
1276270 2161.9
1276280 2165.2
1276290 2165.2
1276300 2167.0
1276310 2168.3
1276320 2168.3
1276330 2168.5
1276340 2167.6
1276350 2167.6
1276360 2165.9
1276370 2169.0
1276380 2169.0
1276390 2175.0
1276400 2181.3
1276410 2181.3
1276420 2187.7
1276430 2193.3
1276440 2193.3
1276450 2197.1
1276460 2198.3
1276470 2202.6
1276480 2202.6
1276490 2207.9
1276500 2213.2
1276510 2213.2
1276520 2218.7
1276530 2218.7
1276540 2218.7
1276550 2212.8
1276560 2207.4
1276570 2207.4
1276580 2206.3
1276590 2193.3
1276600 2193.3
1276610 2186.7
1276620 2179.1
1276630 2179.1
1276640 2175.1
1276650 2170.7
1276660 2170.7
1276670 2170.1
1276680 2167.4
1276690 2167.4
1276700 2165.1
1276710 2166.7
1276720 2166.7
1276730 2167.1
1276740 2164.9
1276750 2165.9
1276760 2165.9
1276770 2170.0
1276780 2178.7
1276790 2178.7
1276800 2184.8
1276810 2188.1
1276820 2188.1
1276830 2190.4
1276840 2195.4
1276850 2195.4
1276860 2200.8
1276870 2207.1
1276880 2207.1
1276890 2213.7
1276900 2219.7
1276910 2219.7
1276920 2224.3
1276930 2230.3
1276940 2230.3
1276950 2236.9
1276960 2243.2
1276970 2243.2
1276980 2249.5
1276990 2255.4
1277000 2255.4
1277010 2260.9
1277020 2265.2
1277030 2265.2
1277040 2266.2
1277050 2267.0
1277060 2264.9
1277070 2264.9
1277080 2255.7
1277090 2247.2
1277100 2247.2
1277110 2239.5
1277120 2234.1
1277130 2234.1
1277140 2232.5
1277150 2236.2
1277160 2236.2
1277170 2240.4
1277180 2232.1
1277190 2232.1
1277200 2228.3
1277210 2218.4
1277220 2218.4
1277230 2215.4
1277240 2214.1
1277250 2214.1
1277260 2214.2
1277270 2214.8
1277280 2214.8
1277290 2217.9
1277300 2223.2
1277310 2223.2
1277320 2230.1
1277330 2232.8
1277340 2227.7
1277350 2227.7
1277360 2222.9
1277370 2220.5
1277380 2220.5
1277390 2214.5
1277400 2208.9
1277410 2208.9
1277420 2204.9
1277430 2203.5
1277440 2203.5
1277450 2208.3
1277460 2212.4
1277470 2212.4
1277480 2214.8
1277490 2216.7
1277500 2216.7
1277510 2215.2
1277520 2215.0
1277530 2215.0
1277540 2219.6
1277550 2225.9
1277560 2225.9
1277570 2231.3
1277580 2235.3
1277590 2235.3
1277600 2239.5
1277610 2244.3
1277620 2244.3
1277630 2250.4
1277640 2257.7
1277650 2264.9
1277660 2264.9
1277670 2271.2
1277680 2277.2
1277690 2277.2
1277700 2284.3
1277710 2291.1
1277720 2291.1
1277730 2295.8
1277740 2298.4
1277750 2298.4
1277760 2300.2
1277770 2301.3
1277780 2301.3
1277790 2303.2
1277800 2305.7
1277810 2305.7
1277820 2299.6
1277830 2299.9
1277840 2299.9
1277850 2290.9
1277860 2275.4
1277870 2275.4
1277880 2252.6
1277890 2234.6
1277900 2234.6
1277910 2219.5
1277920 2209.3
1277930 2203.2
1277940 2203.2
1277950 2198.7
1277960 2194.7
1277970 2194.7
1277980 2187.1
1277990 2175.7
1278000 2175.7
1278010 2163.4
1278020 2150.2
1278030 2150.2
1278040 2140.6
1278050 2134.4
1278060 2134.4
1278070 2131.5
1278080 2119.4
1278090 2119.4
1278100 2109.1
1278110 2101.4
1278120 2101.4
1278130 2071.6
1278140 2037.1
1278150 2037.1
1278160 2023.4
1278170 2017.3
1278180 2017.3
1278190 2014.4
1278200 2011.4
1278210 2011.4
1278220 2004.7
1278230 1999.5
1278240 1995.8
1278250 1995.8
1278260 1990.4
1278270 1984.2
1278280 1984.2
1278290 1979.6
1278300 1976.5
1278310 1976.5
1278320 1974.8
1278330 1974.6
1278340 1974.6
1278350 1973.9
1278360 1972.2
1278370 1972.2
1278380 1970.4
1278390 1969.7
1278400 1969.7
1278410 1969.2
1278420 1969.3
1278430 1969.3
1278440 1960.9
1278450 1958.3
1278460 1958.3
1278470 1957.7
1278480 1957.8
1278490 1957.8
1278500 1961.4
1278510 1967.1
1278520 1972.6
1278530 1972.6
1278540 1975.4
1278550 1977.0
1278560 1977.0
1278570 1979.9
1278580 1983.3
1278590 1983.3
1278600 1987.6
1278610 1990.5
1278620 1990.5
1278630 1993.1
1278640 1994.4
1278650 1994.4
1278660 1994.5
1278670 1996.0
1278680 1996.0
1278690 1997.8
1278700 2000.0
1278710 2000.0
1278720 2002.9
1278730 2006.7
1278740 2006.7
1278750 2010.7
1278760 2014.8
1278770 2014.8
1278780 2019.9
1278790 2025.9
1278800 2025.9
1278810 2032.3
1278820 2038.7
1278830 2046.7
1278840 2046.7
1278850 2057.7
1278860 2072.2
1278870 2072.2
1278880 2092.3
1278890 2106.6
1278900 2106.6
1278910 2116.0
1278920 2124.3
1278930 2124.3
1278940 2132.6
1278950 2141.1
1278960 2141.1
1278970 2149.6
1278980 2159.0
1278990 2159.0
1279000 2166.0
1279010 2171.4
1279020 2171.4
1279030 2174.2
1279040 2173.4
1279050 2173.4
1279060 2157.7
1279070 2150.1
1279080 2150.1
1279090 2146.0
1279100 2141.3
1279110 2136.3
1279120 2136.3
1279130 2131.8
1279140 2126.7
1279150 2126.7
1279160 2120.0
1279170 2111.1
1279180 2111.1
1279190 2098.8
1279200 2074.0
1279210 2074.0
1279220 2058.2
1279230 2052.2
1279240 2052.2
1279250 2047.0
1279260 2041.8
1279270 2041.8
1279280 2037.1
1279290 2033.1
1279300 2033.1
1279310 2030.6
1279320 2028.2
1279330 2028.2
1279340 2024.8
1279350 2020.7
1279360 2020.7
1279370 2015.8
1279380 2004.7
1279390 2004.7
1279400 1999.5
1279410 1995.8
1279420 1990.9
1279430 1990.9
1279440 1990.6
1279450 1991.3
1279460 1991.3
1279470 1991.2
1279480 1987.5
1279490 1987.5
1279500 1989.8
1279510 1999.0
1279520 1999.0
1279530 2005.3
1279540 2009.8
1279550 2009.8
1279560 2012.4
1279570 2011.6
1279580 2011.6
1279590 2009.1
1279600 2010.5
1279610 2010.5
1279620 2015.3
1279630 2017.6
1279640 2017.6
1279650 2017.3
1279660 2016.1
1279670 2016.1
1279680 2010.5
1279690 2011.7
1279700 2015.1
1279710 2015.1
1279720 2018.7
1279730 2022.5
1279740 2022.5
1279750 2025.6
1279760 2028.2
1279770 2028.2
1279780 2032.6
1279790 2038.8
1279800 2038.8
1279810 2043.5
1279820 2047.2
1279830 2047.2
1279840 2051.6
1279850 2055.6
1279860 2055.6
1279870 2061.0
1279880 2066.7
1279890 2066.7
1279900 2071.5
1279910 2074.8
1279920 2074.8
1279930 2076.0
1279940 2078.2
1279950 2078.2
1279960 2082.2
1279970 2085.4
1279980 2085.4
1279990 2088.8
