1260000 1334.1
1260010 1335.2
1260020 1335.2
1260030 1335.3
1260040 1334.7
1260050 1334.7
1260060 1331.2
1260070 1323.9
1260080 1323.9
1260090 1319.7
1260100 1326.5
1260110 1332.0
1260120 1332.0
1260130 1335.1
1260140 1335.3
1260150 1335.3
1260160 1335.0
1260170 1335.6
1260180 1335.6
1260190 1335.6
1260200 1334.3
1260210 1334.3
1260220 1332.5
1260230 1333.2
1260240 1333.2
1260250 1333.3
1260260 1332.9
1260270 1332.9
1260280 1326.2
1260290 1326.4
1260300 1326.4
1260310 1325.5
1260320 1323.2
1260330 1323.2
1260340 1320.5
1260350 1317.6
1260360 1317.6
1260370 1314.7
1260380 1312.1
1260390 1312.1
1260400 1309.7
1260410 1306.4
1260420 1301.8
1260430 1301.8
1260440 1297.4
1260450 1295.3
1260460 1295.3
1260470 1294.1
1260480 1291.7
1260490 1291.7
1260500 1289.0
1260510 1286.2
1260520 1286.2
1260530 1283.1
1260540 1279.9
1260550 1279.9
1260560 1276.8
1260570 1273.1
1260580 1273.1
1260590 1269.3
1260600 1266.3
1260610 1266.3
1260620 1263.1
1260630 1259.5
1260640 1259.5
1260650 1255.8
1260660 1252.0
1260670 1252.0
1260680 1248.2
1260690 1244.9
1260700 1244.9
1260710 1241.4
1260720 1236.7
1260730 1230.4
1260740 1230.4
1260750 1223.0
1260760 1215.6
1260770 1215.6
1260780 1206.0
1260790 1195.5
1260800 1195.5
1260810 1185.9
1260820 1179.4
1260830 1179.4
1260840 1178.0
1260850 1168.9
1260860 1168.9
1260870 1163.3
1260880 1155.2
1260890 1155.2
1260900 1148.8
1260910 1152.5
1260920 1152.5
1260930 1159.4
1260940 1164.0
1260950 1164.0
1260960 1164.4
1260970 1162.0
1260980 1162.0
1260990 1158.8
1261000 1152.6
1261010 1150.8
1261020 1150.8
1261030 1154.1
1261040 1153.2
1261050 1153.2
1261060 1149.0
1261070 1148.0
1261080 1148.0
1261090 1151.5
1261100 1154.8
1261110 1154.8
1261120 1155.7
1261130 1153.0
1261140 1153.0
1261150 1147.2
1261160 1138.9
1261170 1138.9
1261180 1131.1
1261190 1123.9
1261200 1123.9
1261210 1117.1
1261220 1110.7
1261230 1110.7
1261240 1106.5
1261250 1105.2
1261260 1105.2
1261270 1104.3
1261280 1102.5
1261290 1102.5
1261300 1100.0
1261310 1097.3
1261320 1094.7
1261330 1094.7
1261340 1092.7
1261350 1090.6
1261360 1090.6
1261370 1088.2
1261380 1086.8
1261390 1086.8
1261400 1088.3
1261410 1092.6
1261420 1086.2
1261430 1091.0
1261440 1095.8
1261450 1095.8
1261460 1100.6
1261470 1104.8
1261480 1104.8
1261490 1111.0
1261500 1117.2
1261510 1117.2
1261520 1119.5
1261530 1119.4
1261540 1119.4
1261550 1119.0
1261560 1118.5
1261570 1118.5
1261580 1117.9
1261590 1117.4
1261600 1117.0
1261610 1117.0
1261620 1116.1
1261630 1114.4
1261640 1114.4
1261650 1113.7
1261660 1113.6
1261670 1113.6
1261680 1113.0
1261690 1112.3
1261700 1112.3
1261710 1109.2
1261720 1104.7
1261730 1104.7
1261740 1103.2
1261750 1105.1
1261760 1105.1
1261770 1107.2
1261780 1108.6
1261790 1108.6
1261800 1108.7
1261810 1108.2
1261820 1108.2
1261830 1108.0
1261840 1105.5
1261850 1105.5
1261860 1100.1
1261870 1101.6
1261880 1101.6
1261890 1101.4
1261900 1094.2
1261910 1089.6
1261920 1089.6
1261930 1095.4
1261940 1103.3
1261950 1103.3
1261960 1106.7
1261970 1106.9
1261980 1106.9
1261990 1099.4
1262000 1095.1
1262010 1095.1
1262020 1094.6
1262030 1101.2
1262040 1101.2
1262050 1107.0
1262060 1108.0
1262070 1108.0
1262080 1108.9
1262090 1109.8
1262100 1109.8
1262110 1110.7
1262120 1111.4
1262130 1111.4
1262140 1111.9
1262150 1112.2
1262160 1112.2
1262170 1112.5
1262180 1112.7
1262190 1112.9
1262200 1112.9
1262210 1113.6
1262220 1113.7
1262230 1113.7
1262240 1111.7
1262250 1113.1
1262260 1113.1
1262270 1116.3
1262280 1117.4
1262290 1117.4
1262300 1116.5
1262310 1115.2
1262320 1115.2
1262330 1116.9
1262340 1117.7
1262350 1117.7
1262360 1118.2
1262370 1118.3
1262380 1118.3
1262390 1118.6
1262400 1115.4
1262410 1115.4
1262420 1108.4
1262430 1100.9
1262440 1100.9
1262450 1093.3
1262460 1085.7
1262470 1085.7
1262480 1078.9
1262490 1072.3
1262500 1067.2
1262510 1067.2
1262520 1064.0
1262530 1062.3
1262540 1062.3
1262550 1059.8
1262560 1059.1
1262570 1061.8
1262580 1065.8
1262590 1070.3
1262600 1070.3
1262610 1076.4
1262620 1082.4
1262630 1082.4
1262640 1088.0
1262650 1094.0
1262660 1094.0
1262670 1100.4
1262680 1107.5
1262690 1107.5
1262700 1114.6
1262710 1118.6
1262720 1118.6
1262730 1118.9
1262740 1121.1
1262750 1121.1
1262760 1125.1
1262770 1125.8
1262780 1125.8
1262790 1125.6
1262800 1125.2
1262810 1124.7
1262820 1124.7
1262830 1125.8
1262840 1126.5
1262850 1126.5
1262860 1125.7
1262870 1124.6
1262880 1124.6
1262890 1123.6
1262900 1122.4
1262910 1122.4
1262920 1121.1
1262930 1119.8
1262940 1119.8
1262950 1118.6
1262960 1117.3
1262970 1117.3
1262980 1115.7
1262990 1114.1
1263000 1114.1
1263010 1112.8
1263020 1111.4
1263030 1111.4
1263040 1109.9
1263050 1108.7
1263060 1108.7
1263070 1107.5
1263080 1106.3
1263090 1105.1
1263100 1105.1
1263110 1104.2
1263120 1104.9
1263130 1104.9
1263140 1105.1
1263150 1106.2
1263160 1106.2
1263170 1107.0
1263180 1107.6
1263190 1107.6
1263200 1108.2
1263210 1106.9
1263220 1106.9
1263230 1103.9
1263240 1104.9
1263250 1104.9
1263260 1110.1
1263270 1114.1
1263280 1114.1
1263290 1115.8
1263300 1117.4
1263310 1117.4
1263320 1118.4
1263330 1119.4
1263340 1119.4
1263350 1121.6
1263360 1124.0
1263370 1124.0
1263380 1126.4
1263390 1128.8
1263400 1130.7
1263410 1130.7
1263420 1131.6
1263430 1131.3
1263440 1131.3
1263450 1129.0
1263460 1126.2
1263470 1126.2
1263480 1125.1
1263490 1125.0
1263500 1125.0
1263510 1125.0
1263520 1127.6
1263530 1127.6
1263540 1133.4
1263550 1137.8
1263560 1137.8
1263570 1139.1
1263580 1139.5
1263590 1139.5
1263600 1140.0
1263610 1141.1
1263620 1141.1
1263630 1141.0
1263640 1140.1
1263650 1140.1
1263660 1142.8
1263670 1145.3
1263680 1146.2
1263690 1146.2
1263700 1144.9
1263710 1141.4
1263720 1134.5
1263730 1130.4
1263740 1132.9
1263750 1132.9
1263760 1140.0
1263770 1143.1
1263780 1143.1
1263790 1144.8
1263800 1147.4
1263810 1147.4
1263820 1150.4
1263830 1149.9
1263840 1149.9
1263850 1148.0
1263860 1148.4
1263870 1148.4
1263880 1150.4
1263890 1154.2
1263900 1154.2
1263910 1160.4
1263920 1166.2
1263930 1166.2
1263940 1169.9
1263950 1172.4
1263960 1172.4
1263970 1173.4
1263980 1171.3
1263990 1168.7
1264000 1168.7
1264010 1167.0
1264020 1167.3
1264030 1167.3
1264040 1169.0
1264050 1171.7
1264060 1171.7
1264070 1173.3
1264080 1173.5
1264090 1173.5
1264100 1174.3
1264110 1177.1
1264120 1177.1
1264130 1181.7
1264140 1185.3
1264150 1185.3
1264160 1188.5
1264170 1189.6
1264180 1189.6
1264190 1187.7
1264200 1187.9
1264210 1187.9
1264220 1190.0
1264230 1193.4
1264240 1193.4
1264250 1197.0
1264260 1200.5
1264270 1205.3
1264280 1205.3
1264290 1210.1
1264300 1207.7
1264310 1207.7
1264320 1210.2
1264330 1211.5
1264340 1211.5
1264350 1211.0
1264360 1209.4
1264370 1209.4
1264380 1208.0
1264390 1210.0
1264400 1210.0
1264410 1212.7
1264420 1215.1
1264430 1215.1
1264440 1217.2
1264450 1219.1
1264460 1219.1
1264470 1220.8
1264480 1223.5
1264490 1223.5
1264500 1224.9
1264510 1221.9
1264520 1221.9
1264530 1218.8
1264540 1219.9
1264550 1219.9
1264560 1220.3
1264570 1217.9
1264580 1214.6
1264590 1214.6
1264600 1210.7
1264610 1208.8
1264620 1208.8
1264630 1208.8
1264640 1209.5
1264650 1209.5
1264660 1210.2
1264670 1211.5
1264680 1211.5
1264690 1214.4
1264700 1218.6
1264710 1218.6
1264720 1218.3
1264730 1213.1
1264740 1213.1
1264750 1202.7
1264760 1189.2
1264770 1189.2
1264780 1182.7
1264790 1187.9
1264800 1187.9
1264810 1204.8
1264820 1210.6
1264830 1210.6
1264840 1215.5
1264850 1222.1
1264860 1230.0
1264870 1230.0
1264880 1242.2
1264890 1251.0
1264900 1251.0
1264910 1257.0
1264920 1262.0
1264930 1262.0
1264940 1262.5
1264950 1260.2
1264960 1260.2
1264970 1261.9
1264980 1266.0
1264990 1266.0
1265000 1271.8
1265010 1279.4
1265020 1279.4
1265030 1287.0
1265040 1292.0
1265050 1292.0
1265060 1296.2
1265070 1299.6
1265080 1299.6
1265090 1302.7
1265100 1305.3
1265110 1305.3
1265120 1307.0
1265130 1308.4
1265140 1308.4
1265150 1310.2
1265160 1311.7
1265170 1312.7
1265180 1312.7
1265190 1313.8
1265200 1317.7
1265210 1317.7
1265220 1321.5
1265230 1324.5
1265240 1324.5
1265250 1327.4
1265260 1330.3
1265270 1330.3
1265280 1332.8
1265290 1334.7
1265300 1334.7
1265310 1335.6
1265320 1337.2
1265330 1337.2
1265340 1338.9
1265350 1339.1
1265360 1339.1
1265370 1338.6
1265380 1342.4
1265390 1342.4
1265400 1350.2
1265410 1357.1
1265420 1357.1
1265430 1362.0
1265440 1366.1
1265450 1366.1
1265460 1365.1
1265470 1368.7
1265480 1370.4
1265490 1370.4
1265500 1369.9
1265510 1370.2
1265520 1370.2
1265530 1371.2
1265540 1369.5
1265550 1369.5
1265560 1368.7
1265570 1371.4
1265580 1371.4
1265590 1375.0
1265600 1379.0
1265610 1379.0
1265620 1385.7
1265630 1391.2
1265640 1391.2
1265650 1395.6
1265660 1399.6
1265670 1399.6
1265680 1402.3
1265690 1403.9
1265700 1403.9
1265710 1406.5
1265720 1409.9
1265730 1409.9
1265740 1414.0
1265750 1417.9
1265760 1421.5
1265770 1421.5
1265780 1425.8
1265790 1431.0
1265800 1431.0
1265810 1435.7
1265820 1439.6
1265830 1439.6
1265840 1441.9
1265850 1443.8
1265860 1443.8
1265870 1445.6
1265880 1446.6
1265890 1446.6
1265900 1447.7
1265910 1447.7
1265920 1447.7
1265930 1446.8
1265940 1448.5
1265950 1448.5
1265960 1454.9
1265970 1459.2
1265980 1459.2
1265990 1460.3
1266000 1462.2
1266010 1462.2
1266020 1464.2
1266030 1465.4
1266040 1457.4
1266050 1457.6
1266060 1458.8
1266070 1461.2
1266080 1461.2
1266090 1463.4
1266100 1465.1
1266110 1465.1
1266120 1467.0
1266130 1469.7
1266140 1469.7
1266150 1473.5
1266160 1477.9
1266170 1477.9
1266180 1483.9
1266190 1492.1
1266200 1492.1
1266210 1500.2
1266220 1507.0
1266230 1507.0
1266240 1509.8
1266250 1510.9
1266260 1510.9
1266270 1511.9
1266280 1512.8
1266290 1512.8
1266300 1513.5
1266310 1516.4
1266320 1516.4
1266330 1518.9
1266340 1520.4
1266350 1520.2
1266360 1520.2
1266370 1518.0
1266380 1514.1
1266390 1514.1
1266400 1511.0
1266410 1511.1
1266420 1511.1
1266430 1514.2
1266440 1516.4
1266450 1516.4
1266460 1517.8
1266470 1518.4
1266480 1518.4
1266490 1518.9
1266500 1520.2
1266510 1520.2
1266520 1523.3
1266530 1526.3
1266540 1526.3
1266550 1527.1
1266560 1526.3
1266570 1526.3
1266580 1527.2
1266590 1529.5
1266600 1529.5
1266610 1534.1
1266620 1531.1
1266630 1531.1
1266640 1533.3
1266650 1535.2
1266660 1538.0
1266670 1538.0
1266680 1540.9
1266690 1543.7
1266700 1543.7
1266710 1545.6
1266720 1546.3
1266730 1546.3
1266740 1544.7
1266750 1547.2
1266760 1547.2
1266770 1549.5
1266780 1550.3
1266790 1550.3
1266800 1549.8
1266810 1549.3
1266820 1549.3
1266830 1549.0
1266840 1543.8
1266850 1543.8
1266860 1536.4
1266870 1537.0
1266880 1537.0
1266890 1539.8
1266900 1543.3
1266910 1543.3
1266920 1544.8
1266930 1546.5
1266940 1549.4
1266950 1549.4
1266960 1550.9
1266970 1554.0
1266980 1554.0
1266990 1558.5
1267000 1561.0
1267010 1561.0
1267020 1562.1
1267030 1562.6
1267040 1562.6
1267050 1562.4
1267060 1562.0
1267070 1562.0
1267080 1561.4
1267090 1561.7
1267100 1561.7
1267110 1561.9
1267120 1561.4
1267130 1561.4
1267140 1560.3
1267150 1559.8
1267160 1559.8
1267170 1559.9
1267180 1557.9
1267190 1557.9
1267200 1558.1
1267210 1552.5
1267220 1552.5
1267230 1551.5
1267240 1550.0
1267250 1549.3
1267260 1549.3
1267270 1548.0
1267280 1546.4
1267290 1546.4
1267300 1543.2
1267310 1541.8
1267320 1541.8
1267330 1538.9
1267340 1534.8
1267350 1534.8
1267360 1531.8
1267370 1528.9
1267380 1528.9
1267390 1525.4
1267400 1521.8
1267410 1521.8
1267420 1518.4
1267430 1513.4
1267440 1513.4
1267450 1507.4
1267460 1501.8
1267470 1501.8
1267480 1496.0
1267490 1491.5
1267500 1491.5
1267510 1487.2
1267520 1481.2
1267530 1469.3
1267540 1469.3
1267550 1457.4
1267560 1447.1
1267570 1447.1
1267580 1417.5
1267590 1404.7
1267600 1404.7
1267610 1387.3
1267620 1365.0
1267630 1365.0
1267640 1345.6
1267650 1332.5
1267660 1332.5
1267670 1318.9
1267680 1311.0
1267690 1311.0
1267700 1304.1
1267710 1297.5
1267720 1297.5
1267730 1291.5
1267740 1285.9
1267750 1285.9
1267760 1280.3
1267770 1274.1
1267780 1274.1
1267790 1267.7
1267800 1260.3
1267810 1260.3
1267820 1253.8
1267830 1247.4
1267840 1241.1
1267850 1241.1
1267860 1234.7
1267870 1228.3
1267880 1228.3
1267890 1221.7
1267900 1214.6
1267910 1214.6
1267920 1207.3
1267930 1202.1
1267940 1202.1
1267950 1204.6
1267960 1209.7
1267970 1209.7
1267980 1215.1
1267990 1221.2
1268000 1221.2
1268010 1227.1
1268020 1234.0
1268030 1234.0
1268040 1241.2
1268050 1248.9
1268060 1248.9
1268070 1256.6
1268080 1265.2
1268090 1265.2
1268100 1274.5
1268110 1285.9
1268120 1285.9
1268130 1296.1
1268140 1304.6
1268150 1312.5
1268160 1312.5
1268170 1320.5
1268180 1329.0
1268190 1329.0
1268200 1335.8
1268210 1342.6
1268220 1342.6
1268230 1350.4
1268240 1358.7
1268250 1358.7
1268260 1366.5
1268270 1375.2
1268280 1375.2
1268290 1385.7
1268300 1399.0
1268310 1399.0
1268320 1413.3
1268330 1434.5
1268340 1434.5
1268350 1455.1
1268360 1467.3
1268370 1467.3
1268380 1477.9
1268390 1489.2
1268400 1489.2
1268410 1496.4
1268420 1502.6
1268430 1508.7
1268440 1508.7
1268450 1515.2
1268460 1522.4
1268470 1522.4
1268480 1529.8
1268490 1539.7
1268500 1539.7
1268510 1549.3
1268520 1554.7
1268530 1554.7
1268540 1559.1
1268550 1564.1
1268560 1564.1
1268570 1569.8
1268580 1576.4
1268590 1576.4
1268600 1585.4
1268610 1591.2
1268620 1591.2
1268630 1593.5
1268640 1595.0
1268650 1595.0
1268660 1595.7
1268670 1596.7
1268680 1596.7
1268690 1597.9
1268700 1598.6
1268710 1598.6
1268720 1600.3
1268730 1603.1
1268740 1606.5
1268750 1606.5
1268760 1609.6
1268770 1613.6
1268780 1613.6
1268790 1616.7
1268800 1619.3
1268810 1619.3
1268820 1623.0
1268830 1627.0
1268840 1627.0
1268850 1630.2
1268860 1632.4
1268870 1632.4
1268880 1633.5
1268890 1635.4
1268900 1635.4
1268910 1637.2
1268920 1638.7
1268930 1638.7
1268940 1640.3
1268950 1641.7
1268960 1641.7
1268970 1642.3
1268980 1635.5
1268990 1635.5
1269000 1635.9
1269010 1636.7
1269020 1636.8
1269030 1636.8
1269040 1638.0
1269050 1640.0
1269060 1640.0
1269070 1641.6
1269080 1643.4
1269090 1643.4
1269100 1645.6
1269110 1648.8
1269120 1648.8
1269130 1652.7
1269140 1656.4
1269150 1656.4
1269160 1659.6
1269170 1662.7
1269180 1662.7
1269190 1665.8
1269200 1669.0
1269210 1669.0
1269220 1672.3
1269230 1674.5
1269240 1674.5
1269250 1675.9
1269260 1677.4
1269270 1677.4
1269280 1678.0
1269290 1676.6
1269300 1676.6
1269310 1676.3
1269320 1678.5
1269330 1681.4
1269340 1681.4
1269350 1683.5
1269360 1681.5
1269370 1681.5
1269380 1680.5
1269390 1681.2
1269400 1681.2
1269410 1682.9
1269420 1684.3
1269430 1684.3
1269440 1683.0
1269450 1680.3
1269460 1680.3
1269470 1674.4
1269480 1670.2
1269490 1670.2
1269500 1666.3
1269510 1656.4
1269520 1656.4
1269530 1651.5
1269540 1646.1
1269550 1646.1
1269560 1646.4
1269570 1641.5
1269580 1641.5
1269590 1643.6
1269600 1643.8
1269610 1643.3
1269620 1643.3
1269630 1641.3
1269640 1641.0
1269650 1641.0
1269660 1644.1
1269670 1650.0
1269680 1650.0
1269690 1657.5
1269700 1663.2
1269710 1663.2
1269720 1666.4
1269730 1670.5
1269740 1670.5
1269750 1674.2
1269760 1675.8
1269770 1675.8
1269780 1676.1
1269790 1661.6
1269800 1661.6
1269810 1654.4
1269820 1650.0
1269830 1650.0
1269840 1644.5
1269850 1647.9
1269860 1647.9
1269870 1648.5
1269880 1648.1
1269890 1648.1
1269900 1646.1
1269910 1644.1
1269920 1641.1
1269930 1641.1
1269940 1638.5
1269950 1635.7
1269960 1635.7
1269970 1631.1
1269980 1626.7
1269990 1626.7
1270000 1624.4
1270010 1621.7
1270020 1621.7
1270030 1619.8
1270040 1618.9
1270050 1618.9
1270060 1618.4
1270070 1618.1
1270080 1618.1
1270090 1618.0
1270100 1618.5
1270110 1618.5
1270120 1619.4
1270130 1620.3
1270140 1620.3
1270150 1622.6
1270160 1617.7
1270170 1617.7
1270180 1617.7
1270190 1612.9
1270200 1605.1
1270210 1605.1
1270220 1597.4
1270230 1589.6
1270240 1589.6
1270250 1582.2
1270260 1576.5
1270270 1576.5
1270280 1574.3
1270290 1575.3
1270300 1575.3
1270310 1574.8
1270320 1573.5
1270330 1573.5
1270340 1575.6
1270350 1578.9
1270360 1578.9
1270370 1581.3
1270380 1585.4
1270390 1585.4
1270400 1591.9
1270410 1598.9
1270420 1598.9
1270430 1603.2
1270440 1605.1
1270450 1605.1
1270460 1605.2
1270470 1604.4
1270480 1604.4
1270490 1604.8
1270500 1604.0
1270510 1603.2
1270520 1603.2
1270530 1602.9
1270540 1601.2
1270550 1601.2
1270560 1596.8
1270570 1593.9
1270580 1593.9
1270590 1592.4
1270600 1591.1
1270610 1591.1
1270620 1588.9
1270630 1586.6
1270640 1586.6
1270650 1584.0
1270660 1581.6
1270670 1581.6
1270680 1579.3
1270690 1577.8
1270700 1577.8
1270710 1576.0
1270720 1574.0
1270730 1574.0
1270740 1572.8
1270750 1571.0
1270760 1565.6
1270770 1564.1
1270780 1562.0
1270790 1559.8
1270800 1559.8
1270810 1558.5
1270820 1557.0
1270830 1557.0
1270840 1555.0
1270850 1553.5
1270860 1553.5
1270870 1551.5
1270880 1551.3
1270890 1551.3
1270900 1550.4
1270910 1550.6
1270920 1550.6
1270930 1552.4
1270940 1555.1
1270950 1555.1
1270960 1556.8
1270970 1557.5
1270980 1557.5
1270990 1558.3
1271000 1559.1
1271010 1559.1
1271020 1558.7
1271030 1557.0
1271040 1557.0
1271050 1554.9
1271060 1557.1
1271070 1557.1
1271080 1559.8
1271090 1563.1
1271100 1565.0
1271110 1565.0
1271120 1566.1
1271130 1567.5
1271140 1567.5
1271150 1568.9
1271160 1568.8
1271170 1568.8
1271180 1568.9
1271190 1569.2
1271200 1569.2
1271210 1569.5
1271220 1570.0
1271230 1570.0
1271240 1570.8
1271250 1571.2
1271260 1571.2
1271270 1570.7
1271280 1568.2
1271290 1568.2
1271300 1565.8
1271310 1562.1
1271320 1562.1
1271330 1552.4
1271340 1548.3
1271350 1548.3
1271360 1535.7
1271370 1533.6
1271380 1533.6
1271390 1531.5
1271400 1527.9
1271410 1524.9
1271420 1524.9
1271430 1510.1
1271440 1491.3
1271450 1491.3
1271460 1479.9
1271470 1467.0
1271480 1467.0
1271490 1456.2
1271500 1448.1
1271510 1448.1
1271520 1441.9
1271530 1436.4
1271540 1436.4
1271550 1428.8
1271560 1421.3
1271570 1421.3
1271580 1414.1
1271590 1406.7
1271600 1406.7
1271610 1404.1
1271620 1404.5
1271630 1404.5
1271640 1408.2
1271650 1400.9
1271660 1400.9
1271670 1393.3
1271680 1386.9
1271690 1380.8
1271700 1380.8
1271710 1374.9
1271720 1369.1
1271730 1369.1
1271740 1363.6
1271750 1358.1
1271760 1358.1
1271770 1352.3
1271780 1346.4
1271790 1346.4
1271800 1342.1
1271810 1336.9
1271820 1336.9
1271830 1329.3
1271840 1326.7
1271850 1326.7
1271860 1319.3
1271870 1310.7
1271880 1310.7
1271890 1308.1
1271900 1310.6
1271910 1310.6
1271920 1319.6
1271930 1330.2
1271940 1330.2
1271950 1342.6
1271960 1346.7
1271970 1346.7
1271980 1350.2
1271990 1354.2
1272000 1358.6
1272010 1358.6
1272020 1363.4
1272030 1368.8
1272040 1368.8
1272050 1374.4
1272060 1380.0
1272070 1380.0
1272080 1385.8
1272090 1391.5
1272100 1391.5
1272110 1396.8
1272120 1402.3
1272130 1402.3
1272140 1407.6
1272150 1412.9
1272160 1412.9
1272170 1419.1
1272180 1425.9
1272190 1425.9
1272200 1433.4
1272210 1441.5
1272220 1441.5
1272230 1452.9
1272240 1468.1
1272250 1468.1
1272260 1482.1
1272270 1492.7
1272280 1502.5
1272290 1502.5
1272300 1511.5
1272310 1520.4
1272320 1520.4
1272330 1530.4
1272340 1538.7
1272350 1538.7
1272360 1546.7
1272370 1555.9
1272380 1555.9
1272390 1569.0
1272400 1587.1
1272410 1587.1
1272420 1612.6
1272430 1632.3
1272440 1632.3
1272450 1650.3
1272460 1673.7
1272470 1673.7
1272480 1684.0
1272490 1690.6
1272500 1690.6
1272510 1697.4
1272520 1702.9
1272530 1702.9
1272540 1707.8
1272550 1713.6
1272560 1710.9
1272570 1718.0
1272580 1733.7
1272590 1754.1
1272600 1754.1
1272610 1767.4
1272620 1774.3
1272630 1774.3
1272640 1781.1
1272650 1787.9
1272660 1787.9
1272670 1795.7
1272680 1804.1
1272690 1804.1
1272700 1812.9
1272710 1823.1
1272720 1823.1
1272730 1831.0
1272740 1839.3
1272750 1839.3
1272760 1848.1
1272770 1858.0
1272780 1858.0
1272790 1867.2
1272800 1874.5
1272810 1874.5
1272820 1881.0
1272830 1888.2
1272840 1888.2
1272850 1893.7
1272860 1899.1
1272870 1904.8
1272880 1904.8
1272890 1910.5
1272900 1915.7
1272910 1915.7
1272920 1921.5
1272930 1927.0
1272940 1927.0
1272950 1931.3
1272960 1936.6
1272970 1936.6
1272980 1942.9
1272990 1949.5
1273000 1949.5
1273010 1955.0
1273020 1958.8
1273030 1958.8
1273040 1962.7
1273050 1967.3
1273060 1967.3
1273070 1971.7
1273080 1974.5
1273090 1974.5
1273100 1977.2
1273110 1980.4
1273120 1980.4
1273130 1983.0
1273140 1985.1
1273150 1985.1
1273160 1990.0
1273170 1990.8
1273180 1990.5
1273190 1990.5
1273200 1991.1
1273210 1991.7
1273220 1991.7
1273230 1991.5
1273240 1991.3
1273250 1991.3
1273260 1991.0
1273270 1990.2
1273280 1990.2
1273290 1989.0
1273300 1986.5
1273310 1986.5
1273320 1985.3
1273330 1985.5
1273340 1985.5
1273350 1987.7
1273360 1989.8
1273370 1989.8
1273380 1991.3
1273390 1993.1
1273400 1993.1
1273410 1995.0
1273420 1995.5
1273430 1995.5
1273440 1996.0
1273450 1995.7
1273460 1995.4
1273470 1995.4
1273480 1996.3
1273490 1996.8
1273500 1996.8
1273510 1995.5
1273520 1993.8
1273530 1993.8
1273540 1993.3
1273550 1994.4
1273560 1994.4
1273570 1996.5
1273580 1999.2
1273590 1999.2
1273600 2002.0
1273610 2002.2
1273620 2002.2
1273630 2001.5
1273640 2001.2
1273650 2001.2
1273660 2000.6
1273670 1998.8
1273680 1998.8
1273690 1994.8
1273700 1985.2
1273710 1985.2
1273720 1976.9
1273730 1968.9
1273740 1968.9
1273750 1964.6
1273760 1949.5
1273770 1943.3
1273780 1943.3
1273790 1940.9
1273800 1941.3
1273810 1941.3
1273820 1938.5
1273830 1932.3
1273840 1932.3
1273850 1924.1
1273860 1917.5
1273870 1917.5
1273880 1910.6
1273890 1903.8
1273900 1903.8
1273910 1896.8
1273920 1890.5
1273930 1890.5
1273940 1885.2
1273950 1877.8
1273960 1877.8
1273970 1866.3
1273980 1856.5
1273990 1856.5
1274000 1849.0
1274010 1841.7
1274020 1841.7
1274030 1833.1
1274040 1822.0
1274050 1808.8
1274060 1808.8
1274070 1795.2
1274080 1787.8
1274090 1787.8
1274100 1784.2
1274110 1781.5
1274120 1781.5
1274130 1776.3
1274140 1772.0
1274150 1772.0
1274160 1768.3
1274170 1762.0
1274180 1762.0
1274190 1755.4
1274200 1750.3
1274210 1750.3
1274220 1746.0
1274230 1741.1
1274240 1741.1
1274250 1735.4
1274260 1726.2
1274270 1726.2
1274280 1716.8
1274290 1702.9
1274300 1702.9
1274310 1693.1
1274320 1682.1
1274330 1682.1
1274340 1673.1
1274350 1665.0
1274360 1656.1
1274370 1651.3
1274380 1643.3
1274390 1634.7
1274400 1634.7
1274410 1625.3
1274420 1617.8
1274430 1617.8
1274440 1611.1
1274450 1602.8
1274460 1602.8
1274470 1588.5
1274480 1568.7
1274490 1568.7
1274500 1559.2
1274510 1548.7
1274520 1548.7
1274530 1534.5
1274540 1528.1
1274550 1528.1
1274560 1523.4
1274570 1519.0
1274580 1519.0
1274590 1514.1
1274600 1507.1
1274610 1507.1
1274620 1499.0
1274630 1491.5
1274640 1482.9
1274650 1482.9
1274660 1478.1
1274670 1474.8
1274680 1474.8
1274690 1471.0
1274700 1467.4
1274710 1467.4
1274720 1464.2
1274730 1461.0
1274740 1461.0
1274750 1458.4
1274760 1456.8
1274770 1456.8
1274780 1455.6
1274790 1454.6
1274800 1454.6
1274810 1452.7
1274820 1447.8
1274830 1447.8
1274840 1437.9
1274850 1443.8
1274860 1443.8
1274870 1455.5
1274880 1461.9
1274890 1461.9
1274900 1466.2
1274910 1470.4
1274920 1470.4
1274930 1475.3
1274940 1480.6
1274950 1485.3
1274960 1485.3
1274970 1488.2
1274980 1486.2
1274990 1486.2
1275000 1490.5
1275010 1494.6
1275020 1494.6
1275030 1499.3
1275040 1504.3
1275050 1504.3
1275060 1509.4
1275070 1514.0
1275080 1514.0
1275090 1519.1
1275100 1524.7
1275110 1524.7
1275120 1529.0
1275130 1536.5
1275140 1536.5
1275150 1545.8
1275160 1555.2
1275170 1555.2
1275180 1565.1
1275190 1575.0
1275200 1575.0
1275210 1583.7
1275220 1593.7
1275230 1593.7
1275240 1603.9
1275250 1613.9
1275260 1625.5
1275270 1625.5
1275280 1639.9
1275290 1653.3
1275300 1653.3
1275310 1662.7
1275320 1667.4
1275330 1667.4
1275340 1672.3
1275350 1677.6
1275360 1677.6
1275370 1684.4
1275380 1692.2
1275390 1692.2
1275400 1700.1
1275410 1708.3
1275420 1708.3
1275430 1716.9
1275440 1724.5
1275450 1724.5
1275460 1731.7
1275470 1739.4
1275480 1739.4
1275490 1768.1
1275500 1799.7
1275510 1799.7
1275520 1812.0
1275530 1824.2
1275540 1832.9
1275550 1832.9
1275560 1838.4
1275570 1841.1
1275580 1841.1
1275590 1851.6
1275600 1855.5
1275610 1855.5
1275620 1859.4
1275630 1865.4
1275640 1865.4
1275650 1871.4
1275660 1877.8
1275670 1877.8
1275680 1883.8
1275690 1889.2
1275700 1889.2
1275710 1895.0
1275720 1902.6
1275730 1902.6
1275740 1908.9
1275750 1915.1
1275760 1915.1
1275770 1921.2
1275780 1928.8
1275790 1928.8
1275800 1934.9
1275810 1941.3
1275820 1941.3
1275830 1949.5
1275840 1957.6
1275850 1964.0
1275860 1964.0
1275870 1970.5
1275880 1976.0
1275890 1976.0
1275900 1983.0
1275910 1990.2
1275920 1990.2
1275930 1998.0
1275940 2005.6
1275950 2005.6
1275960 2011.5
1275970 2019.3
1275980 2019.3
1275990 2028.6
1276000 2035.7
1276010 2035.7
1276020 2043.5
1276030 2052.2
1276040 2052.2
1276050 2058.5
1276060 2064.7
1276070 2064.7
1276080 2072.6
1276090 2081.5
1276100 2081.5
1276110 2090.5
1276120 2099.3
1276130 2109.0
1276140 2109.0
1276150 2117.4
1276160 2125.2
1276170 2125.2
1276180 2133.2
1276190 2140.3
1276200 2145.1
1276210 2152.8
1276220 2158.3
1276230 2158.3
1276240 2160.5
1276250 2164.2
1276260 2164.2
1276270 2169.6
1276280 2173.9
1276290 2173.9
1276300 2175.8
1276310 2176.8
1276320 2176.8
1276330 2177.8
1276340 2177.2
1276350 2177.2
1276360 2174.8
1276370 2176.6
1276380 2176.6
1276390 2179.5
1276400 2184.7
1276410 2184.7
1276420 2191.6
1276430 2198.5
1276440 2204.2
1276450 2204.2
1276460 2208.0
1276470 2210.6
1276480 2210.6
1276490 2213.8
1276500 2219.1
1276510 2219.1
1276520 2225.2
1276530 2227.1
1276540 2227.1
1276550 2221.3
1276560 2217.0
1276570 2217.0
1276580 2215.5
1276590 2208.0
1276600 2208.0
1276610 2199.5
1276620 2195.2
1276630 2195.2
1276640 2190.7
1276650 2187.9
1276660 2187.9
1276670 2185.9
1276680 2183.8
1276690 2183.8
1276700 2181.7
1276710 2181.3
1276720 2183.8
1276730 2183.8
1276740 2184.0
1276750 2182.2
1276760 2182.2
1276770 2181.4
1276780 2184.8
1276790 2184.8
1276800 2192.5
1276810 2194.8
1276820 2194.8
1276830 2197.6
1276840 2201.3
1276850 2201.3
1276860 2205.6
1276870 2209.1
1276880 2209.1
1276890 2215.8
1276900 2223.5
1276910 2223.5
1276920 2229.8
1276930 2235.3
1276940 2235.3
1276950 2241.7
1276960 2248.1
1276970 2248.1
1276980 2254.0
1276990 2259.8
1277000 2259.8
1277010 2265.5
1277020 2271.0
1277030 2275.1
1277040 2275.1
1277050 2275.7
1277060 2271.2
1277070 2271.2
1277080 2262.0
1277090 2253.8
1277100 2253.8
1277110 2247.7
1277120 2243.6
1277130 2243.6
1277140 2242.6
1277150 2244.2
1277160 2244.2
1277170 2248.1
1277180 2244.5
1277190 2244.5
1277200 2237.6
1277210 2237.1
1277220 2237.1
1277230 2232.7
1277240 2229.5
1277250 2229.5
1277260 2230.2
1277270 2232.0
1277280 2232.0
1277290 2233.7
1277300 2238.5
1277310 2243.9
1277320 2243.9
1277330 2247.7
1277340 2245.2
1277350 2245.2
1277360 2242.9
1277370 2243.1
1277380 2243.1
1277390 2238.1
1277400 2234.6
1277410 2234.6
1277420 2221.7
1277430 2213.5
1277440 2213.5
1277450 2212.2
1277460 2218.0
1277470 2218.0
1277480 2221.8
1277490 2224.1
1277500 2224.1
1277510 2225.3
1277520 2224.0
1277530 2224.0
1277540 2224.3
1277550 2228.0
1277560 2228.0
1277570 2235.6
1277580 2242.0
1277590 2242.0
1277600 2246.5
1277610 2250.3
1277620 2255.1
1277630 2255.1
1277640 2261.1
1277650 2268.6
1277660 2268.6
1277670 2275.7
1277680 2282.2
1277690 2282.2
1277700 2289.0
1277710 2295.7
1277720 2295.7
1277730 2301.7
1277740 2305.9
1277750 2305.9
1277760 2308.4
1277770 2310.2
1277780 2310.2
1277790 2311.1
1277800 2313.0
1277810 2313.0
1277820 2314.2
1277830 2304.9
1277840 2304.9
1277850 2289.8
1277860 2274.4
1277870 2274.4
1277880 2260.5
1277890 2247.5
1277900 2234.3
1277910 2234.3
1277920 2222.6
1277930 2215.7
1277940 2215.7
1277950 2206.9
1277960 2195.5
1277970 2195.5
1277980 2177.6
1277990 2164.3
1278000 2164.3
1278010 2155.8
1278020 2146.1
1278030 2146.1
1278040 2133.3
1278050 2125.6
1278060 2125.6
1278070 2118.6
1278080 2107.4
1278090 2107.4
1278100 2097.7
1278110 2088.6
1278120 2088.6
1278130 2067.3
1278140 2047.1
1278150 2047.1
1278160 2030.2
1278170 2021.9
1278180 2021.9
1278190 2019.1
1278200 2018.4
1278210 2013.1
1278220 2013.1
1278230 2007.7
1278240 2005.4
1278250 2005.4
1278260 1999.9
1278270 1991.4
1278280 1991.4
1278290 1985.5
1278300 1982.0
1278310 1982.0
1278320 1980.3
1278330 1979.8
1278340 1979.8
1278350 1978.7
1278360 1977.4
1278370 1977.4
1278380 1976.5
1278390 1975.8
1278400 1975.8
1278410 1975.2
1278420 1974.9
1278430 1974.9
1278440 1974.8
1278450 1974.8
1278460 1974.8
1278470 1975.9
1278480 1974.1
1278490 1971.0
1278500 1971.0
1278510 1970.2
1278520 1973.8
1278530 1973.8
1278540 1980.6
1278550 1985.0
1278560 1985.0
1278570 1987.5
1278580 1991.2
1278590 1991.2
1278600 1995.4
1278610 1999.4
1278620 1999.4
1278630 2002.2
1278640 2003.5
1278650 2003.5
1278660 1998.5
1278670 1999.5
1278680 1999.5
1278690 2001.6
1278700 2003.5
1278710 2003.5
1278720 2006.2
1278730 2009.6
1278740 2009.6
1278750 2013.8
1278760 2018.2
1278770 2018.2
1278780 2022.7
1278790 2028.0
1278800 2034.1
1278810 2034.1
1278820 2040.7
1278830 2047.7
1278840 2047.7
1278850 2056.2
1278860 2074.0
1278870 2074.0
1278880 2097.0
1278890 2110.7
1278900 2110.7
1278910 2120.0
1278920 2127.9
1278930 2127.9
1278940 2135.8
1278950 2144.0
1278960 2144.0
1278970 2150.3
1278980 2158.1
1278990 2158.1
1279000 2166.4
1279010 2173.4
1279020 2173.4
1279030 2179.2
1279040 2181.5
1279050 2181.5
1279060 2176.6
1279070 2171.3
1279080 2164.8
1279090 2164.8
1279100 2157.9
1279110 2149.8
1279120 2149.8
1279130 2145.4
1279140 2141.9
1279150 2141.9
1279160 2134.1
1279170 2120.5
1279180 2120.5
1279190 2106.8
1279200 2093.6
1279210 2093.6
1279220 2072.5
1279230 2062.2
1279240 2062.2
1279250 2056.6
1279260 2051.6
1279270 2051.6
1279280 2042.2
1279290 2038.8
1279300 2038.8
1279310 2036.4
1279320 2033.4
1279330 2033.4
1279340 2030.9
1279350 2027.1
1279360 2027.1
1279370 2023.8
1279380 2012.2
1279390 2006.4
1279400 2006.4
1279410 2002.4
1279420 1997.0
1279430 1997.0
1279440 1997.0
1279450 1997.6
1279460 1997.6
1279470 1999.0
1279480 1997.9
1279490 1997.9
1279500 1995.2
1279510 2001.5
1279520 2001.5
1279530 2009.3
1279540 2014.7
1279550 2014.7
1279560 2019.0
1279570 2021.4
1279580 2021.4
1279590 2019.2
1279600 2016.6
1279610 2016.6
1279620 2019.9
1279630 2024.0
1279640 2024.0
1279650 2023.5
1279660 2022.1
1279670 2022.1
1279680 2021.0
1279690 2023.0
1279700 2027.5
1279710 2027.5
1279720 2034.5
1279730 2043.7
1279740 2043.7
1279750 2046.9
1279760 2053.2
1279770 2053.2
1279780 2057.3
1279790 2059.0
1279800 2059.0
1279810 2061.3
1279820 2062.8
1279830 2062.8
1279840 2063.8
1279850 2066.5
1279860 2066.5
1279870 2069.1
1279880 2070.4
1279890 2070.4
1279900 2073.8
1279910 2077.3
1279920 2077.3
1279930 2077.6
1279940 2079.2
1279950 2079.2
1279960 2083.3
1279970 2086.9
1279980 2090.8
1279990 2090.8
