1260000 1573.6
1260010 1569.6
1260020 1565.0
1260030 1560.4
1260040 1560.4
1260050 1555.4
1260060 1550.1
1260070 1550.1
1260080 1545.5
1260090 1540.9
1260100 1540.9
1260110 1536.5
1260120 1532.0
1260130 1532.0
1260140 1526.7
1260150 1519.5
1260160 1519.5
1260170 1514.4
1260180 1515.3
1260190 1515.3
1260200 1512.0
1260210 1507.4
1260220 1507.4
1260230 1505.3
1260240 1500.8
1260250 1500.8
1260260 1496.4
1260270 1485.5
1260280 1485.5
1260290 1471.6
1260300 1453.9
1260310 1453.9
1260320 1440.9
1260330 1428.6
1260340 1411.0
1260350 1411.0
1260360 1398.5
1260370 1388.0
1260380 1388.0
1260390 1377.5
1260400 1365.8
1260410 1365.8
1260420 1357.4
1260430 1352.2
1260440 1352.2
1260450 1349.9
1260460 1347.9
1260470 1347.9
1260480 1344.0
1260490 1341.3
1260500 1341.3
1260510 1337.4
1260520 1324.6
1260530 1324.6
1260540 1323.5
1260550 1321.6
1260560 1321.6
1260570 1317.9
1260580 1315.5
1260590 1315.5
1260600 1308.6
1260610 1303.3
1260620 1306.5
1260630 1306.5
1260640 1313.8
1260650 1321.8
1260660 1321.8
1260670 1327.9
1260680 1331.3
1260690 1331.3
1260700 1338.0
1260710 1343.6
1260720 1343.6
1260730 1342.0
1260740 1336.6
1260750 1336.6
1260760 1337.2
1260770 1332.7
1260780 1332.7
1260790 1323.4
1260800 1318.8
1260810 1318.8
1260820 1329.6
1260830 1338.2
1260840 1338.2
1260850 1344.6
1260860 1350.2
1260870 1350.2
1260880 1354.1
1260890 1358.5
1260900 1358.5
1260910 1362.3
1260920 1363.5
1260930 1362.6
1260940 1362.6
1260950 1363.1
1260960 1362.7
1260970 1362.7
1260980 1363.3
1260990 1362.4
1261000 1362.4
1261010 1359.3
1261020 1350.3
1261030 1350.3
1261040 1341.1
1261050 1332.8
1261060 1332.8
1261070 1325.4
1261080 1317.8
1261090 1318.5
1261100 1308.9
1261110 1303.4
1261120 1303.4
1261130 1301.7
1261140 1306.8
1261150 1306.8
1261160 1315.2
1261170 1324.6
1261180 1324.6
1261190 1335.1
1261200 1341.6
1261210 1341.6
1261220 1345.1
1261230 1349.3
1261240 1354.0
1261250 1354.0
1261260 1359.8
1261270 1362.6
1261280 1362.6
1261290 1363.9
1261300 1364.4
1261310 1364.4
1261320 1365.0
1261330 1365.8
1261340 1365.8
1261350 1366.2
1261360 1366.6
1261370 1366.6
1261380 1367.3
1261390 1367.8
1261400 1367.8
1261410 1367.8
1261420 1367.8
1261430 1367.8
1261440 1368.7
1261450 1368.9
1261460 1368.9
1261470 1368.9
1261480 1368.4
1261490 1368.4
1261500 1367.0
1261510 1364.2
1261520 1362.3
1261530 1362.3
1261540 1361.3
1261550 1360.7
1261560 1360.7
1261570 1359.3
1261580 1357.0
1261590 1357.0
1261600 1354.0
1261610 1349.1
1261620 1349.1
1261630 1344.0
1261640 1342.0
1261650 1342.0
1261660 1335.6
1261670 1333.5
1261680 1333.5
1261690 1331.6
1261700 1330.9
1261710 1330.9
1261720 1331.4
1261730 1332.9
1261740 1332.9
1261750 1334.4
1261760 1335.5
1261770 1335.5
1261780 1335.2
1261790 1331.4
1261800 1331.4
1261810 1327.9
1261820 1323.2
1261830 1321.3
1261840 1321.3
1261850 1320.9
1261860 1316.2
1261870 1316.2
1261880 1314.1
1261890 1314.5
1261900 1314.5
1261910 1314.6
1261920 1313.3
1261930 1313.3
1261940 1312.5
1261950 1316.2
1261960 1316.2
1261970 1317.3
1261980 1316.7
1261990 1316.7
1262000 1316.1
1262010 1317.3
1262020 1317.3
1262030 1320.4
1262040 1318.5
1262050 1318.5
1262060 1313.1
1262070 1312.5
1262080 1312.5
1262090 1313.5
1262100 1315.0
1262110 1318.3
1262120 1318.3
1262130 1320.5
1262140 1320.0
1262150 1320.0
1262160 1323.0
1262170 1327.4
1262180 1327.4
1262190 1332.0
1262200 1335.6
1262210 1335.6
1262220 1336.7
1262230 1328.5
1262240 1328.5
1262250 1322.8
1262260 1315.4
1262270 1315.4
1262280 1311.5
1262290 1309.3
1262300 1309.3
1262310 1308.6
1262320 1309.2
1262330 1309.2
1262340 1310.6
1262350 1312.3
1262360 1312.3
1262370 1313.5
1262380 1314.0
1262390 1314.0
1262400 1311.5
1262410 1306.7
1262420 1304.1
1262430 1304.1
1262440 1303.6
1262450 1304.2
1262460 1304.2
1262470 1304.5
1262480 1302.2
1262490 1302.2
1262500 1298.7
1262510 1296.8
1262520 1296.8
1262530 1295.2
1262540 1291.8
1262550 1291.8
1262560 1288.2
1262570 1285.0
1262580 1285.0
1262590 1282.6
1262600 1281.7
1262610 1281.7
1262620 1281.4
1262630 1280.5
1262640 1280.5
1262650 1279.5
1262660 1279.1
1262670 1279.1
1262680 1269.9
1262690 1254.1
1262700 1254.1
1262710 1245.7
1262720 1238.1
1262730 1230.0
1262740 1230.0
1262750 1221.0
1262760 1217.7
1262770 1217.7
1262780 1224.3
1262790 1232.4
1262800 1232.4
1262810 1243.9
1262820 1254.4
1262830 1254.4
1262840 1267.8
1262850 1280.1
1262860 1280.1
1262870 1288.5
1262880 1298.2
1262890 1298.2
1262900 1306.8
1262910 1312.0
1262920 1312.0
1262930 1317.4
1262940 1323.4
1262950 1323.4
1262960 1330.9
1262970 1343.7
1262980 1343.7
1262990 1353.1
1263000 1358.8
1263010 1364.2
1263020 1364.2
1263030 1368.6
1263040 1372.2
1263050 1372.2
1263060 1373.9
1263070 1376.8
1263080 1376.8
1263090 1380.4
1263100 1385.4
1263110 1385.4
1263120 1393.8
1263130 1402.9
1263140 1402.9
1263150 1409.2
1263160 1415.0
1263170 1415.0
1263180 1422.0
1263190 1428.2
1263200 1428.2
1263210 1435.0
1263220 1441.8
1263230 1441.8
1263240 1448.3
1263250 1452.7
1263260 1452.7
1263270 1454.8
1263280 1455.8
1263290 1455.8
1263300 1455.5
1263310 1453.4
1263320 1451.3
1263330 1451.3
1263340 1449.7
1263350 1447.2
1263360 1447.2
1263370 1445.5
1263380 1438.1
1263390 1438.1
1263400 1436.3
1263410 1434.8
1263420 1434.8
1263430 1433.6
1263440 1433.0
1263450 1433.0
1263460 1432.7
1263470 1432.5
1263480 1432.5
1263490 1432.1
1263500 1432.1
1263510 1432.1
1263520 1432.2
1263530 1432.5
1263540 1432.5
1263550 1433.4
1263560 1434.0
1263570 1434.0
1263580 1434.7
1263590 1435.1
1263600 1435.6
1263610 1435.6
1263620 1435.7
1263630 1435.0
1263640 1435.0
1263650 1434.0
1263660 1434.7
1263670 1434.7
1263680 1434.8
1263690 1437.5
1263700 1437.5
1263710 1442.9
1263720 1448.5
1263730 1448.5
1263740 1453.6
1263750 1457.7
1263760 1457.7
1263770 1460.2
1263780 1462.4
1263790 1462.4
1263800 1465.1
1263810 1468.2
1263820 1468.2
1263830 1471.1
1263840 1473.7
1263850 1473.7
1263860 1475.9
1263870 1477.1
1263880 1477.1
1263890 1477.6
1263900 1478.1
1263910 1477.4
1263920 1477.4
1263930 1476.3
1263940 1476.0
1263950 1476.0
1263960 1469.8
1263970 1470.6
1263980 1470.6
1263990 1471.9
1264000 1473.7
1264010 1473.7
1264020 1475.4
1264030 1476.3
1264040 1476.3
1264050 1477.6
1264060 1480.1
1264070 1480.1
1264080 1483.4
1264090 1486.8
1264100 1486.8
1264110 1490.5
1264120 1493.3
1264130 1493.3
1264140 1495.9
1264150 1497.1
1264160 1497.1
1264170 1501.0
1264180 1507.8
1264190 1507.8
1264200 1513.4
1264210 1517.2
1264220 1521.1
1264230 1521.1
1264240 1524.4
1264250 1527.4
1264260 1527.4
1264270 1530.2
1264280 1531.8
1264290 1531.8
1264300 1533.0
1264310 1534.2
1264320 1534.2
1264330 1535.5
1264340 1536.8
1264350 1536.8
1264360 1537.7
1264370 1538.0
1264380 1538.0
1264390 1538.5
1264400 1540.3
1264410 1540.3
1264420 1542.5
1264430 1544.8
1264440 1544.8
1264450 1546.7
1264460 1548.6
1264470 1548.6
1264480 1550.3
1264490 1552.0
1264500 1553.2
1264510 1553.2
1264520 1553.0
1264530 1552.8
1264540 1546.9
1264550 1546.6
1264560 1546.6
1264570 1546.6
1264580 1547.3
1264590 1548.1
1264600 1548.1
1264610 1549.4
1264620 1550.6
1264630 1550.6
1264640 1551.9
1264650 1553.6
1264660 1553.6
1264670 1555.2
1264680 1556.3
1264690 1556.3
1264700 1556.8
1264710 1555.8
1264720 1555.8
1264730 1555.5
1264740 1555.0
1264750 1555.0
1264760 1554.4
1264770 1553.2
1264780 1553.2
1264790 1553.3
1264800 1553.8
1264810 1549.9
1264820 1549.9
1264830 1542.0
1264840 1537.3
1264850 1537.3
1264860 1532.3
1264870 1527.5
1264880 1527.5
1264890 1523.1
1264900 1516.9
1264910 1516.9
1264920 1493.6
1264930 1462.0
1264940 1462.0
1264950 1447.9
1264960 1435.8
1264970 1435.8
1264980 1426.7
1264990 1421.7
1265000 1421.7
1265010 1417.0
1265020 1411.4
1265030 1411.4
1265040 1409.7
1265050 1406.7
1265060 1406.7
1265070 1402.5
1265080 1401.0
1265090 1405.3
1265100 1405.3
1265110 1411.6
1265120 1416.9
1265130 1416.9
1265140 1422.6
1265150 1428.9
1265160 1428.9
1265170 1435.6
1265180 1442.2
1265190 1442.2
1265200 1448.7
1265210 1455.6
1265220 1455.6
1265230 1461.7
1265240 1467.1
1265250 1467.1
1265260 1472.6
1265270 1478.6
1265280 1478.6
1265290 1484.7
1265300 1490.8
1265310 1490.8
1265320 1496.8
1265330 1503.0
1265340 1503.0
1265350 1509.2
1265360 1515.4
1265370 1515.4
1265380 1522.5
1265390 1532.0
1265400 1540.5
1265410 1540.5
1265420 1547.6
1265430 1554.3
1265440 1554.3
1265450 1561.6
1265460 1569.7
1265470 1569.7
1265480 1579.1
1265490 1590.5
1265500 1590.5
1265510 1600.0
1265520 1611.0
1265530 1611.0
1265540 1622.2
1265550 1634.8
1265560 1634.8
1265570 1645.0
1265580 1655.7
1265590 1655.7
1265600 1665.2
1265610 1673.2
1265620 1673.2
1265630 1680.1
1265640 1686.6
1265650 1686.6
1265660 1692.8
1265670 1698.7
1265680 1698.7
1265690 1704.3
1265700 1709.0
1265710 1714.3
1265720 1714.3
1265730 1719.2
1265740 1723.5
1265750 1723.5
1265760 1727.5
1265770 1731.8
1265780 1731.8
1265790 1736.5
1265800 1741.6
1265810 1741.6
1265820 1746.9
1265830 1751.9
1265840 1751.9
1265850 1756.5
1265860 1761.3
1265870 1761.3
1265880 1766.5
1265890 1772.3
1265900 1772.3
1265910 1778.2
1265920 1784.2
1265930 1784.2
1265940 1789.1
1265950 1795.3
1265960 1795.3
1265970 1800.7
1265980 1805.2
1265990 1810.1
1266000 1810.1
1266010 1814.6
1266020 1819.5
1266030 1819.5
1266040 1828.7
1266050 1835.8
1266060 1835.8
1266070 1841.8
1266080 1849.4
1266090 1849.4
1266100 1858.1
1266110 1866.1
1266120 1866.1
1266130 1875.4
1266140 1881.8
1266150 1881.8
1266160 1886.5
1266170 1886.5
1266180 1886.5
1266190 1887.9
1266200 1894.6
1266210 1894.6
1266220 1901.1
1266230 1905.0
1266240 1905.0
1266250 1909.3
1266260 1911.7
1266270 1911.7
1266280 1913.1
1266290 1918.5
1266300 1924.4
1266310 1924.4
1266320 1931.9
1266330 1937.5
1266340 1937.5
1266350 1941.8
1266360 1942.3
1266370 1942.3
1266380 1943.0
1266390 1946.4
1266400 1946.4
1266410 1948.8
1266420 1949.9
1266430 1949.9
1266440 1951.4
1266450 1953.1
1266460 1953.1
1266470 1953.0
1266480 1951.9
1266490 1951.9
1266500 1950.3
1266510 1946.9
1266520 1946.9
1266530 1944.9
1266540 1944.0
1266550 1944.0
1266560 1944.7
1266570 1943.9
1266580 1943.9
1266590 1943.0
1266600 1942.4
1266610 1938.0
1266620 1938.0
1266630 1932.3
1266640 1927.5
1266650 1927.5
1266660 1925.6
1266670 1923.9
1266680 1923.9
1266690 1922.2
1266700 1921.3
1266710 1921.3
1266720 1921.5
1266730 1921.6
1266740 1921.6
1266750 1921.1
1266760 1920.1
1266770 1920.1
1266780 1920.1
1266790 1920.2
1266800 1920.2
1266810 1920.2
1266820 1921.8
1266830 1921.8
1266840 1922.2
1266850 1920.7
1266860 1920.7
1266870 1910.0
1266880 1907.9
1266890 1902.3
1266900 1902.3
1266910 1900.1
1266920 1904.1
1266930 1904.1
1266940 1909.5
1266950 1912.2
1266960 1912.2
1266970 1912.0
1266980 1911.0
1266990 1911.0
1267000 1909.1
1267010 1905.2
1267020 1905.2
1267030 1903.2
1267040 1902.7
1267050 1902.7
1267060 1902.1
1267070 1901.8
1267080 1901.8
1267090 1901.9
1267100 1902.2
1267110 1902.2
1267120 1902.7
1267130 1902.4
1267140 1902.4
1267150 1901.3
1267160 1900.2
1267170 1900.2
1267180 1898.8
1267190 1897.9
1267200 1895.7
1267210 1895.7
1267220 1893.1
1267230 1890.9
1267240 1890.9
1267250 1886.0
1267260 1877.2
1267270 1877.2
1267280 1868.5
1267290 1862.2
1267300 1862.2
1267310 1854.6
1267320 1846.5
1267330 1846.5
1267340 1835.8
1267350 1822.4
1267360 1822.4
1267370 1819.3
1267380 1816.8
1267390 1816.8
1267400 1814.0
1267410 1810.0
1267420 1810.0
1267430 1805.4
1267440 1800.8
1267450 1794.5
1267460 1791.1
1267470 1786.8
1267480 1780.4
1267490 1780.4
1267500 1772.1
1267510 1763.1
1267520 1763.1
1267530 1753.3
1267540 1745.0
1267550 1745.0
1267560 1734.3
1267570 1722.2
1267580 1722.2
1267590 1708.9
1267600 1691.0
1267610 1691.0
1267620 1674.8
1267630 1648.6
1267640 1648.6
1267650 1628.7
1267660 1619.0
1267670 1619.0
1267680 1613.2
1267690 1580.3
1267700 1580.3
1267710 1554.5
1267720 1499.9
1267730 1499.9
1267740 1494.4
1267750 1514.9
1267760 1514.9
1267770 1521.3
1267780 1511.4
1267790 1474.0
1267800 1474.0
1267810 1445.2
1267820 1419.6
1267830 1419.6
1267840 1394.2
1267850 1384.3
1267860 1384.3
1267870 1373.4
1267880 1366.2
1267890 1366.2
1267900 1358.8
1267910 1352.0
1267920 1352.0
1267930 1346.1
1267940 1340.8
1267950 1340.8
1267960 1335.3
1267970 1329.7
1267980 1329.7
1267990 1323.8
1268000 1318.0
1268010 1318.0
1268020 1312.6
1268030 1307.3
1268040 1308.6
1268050 1303.9
1268060 1298.7
1268070 1298.7
1268080 1293.2
1268090 1287.7
1268100 1281.5
1268110 1281.5
1268120 1275.8
1268130 1273.9
1268140 1273.9
1268150 1271.3
1268160 1271.1
1268170 1271.1
1268180 1272.4
1268190 1278.3
1268200 1278.3
1268210 1282.0
1268220 1283.8
1268230 1283.8
1268240 1286.6
1268250 1290.3
1268260 1290.3
1268270 1295.5
1268280 1301.6
1268290 1301.6
1268300 1308.8
1268310 1316.3
1268320 1316.3
1268330 1323.5
1268340 1330.5
1268350 1330.5
1268360 1338.3
1268370 1346.3
1268380 1353.4
1268390 1353.4
1268400 1359.6
1268410 1366.7
1268420 1366.7
1268430 1383.8
1268440 1404.6
1268450 1404.6
1268460 1425.7
1268470 1441.3
1268480 1441.3
1268490 1456.6
1268500 1467.2
1268510 1467.2
1268520 1472.4
1268530 1475.0
1268540 1475.0
1268550 1480.9
1268560 1487.1
1268570 1487.1
1268580 1497.0
1268590 1505.1
1268600 1505.1
1268610 1515.1
1268620 1529.3
1268630 1529.2
1268640 1538.1
1268650 1544.1
1268660 1544.1
1268670 1550.9
1268680 1559.5
1268690 1569.2
1268700 1569.2
1268710 1575.6
1268720 1578.3
1268730 1578.3
1268740 1583.2
1268750 1593.9
1268760 1593.9
1268770 1605.0
1268780 1613.5
1268790 1613.5
1268800 1622.1
1268810 1632.1
1268820 1632.1
1268830 1642.9
1268840 1652.2
1268850 1652.2
1268860 1661.1
1268870 1672.0
1268880 1672.0
1268890 1682.8
1268900 1694.0
1268910 1694.0
1268920 1702.1
1268930 1710.6
1268940 1710.6
1268950 1720.3
1268960 1730.2
1268970 1740.6
1268980 1740.6
1268990 1750.5
1269000 1759.4
1269010 1759.4
1269020 1767.6
1269030 1776.2
1269040 1776.2
1269050 1784.3
1269060 1792.1
1269070 1792.1
1269080 1799.5
1269090 1806.4
1269100 1806.4
1269110 1812.5
1269120 1819.4
1269130 1819.4
1269140 1829.1
1269150 1840.8
1269160 1840.8
1269170 1850.0
1269180 1862.3
1269190 1862.3
1269200 1875.2
1269210 1885.1
1269220 1890.0
1269230 1904.2
1269240 1914.5
1269250 1914.5
1269260 1921.9
1269270 1930.0
1269280 1938.0
1269290 1938.0
1269300 1946.1
1269310 1956.0
1269320 1956.0
1269330 1968.3
1269340 1976.9
1269350 1976.9
1269360 1985.1
1269370 1992.5
1269380 1992.5
1269390 1999.0
1269400 2004.7
1269410 2004.7
1269420 2010.3
1269430 2015.4
1269440 2015.4
1269450 2020.0
1269460 2023.5
1269470 2023.5
1269480 2025.9
1269490 2027.6
1269500 2027.6
1269510 2028.0
1269520 2027.8
1269530 2027.8
1269540 2026.8
1269550 2026.4
1269560 2026.4
1269570 2025.5
1269580 2025.6
1269590 2027.0
1269600 2027.0
1269610 2028.0
1269620 2027.6
1269630 2027.6
1269640 2025.9
1269650 2024.3
1269660 2024.3
1269670 2022.3
1269680 2021.1
1269690 2021.1
1269700 2021.6
1269710 2021.3
1269720 2021.3
1269730 2021.3
1269740 2020.7
1269750 2020.7
1269760 2018.6
1269770 2015.3
1269780 2015.3
1269790 2011.3
1269800 2008.2
1269810 2008.2
1269820 2000.9
1269830 1997.3
1269840 1997.3
1269850 1994.0
1269860 1990.3
1269870 1985.8
1269880 1985.8
1269890 1982.1
1269900 1978.1
1269910 1978.1
1269920 1973.6
1269930 1968.9
1269940 1968.9
1269950 1963.0
1269960 1957.8
1269970 1957.8
1269980 1952.9
1269990 1947.5
1270000 1947.5
1270010 1941.6
1270020 1940.6
1270030 1940.6
1270040 1943.2
1270050 1946.2
1270060 1946.2
1270070 1948.9
1270080 1949.9
1270090 1949.9
1270100 1949.6
1270110 1949.0
1270120 1949.0
1270130 1948.7
1270140 1947.9
1270150 1947.9
1270160 1946.4
1270170 1944.0
1270180 1940.0
1270190 1940.0
1270200 1937.9
1270210 1937.0
1270220 1937.0
1270230 1936.6
1270240 1934.7
1270250 1934.7
1270260 1930.7
1270270 1929.3
1270280 1929.3
1270290 1928.9
1270300 1929.5
1270310 1929.5
1270320 1931.9
1270330 1934.8
1270340 1934.8
1270350 1936.8
1270360 1938.6
1270370 1938.6
1270380 1940.3
1270390 1943.0
1270400 1943.0
1270410 1935.6
1270420 1934.7
1270430 1934.7
1270440 1932.4
1270450 1926.5
1270460 1919.2
1270470 1919.2
1270480 1912.8
1270490 1910.6
1270500 1910.6
1270510 1910.8
1270520 1911.3
1270530 1911.3
1270540 1910.4
1270550 1910.0
1270560 1910.0
1270570 1908.9
1270580 1906.4
1270590 1906.4
1270600 1903.5
1270610 1901.8
1270620 1901.8
1270630 1900.2
1270640 1898.2
1270650 1898.2
1270660 1903.2
1270670 1908.9
1270680 1908.9
1270690 1915.6
1270700 1923.8
1270710 1923.8
1270720 1930.3
1270730 1932.4
1270740 1932.4
1270750 1934.8
1270760 1937.5
1270770 1940.9
1270780 1940.9
1270790 1943.4
1270800 1944.4
1270810 1944.4
1270820 1945.3
1270830 1946.3
1270840 1946.3
1270850 1946.3
1270860 1946.7
1270870 1946.7
1270880 1945.3
1270890 1943.9
1270900 1943.9
1270910 1942.5
1270920 1938.5
1270930 1938.5
1270940 1932.4
1270950 1926.4
1270960 1926.4
1270970 1920.8
1270980 1915.3
1270990 1915.3
1271000 1908.5
1271010 1897.4
1271020 1897.4
1271030 1890.7
1271040 1882.6
1271050 1882.6
1271060 1875.4
1271070 1868.3
1271080 1860.5
1271090 1860.5
1271100 1853.1
1271110 1846.9
1271120 1846.9
1271130 1842.0
1271140 1835.3
1271150 1835.3
1271160 1829.3
1271170 1823.2
1271180 1823.2
1271190 1815.5
1271200 1806.3
1271210 1806.3
1271220 1800.5
1271230 1797.2
1271240 1797.2
1271250 1792.8
1271260 1787.9
1271270 1787.9
1271280 1779.6
1271290 1766.5
1271300 1766.5
1271310 1757.4
1271320 1756.7
1271330 1756.7
1271340 1759.5
1271350 1761.6
1271360 1762.0
1271370 1762.0
1271380 1761.6
1271390 1761.4
1271400 1761.4
1271410 1760.3
1271420 1759.0
1271430 1759.0
1271440 1757.9
1271450 1755.7
1271460 1755.7
1271470 1753.8
1271480 1750.9
1271490 1750.9
1271500 1747.4
1271510 1744.6
1271520 1744.6
1271530 1741.2
1271540 1740.1
1271550 1740.1
1271560 1737.0
1271570 1722.0
1271580 1722.0
1271590 1701.8
1271600 1687.8
1271610 1687.8
1271620 1677.4
1271630 1673.5
1271640 1673.5
1271650 1666.9
1271660 1652.5
1271670 1639.3
1271680 1639.3
1271690 1630.7
1271700 1618.3
1271710 1618.3
1271720 1602.4
1271730 1591.6
1271740 1591.6
1271750 1581.7
1271760 1565.8
1271770 1565.8
1271780 1551.0
1271790 1541.7
1271800 1541.7
1271810 1532.2
1271820 1518.7
1271830 1518.7
1271840 1504.3
1271850 1500.0
1271860 1500.0
1271870 1496.9
1271880 1494.1
1271890 1494.1
1271900 1490.5
1271910 1485.2
1271920 1485.2
1271930 1480.0
1271940 1474.1
1271950 1468.0
1271960 1468.0
1271970 1465.5
1271980 1464.0
1271990 1464.0
1272000 1460.8
1272010 1456.8
1272020 1456.8
1272030 1453.5
1272040 1450.9
1272050 1450.9
1272060 1451.2
1272070 1453.2
1272080 1453.2
1272090 1454.0
1272100 1451.8
1272110 1451.8
1272120 1448.7
1272130 1446.5
1272140 1446.5
1272150 1444.3
1272160 1441.1
1272170 1441.1
1272180 1435.4
1272190 1428.4
1272200 1427.3
1272210 1419.9
1272220 1412.2
1272230 1412.2
1272240 1403.9
1272250 1397.8
1272260 1401.9
1272270 1401.9
1272280 1407.6
1272290 1411.4
1272300 1411.4
1272310 1415.3
1272320 1419.7
1272330 1419.7
1272340 1424.4
1272350 1429.9
1272360 1429.9
1272370 1437.4
1272380 1446.8
1272390 1446.8
1272400 1459.2
1272410 1472.3
1272420 1472.3
1272430 1481.1
1272440 1488.2
1272450 1488.2
1272460 1493.9
1272470 1499.3
1272480 1499.3
1272490 1504.3
1272500 1510.2
1272510 1510.2
1272520 1518.6
1272530 1527.6
1272540 1527.6
1272550 1535.4
1272560 1544.5
1272570 1562.2
1272580 1562.2
1272590 1581.8
1272600 1596.2
1272610 1596.2
1272620 1608.4
1272630 1617.6
1272640 1617.6
1272650 1627.1
1272660 1635.3
1272670 1635.3
1272680 1643.2
1272690 1651.6
1272700 1651.6
1272710 1659.6
1272720 1669.8
1272730 1669.8
1272740 1680.9
1272750 1689.3
1272760 1689.3
1272770 1697.5
1272780 1705.7
1272790 1705.7
1272800 1716.9
1272810 1728.3
1272820 1728.3
1272830 1736.2
1272840 1741.7
1272850 1746.6
1272860 1746.6
1272870 1753.4
1272880 1761.5
1272890 1761.5
1272900 1772.3
1272910 1781.6
1272920 1781.6
1272930 1787.9
1272940 1792.2
1272950 1792.2
1272960 1796.0
1272970 1798.2
1272980 1798.2
1272990 1802.3
1273000 1811.2
1273010 1811.2
1273020 1821.1
1273030 1828.3
1273040 1828.3
1273050 1834.5
1273060 1841.3
1273070 1841.3
1273080 1851.7
1273090 1864.5
1273100 1864.5
1273110 1873.0
1273120 1881.3
1273130 1881.3
1273140 1891.3
1273150 1901.6
1273160 1914.6
1273170 1914.6
1273180 1925.5
1273190 1934.9
1273200 1934.9
1273210 1941.6
1273220 1948.3
1273230 1948.3
1273240 1954.6
1273250 1960.0
1273260 1960.0
1273270 1965.6
1273280 1971.9
1273290 1971.9
1273300 1977.4
1273310 1983.4
1273320 1983.4
1273330 1989.7
1273340 1996.7
1273350 1996.7
1273360 2003.7
1273370 2010.9
1273380 2010.9
1273390 2018.0
1273400 2026.1
1273410 2028.9
1273420 2036.1
1273430 2043.2
1273440 2050.1
1273450 2050.1
1273460 2056.9
1273470 2063.9
1273480 2063.9
1273490 2071.5
1273500 2078.9
1273510 2078.9
1273520 2086.2
1273530 2093.7
1273540 2093.7
1273550 2101.1
1273560 2108.1
1273570 2108.1
1273580 2114.5
1273590 2120.6
1273600 2120.6
1273610 2127.1
1273620 2133.2
1273630 2133.2
1273640 2139.5
1273650 2145.4
1273660 2145.4
1273670 2150.9
1273680 2155.9
1273690 2155.9
1273700 2159.3
1273710 2160.0
1273720 2160.0
1273730 2159.9
1273740 2158.7
1273750 2158.1
1273760 2158.1
1273770 2157.2
1273780 2151.0
1273790 2151.0
1273800 2142.5
1273810 2136.1
1273820 2136.1
1273830 2132.7
1273840 2128.2
1273850 2128.2
1273860 2118.7
1273870 2109.1
1273880 2109.1
1273890 2099.8
1273900 2092.5
1273910 2092.5
1273920 2085.5
1273930 2083.9
1273940 2083.9
1273950 2081.9
1273960 2076.6
1273970 2076.6
1273980 2068.8
1273990 2063.7
1274000 2063.7
1274010 2053.7
1274020 2050.6
1274030 2050.6
1274040 2047.3
1274050 2040.4
1274060 2030.9
1274070 2030.9
1274080 2027.2
1274090 2028.4
1274100 2028.4
1274110 2031.4
1274120 2033.2
1274130 2033.2
1274140 2032.5
1274150 2028.6
1274160 2028.6
1274170 2020.0
1274180 2014.4
1274190 2014.4
1274200 2007.7
1274210 2002.6
1274220 2002.6
1274230 1999.0
1274240 1998.5
1274250 1998.5
1274260 1996.1
1274270 1992.6
1274280 1992.6
1274290 1988.3
1274300 1980.4
1274310 1980.4
1274320 1967.6
1274330 1948.9
1274340 1938.0
1274350 1938.0
1274360 1933.2
1274370 1928.9
1274380 1928.9
1274390 1925.6
1274400 1924.7
1274410 1924.7
1274420 1923.1
1274430 1921.8
1274440 1921.8
1274450 1923.8
1274460 1924.0
1274470 1924.0
1274480 1927.0
1274490 1929.0
1274500 1929.0
1274510 1930.8
1274520 1932.9
1274530 1932.9
1274540 1934.9
1274550 1937.7
1274560 1937.7
1274570 1935.6
1274580 1924.5
1274590 1924.5
1274600 1912.7
1274610 1905.7
1274620 1900.3
1274630 1894.2
1274640 1886.7
1274650 1878.6
1274660 1878.6
1274670 1858.2
1274680 1844.2
1274690 1844.2
1274700 1838.2
1274710 1831.9
1274720 1831.9
1274730 1817.6
1274740 1774.4
1274750 1774.4
1274760 1733.3
1274770 1724.1
1274780 1724.1
1274790 1717.8
1274800 1707.6
1274810 1707.6
1274820 1696.5
1274830 1691.7
1274840 1691.7
1274850 1686.9
1274860 1681.4
1274870 1681.4
1274880 1675.0
1274890 1668.2
1274900 1668.2
1274910 1661.5
1274920 1655.3
1274930 1649.1
1274940 1649.1
1274950 1642.7
1274960 1637.3
1274970 1637.3
1274980 1631.7
1274990 1626.3
1275000 1626.3
1275010 1621.1
1275020 1616.1
1275030 1616.1
1275040 1611.2
1275050 1605.9
1275060 1605.9
1275070 1600.8
1275080 1596.2
1275090 1596.2
1275100 1593.6
1275110 1594.7
1275120 1594.7
1275130 1596.7
1275140 1597.2
1275150 1597.2
1275160 1593.8
1275170 1591.2
1275180 1591.2
1275190 1587.5
1275200 1583.0
1275210 1583.0
1275220 1579.0
1275230 1572.6
1275240 1568.2
1275250 1568.2
1275260 1564.7
1275270 1567.7
1275280 1567.7
1275290 1574.0
1275300 1580.5
1275310 1580.5
1275320 1587.4
1275330 1595.0
1275340 1595.0
1275350 1603.0
1275360 1610.9
1275370 1610.9
1275380 1618.0
1275390 1624.1
1275400 1624.1
1275410 1630.1
1275420 1634.1
1275430 1634.1
1275440 1632.3
1275450 1631.2
1275460 1631.2
1275470 1630.6
1275480 1626.9
1275490 1626.9
1275500 1625.5
1275510 1624.5
1275520 1624.5
1275530 1623.9
1275540 1623.2
1275550 1624.1
1275560 1624.1
1275570 1628.1
1275580 1632.6
1275590 1632.6
1275600 1634.3
1275610 1635.1
1275620 1635.1
1275630 1636.0
1275640 1637.5
1275650 1637.5
1275660 1639.5
1275670 1641.4
1275680 1641.4
1275690 1643.8
1275700 1647.2
1275710 1647.2
1275720 1650.8
1275730 1653.3
1275740 1653.3
1275750 1657.0
1275760 1659.8
1275770 1659.8
1275780 1660.3
1275790 1661.7
1275800 1661.7
1275810 1665.8
1275820 1670.6
1275830 1675.1
1275840 1672.5
1275850 1677.1
1275860 1681.3
1275870 1681.3
1275880 1684.9
1275890 1687.9
1275900 1687.9
1275910 1689.7
1275920 1690.3
1275930 1690.3
1275940 1689.6
1275950 1690.6
1275960 1690.6
1275970 1692.9
1275980 1695.7
1275990 1695.7
1276000 1698.4
1276010 1701.6
1276020 1701.6
1276030 1704.5
1276040 1707.1
1276050 1707.1
1276060 1709.9
1276070 1712.8
1276080 1712.8
1276090 1715.7
1276100 1719.6
1276110 1719.6
1276120 1724.3
1276130 1728.4
1276140 1732.9
1276150 1732.9
1276160 1738.2
1276170 1744.5
1276180 1744.5
1276190 1751.6
1276200 1758.7
1276210 1758.7
1276220 1765.0
1276230 1768.5
1276240 1768.5
1276250 1771.9
1276260 1776.0
1276270 1776.0
1276280 1779.7
1276290 1783.4
1276300 1783.4
1276310 1787.9
1276320 1792.8
1276330 1792.8
1276340 1797.9
1276350 1802.9
1276360 1802.9
1276370 1807.6
1276380 1812.3
1276390 1812.3
1276400 1816.7
1276410 1820.9
1276420 1825.2
1276430 1825.2
1276440 1829.4
1276450 1833.8
1276460 1833.8
1276470 1838.2
1276480 1842.3
1276490 1842.3
1276500 1846.3
1276510 1850.3
1276520 1850.3
1276530 1854.3
1276540 1858.7
1276550 1858.7
1276560 1863.7
1276570 1868.6
1276580 1868.6
1276590 1872.9
1276600 1876.9
1276610 1876.9
1276620 1880.6
1276630 1884.0
1276640 1884.0
1276650 1887.6
1276660 1891.6
1276670 1891.6
1276680 1895.8
1276690 1900.1
1276700 1900.1
1276710 1904.3
1276720 1908.2
1276730 1912.2
1276740 1912.2
1276750 1915.9
1276760 1920.7
1276770 1920.7
1276780 1928.0
1276790 1935.2
1276800 1935.2
1276810 1942.4
1276820 1948.2
1276830 1948.2
1276840 1953.3
1276850 1959.5
1276860 1959.5
1276870 1966.7
1276880 1974.4
1276890 1974.4
1276900 1985.4
1276910 1991.9
1276920 1991.9
1276930 1998.0
1276940 2005.5
1276950 2005.5
1276960 2017.0
1276970 2029.2
1276980 2029.2
1276990 2037.6
1277000 2045.9
1277010 2045.9
1277020 2052.1
1277030 2051.7
1277040 2060.6
1277050 2060.6
1277060 2064.1
1277070 2092.7
1277080 2092.7
1277090 2089.0
1277100 2096.7
1277110 2096.7
1277120 2105.2
1277130 2114.1
1277140 2114.1
1277150 2130.3
1277160 2159.4
1277170 2159.4
1277180 2182.7
1277190 2200.5
1277200 2200.5
1277210 2213.7
1277220 2225.8
1277230 2225.8
1277240 2236.7
1277250 2246.4
1277260 2246.4
1277270 2259.0
1277280 2283.7
1277290 2283.7
1277300 2298.8
1277310 2310.5
1277320 2338.6
1277330 2338.6
1277340 2359.8
1277350 2383.4
1277360 2383.4
1277370 2398.4
1277380 2418.0
1277390 2418.0
1277400 2430.7
1277410 2447.8
1277420 2447.8
1277430 2467.0
1277440 2496.1
1277450 2496.1
1277460 2509.6
1277470 2524.0
1277480 2524.0
1277490 2541.9
1277500 2555.1
1277510 2555.1
1277520 2568.2
1277530 2578.7
1277540 2578.7
1277550 2596.2
1277560 2611.1
1277570 2611.1
1277580 2613.4
1277590 2612.5
1277600 2612.5
1277610 2621.5
1277620 2628.3
1277630 2635.0
1277640 2635.0
1277650 2641.6
1277660 2649.3
1277670 2649.3
1277680 2651.3
1277690 2655.2
1277700 2655.2
1277710 2647.3
1277720 2635.8
1277730 2635.8
1277740 2624.3
1277750 2613.6
1277760 2613.6
1277770 2603.5
1277780 2592.3
1277790 2592.3
1277800 2579.4
1277810 2567.2
1277820 2567.2
1277830 2555.7
1277840 2546.6
1277850 2546.6
1277860 2539.8
1277870 2532.5
1277880 2532.5
1277890 2524.6
1277900 2513.7
1277910 2500.0
1277920 2500.0
1277930 2483.0
1277940 2469.1
1277950 2469.1
1277960 2455.6
1277970 2446.5
1277980 2446.5
1277990 2436.9
1278000 2429.5
1278010 2429.5
1278020 2421.1
1278030 2407.0
1278040 2407.0
1278050 2394.0
1278060 2382.2
1278070 2382.2
1278080 2371.0
1278090 2354.9
1278100 2354.9
1278110 2336.2
1278120 2321.9
1278130 2321.9
1278140 2304.1
1278150 2287.0
1278160 2287.0
1278170 2280.0
1278180 2273.9
1278190 2273.9
1278200 2268.4
1278210 2263.1
1278220 2258.1
1278230 2258.1
1278240 2254.7
1278250 2252.4
1278260 2252.4
1278270 2250.7
1278280 2249.7
1278290 2249.7
1278300 2242.3
1278310 2241.5
1278320 2241.5
1278330 2245.2
1278340 2252.6
1278350 2252.6
1278360 2256.8
1278370 2259.0
1278380 2259.0
1278390 2259.6
1278400 2260.9
1278410 2260.9
1278420 2261.0
1278430 2261.4
1278440 2261.4
1278450 2263.6
1278460 2263.4
1278470 2263.4
1278480 2263.1
1278490 2263.8
1278500 2263.3
1278510 2263.3
1278520 2264.6
1278530 2267.3
1278540 2267.3
1278550 2269.5
1278560 2268.1
1278570 2268.1
1278580 2266.2
1278590 2265.2
1278600 2265.2
1278610 2265.4
1278620 2264.3
1278630 2264.3
1278640 2263.5
1278650 2264.5
1278660 2264.5
1278670 2266.8
1278680 2268.7
1278690 2268.7
1278700 2269.9
1278710 2269.2
1278720 2269.2
1278730 2268.1
1278740 2263.9
1278750 2263.9
1278760 2253.6
1278770 2247.8
1278780 2247.8
1278790 2245.6
1278800 2245.4
1278810 2246.5
1278820 2246.5
1278830 2249.4
1278840 2253.3
1278850 2253.3
1278860 2258.0
1278870 2261.8
1278880 2261.8
1278890 2264.5
1278900 2265.7
1278910 2265.7
1278920 2262.9
1278930 2263.8
1278940 2263.8
1278950 2265.1
1278960 2268.2
1278970 2268.2
1278980 2274.8
1278990 2282.6
1279000 2282.6
1279010 2289.4
1279020 2295.3
1279030 2295.3
1279040 2300.3
1279050 2304.3
1279060 2304.3
1279070 2306.6
1279080 2307.4
1279090 2307.4
1279100 2308.0
1279110 2307.1
1279120 2305.4
1279130 2305.4
1279140 2305.9
1279150 2304.7
1279160 2304.7
1279170 2302.2
1279180 2301.2
1279190 2301.2
1279200 2298.9
1279210 2297.2
1279220 2297.2
1279230 2294.6
1279240 2294.1
1279250 2294.1
1279260 2295.4
1279270 2296.3
1279280 2296.3
1279290 2295.2
1279300 2289.3
1279310 2289.3
1279320 2284.1
1279330 2281.2
1279340 2281.2
1279350 2282.1
1279360 2283.8
1279370 2283.8
1279380 2284.2
1279390 2284.2
1279400 2284.5
1279410 2284.5
1279420 2283.3
1279430 2282.3
1279440 2282.3
1279450 2280.0
1279460 2278.2
1279470 2278.2
1279480 2276.7
1279490 2278.4
1279500 2278.4
1279510 2278.7
1279520 2281.2
1279530 2281.2
1279540 2279.8
1279550 2278.3
1279560 2278.3
1279570 2278.1
1279580 2279.5
1279590 2279.5
1279600 2281.0
1279610 2282.5
1279620 2282.5
1279630 2280.6
1279640 2278.2
1279650 2278.2
1279660 2278.6
1279670 2279.6
1279680 2279.6
1279690 2279.3
1279700 2278.1
1279710 2276.0
1279720 2276.0
1279730 2274.8
1279740 2273.8
1279750 2273.8
1279760 2273.9
1279770 2275.1
1279780 2275.1
1279790 2276.6
1279800 2277.3
1279810 2277.3
1279820 2276.4
1279830 2276.8
1279840 2276.8
1279850 2278.3
1279860 2278.5
1279870 2278.5
1279880 2275.1
1279890 2272.2
1279900 2272.2
1279910 2273.7
1279920 2275.7
1279930 2275.7
1279940 2278.9
1279950 2278.0
1279960 2278.0
1279970 2276.3
1279980 2276.2
1279990 2279.9
