1260000 1411.4
1260010 1410.8
1260020 1410.8
1260030 1409.7
1260040 1411.6
1260050 1411.6
1260060 1414.8
1260070 1417.2
1260080 1417.2
1260090 1418.4
1260100 1419.4
1260110 1419.4
1260120 1421.1
1260130 1422.6
1260140 1422.6
1260150 1424.2
1260160 1425.9
1260170 1425.9
1260180 1427.7
1260190 1429.5
1260200 1429.5
1260210 1431.5
1260220 1433.3
1260230 1435.3
1260240 1435.3
1260250 1437.5
1260260 1439.4
1260270 1439.4
1260280 1440.7
1260290 1442.1
1260300 1442.1
1260310 1443.8
1260320 1446.2
1260330 1446.2
1260340 1449.2
1260350 1453.4
1260360 1453.4
1260370 1457.1
1260380 1460.2
1260390 1460.2
1260400 1462.9
1260410 1465.2
1260420 1465.2
1260430 1467.0
1260440 1469.0
1260450 1469.0
1260460 1470.6
1260470 1471.6
1260480 1471.6
1260490 1473.5
1260500 1475.9
1260510 1478.2
1260520 1478.2
1260530 1480.7
1260540 1483.1
1260550 1483.1
1260560 1484.1
1260570 1485.9
1260580 1485.9
1260590 1486.7
1260600 1487.5
1260610 1487.5
1260620 1489.6
1260630 1491.5
1260640 1491.5
1260650 1493.7
1260660 1496.0
1260670 1496.0
1260680 1498.5
1260690 1501.3
1260700 1501.3
1260710 1504.6
1260720 1507.4
1260730 1507.4
1260740 1509.8
1260750 1512.1
1260760 1512.1
1260770 1513.1
1260780 1514.0
1260790 1514.0
1260800 1518.0
1260810 1522.5
1260820 1527.2
1260830 1527.2
1260840 1534.3
1260850 1543.6
1260860 1543.6
1260870 1549.6
1260880 1554.7
1260890 1554.7
1260900 1560.4
1260910 1567.4
1260920 1567.4
1260930 1574.4
1260940 1578.2
1260950 1578.2
1260960 1583.8
1260970 1588.8
1260980 1588.8
1260990 1591.9
1261000 1592.9
1261010 1592.9
1261020 1593.2
1261030 1592.5
1261040 1592.5
1261050 1588.7
1261060 1580.3
1261070 1580.3
1261080 1571.2
1261090 1561.9
1261100 1561.9
1261110 1557.8
1261120 1555.6
1261130 1554.8
1261140 1548.2
1261150 1548.6
1261160 1550.1
1261170 1550.1
1261180 1554.7
1261190 1558.5
1261200 1558.5
1261210 1558.3
1261220 1560.2
1261230 1560.2
1261240 1563.4
1261250 1564.8
1261260 1564.8
1261270 1567.7
1261280 1573.2
1261290 1573.2
1261300 1579.3
1261310 1582.8
1261320 1582.8
1261330 1585.6
1261340 1588.3
1261350 1588.3
1261360 1591.1
1261370 1593.6
1261380 1593.6
1261390 1595.8
1261400 1596.2
1261410 1594.6
1261420 1594.6
1261430 1591.9
1261440 1589.0
1261450 1589.0
1261460 1586.8
1261470 1584.5
1261480 1584.5
1261490 1581.8
1261500 1578.4
1261510 1578.4
1261520 1578.6
1261530 1584.6
1261540 1584.6
1261550 1593.7
1261560 1602.1
1261570 1602.1
1261580 1610.1
1261590 1618.3
1261600 1618.3
1261610 1623.6
1261620 1628.1
1261630 1628.1
1261640 1633.4
1261650 1639.1
1261660 1639.1
1261670 1645.8
1261680 1654.5
1261690 1654.5
1261700 1666.1
1261710 1671.6
1261720 1677.6
1261730 1677.6
1261740 1682.0
1261750 1684.7
1261760 1684.7
1261770 1688.8
1261780 1694.3
1261790 1694.3
1261800 1698.7
1261810 1700.7
1261820 1700.7
1261830 1701.6
1261840 1702.3
1261850 1702.3
1261860 1702.1
1261870 1701.3
1261880 1701.3
1261890 1701.4
1261900 1701.2
1261910 1701.2
1261920 1701.3
1261930 1701.6
1261940 1701.6
1261950 1702.1
1261960 1703.0
1261970 1703.0
1261980 1703.3
1261990 1702.7
1262000 1702.7
1262010 1701.0
1262020 1701.0
1262030 1702.1
1262040 1702.1
1262050 1703.2
1262060 1704.2
1262070 1704.2
1262080 1704.9
1262090 1706.5
1262100 1706.5
1262110 1707.6
1262120 1706.3
1262130 1706.3
1262140 1703.7
1262150 1702.3
1262160 1702.3
1262170 1702.0
1262180 1702.2
1262190 1702.2
1262200 1702.3
1262210 1701.8
1262220 1701.8
1262230 1700.0
1262240 1697.9
1262250 1697.9
1262260 1696.6
1262270 1696.7
1262280 1690.6
1262290 1690.3
1262300 1690.5
1262310 1690.0
1262320 1690.0
1262330 1688.2
1262340 1685.1
1262350 1685.1
1262360 1683.4
1262370 1681.8
1262380 1681.8
1262390 1679.9
1262400 1678.0
1262410 1678.0
1262420 1676.4
1262430 1675.5
1262440 1675.5
1262450 1675.9
1262460 1675.5
1262470 1675.5
1262480 1674.2
1262490 1672.2
1262500 1672.2
1262510 1670.2
1262520 1668.9
1262530 1668.9
1262540 1667.7
1262550 1667.1
1262560 1667.1
1262570 1666.3
1262580 1665.4
1262590 1665.4
1262600 1664.3
1262610 1661.6
1262620 1654.2
1262630 1654.2
1262640 1643.6
1262650 1636.8
1262660 1636.8
1262670 1629.8
1262680 1619.8
1262690 1619.8
1262700 1616.0
1262710 1618.1
1262720 1618.1
1262730 1621.1
1262740 1622.1
1262750 1622.1
1262760 1622.1
1262770 1621.9
1262780 1621.9
1262790 1623.7
1262800 1625.3
1262810 1625.3
1262820 1625.9
1262830 1626.0
1262840 1626.0
1262850 1621.4
1262860 1624.2
1262870 1624.2
1262880 1627.9
1262890 1631.1
1262900 1631.1
1262910 1633.5
1262920 1635.1
1262930 1635.9
1262940 1635.9
1262950 1636.4
1262960 1636.6
1262970 1636.6
1262980 1635.5
1262990 1634.8
1263000 1634.8
1263010 1634.0
1263020 1634.8
1263030 1634.8
1263040 1634.5
1263050 1631.9
1263060 1631.9
1263070 1621.1
1263080 1585.8
1263090 1585.8
1263100 1553.6
1263110 1518.2
1263120 1518.2
1263130 1500.1
1263140 1499.7
1263150 1499.7
1263160 1494.7
1263170 1486.3
1263180 1486.3
1263190 1484.1
1263200 1479.5
1263210 1479.3
1263220 1479.3
1263230 1483.4
1263240 1488.6
1263250 1488.6
1263260 1493.4
1263270 1497.7
1263280 1497.7
1263290 1499.2
1263300 1498.6
1263310 1498.6
1263320 1498.0
1263330 1499.1
1263340 1499.1
1263350 1501.0
1263360 1501.6
1263370 1501.6
1263380 1498.3
1263390 1488.5
1263400 1488.5
1263410 1476.7
1263420 1467.8
1263430 1457.8
1263440 1448.9
1263450 1446.4
1263460 1446.4
1263470 1442.3
1263480 1437.7
1263490 1437.7
1263500 1433.6
1263510 1427.3
1263520 1417.2
1263530 1417.2
1263540 1410.2
1263550 1399.3
1263560 1399.3
1263570 1396.5
1263580 1410.0
1263590 1410.0
1263600 1424.0
1263610 1434.2
1263620 1434.2
1263630 1444.8
1263640 1460.4
1263650 1460.4
1263660 1472.5
1263670 1479.5
1263680 1479.5
1263690 1487.0
1263700 1495.0
1263710 1495.0
1263720 1503.1
1263730 1511.7
1263740 1511.7
1263750 1519.1
1263760 1527.2
1263770 1527.2
1263780 1535.0
1263790 1539.7
1263800 1539.7
1263810 1544.3
1263820 1549.9
1263830 1557.2
1263840 1557.2
1263850 1567.1
1263860 1578.2
1263870 1578.2
1263880 1589.3
1263890 1598.4
1263900 1598.4
1263910 1610.3
1263920 1619.7
1263930 1619.7
1263940 1627.6
1263950 1634.9
1263960 1634.9
1263970 1643.2
1263980 1652.1
1263990 1652.1
1264000 1661.0
1264010 1681.0
1264020 1681.0
1264030 1711.6
1264040 1747.0
1264050 1747.0
1264060 1782.0
1264070 1802.0
1264080 1802.0
1264090 1819.1
1264100 1829.9
1264110 1837.9
1264120 1837.9
1264130 1842.8
1264140 1844.8
1264150 1844.8
1264160 1846.1
1264170 1846.6
1264180 1846.6
1264190 1846.4
1264200 1846.9
1264210 1846.9
1264220 1847.5
1264230 1848.0
1264240 1848.0
1264250 1848.7
1264260 1849.0
1264270 1849.0
1264280 1848.8
1264290 1849.6
1264300 1849.6
1264310 1851.1
1264320 1852.3
1264330 1852.3
1264340 1853.6
1264350 1855.6
1264360 1855.6
1264370 1857.4
1264380 1858.3
1264390 1858.3
1264400 1860.5
1264410 1862.5
1264420 1864.7
1264430 1864.7
1264440 1866.3
1264450 1867.1
1264460 1867.1
1264470 1868.2
1264480 1869.8
1264490 1869.8
1264500 1871.4
1264510 1872.4
1264520 1872.4
1264530 1873.9
1264540 1874.5
1264550 1874.5
1264560 1875.4
1264570 1877.9
1264580 1877.9
1264590 1875.7
1264600 1877.9
1264610 1877.9
1264620 1880.3
1264630 1882.2
1264640 1882.2
1264650 1883.3
1264660 1885.1
1264670 1885.1
1264680 1887.0
1264690 1888.5
1264700 1888.5
1264710 1890.0
1264720 1891.8
1264730 1894.0
1264740 1894.0
1264750 1894.9
1264760 1897.0
1264770 1897.0
1264780 1899.7
1264790 1902.7
1264800 1902.7
1264810 1905.1
1264820 1906.3
1264830 1906.3
1264840 1906.6
1264850 1906.5
1264860 1906.5
1264870 1906.2
1264880 1905.2
1264890 1905.2
1264900 1905.8
1264910 1906.5
1264920 1906.5
1264930 1906.5
1264940 1906.0
1264950 1906.0
1264960 1904.9
1264970 1904.3
1264980 1904.3
1264990 1902.7
1265000 1896.8
1265010 1887.1
1265020 1887.1
1265030 1869.8
1265040 1847.4
1265050 1847.4
1265060 1803.7
1265070 1788.2
1265080 1788.2
1265090 1781.5
1265100 1776.1
1265110 1776.1
1265120 1775.1
1265130 1777.5
1265140 1777.5
1265150 1779.3
1265160 1769.5
1265170 1758.6
1265180 1741.6
1265190 1730.4
1265200 1730.4
1265210 1720.4
1265220 1713.2
1265230 1713.2
1265240 1704.5
1265250 1703.2
1265260 1703.2
1265270 1705.0
1265280 1706.1
1265290 1706.1
1265300 1705.8
1265310 1702.9
1265320 1698.9
1265330 1698.9
1265340 1693.9
1265350 1689.5
1265360 1689.5
1265370 1687.3
1265380 1687.4
1265390 1687.4
1265400 1687.3
1265410 1686.3
1265420 1686.3
1265430 1685.0
1265440 1684.7
1265450 1684.7
1265460 1683.4
1265470 1682.0
1265480 1682.0
1265490 1679.9
1265500 1677.2
1265510 1677.2
1265520 1677.6
1265530 1678.2
1265540 1678.2
1265550 1678.6
1265560 1679.5
1265570 1679.5
1265580 1680.1
1265590 1679.8
1265600 1679.8
1265610 1678.5
1265620 1685.2
1265630 1695.5
1265640 1695.5
1265650 1701.3
1265660 1705.7
1265670 1705.7
1265680 1711.1
1265690 1717.9
1265700 1717.9
1265710 1724.9
1265720 1729.8
1265730 1729.8
1265740 1734.2
1265750 1736.7
1265760 1736.7
1265770 1743.1
1265780 1749.4
1265790 1749.4
1265800 1753.3
1265810 1757.2
1265820 1757.2
1265830 1760.8
1265840 1763.9
1265850 1763.9
1265860 1767.5
1265870 1772.7
1265880 1772.7
1265890 1780.0
1265900 1787.8
1265910 1794.2
1265920 1794.2
1265930 1801.5
1265940 1814.6
1265950 1814.6
1265960 1845.4
1265970 1893.1
1265980 1893.1
1265990 1913.7
1266000 1935.7
1266010 1935.7
1266020 1947.5
1266030 1955.2
1266040 1955.2
1266050 1962.7
1266060 1965.3
1266070 1965.3
1266080 1968.0
1266090 1972.8
1266100 1972.8
1266110 1981.4
1266120 1995.4
1266130 1995.4
1266140 2007.7
1266150 2015.1
1266160 2015.1
1266170 2023.7
1266180 2032.8
1266190 2032.8
1266200 2043.1
1266210 2051.1
1266220 2057.1
1266230 2057.1
1266240 2063.7
1266250 2069.8
1266260 2069.8
1266270 2078.5
1266280 2088.4
1266290 2088.4
1266300 2093.8
1266310 2099.9
1266320 2099.9
1266330 2104.1
1266340 2110.2
1266350 2110.2
1266360 2116.4
1266370 2123.6
1266380 2123.6
1266390 2130.8
1266400 2137.7
1266410 2137.7
1266420 2144.5
1266430 2151.9
1266440 2151.9
1266450 2161.7
1266460 2169.9
1266470 2169.9
1266480 2177.5
1266490 2185.7
1266500 2185.7
1266510 2194.3
1266520 2206.2
1266530 2219.9
1266540 2219.9
1266550 2233.8
1266560 2248.9
1266570 2248.9
1266580 2259.0
1266590 2268.7
1266600 2268.7
1266610 2278.1
1266620 2290.7
1266630 2290.7
1266640 2301.9
1266650 2303.2
1266660 2303.2
1266670 2303.2
1266680 2303.5
1266690 2303.5
1266700 2304.3
1266710 2304.8
1266720 2304.8
1266730 2305.5
1266740 2305.3
1266750 2305.3
1266760 2304.2
1266770 2301.9
1266780 2301.9
1266790 2297.8
1266800 2293.2
1266810 2289.6
1266820 2289.6
1266830 2284.1
1266840 2279.9
1266850 2279.9
1266860 2275.8
1266870 2272.3
1266880 2272.3
1266890 2269.2
1266900 2263.5
1266910 2263.5
1266920 2248.7
1266930 2226.3
1266940 2226.3
1266950 2200.8
1266960 2180.4
1266970 2180.4
1266980 2167.1
1266990 2151.3
1267000 2151.3
1267010 2138.1
1267020 2125.5
1267030 2125.5
1267040 2115.6
1267050 2107.7
1267060 2107.7
1267070 2099.6
1267080 2092.1
1267090 2092.1
1267100 2084.4
1267110 2076.8
1267120 2069.0
1267130 2069.0
1267140 2060.4
1267150 2052.9
1267160 2052.9
1267170 2046.3
1267180 2039.8
1267190 2039.8
1267200 2033.1
1267210 2025.7
1267220 2025.7
1267230 2016.6
1267240 2007.8
1267250 2007.8
1267260 2000.9
1267270 1994.9
1267280 1994.9
1267290 1989.3
1267300 1983.5
1267310 1983.5
1267320 1977.4
1267330 1971.4
1267340 1971.4
1267350 1965.3
1267360 1959.5
1267370 1959.5
1267380 1953.5
1267390 1942.6
1267400 1942.6
1267410 1933.4
1267420 1926.1
1267430 1920.6
1267440 1920.6
1267450 1914.2
1267460 1907.8
1267470 1907.8
1267480 1897.1
1267490 1887.9
1267500 1886.7
1267510 1880.3
1267520 1876.1
1267530 1876.1
1267540 1872.1
1267550 1864.4
1267560 1864.4
1267570 1855.3
1267580 1848.1
1267590 1848.1
1267600 1841.8
1267610 1834.0
1267620 1834.0
1267630 1827.3
1267640 1820.0
1267650 1820.0
1267660 1810.0
1267670 1801.0
1267680 1801.0
1267690 1794.9
1267700 1793.5
1267710 1794.7
1267720 1794.7
1267730 1791.3
1267740 1789.7
1267750 1789.7
1267760 1784.9
1267770 1774.4
1267780 1774.4
1267790 1769.6
1267800 1764.1
1267810 1764.1
1267820 1748.8
1267830 1741.3
1267840 1741.3
1267850 1733.2
1267860 1724.1
1267870 1724.1
1267880 1716.5
1267890 1708.3
1267900 1708.3
1267910 1706.1
1267920 1692.5
1267930 1692.5
1267940 1682.8
1267950 1680.6
1267960 1680.6
1267970 1680.1
1267980 1678.9
1267990 1678.9
1268000 1676.2
1268010 1672.8
1268020 1669.8
1268030 1669.8
1268040 1664.6
1268050 1657.8
1268060 1657.8
1268070 1661.9
1268080 1675.9
1268090 1672.1
1268100 1682.6
1268110 1699.0
1268120 1699.0
1268130 1718.6
1268140 1737.0
1268150 1737.0
1268160 1766.3
1268170 1806.9
1268180 1806.9
1268190 1818.5
1268200 1824.3
1268210 1824.3
1268220 1826.9
1268230 1829.7
1268240 1829.7
1268250 1834.1
1268260 1837.3
1268270 1837.3
1268280 1841.2
1268290 1844.6
1268300 1844.6
1268310 1845.2
1268320 1843.1
1268330 1839.4
1268340 1839.4
1268350 1831.5
1268360 1814.5
1268370 1814.5
1268380 1797.9
1268390 1781.2
1268400 1781.2
1268410 1774.1
1268420 1775.7
1268430 1775.7
1268440 1776.5
1268450 1770.5
1268460 1770.5
1268470 1748.7
1268480 1728.4
1268490 1728.4
1268500 1713.2
1268510 1710.4
1268520 1710.4
1268530 1699.4
1268540 1693.0
1268550 1693.0
1268560 1682.7
1268570 1674.9
1268580 1674.9
1268590 1671.8
1268600 1668.3
1268610 1663.9
1268620 1663.9
1268630 1658.9
1268640 1654.7
1268650 1654.7
1268660 1648.0
1268670 1645.7
1268680 1636.3
1268690 1629.7
1268700 1612.8
1268710 1612.8
1268720 1595.8
1268730 1593.5
1268740 1593.5
1268750 1593.6
1268760 1586.5
1268770 1586.5
1268780 1578.0
1268790 1574.4
1268800 1574.4
1268810 1572.6
1268820 1572.2
1268830 1572.2
1268840 1574.1
1268850 1577.4
1268860 1577.4
1268870 1584.6
1268880 1597.1
1268890 1597.1
1268900 1610.1
1268910 1614.4
1268920 1607.4
1268930 1607.4
1268940 1612.8
1268950 1618.2
1268960 1618.2
1268970 1623.9
1268980 1628.0
1268990 1628.0
1269000 1631.1
1269010 1633.1
1269020 1633.1
1269030 1635.4
1269040 1638.9
1269050 1638.9
1269060 1642.9
1269070 1646.7
1269080 1646.7
1269090 1650.8
1269100 1656.3
1269110 1656.3
1269120 1661.9
1269130 1666.5
1269140 1666.5
1269150 1673.9
1269160 1682.2
1269170 1682.2
1269180 1688.3
1269190 1694.0
1269200 1694.0
1269210 1700.5
1269220 1707.2
1269230 1714.8
1269240 1714.8
1269250 1724.6
1269260 1728.7
1269270 1736.0
1269280 1739.4
1269290 1743.5
1269300 1743.5
1269310 1747.7
1269320 1754.5
1269330 1754.5
1269340 1760.7
1269350 1766.2
1269360 1766.2
1269370 1772.4
1269380 1779.5
1269390 1779.5
1269400 1786.1
1269410 1794.8
1269420 1794.8
1269430 1803.2
1269440 1812.4
1269450 1812.4
1269460 1829.1
1269470 1842.4
1269480 1842.4
1269490 1851.9
1269500 1874.0
1269510 1905.4
1269520 1905.4
1269530 1927.0
1269540 1939.0
1269550 1939.0
1269560 1947.1
1269570 1953.2
1269580 1953.2
1269590 1960.7
1269600 1968.3
1269610 1968.3
1269620 1975.6
1269630 1983.2
1269640 1983.2
1269650 1990.8
1269660 1997.8
1269670 1997.8
1269680 2004.3
1269690 2014.0
1269700 2014.0
1269710 2028.9
1269720 2038.4
1269730 2038.4
1269740 2045.3
1269750 2052.5
1269760 2052.5
1269770 2059.7
1269780 2067.8
1269790 2067.8
1269800 2077.2
1269810 2085.7
1269820 2093.2
1269830 2093.2
1269840 2100.6
1269850 2108.1
1269860 2108.1
1269870 2115.2
1269880 2123.5
1269890 2123.5
1269900 2132.3
1269910 2140.6
1269920 2140.6
1269930 2149.2
1269940 2158.0
1269950 2158.0
1269960 2167.9
1269970 2177.4
1269980 2177.4
1269990 2185.9
1270000 2193.9
1270010 2193.9
1270020 2201.9
1270030 2209.7
1270040 2209.7
1270050 2216.8
1270060 2222.5
1270070 2222.5
1270080 2223.7
1270090 2223.2
1270100 2223.2
1270110 2224.5
1270120 2228.4
1270130 2231.2
1270140 2231.2
1270150 2235.6
1270160 2241.4
1270170 2241.4
1270180 2248.7
1270190 2257.0
1270200 2257.0
1270210 2265.6
1270220 2274.5
1270230 2274.5
1270240 2284.9
1270250 2291.6
1270260 2291.6
1270270 2296.7
1270280 2302.0
1270290 2302.0
1270300 2307.1
1270310 2312.0
1270320 2312.0
1270330 2316.9
1270340 2322.0
1270350 2322.0
1270360 2327.3
1270370 2329.7
1270380 2329.7
1270390 2322.4
1270400 2314.1
1270410 2309.2
1270420 2309.2
1270430 2307.5
1270440 2303.9
1270450 2303.9
1270460 2292.0
1270470 2287.3
1270480 2287.3
1270490 2282.9
1270500 2278.0
1270510 2278.0
1270520 2272.8
1270530 2268.7
1270540 2268.7
1270550 2265.9
1270560 2265.2
1270570 2265.2
1270580 2264.0
1270590 2261.6
1270600 2261.6
1270610 2261.1
1270620 2263.9
1270630 2263.9
1270640 2267.5
1270650 2271.1
1270660 2271.1
1270670 2274.6
1270680 2278.5
1270690 2278.5
1270700 2281.3
1270710 2284.2
1270720 2288.7
1270730 2288.7
1270740 2292.7
1270750 2295.9
1270760 2295.9
1270770 2298.0
1270780 2294.8
1270790 2294.8
1270800 2287.7
1270810 2281.4
1270820 2281.4
1270830 2275.0
1270840 2268.2
1270850 2268.2
1270860 2261.3
1270870 2253.7
1270880 2253.7
1270890 2245.9
1270900 2238.8
1270910 2238.8
1270920 2231.2
1270930 2223.5
1270940 2223.5
1270950 2215.7
1270960 2209.3
1270970 2209.3
1270980 2206.9
1270990 2203.8
1271000 2203.8
1271010 2199.9
1271020 2196.2
1271030 2192.4
1271040 2192.4
1271050 2186.4
1271060 2172.1
1271070 2172.1
1271080 2168.3
1271090 2167.7
1271100 2167.7
1271110 2166.4
1271120 2163.3
1271130 2163.3
1271140 2160.5
1271150 2157.9
1271160 2157.9
1271170 2156.3
1271180 2150.5
1271190 2150.5
1271200 2148.3
1271210 2151.0
1271220 2151.0
1271230 2153.8
1271240 2155.8
1271250 2155.8
1271260 2157.6
1271270 2157.4
1271280 2157.4
1271290 2152.9
1271300 2147.7
1271310 2143.7
1271320 2143.7
1271330 2140.1
1271340 2137.0
1271350 2137.0
1271360 2134.4
1271370 2127.0
1271380 2127.0
1271390 2113.5
1271400 2101.0
1271410 2101.0
1271420 2088.2
1271430 2074.3
1271440 2074.3
1271450 2063.3
1271460 2060.5
1271470 2060.5
1271480 2057.8
1271490 2056.9
1271500 2056.9
1271510 2056.8
1271520 2054.7
1271530 2054.7
1271540 2051.8
1271550 2047.7
1271560 2047.7
1271570 2045.9
1271580 2040.8
1271590 2040.8
1271600 2035.6
1271610 2033.1
1271620 2027.9
1271630 2027.9
1271640 2027.3
1271650 2024.7
1271660 2017.3
1271670 2016.1
1271680 2015.0
1271690 2015.0
1271700 2002.7
1271710 1986.2
1271720 1986.2
1271730 1979.3
1271740 1971.2
1271750 1971.2
1271760 1957.2
1271770 1944.8
1271780 1944.8
1271790 1933.1
1271800 1923.4
1271810 1923.4
1271820 1913.0
1271830 1900.9
1271840 1900.9
1271850 1890.2
1271860 1879.3
1271870 1879.3
1271880 1869.0
1271890 1862.8
1271900 1862.8
1271910 1857.1
1271920 1852.7
1271930 1849.0
1271940 1849.0
1271950 1842.1
1271960 1826.0
1271970 1826.0
1271980 1815.8
1271990 1806.5
1272000 1806.5
1272010 1797.3
1272020 1781.6
1272030 1781.6
1272040 1766.9
1272050 1755.6
1272060 1755.6
1272070 1745.5
1272080 1728.2
1272090 1728.2
1272100 1709.4
1272110 1693.7
1272120 1693.7
1272130 1692.3
1272140 1688.4
1272150 1688.4
1272160 1681.8
1272170 1664.6
1272180 1664.6
1272190 1650.1
1272200 1621.4
1272210 1584.7
1272220 1584.7
1272230 1574.7
1272240 1571.5
1272250 1571.5
1272260 1563.3
1272270 1564.6
1272280 1564.6
1272290 1567.3
1272300 1569.8
1272310 1569.8
1272320 1572.1
1272330 1573.6
1272340 1573.6
1272350 1574.6
1272360 1574.9
1272370 1574.9
1272380 1574.3
1272390 1573.3
1272400 1573.3
1272410 1570.1
1272420 1562.1
1272430 1562.1
1272440 1561.6
1272450 1568.7
1272460 1568.7
1272470 1572.8
1272480 1572.1
1272490 1572.1
1272500 1572.2
1272510 1569.1
1272520 1563.4
1272530 1563.4
1272540 1561.2
1272550 1575.2
1272560 1575.2
1272570 1581.3
1272580 1583.9
1272590 1583.9
1272600 1587.2
1272610 1586.9
1272620 1586.9
1272630 1585.1
1272640 1583.9
1272650 1583.9
1272660 1583.1
1272670 1584.8
1272680 1584.8
1272690 1586.5
1272700 1590.4
1272710 1590.4
1272720 1596.1
1272730 1611.2
1272740 1611.2
1272750 1624.4
1272760 1634.6
1272770 1634.6
1272780 1645.3
1272790 1656.0
1272800 1656.0
1272810 1664.8
1272820 1673.6
1272830 1684.2
1272840 1684.2
1272850 1693.9
1272860 1704.5
1272870 1704.5
1272880 1715.1
1272890 1729.4
1272900 1729.4
1272910 1740.1
1272920 1754.5
1272930 1754.5
1272940 1777.2
1272950 1789.5
1272960 1789.5
1272970 1799.4
1272980 1807.1
1272990 1807.1
1273000 1813.8
1273010 1826.9
1273020 1826.9
1273030 1844.7
1273040 1855.0
1273050 1855.0
1273060 1864.2
1273070 1871.7
1273080 1871.7
1273090 1881.3
1273100 1893.0
1273110 1905.2
1273120 1905.2
1273130 1915.2
1273140 1926.7
1273150 1926.7
1273160 1936.9
1273170 1946.6
1273180 1946.6
1273190 1952.7
1273200 1960.8
1273210 1960.8
1273220 1972.2
1273230 1980.3
1273240 1980.3
1273250 1987.2
1273260 1994.1
1273270 1994.1
1273280 2001.5
1273290 2009.3
1273300 2009.3
1273310 2017.0
1273320 2028.5
1273330 2028.5
1273340 2041.3
1273350 2050.4
1273360 2050.4
1273370 2057.7
1273380 2064.6
1273390 2064.6
1273400 2071.6
1273410 2078.6
1273420 2087.3
1273430 2087.3
1273440 2097.0
1273450 2105.8
1273460 2109.2
1273470 2115.7
1273480 2125.3
1273490 2125.3
1273500 2137.3
1273510 2148.0
1273520 2148.0
1273530 2155.2
1273540 2163.9
1273550 2163.9
1273560 2172.8
1273570 2181.4
1273580 2181.4
1273590 2189.8
1273600 2198.4
1273610 2198.4
1273620 2206.2
1273630 2213.9
1273640 2213.9
1273650 2222.3
1273660 2234.7
1273670 2234.7
1273680 2244.7
1273690 2252.8
1273700 2252.8
1273710 2261.7
1273720 2280.7
1273730 2294.8
1273740 2294.8
1273750 2303.3
1273760 2313.1
1273770 2313.1
1273780 2320.8
1273790 2327.1
1273800 2327.1
1273810 2335.3
1273820 2341.8
1273830 2341.8
1273840 2347.8
1273850 2354.8
1273860 2354.8
1273870 2362.9
1273880 2368.6
1273890 2368.6
1273900 2374.4
1273910 2380.5
1273920 2380.5
1273930 2386.7
1273940 2393.2
1273950 2393.2
1273960 2398.7
1273970 2403.2
1273980 2403.2
1273990 2405.6
1274000 2401.9
1274010 2395.0
1274020 2395.0
1274030 2387.3
1274040 2376.5
1274050 2376.5
1274060 2366.8
1274070 2353.1
1274080 2353.1
1274090 2343.0
1274100 2327.8
1274110 2327.8
1274120 2306.6
1274130 2291.5
1274140 2291.5
1274150 2259.7
1274160 2247.2
1274170 2247.2
1274180 2242.3
1274190 2237.6
1274200 2237.6
1274210 2233.0
1274220 2228.7
1274230 2228.7
1274240 2224.7
1274250 2221.6
1274260 2221.6
1274270 2219.5
1274280 2217.3
1274290 2217.3
1274300 2214.7
1274310 2211.6
1274320 2208.3
1274330 2208.3
1274340 2205.4
1274350 2202.3
1274360 2202.3
1274370 2197.3
1274380 2192.2
1274390 2192.2
1274400 2188.7
1274410 2182.4
1274420 2182.4
1274430 2171.0
1274440 2131.8
1274450 2131.8
1274460 2068.5
1274470 2051.4
1274480 2051.4
1274490 2040.4
1274500 2029.0
1274510 2029.0
1274520 2018.7
1274530 2008.3
1274540 2008.3
1274550 1999.0
1274560 1988.6
1274570 1988.6
1274580 1985.7
1274590 1984.8
1274600 1984.8
1274610 1980.1
1274620 1974.0
1274630 1972.1
1274640 1972.1
1274650 1971.0
1274660 1966.6
1274670 1958.8
1274680 1955.6
1274690 1953.9
1274700 1953.9
1274710 1953.1
1274720 1952.0
1274730 1952.0
1274740 1950.6
1274750 1946.5
1274760 1946.5
1274770 1941.8
1274780 1937.7
1274790 1937.7
1274800 1934.5
1274810 1931.8
1274820 1931.8
1274830 1929.0
1274840 1925.4
1274850 1925.4
1274860 1921.8
1274870 1918.2
1274880 1918.2
1274890 1914.9
1274900 1913.0
1274910 1913.4
1274920 1913.4
1274930 1913.3
1274940 1911.6
1274950 1911.6
1274960 1908.9
1274970 1906.9
1274980 1906.9
1274990 1905.6
1275000 1904.6
1275010 1904.6
1275020 1903.6
1275030 1902.5
1275040 1902.5
1275050 1902.0
1275060 1903.7
1275070 1903.7
1275080 1903.8
1275090 1904.1
1275100 1904.1
1275110 1905.5
1275120 1907.4
1275130 1907.4
1275140 1910.4
1275150 1915.5
1275160 1915.5
1275170 1920.9
1275180 1924.6
1275190 1924.6
1275200 1924.8
1275210 1923.6
1275220 1920.1
1275230 1920.1
1275240 1919.1
1275250 1919.6
1275260 1919.6
1275270 1920.0
1275280 1911.8
1275290 1911.8
1275300 1913.6
1275310 1914.6
1275320 1914.6
1275330 1915.4
1275340 1913.0
1275350 1913.0
1275360 1911.6
1275370 1906.9
1275380 1906.9
1275390 1898.8
1275400 1898.8
1275410 1898.8
1275420 1901.0
1275430 1902.8
1275440 1902.8
1275450 1908.3
1275460 1911.4
1275470 1911.4
1275480 1910.9
1275490 1914.1
1275500 1914.1
1275510 1917.6
1275520 1921.0
1275530 1925.6
1275540 1925.6
1275550 1928.3
1275560 1927.2
1275570 1927.2
1275580 1927.1
1275590 1928.2
1275600 1928.2
1275610 1931.8
1275620 1933.4
1275630 1933.4
1275640 1937.3
1275650 1946.7
1275660 1946.7
1275670 1953.4
1275680 1960.4
1275690 1960.4
1275700 1964.0
1275710 1966.4
1275720 1966.4
1275730 1967.5
1275740 1969.6
1275750 1969.6
1275760 1974.3
1275770 1981.4
1275780 1981.4
1275790 1985.3
1275800 1987.6
1275810 1992.4
1275820 1992.4
1275830 1998.5
1275840 2002.7
1275850 2002.7
1275860 2004.6
1275870 2006.0
1275880 2006.0
1275890 2002.2
1275900 2005.3
1275910 2005.3
1275920 2008.3
1275930 2011.4
1275940 2011.4
1275950 2016.0
1275960 2021.3
1275970 2021.3
1275980 2026.9
1275990 2033.0
1276000 2033.0
1276010 2039.5
1276020 2046.3
1276030 2046.3
1276040 2053.4
1276050 2061.6
1276060 2061.6
1276070 2071.0
1276080 2081.3
1276090 2081.3
1276100 2094.1
1276110 2107.5
1276120 2123.7
1276130 2123.7
1276140 2137.8
1276150 2148.9
1276160 2148.9
1276170 2158.4
1276180 2166.8
1276190 2166.8
1276200 2175.3
1276210 2184.4
1276220 2184.4
1276230 2191.7
1276240 2196.9
1276250 2196.9
1276260 2201.2
1276270 2204.1
1276280 2204.1
1276290 2203.7
1276300 2199.5
1276310 2199.5
1276320 2190.0
1276330 2176.0
1276340 2176.0
1276350 2168.1
1276360 2160.6
1276370 2160.6
1276380 2150.0
1276390 2130.7
1276400 2130.7
1276410 2102.9
1276420 2091.0
1276430 2085.2
1276440 2085.2
1276450 2079.1
1276460 2072.5
1276470 2072.5
1276480 2066.0
1276490 2061.2
1276500 2061.2
1276510 2055.6
1276520 2055.2
1276530 2055.2
1276540 2055.9
1276550 2056.3
1276560 2056.3
1276570 2056.6
1276580 2056.8
1276590 2056.8
1276600 2058.0
1276610 2058.9
1276620 2058.9
1276630 2059.9
1276640 2062.6
1276650 2062.6
1276660 2068.1
1276670 2072.4
1276680 2072.4
1276690 2075.3
1276700 2079.2
1276710 2083.8
1276720 2083.8
1276730 2089.1
1276740 2096.7
1276750 2096.7
1276760 2103.7
1276770 2110.9
1276780 2110.9
1276790 2118.8
1276800 2127.8
1276810 2127.8
1276820 2138.2
1276830 2147.8
1276840 2147.8
1276850 2156.0
1276860 2166.3
1276870 2166.3
1276880 2177.0
1276890 2184.0
1276900 2184.0
1276910 2186.7
1276920 2186.4
1276930 2186.4
1276940 2188.5
1276950 2191.8
1276960 2191.8
1276970 2194.0
1276980 2195.4
1276990 2195.4
1277000 2196.7
1277010 2198.3
1277020 2195.5
1277030 2195.5
1277040 2193.2
1277050 2194.5
1277060 2194.5
1277070 2194.9
1277080 2193.2
1277090 2193.2
1277100 2193.0
1277110 2194.0
1277120 2186.8
1277130 2189.8
1277140 2192.4
1277150 2192.4
1277160 2193.0
1277170 2193.0
1277180 2193.0
1277190 2194.3
1277200 2196.4
1277210 2196.4
1277220 2198.4
1277230 2200.5
1277240 2200.5
1277250 2202.1
1277260 2204.4
1277270 2204.4
1277280 2207.6
1277290 2211.3
1277300 2214.7
1277310 2214.7
1277320 2218.1
1277330 2221.3
1277340 2221.3
1277350 2223.6
1277360 2225.5
1277370 2225.5
1277380 2228.3
1277390 2231.3
1277400 2231.3
1277410 2234.1
1277420 2237.2
1277430 2237.2
1277440 2241.0
1277450 2244.5
1277460 2244.5
1277470 2248.3
1277480 2252.4
1277490 2252.4
1277500 2256.2
1277510 2259.7
1277520 2259.7
1277530 2262.4
1277540 2264.3
1277550 2264.3
1277560 2266.1
1277570 2267.7
1277580 2267.7
1277590 2269.1
1277600 2271.1
1277610 2273.1
1277620 2273.1
1277630 2275.3
1277640 2277.3
1277650 2277.3
1277660 2280.1
1277670 2282.3
1277680 2282.3
1277690 2283.6
1277700 2285.0
1277710 2285.0
1277720 2286.4
1277730 2287.5
1277740 2283.4
1277750 2287.0
1277760 2293.0
1277770 2293.0
1277780 2299.3
1277790 2305.8
1277800 2305.8
1277810 2312.1
1277820 2318.1
1277830 2318.1
1277840 2324.5
1277850 2331.2
1277860 2331.2
1277870 2337.9
1277880 2344.8
1277890 2344.8
1277900 2354.2
1277910 2374.1
1277920 2388.9
1277930 2388.9
1277940 2397.9
1277950 2408.4
1277960 2408.4
1277970 2418.1
1277980 2425.7
1277990 2425.7
1278000 2432.1
1278010 2439.0
1278020 2439.0
1278030 2447.0
1278040 2454.4
1278050 2454.4
1278060 2462.0
1278070 2470.8
1278080 2470.8
1278090 2481.4
1278100 2498.7
1278110 2498.7
1278120 2509.1
1278130 2522.2
1278140 2522.2
1278150 2528.7
1278160 2537.4
1278170 2537.4
1278180 2536.0
1278190 2511.6
1278200 2512.7
1278210 2512.7
1278220 2526.3
1278230 2544.2
1278240 2544.2
1278250 2540.2
1278260 2510.5
1278270 2510.5
1278280 2483.0
1278290 2467.1
1278300 2467.1
1278310 2465.3
1278320 2475.3
1278330 2475.3
1278340 2485.6
1278350 2500.7
1278360 2500.7
1278370 2485.4
1278380 2460.5
1278390 2460.5
1278400 2441.7
1278410 2450.0
1278420 2450.0
1278430 2453.1
1278440 2437.8
1278450 2437.8
1278460 2422.9
1278470 2415.6
1278480 2415.6
1278490 2406.3
1278500 2410.6
1278510 2421.1
1278520 2421.1
1278530 2427.5
1278540 2423.5
1278550 2423.5
1278560 2424.7
1278570 2430.2
1278580 2430.2
1278590 2437.5
1278600 2445.1
1278610 2445.1
1278620 2454.3
1278630 2472.9
1278640 2472.9
1278650 2491.3
1278660 2515.4
1278670 2515.4
1278680 2536.5
1278690 2547.6
1278700 2547.6
1278710 2558.8
1278720 2566.0
1278730 2566.0
1278740 2563.2
1278750 2550.7
1278760 2550.7
1278770 2539.0
1278780 2528.1
1278790 2528.1
1278800 2517.4
1278810 2508.3
1278820 2501.0
1278830 2501.0
1278840 2494.3
1278850 2487.0
1278860 2487.0
1278870 2479.5
1278880 2471.5
1278890 2471.5
1278900 2462.4
1278910 2451.8
1278920 2451.8
1278930 2442.4
1278940 2444.1
1278950 2444.1
1278960 2451.6
1278970 2458.4
1278980 2458.4
1278990 2453.0
1279000 2438.4
1279010 2438.4
1279020 2422.4
1279030 2410.9
1279040 2410.9
1279050 2402.3
1279060 2390.7
1279070 2390.7
1279080 2373.6
1279090 2360.2
1279100 2348.6
1279110 2348.6
1279120 2339.7
1279130 2331.8
1279140 2331.8
1279150 2325.6
1279160 2318.5
1279170 2318.5
1279180 2316.6
1279190 2301.5
1279200 2301.5
1279210 2272.8
1279220 2271.0
1279230 2271.0
1279240 2263.2
1279250 2254.1
1279260 2254.1
1279270 2247.5
1279280 2239.8
1279290 2239.8
1279300 2239.9
1279310 2251.6
1279320 2251.6
1279330 2260.6
1279340 2278.2
1279350 2278.2
1279360 2296.9
1279370 2316.9
1279380 2316.9
1279390 2335.4
1279400 2341.4
1279410 2332.7
1279420 2332.7
1279430 2338.3
1279440 2346.0
1279450 2346.0
1279460 2349.6
1279470 2331.7
1279480 2331.7
1279490 2320.8
1279500 2317.9
1279510 2317.9
1279520 2317.6
1279530 2320.7
1279540 2320.7
1279550 2327.6
1279560 2335.8
1279570 2335.8
1279580 2350.4
1279590 2362.9
1279600 2362.9
1279610 2365.5
1279620 2376.7
1279630 2376.7
1279640 2386.8
1279650 2397.5
1279660 2397.5
1279670 2387.8
1279680 2366.0
1279690 2366.0
1279700 2340.7
1279710 2304.4
1279720 2294.1
1279730 2294.1
1279740 2302.4
1279750 2316.2
1279760 2316.2
1279770 2329.3
1279780 2348.6
1279790 2348.6
1279800 2376.5
1279810 2379.4
1279820 2379.4
1279830 2371.1
1279840 2364.8
1279850 2364.8
1279860 2346.8
1279870 2331.8
1279880 2331.8
1279890 2335.7
1279900 2344.2
1279910 2344.2
1279920 2354.3
1279930 2365.1
1279940 2365.1
1279950 2374.8
1279960 2381.3
1279970 2381.3
1279980 2386.8
1279990 2393.8
