1260000 1481.1
1260010 1484.4
1260020 1484.4
1260030 1487.5
1260040 1490.2
1260050 1490.2
1260060 1492.8
1260070 1496.4
1260080 1496.4
1260090 1499.5
1260100 1501.9
1260110 1501.9
1260120 1504.0
1260130 1505.5
1260140 1506.3
1260150 1506.3
1260160 1507.0
1260170 1508.3
1260180 1508.3
1260190 1511.3
1260200 1515.7
1260210 1515.7
1260220 1520.2
1260230 1525.2
1260240 1525.2
1260250 1530.0
1260260 1534.4
1260270 1534.4
1260280 1538.7
1260290 1542.8
1260300 1542.8
1260310 1547.3
1260320 1552.2
1260330 1552.2
1260340 1557.4
1260350 1562.5
1260360 1562.5
1260370 1567.6
1260380 1573.0
1260390 1573.0
1260400 1578.3
1260410 1580.0
1260420 1580.0
1260430 1577.9
1260440 1575.9
1260450 1577.1
1260460 1577.1
1260470 1582.1
1260480 1586.5
1260490 1586.5
1260500 1586.2
1260510 1590.2
1260520 1590.2
1260530 1593.1
1260540 1596.4
1260550 1596.4
1260560 1601.6
1260570 1608.9
1260580 1608.9
1260590 1616.0
1260600 1622.1
1260610 1622.1
1260620 1628.2
1260630 1634.4
1260640 1634.4
1260650 1639.9
1260660 1644.6
1260670 1644.6
1260680 1649.2
1260690 1654.5
1260700 1654.5
1260710 1660.1
1260720 1665.8
1260730 1665.8
1260740 1671.7
1260750 1677.6
1260760 1684.2
1260770 1684.2
1260780 1692.7
1260790 1701.6
1260800 1701.6
1260810 1708.5
1260820 1715.0
1260830 1715.0
1260840 1721.7
1260850 1728.3
1260860 1728.3
1260870 1735.5
1260880 1743.8
1260890 1743.8
1260900 1751.2
1260910 1756.1
1260920 1756.1
1260930 1760.7
1260940 1766.9
1260950 1766.9
1260960 1771.1
1260970 1772.4
1260980 1772.4
1260990 1772.8
1261000 1773.1
1261010 1773.1
1261020 1774.1
1261030 1775.1
1261040 1775.5
1261050 1775.5
1261060 1776.6
1261070 1772.9
1261080 1772.9
1261090 1770.9
1261100 1770.1
1261110 1770.1
1261120 1769.3
1261130 1767.9
1261140 1767.9
1261150 1766.0
1261160 1765.0
1261170 1765.0
1261180 1762.6
1261190 1759.3
1261200 1759.3
1261210 1758.2
1261220 1757.8
1261230 1757.8
1261240 1756.7
1261250 1755.5
1261260 1755.5
1261270 1756.2
1261280 1756.9
1261290 1756.9
1261300 1757.7
1261310 1758.7
1261320 1758.7
1261330 1759.5
1261340 1759.7
1261350 1759.7
1261360 1759.7
1261370 1760.5
1261380 1761.5
1261390 1761.5
1261400 1762.5
1261410 1763.4
1261420 1763.4
1261430 1764.4
1261440 1766.8
1261450 1766.8
1261460 1768.6
1261470 1769.9
1261480 1769.9
1261490 1770.5
1261500 1767.3
1261510 1767.3
1261520 1763.7
1261530 1764.0
1261540 1764.0
1261550 1763.7
1261560 1761.9
1261570 1761.9
1261580 1760.6
1261590 1764.1
1261600 1764.1
1261610 1768.1
1261620 1772.6
1261630 1772.6
1261640 1775.8
1261650 1777.9
1261660 1780.7
1261670 1780.7
1261680 1783.7
1261690 1787.2
1261700 1787.2
1261710 1790.2
1261720 1792.4
1261730 1792.4
1261740 1792.6
1261750 1795.1
1261760 1795.1
1261770 1798.7
1261780 1802.9
1261790 1802.9
1261800 1806.6
1261810 1810.8
1261820 1810.8
1261830 1815.2
1261840 1819.1
1261850 1819.1
1261860 1823.2
1261870 1826.7
1261880 1826.7
1261890 1830.8
1261900 1834.8
1261910 1834.8
1261920 1837.5
1261930 1841.2
1261940 1844.3
1261950 1844.3
1261960 1848.0
1261970 1852.4
1261980 1852.4
1261990 1855.4
1262000 1857.0
1262010 1857.0
1262020 1856.3
1262030 1858.1
1262040 1858.1
1262050 1861.7
1262060 1865.8
1262070 1865.8
1262080 1869.3
1262090 1873.5
1262100 1873.5
1262110 1878.0
1262120 1882.9
1262130 1882.9
1262140 1885.2
1262150 1885.7
1262160 1885.7
1262170 1886.4
1262180 1886.1
1262190 1886.1
1262200 1884.1
1262210 1883.4
1262220 1881.3
1262230 1880.8
1262240 1879.5
1262250 1878.9
1262260 1878.9
1262270 1878.7
1262280 1877.7
1262290 1877.7
1262300 1876.0
1262310 1873.9
1262320 1873.9
1262330 1872.7
1262340 1871.9
1262350 1871.9
1262360 1870.3
1262370 1869.7
1262380 1869.7
1262390 1869.9
1262400 1870.3
1262410 1870.3
1262420 1870.2
1262430 1869.5
1262440 1869.5
1262450 1866.8
1262460 1863.5
1262470 1863.5
1262480 1860.7
1262490 1857.1
1262500 1857.1
1262510 1853.7
1262520 1851.5
1262530 1851.5
1262540 1846.9
1262550 1837.0
1262560 1829.0
1262570 1829.0
1262580 1828.0
1262590 1826.9
1262600 1826.9
1262610 1825.4
1262620 1824.8
1262630 1824.8
1262640 1821.3
1262650 1817.2
1262660 1817.2
1262670 1812.6
1262680 1809.7
1262690 1809.7
1262700 1813.1
1262710 1817.0
1262720 1817.0
1262730 1819.5
1262740 1820.6
1262750 1820.6
1262760 1820.7
1262770 1821.8
1262780 1821.8
1262790 1822.2
1262800 1823.0
1262810 1823.0
1262820 1824.3
1262830 1824.7
1262840 1824.7
1262850 1822.9
1262860 1820.4
1262870 1819.9
1262880 1819.9
1262890 1821.2
1262900 1824.5
1262910 1824.5
1262920 1826.6
1262930 1828.9
1262940 1828.9
1262950 1832.7
1262960 1837.4
1262970 1837.4
1262980 1842.1
1262990 1847.0
1263000 1847.0
1263010 1851.3
1263020 1855.0
1263030 1855.0
1263040 1857.3
1263050 1853.4
1263060 1853.4
1263070 1846.1
1263080 1846.3
1263090 1846.3
1263100 1846.5
1263110 1845.3
1263120 1845.3
1263130 1845.4
1263140 1846.3
1263150 1849.2
1263160 1849.2
1263170 1853.2
1263180 1857.2
1263190 1857.2
1263200 1860.5
1263210 1864.5
1263220 1864.5
1263230 1868.4
1263240 1871.0
1263250 1871.0
1263260 1873.1
1263270 1876.0
1263280 1876.0
1263290 1878.7
1263300 1880.5
1263310 1880.5
1263320 1881.0
1263330 1880.3
1263340 1880.3
1263350 1878.4
1263360 1874.0
1263370 1869.5
1263380 1863.8
1263390 1851.7
1263400 1851.7
1263410 1841.0
1263420 1834.5
1263430 1834.5
1263440 1817.7
1263450 1793.8
1263460 1787.5
1263470 1787.5
1263480 1783.5
1263490 1779.3
1263500 1779.3
1263510 1771.6
1263520 1763.5
1263530 1763.5
1263540 1756.7
1263550 1750.0
1263560 1750.0
1263570 1744.7
1263580 1740.4
1263590 1740.4
1263600 1733.9
1263610 1727.6
1263620 1727.6
1263630 1722.3
1263640 1718.3
1263650 1718.3
1263660 1711.5
1263670 1706.2
1263680 1706.2
1263690 1704.4
1263700 1704.5
1263710 1704.5
1263720 1705.3
1263730 1703.5
1263740 1703.5
1263750 1698.0
1263760 1692.5
1263770 1688.5
1263780 1688.5
1263790 1692.4
1263800 1696.6
1263810 1696.6
1263820 1699.7
1263830 1700.2
1263840 1700.2
1263850 1701.3
1263860 1702.8
1263870 1702.8
1263880 1703.5
1263890 1703.1
1263900 1703.1
1263910 1702.9
1263920 1705.7
1263930 1705.7
1263940 1705.2
1263950 1705.1
1263960 1705.1
1263970 1699.8
1263980 1695.1
1263990 1695.1
1264000 1693.7
1264010 1696.6
1264020 1696.6
1264030 1702.5
1264040 1708.7
1264050 1712.1
1264060 1712.1
1264070 1719.5
1264080 1727.2
1264090 1727.2
1264100 1729.4
1264110 1725.9
1264120 1725.9
1264130 1724.9
1264140 1735.2
1264150 1735.2
1264160 1737.8
1264170 1729.4
1264180 1729.4
1264190 1719.7
1264200 1713.5
1264210 1713.5
1264220 1705.9
1264230 1701.1
1264240 1701.1
1264250 1714.3
1264260 1729.5
1264270 1729.5
1264280 1741.2
1264290 1749.4
1264300 1749.4
1264310 1756.8
1264320 1762.8
1264330 1762.8
1264340 1767.2
1264350 1771.8
1264360 1775.6
1264370 1775.6
1264380 1779.9
1264390 1785.0
1264400 1785.0
1264410 1790.8
1264420 1796.7
1264430 1796.7
1264440 1802.6
1264450 1814.0
1264460 1814.0
1264470 1830.1
1264480 1840.0
1264490 1840.0
1264500 1845.0
1264510 1854.0
1264520 1856.4
1264530 1866.6
1264540 1894.2
1264550 1894.2
1264560 1924.3
1264570 1935.2
1264580 1935.2
1264590 1942.1
1264600 1949.1
1264610 1949.1
1264620 1955.2
1264630 1960.7
1264640 1960.7
1264650 1967.4
1264660 1977.3
1264670 1990.5
1264680 1990.5
1264690 1998.2
1264700 2015.7
1264710 2015.7
1264720 2045.2
1264730 2073.6
1264740 2073.6
1264750 2087.6
1264760 2092.8
1264770 2092.8
1264780 2120.7
1264790 2147.4
1264800 2147.4
1264810 2153.0
1264820 2156.7
1264830 2156.7
1264840 2158.2
1264850 2159.0
1264860 2159.0
1264870 2159.4
1264880 2160.4
1264890 2160.4
1264900 2161.6
1264910 2162.5
1264920 2162.5
1264930 2162.6
1264940 2162.1
1264950 2162.1
1264960 2162.1
1264970 2163.5
1264980 2166.1
1264990 2166.1
1265000 2169.2
1265010 2172.3
1265020 2172.3
1265030 2174.7
1265040 2176.5
1265050 2176.5
1265060 2177.1
1265070 2177.5
1265080 2177.5
1265090 2178.7
1265100 2172.5
1265110 2172.5
1265120 2173.9
1265130 2174.9
1265140 2174.9
1265150 2176.3
1265160 2179.0
1265170 2179.0
1265180 2181.0
1265190 2181.0
1265200 2181.0
1265210 2166.9
1265220 2128.7
1265230 2128.7
1265240 2090.9
1265250 2066.2
1265260 2054.6
1265270 2054.6
1265280 2045.4
1265290 2035.8
1265300 2035.8
1265310 2023.5
1265320 2010.5
1265330 2010.5
1265340 2002.6
1265350 1992.3
1265360 1992.3
1265370 1983.6
1265380 1977.5
1265390 1977.5
1265400 1975.2
1265410 1977.5
1265420 1977.5
1265430 1980.3
1265440 1981.5
1265450 1981.5
1265460 1980.1
1265470 1984.8
1265480 1984.8
1265490 1988.9
1265500 1992.1
1265510 1992.1
1265520 1991.1
1265530 1980.9
1265540 1980.9
1265550 1952.0
1265560 1943.8
1265570 1937.8
1265580 1937.8
1265590 1931.5
1265600 1927.6
1265610 1927.6
1265620 1915.5
1265630 1903.3
1265640 1903.3
1265650 1896.8
1265660 1894.8
1265670 1894.8
1265680 1888.5
1265690 1887.4
1265700 1887.4
1265710 1884.1
1265720 1881.7
1265730 1881.7
1265740 1880.4
1265750 1878.4
1265760 1878.4
1265770 1877.8
1265780 1877.6
1265790 1877.6
1265800 1878.0
1265810 1879.8
1265820 1879.8
1265830 1882.4
1265840 1885.5
1265850 1885.5
1265860 1888.1
1265870 1890.1
1265880 1891.2
1265890 1891.2
1265900 1895.5
1265910 1900.7
1265920 1900.7
1265930 1905.1
1265940 1909.3
1265950 1909.3
1265960 1915.3
1265970 1919.7
1265980 1919.7
1265990 1923.2
1266000 1928.0
1266010 1928.0
1266020 1933.2
1266030 1939.1
1266040 1939.1
1266050 1945.4
1266060 1951.3
1266070 1951.3
1266080 1957.7
1266090 1964.0
1266100 1964.0
1266110 1970.2
1266120 1976.3
1266130 1976.3
1266140 1982.3
1266150 1988.3
1266160 1994.6
1266170 1994.6
1266180 2001.3
1266190 2007.9
1266200 2007.9
1266210 2014.8
1266220 2021.7
1266230 2021.7
1266240 2028.3
1266250 2035.0
1266260 2035.0
1266270 2038.1
1266280 2044.4
1266290 2044.4
1266300 2050.8
1266310 2057.5
1266320 2057.5
1266330 2063.8
1266340 2069.5
1266350 2069.5
1266360 2076.3
1266370 2085.2
1266380 2085.2
1266390 2097.6
1266400 2109.8
1266410 2109.8
1266420 2130.9
1266430 2179.0
1266440 2179.0
1266450 2214.6
1266460 2218.2
1266470 2222.8
1266480 2222.8
1266490 2230.3
1266500 2240.3
1266510 2240.3
1266520 2252.8
1266530 2262.6
1266540 2262.6
1266550 2269.5
1266560 2276.7
1266570 2276.7
1266580 2283.3
1266590 2290.2
1266600 2290.2
1266610 2296.7
1266620 2302.7
1266630 2302.7
1266640 2307.9
1266650 2312.5
1266660 2312.5
1266670 2317.2
1266680 2321.6
1266690 2321.6
1266700 2326.3
1266710 2331.7
1266720 2331.7
1266730 2338.7
1266740 2345.8
1266750 2345.8
1266760 2352.0
1266770 2358.4
1266780 2365.0
1266790 2365.0
1266800 2371.8
1266810 2378.3
1266820 2378.3
1266830 2384.4
1266840 2390.1
1266850 2387.8
1266860 2392.4
1266870 2388.7
1266880 2388.7
1266890 2382.9
1266900 2376.9
1266910 2376.9
1266920 2367.4
1266930 2359.0
1266940 2359.0
1266950 2352.8
1266960 2344.4
1266970 2344.4
1266980 2335.8
1266990 2326.8
1267000 2326.8
1267010 2317.3
1267020 2309.4
1267030 2309.4
1267040 2298.7
1267050 2286.9
1267060 2286.9
1267070 2280.2
1267080 2272.7
1267090 2263.7
1267100 2263.7
1267110 2256.9
1267120 2254.0
1267130 2254.0
1267140 2255.1
1267150 2258.2
1267160 2258.2
1267170 2258.5
1267180 2255.7
1267190 2255.7
1267200 2253.1
1267210 2244.2
1267220 2244.2
1267230 2235.1
1267240 2232.1
1267250 2232.1
1267260 2232.5
1267270 2233.5
1267280 2233.5
1267290 2226.5
1267300 2219.2
1267310 2219.2
1267320 2220.8
1267330 2221.4
1267340 2221.4
1267350 2213.8
1267360 2204.1
1267370 2204.8
1267380 2204.8
1267390 2205.0
1267400 2199.0
1267410 2199.0
1267420 2191.7
1267430 2182.9
1267440 2177.2
1267450 2168.5
1267460 2156.9
1267470 2156.9
1267480 2128.7
1267490 2106.2
1267500 2106.2
1267510 2096.8
1267520 2077.4
1267530 2077.4
1267540 2059.3
1267550 2047.3
1267560 2047.3
1267570 2041.8
1267580 2039.0
1267590 2039.0
1267600 2032.8
1267610 2026.0
1267620 2026.0
1267630 2018.8
1267640 2013.1
1267650 2013.1
1267660 2009.9
1267670 2010.9
1267680 2012.2
1267690 2012.2
1267700 2010.6
1267710 2008.3
1267720 2008.3
1267730 2008.7
1267740 2009.4
1267750 2009.4
1267760 2009.1
1267770 2006.9
1267780 2006.9
1267790 2003.7
1267800 2000.9
1267810 2000.9
1267820 1999.1
1267830 1997.6
1267840 1997.6
1267850 1996.8
1267860 1996.7
1267870 1996.7
1267880 1996.9
1267890 1996.5
1267900 1996.5
1267910 1996.1
1267920 1996.0
1267930 1996.0
1267940 1996.2
1267950 1995.0
1267960 1995.0
1267970 1993.4
1267980 1988.3
1267990 1983.0
1268000 1983.0
1268010 1979.8
1268020 1973.8
1268030 1965.6
1268040 1960.8
1268050 1961.8
1268060 1961.8
1268070 1963.8
1268080 1965.6
1268090 1965.6
1268100 1966.1
1268110 1967.0
1268120 1967.0
1268130 1967.3
1268140 1966.7
1268150 1966.7
1268160 1968.3
1268170 1974.1
1268180 1974.1
1268190 1982.4
1268200 1991.0
1268210 1991.0
1268220 2000.9
1268230 2011.1
1268240 2011.1
1268250 2019.5
1268260 2028.3
1268270 2036.9
1268280 2036.9
1268290 2044.3
1268300 2052.9
1268310 2052.9
1268320 2061.4
1268330 2069.1
1268340 2069.1
1268350 2077.4
1268360 2085.5
1268370 2085.5
1268380 2092.8
1268390 2100.6
1268400 2100.6
1268410 2108.6
1268420 2116.4
1268430 2116.4
1268440 2124.1
1268450 2131.3
1268460 2131.3
1268470 2138.6
1268480 2145.4
1268490 2145.4
1268500 2150.3
1268510 2151.2
1268520 2151.2
1268530 2145.9
1268540 2138.6
1268550 2138.6
1268560 2130.9
1268570 2123.6
1268580 2118.0
1268590 2118.0
1268600 2117.0
1268610 2114.3
1268620 2105.7
1268630 2098.9
1268640 2091.0
1268650 2091.0
1268660 2080.8
1268670 2068.5
1268680 2068.5
1268690 2054.0
1268700 2040.4
1268710 2040.4
1268720 2027.8
1268730 2011.2
1268740 2011.2
1268750 1994.6
1268760 1976.3
1268770 1976.3
1268780 1952.5
1268790 1946.6
1268800 1946.6
1268810 1927.1
1268820 1923.0
1268830 1923.0
1268840 1915.4
1268850 1900.5
1268860 1900.5
1268870 1892.3
1268880 1889.0
1268890 1883.2
1268900 1883.2
1268910 1875.3
1268920 1868.1
1268930 1868.1
1268940 1864.3
1268950 1859.1
1268960 1859.1
1268970 1853.1
1268980 1853.3
1268990 1853.3
1269000 1849.1
1269010 1836.7
1269020 1836.7
1269030 1820.9
1269040 1811.5
1269050 1811.5
1269060 1801.3
1269070 1799.9
1269080 1799.9
1269090 1818.4
1269100 1824.2
1269110 1824.2
1269120 1822.6
1269130 1812.5
1269140 1812.5
1269150 1802.8
1269160 1801.3
1269170 1801.3
1269180 1799.2
1269190 1794.1
1269200 1782.9
1269210 1767.8
1269220 1764.4
1269230 1776.3
1269240 1776.3
1269250 1798.2
1269260 1806.2
1269270 1806.2
1269280 1806.7
1269290 1810.8
1269300 1810.8
1269310 1817.0
1269320 1822.0
1269330 1822.0
1269340 1826.0
1269350 1832.3
1269360 1832.3
1269370 1840.5
1269380 1859.3
1269390 1859.3
1269400 1881.1
1269410 1891.0
1269420 1891.0
1269430 1898.8
1269440 1900.6
1269450 1900.6
1269460 1900.7
1269470 1901.4
1269480 1904.3
1269490 1904.3
1269500 1907.8
1269510 1910.5
1269520 1910.5
1269530 1913.2
1269540 1916.6
1269550 1916.6
1269560 1921.4
1269570 1926.7
1269580 1926.7
1269590 1931.7
1269600 1935.1
1269610 1935.1
1269620 1939.6
1269630 1946.1
1269640 1946.1
1269650 1953.2
1269660 1962.6
1269670 1962.6
1269680 1977.3
1269690 1987.6
1269700 1987.6
1269710 1992.1
1269720 1992.2
1269730 1992.2
1269740 1996.4
1269750 2005.9
1269760 2005.9
1269770 2012.7
1269780 2015.6
1269790 2019.2
1269800 2018.3
1269810 2020.1
1269820 2021.0
1269830 2021.0
1269840 2023.6
1269850 2027.0
1269860 2027.0
1269870 2030.7
1269880 2034.6
1269890 2034.6
1269900 2038.7
1269910 2043.0
1269920 2043.0
1269930 2047.7
1269940 2052.5
1269950 2052.5
1269960 2057.4
1269970 2062.4
1269980 2062.4
1269990 2067.5
1270000 2072.8
1270010 2072.8
1270020 2078.4
1270030 2084.1
1270040 2084.1
1270050 2089.6
1270060 2094.8
1270070 2094.8
1270080 2100.0
1270090 2105.4
1270100 2111.3
1270110 2111.3
1270120 2118.0
1270130 2124.5
1270140 2124.5
1270150 2130.4
1270160 2135.8
1270170 2135.8
1270180 2141.1
1270190 2146.3
1270200 2146.3
1270210 2151.4
1270220 2156.4
1270230 2156.4
1270240 2161.3
1270250 2166.7
1270260 2166.7
1270270 2172.2
1270280 2176.8
1270290 2176.8
1270300 2180.6
1270310 2184.6
1270320 2184.6
1270330 2188.5
1270340 2192.1
1270350 2192.1
1270360 2196.5
1270370 2201.9
1270380 2208.1
1270390 2208.1
1270400 2224.3
1270410 2240.0
1270420 2240.0
1270430 2257.4
1270440 2269.1
1270450 2269.1
1270460 2282.3
1270470 2296.2
1270480 2296.2
1270490 2305.1
1270500 2308.8
1270510 2308.8
1270520 2309.7
1270530 2311.2
1270540 2311.2
1270550 2316.1
1270560 2324.7
1270570 2324.7
1270580 2333.8
1270590 2343.7
1270600 2343.7
1270610 2351.0
1270620 2358.4
1270630 2358.4
1270640 2366.9
1270650 2374.5
1270660 2374.5
1270670 2380.4
1270680 2386.4
1270690 2393.3
1270700 2393.3
1270710 2400.5
1270720 2407.7
1270730 2407.7
1270740 2414.0
1270750 2421.9
1270760 2421.9
1270770 2428.3
1270780 2436.4
1270790 2436.4
1270800 2449.2
1270810 2460.6
1270820 2460.6
1270830 2479.2
1270840 2502.8
1270850 2502.8
1270860 2512.6
1270870 2514.3
1270880 2514.3
1270890 2514.9
1270900 2513.5
1270910 2513.5
1270920 2510.9
1270930 2507.7
1270940 2507.7
1270950 2501.1
1270960 2493.9
1270970 2493.9
1270980 2482.1
1270990 2467.9
1271000 2465.8
1271010 2465.8
1271020 2463.9
1271030 2462.1
1271040 2462.1
1271050 2459.4
1271060 2456.7
1271070 2456.7
1271080 2453.8
1271090 2452.3
1271100 2452.3
1271110 2451.5
1271120 2449.5
1271130 2449.5
1271140 2446.0
1271150 2441.0
1271160 2441.0
1271170 2434.0
1271180 2427.6
1271190 2427.6
1271200 2422.3
1271210 2418.0
1271220 2418.0
1271230 2413.9
1271240 2411.1
1271250 2411.1
1271260 2407.9
1271270 2402.1
1271280 2395.2
1271290 2395.2
1271300 2386.7
1271310 2375.9
1271320 2375.9
1271330 2367.2
1271340 2357.7
1271350 2357.7
1271360 2346.0
1271370 2334.9
1271380 2334.9
1271390 2326.5
1271400 2322.1
1271410 2322.1
1271420 2309.6
1271430 2291.3
1271440 2291.3
1271450 2273.6
1271460 2258.8
1271470 2258.8
1271480 2246.4
1271490 2234.9
1271500 2234.9
1271510 2224.6
1271520 2216.5
1271530 2216.5
1271540 2208.9
1271550 2198.3
1271560 2198.3
1271570 2184.0
1271580 2171.8
1271590 2162.0
1271600 2162.0
1271610 2152.2
1271620 2143.6
1271630 2143.6
1271640 2135.5
1271650 2127.4
1271660 2127.4
1271670 2118.2
1271680 2109.4
1271690 2109.4
1271700 2101.4
1271710 2091.3
1271720 2091.3
1271730 2079.8
1271740 2068.8
1271750 2068.8
1271760 2058.0
1271770 2043.7
1271780 2043.7
1271790 2031.4
1271800 2024.4
1271810 2024.4
1271820 2018.6
1271830 2014.0
1271840 2014.0
1271850 2010.6
1271860 2006.2
1271870 2006.2
1271880 2003.0
1271890 2001.7
1271900 2000.0
1271910 2000.0
1271920 1998.8
1271930 1995.8
1271940 1995.8
1271950 1992.2
1271960 1989.3
1271970 1989.3
1271980 1986.9
1271990 1983.3
1272000 1983.3
1272010 1979.4
1272020 1973.8
1272030 1973.8
1272040 1957.6
1272050 1934.9
1272060 1934.9
1272070 1918.8
1272080 1911.0
1272090 1911.0
1272100 1897.8
1272110 1884.6
1272120 1884.6
1272130 1879.1
1272140 1871.8
1272150 1871.8
1272160 1865.7
1272170 1858.8
1272180 1858.8
1272190 1848.1
1272200 1840.5
1272210 1833.7
1272220 1833.7
1272230 1827.2
1272240 1823.4
1272250 1823.4
1272260 1819.8
1272270 1814.6
1272280 1814.6
1272290 1809.5
1272300 1804.0
1272310 1804.0
1272320 1796.3
1272330 1785.0
1272340 1785.0
1272350 1778.5
1272360 1773.3
1272370 1773.3
1272380 1768.2
1272390 1762.5
1272400 1762.5
1272410 1758.3
1272420 1756.6
1272430 1756.6
1272440 1755.7
1272450 1755.9
1272460 1755.9
1272470 1753.5
1272480 1751.6
1272490 1748.7
1272500 1748.7
1272510 1745.8
1272520 1743.3
1272530 1743.3
1272540 1740.8
1272550 1738.5
1272560 1738.5
1272570 1736.2
1272580 1733.7
1272590 1733.7
1272600 1731.4
1272610 1728.8
1272620 1728.8
1272630 1726.0
1272640 1722.7
1272650 1722.7
1272660 1716.7
1272670 1708.0
1272680 1708.0
1272690 1699.6
1272700 1697.7
1272710 1697.7
1272720 1707.3
1272730 1716.8
1272740 1716.8
1272750 1723.4
1272760 1729.8
1272770 1729.8
1272780 1736.0
1272790 1740.9
1272800 1747.1
1272810 1747.1
1272820 1752.9
1272830 1759.3
1272840 1759.3
1272850 1767.2
1272860 1773.2
1272870 1773.2
1272880 1779.7
1272890 1786.3
1272900 1786.3
1272910 1794.3
1272920 1810.0
1272930 1810.0
1272940 1822.5
1272950 1833.0
1272960 1833.0
1272970 1839.4
1272980 1844.1
1272990 1844.1
1273000 1849.0
1273010 1854.5
1273020 1854.5
1273030 1860.6
1273040 1866.7
1273050 1866.7
1273060 1874.3
1273070 1881.3
1273080 1881.3
1273090 1889.3
1273100 1898.3
1273110 1906.1
1273120 1906.1
1273130 1916.5
1273140 1929.4
1273150 1929.4
1273160 1939.4
1273170 1947.0
1273180 1947.0
1273190 1955.4
1273200 1963.4
1273210 1963.4
1273220 1969.6
1273230 1977.2
1273240 1977.2
1273250 1984.2
1273260 1991.2
1273270 1991.2
1273280 1996.1
1273290 2002.5
1273300 2002.5
1273310 2013.1
1273320 2021.8
1273330 2021.8
1273340 2028.6
1273350 2034.8
1273360 2034.8
1273370 2041.9
1273380 2048.9
1273390 2056.1
1273400 2054.3
1273410 2062.4
1273420 2071.7
1273430 2071.7
1273440 2081.3
1273450 2093.2
1273460 2093.2
1273470 2108.9
1273480 2122.0
1273490 2122.0
1273500 2132.5
1273510 2140.4
1273520 2140.4
1273530 2152.3
1273540 2162.7
1273550 2162.7
1273560 2170.6
1273570 2179.9
1273580 2179.9
1273590 2187.7
1273600 2195.9
1273610 2195.9
1273620 2203.5
1273630 2211.8
1273640 2211.8
1273650 2220.8
1273660 2231.2
1273670 2231.2
1273680 2244.5
1273690 2255.8
1273700 2265.2
1273710 2265.2
1273720 2280.4
1273730 2287.4
1273740 2287.4
1273750 2297.4
1273760 2311.0
1273770 2311.0
1273780 2325.8
1273790 2332.9
1273800 2332.9
1273810 2339.6
1273820 2346.2
1273830 2346.2
1273840 2352.8
1273850 2360.0
1273860 2360.0
1273870 2367.3
1273880 2373.0
1273890 2373.0
1273900 2379.4
1273910 2386.7
1273920 2386.7
1273930 2394.1
1273940 2403.7
1273950 2403.7
1273960 2411.3
1273970 2418.2
1273980 2418.2
1273990 2426.0
1274000 2429.5
1274010 2436.0
1274020 2436.0
1274030 2442.3
1274040 2449.6
1274050 2449.6
1274060 2458.9
1274070 2468.2
1274080 2468.2
1274090 2477.2
1274100 2485.7
1274110 2485.7
1274120 2493.8
1274130 2500.9
1274140 2500.9
1274150 2508.1
1274160 2515.0
1274170 2515.0
1274180 2517.8
1274190 2513.0
1274200 2513.0
1274210 2506.6
1274220 2500.8
1274230 2500.8
1274240 2494.8
1274250 2488.0
1274260 2488.0
1274270 2480.3
1274280 2472.7
1274290 2465.8
1274300 2465.8
1274310 2460.6
1274320 2454.8
1274330 2454.8
1274340 2449.9
1274350 2447.5
1274360 2447.5
1274370 2445.4
1274380 2440.9
1274390 2440.9
1274400 2436.3
1274410 2433.3
1274420 2433.3
1274430 2427.2
1274440 2416.1
1274450 2416.1
1274460 2405.8
1274470 2395.4
1274480 2395.4
1274490 2385.0
1274500 2375.3
1274510 2375.3
1274520 2365.4
1274530 2355.6
1274540 2355.6
1274550 2346.8
1274560 2340.0
1274570 2340.0
1274580 2329.9
1274590 2317.3
1274600 2308.6
1274610 2308.9
1274620 2301.2
1274630 2293.3
1274640 2293.3
1274650 2285.6
1274660 2275.8
1274670 2275.8
1274680 2263.8
1274690 2253.1
1274700 2253.1
1274710 2227.6
1274720 2186.4
1274730 2186.4
1274740 2175.4
1274750 2172.3
1274760 2172.3
1274770 2168.5
1274780 2164.3
1274790 2164.3
1274800 2160.4
1274810 2157.5
1274820 2157.5
1274830 2155.5
1274840 2153.6
1274850 2153.6
1274860 2148.4
1274870 2142.6
1274880 2142.6
1274890 2140.6
1274900 2143.4
1274910 2144.2
1274920 2144.2
1274930 2145.5
1274940 2146.4
1274950 2146.4
1274960 2149.7
1274970 2151.1
1274980 2151.1
1274990 2149.8
1275000 2148.8
1275010 2148.8
1275020 2146.8
1275030 2145.8
1275040 2145.8
1275050 2147.8
1275060 2148.5
1275070 2148.5
1275080 2146.9
1275090 2142.3
1275100 2142.3
1275110 2138.3
1275120 2137.6
1275130 2137.6
1275140 2137.8
1275150 2138.6
1275160 2138.6
1275170 2139.2
1275180 2141.8
1275190 2141.8
1275200 2145.3
1275210 2147.7
1275220 2143.9
1275230 2143.9
1275240 2145.9
1275250 2149.0
1275260 2149.0
1275270 2148.8
1275280 2145.7
1275290 2145.7
1275300 2143.0
1275310 2142.7
1275320 2142.7
1275330 2144.0
1275340 2144.7
1275350 2144.7
1275360 2144.6
1275370 2144.9
1275380 2144.9
1275390 2145.9
1275400 2146.7
1275410 2146.7
1275420 2145.4
1275430 2146.0
1275440 2146.0
1275450 2147.4
1275460 2150.0
1275470 2150.0
1275480 2153.5
1275490 2157.2
1275500 2160.1
1275510 2160.1
1275520 2162.9
1275530 2166.6
1275540 2166.6
1275550 2170.9
1275560 2175.0
1275570 2175.0
1275580 2179.6
1275590 2185.5
1275600 2185.5
1275610 2199.1
1275620 2215.5
1275630 2215.5
1275640 2238.9
1275650 2258.7
1275660 2258.7
1275670 2265.5
1275680 2268.5
1275690 2268.5
1275700 2269.2
1275710 2269.2
1275720 2269.2
1275730 2269.6
1275740 2269.8
1275750 2269.8
1275760 2269.6
1275770 2259.8
1275780 2259.8
1275790 2243.9
1275800 2237.7
1275810 2233.0
1275820 2233.0
1275830 2215.7
1275840 2206.4
1275850 2206.4
1275860 2204.7
1275870 2203.8
1275880 2203.8
1275890 2202.1
1275900 2200.2
1275910 2200.2
1275920 2198.4
1275930 2198.0
1275940 2198.0
1275950 2198.9
1275960 2200.7
1275970 2200.7
1275980 2202.9
1275990 2205.1
1276000 2205.1
1276010 2207.6
1276020 2210.6
1276030 2210.6
1276040 2212.6
1276050 2214.0
1276060 2214.0
1276070 2213.8
1276080 2213.5
1276090 2213.5
1276100 2214.4
1276110 2216.0
1276120 2217.8
1276130 2217.8
1276140 2220.5
1276150 2223.7
1276160 2223.7
1276170 2225.3
1276180 2226.6
1276190 2226.6
1276200 2227.8
1276210 2229.1
1276220 2229.1
1276230 2229.7
1276240 2230.5
1276250 2230.5
1276260 2226.6
1276270 2224.6
1276280 2224.6
1276290 2225.7
1276300 2228.4
1276310 2228.4
1276320 2231.8
1276330 2234.7
1276340 2234.7
1276350 2236.6
1276360 2239.0
1276370 2239.0
1276380 2243.0
1276390 2247.6
1276400 2252.8
1276410 2252.8
1276420 2258.8
1276430 2265.3
1276440 2264.3
1276450 2271.5
1276460 2279.5
1276470 2279.5
1276480 2293.3
1276490 2310.0
1276500 2310.0
1276510 2342.1
1276520 2374.7
1276530 2374.7
1276540 2384.5
1276550 2388.2
1276560 2388.2
1276570 2376.7
1276580 2347.2
1276590 2347.2
1276600 2338.3
1276610 2331.8
1276620 2331.8
1276630 2337.1
1276640 2346.4
1276650 2346.4
1276660 2328.8
1276670 2299.8
1276680 2299.8
1276690 2279.7
1276700 2276.5
1276710 2275.7
1276720 2275.7
1276730 2273.7
1276740 2271.0
1276750 2271.0
1276760 2269.5
1276770 2269.2
1276780 2269.2
1276790 2269.6
1276800 2270.0
1276810 2270.0
1276820 2270.8
1276830 2271.6
1276840 2271.6
1276850 2272.6
1276860 2274.1
1276870 2274.1
1276880 2275.5
1276890 2278.1
1276900 2278.1
1276910 2280.4
1276920 2281.9
1276930 2281.9
1276940 2284.2
1276950 2286.9
1276960 2286.9
1276970 2288.8
1276980 2290.1
1276990 2290.1
1277000 2291.2
1277010 2292.2
1277020 2292.9
1277030 2292.9
1277040 2293.7
1277050 2289.0
1277060 2289.0
1277070 2289.0
1277080 2288.4
1277090 2288.4
1277100 2289.2
1277110 2291.3
1277120 2291.3
1277130 2294.6
1277140 2298.7
1277150 2298.7
1277160 2303.4
1277170 2309.0
1277180 2309.0
1277190 2316.5
1277200 2323.8
1277210 2323.8
1277220 2330.8
1277230 2337.4
1277240 2337.4
1277250 2343.9
1277260 2348.5
1277270 2348.5
1277280 2318.9
1277290 2287.0
1277300 2268.8
1277310 2268.8
1277320 2245.0
1277330 2226.7
1277340 2226.7
1277350 2219.0
1277360 2211.4
1277370 2211.4
1277380 2202.5
1277390 2193.6
1277400 2193.6
1277410 2185.5
1277420 2178.2
1277430 2178.2
1277440 2173.0
1277450 2165.0
1277460 2165.0
1277470 2157.2
1277480 2151.4
1277490 2151.4
1277500 2143.6
1277510 2139.0
1277520 2139.0
1277530 2135.6
1277540 2125.5
1277550 2125.5
1277560 2112.0
1277570 2095.2
1277580 2095.2
1277590 2086.1
1277600 2083.6
1277610 2075.9
1277620 2075.9
1277630 2058.6
1277640 2050.6
1277650 2050.6
1277660 2040.9
1277670 2049.9
1277680 2049.9
1277690 2048.0
1277700 2044.6
1277710 2044.6
1277720 2039.5
1277730 2035.6
1277740 2035.6
1277750 2031.5
1277760 2028.1
1277770 2028.1
1277780 2025.8
1277790 2025.6
1277800 2025.6
1277810 2025.8
1277820 2026.0
1277830 2026.0
1277840 2026.4
1277850 2026.5
1277860 2026.5
1277870 2019.0
1277880 2006.1
1277890 2006.1
1277900 1989.0
1277910 1970.2
1277920 1951.2
1277930 1951.2
1277940 1934.9
1277950 1922.7
1277960 1922.7
1277970 1917.1
1277980 1914.4
1277990 1914.4
1278000 1911.5
1278010 1904.1
1278020 1904.1
1278030 1896.7
1278040 1890.0
1278050 1890.0
1278060 1876.2
1278070 1861.6
1278080 1861.6
1278090 1850.5
1278100 1844.1
1278110 1844.1
1278120 1841.1
1278130 1843.7
1278140 1843.7
1278150 1845.6
1278160 1843.7
1278170 1843.7
1278180 1838.9
1278190 1832.8
1278200 1828.4
1278210 1828.4
1278220 1826.0
1278230 1822.0
1278240 1822.0
1278250 1817.4
1278260 1812.7
1278270 1812.7
1278280 1807.7
1278290 1810.5
1278300 1810.5
1278310 1810.3
1278320 1808.4
1278330 1808.4
1278340 1807.1
1278350 1807.0
1278360 1807.0
1278370 1807.3
1278380 1806.2
1278390 1806.2
1278400 1803.2
1278410 1804.3
1278420 1804.3
1278430 1806.4
1278440 1804.1
1278450 1804.1
1278460 1801.8
1278470 1801.7
1278480 1801.7
1278490 1799.4
1278500 1797.1
1278510 1794.8
1278520 1794.8
1278530 1793.1
1278540 1789.8
1278550 1789.8
1278560 1786.9
1278570 1784.7
1278580 1784.7
1278590 1781.8
1278600 1778.8
1278610 1778.8
1278620 1775.7
1278630 1771.5
1278640 1771.5
1278650 1767.2
1278660 1762.7
1278670 1762.7
1278680 1758.8
1278690 1755.6
1278700 1755.6
1278710 1753.4
1278720 1751.1
1278730 1751.1
1278740 1750.5
1278750 1751.3
1278760 1751.3
1278770 1750.2
1278780 1749.8
1278790 1749.8
1278800 1750.0
1278810 1751.4
1278820 1753.7
1278830 1753.7
1278840 1756.4
1278850 1759.4
1278860 1759.4
1278870 1762.1
1278880 1764.8
1278890 1764.8
1278900 1767.3
1278910 1774.8
1278920 1774.8
1278930 1776.7
1278940 1778.8
1278950 1778.8
1278960 1781.0
1278970 1782.5
1278980 1782.5
1278990 1783.3
1279000 1784.5
1279010 1784.5
1279020 1786.2
1279030 1786.9
1279040 1786.9
1279050 1788.1
1279060 1789.8
1279070 1789.8
1279080 1791.8
1279090 1793.8
1279100 1795.6
1279110 1795.6
1279120 1797.4
1279130 1799.4
1279140 1799.4
1279150 1801.9
1279160 1803.4
1279170 1803.4
1279180 1804.0
1279190 1805.8
1279200 1805.8
1279210 1808.3
1279220 1810.8
1279230 1810.8
1279240 1813.1
1279250 1815.4
1279260 1815.4
1279270 1817.9
1279280 1821.0
1279290 1821.0
1279300 1823.9
1279310 1826.8
1279320 1826.8
1279330 1829.5
1279340 1832.3
1279350 1832.3
1279360 1834.9
1279370 1836.9
1279380 1836.9
1279390 1838.6
1279400 1840.6
1279410 1842.7
1279420 1842.7
1279430 1844.7
1279440 1846.4
1279450 1846.4
1279460 1847.8
1279470 1848.9
1279480 1848.9
1279490 1850.2
1279500 1851.4
1279510 1851.4
1279520 1852.6
1279530 1860.0
1279540 1860.0
1279550 1861.7
1279560 1862.9
1279570 1862.9
1279580 1863.1
1279590 1862.9
1279600 1862.9
1279610 1863.4
1279620 1865.0
1279630 1865.0
1279640 1867.4
1279650 1870.1
1279660 1870.1
1279670 1873.4
1279680 1876.4
1279690 1876.4
1279700 1878.8
1279710 1880.5
1279720 1882.2
1279730 1882.2
1279740 1884.0
1279750 1885.7
1279760 1885.7
1279770 1887.0
1279780 1888.3
1279790 1888.3
1279800 1890.1
1279810 1891.5
1279820 1891.5
1279830 1892.0
1279840 1892.4
1279850 1892.4
1279860 1893.6
1279870 1893.7
1279880 1893.7
1279890 1893.9
1279900 1894.0
1279910 1894.0
1279920 1893.1
1279930 1892.0
1279940 1892.0
1279950 1889.5
1279960 1885.6
1279970 1885.6
1279980 1880.4
1279990 1875.1
