1260000 1283.5
1260010 1288.8
1260020 1288.8
1260030 1293.9
1260040 1299.4
1260050 1299.4
1260060 1305.4
1260070 1311.2
1260080 1311.2
1260090 1316.2
1260100 1322.1
1260110 1322.1
1260120 1327.9
1260130 1333.8
1260140 1339.7
1260150 1339.7
1260160 1345.8
1260170 1352.4
1260180 1352.4
1260190 1359.2
1260200 1365.9
1260210 1365.9
1260220 1372.7
1260230 1380.0
1260240 1380.0
1260250 1387.2
1260260 1394.1
1260270 1394.1
1260280 1401.1
1260290 1408.2
1260300 1408.2
1260310 1415.1
1260320 1421.8
1260330 1422.4
1260340 1429.6
1260350 1437.0
1260360 1437.0
1260370 1443.6
1260380 1450.8
1260390 1450.8
1260400 1458.8
1260410 1466.6
1260420 1466.6
1260430 1475.2
1260440 1483.2
1260450 1490.0
1260460 1490.0
1260470 1497.0
1260480 1505.0
1260490 1505.0
1260500 1513.1
1260510 1521.7
1260520 1521.7
1260530 1532.4
1260540 1541.1
1260550 1541.1
1260560 1549.1
1260570 1556.6
1260580 1556.6
1260590 1562.1
1260600 1567.2
1260610 1567.2
1260620 1574.5
1260630 1585.5
1260640 1585.5
1260650 1597.5
1260660 1606.9
1260670 1606.9
1260680 1615.0
1260690 1622.3
1260700 1622.3
1260710 1628.9
1260720 1635.1
1260730 1642.6
1260740 1642.6
1260750 1652.2
1260760 1661.2
1260770 1661.2
1260780 1669.6
1260790 1676.0
1260800 1676.0
1260810 1680.9
1260820 1686.2
1260830 1686.2
1260840 1692.4
1260850 1698.7
1260860 1698.7
1260870 1706.1
1260880 1714.1
1260890 1714.1
1260900 1730.8
1260910 1733.4
1260920 1733.4
1260930 1739.1
1260940 1749.1
1260950 1749.1
1260960 1759.5
1260970 1768.2
1260980 1768.2
1260990 1776.0
1261000 1781.2
1261010 1781.2
1261020 1788.3
1261030 1795.4
1261040 1797.6
1261050 1797.6
1261060 1799.8
1261070 1804.4
1261080 1804.4
1261090 1810.0
1261100 1816.9
1261110 1816.9
1261120 1824.6
1261130 1832.6
1261140 1832.6
1261150 1841.6
1261160 1851.0
1261170 1851.0
1261180 1858.7
1261190 1865.7
1261200 1865.7
1261210 1872.7
1261220 1881.2
1261230 1881.2
1261240 1891.4
1261250 1899.4
1261260 1899.4
1261270 1907.0
1261280 1914.9
1261290 1914.9
1261300 1923.2
1261310 1931.5
1261320 1931.5
1261330 1939.3
1261340 1947.0
1261350 1955.3
1261360 1955.3
1261370 1963.6
1261380 1971.0
1261390 1971.0
1261400 1976.0
1261410 1977.7
1261420 1977.7
1261430 1979.5
1261440 1983.5
1261450 1983.5
1261460 1989.2
1261470 2002.5
1261480 2002.5
1261490 2008.6
1261500 2013.0
1261510 2013.0
1261520 2017.0
1261530 2024.4
1261540 2024.4
1261550 2032.2
1261560 2039.9
1261570 2039.9
1261580 2047.3
1261590 2054.5
1261600 2054.5
1261610 2062.3
1261620 2069.1
1261630 2069.1
1261640 2072.7
1261650 2076.1
1261660 2080.7
1261670 2080.7
1261680 2087.3
1261690 2096.5
1261700 2096.5
1261710 2126.0
1261720 2152.4
1261730 2152.4
1261740 2163.4
1261750 2171.7
1261760 2171.7
1261770 2184.9
1261780 2200.0
1261790 2200.0
1261800 2214.4
1261810 2230.9
1261820 2230.9
1261830 2247.0
1261840 2259.5
1261850 2259.5
1261860 2268.4
1261870 2286.8
1261880 2286.8
1261890 2309.2
1261900 2325.7
1261910 2325.7
1261920 2339.1
1261930 2352.7
1261940 2352.7
1261950 2367.5
1261960 2386.3
1261970 2400.3
1261980 2400.3
1261990 2409.4
1262000 2411.0
1262010 2411.0
1262020 2415.2
1262030 2424.7
1262040 2428.5
1262050 2439.9
1262060 2449.5
1262070 2449.5
1262080 2458.5
1262090 2463.6
1262100 2463.6
1262110 2462.3
1262120 2463.7
1262130 2463.7
1262140 2464.7
1262150 2464.7
1262160 2464.7
1262170 2465.6
1262180 2466.3
1262190 2466.3
1262200 2467.4
1262210 2469.3
1262220 2469.3
1262230 2473.0
1262240 2476.9
1262250 2476.9
1262260 2481.6
1262270 2485.7
1262280 2488.6
1262290 2488.6
1262300 2489.5
1262310 2492.0
1262320 2492.0
1262330 2492.6
1262340 2496.5
1262350 2496.5
1262360 2500.6
1262370 2502.8
1262380 2502.8
1262390 2507.9
1262400 2516.7
1262410 2516.7
1262420 2514.0
1262430 2497.9
1262440 2497.9
1262450 2483.3
1262460 2479.9
1262470 2479.9
1262480 2480.6
1262490 2491.9
1262500 2491.9
1262510 2514.8
1262520 2520.3
1262530 2520.3
1262540 2517.4
1262550 2531.3
1262560 2531.3
1262570 2543.8
1262580 2536.5
1262590 2522.4
1262600 2522.4
1262610 2507.6
1262620 2507.3
1262630 2507.3
1262640 2495.9
1262650 2492.8
1262660 2492.8
1262670 2506.0
1262680 2513.0
1262690 2513.0
1262700 2519.6
1262710 2523.2
1262720 2523.2
1262730 2514.2
1262740 2503.6
1262750 2503.6
1262760 2489.8
1262770 2475.6
1262780 2475.6
1262790 2463.9
1262800 2446.4
1262810 2446.4
1262820 2440.0
1262830 2446.3
1262840 2446.3
1262850 2457.3
1262860 2458.1
1262870 2458.1
1262880 2451.4
1262890 2441.4
1262900 2430.0
1262910 2430.0
1262920 2403.8
1262930 2389.3
1262940 2389.3
1262950 2384.9
1262960 2380.6
1262970 2380.6
1262980 2376.2
1262990 2372.2
1263000 2372.2
1263010 2369.7
1263020 2367.4
1263030 2367.4
1263040 2365.0
1263050 2364.1
1263060 2364.1
1263070 2363.7
1263080 2362.4
1263090 2362.4
1263100 2361.4
1263110 2361.1
1263120 2361.1
1263130 2361.4
1263140 2361.5
1263150 2361.5
1263160 2361.3
1263170 2361.4
1263180 2361.4
1263190 2354.4
1263200 2355.3
1263210 2357.1
1263220 2357.1
1263230 2359.1
1263240 2361.9
1263250 2361.9
1263260 2369.3
1263270 2383.1
1263280 2383.1
1263290 2405.5
1263300 2426.8
1263310 2426.8
1263320 2439.5
1263330 2448.9
1263340 2448.9
1263350 2452.8
1263360 2457.3
1263370 2457.3
1263380 2449.8
1263390 2442.8
1263400 2442.8
1263410 2434.5
1263420 2424.5
1263430 2424.5
1263440 2413.9
1263450 2403.5
1263460 2403.5
1263470 2396.7
1263480 2393.0
1263490 2389.8
1263500 2389.8
1263510 2382.4
1263520 2376.2
1263530 2376.2
1263540 2373.2
1263550 2372.8
1263560 2372.8
1263570 2374.0
1263580 2372.7
1263590 2372.7
1263600 2370.6
1263610 2369.0
1263620 2369.0
1263630 2367.1
1263640 2369.0
1263650 2369.0
1263660 2369.4
1263670 2370.3
1263680 2370.3
1263690 2371.1
1263700 2371.8
1263710 2371.8
1263720 2374.4
1263730 2377.4
1263740 2377.4
1263750 2380.9
1263760 2384.7
1263770 2378.7
1263780 2382.5
1263790 2385.9
1263800 2389.3
1263810 2389.3
1263820 2392.7
1263830 2396.1
1263840 2396.1
1263850 2401.0
1263860 2408.2
1263870 2408.2
1263880 2415.7
1263890 2422.3
1263900 2422.3
1263910 2428.6
1263920 2437.0
1263930 2437.0
1263940 2452.6
1263950 2463.5
1263960 2463.5
1263970 2461.6
1263980 2451.5
1263990 2451.5
1264000 2441.8
1264010 2430.1
1264020 2430.1
1264030 2419.4
1264040 2411.3
1264050 2411.3
1264060 2404.1
1264070 2397.3
1264080 2397.3
1264090 2390.7
1264100 2384.2
1264110 2378.0
1264120 2378.0
1264130 2371.8
1264140 2365.9
1264150 2365.9
1264160 2360.0
1264170 2353.3
1264180 2353.3
1264190 2348.0
1264200 2343.2
1264210 2343.2
1264220 2338.7
1264230 2334.2
1264240 2334.2
1264250 2330.4
1264260 2327.8
1264270 2327.8
1264280 2325.6
1264290 2323.1
1264300 2323.1
1264310 2320.5
1264320 2317.6
1264330 2317.6
1264340 2314.3
1264350 2312.0
1264360 2312.0
1264370 2313.0
1264380 2315.9
1264390 2315.9
1264400 2316.2
1264410 2315.8
1264420 2315.4
1264430 2315.4
1264440 2314.4
1264450 2314.1
1264460 2314.1
1264470 2315.2
1264480 2315.5
1264490 2315.5
1264500 2313.7
1264510 2312.4
1264520 2312.4
1264530 2310.9
1264540 2308.6
1264550 2308.6
1264560 2309.5
1264570 2310.2
1264580 2310.2
1264590 2313.8
1264600 2316.3
1264610 2316.3
1264620 2318.1
1264630 2320.3
1264640 2320.3
1264650 2322.6
1264660 2323.8
1264670 2323.8
1264680 2323.9
1264690 2324.0
1264700 2324.0
1264710 2324.4
1264720 2323.6
1264730 2321.5
1264740 2321.5
1264750 2320.4
1264760 2317.5
1264770 2317.5
1264780 2314.4
1264790 2310.2
1264800 2310.2
1264810 2308.7
1264820 2310.6
1264830 2310.6
1264840 2312.9
1264850 2315.0
1264860 2315.0
1264870 2317.1
1264880 2320.5
1264890 2320.5
1264900 2325.4
1264910 2330.5
1264920 2330.5
1264930 2332.9
1264940 2337.2
1264950 2337.2
1264960 2341.7
1264970 2346.9
1264980 2346.9
1264990 2353.1
1265000 2359.7
1265010 2359.7
1265020 2365.6
1265030 2371.5
1265040 2378.7
1265050 2378.7
1265060 2385.8
1265070 2392.3
1265080 2392.3
1265090 2399.4
1265100 2408.0
1265110 2408.0
1265120 2419.2
1265130 2429.9
1265140 2429.9
1265150 2438.0
1265160 2445.8
1265170 2445.8
1265180 2458.6
1265190 2467.2
1265200 2467.2
1265210 2475.2
1265220 2478.2
1265230 2478.2
1265240 2471.5
1265250 2459.7
1265260 2459.7
1265270 2449.5
1265280 2441.4
1265290 2441.4
1265300 2434.4
1265310 2427.8
1265320 2427.8
1265330 2420.9
1265340 2412.5
1265350 2403.9
1265360 2403.9
1265370 2397.1
1265380 2390.8
1265390 2390.8
1265400 2384.2
1265410 2380.0
1265420 2380.0
1265430 2376.4
1265440 2372.3
1265450 2372.3
1265460 2368.7
1265470 2365.1
1265480 2365.1
1265490 2360.6
1265500 2355.4
1265510 2349.6
1265520 2345.2
1265530 2341.9
1265540 2341.9
1265550 2339.6
1265560 2336.9
1265570 2336.9
1265580 2333.5
1265590 2330.2
1265600 2330.2
1265610 2325.9
1265620 2321.7
1265630 2321.7
1265640 2319.1
1265650 2318.2
1265660 2317.7
1265670 2317.7
1265680 2316.2
1265690 2315.1
1265700 2315.1
1265710 2314.1
1265720 2315.4
1265730 2315.4
1265740 2318.0
1265750 2320.8
1265760 2320.8
1265770 2321.4
1265780 2320.7
1265790 2320.7
1265800 2321.5
1265810 2321.8
1265820 2321.8
1265830 2323.0
1265840 2324.1
1265850 2324.1
1265860 2323.6
1265870 2322.8
1265880 2322.8
1265890 2322.1
1265900 2321.6
1265910 2321.6
1265920 2321.7
1265930 2322.3
1265940 2323.6
1265950 2323.6
1265960 2325.7
1265970 2329.1
1265980 2329.1
1265990 2334.8
1266000 2340.6
1266010 2340.6
1266020 2345.3
1266030 2349.2
1266040 2349.2
1266050 2351.9
1266060 2353.5
1266070 2353.5
1266080 2354.3
1266090 2346.0
1266100 2346.0
1266110 2345.6
1266120 2348.9
1266130 2348.9
1266140 2351.3
1266150 2353.6
1266160 2353.6
1266170 2356.8
1266180 2361.1
1266190 2361.1
1266200 2365.2
1266210 2369.9
1266220 2369.9
1266230 2375.0
1266240 2380.3
1266250 2385.7
1266260 2385.7
1266270 2391.1
1266280 2396.2
1266290 2396.2
1266300 2401.5
1266310 2406.9
1266320 2406.9
1266330 2412.4
1266340 2418.2
1266350 2418.2
1266360 2424.9
1266370 2431.9
1266380 2431.9
1266390 2438.7
1266400 2445.3
1266410 2445.3
1266420 2451.8
1266430 2458.5
1266440 2458.5
1266450 2465.4
1266460 2473.6
1266470 2473.6
1266480 2484.9
1266490 2478.6
1266500 2478.6
1266510 2458.1
1266520 2454.6
1266530 2454.6
1266540 2456.5
1266550 2445.9
1266560 2434.1
1266570 2434.1
1266580 2422.3
1266590 2411.6
1266600 2411.6
1266610 2405.5
1266620 2403.0
1266630 2403.0
1266640 2401.1
1266650 2398.9
1266660 2398.9
1266670 2396.5
1266680 2400.7
1266690 2400.7
1266700 2398.1
1266710 2395.6
1266720 2395.6
1266730 2393.0
1266740 2390.9
1266750 2390.9
1266760 2389.6
1266770 2388.1
1266780 2388.1
1266790 2385.9
1266800 2383.2
1266810 2383.2
1266820 2380.4
1266830 2377.6
1266840 2377.6
1266850 2374.9
1266860 2372.6
1266870 2371.8
1266880 2371.8
1266890 2371.7
1266900 2371.9
1266910 2371.9
1266920 2372.7
1266930 2373.3
1266940 2373.3
1266950 2374.0
1266960 2374.5
1266970 2374.5
1266980 2374.5
1266990 2375.3
1267000 2375.3
1267010 2376.0
1267020 2376.6
1267030 2376.6
1267040 2377.7
1267050 2379.0
1267060 2379.0
1267070 2380.3
1267080 2381.3
1267090 2381.3
1267100 2382.2
1267110 2382.9
1267120 2382.9
1267130 2382.8
1267140 2381.6
1267150 2381.6
1267160 2379.3
1267170 2377.6
1267180 2376.7
1267190 2376.7
1267200 2377.2
1267210 2380.1
1267220 2380.1
1267230 2384.4
1267240 2388.1
1267250 2388.1
1267260 2391.5
1267270 2394.5
1267280 2394.5
1267290 2396.9
1267300 2395.9
1267310 2395.9
1267320 2393.4
1267330 2393.2
1267340 2393.2
1267350 2394.0
1267360 2394.3
1267370 2394.3
1267380 2394.7
1267390 2395.5
1267400 2395.5
1267410 2396.2
1267420 2396.7
1267430 2396.7
1267440 2396.9
1267450 2397.7
1267460 2397.7
1267470 2399.3
1267480 2401.6
1267490 2404.9
1267500 2404.9
1267510 2408.6
1267520 2412.9
1267530 2412.9
1267540 2418.2
1267550 2424.0
1267560 2424.0
1267570 2429.9
1267580 2435.9
1267590 2435.9
1267600 2440.5
1267610 2444.2
1267620 2444.2
1267630 2447.1
1267640 2449.5
1267650 2449.5
1267660 2451.4
1267670 2455.5
1267680 2455.5
1267690 2457.5
1267700 2460.6
1267710 2460.6
1267720 2464.5
1267730 2469.8
1267740 2469.8
1267750 2473.8
1267760 2477.9
1267770 2477.9
1267780 2483.6
1267790 2488.9
1267800 2492.4
1267810 2492.4
1267820 2497.7
1267830 2504.2
1267840 2504.2
1267850 2507.7
1267860 2514.7
1267870 2514.7
1267880 2521.3
1267890 2526.6
1267900 2526.6
1267910 2531.1
1267920 2535.5
1267930 2535.5
1267940 2540.0
1267950 2545.0
1267960 2545.0
1267970 2549.7
1267980 2554.2
1267990 2554.2
1268000 2557.6
1268010 2560.6
1268020 2560.6
1268030 2559.8
1268040 2551.4
1268050 2551.4
1268060 2542.2
1268070 2537.2
1268080 2537.2
1268090 2531.0
1268100 2526.6
1268110 2524.0
1268120 2524.0
1268130 2522.9
1268140 2522.0
1268150 2522.0
1268160 2522.8
1268170 2518.4
1268180 2518.4
1268190 2510.6
1268200 2502.2
1268210 2502.2
1268220 2493.6
1268230 2485.6
1268240 2485.6
1268250 2478.2
1268260 2471.2
1268270 2471.2
1268280 2464.6
1268290 2458.1
1268300 2458.1
1268310 2451.7
1268320 2445.2
1268330 2445.2
1268340 2438.8
1268350 2432.5
1268360 2432.5
1268370 2426.8
1268380 2421.3
1268390 2415.4
1268400 2415.4
1268410 2409.1
1268420 2402.7
1268430 2402.7
1268440 2397.3
1268450 2391.0
1268460 2391.0
1268470 2384.8
1268480 2379.1
1268490 2379.1
1268500 2373.9
1268510 2369.2
1268520 2369.2
1268530 2364.6
1268540 2360.1
1268550 2360.1
1268560 2355.9
1268570 2351.6
1268580 2351.6
1268590 2347.5
1268600 2343.5
1268610 2343.5
1268620 2340.8
1268630 2339.0
1268640 2339.0
1268650 2339.2
1268660 2343.0
1268670 2343.0
1268680 2345.6
1268690 2345.8
1268700 2344.0
1268710 2344.0
1268720 2343.0
1268730 2343.6
1268740 2343.6
1268750 2347.3
1268760 2351.9
1268770 2351.9
1268780 2354.7
1268790 2354.0
1268800 2354.0
1268810 2352.3
1268820 2352.9
1268830 2352.9
1268840 2354.2
1268850 2355.4
1268860 2355.4
1268870 2356.2
1268880 2356.8
1268890 2356.8
1268900 2356.3
1268910 2356.3
1268920 2356.3
1268930 2356.0
1268940 2355.5
1268950 2355.5
1268960 2355.4
1268970 2355.4
1268980 2355.4
1268990 2355.3
1269000 2354.5
1269010 2354.8
1269020 2354.8
1269030 2361.1
1269040 2362.7
1269050 2362.7
1269060 2365.3
1269070 2372.2
1269080 2372.2
1269090 2382.3
1269100 2388.3
1269110 2388.3
1269120 2396.4
1269130 2406.6
1269140 2406.6
1269150 2420.0
1269160 2438.7
1269170 2438.7
1269180 2453.0
1269190 2461.1
1269200 2461.1
1269210 2467.7
1269220 2474.8
1269230 2474.8
1269240 2484.2
1269250 2497.6
1269260 2497.6
1269270 2499.5
1269280 2502.5
1269290 2502.5
1269300 2508.9
1269310 2516.5
1269320 2524.8
1269330 2524.8
1269340 2532.5
1269350 2539.1
1269360 2539.1
1269370 2545.3
1269380 2550.9
1269390 2550.9
1269400 2554.4
1269410 2559.6
1269420 2559.6
1269430 2564.4
1269440 2570.6
1269450 2570.6
1269460 2577.8
1269470 2584.5
1269480 2584.5
1269490 2590.9
1269500 2597.8
1269510 2597.8
1269520 2603.4
1269530 2607.5
1269540 2607.5
1269550 2610.2
1269560 2612.8
1269570 2612.8
1269580 2615.8
1269590 2618.7
1269600 2618.7
1269610 2621.8
1269620 2625.3
1269630 2634.3
1269640 2634.3
1269650 2632.0
1269660 2623.5
1269670 2623.5
1269680 2613.7
1269690 2598.1
1269700 2598.1
1269710 2580.9
1269720 2568.2
1269730 2568.2
1269740 2559.8
1269750 2552.0
1269760 2552.0
1269770 2544.3
1269780 2537.1
1269790 2537.1
1269800 2529.7
1269810 2521.9
1269820 2521.9
1269830 2513.4
1269840 2506.2
1269850 2506.2
1269860 2499.8
1269870 2494.2
1269880 2494.2
1269890 2489.2
1269900 2484.4
1269910 2484.4
1269920 2479.8
1269930 2475.6
1269940 2472.2
1269950 2472.2
1269960 2469.0
1269970 2466.1
1269980 2466.1
1269990 2464.2
1270000 2463.1
1270010 2463.1
1270020 2462.9
1270030 2463.5
1270040 2463.5
1270050 2463.1
1270060 2461.5
1270070 2461.5
1270080 2459.5
1270090 2459.3
1270100 2459.3
1270110 2460.5
1270120 2461.6
1270130 2461.6
1270140 2463.1
1270150 2464.3
1270160 2464.3
1270170 2464.6
1270180 2464.8
1270190 2464.8
1270200 2465.2
1270210 2466.9
1270220 2461.9
1270230 2464.3
1270240 2466.4
1270250 2466.9
1270260 2466.9
1270270 2468.4
1270280 2471.4
1270290 2471.4
1270300 2475.4
1270310 2481.4
1270320 2481.4
1270330 2487.0
1270340 2493.1
1270350 2493.1
1270360 2499.0
1270370 2502.9
1270380 2502.9
1270390 2505.8
1270400 2505.6
1270410 2505.6
1270420 2504.6
1270430 2503.5
1270440 2503.5
1270450 2502.8
1270460 2502.0
1270470 2502.0
1270480 2502.1
1270490 2505.0
1270500 2505.0
1270510 2507.9
1270520 2509.0
1270530 2509.0
1270540 2508.3
1270550 2504.8
1270560 2497.7
1270570 2497.7
1270580 2490.7
1270590 2484.1
1270600 2484.1
1270610 2478.0
1270620 2473.0
1270630 2473.0
1270640 2470.3
1270650 2470.4
1270660 2470.4
1270670 2471.1
1270680 2471.8
1270690 2471.8
1270700 2472.8
1270710 2472.9
1270720 2472.9
1270730 2472.2
1270740 2471.6
1270750 2471.6
1270760 2468.9
1270770 2464.7
1270780 2464.7
1270790 2457.4
1270800 2450.9
1270810 2450.9
1270820 2439.3
1270830 2436.8
1270840 2436.2
1270850 2436.2
1270860 2436.0
1270870 2435.9
1270880 2435.9
1270890 2436.8
1270900 2439.0
1270910 2439.0
1270920 2441.2
1270930 2443.4
1270940 2443.4
1270950 2447.1
1270960 2453.8
1270970 2453.8
1270980 2456.3
1270990 2458.0
1271000 2458.0
1271010 2460.6
1271020 2461.5
1271030 2461.5
1271040 2465.0
1271050 2470.3
1271060 2470.3
1271070 2472.6
1271080 2473.5
1271090 2473.5
1271100 2474.3
1271110 2477.5
1271120 2477.5
1271130 2483.9
1271140 2491.3
1271150 2497.7
1271160 2497.7
1271170 2502.6
1271180 2505.7
1271190 2505.7
1271200 2508.4
1271210 2511.3
1271220 2511.3
1271230 2513.6
1271240 2515.7
1271250 2515.7
1271260 2517.5
1271270 2518.3
1271280 2518.3
1271290 2519.1
1271300 2520.9
1271310 2520.9
1271320 2522.8
1271330 2522.8
1271340 2522.8
1271350 2521.8
1271360 2523.9
1271370 2523.9
1271380 2527.3
1271390 2530.4
1271400 2530.4
1271410 2532.0
1271420 2534.2
1271430 2534.2
1271440 2538.1
1271450 2540.7
1271460 2542.4
1271470 2542.4
1271480 2544.6
1271490 2547.1
1271500 2547.1
1271510 2549.8
1271520 2552.8
1271530 2552.8
1271540 2553.7
1271550 2554.1
1271560 2554.1
1271570 2555.3
1271580 2556.7
1271590 2556.7
1271600 2556.3
1271610 2554.7
1271620 2554.7
1271630 2551.9
1271640 2549.8
1271650 2549.8
1271660 2552.9
1271670 2557.4
1271680 2557.4
1271690 2563.2
1271700 2568.4
1271710 2568.4
1271720 2570.7
1271730 2574.5
1271740 2574.5
1271750 2580.3
1271760 2584.9
1271770 2587.7
1271780 2587.7
1271790 2587.8
1271800 2585.8
1271810 2585.8
1271820 2580.9
1271830 2574.2
1271840 2574.2
1271850 2570.1
1271860 2568.8
1271870 2568.8
1271880 2565.4
1271890 2560.4
1271900 2560.4
1271910 2554.3
1271920 2546.9
1271930 2546.9
1271940 2539.4
1271950 2528.4
1271960 2528.4
1271970 2510.2
1271980 2491.5
1271990 2491.5
1272000 2479.7
1272010 2465.1
1272020 2465.1
1272030 2458.7
1272040 2454.4
1272050 2454.4
1272060 2450.0
1272070 2444.9
1272080 2437.0
1272090 2437.0
1272100 2434.5
1272110 2435.0
1272120 2435.0
1272130 2432.8
1272140 2427.3
1272150 2427.3
1272160 2419.9
1272170 2411.5
1272180 2411.5
1272190 2403.8
1272200 2400.8
1272210 2400.8
1272220 2393.8
1272230 2385.8
1272240 2385.8
1272250 2379.0
1272260 2373.2
1272270 2373.2
1272280 2372.2
1272290 2369.7
1272300 2369.7
1272310 2365.7
1272320 2362.3
1272330 2362.3
1272340 2359.6
1272350 2358.2
1272360 2358.2
1272370 2357.8
1272380 2357.8
1272390 2358.4
1272400 2358.4
1272410 2358.1
1272420 2357.3
1272430 2357.3
1272440 2356.0
1272450 2353.8
1272460 2353.8
1272470 2351.7
1272480 2350.6
1272490 2350.6
1272500 2350.0
1272510 2349.7
1272520 2349.7
1272530 2348.6
1272540 2346.4
1272550 2346.4
1272560 2345.1
1272570 2347.1
1272580 2347.1
1272590 2352.0
1272600 2355.7
1272610 2355.7
1272620 2355.3
1272630 2359.5
1272640 2359.5
1272650 2364.7
1272660 2369.0
1272670 2369.0
1272680 2372.6
1272690 2376.5
1272700 2380.7
1272710 2380.7
1272720 2385.1
1272730 2389.7
1272740 2389.7
1272750 2394.2
1272760 2398.0
1272770 2398.0
1272780 2402.3
1272790 2407.8
1272800 2407.8
1272810 2412.5
1272820 2417.6
1272830 2417.6
1272840 2423.5
1272850 2428.8
1272860 2428.8
1272870 2433.7
1272880 2439.8
1272890 2439.8
1272900 2449.3
1272910 2458.5
1272920 2458.5
1272930 2467.4
1272940 2477.7
1272950 2477.7
1272960 2487.1
1272970 2495.8
1272980 2505.9
1272990 2505.9
1273000 2516.9
1273010 2527.8
1273020 2527.8
1273030 2536.6
1273040 2547.1
1273050 2547.1
1273060 2557.2
1273070 2567.1
1273080 2567.1
1273090 2579.2
1273100 2593.2
1273110 2593.2
1273120 2600.7
1273130 2594.4
1273140 2594.4
1273150 2584.8
1273160 2574.0
1273170 2574.0
1273180 2562.6
1273190 2553.0
1273200 2553.0
1273210 2543.8
1273220 2530.5
1273230 2530.5
1273240 2520.3
1273250 2509.8
1273260 2509.8
1273270 2500.8
1273280 2491.8
1273290 2483.2
1273300 2483.2
1273310 2475.2
1273320 2469.9
1273330 2469.9
1273340 2466.1
1273350 2461.8
1273360 2461.8
1273370 2457.3
1273380 2453.2
1273390 2453.2
1273400 2449.1
1273410 2445.2
1273420 2445.2
1273430 2441.9
1273440 2438.2
1273450 2438.2
1273460 2433.8
1273470 2430.0
1273480 2430.0
1273490 2426.5
1273500 2423.1
1273510 2423.1
1273520 2419.7
1273530 2416.8
1273540 2416.8
1273550 2414.5
1273560 2412.9
1273570 2412.9
1273580 2411.9
1273590 2410.2
1273600 2405.6
1273610 2405.6
1273620 2401.1
1273630 2397.7
1273640 2397.7
1273650 2395.0
1273660 2391.3
1273670 2391.3
1273680 2386.6
1273690 2383.3
1273700 2383.3
1273710 2380.8
1273720 2378.6
1273730 2378.6
1273740 2376.5
1273750 2374.4
1273760 2374.4
1273770 2372.5
1273780 2370.4
1273790 2370.4
1273800 2368.0
1273810 2367.0
1273820 2360.7
1273830 2360.0
1273840 2359.0
1273850 2359.0
1273860 2358.3
1273870 2359.5
1273880 2359.5
1273890 2362.0
1273900 2365.2
1273910 2368.8
1273920 2368.8
1273930 2373.2
1273940 2379.7
1273950 2379.7
1273960 2387.5
1273970 2394.0
1273980 2394.0
1273990 2399.3
1274000 2404.6
1274010 2404.6
1274020 2409.0
1274030 2412.7
1274040 2412.7
1274050 2419.1
1274060 2425.0
1274070 2425.0
1274080 2420.3
1274090 2407.0
1274100 2407.0
1274110 2391.2
1274120 2384.4
1274130 2384.4
1274140 2370.3
1274150 2362.9
1274160 2362.9
1274170 2355.0
1274180 2335.1
1274190 2335.1
1274200 2323.0
1274210 2313.9
1274220 2304.7
1274230 2304.7
1274240 2295.2
1274250 2285.4
1274260 2285.4
1274270 2275.4
1274280 2265.1
1274290 2265.1
1274300 2254.0
1274310 2242.3
1274320 2242.3
1274330 2225.6
1274340 2208.0
1274350 2208.0
1274360 2189.8
1274370 2173.0
1274380 2173.0
1274390 2163.1
1274400 2153.9
1274410 2153.9
1274420 2142.1
1274430 2136.7
1274440 2136.7
1274450 2111.3
1274460 2101.2
1274470 2101.2
1274480 2098.7
1274490 2110.2
1274500 2110.2
1274510 2106.7
1274520 2098.7
1274530 2100.7
1274540 2100.7
1274550 2091.9
1274560 2080.4
1274570 2080.4
1274580 2070.7
1274590 2062.7
1274600 2062.7
1274610 2055.6
1274620 2050.2
1274630 2050.2
1274640 2042.6
1274650 2036.8
1274660 2036.8
1274670 2031.9
1274680 2021.5
1274690 2021.5
1274700 2002.6
1274710 1973.4
1274720 1973.4
1274730 1961.3
1274740 1981.9
1274750 1981.9
1274760 1989.2
1274770 1971.6
1274780 1971.6
1274790 1955.2
1274800 1944.8
1274810 1944.8
1274820 1936.6
1274830 1925.2
1274840 1916.2
1274850 1916.2
1274860 1912.2
1274870 1919.2
1274880 1919.2
1274890 1924.3
1274900 1924.1
1274910 1924.1
1274920 1926.7
1274930 1936.8
1274940 1936.8
1274950 1942.6
1274960 1945.7
1274970 1945.7
1274980 1956.6
1274990 1974.1
1275000 1974.1
1275010 1987.9
1275020 1998.1
1275030 1998.1
1275040 2019.0
1275050 2025.8
1275060 2025.8
1275070 2028.7
1275080 2036.1
1275090 2036.1
1275100 2052.9
1275110 2071.8
1275120 2079.7
1275130 2079.7
1275140 2080.0
1275150 2074.3
1275160 2074.3
1275170 2063.2
1275180 2050.4
1275190 2050.4
1275200 2037.2
1275210 2033.8
1275220 2033.8
1275230 2034.3
1275240 2037.2
1275250 2037.2
1275260 2038.3
1275270 2033.4
1275280 2033.4
1275290 2025.9
1275300 2008.1
1275310 2008.1
1275320 1955.8
1275330 1926.1
1275340 1926.1
1275350 1911.3
1275360 1900.8
1275370 1900.8
1275380 1889.3
1275390 1882.0
1275400 1882.0
1275410 1875.0
1275420 1865.5
1275430 1853.9
1275440 1853.9
1275450 1836.2
1275460 1820.2
1275470 1820.2
1275480 1808.5
1275490 1799.5
1275500 1799.5
1275510 1786.8
1275520 1767.6
1275530 1767.6
1275540 1734.0
1275550 1718.2
1275560 1718.2
1275570 1711.4
1275580 1703.0
1275590 1703.0
1275600 1690.3
1275610 1675.9
1275620 1675.9
1275630 1659.2
1275640 1630.9
1275650 1611.3
1275660 1599.6
1275670 1597.5
1275680 1597.5
1275690 1594.1
1275700 1590.6
1275710 1590.6
1275720 1582.6
1275730 1581.9
1275740 1580.7
1275750 1580.7
1275760 1587.8
1275770 1594.9
1275780 1594.9
1275790 1592.6
1275800 1590.6
1275810 1590.6
1275820 1592.6
1275830 1594.1
1275840 1594.1
1275850 1595.7
1275860 1596.8
1275870 1596.8
1275880 1597.2
1275890 1597.4
1275900 1597.4
1275910 1597.2
1275920 1596.3
1275930 1596.3
1275940 1594.9
1275950 1593.9
1275960 1593.9
1275970 1594.1
1275980 1595.6
1275990 1595.6
1276000 1597.1
1276010 1598.1
1276020 1598.1
1276030 1598.7
1276040 1597.3
1276050 1599.2
1276060 1599.2
1276070 1601.2
1276080 1600.9
1276090 1600.9
1276100 1600.8
1276110 1602.2
1276120 1602.2
1276130 1603.6
1276140 1604.9
1276150 1604.9
1276160 1606.7
1276170 1608.0
1276180 1608.0
1276190 1608.8
1276200 1609.6
1276210 1609.6
1276220 1610.8
1276230 1611.7
1276240 1611.7
1276250 1612.5
1276260 1627.8
1276270 1627.8
1276280 1630.7
1276290 1635.9
1276300 1635.9
1276310 1637.7
1276320 1638.1
1276330 1638.1
1276340 1639.2
1276350 1641.3
1276360 1644.2
1276370 1644.2
1276380 1645.6
1276390 1646.7
1276400 1646.7
1276410 1646.0
1276420 1647.8
1276430 1647.8
1276440 1649.3
1276450 1650.5
1276460 1650.5
1276470 1650.6
1276480 1651.7
1276490 1651.7
1276500 1652.5
1276510 1652.7
1276520 1652.7
1276530 1654.3
1276540 1654.2
1276550 1654.2
1276560 1654.9
1276570 1655.6
1276580 1655.6
1276590 1656.2
1276600 1655.9
1276610 1655.9
1276620 1655.5
1276630 1654.7
1276640 1654.7
1276650 1653.8
1276660 1652.4
1276670 1651.5
1276680 1651.5
1276690 1651.2
1276700 1650.7
1276710 1650.7
1276720 1650.4
1276730 1650.4
1276740 1650.4
1276750 1650.0
1276760 1648.6
1276770 1648.6
1276780 1647.2
1276790 1646.4
1276800 1646.4
1276810 1646.0
1276820 1645.1
1276830 1645.1
1276840 1643.9
1276850 1642.4
1276860 1642.4
1276870 1644.3
1276880 1642.0
1276890 1642.0
1276900 1639.3
1276910 1636.7
1276920 1636.7
1276930 1635.6
1276940 1635.7
1276950 1635.7
1276960 1634.6
1276970 1632.6
1276980 1630.3
1276990 1630.3
1277000 1628.2
1277010 1625.8
1277020 1625.8
1277030 1624.1
1277040 1623.1
1277050 1623.1
1277060 1621.0
1277070 1617.5
1277080 1617.5
1277090 1616.0
1277100 1614.7
1277110 1614.7
1277120 1612.2
1277130 1609.7
1277140 1609.7
1277150 1608.7
1277160 1608.1
1277170 1608.1
1277180 1607.3
1277190 1607.8
1277200 1607.8
1277210 1610.7
1277220 1615.4
1277230 1615.4
1277240 1621.0
1277250 1626.7
1277260 1628.9
1277270 1628.9
1277280 1628.6
1277290 1627.7
1277300 1627.7
1277310 1626.5
1277320 1624.2
1277330 1624.2
1277340 1619.3
1277350 1613.5
1277360 1613.5
1277370 1607.4
1277380 1601.2
1277390 1601.2
1277400 1594.6
1277410 1588.3
1277420 1588.3
1277430 1582.5
1277440 1576.9
1277450 1576.9
1277460 1571.4
1277470 1565.9
1277480 1565.9
1277490 1563.5
1277500 1558.6
1277510 1558.6
1277520 1555.7
1277530 1555.0
1277540 1555.0
1277550 1551.5
1277560 1545.8
1277570 1539.6
1277580 1539.6
1277590 1532.6
1277600 1525.5
1277610 1525.5
1277620 1518.5
1277630 1512.3
1277640 1512.3
1277650 1506.5
1277660 1500.9
1277670 1500.9
1277680 1495.6
1277690 1490.7
1277700 1490.7
1277710 1487.0
1277720 1484.0
1277730 1484.0
1277740 1480.7
1277750 1476.3
1277760 1476.3
1277770 1471.7
1277780 1468.1
1277790 1468.1
1277800 1466.2
1277810 1464.6
1277820 1464.6
1277830 1462.3
1277840 1461.8
1277850 1461.8
1277860 1460.9
1277870 1457.7
1277880 1456.5
1277890 1456.5
1277900 1456.5
1277910 1456.4
1277920 1456.4
1277930 1458.0
1277940 1464.2
1277950 1464.2
1277960 1471.5
1277970 1478.8
1277980 1478.8
1277990 1484.0
1278000 1484.0
1278010 1484.0
1278020 1483.0
1278030 1485.1
1278040 1485.1
1278050 1487.9
1278060 1489.7
1278070 1489.7
1278080 1490.2
1278090 1488.3
1278100 1488.3
1278110 1485.9
1278120 1486.8
1278130 1486.8
1278140 1488.8
1278150 1489.8
1278160 1489.8
1278170 1494.0
1278180 1499.5
1278190 1506.8
1278200 1506.8
1278210 1512.4
1278220 1516.6
1278230 1516.6
1278240 1519.0
1278250 1521.8
1278260 1521.8
1278270 1523.4
1278280 1525.5
1278290 1525.5
1278300 1528.9
1278310 1533.9
1278320 1533.9
1278330 1538.2
1278340 1540.6
1278350 1540.6
1278360 1540.2
1278370 1540.1
1278380 1540.1
1278390 1540.3
1278400 1539.4
1278410 1539.4
1278420 1537.5
1278430 1536.6
1278440 1536.6
1278450 1537.3
1278460 1539.3
1278470 1539.3
1278480 1541.3
1278490 1542.9
1278500 1545.8
1278510 1545.8
1278520 1548.3
1278530 1550.7
1278540 1550.7
1278550 1550.9
1278560 1550.7
1278570 1550.7
1278580 1552.5
1278590 1553.7
1278600 1553.7
1278610 1554.6
1278620 1557.8
1278630 1557.8
1278640 1558.4
1278650 1553.3
1278660 1553.3
1278670 1552.1
1278680 1557.3
1278690 1557.3
1278700 1562.9
1278710 1565.6
1278720 1565.6
1278730 1569.6
1278740 1575.2
1278750 1575.2
1278760 1582.4
1278770 1589.3
1278780 1589.3
1278790 1592.8
1278800 1593.8
1278810 1594.2
1278820 1594.2
1278830 1594.8
1278840 1594.6
1278850 1594.6
1278860 1592.1
1278870 1590.1
1278880 1590.1
1278890 1593.4
1278900 1597.3
1278910 1597.3
1278920 1599.8
1278930 1602.3
1278940 1602.3
1278950 1605.0
1278960 1607.8
1278970 1607.8
1278980 1608.8
1278990 1608.5
1279000 1608.5
1279010 1608.2
1279020 1608.8
1279030 1608.8
1279040 1609.9
1279050 1611.1
1279060 1611.1
1279070 1612.2
1279080 1611.6
1279090 1611.6
1279100 1609.4
1279110 1608.3
1279120 1607.8
1279130 1607.8
1279140 1607.8
1279150 1605.5
1279160 1605.5
1279170 1603.7
1279180 1601.8
1279190 1601.8
1279200 1600.3
1279210 1598.5
1279220 1598.5
1279230 1596.1
1279240 1594.8
1279250 1594.8
1279260 1595.3
1279270 1595.8
1279280 1595.8
1279290 1595.9
1279300 1595.7
1279310 1595.7
1279320 1594.8
1279330 1594.2
1279340 1594.2
1279350 1594.0
1279360 1593.9
1279370 1593.9
1279380 1593.0
1279390 1591.4
1279400 1588.4
1279410 1588.4
1279420 1583.9
1279430 1581.9
1279440 1581.9
1279450 1581.6
1279460 1581.6
1279470 1581.6
1279480 1582.3
1279490 1581.8
1279500 1581.8
1279510 1582.3
1279520 1583.0
1279530 1583.0
1279540 1584.0
1279550 1585.0
1279560 1585.0
1279570 1585.8
1279580 1586.6
1279590 1586.6
1279600 1587.3
1279610 1587.4
1279620 1587.4
1279630 1587.0
1279640 1589.7
1279650 1589.7
1279660 1593.6
1279670 1594.7
1279680 1594.7
1279690 1596.3
1279700 1597.6
1279710 1597.8
1279720 1597.8
1279730 1597.5
1279740 1597.8
1279750 1597.8
1279760 1599.6
1279770 1601.7
1279780 1601.7
1279790 1603.7
1279800 1605.3
1279810 1605.3
1279820 1606.4
1279830 1605.8
1279840 1605.8
1279850 1608.9
1279860 1612.6
1279870 1612.6
1279880 1614.7
1279890 1616.4
1279900 1616.4
1279910 1618.1
1279920 1621.1
1279930 1621.1
1279940 1624.2
1279950 1627.1
1279960 1627.1
1279970 1631.1
1279980 1635.7
1279990 1635.7
