1260000 1167.9
1260010 1170.6
1260020 1172.7
1260030 1172.7
1260040 1174.9
1260050 1178.0
1260060 1178.0
1260070 1182.1
1260080 1188.6
1260090 1188.6
1260100 1195.4
1260110 1202.1
1260120 1202.1
1260130 1208.7
1260140 1215.2
1260150 1215.2
1260160 1221.7
1260170 1228.2
1260180 1228.2
1260190 1235.0
1260200 1241.7
1260210 1241.7
1260220 1248.6
1260230 1255.5
1260240 1255.5
1260250 1262.0
1260260 1268.4
1260270 1274.9
1260280 1274.9
1260290 1281.8
1260300 1288.6
1260310 1288.6
1260320 1295.4
1260330 1301.8
1260340 1301.8
1260350 1308.3
1260360 1315.1
1260370 1315.1
1260380 1322.3
1260390 1329.9
1260400 1329.9
1260410 1337.5
1260420 1344.6
1260430 1344.6
1260440 1351.8
1260450 1359.1
1260460 1359.1
1260470 1372.6
1260480 1391.1
1260490 1391.1
1260500 1395.7
1260510 1401.2
1260520 1401.2
1260530 1410.8
1260540 1419.9
1260550 1419.9
1260560 1425.1
1260570 1430.3
1260580 1436.5
1260590 1436.5
1260600 1444.7
1260610 1453.1
1260620 1453.1
1260630 1465.7
1260640 1481.0
1260650 1481.0
1260660 1490.5
1260670 1498.2
1260680 1498.2
1260690 1503.4
1260700 1515.4
1260710 1515.4
1260720 1529.3
1260730 1542.0
1260740 1542.0
1260750 1552.7
1260760 1563.0
1260770 1563.0
1260780 1574.3
1260790 1588.1
1260800 1588.1
1260810 1601.8
1260820 1614.7
1260830 1614.7
1260840 1626.3
1260850 1637.3
1260860 1637.3
1260870 1642.2
1260880 1647.8
1260890 1654.0
1260900 1654.0
1260910 1661.8
1260920 1672.3
1260930 1672.3
1260940 1680.2
1260950 1687.2
1260960 1687.2
1260970 1692.9
1260980 1697.5
1260990 1697.5
1261000 1703.1
1261010 1708.0
1261020 1708.0
1261030 1713.0
1261040 1724.0
1261050 1724.0
1261060 1725.3
1261070 1730.1
1261080 1730.1
1261090 1737.9
1261100 1745.9
1261110 1745.9
1261120 1753.5
1261130 1759.3
1261140 1759.3
1261150 1768.2
1261160 1779.7
1261170 1779.7
1261180 1788.7
1261190 1796.0
1261200 1803.5
1261210 1803.5
1261220 1812.3
1261230 1820.6
1261240 1820.6
1261250 1827.9
1261260 1833.7
1261270 1833.7
1261280 1828.4
1261290 1822.2
1261300 1822.2
1261310 1826.6
1261320 1835.4
1261330 1835.4
1261340 1845.3
1261350 1854.4
1261360 1854.4
1261370 1859.8
1261380 1856.9
1261390 1856.9
1261400 1849.6
1261410 1844.3
1261420 1844.3
1261430 1851.7
1261440 1868.8
1261450 1868.8
1261460 1884.2
1261470 1894.9
1261480 1894.9
1261490 1903.7
1261500 1911.4
1261510 1919.4
1261520 1919.4
1261530 1926.6
1261540 1933.2
1261550 1933.2
1261560 1938.7
1261570 1945.8
1261580 1945.8
1261590 1953.0
1261600 1960.8
1261610 1960.8
1261620 1973.1
1261630 1980.0
1261640 1980.0
1261650 1990.6
1261660 2001.3
1261670 2001.3
1261680 2010.6
1261690 2019.0
1261700 2019.0
1261710 2027.7
1261720 2035.3
1261730 2035.3
1261740 2042.1
1261750 2047.2
1261760 2047.2
1261770 2051.8
1261780 2057.5
1261790 2057.5
1261800 2062.3
1261810 2066.4
1261820 2069.9
1261830 2069.9
1261840 2071.8
1261850 2071.2
1261860 2071.2
1261870 2069.2
1261880 2067.2
1261890 2067.2
1261900 2066.2
1261910 2065.5
1261920 2065.5
1261930 2064.8
1261940 2066.8
1261950 2066.8
1261960 2071.4
1261970 2076.7
1261980 2076.7
1261990 2082.0
1262000 2088.3
1262010 2088.3
1262020 2095.3
1262030 2102.3
1262040 2102.3
1262050 2109.4
1262060 2117.8
1262070 2117.8
1262080 2125.1
1262090 2132.6
1262100 2132.6
1262110 2139.2
1262120 2145.1
1262130 2151.1
1262140 2151.1
1262150 2153.8
1262160 2145.1
1262170 2145.1
1262180 2129.3
1262190 2103.0
1262200 2103.0
1262210 2083.3
1262220 2075.9
1262230 2075.9
1262240 2069.5
1262250 2064.2
1262260 2064.2
1262270 2059.2
1262280 2053.3
1262290 2053.3
1262300 2046.9
1262310 2040.0
1262320 2040.0
1262330 2033.1
1262340 2030.6
1262350 2030.6
1262360 2026.4
1262370 2023.7
1262380 2023.7
1262390 2020.4
1262400 2017.2
1262410 2017.2
1262420 2014.0
1262430 2011.5
1262440 2011.7
1262450 2011.7
1262460 2009.2
1262470 2005.8
1262480 2005.8
1262490 2004.4
1262500 2006.2
1262510 2006.2
1262520 2010.2
1262530 2014.9
1262540 2014.9
1262550 2021.1
1262560 2028.6
1262570 2028.6
1262580 2036.2
1262590 2042.3
1262600 2042.3
1262610 2047.0
1262620 2047.5
1262630 2047.5
1262640 2038.8
1262650 2029.4
1262660 2029.4
1262670 2020.9
1262680 2011.8
1262690 2011.8
1262700 2001.4
1262710 1988.7
1262720 1988.7
1262730 1979.5
1262740 1972.5
1262750 1964.9
1262760 1964.0
1262770 1955.6
1262780 1940.7
1262790 1940.7
1262800 1916.5
1262810 1902.2
1262820 1902.2
1262830 1898.1
1262840 1896.2
1262850 1896.2
1262860 1894.4
1262870 1894.4
1262880 1894.4
1262890 1893.9
1262900 1892.7
1262910 1892.7
1262920 1891.7
1262930 1891.4
1262940 1891.4
1262950 1891.5
1262960 1891.2
1262970 1891.2
1262980 1891.6
1262990 1894.4
1263000 1894.4
1263010 1897.2
1263020 1899.9
1263030 1899.9
1263040 1902.7
1263050 1905.8
1263060 1908.8
1263070 1908.8
1263080 1911.6
1263090 1914.1
1263100 1914.1
1263110 1916.7
1263120 1919.4
1263130 1919.4
1263140 1921.1
1263150 1923.9
1263160 1923.9
1263170 1929.3
1263180 1934.1
1263190 1934.1
1263200 1938.3
1263210 1942.2
1263220 1942.2
1263230 1946.8
1263240 1951.8
1263250 1951.8
1263260 1956.7
1263270 1961.6
1263280 1961.6
1263290 1966.6
1263300 1971.6
1263310 1971.6
1263320 1977.0
1263330 1983.0
1263340 1985.8
1263350 1992.1
1263360 2000.5
1263370 2011.5
1263380 2011.5
1263390 2020.1
1263400 2031.1
1263410 2031.1
1263420 2046.7
1263430 2057.9
1263440 2057.9
1263450 2070.7
1263460 2085.9
1263470 2085.9
1263480 2100.9
1263490 2115.7
1263500 2115.7
1263510 2126.7
1263520 2135.2
1263530 2135.2
1263540 2143.2
1263550 2149.4
1263560 2149.4
1263570 2155.4
1263580 2161.7
1263590 2161.7
1263600 2168.2
1263610 2175.0
1263620 2175.0
1263630 2186.1
1263640 2198.8
1263650 2198.8
1263660 2208.1
1263670 2215.9
1263680 2223.3
1263690 2223.3
1263700 2230.7
1263710 2238.6
1263720 2238.6
1263730 2246.2
1263740 2255.1
1263750 2255.1
1263760 2267.1
1263770 2296.8
1263780 2296.8
1263790 2335.5
1263800 2354.7
1263810 2354.7
1263820 2368.4
1263830 2373.7
1263840 2373.7
1263850 2391.0
1263860 2398.5
1263870 2398.5
1263880 2387.9
1263890 2360.3
1263900 2360.3
1263910 2314.0
1263920 2301.7
1263930 2301.7
1263940 2294.1
1263950 2287.9
1263960 2281.7
1263970 2281.7
1263980 2275.8
1263990 2270.6
1264000 2270.6
1264010 2265.4
1264020 2260.3
1264030 2260.3
1264040 2255.2
1264050 2250.0
1264060 2250.0
1264070 2244.8
1264080 2239.8
1264090 2239.8
1264100 2234.8
1264110 2229.7
1264120 2229.7
1264130 2224.7
1264140 2219.8
1264150 2219.8
1264160 2215.5
1264170 2211.8
1264180 2211.8
1264190 2208.3
1264200 2204.6
1264210 2204.6
1264220 2200.8
1264230 2198.4
1264240 2198.4
1264250 2196.6
1264260 2194.4
1264270 2193.2
1264280 2193.2
1264290 2193.3
1264300 2193.6
1264310 2193.6
1264320 2193.2
1264330 2192.0
1264340 2192.0
1264350 2190.3
1264360 2188.3
1264370 2188.3
1264380 2186.5
1264390 2184.6
1264400 2184.6
1264410 2183.4
1264420 2183.6
1264430 2183.6
1264440 2185.1
1264450 2187.8
1264460 2187.8
1264470 2192.9
1264480 2198.7
1264490 2198.7
1264500 2204.8
1264510 2205.9
1264520 2205.9
1264530 2216.3
1264540 2228.5
1264550 2228.5
1264560 2237.4
1264570 2249.6
1264580 2256.2
1264590 2256.2
1264600 2261.1
1264610 2258.6
1264620 2258.6
1264630 2253.8
1264640 2257.5
1264650 2257.5
1264660 2260.6
1264670 2262.0
1264680 2262.0
1264690 2267.8
1264700 2274.0
1264710 2274.0
1264720 2275.0
1264730 2269.4
1264740 2269.4
1264750 2260.7
1264760 2252.0
1264770 2252.0
1264780 2242.7
1264790 2232.7
1264800 2232.7
1264810 2226.1
1264820 2223.6
1264830 2223.6
1264840 2222.9
1264850 2220.4
1264860 2220.4
1264870 2217.8
1264880 2215.7
1264890 2213.9
1264900 2213.9
1264910 2211.9
1264920 2210.3
1264930 2210.3
1264940 2210.1
1264950 2210.4
1264960 2210.4
1264970 2210.8
1264980 2211.6
1264990 2211.6
1265000 2213.6
1265010 2215.3
1265020 2215.3
1265030 2219.3
1265040 2227.6
1265050 2227.6
1265060 2237.9
1265070 2249.7
1265080 2262.3
1265090 2284.8
1265100 2292.0
1265110 2292.0
1265120 2297.1
1265130 2307.0
1265140 2307.0
1265150 2318.9
1265160 2327.8
1265170 2327.8
1265180 2340.0
1265190 2352.4
1265200 2363.5
1265210 2363.5
1265220 2376.8
1265230 2385.8
1265240 2385.8
1265250 2393.7
1265260 2403.2
1265270 2403.2
1265280 2419.5
1265290 2433.8
1265300 2433.8
1265310 2438.9
1265320 2435.8
1265330 2435.8
1265340 2433.6
1265350 2434.1
1265360 2434.1
1265370 2432.1
1265380 2433.1
1265390 2433.1
1265400 2437.0
1265410 2439.8
1265420 2439.8
1265430 2440.0
1265440 2440.0
1265450 2440.0
1265460 2439.8
1265470 2434.5
1265480 2434.5
1265490 2432.6
1265500 2429.8
1265510 2431.6
1265520 2431.6
1265530 2431.2
1265540 2429.7
1265550 2429.7
1265560 2429.8
1265570 2431.2
1265580 2431.2
1265590 2433.5
1265600 2429.8
1265610 2429.8
1265620 2432.2
1265630 2434.7
1265640 2434.7
1265650 2451.0
1265660 2472.7
1265670 2472.7
1265680 2474.2
1265690 2471.5
1265700 2471.5
1265710 2465.4
1265720 2466.8
1265730 2466.8
1265740 2472.8
1265750 2476.7
1265760 2476.7
1265770 2474.3
1265780 2471.4
1265790 2471.4
1265800 2469.4
1265810 2463.3
1265820 2461.8
1265830 2461.8
1265840 2459.6
1265850 2446.4
1265860 2446.4
1265870 2433.4
1265880 2416.5
1265890 2416.5
1265900 2378.0
1265910 2351.8
1265920 2351.8
1265930 2336.9
1265940 2324.8
1265950 2324.8
1265960 2316.3
1265970 2308.6
1265980 2308.6
1265990 2300.5
1266000 2292.6
1266010 2292.6
1266020 2285.3
1266030 2276.3
1266040 2276.3
1266050 2265.1
1266060 2256.4
1266070 2256.4
1266080 2246.6
1266090 2236.9
1266100 2236.9
1266110 2230.2
1266120 2232.2
1266130 2233.4
1266140 2233.4
1266150 2226.2
1266160 2221.0
1266170 2221.0
1266180 2222.3
1266190 2223.1
1266200 2223.1
1266210 2225.4
1266220 2230.6
1266230 2230.6
1266240 2218.1
1266250 2202.8
1266260 2202.8
1266270 2194.8
1266280 2191.4
1266290 2191.4
1266300 2188.6
1266310 2185.3
1266320 2185.3
1266330 2182.1
1266340 2179.1
1266350 2179.1
1266360 2175.9
1266370 2172.2
1266380 2172.2
1266390 2169.9
1266400 2168.7
1266410 2168.7
1266420 2167.2
1266430 2165.2
1266440 2162.8
1266450 2162.8
1266460 2160.0
1266470 2156.6
1266480 2156.6
1266490 2152.9
1266500 2148.9
1266510 2148.9
1266520 2145.2
1266530 2141.6
1266540 2141.6
1266550 2137.7
1266560 2134.5
1266570 2134.5
1266580 2133.2
1266590 2132.5
1266600 2132.5
1266610 2131.6
1266620 2131.4
1266630 2131.4
1266640 2131.5
1266650 2130.9
1266660 2130.9
1266670 2130.1
1266680 2128.9
1266690 2128.9
1266700 2127.1
1266710 2125.1
1266720 2125.1
1266730 2122.5
1266740 2120.1
1266750 2118.3
1266760 2118.3
1266770 2118.6
1266780 2119.9
1266790 2119.9
1266800 2122.0
1266810 2124.5
1266820 2124.5
1266830 2130.6
1266840 2132.5
1266850 2132.5
1266860 2134.0
1266870 2135.9
1266880 2135.9
1266890 2139.3
1266900 2142.5
1266910 2142.5
1266920 2145.9
1266930 2151.8
1266940 2151.8
1266950 2158.7
1266960 2165.2
1266970 2165.2
1266980 2170.9
1266990 2175.4
1267000 2175.4
1267010 2178.3
1267020 2179.9
1267030 2179.9
1267040 2182.7
1267050 2189.0
1267060 2192.2
1267070 2192.2
1267080 2194.8
1267090 2199.3
1267100 2199.3
1267110 2204.5
1267120 2213.8
1267130 2213.8
1267140 2220.5
1267150 2228.3
1267160 2228.3
1267170 2238.3
1267180 2247.6
1267190 2247.6
1267200 2256.1
1267210 2264.1
1267220 2264.1
1267230 2271.6
1267240 2279.3
1267250 2279.3
1267260 2286.9
1267270 2297.4
1267280 2297.4
1267290 2310.0
1267300 2321.5
1267310 2321.5
1267320 2332.1
1267330 2340.3
1267340 2340.3
1267350 2346.4
1267360 2350.5
1267370 2356.4
1267380 2356.4
1267390 2363.5
1267400 2370.7
1267410 2374.1
1267420 2380.9
1267430 2387.1
1267440 2387.1
1267450 2390.6
1267460 2385.4
1267470 2385.4
1267480 2378.0
1267490 2370.9
1267500 2370.9
1267510 2364.0
1267520 2356.8
1267530 2356.8
1267540 2349.9
1267550 2343.3
1267560 2343.3
1267570 2336.9
1267580 2330.4
1267590 2330.4
1267600 2324.2
1267610 2318.2
1267620 2318.2
1267630 2312.5
1267640 2307.3
1267650 2307.3
1267660 2302.6
1267670 2298.4
1267680 2294.8
1267690 2294.8
1267700 2291.5
1267710 2288.7
1267720 2288.7
1267730 2286.0
1267740 2285.5
1267750 2285.5
1267760 2287.9
1267770 2290.2
1267780 2290.2
1267790 2290.8
1267800 2291.4
1267810 2291.4
1267820 2292.3
1267830 2294.4
1267840 2294.4
1267850 2297.1
1267860 2298.4
1267870 2298.4
1267880 2299.7
1267890 2301.9
1267900 2301.9
1267910 2302.9
1267920 2303.7
1267930 2303.7
1267940 2303.6
1267950 2305.4
1267960 2308.3
1267970 2308.3
1267980 2311.6
1267990 2314.1
1268000 2314.2
1268010 2316.1
1268020 2315.9
1268030 2315.9
1268040 2314.7
1268050 2314.1
1268060 2314.1
1268070 2312.0
1268080 2309.3
1268090 2309.3
1268100 2307.5
1268110 2306.2
1268120 2306.2
1268130 2307.1
1268140 2308.4
1268150 2308.4
1268160 2308.3
1268170 2305.0
1268180 2305.0
1268190 2303.4
1268200 2303.1
1268210 2303.1
1268220 2298.8
1268230 2294.3
1268240 2294.3
1268250 2293.2
1268260 2294.4
1268270 2297.0
1268280 2297.0
1268290 2299.6
1268300 2299.7
1268310 2299.7
1268320 2299.2
1268330 2301.1
1268340 2301.1
1268350 2303.7
1268360 2305.4
1268370 2305.4
1268380 2305.6
1268390 2302.7
1268400 2302.7
1268410 2298.1
1268420 2292.6
1268430 2292.6
1268440 2287.1
1268450 2281.2
1268460 2281.2
1268470 2275.5
1268480 2270.6
1268490 2270.6
1268500 2266.0
1268510 2262.9
1268520 2262.9
1268530 2262.7
1268540 2261.7
1268550 2261.7
1268560 2259.4
1268570 2258.7
1268580 2259.7
1268590 2266.5
1268600 2268.1
1268610 2271.1
1268620 2271.1
1268630 2276.6
1268640 2286.5
1268650 2286.5
1268660 2295.4
1268670 2302.7
1268680 2302.7
1268690 2315.1
1268700 2326.7
1268710 2326.7
1268720 2326.9
1268730 2318.8
1268740 2318.8
1268750 2312.8
1268760 2308.9
1268770 2308.9
1268780 2298.7
1268790 2286.7
1268800 2286.7
1268810 2275.6
1268820 2260.4
1268830 2260.4
1268840 2240.6
1268850 2229.7
1268860 2229.7
1268870 2224.0
1268880 2218.0
1268890 2212.5
1268900 2212.5
1268910 2207.3
1268920 2202.0
1268930 2202.0
1268940 2196.4
1268950 2190.4
1268960 2190.4
1268970 2185.5
1268980 2181.7
1268990 2181.7
1269000 2179.0
1269010 2180.2
1269020 2180.2
1269030 2181.5
1269040 2182.6
1269050 2182.6
1269060 2184.8
1269070 2188.4
1269080 2188.4
1269090 2193.1
1269100 2198.4
1269110 2198.4
1269120 2204.1
1269130 2210.0
1269140 2210.0
1269150 2216.0
1269160 2222.1
1269170 2222.1
1269180 2230.7
1269190 2236.9
1269200 2243.0
1269210 2243.0
1269220 2249.1
1269230 2255.3
1269240 2255.3
1269250 2261.7
1269260 2268.1
1269270 2268.1
1269280 2274.4
1269290 2280.6
1269300 2280.6
1269310 2286.6
1269320 2291.7
1269330 2291.7
1269340 2297.0
1269350 2309.2
1269360 2309.2
1269370 2322.1
1269380 2345.4
1269390 2345.4
1269400 2379.5
1269410 2394.0
1269420 2394.0
1269430 2408.9
1269440 2424.5
1269450 2424.5
1269460 2431.4
1269470 2422.6
1269480 2422.6
1269490 2412.5
1269500 2405.6
1269510 2396.5
1269520 2396.5
1269530 2388.1
1269540 2381.7
1269550 2381.7
1269560 2376.7
1269570 2373.8
1269580 2373.8
1269590 2371.9
1269600 2369.6
1269610 2369.6
1269620 2366.4
1269630 2365.7
1269640 2365.7
1269650 2367.8
1269660 2369.5
1269670 2369.5
1269680 2369.9
1269690 2367.5
1269700 2367.5
1269710 2362.8
1269720 2359.1
1269730 2359.1
1269740 2357.9
1269750 2357.5
1269760 2357.5
1269770 2358.1
1269780 2368.4
1269790 2368.4
1269800 2374.4
1269810 2383.5
1269820 2393.1
1269830 2393.1
1269840 2399.0
1269850 2400.0
1269860 2400.0
1269870 2402.6
1269880 2404.9
1269890 2404.9
1269900 2404.1
1269910 2400.3
1269920 2400.3
1269930 2395.7
1269940 2387.1
1269950 2387.1
1269960 2372.2
1269970 2364.8
1269980 2364.8
1269990 2360.0
1270000 2354.4
1270010 2354.4
1270020 2351.7
1270030 2349.8
1270040 2349.8
1270050 2348.4
1270060 2347.8
1270070 2347.8
1270080 2347.6
1270090 2347.1
1270100 2347.1
1270110 2346.9
1270120 2347.2
1270130 2347.4
1270140 2347.4
1270150 2347.7
1270160 2349.7
1270170 2349.7
1270180 2351.9
1270190 2353.1
1270200 2353.1
1270210 2353.9
1270220 2354.7
1270230 2354.7
1270240 2355.2
1270250 2356.1
1270260 2356.1
1270270 2357.9
1270280 2359.4
1270290 2359.4
1270300 2360.0
1270310 2359.6
1270320 2359.6
1270330 2359.9
1270340 2359.3
1270350 2359.3
1270360 2357.7
1270370 2361.4
1270380 2361.4
1270390 2361.7
1270400 2361.4
1270410 2361.4
1270420 2360.6
1270430 2360.8
1270440 2362.5
1270450 2362.5
1270460 2366.2
1270470 2370.9
1270480 2370.9
1270490 2376.2
1270500 2381.9
1270510 2381.9
1270520 2387.9
1270530 2394.1
1270540 2394.1
1270550 2400.6
1270560 2407.5
1270570 2407.5
1270580 2414.5
1270590 2421.5
1270600 2421.5
1270610 2429.6
1270620 2442.3
1270630 2442.3
1270640 2461.8
1270650 2475.1
1270660 2475.1
1270670 2484.4
1270680 2494.6
1270690 2494.6
1270700 2503.1
1270710 2510.8
1270720 2510.8
1270730 2518.1
1270740 2525.3
1270750 2531.4
1270760 2531.4
1270770 2537.5
1270780 2544.0
1270790 2544.0
1270800 2550.9
1270810 2557.0
1270820 2557.0
1270830 2563.0
1270840 2564.5
1270850 2564.5
1270860 2556.8
1270870 2549.1
1270880 2549.1
1270890 2542.5
1270900 2536.0
1270910 2536.0
1270920 2528.9
1270930 2523.1
1270940 2523.1
1270950 2520.2
1270960 2522.3
1270970 2531.5
1270980 2534.3
1270990 2536.5
1271000 2536.5
1271010 2541.9
1271020 2549.3
1271030 2549.3
1271040 2555.1
1271050 2563.5
1271060 2572.4
1271070 2572.4
1271080 2575.5
1271090 2575.5
1271100 2575.5
1271110 2576.5
1271120 2577.0
1271130 2577.0
1271140 2577.2
1271150 2578.8
1271160 2578.8
1271170 2582.1
1271180 2584.1
1271190 2584.1
1271200 2582.7
1271210 2582.2
1271220 2582.2
1271230 2582.8
1271240 2586.2
1271250 2586.2
1271260 2589.6
1271270 2586.7
1271280 2586.7
1271290 2586.1
1271300 2582.4
1271310 2582.4
1271320 2574.4
1271330 2569.6
1271340 2569.6
1271350 2565.2
1271360 2560.6
1271370 2553.5
1271380 2553.5
1271390 2544.9
1271400 2541.6
1271410 2541.6
1271420 2547.0
1271430 2551.1
1271440 2551.1
1271450 2559.7
1271460 2570.3
1271470 2570.3
1271480 2578.7
1271490 2586.3
1271500 2586.3
1271510 2594.9
1271520 2604.7
1271530 2604.7
1271540 2617.5
1271550 2626.7
1271560 2626.7
1271570 2643.1
1271580 2650.7
1271590 2650.7
1271600 2659.7
1271610 2668.1
1271620 2668.1
1271630 2675.5
1271640 2676.8
1271650 2676.8
1271660 2673.1
1271670 2671.5
1271680 2673.5
1271690 2673.5
1271700 2672.8
1271710 2670.9
1271720 2670.9
1271730 2670.3
1271740 2671.6
1271750 2671.6
1271760 2673.1
1271770 2675.5
1271780 2675.5
1271790 2680.1
1271800 2688.0
1271810 2688.0
1271820 2694.0
1271830 2692.6
1271840 2692.6
1271850 2691.5
1271860 2694.5
1271870 2694.5
1271880 2701.4
1271890 2709.6
1271900 2709.6
1271910 2717.5
1271920 2722.7
1271930 2722.7
1271940 2721.9
1271950 2720.7
1271960 2719.4
1271970 2719.4
1271980 2715.6
1271990 2710.3
1272000 2710.3
1272010 2706.0
1272020 2709.3
1272030 2709.3
1272040 2710.3
1272050 2705.9
1272060 2705.9
1272070 2699.3
1272080 2694.3
1272090 2694.3
1272100 2689.9
1272110 2684.5
1272120 2684.5
1272130 2681.5
1272140 2680.1
1272150 2680.1
1272160 2675.8
1272170 2672.7
1272180 2672.7
1272190 2665.3
1272200 2662.3
1272210 2662.3
1272220 2662.8
1272230 2660.5
1272240 2660.5
1272250 2655.7
1272260 2648.7
1272270 2644.1
1272280 2644.1
1272290 2643.5
1272300 2647.0
1272310 2647.0
1272320 2648.1
1272330 2650.8
1272340 2650.8
1272350 2651.1
1272360 2652.3
1272370 2652.3
1272380 2656.3
1272390 2662.4
1272400 2662.4
1272410 2668.8
1272420 2676.1
1272430 2676.1
1272440 2684.7
1272450 2691.8
1272460 2691.8
1272470 2689.6
1272480 2684.5
1272490 2684.5
1272500 2679.3
1272510 2674.4
1272520 2674.4
1272530 2669.6
1272540 2664.9
1272550 2664.9
1272560 2660.0
1272570 2655.6
1272580 2652.1
1272590 2652.1
1272600 2648.8
1272610 2644.1
1272620 2644.1
1272630 2638.3
1272640 2631.3
1272650 2631.3
1272660 2624.2
1272670 2617.7
1272680 2617.7
1272690 2611.8
1272700 2604.9
1272710 2604.9
1272720 2595.9
1272730 2585.9
1272740 2585.9
1272750 2576.3
1272760 2574.2
1272770 2587.6
1272780 2585.5
1272790 2580.7
1272800 2580.7
1272810 2574.5
1272820 2568.1
1272830 2568.1
1272840 2559.8
1272850 2553.1
1272860 2553.1
1272870 2549.9
1272880 2548.5
1272890 2548.7
1272900 2548.7
1272910 2549.8
1272920 2550.4
1272930 2550.4
1272940 2551.2
1272950 2552.2
1272960 2552.2
1272970 2553.7
1272980 2555.2
1272990 2555.2
1273000 2556.5
1273010 2556.4
1273020 2556.4
1273030 2552.6
1273040 2547.0
1273050 2547.0
1273060 2542.0
1273070 2538.7
1273080 2538.7
1273090 2536.5
1273100 2534.7
1273110 2534.7
1273120 2531.7
1273130 2528.1
1273140 2528.1
1273150 2525.7
1273160 2525.3
1273170 2525.3
1273180 2525.7
1273190 2526.0
1273200 2526.5
1273210 2526.5
1273220 2527.2
1273230 2528.6
1273240 2528.6
1273250 2530.1
1273260 2533.2
1273270 2533.2
1273280 2537.4
1273290 2542.4
1273300 2542.4
1273310 2548.1
1273320 2553.5
1273330 2553.5
1273340 2558.8
1273350 2564.8
1273360 2564.8
1273370 2573.6
1273380 2576.1
1273390 2576.1
1273400 2572.5
1273410 2564.8
1273420 2564.8
1273430 2557.3
1273440 2550.4
1273450 2550.4
1273460 2543.5
1273470 2536.5
1273480 2536.5
1273490 2528.5
1273500 2519.0
1273510 2508.8
1273520 2508.8
1273530 2498.4
1273540 2486.7
1273550 2486.7
1273560 2474.3
1273570 2463.0
1273580 2463.0
1273590 2451.4
1273600 2441.4
1273610 2441.4
1273620 2431.9
1273630 2423.1
1273640 2423.1
1273650 2415.0
1273660 2408.3
1273670 2408.3
1273680 2403.1
1273690 2396.5
1273700 2396.5
1273710 2386.7
1273720 2371.5
1273730 2371.5
1273740 2358.8
1273750 2346.2
1273760 2346.2
1273770 2334.3
1273780 2323.3
1273790 2323.3
1273800 2312.9
1273810 2303.5
1273820 2294.7
1273830 2294.7
1273840 2285.6
1273850 2277.0
1273860 2277.0
1273870 2267.9
1273880 2259.3
1273890 2259.3
1273900 2251.0
1273910 2242.5
1273920 2242.5
1273930 2233.7
1273940 2224.3
1273950 2224.3
1273960 2214.3
1273970 2205.2
1273980 2203.2
1273990 2194.7
1274000 2186.1
1274010 2186.1
1274020 2177.0
1274030 2166.8
1274040 2166.8
1274050 2154.5
1274060 2139.9
1274070 2139.9
1274080 2126.8
1274090 2117.0
1274100 2117.0
1274110 2106.5
1274120 2093.3
1274130 2083.5
1274140 2083.5
1274150 2074.3
1274160 2059.2
1274170 2059.2
1274180 2042.4
1274190 2026.8
1274200 2026.8
1274210 2015.4
1274220 2004.6
1274230 2004.6
1274240 1991.8
1274250 1979.0
1274260 1979.0
1274270 1968.1
1274280 1959.9
1274290 1959.9
1274300 1952.0
1274310 1944.5
1274320 1944.5
1274330 1937.9
1274340 1932.9
1274350 1932.9
1274360 1928.6
1274370 1925.3
1274380 1925.3
1274390 1921.5
1274400 1916.0
1274410 1916.0
1274420 1910.2
1274430 1904.5
1274440 1899.1
1274450 1899.1
1274460 1893.5
1274470 1888.0
1274480 1888.0
1274490 1882.4
1274500 1876.1
1274510 1876.1
1274520 1870.4
1274530 1865.2
1274540 1865.2
1274550 1860.2
1274560 1854.8
1274570 1854.8
1274580 1850.0
1274590 1844.9
1274600 1844.9
1274610 1839.8
1274620 1834.2
1274630 1834.2
1274640 1828.7
1274650 1823.0
1274660 1823.0
1274670 1817.5
1274680 1812.0
1274690 1812.0
1274700 1806.6
1274710 1801.3
1274720 1801.3
1274730 1795.8
1274740 1790.3
1274750 1785.1
1274760 1785.1
1274770 1779.4
1274780 1773.4
1274790 1773.4
1274800 1767.0
1274810 1760.5
1274820 1760.5
1274830 1754.2
1274840 1748.1
1274850 1748.1
1274860 1742.7
1274870 1737.2
1274880 1737.2
1274890 1730.0
1274900 1724.6
1274910 1724.6
1274920 1719.4
1274930 1712.2
1274940 1712.2
1274950 1705.5
1274960 1700.7
1274970 1700.7
1274980 1697.1
1274990 1693.7
1275000 1693.7
1275010 1690.2
1275020 1686.0
1275030 1686.0
1275040 1680.5
1275050 1673.7
1275060 1667.7
1275070 1667.7
1275080 1660.7
1275090 1653.9
1275100 1653.9
1275110 1645.7
1275120 1633.3
1275130 1633.3
1275140 1619.8
1275150 1612.9
1275160 1612.9
1275170 1608.0
1275180 1604.9
1275190 1602.1
1275200 1598.3
1275210 1595.1
1275220 1595.1
1275230 1591.5
1275240 1587.9
1275250 1587.9
1275260 1584.3
1275270 1580.4
1275280 1580.4
1275290 1576.4
1275300 1572.7
1275310 1572.7
1275320 1569.2
1275330 1565.4
1275340 1561.5
1275350 1561.5
1275360 1557.6
1275370 1553.8
1275380 1553.8
1275390 1550.2
1275400 1546.4
1275410 1546.4
1275420 1541.7
1275430 1536.3
1275440 1536.3
1275450 1531.8
1275460 1528.4
1275470 1528.4
1275480 1526.0
1275490 1523.3
1275500 1523.3
1275510 1521.2
1275520 1521.2
1275530 1521.2
1275540 1523.5
1275550 1521.0
1275560 1521.0
1275570 1515.4
1275580 1510.0
1275590 1510.0
1275600 1505.7
1275610 1502.4
1275620 1502.4
1275630 1499.3
1275640 1496.7
1275650 1494.6
1275660 1494.6
1275670 1492.7
1275680 1489.3
1275690 1489.3
1275700 1487.1
1275710 1484.4
1275720 1484.4
1275730 1481.8
1275740 1479.1
1275750 1479.1
1275760 1477.3
1275770 1476.1
1275780 1476.1
1275790 1474.2
1275800 1471.8
1275810 1471.8
1275820 1470.4
1275830 1468.4
1275840 1468.4
1275850 1466.0
1275860 1464.2
1275870 1464.2
1275880 1462.8
1275890 1461.2
1275900 1461.2
1275910 1459.7
1275920 1458.3
1275930 1458.3
1275940 1457.0
1275950 1455.8
1275960 1454.5
1275970 1454.5
1275980 1453.0
1275990 1451.2
1276000 1451.2
1276010 1450.1
1276020 1449.2
1276030 1449.2
1276040 1448.5
1276050 1448.0
1276060 1448.0
1276070 1447.5
1276080 1447.8
1276090 1447.8
1276100 1448.1
1276110 1447.8
1276120 1447.8
1276130 1447.2
1276140 1446.8
1276150 1446.8
1276160 1446.8
1276170 1445.9
1276180 1445.9
1276190 1445.0
1276200 1444.1
1276210 1444.1
1276220 1442.9
1276230 1441.6
1276240 1441.6
1276250 1440.0
1276260 1438.2
1276270 1436.2
1276280 1436.2
1276290 1435.2
1276300 1434.8
1276310 1434.8
1276320 1434.1
1276330 1433.2
1276340 1433.2
1276350 1432.8
1276360 1432.0
1276370 1432.0
1276380 1431.0
1276390 1429.8
1276400 1429.8
1276410 1428.1
1276420 1427.1
1276430 1427.1
1276440 1425.3
1276450 1423.5
1276460 1423.5
1276470 1421.7
1276480 1419.9
1276490 1419.9
1276500 1418.3
1276510 1416.9
1276520 1416.9
1276530 1415.6
1276540 1414.5
1276550 1414.5
1276560 1413.8
1276570 1413.0
1276580 1412.1
1276590 1412.1
1276600 1411.2
1276610 1410.1
1276620 1410.1
1276630 1409.0
1276640 1408.2
1276650 1408.2
1276660 1408.3
1276670 1408.6
1276680 1408.6
1276690 1409.7
1276700 1411.9
1276710 1411.9
1276720 1412.8
1276730 1414.4
1276740 1414.4
1276750 1416.8
1276760 1419.5
1276770 1419.5
1276780 1421.1
1276790 1421.4
1276800 1421.4
1276810 1420.8
1276820 1419.8
1276830 1419.8
1276840 1416.7
1276850 1413.7
1276860 1413.7
1276870 1412.8
1276880 1413.8
1276890 1414.8
1276900 1414.8
1276910 1416.3
1276920 1417.2
1276930 1417.2
1276940 1418.0
1276950 1418.7
1276960 1418.7
1276970 1419.9
1276980 1421.6
1276990 1421.6
1277000 1423.7
1277010 1426.6
1277020 1426.6
1277030 1435.8
1277040 1438.9
1277050 1438.9
1277060 1443.3
1277070 1446.6
1277080 1446.6
1277090 1448.5
1277100 1448.8
1277110 1448.8
1277120 1449.2
1277130 1451.0
1277140 1451.0
1277150 1452.4
1277160 1455.1
1277170 1455.1
1277180 1457.4
1277190 1458.2
1277200 1458.5
1277210 1458.5
1277220 1457.8
1277230 1456.1
1277240 1456.1
1277250 1455.5
1277260 1455.5
1277270 1455.5
1277280 1456.7
1277290 1457.5
1277300 1457.5
1277310 1457.7
1277320 1457.2
1277330 1457.2
1277340 1456.2
1277350 1455.7
1277360 1455.7
1277370 1455.1
1277380 1454.7
1277390 1454.7
1277400 1454.5
1277410 1454.0
1277420 1454.0
1277430 1453.1
1277440 1451.0
1277450 1451.0
1277460 1447.2
1277470 1443.2
1277480 1443.2
1277490 1438.2
1277500 1432.3
1277510 1426.2
1277520 1426.2
1277530 1419.9
1277540 1413.6
1277550 1413.6
1277560 1408.1
1277570 1402.7
1277580 1402.7
1277590 1397.6
1277600 1392.8
1277610 1392.8
1277620 1388.4
1277630 1384.6
1277640 1384.6
1277650 1385.8
1277660 1385.9
1277670 1385.9
1277680 1385.8
1277690 1385.2
1277700 1385.2
1277710 1383.8
1277720 1383.0
1277730 1383.0
1277740 1383.8
1277750 1384.6
1277760 1384.6
1277770 1383.9
1277780 1382.8
1277790 1382.8
1277800 1385.8
1277810 1392.6
1277820 1400.0
1277830 1400.0
1277840 1405.0
1277850 1407.9
1277860 1407.9
1277870 1412.0
1277880 1416.0
1277890 1416.0
1277900 1422.2
1277910 1429.6
1277920 1429.6
1277930 1437.0
1277940 1443.0
1277950 1443.0
1277960 1442.5
1277970 1440.2
1277980 1440.2
1277990 1438.8
1278000 1438.4
1278010 1438.4
1278020 1438.2
1278030 1437.8
1278040 1437.8
1278050 1437.6
1278060 1438.3
1278070 1438.3
1278080 1437.4
1278090 1436.3
1278100 1436.3
1278110 1435.3
1278120 1435.1
1278130 1435.6
1278140 1435.6
1278150 1436.1
1278160 1436.1
1278170 1436.1
1278180 1435.8
1278190 1435.5
1278200 1435.5
1278210 1437.2
1278220 1439.1
1278230 1439.1
1278240 1439.4
1278250 1442.0
1278260 1443.7
1278270 1445.7
1278280 1447.0
1278290 1447.0
1278300 1451.4
1278310 1454.0
1278320 1454.0
1278330 1453.6
1278340 1454.6
1278350 1454.6
1278360 1458.8
1278370 1464.5
1278380 1464.5
1278390 1466.3
1278400 1464.4
1278410 1462.3
1278420 1462.3
1278430 1460.0
1278440 1457.2
1278450 1457.2
1278460 1456.9
1278470 1461.4
1278480 1461.4
1278490 1466.2
1278500 1468.6
1278510 1468.6
1278520 1470.0
1278530 1470.5
1278540 1470.5
1278550 1471.0
1278560 1470.6
1278570 1470.6
1278580 1469.7
1278590 1469.3
1278600 1469.3
1278610 1470.8
1278620 1471.0
1278630 1471.0
1278640 1471.8
1278650 1472.8
1278660 1472.8
1278670 1474.5
1278680 1476.9
1278690 1476.9
1278700 1477.7
1278710 1478.0
1278720 1479.1
1278730 1479.1
1278740 1478.6
1278750 1477.7
1278760 1477.7
1278770 1478.3
1278780 1480.5
1278790 1480.5
1278800 1484.4
1278810 1489.0
1278820 1489.0
1278830 1493.5
1278840 1497.3
1278850 1497.3
1278860 1501.3
1278870 1505.2
1278880 1506.8
1278890 1510.6
1278900 1514.5
1278910 1514.5
1278920 1518.8
1278930 1522.5
1278940 1522.5
1278950 1525.1
1278960 1525.3
1278970 1525.3
1278980 1522.9
1278990 1516.5
1279000 1516.5
1279010 1509.9
1279020 1504.1
1279030 1500.4
1279040 1500.4
1279050 1498.1
1279060 1499.5
1279070 1499.5
1279080 1508.2
1279090 1517.2
1279100 1517.2
1279110 1524.2
1279120 1530.6
1279130 1530.6
1279140 1535.1
1279150 1539.4
1279160 1539.4
1279170 1542.9
1279180 1545.2
1279190 1545.2
1279200 1547.0
1279210 1546.8
1279220 1546.8
1279230 1546.8
1279240 1547.8
1279250 1547.8
1279260 1549.1
1279270 1550.5
1279280 1550.5
1279290 1551.4
1279300 1552.2
1279310 1552.2
1279320 1552.9
1279330 1553.5
1279340 1554.3
1279350 1554.3
1279360 1555.2
1279370 1556.1
1279380 1556.1
1279390 1557.1
1279400 1558.3
1279410 1558.3
1279420 1559.3
1279430 1560.2
1279440 1560.2
1279450 1561.2
1279460 1562.4
1279470 1562.4
1279480 1563.9
1279490 1565.1
1279500 1565.1
1279510 1565.8
1279520 1567.4
1279530 1567.4
1279540 1569.1
1279550 1570.6
1279560 1570.6
1279570 1572.4
1279580 1574.3
1279590 1574.3
1279600 1576.0
1279610 1577.8
1279620 1577.8
1279630 1579.7
1279640 1581.6
1279650 1583.7
1279660 1583.7
1279670 1586.0
1279680 1588.4
1279690 1588.4
1279700 1590.7
1279710 1593.0
1279720 1593.0
1279730 1595.7
1279740 1598.5
1279750 1598.5
1279760 1601.4
1279770 1604.5
1279780 1604.5
1279790 1607.8
1279800 1610.6
1279810 1610.6
1279820 1613.8
1279830 1616.6
1279840 1616.6
1279850 1619.8
1279860 1623.4
1279870 1623.4
1279880 1626.6
1279890 1630.1
1279900 1630.1
1279910 1633.3
1279920 1636.3
1279930 1636.3
1279940 1639.8
1279950 1643.6
1279960 1647.8
1279970 1647.8
1279980 1652.0
1279990 1656.9
