1260000 1184.6
1260010 1186.8
1260020 1186.8
1260030 1189.4
1260040 1196.4
1260050 1196.4
1260060 1199.1
1260070 1201.7
1260080 1201.7
1260090 1204.9
1260100 1207.9
1260110 1207.9
1260120 1211.2
1260130 1213.8
1260140 1217.5
1260150 1217.5
1260160 1223.5
1260170 1230.1
1260180 1230.1
1260190 1236.9
1260200 1243.7
1260210 1243.7
1260220 1250.8
1260230 1257.9
1260240 1257.9
1260250 1264.8
1260260 1272.0
1260270 1272.0
1260280 1279.7
1260290 1288.1
1260300 1288.1
1260310 1296.6
1260320 1305.0
1260330 1305.0
1260340 1313.6
1260350 1323.7
1260360 1323.7
1260370 1334.1
1260380 1342.5
1260390 1342.5
1260400 1350.2
1260410 1361.0
1260420 1361.0
1260430 1373.8
1260440 1383.9
1260450 1392.9
1260460 1392.9
1260470 1401.8
1260480 1413.6
1260490 1413.6
1260500 1421.0
1260510 1423.8
1260520 1423.8
1260530 1422.8
1260540 1423.1
1260550 1423.1
1260560 1429.6
1260570 1435.5
1260580 1435.5
1260590 1444.5
1260600 1454.3
1260610 1461.4
1260620 1487.9
1260630 1505.4
1260640 1505.4
1260650 1515.4
1260660 1524.1
1260670 1524.1
1260680 1536.8
1260690 1548.9
1260700 1548.9
1260710 1562.0
1260720 1572.1
1260730 1572.1
1260740 1583.5
1260750 1594.3
1260760 1608.0
1260770 1608.0
1260780 1620.0
1260790 1627.8
1260800 1627.8
1260810 1633.0
1260820 1638.9
1260830 1638.9
1260840 1644.6
1260850 1650.1
1260860 1650.1
1260870 1656.2
1260880 1662.9
1260890 1662.9
1260900 1669.9
1260910 1677.7
1260920 1677.7
1260930 1686.5
1260940 1694.7
1260950 1694.7
1260960 1703.4
1260970 1712.9
1260980 1712.9
1260990 1723.6
1261000 1731.8
1261010 1731.8
1261020 1739.4
1261030 1746.1
1261040 1746.1
1261050 1753.9
1261060 1762.9
1261070 1771.3
1261080 1771.3
1261090 1780.2
1261100 1789.6
1261110 1789.6
1261120 1798.6
1261130 1804.2
1261140 1804.2
1261150 1809.1
1261160 1816.0
1261170 1816.0
1261180 1827.9
1261190 1836.1
1261200 1836.1
1261210 1843.7
1261220 1849.5
1261230 1849.5
1261240 1855.4
1261250 1861.8
1261260 1861.8
1261270 1868.2
1261280 1875.1
1261290 1875.1
1261300 1882.3
1261310 1887.4
1261320 1887.4
1261330 1889.2
1261340 1890.8
1261350 1891.0
1261360 1891.0
1261370 1893.2
1261380 1897.8
1261390 1897.8
1261400 1904.1
1261410 1912.1
1261420 1912.1
1261430 1919.8
1261440 1926.9
1261450 1926.9
1261460 1934.6
1261470 1936.6
1261480 1936.6
1261490 1934.3
1261500 1935.6
1261510 1935.6
1261520 1944.4
1261530 1955.2
1261540 1955.2
1261550 1963.5
1261560 1969.3
1261570 1969.3
1261580 1976.0
1261590 1982.5
1261600 1982.5
1261610 1988.8
1261620 1996.5
1261630 1996.5
1261640 2004.8
1261650 2013.2
1261660 2021.0
1261670 2021.0
1261680 2027.6
1261690 2033.9
1261700 2033.9
1261710 2040.5
1261720 2047.3
1261730 2047.3
1261740 2054.2
1261750 2061.0
1261760 2060.5
1261770 2067.4
1261780 2074.5
1261790 2074.5
1261800 2081.7
1261810 2088.5
1261820 2088.5
1261830 2095.0
1261840 2101.5
1261850 2101.5
1261860 2107.1
1261870 2112.7
1261880 2112.7
1261890 2118.7
1261900 2123.1
1261910 2123.1
1261920 2124.7
1261930 2125.3
1261940 2125.3
1261950 2124.4
1261960 2123.6
1261970 2127.7
1261980 2127.7
1261990 2132.6
1262000 2139.0
1262010 2139.0
1262020 2144.2
1262030 2149.9
1262040 2149.9
1262050 2155.9
1262060 2161.5
1262070 2161.5
1262080 2166.5
1262090 2171.4
1262100 2171.4
1262110 2177.0
1262120 2183.5
1262130 2183.5
1262140 2175.3
1262150 2159.1
1262160 2159.1
1262170 2146.6
1262180 2132.7
1262190 2132.7
1262200 2120.8
1262210 2109.9
1262220 2109.9
1262230 2101.2
1262240 2094.6
1262250 2094.6
1262260 2088.9
1262270 2083.5
1262280 2078.7
1262290 2078.7
1262300 2074.5
1262310 2071.0
1262320 2071.0
1262330 2074.6
1262340 2073.1
1262350 2073.1
1262360 2073.3
1262370 2070.7
1262380 2070.7
1262390 2065.2
1262400 2062.0
1262410 2062.0
1262420 2060.4
1262430 2057.9
1262440 2057.9
1262450 2058.6
1262460 2059.6
1262470 2059.6
1262480 2057.8
1262490 2056.7
1262500 2056.7
1262510 2056.9
1262520 2064.1
1262530 2064.1
1262540 2079.4
1262550 2085.8
1262560 2085.8
1262570 2083.2
1262580 2076.3
1262590 2065.3
1262600 2065.3
1262610 2057.7
1262620 2049.8
1262630 2049.8
1262640 2038.7
1262650 2031.4
1262660 2031.4
1262670 2025.3
1262680 2021.1
1262690 2021.1
1262700 2016.6
1262710 2012.1
1262720 2012.1
1262730 2008.3
1262740 2002.2
1262750 2002.2
1262760 1995.8
1262770 1986.0
1262780 1986.0
1262790 1967.1
1262800 1945.9
1262810 1945.9
1262820 1936.9
1262830 1935.0
1262840 1935.0
1262850 1934.8
1262860 1933.3
1262870 1933.3
1262880 1932.9
1262890 1933.0
1262900 1939.1
1262910 1939.1
1262920 1937.7
1262930 1936.9
1262940 1936.9
1262950 1937.0
1262960 1936.6
1262970 1936.6
1262980 1934.5
1262990 1932.4
1263000 1932.4
1263010 1932.0
1263020 1935.2
1263030 1935.2
1263040 1940.8
1263050 1945.5
1263060 1945.5
1263070 1949.7
1263080 1953.8
1263090 1953.8
1263100 1957.6
1263110 1960.9
1263120 1960.9
1263130 1963.3
1263140 1964.9
1263150 1964.9
1263160 1966.7
1263170 1968.6
1263180 1968.6
1263190 1970.4
1263200 1972.7
1263210 1973.7
1263220 1973.7
1263230 1975.5
1263240 1981.9
1263250 1981.9
1263260 1988.0
1263270 1991.8
1263280 1991.8
1263290 1995.0
1263300 1998.4
1263310 1998.4
1263320 2002.4
1263330 2012.1
1263340 2012.1
1263350 2035.3
1263360 2057.4
1263370 2057.4
1263380 2068.1
1263390 2075.5
1263400 2075.5
1263410 2081.6
1263420 2087.5
1263430 2087.5
1263440 2093.7
1263450 2100.2
1263460 2100.2
1263470 2107.0
1263480 2118.9
1263490 2118.9
1263500 2127.6
1263510 2136.8
1263520 2145.1
1263530 2145.1
1263540 2153.5
1263550 2161.5
1263560 2161.5
1263570 2168.5
1263580 2174.7
1263590 2174.7
1263600 2180.9
1263610 2187.1
1263620 2187.1
1263630 2192.9
1263640 2199.2
1263650 2199.2
1263660 2206.0
1263670 2213.0
1263680 2213.0
1263690 2220.3
1263700 2227.9
1263710 2227.9
1263720 2237.3
1263730 2249.1
1263740 2249.1
1263750 2265.5
1263760 2292.1
1263770 2292.1
1263780 2317.3
1263790 2363.5
1263800 2363.5
1263810 2393.0
1263820 2405.9
1263830 2415.4
1263840 2415.4
1263850 2429.3
1263860 2441.0
1263870 2441.0
1263880 2447.6
1263890 2430.8
1263900 2430.8
1263910 2402.6
1263920 2363.2
1263930 2363.2
1263940 2335.5
1263950 2320.5
1263960 2320.5
1263970 2312.7
1263980 2307.6
1263990 2307.6
1264000 2301.3
1264010 2295.8
1264020 2295.8
1264030 2290.7
1264040 2285.6
1264050 2285.6
1264060 2290.4
1264070 2285.8
1264080 2285.8
1264090 2283.9
1264100 2279.7
1264110 2279.7
1264120 2275.7
1264130 2275.9
1264140 2272.8
1264150 2272.8
1264160 2270.2
1264170 2268.2
1264180 2268.2
1264190 2262.2
1264200 2261.1
1264210 2261.1
1264220 2257.2
1264230 2255.1
1264240 2255.1
1264250 2265.7
1264260 2265.0
1264270 2265.0
1264280 2245.2
1264290 2242.8
1264300 2242.8
1264310 2244.0
1264320 2243.7
1264330 2243.7
1264340 2241.4
1264350 2239.7
1264360 2239.7
1264370 2240.6
1264380 2249.4
1264390 2249.4
1264400 2270.5
1264410 2280.1
1264420 2280.1
1264430 2285.6
1264440 2294.3
1264450 2301.7
1264460 2301.7
1264470 2306.0
1264480 2296.6
1264490 2296.6
1264500 2272.7
1264510 2264.6
1264520 2264.6
1264530 2269.1
1264540 2276.6
1264550 2276.6
1264560 2285.5
1264570 2296.0
1264580 2296.0
1264590 2309.1
1264600 2318.9
1264610 2318.9
1264620 2324.5
1264630 2321.8
1264640 2330.2
1264650 2331.2
1264660 2327.3
1264670 2327.3
1264680 2316.9
1264690 2308.5
1264700 2308.5
1264710 2301.0
1264720 2293.9
1264730 2293.9
1264740 2286.7
1264750 2278.5
1264760 2271.1
1264770 2271.1
1264780 2264.6
1264790 2258.4
1264800 2258.4
1264810 2252.7
1264820 2247.2
1264830 2247.2
1264840 2242.8
1264850 2239.5
1264860 2239.5
1264870 2237.0
1264880 2234.9
1264890 2234.9
1264900 2233.0
1264910 2232.8
1264920 2232.8
1264930 2234.9
1264940 2237.7
1264950 2237.7
1264960 2240.7
1264970 2243.9
1264980 2243.9
1264990 2247.0
1265000 2250.9
1265010 2250.9
1265020 2255.5
1265030 2260.5
1265040 2266.2
1265050 2266.2
1265060 2274.1
1265070 2282.0
1265080 2282.0
1265090 2301.0
1265100 2339.4
1265110 2339.4
1265120 2354.4
1265130 2363.4
1265140 2363.4
1265150 2373.2
1265160 2384.3
1265170 2384.3
1265180 2393.7
1265190 2403.6
1265200 2403.6
1265210 2412.2
1265220 2424.0
1265230 2424.0
1265240 2432.1
1265250 2441.4
1265260 2441.4
1265270 2452.6
1265280 2463.4
1265290 2463.4
1265300 2474.0
1265310 2484.0
1265320 2484.0
1265330 2491.2
1265340 2499.0
1265350 2507.4
1265360 2507.4
1265370 2516.4
1265380 2518.8
1265390 2518.8
1265400 2515.4
1265410 2513.8
1265420 2513.8
1265430 2513.1
1265440 2512.9
1265450 2512.9
1265460 2514.4
1265470 2515.1
1265480 2515.1
1265490 2517.6
1265500 2521.2
1265510 2521.2
1265520 2523.1
1265530 2525.0
1265540 2525.0
1265550 2528.5
1265560 2528.8
1265570 2528.8
1265580 2525.2
1265590 2520.6
1265600 2520.6
1265610 2516.5
1265620 2512.4
1265630 2512.4
1265640 2508.8
1265650 2504.3
1265660 2500.9
1265670 2500.9
1265680 2497.9
1265690 2494.6
1265700 2494.6
1265710 2491.0
1265720 2488.0
1265730 2488.0
1265740 2485.4
1265750 2482.6
1265760 2482.6
1265770 2479.0
1265780 2476.3
1265790 2476.3
1265800 2468.5
1265810 2467.1
1265820 2467.1
1265830 2465.3
1265840 2462.7
1265850 2462.7
1265860 2455.9
1265870 2444.2
1265880 2444.2
1265890 2432.8
1265900 2417.7
1265910 2417.7
1265920 2405.7
1265930 2376.9
1265940 2376.9
1265950 2352.7
1265960 2338.8
1265970 2328.0
1265980 2328.0
1265990 2318.6
1266000 2310.3
1266010 2310.3
1266020 2302.9
1266030 2296.2
1266040 2296.2
1266050 2291.5
1266060 2287.8
1266070 2287.8
1266080 2286.6
1266090 2287.3
1266100 2287.3
1266110 2287.7
1266120 2283.6
1266130 2283.6
1266140 2278.9
1266150 2277.4
1266160 2277.4
1266170 2274.0
1266180 2262.8
1266190 2262.8
1266200 2253.7
1266210 2247.2
1266220 2247.2
1266230 2243.1
1266240 2239.8
1266250 2239.8
1266260 2236.7
1266270 2233.8
1266280 2230.7
1266290 2230.7
1266300 2227.8
1266310 2225.7
1266320 2225.7
1266330 2229.5
1266340 2238.1
1266350 2238.1
1266360 2236.1
1266370 2223.9
1266380 2223.9
1266390 2221.7
1266400 2218.5
1266410 2218.5
1266420 2214.5
1266430 2210.3
1266440 2210.3
1266450 2206.5
1266460 2202.6
1266470 2202.6
1266480 2198.7
1266490 2194.9
1266500 2194.9
1266510 2190.9
1266520 2188.1
1266530 2188.1
1266540 2185.8
1266550 2181.7
1266560 2181.7
1266570 2181.4
1266580 2181.8
1266590 2181.2
1266600 2181.2
1266610 2181.2
1266620 2181.5
1266630 2181.5
1266640 2181.8
1266650 2182.3
1266660 2182.3
1266670 2181.6
1266680 2179.7
1266690 2179.7
1266700 2177.1
1266710 2173.6
1266720 2173.6
1266730 2169.9
1266740 2166.0
1266750 2166.0
1266760 2163.6
1266770 2162.6
1266780 2162.6
1266790 2162.2
1266800 2162.1
1266810 2162.1
1266820 2161.6
1266830 2159.8
1266840 2159.8
1266850 2158.7
1266860 2158.6
1266870 2158.6
1266880 2159.5
1266890 2162.4
1266900 2165.2
1266910 2165.2
1266920 2166.8
1266930 2167.9
1266940 2167.9
1266950 2171.5
1266960 2178.3
1266970 2185.0
1266980 2194.5
1266990 2198.6
1267000 2198.6
1267010 2200.9
1267020 2205.8
1267030 2205.8
1267040 2210.5
1267050 2214.0
1267060 2214.0
1267070 2216.7
1267080 2220.1
1267090 2220.1
1267100 2224.6
1267110 2230.3
1267120 2230.3
1267130 2236.0
1267140 2241.7
1267150 2241.7
1267160 2247.4
1267170 2253.2
1267180 2253.2
1267190 2259.1
1267200 2265.5
1267210 2272.2
1267220 2272.2
1267230 2279.0
1267240 2285.9
1267250 2285.9
1267260 2292.8
1267270 2299.7
1267280 2299.7
1267290 2307.0
1267300 2315.0
1267310 2315.0
1267320 2324.0
1267330 2339.8
1267340 2339.8
1267350 2349.9
1267360 2357.8
1267370 2357.8
1267380 2367.4
1267390 2377.6
1267400 2377.6
1267410 2385.4
1267420 2392.7
1267430 2392.7
1267440 2398.8
1267450 2396.7
1267460 2396.7
1267470 2386.9
1267480 2377.5
1267490 2377.5
1267500 2369.1
1267510 2361.5
1267520 2354.8
1267530 2354.8
1267540 2348.5
1267550 2342.5
1267560 2342.7
1267570 2336.6
1267580 2331.4
1267590 2331.4
1267600 2326.6
1267610 2322.0
1267620 2322.0
1267630 2317.6
1267640 2313.7
1267650 2313.7
1267660 2310.6
1267670 2307.8
1267680 2307.8
1267690 2305.5
1267700 2303.7
1267710 2303.7
1267720 2302.4
1267730 2302.0
1267740 2302.0
1267750 2302.8
1267760 2304.0
1267770 2304.0
1267780 2304.3
1267790 2305.2
1267800 2305.2
1267810 2305.9
1267820 2307.0
1267830 2306.3
1267840 2306.3
1267850 2305.0
1267860 2304.1
1267870 2304.1
1267880 2304.9
1267890 2306.2
1267900 2306.2
1267910 2305.3
1267920 2303.9
1267930 2303.9
1267940 2303.1
1267950 2303.3
1267960 2303.3
1267970 2303.9
1267980 2305.2
1267990 2305.2
1268000 2306.0
1268010 2303.1
1268020 2303.1
1268030 2300.0
1268040 2300.2
1268050 2300.2
1268060 2297.7
1268070 2294.2
1268080 2294.2
1268090 2296.6
1268100 2301.2
1268110 2301.2
1268120 2304.1
1268130 2307.1
1268140 2309.5
1268150 2309.1
1268160 2309.0
1268170 2305.6
1268180 2305.6
1268190 2302.8
1268200 2299.8
1268210 2299.8
1268220 2297.3
1268230 2297.6
1268240 2297.6
1268250 2299.5
1268260 2302.1
1268270 2302.1
1268280 2304.8
1268290 2306.2
1268300 2306.2
1268310 2308.5
1268320 2313.4
1268330 2313.4
1268340 2316.2
1268350 2314.8
1268360 2314.8
1268370 2317.5
1268380 2320.4
1268390 2320.4
1268400 2320.3
1268410 2317.7
1268420 2317.7
1268430 2313.9
1268440 2311.6
1268450 2310.5
1268460 2310.5
1268470 2310.5
1268480 2311.1
1268490 2311.1
1268500 2312.5
1268510 2314.0
1268520 2314.0
1268530 2313.5
1268540 2313.5
1268550 2313.5
1268560 2315.8
1268570 2316.7
1268580 2316.7
1268590 2318.7
1268600 2320.0
1268610 2320.0
1268620 2321.7
1268630 2324.8
1268640 2324.8
1268650 2327.6
1268660 2330.6
1268670 2330.6
1268680 2334.2
1268690 2337.7
1268700 2337.7
1268710 2340.8
1268720 2343.9
1268730 2343.9
1268740 2347.7
1268750 2350.1
1268760 2352.5
1268770 2352.5
1268780 2355.1
1268790 2356.9
1268800 2356.9
1268810 2356.6
1268820 2348.8
1268830 2348.8
1268840 2326.7
1268850 2283.7
1268860 2283.7
1268870 2258.9
1268880 2248.4
1268890 2248.4
1268900 2241.2
1268910 2233.7
1268920 2233.7
1268930 2226.9
1268940 2220.4
1268950 2220.4
1268960 2214.1
1268970 2207.9
1268980 2207.9
1268990 2202.6
1269000 2200.5
1269010 2200.5
1269020 2199.8
1269030 2199.5
1269040 2200.7
1269050 2200.7
1269060 2204.6
1269070 2209.2
1269080 2209.2
1269090 2213.7
1269100 2218.4
1269110 2218.4
1269120 2223.6
1269130 2229.0
1269140 2229.0
1269150 2234.7
1269160 2240.4
1269170 2240.4
1269180 2246.1
1269190 2251.6
1269200 2251.6
1269210 2257.3
1269220 2263.2
1269230 2263.2
1269240 2273.3
1269250 2291.6
1269260 2291.6
1269270 2309.7
1269280 2321.2
1269290 2321.2
1269300 2317.2
1269310 2333.1
1269320 2333.1
1269330 2378.0
1269340 2393.2
1269350 2402.4
1269360 2402.4
1269370 2410.4
1269380 2417.8
1269390 2417.8
1269400 2425.1
1269410 2432.3
1269420 2432.3
1269430 2439.4
1269440 2445.5
1269450 2445.5
1269460 2450.8
1269470 2449.9
1269480 2449.9
1269490 2444.2
1269500 2437.8
1269510 2437.8
1269520 2430.8
1269530 2421.7
1269540 2421.7
1269550 2413.0
1269560 2405.8
1269570 2405.8
1269580 2400.6
1269590 2397.2
1269600 2397.2
1269610 2394.9
1269620 2393.2
1269630 2393.2
1269640 2391.9
1269650 2390.8
1269660 2388.9
1269670 2388.9
1269680 2386.8
1269690 2387.9
1269700 2387.9
1269710 2390.6
1269720 2394.2
1269730 2394.2
1269740 2399.0
1269750 2405.0
1269760 2405.0
1269770 2411.9
1269780 2419.3
1269790 2419.3
1269800 2425.5
1269810 2431.8
1269820 2431.8
1269830 2437.2
1269840 2442.6
1269850 2442.6
1269860 2447.5
1269870 2451.4
1269880 2451.4
1269890 2453.5
1269900 2452.1
1269910 2452.1
1269920 2457.3
1269930 2456.5
1269940 2456.5
1269950 2455.4
1269960 2451.6
1269970 2443.2
1269980 2443.2
1269990 2435.8
1270000 2427.1
1270010 2427.1
1270020 2414.6
1270030 2403.9
1270040 2403.9
1270050 2398.6
1270060 2396.4
1270070 2396.4
1270080 2395.8
1270090 2394.6
1270100 2394.6
1270110 2392.9
1270120 2392.0
1270130 2392.0
1270140 2391.8
1270150 2392.2
1270160 2392.2
1270170 2392.5
1270180 2392.5
1270190 2392.5
1270200 2393.4
1270210 2396.8
1270220 2396.8
1270230 2399.5
1270240 2397.8
1270250 2397.8
1270260 2397.8
1270270 2398.2
1270280 2398.3
1270290 2398.3
1270300 2396.9
1270310 2394.5
1270320 2394.5
1270330 2392.1
1270340 2390.9
1270350 2390.9
1270360 2389.9
1270370 2386.9
1270380 2386.9
1270390 2382.0
1270400 2378.8
1270410 2378.8
1270420 2378.0
1270430 2377.2
1270440 2377.2
1270450 2376.9
1270460 2378.7
1270470 2378.7
1270480 2382.5
1270490 2386.7
1270500 2386.7
1270510 2391.6
1270520 2400.2
1270530 2400.2
1270540 2404.8
1270550 2410.7
1270560 2410.7
1270570 2416.8
1270580 2423.0
1270590 2429.6
1270600 2429.6
1270610 2436.2
1270620 2443.1
1270630 2443.1
1270640 2451.7
1270650 2461.2
1270660 2461.2
1270670 2469.3
1270680 2477.4
1270690 2477.4
1270700 2486.7
1270710 2495.9
1270720 2495.9
1270730 2504.2
1270740 2511.7
1270750 2511.7
1270760 2520.0
1270770 2529.6
1270780 2529.6
1270790 2538.9
1270800 2550.8
1270810 2550.8
1270820 2561.4
1270830 2568.3
1270840 2568.3
1270850 2572.9
1270860 2575.7
1270870 2575.7
1270880 2577.4
1270890 2579.1
1270900 2581.2
1270910 2581.2
1270920 2583.4
1270930 2586.3
1270940 2586.3
1270950 2589.1
1270960 2591.4
1270970 2591.4
1270980 2591.6
1270990 2588.3
1271000 2588.3
1271010 2587.0
1271020 2589.5
1271030 2589.5
1271040 2595.3
1271050 2600.4
1271060 2600.4
1271070 2605.2
1271080 2610.1
1271090 2610.1
1271100 2614.5
1271110 2618.5
1271120 2624.3
1271130 2627.8
1271140 2630.3
1271150 2630.3
1271160 2632.1
1271170 2633.8
1271180 2633.8
1271190 2635.7
1271200 2638.1
1271210 2641.0
1271220 2641.0
1271230 2644.0
1271240 2644.5
1271250 2644.5
1271260 2644.5
1271270 2644.3
1271280 2644.3
1271290 2641.0
1271300 2639.1
1271310 2639.1
1271320 2641.2
1271330 2631.5
1271340 2631.5
1271350 2621.7
1271360 2613.2
1271370 2613.2
1271380 2606.4
1271390 2602.1
1271400 2602.1
1271410 2600.4
1271420 2601.9
1271430 2601.9
1271440 2605.3
1271450 2605.2
1271460 2605.2
1271470 2606.1
1271480 2609.6
1271490 2609.6
1271500 2615.4
1271510 2625.3
1271520 2638.5
1271530 2638.5
1271540 2646.6
1271550 2653.4
1271560 2653.4
1271570 2661.4
1271580 2672.3
1271590 2672.3
1271600 2684.0
1271610 2695.2
1271620 2695.2
1271630 2702.9
1271640 2708.8
1271650 2708.8
1271660 2714.8
1271670 2721.1
1271680 2721.1
1271690 2727.6
1271700 2730.3
1271710 2730.3
1271720 2732.4
1271730 2733.5
1271740 2733.5
1271750 2734.2
1271760 2734.9
1271770 2734.9
1271780 2735.0
1271790 2734.5
1271800 2734.5
1271810 2733.5
1271820 2731.3
1271830 2725.5
1271840 2725.5
1271850 2717.0
1271860 2711.8
1271870 2711.8
1271880 2707.9
1271890 2704.2
1271900 2704.2
1271910 2701.7
1271920 2700.1
1271930 2700.1
1271940 2699.7
1271950 2700.1
1271960 2700.1
1271970 2698.4
1271980 2695.5
1271990 2695.5
1272000 2693.0
1272010 2691.3
1272020 2691.3
1272030 2687.4
1272040 2685.6
1272050 2685.6
1272060 2685.9
1272070 2684.9
1272080 2684.9
1272090 2683.4
1272100 2682.3
1272110 2682.3
1272120 2681.7
1272130 2680.8
1272140 2679.8
1272150 2679.8
1272160 2679.2
1272170 2679.0
1272180 2679.0
1272190 2679.6
1272200 2681.0
1272210 2681.0
1272220 2682.6
1272230 2684.5
1272240 2684.5
1272250 2686.6
1272260 2688.9
1272270 2688.9
1272280 2691.8
1272290 2694.1
1272300 2694.1
1272310 2698.3
1272320 2696.8
1272330 2696.8
1272340 2701.1
1272350 2704.1
1272360 2704.1
1272370 2706.7
1272380 2710.0
1272390 2710.0
1272400 2713.1
1272410 2716.7
1272420 2718.1
1272430 2718.1
1272440 2714.8
1272450 2710.3
1272460 2710.3
1272470 2706.8
1272480 2707.7
1272490 2707.7
1272500 2705.9
1272510 2703.6
1272520 2703.6
1272530 2699.8
1272540 2693.3
1272550 2693.3
1272560 2686.2
1272570 2679.5
1272580 2679.5
1272590 2671.9
1272600 2664.6
1272610 2664.6
1272620 2658.4
1272630 2652.9
1272640 2652.9
1272650 2647.3
1272660 2641.7
1272670 2641.7
1272680 2636.5
1272690 2632.2
1272700 2632.2
1272710 2629.2
1272720 2626.4
1272730 2622.2
1272740 2622.2
1272750 2617.3
1272760 2612.7
1272770 2612.7
1272780 2607.9
1272790 2602.7
1272800 2602.7
1272810 2598.0
1272820 2594.3
1272830 2594.3
1272840 2591.3
1272850 2588.7
1272860 2588.7
1272870 2586.7
1272880 2586.1
1272890 2586.1
1272900 2586.3
1272910 2586.9
1272920 2594.4
1272930 2595.6
1272940 2596.9
1272950 2596.9
1272960 2598.2
1272970 2599.5
1272980 2599.5
1272990 2600.1
1273000 2599.0
1273010 2599.0
1273020 2596.4
1273030 2593.2
1273040 2590.2
1273050 2590.2
1273060 2587.6
1273070 2585.3
1273080 2585.3
1273090 2582.9
1273100 2580.5
1273110 2580.5
1273120 2578.3
1273130 2576.4
1273140 2576.4
1273150 2574.8
1273160 2574.6
1273170 2574.6
1273180 2576.1
1273190 2577.1
1273200 2577.1
1273210 2577.4
1273220 2578.2
1273230 2578.2
1273240 2579.3
1273250 2580.8
1273260 2580.8
1273270 2583.2
1273280 2586.2
1273290 2586.2
1273300 2590.0
1273310 2593.9
1273320 2593.9
1273330 2600.0
1273340 2601.6
1273350 2609.0
1273360 2609.0
1273370 2602.7
1273380 2592.2
1273390 2592.2
1273400 2580.7
1273410 2571.9
1273420 2571.9
1273430 2562.9
1273440 2555.3
1273450 2555.3
1273460 2547.4
1273470 2539.6
1273480 2539.6
1273490 2532.2
1273500 2525.2
1273510 2525.2
1273520 2517.9
1273530 2509.5
1273540 2509.5
1273550 2500.8
1273560 2492.7
1273570 2492.7
1273580 2489.0
1273590 2485.5
1273600 2485.5
1273610 2471.8
1273620 2461.7
1273630 2461.7
1273640 2450.7
1273650 2439.2
1273660 2430.1
1273670 2430.1
1273680 2421.3
1273690 2410.8
1273700 2410.8
1273710 2401.9
1273720 2391.6
1273730 2391.6
1273740 2375.5
1273750 2354.3
1273760 2354.3
1273770 2336.6
1273780 2322.2
1273790 2322.2
1273800 2310.6
1273810 2302.2
1273820 2302.2
1273830 2294.0
1273840 2282.8
1273850 2282.8
1273860 2268.6
1273870 2253.4
1273880 2253.4
1273890 2247.0
1273900 2236.7
1273910 2236.7
1273920 2225.8
1273930 2214.9
1273940 2214.9
1273950 2204.1
1273960 2194.0
1273970 2185.6
1273980 2185.6
1273990 2176.6
1274000 2165.9
1274010 2165.9
1274020 2156.0
1274030 2146.6
1274040 2146.6
1274050 2135.7
1274060 2126.0
1274070 2126.0
1274080 2116.6
1274090 2105.7
1274100 2105.7
1274110 2092.8
1274120 2080.8
1274130 2077.8
1274140 2067.7
1274150 2059.2
1274160 2059.2
1274170 2052.0
1274180 2041.8
1274190 2041.8
1274200 2026.9
1274210 2014.6
1274220 2014.6
1274230 2003.7
1274240 1991.6
1274250 1991.6
1274260 1982.2
1274270 1975.0
1274280 1968.6
1274290 1968.6
1274300 1963.3
1274310 1958.0
1274320 1958.0
1274330 1952.5
1274340 1947.0
1274350 1947.0
1274360 1941.6
1274370 1936.1
1274380 1936.1
1274390 1930.5
1274400 1924.9
1274410 1924.9
1274420 1919.1
1274430 1913.2
1274440 1913.2
1274450 1907.1
1274460 1901.2
1274470 1901.2
1274480 1895.4
1274490 1889.5
1274500 1889.5
1274510 1883.5
1274520 1877.6
1274530 1877.6
1274540 1871.7
1274550 1865.7
1274560 1865.7
1274570 1859.7
1274580 1853.9
1274590 1848.1
1274600 1848.1
1274610 1842.4
1274620 1836.8
1274630 1836.8
1274640 1831.2
1274650 1825.7
1274660 1825.7
1274670 1820.2
1274680 1814.8
1274690 1814.8
1274700 1809.6
1274710 1804.6
1274720 1804.6
1274730 1800.0
1274740 1795.0
1274750 1795.0
1274760 1790.2
1274770 1785.8
1274780 1785.8
1274790 1781.6
1274800 1777.9
1274810 1777.9
1274820 1774.4
1274830 1770.8
1274840 1770.8
1274850 1767.0
1274860 1763.4
1274870 1763.4
1274880 1759.0
1274890 1754.1
1274900 1749.7
1274910 1749.7
1274920 1746.1
1274930 1743.6
1274940 1743.6
1274950 1739.8
1274960 1733.8
1274970 1733.8
1274980 1727.1
1274990 1720.9
1275000 1720.9
1275010 1715.3
1275020 1710.1
1275030 1710.1
1275040 1704.7
1275050 1698.5
1275060 1698.5
1275070 1691.7
1275080 1683.4
1275090 1683.4
1275100 1675.5
1275110 1666.3
1275120 1666.3
1275130 1658.7
1275140 1652.0
1275150 1652.0
1275160 1641.4
1275170 1629.5
1275180 1629.5
1275190 1619.1
1275200 1608.2
1275210 1597.2
1275220 1597.2
1275230 1590.6
1275240 1586.5
1275250 1586.5
1275260 1582.6
1275270 1577.8
1275280 1577.8
1275290 1570.9
1275300 1564.5
1275310 1564.5
1275320 1562.6
1275330 1560.9
1275340 1562.0
1275350 1558.6
1275360 1556.2
1275370 1556.2
1275380 1553.4
1275390 1550.2
1275400 1550.2
1275410 1547.3
1275420 1544.8
1275430 1544.8
1275440 1542.1
1275450 1540.0
1275460 1540.0
1275470 1538.0
1275480 1534.7
1275490 1527.8
1275500 1527.8
1275510 1523.2
1275520 1519.8
1275530 1519.8
1275540 1515.9
1275550 1512.0
1275560 1512.0
1275570 1509.3
1275580 1507.3
1275590 1507.3
1275600 1505.7
1275610 1503.7
1275620 1503.7
1275630 1501.7
1275640 1498.8
1275650 1498.8
1275660 1495.5
1275670 1492.1
1275680 1492.1
1275690 1489.3
1275700 1487.1
1275710 1487.1
1275720 1485.8
1275730 1483.6
1275740 1483.6
1275750 1480.6
1275760 1478.1
1275770 1478.1
1275780 1476.2
1275790 1474.3
1275800 1472.6
1275810 1472.6
1275820 1470.7
1275830 1469.2
1275840 1469.2
1275850 1467.7
1275860 1466.0
1275870 1466.0
1275880 1464.5
1275890 1462.2
1275900 1462.2
1275910 1460.7
1275920 1460.1
1275930 1460.1
1275940 1459.5
1275950 1460.1
1275960 1460.1
1275970 1459.9
1275980 1459.8
1275990 1459.8
1276000 1459.4
1276010 1460.3
1276020 1460.3
1276030 1461.8
1276040 1460.6
1276050 1460.6
1276060 1459.5
1276070 1459.6
1276080 1459.6
1276090 1459.5
1276100 1458.9
1276110 1457.9
1276120 1457.9
1276130 1457.0
1276140 1456.2
1276150 1456.2
1276160 1455.1
1276170 1453.7
1276180 1453.7
1276190 1452.2
1276200 1450.1
1276210 1450.1
1276220 1448.7
1276230 1447.1
1276240 1447.1
1276250 1444.6
1276260 1443.0
1276270 1443.0
1276280 1443.0
1276290 1443.0
1276300 1443.0
1276310 1442.2
1276320 1441.2
1276330 1441.2
1276340 1440.1
1276350 1439.2
1276360 1439.2
1276370 1438.4
1276380 1437.1
1276390 1437.1
1276400 1435.6
1276410 1434.1
1276420 1432.7
1276430 1432.7
1276440 1431.7
1276450 1431.1
1276460 1431.1
1276470 1430.8
1276480 1431.0
1276490 1431.0
1276500 1430.4
1276510 1429.7
1276520 1429.7
1276530 1429.6
1276540 1429.2
1276550 1429.2
1276560 1428.9
1276570 1432.3
1276580 1432.3
1276590 1432.7
1276600 1432.1
1276610 1432.1
1276620 1431.8
1276630 1432.2
1276640 1432.2
1276650 1434.2
1276660 1436.5
1276670 1436.5
1276680 1436.7
1276690 1436.3
1276700 1436.3
1276710 1437.4
1276720 1439.1
1276730 1441.2
1276740 1441.2
1276750 1443.2
1276760 1443.9
1276770 1443.9
1276780 1443.2
1276790 1442.6
1276800 1442.6
1276810 1443.3
1276820 1445.5
1276830 1445.5
1276840 1447.4
1276850 1450.0
1276860 1450.0
1276870 1452.6
1276880 1454.9
1276890 1454.9
1276900 1457.4
1276910 1459.6
1276920 1459.6
1276930 1461.1
1276940 1462.4
1276950 1462.4
1276960 1463.5
1276970 1463.9
1276980 1463.9
1276990 1463.9
1277000 1464.9
1277010 1464.9
1277020 1465.8
1277030 1466.3
1277040 1466.8
1277050 1466.8
1277060 1466.3
1277070 1466.1
1277080 1466.1
1277090 1467.8
1277100 1471.0
1277110 1471.0
1277120 1474.4
1277130 1474.1
1277140 1474.1
1277150 1474.1
1277160 1475.9
1277170 1475.9
1277180 1479.2
1277190 1481.8
1277200 1481.8
1277210 1483.8
1277220 1485.1
1277230 1485.1
1277240 1486.7
1277250 1488.4
1277260 1488.4
1277270 1489.8
1277280 1490.0
1277290 1490.0
1277300 1489.0
1277310 1487.4
1277320 1487.4
1277330 1485.4
1277340 1483.8
1277350 1481.6
1277360 1481.6
1277370 1479.4
1277380 1477.5
1277390 1477.5
1277400 1475.6
1277410 1473.2
1277420 1473.2
1277430 1469.9
1277440 1467.4
1277450 1467.4
1277460 1466.6
1277470 1465.8
1277480 1465.8
1277490 1463.0
1277500 1457.4
1277510 1457.4
1277520 1450.9
1277530 1445.0
1277540 1445.0
1277550 1439.2
1277560 1433.2
1277570 1433.2
1277580 1427.2
1277590 1421.4
1277600 1421.4
1277610 1415.7
1277620 1410.1
1277630 1410.1
1277640 1404.7
1277650 1399.9
1277660 1395.6
1277670 1395.6
1277680 1394.5
1277690 1395.0
1277700 1395.0
1277710 1394.7
1277720 1394.3
1277730 1394.3
1277740 1394.1
1277750 1392.5
1277760 1392.5
1277770 1394.2
1277780 1395.4
1277790 1395.4
1277800 1400.2
1277810 1405.4
1277820 1405.4
1277830 1411.4
1277840 1417.9
1277850 1417.9
1277860 1424.0
1277870 1429.3
1277880 1429.3
1277890 1434.2
1277900 1438.2
1277910 1438.2
1277920 1441.6
1277930 1445.9
1277940 1445.9
1277950 1451.6
1277960 1457.9
1277970 1461.6
1277980 1461.6
1277990 1462.0
1278000 1462.3
1278010 1462.3
1278020 1462.7
1278030 1462.5
1278040 1462.5
1278050 1461.4
1278060 1460.5
1278070 1460.5
1278080 1461.1
1278090 1461.5
1278100 1461.5
1278110 1461.1
1278120 1459.8
1278130 1459.8
1278140 1458.1
1278150 1456.5
1278160 1456.5
1278170 1455.0
1278180 1455.1
1278190 1455.1
1278200 1455.8
1278210 1456.8
1278220 1456.8
1278230 1459.9
1278240 1461.3
1278250 1460.8
1278260 1460.8
1278270 1462.2
1278280 1463.7
1278290 1463.7
1278300 1465.1
1278310 1466.2
1278320 1466.2
1278330 1465.3
1278340 1465.1
1278350 1465.1
1278360 1467.0
1278370 1470.5
1278380 1470.5
1278390 1473.8
1278400 1476.7
1278410 1476.7
1278420 1480.4
1278430 1481.6
1278440 1481.6
1278450 1484.4
1278460 1485.1
1278470 1485.1
1278480 1480.5
1278490 1476.2
1278500 1476.2
1278510 1473.4
1278520 1472.6
1278530 1472.6
1278540 1475.0
1278550 1479.8
1278560 1483.9
1278570 1483.9
1278580 1486.4
1278590 1485.5
1278600 1485.5
1278610 1484.2
1278620 1483.1
1278630 1483.1
1278640 1482.1
1278650 1481.5
1278660 1481.5
1278670 1481.5
1278680 1483.3
1278690 1483.3
1278700 1485.2
1278710 1488.5
1278720 1488.5
1278730 1490.5
1278740 1491.0
1278750 1491.0
1278760 1491.6
1278770 1492.0
1278780 1492.0
1278790 1492.2
1278800 1492.9
1278810 1492.9
1278820 1493.2
1278830 1497.8
1278840 1497.8
1278850 1504.0
1278860 1509.9
1278870 1515.7
1278880 1515.7
1278890 1519.9
1278900 1523.2
1278910 1523.2
1278920 1527.1
1278930 1530.3
1278940 1530.3
1278950 1532.5
1278960 1533.9
1278970 1533.9
1278980 1535.7
1278990 1537.9
1279000 1537.9
1279010 1540.0
1279020 1537.6
1279030 1537.6
1279040 1540.5
1279050 1535.8
1279060 1535.8
1279070 1528.6
1279080 1526.4
1279090 1526.4
1279100 1528.5
1279110 1526.7
1279120 1526.7
1279130 1525.3
1279140 1525.7
1279150 1525.7
1279160 1529.4
1279170 1530.6
1279180 1530.1
1279190 1530.1
1279200 1523.3
1279210 1523.6
1279220 1523.6
1279230 1528.2
1279240 1533.1
1279250 1533.1
1279260 1539.5
1279270 1547.0
1279280 1547.0
1279290 1553.1
1279300 1555.0
1279310 1555.0
1279320 1555.8
1279330 1556.2
1279340 1556.2
1279350 1556.7
1279360 1557.1
1279370 1557.1
1279380 1557.4
1279390 1557.9
1279400 1557.9
1279410 1558.2
1279420 1558.6
1279430 1558.6
1279440 1559.1
1279450 1559.6
1279460 1559.6
1279470 1560.4
1279480 1562.1
1279490 1564.3
1279500 1564.3
1279510 1566.5
1279520 1569.7
1279530 1569.7
1279540 1573.3
1279550 1575.4
1279560 1575.4
1279570 1576.2
1279580 1576.6
1279590 1576.6
1279600 1577.0
1279610 1578.1
1279620 1578.1
1279630 1579.0
1279640 1580.1
1279650 1580.1
1279660 1581.6
1279670 1583.4
1279680 1583.4
1279690 1584.8
1279700 1586.4
1279710 1586.4
1279720 1588.2
1279730 1589.9
1279740 1589.9
1279750 1592.0
1279760 1594.3
1279770 1594.3
1279780 1596.5
1279790 1599.1
1279800 1601.8
1279810 1601.8
1279820 1604.9
1279830 1608.3
1279840 1608.3
1279850 1611.6
1279860 1615.0
1279870 1615.0
1279880 1618.3
1279890 1621.2
1279900 1621.2
1279910 1624.1
1279920 1627.8
1279930 1627.8
1279940 1631.9
1279950 1636.1
1279960 1636.1
1279970 1640.9
1279980 1645.9
1279990 1645.9
