1260000 1348.9
1260010 1343.8
1260020 1339.0
1260030 1339.0
1260040 1334.1
1260050 1329.2
1260060 1329.2
1260070 1324.7
1260080 1320.7
1260090 1316.4
1260100 1316.4
1260110 1312.0
1260120 1307.5
1260130 1307.5
1260140 1299.7
1260150 1295.3
1260160 1295.3
1260170 1291.9
1260180 1289.7
1260190 1289.7
1260200 1288.2
1260210 1286.4
1260220 1286.4
1260230 1284.3
1260240 1282.1
1260250 1282.1
1260260 1278.9
1260270 1276.2
1260280 1276.2
1260290 1273.2
1260300 1270.3
1260310 1270.3
1260320 1267.3
1260330 1264.2
1260340 1264.2
1260350 1260.5
1260360 1258.0
1260370 1258.0
1260380 1255.5
1260390 1252.3
1260400 1247.9
1260410 1247.9
1260420 1244.1
1260430 1240.8
1260440 1240.8
1260450 1237.7
1260460 1234.5
1260470 1234.5
1260480 1230.8
1260490 1226.8
1260500 1226.8
1260510 1223.4
1260520 1221.0
1260530 1221.0
1260540 1217.8
1260550 1214.0
1260560 1214.0
1260570 1210.3
1260580 1206.3
1260590 1206.3
1260600 1202.5
1260610 1199.1
1260620 1199.1
1260630 1196.2
1260640 1193.5
1260650 1193.5
1260660 1190.7
1260670 1189.0
1260680 1189.0
1260690 1187.2
1260700 1185.1
1260710 1180.3
1260720 1180.3
1260730 1178.2
1260740 1176.6
1260750 1176.6
1260760 1175.1
1260770 1174.0
1260780 1174.0
1260790 1173.1
1260800 1171.9
1260810 1171.9
1260820 1170.9
1260830 1170.6
1260840 1170.6
1260850 1170.6
1260860 1170.1
1260870 1170.1
1260880 1169.3
1260890 1168.4
1260900 1168.4
1260910 1167.5
1260920 1166.5
1260930 1166.5
1260940 1165.4
1260950 1164.5
1260960 1164.5
1260970 1164.0
1260980 1163.4
1260990 1163.4
1261000 1162.4
1261010 1161.5
1261020 1161.8
1261030 1161.8
1261040 1162.1
1261050 1162.3
1261060 1162.3
1261070 1162.2
1261080 1162.2
1261090 1162.2
1261100 1162.3
1261110 1162.7
1261120 1162.7
1261130 1162.8
1261140 1162.9
1261150 1162.9
1261160 1163.1
1261170 1163.4
1261180 1163.4
1261190 1163.2
1261200 1163.6
1261210 1163.6
1261220 1164.2
1261230 1164.6
1261240 1164.6
1261250 1164.7
1261260 1164.8
1261270 1164.8
1261280 1169.6
1261290 1168.6
1261300 1168.6
1261310 1167.1
1261320 1166.5
1261330 1166.2
1261340 1166.2
1261350 1165.9
1261360 1166.7
1261370 1166.7
1261380 1168.9
1261390 1171.9
1261400 1171.9
1261410 1174.0
1261420 1176.6
1261430 1176.6
1261440 1179.9
1261450 1181.9
1261460 1181.9
1261470 1184.1
1261480 1185.8
1261490 1185.8
1261500 1187.1
1261510 1189.2
1261520 1189.2
1261530 1191.7
1261540 1194.6
1261550 1194.6
1261560 1197.9
1261570 1202.4
1261580 1202.4
1261590 1207.5
1261600 1212.3
1261610 1212.3
1261620 1216.5
1261630 1219.7
1261640 1222.8
1261650 1222.8
1261660 1227.0
1261670 1231.5
1261680 1231.5
1261690 1236.3
1261700 1242.3
1261710 1242.3
1261720 1247.8
1261730 1252.8
1261740 1252.8
1261750 1256.8
1261760 1262.1
1261770 1262.1
1261780 1267.1
1261790 1272.5
1261800 1272.5
1261810 1278.1
1261820 1278.8
1261830 1278.8
1261840 1280.2
1261850 1290.8
1261860 1290.8
1261870 1298.0
1261880 1309.0
1261890 1309.0
1261900 1319.9
1261910 1327.5
1261920 1327.5
1261930 1333.5
1261940 1340.3
1261950 1340.3
1261960 1342.6
1261970 1344.8
1261980 1344.1
1261990 1344.1
1262000 1343.5
1262010 1343.9
1262020 1343.9
1262030 1345.2
1262040 1344.0
1262050 1344.0
1262060 1349.6
1262070 1358.6
1262080 1358.6
1262090 1363.2
1262100 1366.9
1262110 1366.9
1262120 1376.7
1262130 1390.0
1262140 1390.0
1262150 1395.6
1262160 1398.0
1262170 1398.0
1262180 1401.5
1262190 1404.2
1262200 1404.2
1262210 1407.2
1262220 1409.4
1262230 1409.4
1262240 1414.5
1262250 1417.9
1262260 1417.9
1262270 1419.9
1262280 1425.0
1262290 1432.1
1262300 1432.1
1262310 1437.9
1262320 1443.0
1262330 1443.0
1262340 1447.6
1262350 1450.7
1262360 1450.7
1262370 1452.8
1262380 1448.3
1262390 1448.3
1262400 1439.9
1262410 1430.9
1262420 1430.9
1262430 1418.3
1262440 1410.3
1262450 1410.3
1262460 1400.2
1262470 1392.7
1262480 1392.7
1262490 1386.5
1262500 1381.6
1262510 1381.6
1262520 1381.6
1262530 1382.5
1262540 1382.5
1262550 1390.0
1262560 1402.5
1262570 1402.5
1262580 1407.8
1262590 1407.4
1262600 1404.2
1262610 1404.2
1262620 1405.3
1262630 1408.2
1262640 1408.2
1262650 1417.7
1262660 1433.2
1262670 1433.2
1262680 1444.1
1262690 1449.0
1262700 1449.0
1262710 1452.3
1262720 1457.7
1262730 1457.7
1262740 1463.4
1262750 1469.8
1262760 1469.8
1262770 1476.9
1262780 1484.8
1262790 1484.8
1262800 1495.9
1262810 1505.1
1262820 1505.1
1262830 1516.2
1262840 1528.2
1262850 1528.2
1262860 1538.0
1262870 1545.0
1262880 1545.0
1262890 1551.2
1262900 1558.0
1262910 1564.9
1262920 1564.9
1262930 1575.2
1262940 1589.5
1262950 1589.5
1262960 1601.6
1262970 1613.8
1262980 1613.8
1262990 1629.4
1263000 1650.1
1263010 1650.1
1263020 1663.1
1263030 1668.4
1263040 1668.4
1263050 1673.2
1263060 1677.1
1263070 1677.1
1263080 1681.8
1263090 1688.2
1263100 1688.2
1263110 1696.0
1263120 1701.0
1263130 1701.0
1263140 1708.1
1263150 1715.8
1263160 1715.8
1263170 1722.3
1263180 1727.1
1263190 1727.1
1263200 1729.6
1263210 1730.8
1263220 1724.8
1263230 1724.8
1263240 1730.2
1263250 1737.6
1263260 1737.6
1263270 1742.4
1263280 1743.5
1263290 1743.5
1263300 1743.4
1263310 1754.6
1263320 1754.6
1263330 1762.3
1263340 1761.7
1263350 1761.7
1263360 1759.4
1263370 1760.6
1263380 1760.6
1263390 1761.9
1263400 1762.0
1263410 1762.0
1263420 1758.3
1263430 1757.8
1263440 1757.8
1263450 1762.3
1263460 1762.0
1263470 1762.0
1263480 1759.2
1263490 1758.0
1263500 1758.0
1263510 1758.5
1263520 1754.7
1263530 1751.8
1263540 1751.8
1263550 1760.2
1263560 1764.6
1263570 1764.6
1263580 1785.4
1263590 1791.2
1263600 1791.2
1263610 1792.5
1263620 1792.7
1263630 1792.7
1263640 1790.3
1263650 1786.6
1263660 1786.6
1263670 1794.8
1263680 1806.4
1263690 1806.4
1263700 1813.3
1263710 1816.1
1263720 1816.1
1263730 1817.5
1263740 1816.0
1263750 1816.0
1263760 1809.7
1263770 1798.4
1263780 1798.4
1263790 1785.2
1263800 1770.0
1263810 1770.0
1263820 1764.1
1263830 1759.2
1263840 1754.2
1263850 1754.2
1263860 1749.3
1263870 1744.6
1263880 1744.6
1263890 1743.5
1263900 1743.3
1263910 1743.3
1263920 1744.1
1263930 1744.8
1263940 1744.8
1263950 1744.8
1263960 1744.6
1263970 1744.6
1263980 1744.6
1263990 1744.7
1264000 1744.7
1264010 1745.0
1264020 1745.0
1264030 1745.0
1264040 1744.9
1264050 1745.1
1264060 1745.1
1264070 1746.2
1264080 1747.8
1264090 1747.8
1264100 1750.4
1264110 1753.2
1264120 1753.2
1264130 1757.2
1264140 1762.2
1264150 1771.1
1264160 1779.5
1264170 1797.5
1264180 1808.6
1264190 1808.6
1264200 1819.8
1264210 1833.8
1264220 1833.8
1264230 1841.1
1264240 1847.0
1264250 1847.0
1264260 1854.3
1264270 1858.4
1264280 1858.4
1264290 1862.4
1264300 1867.7
1264310 1867.7
1264320 1856.7
1264330 1816.7
1264340 1816.7
1264350 1810.3
1264360 1810.0
1264370 1810.0
1264380 1810.9
1264390 1813.3
1264400 1813.3
1264410 1815.8
1264420 1795.1
1264430 1795.1
1264440 1762.6
1264450 1730.0
1264460 1714.4
1264470 1714.4
1264480 1706.1
1264490 1701.8
1264500 1701.8
1264510 1697.7
1264520 1692.6
1264530 1692.6
1264540 1686.9
1264550 1680.8
1264560 1680.8
1264570 1675.5
1264580 1671.0
1264590 1671.0
1264600 1666.2
1264610 1662.2
1264620 1662.2
1264630 1660.0
1264640 1659.6
1264650 1659.6
1264660 1660.2
1264670 1660.9
1264680 1660.9
1264690 1661.9
1264700 1662.7
1264710 1662.7
1264720 1663.0
1264730 1662.8
1264740 1667.1
1264750 1667.0
1264760 1666.6
1264770 1666.3
1264780 1666.3
1264790 1666.4
1264800 1666.6
1264810 1666.6
1264820 1667.0
1264830 1668.0
1264840 1668.0
1264850 1669.6
1264860 1672.2
1264870 1672.2
1264880 1675.2
1264890 1678.3
1264900 1678.3
1264910 1681.9
1264920 1685.7
1264930 1685.7
1264940 1690.2
1264950 1695.3
1264960 1695.3
1264970 1701.5
1264980 1706.9
1264990 1706.9
1265000 1710.6
1265010 1711.3
1265020 1711.3
1265030 1715.3
1265040 1720.4
1265050 1720.4
1265060 1724.4
1265070 1727.7
1265080 1731.9
1265090 1731.9
1265100 1737.2
1265110 1742.7
1265120 1742.7
1265130 1747.0
1265140 1749.8
1265150 1749.8
1265160 1752.3
1265170 1754.6
1265180 1754.6
1265190 1757.1
1265200 1760.2
1265210 1760.2
1265220 1763.2
1265230 1766.0
1265240 1766.0
1265250 1769.3
1265260 1775.0
1265270 1775.0
1265280 1782.8
1265290 1796.4
1265300 1796.4
1265310 1811.7
1265320 1823.3
1265330 1823.3
1265340 1827.5
1265350 1832.6
1265360 1832.6
1265370 1838.9
1265380 1845.4
1265390 1850.8
1265400 1850.8
1265410 1856.6
1265420 1862.7
1265430 1862.7
1265440 1869.0
1265450 1874.9
1265460 1874.9
1265470 1881.6
1265480 1888.4
1265490 1888.4
1265500 1895.1
1265510 1902.2
1265520 1902.2
1265530 1909.6
1265540 1916.3
1265550 1916.3
1265560 1922.2
1265570 1927.4
1265580 1927.4
1265590 1931.1
1265600 1932.7
1265610 1932.7
1265620 1932.1
1265630 1930.3
1265640 1930.3
1265650 1928.1
1265660 1925.1
1265670 1925.1
1265680 1920.3
1265690 1921.0
1265700 1922.3
1265710 1922.3
1265720 1921.7
1265730 1922.4
1265740 1922.4
1265750 1922.3
1265760 1922.3
1265770 1922.3
1265780 1923.3
1265790 1924.2
1265800 1924.2
1265810 1926.1
1265820 1928.6
1265830 1928.6
1265840 1931.8
1265850 1933.8
1265860 1933.8
1265870 1937.4
1265880 1940.0
1265890 1940.0
1265900 1953.2
1265910 1964.3
1265920 1964.3
1265930 1977.2
1265940 1985.1
1265950 1985.1
1265960 1983.9
1265970 1975.8
1265980 1975.8
1265990 1967.5
1266000 1964.7
1266010 1959.4
1266020 1959.4
1266030 1955.5
1266040 1949.9
1266050 1949.9
1266060 1933.8
1266070 1895.6
1266080 1895.6
1266090 1884.3
1266100 1877.9
1266110 1877.9
1266120 1871.6
1266130 1865.5
1266140 1865.5
1266150 1858.8
1266160 1851.8
1266170 1851.8
1266180 1848.3
1266190 1850.5
1266200 1850.5
1266210 1852.8
1266220 1854.8
1266230 1854.8
1266240 1855.9
1266250 1858.3
1266260 1858.3
1266270 1861.6
1266280 1863.9
1266290 1863.9
1266300 1861.5
1266310 1859.2
1266320 1856.7
1266330 1856.7
1266340 1854.7
1266350 1852.1
1266360 1852.1
1266370 1850.4
1266380 1848.8
1266390 1848.8
1266400 1845.2
1266410 1842.7
1266420 1842.7
1266430 1841.2
1266440 1840.4
1266450 1840.4
1266460 1839.4
1266470 1837.1
1266480 1837.1
1266490 1840.5
1266500 1840.6
1266510 1840.6
1266520 1840.5
1266530 1838.9
1266540 1838.9
1266550 1836.7
1266560 1832.4
1266570 1832.4
1266580 1831.6
1266590 1832.6
1266600 1832.6
1266610 1835.4
1266620 1837.9
1266630 1840.1
1266640 1840.1
1266650 1840.2
1266660 1837.3
1266670 1837.3
1266680 1835.7
1266690 1835.0
1266700 1835.0
1266710 1839.6
1266720 1840.6
1266730 1840.6
1266740 1838.6
1266750 1842.0
1266760 1842.0
1266770 1847.1
1266780 1853.2
1266790 1853.2
1266800 1860.3
1266810 1868.9
1266820 1868.9
1266830 1877.3
1266840 1888.0
1266850 1888.0
1266860 1905.5
1266870 1914.6
1266880 1914.6
1266890 1922.8
1266900 1937.6
1266910 1937.6
1266920 1953.8
1266930 1969.3
1266940 1986.2
1266950 1986.2
1266960 1997.8
1266970 2003.9
1266980 2003.9
1266990 2010.5
1267000 2017.9
1267010 2017.9
1267020 2025.3
1267030 2033.6
1267040 2033.6
1267050 2044.5
1267060 2053.6
1267070 2055.8
1267080 2063.9
1267090 2072.8
1267100 2072.8
1267110 2082.6
1267120 2090.4
1267130 2090.4
1267140 2097.0
1267150 2104.1
1267160 2104.1
1267170 2111.8
1267180 2119.7
1267190 2119.7
1267200 2127.1
1267210 2134.5
1267220 2134.5
1267230 2142.1
1267240 2149.7
1267250 2157.2
1267260 2157.2
1267270 2164.8
1267280 2172.4
1267290 2172.4
1267300 2179.5
1267310 2186.5
1267320 2186.5
1267330 2193.4
1267340 2200.0
1267350 2200.0
1267360 2206.3
1267370 2212.1
1267380 2212.1
1267390 2216.8
1267400 2218.7
1267410 2218.7
1267420 2219.2
1267430 2218.7
1267440 2218.7
1267450 2214.5
1267460 2210.1
1267470 2210.1
1267480 2206.3
1267490 2200.8
1267500 2200.8
1267510 2194.0
1267520 2186.0
1267530 2186.0
1267540 2176.1
1267550 2163.8
1267560 2144.4
1267570 2144.4
1267580 2113.1
1267590 2096.6
1267600 2096.6
1267610 2089.0
1267620 2082.6
1267630 2082.6
1267640 2076.5
1267650 2070.7
1267660 2073.6
1267670 2066.9
1267680 2060.5
1267690 2060.5
1267700 2053.8
1267710 2047.4
1267720 2047.4
1267730 2041.6
1267740 2037.0
1267750 2037.0
1267760 2036.2
1267770 2038.3
1267780 2038.3
1267790 2037.8
1267800 2034.0
1267810 2034.0
1267820 2032.5
1267830 2029.6
1267840 2029.6
1267850 2028.3
1267860 2030.0
1267870 2030.6
1267880 2030.6
1267890 2029.6
1267900 2028.8
1267910 2028.8
1267920 2027.3
1267930 2027.2
1267940 2027.2
1267950 2029.0
1267960 2030.6
1267970 2030.6
1267980 2031.5
1267990 2032.9
1268000 2032.9
1268010 2036.4
1268020 2038.7
1268030 2038.7
1268040 2037.3
1268050 2033.2
1268060 2033.2
1268070 2029.7
1268080 2029.2
1268090 2029.2
1268100 2029.5
1268110 2029.4
1268120 2029.4
1268130 2030.3
1268140 2033.0
1268150 2033.0
1268160 2037.6
1268170 2041.9
1268180 2046.4
1268190 2046.4
1268200 2051.3
1268210 2056.3
1268220 2056.3
1268230 2061.3
1268240 2066.0
1268250 2072.0
1268260 2079.3
1268270 2090.3
1268280 2090.3
1268290 2097.3
1268300 2101.4
1268310 2101.4
1268320 2113.1
1268330 2122.2
1268340 2122.2
1268350 2128.8
1268360 2137.4
1268370 2137.4
1268380 2143.8
1268390 2149.9
1268400 2149.9
1268410 2155.4
1268420 2148.1
1268430 2148.1
1268440 2114.2
1268450 2097.3
1268460 2097.3
1268470 2087.3
1268480 2079.5
1268490 2072.8
1268500 2072.8
1268510 2066.2
1268520 2057.7
1268530 2057.7
1268540 2047.9
1268550 2035.1
1268560 2035.1
1268570 2023.3
1268580 2004.0
1268590 2004.0
1268600 1992.6
1268610 1987.9
1268620 1987.9
1268630 1982.0
1268640 1975.5
1268650 1975.5
1268660 1969.0
1268670 1962.7
1268680 1962.7
1268690 1956.5
1268700 1951.0
1268710 1951.0
1268720 1945.8
1268730 1941.3
1268740 1941.3
1268750 1937.4
1268760 1933.8
1268770 1933.8
1268780 1931.2
1268790 1932.2
1268800 1930.6
1268810 1930.6
1268820 1929.1
1268830 1931.4
1268840 1936.1
1268850 1937.9
1268860 1933.4
1268870 1933.4
1268880 1930.3
1268890 1931.4
1268900 1931.4
1268910 1931.9
1268920 1930.1
1268930 1930.1
1268940 1928.7
1268950 1926.9
1268960 1926.9
1268970 1925.2
1268980 1924.3
1268990 1924.3
1269000 1924.0
1269010 1922.6
1269020 1922.6
1269030 1920.1
1269040 1918.0
1269050 1918.0
1269060 1917.1
1269070 1918.4
1269080 1918.4
1269090 1919.1
1269100 1917.5
1269110 1916.0
1269120 1916.0
1269130 1917.3
1269140 1919.7
1269150 1919.7
1269160 1920.6
1269170 1922.9
1269180 1922.9
1269190 1926.0
1269200 1926.4
1269210 1926.4
1269220 1926.6
1269230 1926.3
1269240 1926.3
1269250 1925.3
1269260 1924.6
1269270 1924.6
1269280 1925.4
1269290 1926.7
1269300 1926.7
1269310 1926.7
1269320 1924.1
1269330 1924.1
1269340 1923.3
1269350 1923.6
1269360 1923.6
1269370 1920.8
1269380 1917.5
1269390 1917.5
1269400 1919.1
1269410 1921.1
1269420 1921.7
1269430 1924.7
1269440 1924.6
1269450 1927.0
1269460 1927.0
1269470 1929.9
1269480 1933.2
1269490 1933.2
1269500 1934.9
1269510 1936.6
1269520 1936.6
1269530 1937.7
1269540 1937.7
1269550 1937.7
1269560 1936.4
1269570 1933.8
1269580 1933.8
1269590 1932.2
1269600 1935.0
1269610 1935.0
1269620 1938.4
1269630 1941.3
1269640 1941.3
1269650 1943.3
1269660 1945.4
1269670 1945.4
1269680 1946.8
1269690 1948.3
1269700 1948.3
1269710 1951.7
1269720 1952.1
1269730 1949.5
1269740 1949.5
1269750 1946.7
1269760 1944.0
1269770 1944.0
1269780 1942.1
1269790 1939.1
1269800 1939.1
1269810 1939.5
1269820 1941.6
1269830 1941.6
1269840 1945.3
1269850 1948.1
1269860 1948.1
1269870 1948.6
1269880 1950.0
1269890 1950.0
1269900 1951.6
1269910 1952.5
1269920 1952.5
1269930 1953.4
1269940 1954.7
1269950 1954.7
1269960 1957.2
1269970 1958.9
1269980 1958.9
1269990 1960.8
1270000 1963.2
1270010 1963.2
1270020 1965.2
1270030 1972.1
1270040 1975.5
1270050 1975.5
1270060 1979.9
1270070 1983.3
1270080 1983.3
1270090 1985.8
1270100 1988.4
1270110 1988.4
1270120 1991.6
1270130 1993.4
1270140 1993.4
1270150 1995.4
1270160 1999.4
1270170 1999.4
1270180 2005.0
1270190 2010.8
1270200 2010.8
1270210 2015.8
1270220 2020.6
1270230 2020.6
1270240 2025.5
1270250 2030.2
1270260 2030.2
1270270 2035.9
1270280 2045.0
1270290 2045.0
1270300 2056.1
1270310 2072.2
1270320 2072.2
1270330 2091.7
1270340 2103.6
1270350 2113.2
1270360 2113.2
1270370 2117.8
1270380 2115.6
1270390 2115.6
1270400 2112.8
1270410 2108.8
1270420 2108.8
1270430 2103.5
1270440 2097.0
1270450 2097.0
1270460 2088.1
1270470 2085.1
1270480 2085.1
1270490 2082.2
1270500 2080.7
1270510 2080.7
1270520 2078.9
1270530 2071.1
1270540 2071.1
1270550 2064.6
1270560 2055.6
1270570 2055.6
1270580 2049.2
1270590 2044.3
1270600 2044.3
1270610 2036.8
1270620 2036.1
1270630 2036.1
1270640 2025.3
1270650 2016.9
1270660 2007.1
1270670 2007.1
1270680 1998.4
1270690 1993.3
1270700 1993.3
1270710 1987.0
1270720 1978.4
1270730 1978.4
1270740 1973.2
1270750 1965.2
1270760 1965.2
1270770 1959.0
1270780 1956.0
1270790 1956.0
1270800 1954.6
1270810 1951.4
1270820 1951.4
1270830 1946.5
1270840 1943.5
1270850 1943.5
1270860 1941.3
1270870 1938.6
1270880 1938.6
1270890 1934.5
1270900 1928.8
1270910 1928.8
1270920 1921.3
1270930 1917.4
1270940 1917.4
1270950 1914.4
1270960 1911.0
1270970 1908.5
1270980 1908.5
1270990 1904.8
1271000 1900.4
1271010 1900.4
1271020 1896.1
1271030 1892.8
1271040 1892.8
1271050 1888.9
1271060 1883.5
1271070 1883.5
1271080 1876.5
1271090 1868.8
1271100 1868.8
1271110 1862.6
1271120 1857.8
1271130 1857.8
1271140 1853.5
1271150 1849.1
1271160 1849.1
1271170 1844.6
1271180 1840.7
1271190 1840.7
1271200 1837.0
1271210 1832.5
1271220 1836.7
1271230 1830.8
1271240 1824.8
1271250 1824.8
1271260 1820.6
1271270 1816.6
1271280 1811.3
1271290 1811.3
1271300 1805.4
1271310 1802.1
1271320 1802.1
1271330 1802.8
1271340 1804.1
1271350 1804.1
1271360 1804.0
1271370 1804.1
1271380 1804.1
1271390 1804.4
1271400 1804.0
1271410 1804.0
1271420 1803.7
1271430 1803.8
1271440 1803.8
1271450 1804.7
1271460 1806.0
1271470 1806.0
1271480 1807.8
1271490 1811.3
1271500 1811.3
1271510 1817.3
1271520 1824.9
1271530 1824.9
1271540 1830.9
1271550 1835.8
1271560 1835.8
1271570 1841.5
1271580 1845.5
1271590 1849.2
1271600 1849.2
1271610 1853.2
1271620 1859.2
1271630 1859.2
1271640 1862.4
1271650 1866.7
1271660 1866.7
1271670 1874.0
1271680 1878.3
1271690 1878.3
1271700 1881.6
1271710 1884.2
1271720 1884.2
1271730 1888.5
1271740 1893.3
1271750 1893.3
1271760 1897.3
1271770 1900.9
1271780 1900.9
1271790 1904.0
1271800 1906.6
1271810 1906.6
1271820 1906.0
1271830 1908.5
1271840 1908.5
1271850 1910.8
1271860 1913.2
1271870 1913.2
1271880 1915.4
1271890 1917.5
1271900 1919.2
1271910 1919.2
1271920 1920.3
1271930 1920.8
1271940 1920.8
1271950 1921.1
1271960 1921.0
1271970 1921.0
1271980 1920.7
1271990 1920.6
1272000 1920.6
1272010 1921.1
1272020 1922.8
1272030 1922.8
1272040 1925.7
1272050 1929.4
1272060 1929.4
1272070 1933.6
1272080 1938.3
1272090 1938.3
1272100 1943.2
1272110 1948.3
1272120 1948.3
1272130 1953.5
1272140 1958.8
1272150 1958.8
1272160 1964.3
1272170 1970.1
1272180 1970.1
1272190 1975.8
1272200 1981.8
1272210 1988.0
1272220 1988.0
1272230 1994.6
1272240 2001.4
1272250 2001.4
1272260 2008.4
1272270 2015.5
1272280 2015.5
1272290 2022.6
1272300 2029.5
1272310 2029.5
1272320 2036.2
1272330 2042.6
1272340 2042.6
1272350 2048.4
1272360 2052.8
1272370 2052.8
1272380 2056.2
1272390 2058.7
1272400 2058.7
1272410 2060.0
1272420 2058.9
1272430 2058.9
1272440 2060.6
1272450 2063.3
1272460 2063.3
1272470 2066.6
1272480 2070.3
1272490 2070.3
1272500 2074.5
1272510 2079.1
1272520 2083.9
1272530 2083.9
1272540 2088.9
1272550 2094.1
1272560 2094.1
1272570 2099.5
1272580 2104.8
1272590 2104.8
1272600 2109.8
1272610 2114.7
1272620 2114.7
1272630 2120.1
1272640 2125.9
1272650 2125.9
1272660 2132.0
1272670 2139.0
1272680 2139.0
1272690 2149.0
1272700 2160.0
1272710 2160.0
1272720 2169.9
1272730 2177.9
1272740 2177.9
1272750 2187.4
1272760 2195.3
1272770 2195.3
1272780 2200.7
1272790 2209.3
1272800 2209.3
1272810 2220.8
1272820 2227.5
1272830 2231.6
1272840 2231.6
1272850 2236.7
1272860 2236.3
1272870 2236.3
1272880 2237.8
1272890 2242.9
1272900 2242.9
1272910 2246.8
1272920 2250.3
1272930 2250.3
1272940 2259.1
1272950 2269.8
1272960 2269.8
1272970 2278.5
1272980 2281.2
1272990 2281.2
1273000 2280.6
1273010 2277.5
1273020 2288.2
1273030 2285.2
1273040 2281.7
1273050 2281.7
1273060 2280.5
1273070 2279.4
1273080 2279.4
1273090 2277.8
1273100 2278.0
1273110 2278.0
1273120 2275.9
1273130 2267.4
1273140 2259.9
1273150 2259.9
1273160 2254.5
1273170 2243.6
1273180 2243.6
1273190 2233.0
1273200 2231.3
1273210 2231.3
1273220 2244.0
1273230 2248.0
1273240 2248.0
1273250 2245.5
1273260 2255.2
1273270 2255.2
1273280 2250.5
1273290 2237.1
1273300 2237.1
1273310 2222.3
1273320 2210.9
1273330 2210.9
1273340 2201.7
1273350 2191.1
1273360 2191.1
1273370 2181.7
1273380 2177.7
1273390 2177.7
1273400 2163.7
1273410 2153.8
1273420 2153.8
1273430 2150.4
1273440 2141.1
1273450 2130.4
1273460 2130.4
1273470 2119.7
1273480 2109.5
1273490 2109.5
1273500 2100.8
1273510 2091.2
1273520 2091.2
1273530 2089.1
1273540 2091.3
1273550 2091.3
1273560 2099.3
1273570 2104.6
1273580 2104.6
1273590 2105.0
1273600 2102.8
1273610 2102.8
1273620 2099.0
1273630 2090.8
1273640 2090.8
1273650 2092.5
1273660 2091.2
1273670 2091.2
1273680 2085.2
1273690 2084.0
1273700 2084.0
1273710 2083.1
1273720 2081.3
1273730 2081.3
1273740 2076.4
1273750 2067.0
1273760 2057.4
1273770 2057.4
1273780 2051.9
1273790 2045.1
1273800 2045.1
1273810 2043.2
1273820 2033.5
1273830 2033.5
1273840 2017.4
1273850 2012.6
1273860 2012.6
1273870 2010.7
1273880 2009.5
1273890 2009.5
1273900 2006.1
1273910 1999.1
1273920 1999.1
1273930 1991.7
1273940 1981.6
1273950 1981.6
1273960 1971.3
1273970 1962.3
1273980 1962.3
1273990 1952.7
1274000 1950.0
1274010 1950.0
1274020 1943.7
1274030 1937.4
1274040 1937.4
1274050 1932.0
1274060 1926.9
1274070 1919.8
1274080 1919.8
1274090 1916.6
1274100 1910.3
1274110 1910.3
1274120 1903.0
1274130 1891.8
1274140 1891.8
1274150 1874.1
1274160 1858.0
1274170 1858.0
1274180 1848.8
1274190 1839.3
1274200 1839.3
1274210 1830.5
1274220 1824.8
1274230 1832.7
1274240 1830.9
1274250 1829.0
1274260 1829.0
1274270 1825.4
1274280 1820.8
1274290 1820.8
1274300 1815.7
1274310 1810.2
1274320 1810.2
1274330 1804.6
1274340 1798.9
1274350 1798.9
1274360 1792.9
1274370 1786.8
1274380 1780.5
1274390 1780.5
1274400 1774.0
1274410 1767.5
1274420 1767.5
1274430 1761.1
1274440 1754.6
1274450 1754.6
1274460 1747.9
1274470 1741.1
1274480 1741.1
1274490 1734.3
1274500 1727.8
1274510 1727.8
1274520 1721.8
1274530 1716.1
1274540 1716.1
1274550 1709.4
1274560 1702.5
1274570 1702.5
1274580 1697.6
1274590 1693.8
1274600 1693.8
1274610 1690.0
1274620 1686.0
1274630 1686.0
1274640 1681.8
1274650 1677.8
1274660 1677.8
1274670 1674.1
1274680 1669.8
1274690 1665.9
1274700 1665.9
1274710 1663.0
1274720 1661.0
1274730 1661.0
1274740 1659.2
1274750 1657.2
1274760 1657.2
1274770 1653.7
1274780 1649.2
1274790 1649.2
1274800 1644.5
1274810 1640.7
1274820 1640.7
1274830 1637.5
1274840 1636.3
1274850 1636.3
1274860 1634.0
1274870 1632.2
1274880 1632.2
1274890 1630.6
1274900 1629.1
1274910 1629.1
1274920 1627.7
1274930 1626.2
1274940 1626.2
1274950 1624.9
1274960 1622.9
1274970 1622.9
1274980 1620.9
1274990 1619.6
1275000 1618.4
1275010 1618.4
1275020 1615.9
1275030 1612.7
1275040 1612.7
1275050 1610.1
1275060 1607.9
1275070 1607.9
1275080 1605.7
1275090 1602.0
1275100 1602.0
1275110 1598.2
1275120 1595.9
1275130 1595.9
1275140 1594.2
1275150 1592.2
1275160 1592.2
1275170 1590.4
1275180 1588.7
1275190 1588.7
1275200 1587.1
1275210 1585.5
1275220 1585.5
1275230 1583.8
1275240 1582.9
1275250 1582.9
1275260 1581.5
1275270 1578.0
1275280 1578.0
1275290 1575.7
1275300 1574.2
1275310 1572.9
1275320 1572.9
1275330 1572.9
1275340 1572.2
1275350 1572.2
1275360 1567.1
1275370 1560.8
1275380 1560.8
1275390 1555.4
1275400 1551.7
1275410 1551.7
1275420 1548.0
1275430 1543.2
1275440 1543.2
1275450 1540.6
1275460 1537.6
1275470 1537.6
1275480 1533.1
1275490 1528.4
1275500 1528.4
1275510 1524.9
1275520 1521.2
1275530 1521.2
1275540 1516.6
1275550 1512.4
1275560 1512.4
1275570 1508.3
1275580 1504.0
1275590 1504.0
1275600 1499.8
1275610 1496.3
1275620 1495.2
1275630 1495.2
1275640 1496.0
1275650 1497.8
1275660 1497.8
1275670 1499.7
1275680 1501.9
1275690 1501.9
1275700 1504.2
1275710 1507.0
1275720 1507.0
1275730 1509.6
1275740 1511.9
1275750 1511.9
1275760 1513.8
1275770 1515.5
1275780 1515.5
1275790 1516.9
1275800 1517.0
1275810 1517.0
1275820 1514.6
1275830 1511.2
1275840 1511.2
1275850 1508.9
1275860 1508.9
1275870 1508.9
1275880 1511.1
1275890 1513.4
1275900 1513.4
1275910 1514.4
1275920 1515.0
1275930 1515.4
1275940 1515.4
1275950 1516.1
1275960 1516.1
1275970 1516.1
1275980 1515.4
1275990 1514.8
1276000 1514.8
1276010 1514.2
1276020 1513.6
1276030 1513.6
1276040 1512.3
1276050 1509.7
1276060 1504.6
1276070 1501.9
1276080 1500.1
1276090 1500.1
1276100 1496.6
1276110 1492.4
1276120 1492.4
1276130 1488.0
1276140 1483.6
1276150 1483.6
1276160 1479.3
1276170 1474.6
1276180 1474.6
1276190 1470.2
1276200 1466.2
1276210 1466.2
1276220 1467.2
1276230 1471.5
1276240 1478.4
1276250 1478.4
1276260 1485.9
1276270 1493.9
1276280 1493.9
1276290 1499.9
1276300 1504.4
1276310 1504.4
1276320 1507.0
1276330 1508.4
1276340 1508.4
1276350 1509.6
1276360 1510.7
1276370 1510.7
1276380 1511.3
1276390 1511.0
1276400 1511.0
1276410 1509.4
1276420 1506.5
1276430 1506.5
1276440 1503.1
1276450 1500.0
1276460 1500.0
1276470 1498.4
1276480 1498.0
1276490 1498.0
1276500 1499.0
1276510 1500.5
1276520 1500.5
1276530 1501.5
1276540 1502.4
1276550 1502.9
1276560 1502.9
1276570 1503.3
1276580 1504.0
1276590 1504.0
1276600 1504.6
1276610 1504.6
1276620 1504.6
1276630 1503.4
1276640 1500.3
1276650 1500.3
1276660 1500.1
1276670 1501.6
1276680 1496.1
1276690 1496.9
1276700 1499.0
1276710 1499.0
1276720 1500.6
1276730 1499.1
1276740 1499.1
1276750 1496.2
1276760 1494.2
1276770 1494.2
1276780 1492.6
1276790 1490.5
1276800 1490.5
1276810 1488.4
1276820 1485.6
1276830 1485.6
1276840 1482.4
1276850 1479.8
1276860 1477.1
1276870 1477.1
1276880 1473.1
1276890 1470.0
1276900 1470.0
1276910 1469.0
1276920 1467.5
1276930 1467.5
1276940 1464.5
1276950 1461.0
1276960 1461.0
1276970 1459.0
1276980 1457.8
1276990 1457.8
1277000 1456.5
1277010 1454.2
1277020 1454.2
1277030 1451.6
1277040 1450.5
1277050 1450.5
1277060 1450.5
1277070 1449.6
1277080 1449.6
1277090 1446.4
1277100 1444.2
1277110 1444.2
1277120 1442.2
1277130 1439.8
1277140 1439.8
1277150 1437.5
1277160 1435.5
1277170 1435.6
1277180 1435.6
1277190 1433.9
1277200 1430.6
1277210 1430.6
1277220 1426.0
1277230 1422.3
1277240 1422.3
1277250 1418.7
1277260 1416.2
1277270 1416.2
1277280 1412.0
1277290 1399.9
1277300 1399.9
1277310 1395.3
1277320 1390.3
1277330 1390.3
1277340 1385.3
1277350 1379.9
1277360 1379.9
1277370 1373.7
1277380 1367.8
1277390 1367.8
1277400 1362.6
1277410 1358.0
1277420 1358.0
1277430 1354.1
1277440 1351.8
1277450 1351.8
1277460 1351.3
1277470 1350.1
1277480 1348.0
1277490 1348.0
1277500 1344.6
1277510 1341.5
1277520 1341.5
1277530 1338.8
1277540 1336.0
1277550 1336.0
1277560 1332.7
1277570 1328.9
1277580 1328.9
1277590 1325.5
1277600 1322.9
1277610 1322.9
1277620 1320.5
1277630 1318.8
1277640 1318.8
1277650 1318.7
1277660 1319.6
1277670 1319.6
1277680 1320.3
1277690 1319.5
1277700 1319.5
1277710 1317.2
1277720 1316.9
1277730 1316.9
1277740 1318.4
1277750 1317.0
1277760 1317.0
1277770 1313.5
1277780 1309.9
1277790 1306.5
1277800 1306.5
1277810 1305.4
1277820 1306.1
1277830 1306.1
1277840 1307.4
1277850 1308.3
1277860 1308.3
1277870 1309.5
1277880 1310.5
1277890 1310.5
1277900 1309.8
1277910 1309.2
1277920 1309.2
1277930 1308.7
1277940 1310.6
1277950 1310.6
1277960 1312.8
1277970 1313.3
1277980 1313.3
1277990 1312.7
1278000 1307.1
1278010 1307.1
1278020 1299.0
1278030 1290.6
1278040 1290.6
1278050 1283.4
1278060 1275.7
1278070 1275.7
1278080 1271.3
1278090 1273.2
1278100 1280.2
1278110 1280.2
1278120 1286.8
1278130 1294.2
1278140 1294.2
1278150 1302.2
1278160 1309.0
1278170 1309.0
1278180 1310.1
1278190 1311.0
1278200 1311.0
1278210 1312.6
1278220 1315.7
1278230 1315.7
1278240 1320.4
1278250 1325.4
1278260 1325.4
1278270 1330.4
1278280 1333.1
1278290 1333.1
1278300 1328.4
1278310 1322.0
1278320 1322.0
1278330 1315.7
1278340 1311.0
1278350 1311.0
1278360 1314.0
1278370 1319.0
1278380 1319.0
1278390 1323.5
1278400 1327.6
1278410 1331.7
1278420 1331.7
1278430 1335.1
1278440 1338.3
1278450 1338.3
1278460 1341.4
1278470 1340.2
1278480 1340.2
1278490 1335.4
1278500 1335.2
1278510 1335.2
1278520 1334.8
1278530 1321.6
1278540 1321.6
1278550 1312.8
1278560 1309.2
1278570 1309.2
1278580 1309.9
1278590 1313.0
1278600 1313.0
1278610 1315.7
1278620 1321.2
1278630 1321.2
1278640 1327.3
1278650 1332.9
1278660 1332.9
1278670 1338.8
1278680 1344.7
1278690 1344.7
1278700 1351.1
1278710 1357.1
1278720 1359.2
1278730 1359.2
1278740 1360.8
1278750 1363.3
1278760 1363.3
1278770 1363.6
1278780 1363.7
1278790 1363.7
1278800 1363.6
1278810 1366.5
1278820 1366.5
1278830 1370.0
1278840 1373.6
1278850 1373.6
1278860 1377.3
1278870 1380.6
1278880 1380.6
1278890 1383.4
1278900 1386.7
1278910 1386.7
1278920 1390.5
1278930 1394.2
1278940 1394.2
1278950 1398.0
1278960 1401.6
1278970 1401.6
1278980 1404.7
1278990 1407.5
1279000 1407.5
1279010 1410.7
1279020 1414.3
1279030 1419.1
1279040 1419.1
1279050 1425.2
1279060 1431.8
1279070 1431.8
1279080 1438.6
1279090 1446.1
1279100 1446.1
1279110 1453.8
1279120 1461.5
1279130 1461.5
1279140 1469.4
1279150 1489.5
1279160 1489.5
1279170 1503.9
1279180 1516.1
1279190 1516.1
1279200 1526.3
1279210 1536.3
1279220 1536.3
1279230 1547.0
1279240 1554.1
1279250 1554.1
1279260 1558.6
1279270 1566.4
1279280 1566.4
1279290 1576.3
1279300 1586.7
1279310 1586.7
1279320 1601.5
1279330 1610.3
1279340 1617.6
1279350 1617.6
1279360 1626.6
1279370 1636.7
1279380 1636.7
1279390 1645.7
1279400 1653.1
1279410 1653.1
1279420 1660.7
1279430 1670.0
1279440 1670.0
1279450 1676.6
1279460 1680.0
1279470 1680.0
1279480 1683.3
1279490 1686.5
1279500 1686.5
1279510 1689.7
1279520 1691.9
1279530 1691.9
1279540 1694.3
1279550 1697.2
1279560 1697.2
1279570 1699.0
1279580 1704.2
1279590 1704.2
1279600 1711.5
1279610 1715.1
1279620 1715.1
1279630 1717.5
1279640 1719.2
1279650 1720.8
1279660 1720.8
1279670 1722.4
1279680 1724.7
1279690 1724.7
1279700 1728.6
1279710 1733.0
1279720 1733.0
1279730 1737.3
1279740 1741.7
1279750 1741.7
1279760 1745.5
1279770 1750.6
1279780 1750.6
1279790 1753.7
1279800 1756.1
1279810 1756.1
1279820 1757.5
1279830 1758.6
1279840 1758.6
1279850 1759.9
1279860 1761.3
1279870 1761.3
1279880 1763.3
1279890 1765.2
1279900 1765.2
1279910 1767.2
1279920 1770.3
1279930 1770.3
1279940 1773.6
1279950 1776.9
1279960 1780.1
1279970 1780.1
1279980 1783.4
1279990 1786.9
