1260000 1333.6
1260010 1329.0
1260020 1324.1
1260030 1324.1
1260040 1319.2
1260050 1314.7
1260060 1314.7
1260070 1310.2
1260080 1305.5
1260090 1305.5
1260100 1301.1
1260110 1297.7
1260120 1297.7
1260130 1295.0
1260140 1291.6
1260150 1291.6
1260160 1287.8
1260170 1284.0
1260180 1279.6
1260190 1279.6
1260200 1275.1
1260210 1271.8
1260220 1271.8
1260230 1269.3
1260240 1267.8
1260250 1267.8
1260260 1266.3
1260270 1264.8
1260280 1264.8
1260290 1262.1
1260300 1259.5
1260310 1259.5
1260320 1256.7
1260330 1253.7
1260340 1253.7
1260350 1250.8
1260360 1247.8
1260370 1247.8
1260380 1245.0
1260390 1242.7
1260400 1242.7
1260410 1240.5
1260420 1237.6
1260430 1237.6
1260440 1234.0
1260450 1230.4
1260460 1230.4
1260470 1227.0
1260480 1223.0
1260490 1219.8
1260500 1218.0
1260510 1214.8
1260520 1211.4
1260530 1211.4
1260540 1208.2
1260550 1205.9
1260560 1205.9
1260570 1203.2
1260580 1200.1
1260590 1200.1
1260600 1196.7
1260610 1193.7
1260620 1193.7
1260630 1190.2
1260640 1186.7
1260650 1186.7
1260660 1183.7
1260670 1181.3
1260680 1181.3
1260690 1179.5
1260700 1177.5
1260710 1177.5
1260720 1175.3
1260730 1173.3
1260740 1173.3
1260750 1171.8
1260760 1170.0
1260770 1170.0
1260780 1169.6
1260790 1170.0
1260800 1169.4
1260810 1169.4
1260820 1168.3
1260830 1167.4
1260840 1167.4
1260850 1166.6
1260860 1165.7
1260870 1165.7
1260880 1165.5
1260890 1165.5
1260900 1165.5
1260910 1164.6
1260920 1164.0
1260930 1164.0
1260940 1163.4
1260950 1162.9
1260960 1162.9
1260970 1162.5
1260980 1161.2
1260990 1161.2
1261000 1161.0
1261010 1161.6
1261020 1161.6
1261030 1162.5
1261040 1164.2
1261050 1164.2
1261060 1165.2
1261070 1169.8
1261080 1169.8
1261090 1170.6
1261100 1171.7
1261110 1173.5
1261120 1173.5
1261130 1174.9
1261140 1175.5
1261150 1175.5
1261160 1177.5
1261170 1179.5
1261180 1179.5
1261190 1180.9
1261200 1182.5
1261210 1182.5
1261220 1183.4
1261230 1183.1
1261240 1183.1
1261250 1183.1
1261260 1182.9
1261270 1182.9
1261280 1182.1
1261290 1180.7
1261300 1180.7
1261310 1179.9
1261320 1179.1
1261330 1179.1
1261340 1179.5
1261350 1182.0
1261360 1182.0
1261370 1182.9
1261380 1183.3
1261390 1183.3
1261400 1183.4
1261410 1185.9
1261420 1190.1
1261430 1190.1
1261440 1193.9
1261450 1198.0
1261460 1198.0
1261470 1201.4
1261480 1203.7
1261490 1203.7
1261500 1205.5
1261510 1207.3
1261520 1207.3
1261530 1209.0
1261540 1211.0
1261550 1211.0
1261560 1214.2
1261570 1218.8
1261580 1218.8
1261590 1226.9
1261600 1231.3
1261610 1231.3
1261620 1233.4
1261630 1236.4
1261640 1246.7
1261650 1249.1
1261660 1253.4
1261670 1253.4
1261680 1261.2
1261690 1268.6
1261700 1268.6
1261710 1274.2
1261720 1279.8
1261730 1282.9
1261740 1282.9
1261750 1283.7
1261760 1286.5
1261770 1286.5
1261780 1292.1
1261790 1302.4
1261800 1302.4
1261810 1311.8
1261820 1312.9
1261830 1312.9
1261840 1307.0
1261850 1313.1
1261860 1313.1
1261870 1325.4
1261880 1335.3
1261890 1335.3
1261900 1338.6
1261910 1340.9
1261920 1340.9
1261930 1342.5
1261940 1345.6
1261950 1345.6
1261960 1354.3
1261970 1367.2
1261980 1367.2
1261990 1371.5
1262000 1372.3
1262010 1372.3
1262020 1371.1
1262030 1371.5
1262040 1372.8
1262050 1372.8
1262060 1378.0
1262070 1387.6
1262080 1387.6
1262090 1395.0
1262100 1401.3
1262110 1401.3
1262120 1406.3
1262130 1410.6
1262140 1410.6
1262150 1416.6
1262160 1421.0
1262170 1421.0
1262180 1423.8
1262190 1425.9
1262200 1425.9
1262210 1434.9
1262220 1437.5
1262230 1437.5
1262240 1441.3
1262250 1445.0
1262260 1445.0
1262270 1447.8
1262280 1450.9
1262290 1450.9
1262300 1453.4
1262310 1456.9
1262320 1456.9
1262330 1462.9
1262340 1468.2
1262350 1473.0
1262360 1473.0
1262370 1476.0
1262380 1479.3
1262390 1479.3
1262400 1482.1
1262410 1480.1
1262420 1480.1
1262430 1459.9
1262440 1445.8
1262450 1445.8
1262460 1450.7
1262470 1436.9
1262480 1436.9
1262490 1428.7
1262500 1422.9
1262510 1422.9
1262520 1416.6
1262530 1411.2
1262540 1411.2
1262550 1413.8
1262560 1423.3
1262570 1423.3
1262580 1429.3
1262590 1423.7
1262600 1423.7
1262610 1417.5
1262620 1416.5
1262630 1416.5
1262640 1417.3
1262650 1421.1
1262660 1427.7
1262670 1427.7
1262680 1435.5
1262690 1443.9
1262700 1443.9
1262710 1454.2
1262720 1466.5
1262730 1466.5
1262740 1476.8
1262750 1483.9
1262760 1483.9
1262770 1492.6
1262780 1502.3
1262790 1506.0
1262800 1514.0
1262810 1522.6
1262820 1522.6
1262830 1531.4
1262840 1539.3
1262850 1539.3
1262860 1548.9
1262870 1560.6
1262880 1560.6
1262890 1569.8
1262900 1578.9
1262910 1578.9
1262920 1591.5
1262930 1600.3
1262940 1600.3
1262950 1607.9
1262960 1620.4
1262970 1636.3
1262980 1636.3
1262990 1646.6
1263000 1659.1
1263010 1659.1
1263020 1675.4
1263030 1685.2
1263040 1685.2
1263050 1692.6
1263060 1700.6
1263070 1700.6
1263080 1708.8
1263090 1717.2
1263100 1717.2
1263110 1724.1
1263120 1730.0
1263130 1730.0
1263140 1740.4
1263150 1748.9
1263160 1748.9
1263170 1754.4
1263180 1759.2
1263190 1759.2
1263200 1762.7
1263210 1761.8
1263220 1761.8
1263230 1757.2
1263240 1759.6
1263250 1759.6
1263260 1767.9
1263270 1775.0
1263280 1776.4
1263290 1776.4
1263300 1775.5
1263310 1777.2
1263320 1777.2
1263330 1781.7
1263340 1783.9
1263350 1783.9
1263360 1793.1
1263370 1793.2
1263380 1793.2
1263390 1794.4
1263400 1795.3
1263410 1795.3
1263420 1795.4
1263430 1796.5
1263440 1796.5
1263450 1798.4
1263460 1796.8
1263470 1796.8
1263480 1794.5
1263490 1792.5
1263500 1792.5
1263510 1790.3
1263520 1785.3
1263530 1785.3
1263540 1784.4
1263550 1792.5
1263560 1792.5
1263570 1800.8
1263580 1810.8
1263590 1817.3
1263600 1817.3
1263610 1818.8
1263620 1817.5
1263630 1817.5
1263640 1815.2
1263650 1814.7
1263660 1814.7
1263670 1815.0
1263680 1821.2
1263690 1821.2
1263700 1829.1
1263710 1836.3
1263720 1836.3
1263730 1838.0
1263740 1823.9
1263750 1823.9
1263760 1814.5
1263770 1814.0
1263780 1814.0
1263790 1814.0
1263800 1808.8
1263810 1808.8
1263820 1804.1
1263830 1805.1
1263840 1805.1
1263850 1796.5
1263860 1779.3
1263870 1779.3
1263880 1770.7
1263890 1764.9
1263900 1761.6
1263910 1761.6
1263920 1760.0
1263930 1760.1
1263940 1765.2
1263950 1766.0
1263960 1766.1
1263970 1766.1
1263980 1765.8
1263990 1765.4
1264000 1765.4
1264010 1765.3
1264020 1766.1
1264030 1766.1
1264040 1767.6
1264050 1769.8
1264060 1769.8
1264070 1772.6
1264080 1774.7
1264090 1774.7
1264100 1776.8
1264110 1779.4
1264120 1779.4
1264130 1782.7
1264140 1800.6
1264150 1800.6
1264160 1824.2
1264170 1838.1
1264180 1838.1
1264190 1849.7
1264200 1857.4
1264210 1868.5
1264220 1868.5
1264230 1885.2
1264240 1891.4
1264250 1891.4
1264260 1887.9
1264270 1892.7
1264280 1892.7
1264290 1903.1
1264300 1903.8
1264310 1903.8
1264320 1888.9
1264330 1858.1
1264340 1858.1
1264350 1823.3
1264360 1797.1
1264370 1797.1
1264380 1779.1
1264390 1768.9
1264400 1768.9
1264410 1761.3
1264420 1756.7
1264430 1756.7
1264440 1757.9
1264450 1741.5
1264460 1741.5
1264470 1726.8
1264480 1721.7
1264490 1721.7
1264500 1715.6
1264510 1709.5
1264520 1707.8
1264530 1707.8
1264540 1703.5
1264550 1698.9
1264560 1698.9
1264570 1694.3
1264580 1690.2
1264590 1690.2
1264600 1686.2
1264610 1681.9
1264620 1681.9
1264630 1678.9
1264640 1678.3
1264650 1678.3
1264660 1678.3
1264670 1678.5
1264680 1678.5
1264690 1679.1
1264700 1679.6
1264710 1679.6
1264720 1679.8
1264730 1679.9
1264740 1679.9
1264750 1679.8
1264760 1679.6
1264770 1679.6
1264780 1679.2
1264790 1678.8
1264800 1678.8
1264810 1678.5
1264820 1678.4
1264830 1679.5
1264840 1679.5
1264850 1680.7
1264860 1682.5
1264870 1682.5
1264880 1685.3
1264890 1688.9
1264900 1688.9
1264910 1692.3
1264920 1695.2
1264930 1695.2
1264940 1698.5
1264950 1701.8
1264960 1701.8
1264970 1705.2
1264980 1708.9
1264990 1708.9
1265000 1712.5
1265010 1716.4
1265020 1716.4
1265030 1721.2
1265040 1726.1
1265050 1726.1
1265060 1730.6
1265070 1734.2
1265080 1734.2
1265090 1736.9
1265100 1742.8
1265110 1742.8
1265120 1745.3
1265130 1748.4
1265140 1751.9
1265150 1751.9
1265160 1756.5
1265170 1761.6
1265180 1761.6
1265190 1766.5
1265200 1771.2
1265210 1771.2
1265220 1775.5
1265230 1779.2
1265240 1779.2
1265250 1783.5
1265260 1788.4
1265270 1788.4
1265280 1792.9
1265290 1798.6
1265300 1798.6
1265310 1809.6
1265320 1827.2
1265330 1827.2
1265340 1835.6
1265350 1841.8
1265360 1841.8
1265370 1848.7
1265380 1854.9
1265390 1854.9
1265400 1860.4
1265410 1864.2
1265420 1864.2
1265430 1869.4
1265440 1875.7
1265450 1881.5
1265460 1881.5
1265470 1887.7
1265480 1894.0
1265490 1894.0
1265500 1900.9
1265510 1908.3
1265520 1908.3
1265530 1915.5
1265540 1921.9
1265550 1921.9
1265560 1927.9
1265570 1933.6
1265580 1933.6
1265590 1938.9
1265600 1943.8
1265610 1943.8
1265620 1947.7
1265630 1950.6
1265640 1950.6
1265650 1951.0
1265660 1947.5
1265670 1947.5
1265680 1950.0
1265690 1951.4
1265700 1951.4
1265710 1954.1
1265720 1952.3
1265730 1952.3
1265740 1951.8
1265750 1952.3
1265760 1952.8
1265770 1952.8
1265780 1953.1
1265790 1953.7
1265800 1953.7
1265810 1956.0
1265820 1956.8
1265830 1956.8
1265840 1959.8
1265850 1963.2
1265860 1963.2
1265870 1966.9
1265880 1970.4
1265890 1970.4
1265900 1976.7
1265910 1979.1
1265920 1979.1
1265930 1984.0
1265940 1990.4
1265950 1990.4
1265960 1986.6
1265970 1977.3
1265980 1977.3
1265990 1966.9
1266000 1952.5
1266010 1952.5
1266020 1937.9
1266030 1925.1
1266040 1925.1
1266050 1915.9
1266060 1906.4
1266070 1897.6
1266080 1897.6
1266090 1891.7
1266100 1884.8
1266110 1884.8
1266120 1878.3
1266130 1871.2
1266140 1871.2
1266150 1863.6
1266160 1857.8
1266170 1857.8
1266180 1855.1
1266190 1856.9
1266200 1856.9
1266210 1858.0
1266220 1858.8
1266230 1858.8
1266240 1859.5
1266250 1861.1
1266260 1861.1
1266270 1861.1
1266280 1860.0
1266290 1860.0
1266300 1859.9
1266310 1857.2
1266320 1857.2
1266330 1854.7
1266340 1855.1
1266350 1855.1
1266360 1854.6
1266370 1852.5
1266380 1850.5
1266390 1850.5
1266400 1850.7
1266410 1851.9
1266420 1851.9
1266430 1849.5
1266440 1847.1
1266450 1847.1
1266460 1846.8
1266470 1846.3
1266480 1846.3
1266490 1848.5
1266500 1851.1
1266510 1851.1
1266520 1852.7
1266530 1852.2
1266540 1852.2
1266550 1849.8
1266560 1844.9
1266570 1844.9
1266580 1842.4
1266590 1841.4
1266600 1841.4
1266610 1844.3
1266620 1850.5
1266630 1850.5
1266640 1852.5
1266650 1853.2
1266660 1853.2
1266670 1850.5
1266680 1848.9
1266690 1846.5
1266700 1846.5
1266710 1846.6
1266720 1850.7
1266730 1850.7
1266740 1853.9
1266750 1859.1
1266760 1859.1
1266770 1865.0
1266780 1867.8
1266790 1867.8
1266800 1872.9
1266810 1879.4
1266820 1879.4
1266830 1886.3
1266840 1896.2
1266850 1899.2
1266860 1912.0
1266870 1921.0
1266880 1921.0
1266890 1929.0
1266900 1937.1
1266910 1937.1
1266920 1949.4
1266930 1965.6
1266940 1965.6
1266950 1988.0
1266960 1998.9
1266970 1998.9
1266980 2007.5
1266990 2015.6
1267000 2015.6
1267010 2025.2
1267020 2032.5
1267030 2041.2
1267040 2041.2
1267050 2050.7
1267060 2059.1
1267070 2059.1
1267080 2067.5
1267090 2076.0
1267100 2076.0
1267110 2083.6
1267120 2092.3
1267130 2092.3
1267140 2101.2
1267150 2109.1
1267160 2109.1
1267170 2116.4
1267180 2124.2
1267190 2124.2
1267200 2130.6
1267210 2136.6
1267220 2136.6
1267230 2143.0
1267240 2149.8
1267250 2149.8
1267260 2156.9
1267270 2163.7
1267280 2163.7
1267290 2170.5
1267300 2177.3
1267310 2177.3
1267320 2184.3
1267330 2191.1
1267340 2197.8
1267350 2197.8
1267360 2204.2
1267370 2210.4
1267380 2210.4
1267390 2216.3
1267400 2221.8
1267410 2221.8
1267420 2226.6
1267430 2225.7
1267440 2225.8
1267450 2214.2
1267460 2204.6
1267470 2204.6
1267480 2193.4
1267490 2182.5
1267500 2182.5
1267510 2168.6
1267520 2151.5
1267530 2151.5
1267540 2140.4
1267550 2132.0
1267560 2132.0
1267570 2123.0
1267580 2113.9
1267590 2113.9
1267600 2106.7
1267610 2099.5
1267620 2099.5
1267630 2092.4
1267640 2085.5
1267650 2078.8
1267660 2078.8
1267670 2072.1
1267680 2065.6
1267690 2065.6
1267700 2059.2
1267710 2053.0
1267720 2053.0
1267730 2046.8
1267740 2041.1
1267750 2041.1
1267760 2038.6
1267770 2037.1
1267780 2037.1
1267790 2035.9
1267800 2036.6
1267810 2036.6
1267820 2036.8
1267830 2034.9
1267840 2034.9
1267850 2034.1
1267860 2034.2
1267870 2034.2
1267880 2034.0
1267890 2032.8
1267900 2032.8
1267910 2031.9
1267920 2032.4
1267930 2032.4
1267940 2033.8
1267950 2034.5
1267960 2034.4
1267970 2034.4
1267980 2035.6
1267990 2036.4
1268000 2036.4
1268010 2037.6
1268020 2039.2
1268030 2034.9
1268040 2036.9
1268050 2037.2
1268060 2037.2
1268070 2036.5
1268080 2037.4
1268090 2037.4
1268100 2038.2
1268110 2039.2
1268120 2039.2
1268130 2042.1
1268140 2046.1
1268150 2046.1
1268160 2051.6
1268170 2057.8
1268180 2057.8
1268190 2064.6
1268200 2070.9
1268210 2070.9
1268220 2077.0
1268230 2083.9
1268240 2083.9
1268250 2096.9
1268260 2108.6
1268270 2116.4
1268280 2116.4
1268290 2122.8
1268300 2129.4
1268310 2129.4
1268320 2136.2
1268330 2142.5
1268340 2142.5
1268350 2148.4
1268360 2153.9
1268370 2153.9
1268380 2159.6
1268390 2165.5
1268400 2165.5
1268410 2171.1
1268420 2173.1
1268430 2173.1
1268440 2141.3
1268450 2092.3
1268460 2092.3
1268470 2075.8
1268480 2068.4
1268490 2068.4
1268500 2059.7
1268510 2050.6
1268520 2050.6
1268530 2043.1
1268540 2034.9
1268550 2034.9
1268560 2026.2
1268570 2018.6
1268580 2011.6
1268590 2011.6
1268600 2004.7
1268610 1997.9
1268620 1998.7
1268630 1991.6
1268640 1984.7
1268650 1984.7
1268660 1978.3
1268670 1972.2
1268680 1972.2
1268690 1966.2
1268700 1960.6
1268710 1960.6
1268720 1955.2
1268730 1950.3
1268740 1950.3
1268750 1946.0
1268760 1942.8
1268770 1942.8
1268780 1941.9
1268790 1943.5
1268800 1943.5
1268810 1944.4
1268820 1943.4
1268830 1943.4
1268840 1943.4
1268850 1941.6
1268860 1941.6
1268870 1941.0
1268880 1940.6
1268890 1941.9
1268900 1941.9
1268910 1943.5
1268920 1944.0
1268930 1944.0
1268940 1944.8
1268950 1944.1
1268960 1944.1
1268970 1943.9
1268980 1943.2
1268990 1943.2
1269000 1941.7
1269010 1940.1
1269020 1940.1
1269030 1941.1
1269040 1945.8
1269050 1945.8
1269060 1951.2
1269070 1952.2
1269080 1952.2
1269090 1949.2
1269100 1942.9
1269110 1942.9
1269120 1939.1
1269130 1940.8
1269140 1940.8
1269150 1942.8
1269160 1939.8
1269170 1939.8
1269180 1935.9
1269190 1938.2
1269200 1939.5
1269210 1942.9
1269220 1939.3
1269230 1936.1
1269240 1936.1
1269250 1937.2
1269260 1939.8
1269270 1939.8
1269280 1941.8
1269290 1944.0
1269300 1944.0
1269310 1943.8
1269320 1944.2
1269330 1944.2
1269340 1944.0
1269350 1941.8
1269360 1941.8
1269370 1938.8
1269380 1935.9
1269390 1935.9
1269400 1933.5
1269410 1931.6
1269420 1931.6
1269430 1934.4
1269440 1936.5
1269450 1936.5
1269460 1938.7
1269470 1939.9
1269480 1939.9
1269490 1940.0
1269500 1940.5
1269510 1942.2
1269520 1942.2
1269530 1944.9
1269540 1947.2
1269550 1947.2
1269560 1948.2
1269570 1949.4
1269580 1949.4
1269590 1949.6
1269600 1949.9
1269610 1949.9
1269620 1949.6
1269630 1949.2
1269640 1949.2
1269650 1948.7
1269660 1949.7
1269670 1949.7
1269680 1951.1
1269690 1954.0
1269700 1954.0
1269710 1955.6
1269720 1956.4
1269730 1956.4
1269740 1956.1
1269750 1955.8
1269760 1955.8
1269770 1955.0
1269780 1954.1
1269790 1954.1
1269800 1957.6
1269810 1960.1
1269820 1961.9
1269830 1961.9
1269840 1964.1
1269850 1966.4
1269860 1966.4
1269870 1967.1
1269880 1967.0
1269890 1967.0
1269900 1967.9
1269910 1969.6
1269920 1969.6
1269930 1969.8
1269940 1968.4
1269950 1968.4
1269960 1968.4
1269970 1971.2
1269980 1971.2
1269990 1974.9
1270000 1978.2
1270010 1978.2
1270020 1981.2
1270030 1984.1
1270040 1984.1
1270050 1985.9
1270060 1989.5
1270070 1989.5
1270080 1993.6
1270090 1996.1
1270100 1996.1
1270110 1997.4
1270120 1998.1
1270130 1998.7
1270140 1998.7
1270150 1998.9
1270160 1998.6
1270170 1998.6
1270180 1997.4
1270190 1998.6
1270200 1998.6
1270210 2002.6
1270220 2008.1
1270230 2008.1
1270240 2013.9
1270250 2020.0
1270260 2020.0
1270270 2026.5
1270280 2033.4
1270290 2033.4
1270300 2040.3
1270310 2047.5
1270320 2047.5
1270330 2060.2
1270340 2085.0
1270350 2085.0
1270360 2103.8
1270370 2115.3
1270380 2115.3
1270390 2125.0
1270400 2132.9
1270410 2132.9
1270420 2141.6
1270430 2142.3
1270440 2136.4
1270450 2136.4
1270460 2133.3
1270470 2129.3
1270480 2129.3
1270490 2125.2
1270500 2120.8
1270510 2120.8
1270520 2115.8
1270530 2111.1
1270540 2111.1
1270550 2104.3
1270560 2095.6
1270570 2095.6
1270580 2086.7
1270590 2078.4
1270600 2078.4
1270610 2072.2
1270620 2067.0
1270630 2067.0
1270640 2065.0
1270650 2063.5
1270660 2063.5
1270670 2060.2
1270680 2051.2
1270690 2051.2
1270700 2037.3
1270710 2023.7
1270720 2023.7
1270730 2010.3
1270740 2000.9
1270750 1993.7
1270760 1993.7
1270770 1992.6
1270780 1994.7
1270790 1994.7
1270800 1989.1
1270810 1990.0
1270820 1990.0
1270830 1988.5
1270840 1979.6
1270850 1979.6
1270860 1972.3
1270870 1964.8
1270880 1964.8
1270890 1954.9
1270900 1945.9
1270910 1945.9
1270920 1941.1
1270930 1936.9
1270940 1936.9
1270950 1932.7
1270960 1929.0
1270970 1929.0
1270980 1925.0
1270990 1920.8
1271000 1925.3
1271010 1919.8
1271020 1914.5
1271030 1914.5
1271040 1910.0
1271050 1905.7
1271060 1904.4
1271070 1904.4
1271080 1905.6
1271090 1903.0
1271100 1903.0
1271110 1895.5
1271120 1883.2
1271130 1883.2
1271140 1877.1
1271150 1872.4
1271160 1872.4
1271170 1867.3
1271180 1861.1
1271190 1861.1
1271200 1855.8
1271210 1850.7
1271220 1850.7
1271230 1847.6
1271240 1842.3
1271250 1842.3
1271260 1837.1
1271270 1829.6
1271280 1829.6
1271290 1824.2
1271300 1821.2
1271310 1821.2
1271320 1818.0
1271330 1814.8
1271340 1814.8
1271350 1814.4
1271360 1813.4
1271370 1813.1
1271380 1813.1
1271390 1812.2
1271400 1811.5
1271410 1811.5
1271420 1811.2
1271430 1810.9
1271440 1810.9
1271450 1810.4
1271460 1809.8
1271470 1809.8
1271480 1809.0
1271490 1809.4
1271500 1809.4
1271510 1811.8
1271520 1814.5
1271530 1814.5
1271540 1817.5
1271550 1822.8
1271560 1822.8
1271570 1829.9
1271580 1834.7
1271590 1834.7
1271600 1836.6
1271610 1842.3
1271620 1842.3
1271630 1847.4
1271640 1852.2
1271650 1852.2
1271660 1855.8
1271670 1860.5
1271680 1863.6
1271690 1863.6
1271700 1867.5
1271710 1871.3
1271720 1871.3
1271730 1873.4
1271740 1875.9
1271750 1875.9
1271760 1878.3
1271770 1881.7
1271780 1881.7
1271790 1884.6
1271800 1889.0
1271810 1889.0
1271820 1894.2
1271830 1896.2
1271840 1896.2
1271850 1897.3
1271860 1899.8
1271870 1899.8
1271880 1902.3
1271890 1904.3
1271900 1904.3
1271910 1906.3
1271920 1907.1
1271930 1907.1
1271940 1907.4
1271950 1908.1
1271960 1908.1
1271970 1909.0
1271980 1909.6
1271990 1910.1
1272000 1910.1
1272010 1911.0
1272020 1913.4
1272030 1913.4
1272040 1917.1
1272050 1922.4
1272060 1922.4
1272070 1929.1
1272080 1936.3
1272090 1936.3
1272100 1943.2
1272110 1949.0
1272120 1949.0
1272130 1954.2
1272140 1959.3
1272150 1959.3
1272160 1964.7
1272170 1970.4
1272180 1970.4
1272190 1976.5
1272200 1985.3
1272210 1985.3
1272220 1993.5
1272230 1999.3
1272240 1999.3
1272250 2005.1
1272260 2012.1
1272270 2012.1
1272280 2019.0
1272290 2025.1
1272300 2031.5
1272310 2031.5
1272320 2038.0
1272330 2043.7
1272340 2043.7
1272350 2047.8
1272360 2050.3
1272370 2050.3
1272380 2051.6
1272390 2052.6
1272400 2052.6
1272410 2054.0
1272420 2055.0
1272430 2055.0
1272440 2056.4
1272450 2058.8
1272460 2058.8
1272470 2061.8
1272480 2064.9
1272490 2064.9
1272500 2068.3
1272510 2071.7
1272520 2071.7
1272530 2075.3
1272540 2079.0
1272550 2079.0
1272560 2082.9
1272570 2087.2
1272580 2087.2
1272590 2091.7
1272600 2096.6
1272610 2101.8
1272620 2101.8
1272630 2107.0
1272640 2112.0
1272650 2112.0
1272660 2117.1
1272670 2122.3
1272680 2122.3
1272690 2130.1
1272700 2138.7
1272710 2138.7
1272720 2146.4
1272730 2154.8
1272740 2154.8
1272750 2162.7
1272760 2170.2
1272770 2170.2
1272780 2178.3
1272790 2185.8
1272800 2178.1
1272810 2184.8
1272820 2192.3
1272830 2192.3
1272840 2198.5
1272850 2200.0
1272860 2200.0
1272870 2204.7
1272880 2208.8
1272890 2208.8
1272900 2211.8
1272910 2218.2
1272920 2230.7
1272930 2230.7
1272940 2246.0
1272950 2257.5
1272960 2257.5
1272970 2263.3
1272980 2270.9
1272990 2270.9
1273000 2281.5
1273010 2293.2
1273020 2293.2
1273030 2304.0
1273040 2308.0
1273050 2308.0
1273060 2307.7
1273070 2307.2
1273080 2307.2
1273090 2306.4
1273100 2306.4
1273110 2306.4
1273120 2306.5
1273130 2299.2
1273140 2299.2
1273150 2287.7
1273160 2280.6
1273170 2280.6
1273180 2275.0
1273190 2268.0
1273200 2268.0
1273210 2269.6
1273220 2278.6
1273230 2284.3
1273240 2284.3
1273250 2281.5
1273260 2272.8
1273270 2272.8
1273280 2263.2
1273290 2252.2
1273300 2252.2
1273310 2241.7
1273320 2234.3
1273330 2234.3
1273340 2220.3
1273350 2208.6
1273360 2208.6
1273370 2207.7
1273380 2205.8
1273390 2205.8
1273400 2199.9
1273410 2190.9
1273420 2190.9
1273430 2184.1
1273440 2176.3
1273450 2176.3
1273460 2161.0
1273470 2155.5
1273480 2155.5
1273490 2160.2
1273500 2163.7
1273510 2163.7
1273520 2143.4
1273530 2132.8
1273540 2132.1
1273550 2132.1
1273560 2133.0
1273570 2136.6
1273580 2136.6
1273590 2130.2
1273600 2128.1
1273610 2128.1
1273620 2130.7
1273630 2125.2
1273640 2125.2
1273650 2122.1
1273660 2120.4
1273670 2120.4
1273680 2118.6
1273690 2117.5
1273700 2117.5
1273710 2115.2
1273720 2108.1
1273730 2108.1
1273740 2095.8
1273750 2082.1
1273760 2082.1
1273770 2075.7
1273780 2074.4
1273790 2074.4
1273800 2072.3
1273810 2074.3
1273820 2074.3
1273830 2068.8
1273840 2064.0
1273850 2064.1
1273860 2064.1
1273870 2067.9
1273880 2062.2
1273890 2062.2
1273900 2056.5
1273910 2047.3
1273920 2047.3
1273930 2034.2
1273940 2023.4
1273950 2023.4
1273960 2020.1
1273970 2022.0
1273980 2022.0
1273990 2025.8
1274000 2022.6
1274010 2042.7
1274020 2044.7
1274030 2038.7
1274040 2038.7
1274050 2015.8
1274060 2003.3
1274070 2003.3
1274080 1989.7
1274090 1975.1
1274100 1975.1
1274110 1961.5
1274120 1946.2
1274130 1946.2
1274140 1933.3
1274150 1914.8
1274160 1898.0
1274170 1898.0
1274180 1881.8
1274190 1871.3
1274200 1871.3
1274210 1862.5
1274220 1851.5
1274230 1851.5
1274240 1849.4
1274250 1845.2
1274260 1845.2
1274270 1839.2
1274280 1833.2
1274290 1833.2
1274300 1827.0
1274310 1820.9
1274320 1820.9
1274330 1815.0
1274340 1809.2
1274350 1809.2
1274360 1803.1
1274370 1796.9
1274380 1796.9
1274390 1790.6
1274400 1784.4
1274410 1784.4
1274420 1778.3
1274430 1772.1
1274440 1772.1
1274450 1766.0
1274460 1759.4
1274470 1753.1
1274480 1753.1
1274490 1746.1
1274500 1738.1
1274510 1738.1
1274520 1729.5
1274530 1724.3
1274540 1724.3
1274550 1720.8
1274560 1716.3
1274570 1716.3
1274580 1711.3
1274590 1706.2
1274600 1706.2
1274610 1704.6
1274620 1699.5
1274630 1699.5
1274640 1694.8
1274650 1690.5
1274660 1690.5
1274670 1686.0
1274680 1681.7
1274690 1681.7
1274700 1677.1
1274710 1672.5
1274720 1672.5
1274730 1668.2
1274740 1663.9
1274750 1663.9
1274760 1660.0
1274770 1656.2
1274780 1652.2
1274790 1652.2
1274800 1648.6
1274810 1645.2
1274820 1645.2
1274830 1642.1
1274840 1639.2
1274850 1639.2
1274860 1636.6
1274870 1634.4
1274880 1634.4
1274890 1632.5
1274900 1630.6
1274910 1630.6
1274920 1628.4
1274930 1626.7
1274940 1626.7
1274950 1625.4
1274960 1623.2
1274970 1623.2
1274980 1620.8
1274990 1618.4
1275000 1618.4
1275010 1616.2
1275020 1614.0
1275030 1614.0
1275040 1611.1
1275050 1608.3
1275060 1608.3
1275070 1605.6
1275080 1603.4
1275090 1601.6
1275100 1601.6
1275110 1599.5
1275120 1597.5
1275130 1597.5
1275140 1595.6
1275150 1593.8
1275160 1593.8
1275170 1592.0
1275180 1590.2
1275190 1590.2
1275200 1588.8
1275210 1587.8
1275220 1587.8
1275230 1587.1
1275240 1585.7
1275250 1585.7
1275260 1584.1
1275270 1582.1
1275280 1582.1
1275290 1577.4
1275300 1573.6
1275310 1573.6
1275320 1571.2
1275330 1568.8
1275340 1568.8
1275350 1565.9
1275360 1565.1
1275370 1565.1
1275380 1566.0
1275390 1566.8
1275400 1565.6
1275410 1565.6
1275420 1562.9
1275430 1558.9
1275440 1558.9
1275450 1553.7
1275460 1549.6
1275470 1549.6
1275480 1547.3
1275490 1544.4
1275500 1544.4
1275510 1540.7
1275520 1536.5
1275530 1536.5
1275540 1532.0
1275550 1527.7
1275560 1527.7
1275570 1522.6
1275580 1516.8
1275590 1516.8
1275600 1510.0
1275610 1503.5
1275620 1503.5
1275630 1498.1
1275640 1493.7
1275650 1493.7
1275660 1490.1
1275670 1487.8
1275680 1487.8
1275690 1487.0
1275700 1486.8
1275710 1487.8
1275720 1487.8
1275730 1489.5
1275740 1492.2
1275750 1492.2
1275760 1495.1
1275770 1497.0
1275780 1497.0
1275790 1498.4
1275800 1499.4
1275810 1499.4
1275820 1499.8
1275830 1491.7
1275840 1491.7
1275850 1490.4
1275860 1490.6
1275870 1490.6
1275880 1491.4
1275890 1491.5
1275900 1491.5
1275910 1490.3
1275920 1489.3
1275930 1489.3
1275940 1489.4
1275950 1490.1
1275960 1490.1
1275970 1491.1
1275980 1493.8
1275990 1493.8
1276000 1496.7
1276010 1497.6
1276020 1497.7
1276030 1497.7
1276040 1497.3
1276050 1496.1
1276060 1496.1
1276070 1493.0
1276080 1489.3
1276090 1489.3
1276100 1485.7
1276110 1481.2
1276120 1481.2
1276130 1475.9
1276140 1470.9
1276150 1470.9
1276160 1466.2
1276170 1462.3
1276180 1462.3
1276190 1458.7
1276200 1457.1
1276210 1457.1
1276220 1460.4
1276230 1466.2
1276240 1466.2
1276250 1472.5
1276260 1477.9
1276270 1477.9
1276280 1482.2
1276290 1486.0
1276300 1486.0
1276310 1488.2
1276320 1489.1
1276330 1489.4
1276340 1489.4
1276350 1489.7
1276360 1490.4
1276370 1490.4
1276380 1492.0
1276390 1494.1
1276400 1494.1
1276410 1494.5
1276420 1493.2
1276430 1493.2
1276440 1487.9
1276450 1485.5
1276460 1485.5
1276470 1483.8
1276480 1482.8
1276490 1482.8
1276500 1481.4
1276510 1480.9
1276520 1480.9
1276530 1480.4
1276540 1480.4
1276550 1480.4
1276560 1480.6
1276570 1481.3
1276580 1481.3
1276590 1481.6
1276600 1481.5
1276610 1481.5
1276620 1481.6
1276630 1482.2
1276640 1483.5
1276650 1483.5
1276660 1485.1
1276670 1486.8
1276680 1486.8
1276690 1486.7
1276700 1484.6
1276710 1484.6
1276720 1482.0
1276730 1479.3
1276740 1479.3
1276750 1476.5
1276760 1474.1
1276770 1474.1
1276780 1472.4
1276790 1470.9
1276800 1470.9
1276810 1469.0
1276820 1466.9
1276830 1466.9
1276840 1464.0
1276850 1461.4
1276860 1461.4
1276870 1459.3
1276880 1457.1
1276890 1457.1
1276900 1454.4
1276910 1452.0
1276920 1452.0
1276930 1450.4
1276940 1448.1
1276950 1445.3
1276960 1445.3
1276970 1442.5
1276980 1439.9
1276990 1439.9
1277000 1437.6
1277010 1435.4
1277020 1435.4
1277030 1432.3
1277040 1430.5
1277050 1430.5
1277060 1422.8
1277070 1419.7
1277080 1419.7
1277090 1416.0
1277100 1412.8
1277110 1412.8
1277120 1410.3
1277130 1407.8
1277140 1407.8
1277150 1406.1
1277160 1404.9
1277170 1404.9
1277180 1404.1
1277190 1401.4
1277200 1401.4
1277210 1398.8
1277220 1397.4
1277230 1397.4
1277240 1397.5
1277250 1396.3
1277260 1393.5
1277270 1393.5
1277280 1390.1
1277290 1386.6
1277300 1386.6
1277310 1382.8
1277320 1378.8
1277330 1378.8
1277340 1374.9
1277350 1370.6
1277360 1370.6
1277370 1366.4
1277380 1363.2
1277390 1363.2
1277400 1361.4
1277410 1358.1
1277420 1358.1
1277430 1355.1
1277440 1352.3
1277450 1352.3
1277460 1348.5
1277470 1344.2
1277480 1344.2
1277490 1339.8
1277500 1335.6
1277510 1335.6
1277520 1332.4
1277530 1329.1
1277540 1329.1
1277550 1327.3
1277560 1328.1
1277570 1328.4
1277580 1328.4
1277590 1327.3
1277600 1325.7
1277610 1325.7
1277620 1323.3
1277630 1323.4
1277640 1323.4
1277650 1324.3
1277660 1323.7
1277670 1321.8
1277680 1320.4
1277690 1316.9
1277700 1316.9
1277710 1311.3
1277720 1310.0
1277730 1310.0
1277740 1314.7
1277750 1317.2
1277760 1317.2
1277770 1318.9
1277780 1316.9
1277790 1316.9
1277800 1313.5
1277810 1311.5
1277820 1311.5
1277830 1311.0
1277840 1311.3
1277850 1311.3
1277860 1311.7
1277870 1312.0
1277880 1311.8
1277890 1311.8
1277900 1311.9
1277910 1312.7
1277920 1312.7
1277930 1314.7
1277940 1314.4
1277950 1314.4
1277960 1311.7
1277970 1309.6
1277980 1309.6
1277990 1306.3
1278000 1303.8
1278010 1303.8
1278020 1301.4
1278030 1294.9
1278040 1294.9
1278050 1287.1
1278060 1279.3
1278070 1279.3
1278080 1276.4
1278090 1281.0
1278100 1281.0
1278110 1284.7
1278120 1291.7
1278130 1291.7
1278140 1299.4
1278150 1305.0
1278160 1305.0
1278170 1307.5
1278180 1310.5
1278190 1313.6
1278200 1313.6
1278210 1316.2
1278220 1319.2
1278230 1319.2
1278240 1322.5
1278250 1326.2
1278260 1326.2
1278270 1329.6
1278280 1334.0
1278290 1334.7
1278300 1334.9
1278310 1328.8
1278320 1328.8
1278330 1323.0
1278340 1321.2
1278350 1321.2
1278360 1324.8
1278370 1329.1
1278380 1329.1
1278390 1333.1
1278400 1336.1
1278410 1336.1
1278420 1340.2
1278430 1344.7
1278440 1344.7
1278450 1347.3
1278460 1347.5
1278470 1347.5
1278480 1342.3
1278490 1338.6
1278500 1339.4
1278510 1339.4
1278520 1332.2
1278530 1324.9
1278540 1324.9
1278550 1319.6
1278560 1315.2
1278570 1315.2
1278580 1315.5
1278590 1322.4
1278600 1322.4
1278610 1327.5
1278620 1333.3
1278630 1333.3
1278640 1339.7
1278650 1346.5
1278660 1346.5
1278670 1354.5
1278680 1363.8
1278690 1363.8
1278700 1368.2
1278710 1368.3
1278720 1368.3
1278730 1366.9
1278740 1366.5
1278750 1366.5
1278760 1368.1
1278770 1369.7
1278780 1369.7
1278790 1370.2
1278800 1370.4
1278810 1371.9
1278820 1371.9
1278830 1374.0
1278840 1377.1
1278850 1377.1
1278860 1381.0
1278870 1385.3
1278880 1385.3
1278890 1388.8
1278900 1391.4
1278910 1393.1
1278920 1395.9
1278930 1399.4
1278940 1399.4
1278950 1405.0
1278960 1410.6
1278970 1410.6
1278980 1415.4
1278990 1419.5
1279000 1419.5
1279010 1423.5
1279020 1427.7
1279030 1427.7
1279040 1433.5
1279050 1439.5
1279060 1439.5
1279070 1445.2
1279080 1451.4
1279090 1451.4
1279100 1458.0
1279110 1464.8
1279120 1471.8
1279130 1471.8
1279140 1484.2
1279150 1502.1
1279160 1502.1
1279170 1516.1
1279180 1526.6
1279190 1526.6
1279200 1535.3
1279210 1543.3
1279220 1543.3
1279230 1551.6
1279240 1560.7
1279250 1560.7
1279260 1569.9
1279270 1578.8
1279280 1578.8
1279290 1587.2
1279300 1595.0
1279310 1595.0
1279320 1602.9
1279330 1613.1
1279340 1613.1
1279350 1621.7
1279360 1629.4
1279370 1629.4
1279380 1638.0
1279390 1644.3
1279400 1644.3
1279410 1650.2
1279420 1656.4
1279430 1662.6
1279440 1662.6
1279450 1671.2
1279460 1677.9
1279470 1677.9
1279480 1684.3
1279490 1690.1
1279500 1690.1
1279510 1693.8
1279520 1695.6
1279530 1696.5
1279540 1698.3
1279550 1700.4
1279560 1700.4
1279570 1702.7
1279580 1705.8
1279590 1705.8
1279600 1711.8
1279610 1718.2
1279620 1718.2
1279630 1722.9
1279640 1726.0
1279650 1726.0
1279660 1728.5
1279670 1731.0
1279680 1731.0
1279690 1733.7
1279700 1736.6
1279710 1736.6
1279720 1739.5
1279730 1741.8
1279740 1744.2
1279750 1744.2
1279760 1747.7
1279770 1750.6
1279780 1750.6
1279790 1753.3
1279800 1756.0
1279810 1756.0
1279820 1758.3
1279830 1760.4
1279840 1760.4
1279850 1762.0
1279860 1763.1
1279870 1763.1
1279880 1763.9
1279890 1764.7
1279900 1764.7
1279910 1766.4
1279920 1769.5
1279930 1769.5
1279940 1772.1
1279950 1774.0
1279960 1774.0
1279970 1776.2
1279980 1779.1
1279990 1779.1
