1260000 1138.3
1260010 1138.4
1260020 1138.4
1260030 1138.1
1260040 1138.1
1260050 1138.1
1260060 1139.2
1260070 1140.6
1260080 1140.6
1260090 1142.4
1260100 1144.2
1260110 1144.2
1260120 1145.0
1260130 1146.7
1260140 1146.7
1260150 1148.7
1260160 1151.3
1260170 1151.3
1260180 1154.3
1260190 1157.9
1260200 1161.6
1260210 1161.6
1260220 1165.2
1260230 1168.5
1260240 1168.5
1260250 1172.0
1260260 1175.6
1260270 1175.6
1260280 1179.6
1260290 1183.8
1260300 1183.8
1260310 1188.4
1260320 1193.0
1260330 1193.0
1260340 1196.6
1260350 1200.0
1260360 1200.0
1260370 1202.8
1260380 1205.1
1260390 1205.1
1260400 1208.3
1260410 1213.5
1260420 1213.5
1260430 1220.9
1260440 1229.8
1260450 1229.8
1260460 1240.8
1260470 1263.4
1260480 1263.4
1260490 1273.1
1260500 1287.7
1260510 1292.4
1260520 1292.4
1260530 1291.8
1260540 1288.4
1260550 1288.4
1260560 1286.7
1260570 1287.6
1260580 1287.6
1260590 1290.1
1260600 1294.4
1260610 1294.4
1260620 1298.4
1260630 1302.1
1260640 1302.1
1260650 1306.2
1260660 1310.1
1260670 1310.1
1260680 1312.9
1260690 1314.5
1260700 1314.5
1260710 1318.9
1260720 1325.2
1260730 1325.2
1260740 1332.9
1260750 1341.9
1260760 1341.9
1260770 1351.8
1260780 1365.4
1260790 1365.4
1260800 1374.9
1260810 1381.3
1260820 1386.7
1260830 1386.7
1260840 1394.6
1260850 1400.2
1260860 1400.2
1260870 1403.3
1260880 1406.5
1260890 1406.5
1260900 1408.8
1260910 1411.6
1260920 1411.6
1260930 1417.8
1260940 1426.3
1260950 1426.3
1260960 1433.4
1260970 1439.2
1260980 1439.2
1260990 1444.0
1261000 1448.1
1261010 1448.1
1261020 1453.1
1261030 1458.9
1261040 1458.9
1261050 1464.8
1261060 1469.7
1261070 1476.7
1261080 1483.8
1261090 1494.4
1261100 1494.4
1261110 1506.3
1261120 1516.9
1261130 1524.8
1261140 1524.8
1261150 1532.0
1261160 1538.9
1261170 1538.9
1261180 1543.7
1261190 1548.4
1261200 1548.4
1261210 1552.7
1261220 1555.1
1261230 1555.1
1261240 1556.0
1261250 1556.7
1261260 1556.7
1261270 1557.7
1261280 1572.3
1261290 1572.3
1261300 1583.9
1261310 1588.8
1261320 1588.8
1261330 1593.7
1261340 1600.1
1261350 1600.1
1261360 1612.0
1261370 1625.3
1261380 1625.3
1261390 1636.4
1261400 1644.1
1261410 1644.1
1261420 1651.8
1261430 1660.1
1261440 1666.5
1261450 1666.5
1261460 1673.5
1261470 1681.5
1261480 1681.5
1261490 1689.5
1261500 1697.0
1261510 1697.0
1261520 1704.0
1261530 1709.7
1261540 1709.7
1261550 1716.6
1261560 1724.3
1261570 1724.3
1261580 1731.3
1261590 1734.8
1261600 1734.8
1261610 1736.2
1261620 1737.7
1261630 1737.7
1261640 1751.7
1261650 1751.6
1261660 1751.6
1261670 1758.4
1261680 1768.2
1261690 1768.2
1261700 1775.4
1261710 1781.2
1261720 1781.2
1261730 1787.4
1261740 1793.7
1261750 1797.6
1261760 1797.6
1261770 1803.4
1261780 1809.9
1261790 1809.9
1261800 1816.0
1261810 1821.1
1261820 1821.1
1261830 1826.3
1261840 1832.7
1261850 1832.7
1261860 1839.9
1261870 1847.4
1261880 1847.4
1261890 1855.4
1261900 1864.3
1261910 1864.3
1261920 1875.0
1261930 1884.5
1261940 1884.5
1261950 1890.2
1261960 1896.5
1261970 1896.5
1261980 1906.1
1261990 1912.1
1262000 1912.1
1262010 1915.4
1262020 1921.1
1262030 1921.1
1262040 1926.6
1262050 1934.5
1262060 1944.7
1262070 1944.7
1262080 1950.7
1262090 1950.7
1262100 1950.7
1262110 1949.9
1262120 1951.5
1262130 1951.5
1262140 1955.2
1262150 1957.1
1262160 1957.1
1262170 1959.4
1262180 1963.8
1262190 1963.8
1262200 1967.1
1262210 1977.7
1262220 1977.7
1262230 1979.7
1262240 1981.0
1262250 1981.0
1262260 1983.8
1262270 1986.6
1262280 1986.6
1262290 1985.0
1262300 1977.0
1262310 1977.0
1262320 1963.0
1262330 1942.3
1262340 1942.3
1262350 1917.5
1262360 1890.3
1262370 1863.2
1262380 1863.2
1262390 1851.1
1262400 1826.8
1262410 1826.8
1262420 1812.3
1262430 1803.4
1262440 1803.4
1262450 1782.1
1262460 1763.2
1262470 1763.2
1262480 1745.4
1262490 1722.6
1262500 1722.6
1262510 1700.7
1262520 1683.7
1262530 1683.7
1262540 1675.5
1262550 1673.7
1262560 1673.7
1262570 1662.0
1262580 1655.0
1262590 1655.0
1262600 1656.1
1262610 1657.1
1262620 1657.1
1262630 1656.9
1262640 1656.4
1262650 1656.4
1262660 1655.0
1262670 1653.5
1262680 1652.1
1262690 1652.1
1262700 1653.8
1262710 1657.9
1262720 1657.9
1262730 1661.8
1262740 1664.8
1262750 1664.8
1262760 1667.7
1262770 1670.7
1262780 1670.7
1262790 1678.1
1262800 1680.6
1262810 1680.6
1262820 1682.8
1262830 1685.3
1262840 1685.3
1262850 1687.6
1262860 1690.6
1262870 1690.6
1262880 1694.2
1262890 1697.3
1262900 1697.3
1262910 1699.9
1262920 1702.4
1262930 1702.4
1262940 1705.9
1262950 1710.6
1262960 1710.6
1262970 1718.3
1262980 1730.8
1262990 1747.6
1263000 1747.6
1263010 1768.4
1263020 1780.7
1263030 1780.7
1263040 1794.3
1263050 1802.4
1263060 1802.4
1263070 1812.0
1263080 1834.0
1263090 1834.0
1263100 1852.6
1263110 1862.0
1263120 1862.0
1263130 1869.1
1263140 1874.9
1263150 1874.9
1263160 1881.8
1263170 1890.4
1263180 1890.4
1263190 1898.7
1263200 1907.7
1263210 1907.7
1263220 1922.5
1263230 1941.9
1263240 1941.9
1263250 1974.5
1263260 2002.5
1263270 2002.5
1263280 2018.7
1263290 2030.1
1263300 2044.3
1263310 2044.3
1263320 2052.9
1263330 2057.5
1263340 2057.5
1263350 2061.8
1263360 2058.9
1263370 2058.9
1263380 2066.1
1263390 2074.5
1263400 2074.5
1263410 2083.1
1263420 2090.5
1263430 2090.5
1263440 2097.9
1263450 2105.4
1263460 2105.4
1263470 2113.4
1263480 2121.6
1263490 2121.6
1263500 2129.1
1263510 2136.5
1263520 2136.5
1263530 2144.2
1263540 2152.1
1263550 2152.1
1263560 2161.1
1263570 2174.0
1263580 2174.0
1263590 2198.2
1263600 2213.0
1263610 2219.7
1263620 2219.7
1263630 2224.3
1263640 2227.4
1263650 2227.4
1263660 2233.9
1263670 2241.9
1263680 2241.9
1263690 2246.7
1263700 2249.5
1263710 2249.5
1263720 2247.8
1263730 2248.3
1263740 2248.3
1263750 2247.9
1263760 2247.1
1263770 2247.1
1263780 2241.7
1263790 2237.4
1263800 2237.4
1263810 2230.5
1263820 2220.6
1263830 2220.6
1263840 2208.7
1263850 2198.4
1263860 2198.4
1263870 2191.8
1263880 2186.4
1263890 2183.0
1263900 2183.0
1263910 2179.8
1263920 2174.5
1263930 2174.5
1263940 2171.6
1263950 2165.7
1263960 2165.7
1263970 2166.3
1263980 2169.6
1263990 2169.6
1264000 2169.7
1264010 2167.8
1264020 2167.8
1264030 2167.5
1264040 2173.5
1264050 2173.5
1264060 2188.8
1264070 2201.3
1264080 2201.3
1264090 2210.8
1264100 2217.2
1264110 2217.2
1264120 2220.4
1264130 2212.6
1264140 2212.6
1264150 2182.2
1264160 2156.4
1264170 2156.4
1264180 2148.7
1264190 2141.7
1264200 2134.6
1264210 2134.6
1264220 2126.2
1264230 2115.9
1264240 2115.9
1264250 2104.9
1264260 2097.7
1264270 2097.7
1264280 2091.0
1264290 2084.3
1264300 2084.3
1264310 2077.6
1264320 2070.9
1264330 2070.9
1264340 2064.2
1264350 2057.7
1264360 2057.7
1264370 2051.5
1264380 2045.3
1264390 2045.3
1264400 2039.3
1264410 2033.5
1264420 2033.5
1264430 2027.7
1264440 2022.1
1264450 2022.1
1264460 2016.7
1264470 2011.5
1264480 2011.5
1264490 2007.0
1264500 2003.2
1264510 1999.7
1264520 2003.4
1264530 2000.4
1264540 1997.5
1264550 1997.5
1264560 1994.8
1264570 1992.3
1264580 1992.3
1264590 1990.1
1264600 1988.4
1264610 1988.4
1264620 1986.9
1264630 1985.5
1264640 1985.5
1264650 1983.9
1264660 1982.1
1264670 1982.1
1264680 1980.2
1264690 1978.2
1264700 1978.2
1264710 1976.6
1264720 1976.4
1264730 1976.4
1264740 1977.5
1264750 1979.2
1264760 1979.2
1264770 1981.7
1264780 1984.7
1264790 1984.7
1264800 1988.0
1264810 1991.4
1264820 1994.5
1264830 1994.5
1264840 1997.1
1264850 1999.8
1264860 1999.8
1264870 2002.1
1264880 2003.9
1264890 2003.9
1264900 2005.5
1264910 2007.3
1264920 2007.3
1264930 2009.0
1264940 2012.1
1264950 2012.1
1264960 2018.4
1264970 2026.4
1264980 2026.4
1264990 2033.9
1265000 2041.1
1265010 2041.1
1265020 2048.6
1265030 2057.1
1265040 2057.1
1265050 2065.5
1265060 2073.9
1265070 2073.9
1265080 2080.4
1265090 2081.5
1265100 2085.9
1265110 2086.1
1265120 2084.0
1265130 2081.8
1265140 2081.8
1265150 2079.2
1265160 2075.8
1265170 2075.8
1265180 2072.0
1265190 2068.6
1265200 2068.6
1265210 2065.8
1265220 2064.5
1265230 2064.5
1265240 2062.5
1265250 2061.2
1265260 2061.2
1265270 2059.6
1265280 2059.7
1265290 2059.7
1265300 2063.5
1265310 2065.5
1265320 2065.5
1265330 2065.5
1265340 2066.3
1265350 2066.3
1265360 2068.4
1265370 2070.7
1265380 2070.7
1265390 2072.9
1265400 2073.8
1265410 2073.8
1265420 2074.9
1265430 2078.2
1265440 2081.9
1265450 2081.9
1265460 2087.0
1265470 2092.2
1265480 2092.2
1265490 2096.7
1265500 2100.5
1265510 2100.5
1265520 2104.0
1265530 2108.9
1265540 2108.9
1265550 2117.6
1265560 2143.1
1265570 2143.1
1265580 2157.0
1265590 2163.2
1265600 2163.2
1265610 2169.0
1265620 2174.3
1265630 2174.3
1265640 2179.6
1265650 2185.1
1265660 2185.1
1265670 2189.9
1265680 2197.3
1265690 2197.3
1265700 2193.3
1265710 2184.4
1265720 2184.4
1265730 2176.2
1265740 2167.2
1265750 2141.6
1265760 2141.6
1265770 2115.3
1265780 2103.1
1265790 2103.1
1265800 2097.0
1265810 2093.4
1265820 2093.4
1265830 2089.7
1265840 2084.8
1265850 2084.8
1265860 2079.8
1265870 2074.6
1265880 2074.6
1265890 2069.2
1265900 2064.7
1265910 2064.7
1265920 2061.2
1265930 2057.6
1265940 2057.6
1265950 2053.8
1265960 2049.5
1265970 2049.5
1265980 2045.0
1265990 2040.0
1266000 2040.0
1266010 2034.8
1266020 2030.3
1266030 2030.3
1266040 2026.5
1266050 2022.4
1266060 2018.1
1266070 2018.1
1266080 2014.1
1266090 2010.5
1266100 2010.5
1266110 2007.5
1266120 2005.2
1266130 2005.2
1266140 2004.9
1266150 2004.7
1266160 2004.7
1266170 2004.2
1266180 2003.4
1266190 2003.4
1266200 2002.4
1266210 2001.1
1266220 2001.1
1266230 2000.1
1266240 1999.2
1266250 1999.2
1266260 1998.5
1266270 2002.8
1266280 2002.8
1266290 2001.8
1266300 2001.1
1266310 2001.1
1266320 2000.5
1266330 2000.1
1266340 2000.1
1266350 1999.7
1266360 1999.7
1266370 1999.8
1266380 1999.8
1266390 2000.0
1266400 2000.2
1266410 2000.2
1266420 2000.4
1266430 2000.6
1266440 2000.6
1266450 2000.9
1266460 2001.0
1266470 2001.0
1266480 2001.0
1266490 2000.6
1266500 2000.6
1266510 1999.7
1266520 1998.3
1266530 1998.3
1266540 1996.4
1266550 1994.5
1266560 1994.5
1266570 1993.1
1266580 1992.1
1266590 1992.1
1266600 1991.2
1266610 1991.1
1266620 1991.1
1266630 1991.3
1266640 1991.0
1266650 1991.0
1266660 1991.0
1266670 1995.7
1266680 2001.5
1266690 2001.5
1266700 2008.1
1266710 2015.3
1266720 2015.3
1266730 2023.3
1266740 2031.4
1266750 2031.4
1266760 2039.2
1266770 2047.1
1266780 2047.1
1266790 2054.8
1266800 2061.9
1266810 2061.9
1266820 2068.7
1266830 2077.8
1266840 2077.8
1266850 2079.6
1266860 2090.5
1266870 2090.5
1266880 2097.7
1266890 2108.5
1266900 2108.5
1266910 2127.2
1266920 2145.8
1266930 2145.8
1266940 2159.8
1266950 2167.6
1266960 2167.6
1266970 2175.6
1266980 2183.6
1266990 2191.9
1267000 2191.9
1267010 2199.1
1267020 2205.1
1267030 2205.1
1267040 2211.8
1267050 2218.2
1267060 2218.2
1267070 2224.4
1267080 2231.3
1267090 2231.3
1267100 2237.9
1267110 2243.7
1267120 2243.7
1267130 2248.9
1267140 2254.4
1267150 2254.4
1267160 2260.3
1267170 2266.6
1267180 2266.6
1267190 2273.6
1267200 2281.1
1267210 2281.1
1267220 2289.6
1267230 2300.4
1267240 2300.4
1267250 2307.2
1267260 2316.4
1267270 2316.4
1267280 2322.4
1267290 2327.4
1267300 2332.2
1267310 2332.2
1267320 2336.7
1267330 2341.9
1267340 2341.9
1267350 2347.3
1267360 2352.8
1267370 2352.8
1267380 2358.4
1267390 2364.7
1267400 2364.7
1267410 2371.3
1267420 2376.7
1267430 2376.7
1267440 2388.1
1267450 2388.7
1267460 2388.7
1267470 2368.2
1267480 2352.9
1267490 2352.9
1267500 2333.0
1267510 2322.1
1267520 2322.1
1267530 2312.1
1267540 2304.7
1267550 2304.7
1267560 2297.1
1267570 2290.4
1267580 2290.4
1267590 2285.4
1267600 2281.8
1267610 2277.2
1267620 2277.2
1267630 2272.6
1267640 2270.5
1267650 2270.5
1267660 2268.3
1267670 2265.7
1267680 2265.7
1267690 2262.4
1267700 2259.7
1267710 2259.7
1267720 2257.5
1267730 2254.4
1267740 2254.4
1267750 2251.8
1267760 2251.2
1267770 2251.2
1267780 2251.2
1267790 2250.8
1267800 2250.8
1267810 2249.6
1267820 2248.2
1267830 2248.2
1267840 2244.2
1267850 2236.1
1267860 2236.1
1267870 2229.7
1267880 2225.8
1267890 2225.8
1267900 2223.2
1267910 2222.2
1267920 2223.0
1267930 2223.0
1267940 2225.2
1267950 2228.9
1267960 2228.9
1267970 2234.8
1267980 2242.2
1267990 2242.2
1268000 2252.3
1268010 2261.1
1268020 2261.1
1268030 2273.3
1268040 2272.2
1268050 2272.2
1268060 2268.2
1268070 2263.1
1268080 2263.1
1268090 2255.6
1268100 2247.4
1268110 2247.4
1268120 2239.8
1268130 2234.1
1268140 2234.1
1268150 2229.1
1268160 2225.2
1268170 2225.2
1268180 2221.1
1268190 2217.2
1268200 2217.2
1268210 2215.3
1268220 2213.0
1268230 2212.9
1268240 2212.9
1268250 2213.6
1268260 2213.3
1268270 2213.3
1268280 2213.5
1268290 2210.0
1268300 2210.0
1268310 2205.0
1268320 2199.0
1268330 2199.0
1268340 2192.2
1268350 2185.6
1268360 2185.6
1268370 2178.0
1268380 2169.9
1268390 2169.9
1268400 2163.9
1268410 2156.5
1268420 2156.5
1268430 2149.0
1268440 2143.4
1268450 2143.4
1268460 2137.8
1268470 2132.4
1268480 2132.4
1268490 2127.0
1268500 2121.5
1268510 2121.5
1268520 2116.2
1268530 2111.4
1268540 2106.8
1268550 2106.8
1268560 2102.5
1268570 2098.6
1268580 2098.6
1268590 2095.2
1268600 2092.0
1268610 2092.0
1268620 2088.4
1268630 2086.2
1268640 2086.2
1268650 2084.8
1268660 2083.7
1268670 2083.7
1268680 2082.6
1268690 2081.8
1268700 2081.8
1268710 2080.5
1268720 2078.0
1268730 2078.0
1268740 2074.9
1268750 2070.9
1268760 2070.9
1268770 2066.9
1268780 2064.2
1268790 2064.2
1268800 2062.5
1268810 2058.6
1268820 2058.6
1268830 2057.0
1268840 2056.8
1268850 2056.5
1268860 2056.5
1268870 2055.5
1268880 2054.7
1268890 2054.7
1268900 2054.4
1268910 2056.6
1268920 2056.6
1268930 2059.9
1268940 2061.7
1268950 2061.7
1268960 2063.9
1268970 2066.5
1268980 2066.5
1268990 2067.5
1269000 2067.6
1269010 2067.6
1269020 2069.0
1269030 2072.5
1269040 2072.5
1269050 2075.8
1269060 2077.6
1269070 2077.6
1269080 2078.7
1269090 2079.1
1269100 2079.1
1269110 2078.7
1269120 2078.5
1269130 2078.5
1269140 2079.5
1269150 2080.9
1269160 2082.5
1269170 2082.5
1269180 2084.5
1269190 2087.4
1269200 2087.4
1269210 2096.3
1269220 2101.0
1269230 2101.0
1269240 2106.3
1269250 2111.4
1269260 2111.4
1269270 2116.6
1269280 2121.6
1269290 2121.6
1269300 2126.6
1269310 2131.7
1269320 2131.7
1269330 2138.1
1269340 2154.3
1269350 2154.3
1269360 2172.1
1269370 2200.1
1269380 2200.1
1269390 2216.5
1269400 2228.1
1269410 2228.1
1269420 2235.1
1269430 2226.5
1269440 2226.5
1269450 2215.2
1269460 2197.3
1269470 2183.7
1269480 2183.7
1269490 2176.3
1269500 2171.5
1269510 2171.5
1269520 2167.5
1269530 2163.2
1269540 2163.2
1269550 2160.2
1269560 2159.7
1269570 2159.7
1269580 2159.3
1269590 2158.3
1269600 2158.3
1269610 2155.7
1269620 2152.8
1269630 2152.8
1269640 2150.3
1269650 2146.6
1269660 2146.6
1269670 2143.9
1269680 2141.5
1269690 2141.5
1269700 2140.1
1269710 2139.5
1269720 2139.5
1269730 2138.9
1269740 2139.1
1269750 2139.1
1269760 2140.2
1269770 2141.2
1269780 2142.2
1269790 2142.2
1269800 2147.0
1269810 2146.8
1269820 2146.8
1269830 2146.7
1269840 2149.4
1269850 2149.4
1269860 2152.5
1269870 2156.0
1269880 2156.0
1269890 2160.1
1269900 2162.8
1269910 2162.8
1269920 2165.2
1269930 2166.8
1269940 2166.8
1269950 2169.4
1269960 2172.6
1269970 2172.6
1269980 2174.6
1269990 2172.8
1270000 2172.8
1270010 2173.0
1270020 2176.0
1270030 2176.0
1270040 2178.5
1270050 2180.0
1270060 2180.0
1270070 2181.7
1270080 2184.5
1270090 2188.9
1270100 2188.9
1270110 2194.2
1270120 2199.5
1270130 2199.5
1270140 2205.3
1270150 2215.8
1270160 2215.8
1270170 2225.6
1270180 2230.9
1270190 2230.9
1270200 2234.0
1270210 2236.3
1270220 2236.3
1270230 2241.2
1270240 2247.6
1270250 2247.6
1270260 2255.0
1270270 2262.7
1270280 2262.7
1270290 2267.0
1270300 2264.4
1270310 2264.4
1270320 2275.3
1270330 2287.3
1270340 2287.3
1270350 2295.6
1270360 2304.8
1270370 2304.8
1270380 2312.9
1270390 2318.5
1270400 2330.7
1270410 2330.7
1270420 2335.6
1270430 2339.9
1270440 2339.9
1270450 2346.0
1270460 2351.0
1270470 2351.0
1270480 2352.7
1270490 2352.5
1270500 2352.5
1270510 2354.5
1270520 2362.3
1270530 2362.3
1270540 2370.7
1270550 2380.4
1270560 2380.4
1270570 2392.3
1270580 2404.2
1270590 2404.2
1270600 2418.5
1270610 2407.6
1270620 2407.6
1270630 2386.4
1270640 2373.2
1270650 2373.2
1270660 2363.1
1270670 2347.5
1270680 2347.5
1270690 2332.7
1270700 2317.5
1270710 2306.7
1270720 2306.7
1270730 2296.6
1270740 2287.0
1270750 2287.0
1270760 2277.1
1270770 2270.2
1270780 2270.2
1270790 2264.9
1270800 2259.4
1270810 2259.4
1270820 2255.0
1270830 2254.3
1270840 2254.3
1270850 2249.3
1270860 2240.7
1270870 2240.7
1270880 2228.8
1270890 2210.4
1270900 2210.4
1270910 2191.5
1270920 2193.0
1270930 2193.0
1270940 2197.6
1270950 2201.7
1270960 2201.7
1270970 2203.2
1270980 2206.0
1270990 2225.8
1271000 2225.8
1271010 2228.6
1271020 2226.5
1271030 2226.5
1271040 2230.7
1271050 2241.4
1271060 2241.4
1271070 2246.4
1271080 2240.5
1271090 2240.5
1271100 2229.6
1271110 2231.0
1271120 2231.0
1271130 2235.0
1271140 2227.8
1271150 2227.8
1271160 2206.7
1271170 2173.4
1271180 2173.4
1271190 2155.5
1271200 2138.7
1271210 2138.7
1271220 2124.9
1271230 2113.4
1271240 2113.4
1271250 2106.0
1271260 2101.9
1271270 2101.9
1271280 2099.6
1271290 2097.8
1271300 2098.8
1271310 2098.8
1271320 2102.6
1271330 2122.9
1271340 2122.9
1271350 2169.9
1271360 2199.4
1271370 2199.4
1271380 2216.9
1271390 2226.8
1271400 2226.8
1271410 2237.8
1271420 2243.8
1271430 2243.8
1271440 2251.9
1271450 2261.2
1271460 2261.2
1271470 2272.8
1271480 2282.7
1271490 2282.7
1271500 2291.9
1271510 2302.0
1271520 2302.0
1271530 2310.7
1271540 2317.4
1271550 2317.4
1271560 2323.6
1271570 2329.5
1271580 2329.5
1271590 2334.2
1271600 2324.7
1271610 2311.3
1271620 2311.3
1271630 2301.8
1271640 2295.2
1271650 2295.2
1271660 2286.9
1271670 2275.1
1271680 2275.1
1271690 2277.2
1271700 2289.4
1271710 2289.4
1271720 2294.4
1271730 2293.9
1271740 2293.9
1271750 2294.7
1271760 2294.6
1271770 2294.6
1271780 2296.2
1271790 2296.9
1271800 2296.9
1271810 2299.6
1271820 2306.1
1271830 2306.1
1271840 2310.6
1271850 2313.3
1271860 2313.3
1271870 2316.1
1271880 2326.7
1271890 2326.7
1271900 2327.4
1271910 2321.2
1271920 2318.5
1271930 2318.5
1271940 2314.7
1271950 2312.5
1271960 2312.5
1271970 2310.5
1271980 2307.0
1271990 2307.0
1272000 2304.6
1272010 2304.7
1272020 2304.7
1272030 2306.2
1272040 2310.6
1272050 2310.6
1272060 2313.4
1272070 2318.2
1272080 2318.2
1272090 2330.7
1272100 2336.9
1272110 2336.9
1272120 2336.9
1272130 2332.2
1272140 2332.2
1272150 2323.2
1272160 2310.9
1272170 2310.9
1272180 2299.9
1272190 2310.9
1272200 2310.9
1272210 2307.5
1272220 2308.4
1272230 2308.0
1272240 2308.0
1272250 2306.7
1272260 2309.3
1272270 2309.3
1272280 2311.6
1272290 2313.1
1272300 2313.1
1272310 2312.1
1272320 2306.4
1272330 2306.4
1272340 2301.1
1272350 2307.3
1272360 2307.3
1272370 2312.7
1272380 2316.8
1272390 2316.8
1272400 2322.9
1272410 2326.4
1272420 2326.4
1272430 2329.3
1272440 2333.7
1272450 2333.7
1272460 2342.1
1272470 2350.5
1272480 2350.5
1272490 2357.8
1272500 2366.3
1272510 2366.3
1272520 2377.9
1272530 2381.2
1272540 2381.8
1272550 2381.8
1272560 2377.5
1272570 2379.6
1272580 2379.6
1272590 2380.8
1272600 2387.7
1272610 2387.7
1272620 2392.7
1272630 2389.5
1272640 2389.5
1272650 2379.2
1272660 2376.1
1272670 2376.1
1272680 2372.8
1272690 2354.4
1272700 2354.4
1272710 2338.4
1272720 2328.8
1272730 2328.8
1272740 2324.2
1272750 2320.2
1272760 2320.2
1272770 2318.2
1272780 2315.9
1272790 2322.7
1272800 2318.9
1272810 2314.2
1272820 2314.2
1272830 2309.1
1272840 2304.7
1272850 2300.7
1272860 2300.7
1272870 2297.4
1272880 2296.0
1272890 2296.0
1272900 2295.3
1272910 2294.6
1272920 2294.6
1272930 2293.4
1272940 2291.9
1272950 2291.9
1272960 2291.3
1272970 2289.6
1272980 2289.6
1272990 2288.1
1273000 2287.5
1273010 2287.5
1273020 2288.9
1273030 2291.8
1273040 2291.8
1273050 2295.3
1273060 2299.7
1273070 2299.7
1273080 2304.3
1273090 2308.8
1273100 2308.8
1273110 2312.8
1273120 2315.8
1273130 2315.8
1273140 2318.3
1273150 2320.1
1273160 2323.5
1273170 2323.5
1273180 2328.5
1273190 2333.4
1273200 2333.4
1273210 2339.0
1273220 2345.4
1273230 2345.4
1273240 2352.5
1273250 2358.4
1273260 2358.4
1273270 2360.8
1273280 2361.5
1273290 2361.5
1273300 2362.7
1273310 2365.3
1273320 2365.3
1273330 2368.1
1273340 2372.1
1273350 2372.1
1273360 2377.5
1273370 2383.8
1273380 2383.8
1273390 2390.6
1273400 2396.2
1273410 2396.2
1273420 2403.8
1273430 2411.1
1273440 2411.1
1273450 2418.8
1273460 2426.6
1273470 2434.8
1273480 2434.8
1273490 2443.6
1273500 2452.0
1273510 2452.0
1273520 2459.8
1273530 2467.7
1273540 2467.7
1273550 2470.4
1273560 2458.8
1273570 2458.8
1273580 2446.9
1273590 2435.6
1273600 2435.6
1273610 2425.6
1273620 2415.6
1273630 2415.6
1273640 2406.5
1273650 2397.8
1273660 2397.8
1273670 2388.1
1273680 2379.0
1273690 2379.0
1273700 2370.4
1273710 2361.8
1273720 2361.8
1273730 2352.6
1273740 2342.1
1273750 2342.1
1273760 2332.7
1273770 2323.6
1273780 2315.1
1273790 2315.1
1273800 2307.8
1273810 2301.5
1273820 2301.5
1273830 2294.7
1273840 2287.8
1273850 2287.8
1273860 2280.5
1273870 2272.3
1273880 2272.3
1273890 2264.5
1273900 2255.0
1273910 2255.0
1273920 2246.2
1273930 2238.4
1273940 2238.4
1273950 2230.4
1273960 2222.9
1273970 2222.9
1273980 2214.8
1273990 2206.3
1274000 2201.2
1274010 2193.5
1274020 2185.8
1274030 2185.8
1274040 2177.9
1274050 2167.3
1274060 2167.3
1274070 2157.0
1274080 2147.9
1274090 2139.4
1274100 2139.4
1274110 2132.4
1274120 2126.2
1274130 2126.2
1274140 2119.5
1274150 2111.9
1274160 2111.9
1274170 2103.6
1274180 2095.9
1274190 2095.9
1274200 2086.0
1274210 2075.1
1274220 2075.1
1274230 2057.9
1274240 2041.9
1274250 2041.9
1274260 2030.7
1274270 2020.1
1274280 2020.1
1274290 2008.1
1274300 1998.3
1274310 1998.3
1274320 1990.2
1274330 1982.2
1274340 1982.2
1274350 1974.1
1274360 1965.9
1274370 1965.9
1274380 1958.4
1274390 1951.0
1274400 1943.8
1274410 1943.8
1274420 1936.8
1274430 1930.2
1274440 1930.2
1274450 1924.0
1274460 1918.0
1274470 1918.0
1274480 1911.8
1274490 1904.0
1274500 1904.0
1274510 1891.4
1274520 1873.2
1274530 1873.2
1274540 1849.2
1274550 1831.8
1274560 1831.8
1274570 1823.8
1274580 1815.9
1274590 1815.9
1274600 1809.1
1274610 1802.4
1274620 1802.4
1274630 1795.9
1274640 1789.7
1274650 1789.7
1274660 1783.7
1274670 1777.5
1274680 1777.5
1274690 1771.4
1274700 1765.8
1274710 1760.0
1274720 1760.0
1274730 1754.3
1274740 1748.4
1274750 1748.4
1274760 1742.6
1274770 1736.7
1274780 1736.7
1274790 1730.6
1274800 1724.8
1274810 1724.8
1274820 1718.9
1274830 1713.0
1274840 1713.0
1274850 1707.4
1274860 1701.9
1274870 1701.9
1274880 1696.4
1274890 1691.0
1274900 1691.0
1274910 1685.6
1274920 1680.2
1274930 1680.2
1274940 1675.0
1274950 1669.7
1274960 1669.7
1274970 1664.6
1274980 1659.7
1274990 1659.7
1275000 1654.9
1275010 1650.0
1275020 1645.3
1275030 1645.3
1275040 1640.7
1275050 1636.0
1275060 1636.0
1275070 1631.5
1275080 1627.2
1275090 1627.2
1275100 1622.6
1275110 1618.0
1275120 1618.0
1275130 1613.9
1275140 1609.8
1275150 1609.8
1275160 1605.4
1275170 1600.8
1275180 1600.8
1275190 1595.9
1275200 1591.6
1275210 1591.6
1275220 1587.2
1275230 1582.7
1275240 1582.7
1275250 1577.9
1275260 1573.5
1275270 1573.5
1275280 1569.5
1275290 1565.7
1275300 1565.7
1275310 1562.4
1275320 1559.1
1275330 1555.9
1275340 1555.9
1275350 1553.1
1275360 1550.0
1275370 1550.0
1275380 1546.4
1275390 1543.1
1275400 1543.1
1275410 1540.1
1275420 1536.9
1275430 1536.9
1275440 1534.0
1275450 1531.9
1275460 1531.9
1275470 1530.9
1275480 1530.3
1275490 1530.3
1275500 1528.8
1275510 1525.9
1275520 1525.9
1275530 1522.4
1275540 1519.8
1275550 1519.8
1275560 1518.4
1275570 1516.5
1275580 1516.5
1275590 1513.5
1275600 1509.7
1275610 1509.7
1275620 1503.8
1275630 1502.7
1275640 1502.3
1275650 1502.3
1275660 1499.8
1275670 1496.3
1275680 1496.3
1275690 1493.3
1275700 1490.5
1275710 1490.5
1275720 1487.6
1275730 1484.4
1275740 1484.4
1275750 1482.1
1275760 1480.8
1275770 1480.8
1275780 1479.5
1275790 1478.3
1275800 1478.3
1275810 1476.4
1275820 1473.5
1275830 1476.7
1275840 1472.2
1275850 1468.6
1275860 1468.6
1275870 1467.0
1275880 1465.6
1275890 1465.6
1275900 1464.8
1275910 1465.1
1275920 1465.1
1275930 1463.0
1275940 1459.8
1275950 1457.0
1275960 1457.0
1275970 1454.4
1275980 1453.2
1275990 1453.2
1276000 1454.3
1276010 1457.9
1276020 1457.9
1276030 1462.2
1276040 1464.1
1276050 1464.1
1276060 1462.3
1276070 1460.0
1276080 1460.0
1276090 1457.5
1276100 1454.5
1276110 1454.5
1276120 1451.8
1276130 1449.8
1276140 1449.8
1276150 1447.9
1276160 1445.2
1276170 1445.2
1276180 1442.0
1276190 1438.2
1276200 1438.2
1276210 1434.2
1276220 1430.1
1276230 1425.5
1276240 1425.5
1276250 1422.2
1276260 1421.1
1276270 1421.1
1276280 1420.5
1276290 1420.0
1276300 1420.0
1276310 1419.8
1276320 1419.4
1276330 1419.4
1276340 1418.6
1276350 1417.8
1276360 1417.8
1276370 1416.8
1276380 1416.3
1276390 1416.3
1276400 1415.4
1276410 1414.9
1276420 1414.9
1276430 1414.1
1276440 1413.5
1276450 1413.5
1276460 1412.5
1276470 1411.7
1276480 1411.7
1276490 1410.6
1276500 1409.7
1276510 1409.7
1276520 1408.8
1276530 1407.8
1276540 1407.5
1276550 1407.5
1276560 1407.2
1276570 1406.1
1276580 1406.1
1276590 1405.2
1276600 1404.2
1276610 1404.2
1276620 1403.2
1276630 1402.3
1276640 1402.3
1276650 1401.7
1276660 1400.8
1276670 1400.8
1276680 1400.0
1276690 1398.8
1276700 1398.8
1276710 1397.5
1276720 1396.3
1276730 1396.3
1276740 1395.5
1276750 1395.0
1276760 1395.0
1276770 1394.8
1276780 1394.3
1276790 1394.3
1276800 1393.4
1276810 1392.3
1276820 1392.3
1276830 1391.3
1276840 1390.3
1276850 1389.1
1276860 1389.1
1276870 1387.8
1276880 1386.4
1276890 1386.4
1276900 1385.2
1276910 1383.6
1276920 1383.6
1276930 1382.0
1276940 1380.4
1276950 1380.4
1276960 1376.2
1276970 1372.3
1276980 1372.3
1276990 1372.9
1277000 1376.2
1277010 1376.2
1277020 1380.6
1277030 1383.6
1277040 1383.6
1277050 1386.9
1277060 1381.8
1277070 1381.8
1277080 1375.3
1277090 1370.5
1277100 1370.5
1277110 1365.4
1277120 1362.2
1277130 1362.2
1277140 1361.1
1277150 1361.0
1277160 1361.7
1277170 1361.7
1277180 1364.1
1277190 1367.4
1277200 1367.4
1277210 1372.6
1277220 1373.9
1277230 1373.9
1277240 1373.3
1277250 1374.0
1277260 1374.0
1277270 1375.5
1277280 1376.9
1277290 1376.9
1277300 1376.1
1277310 1373.9
1277320 1373.9
1277330 1374.3
1277340 1373.9
1277350 1373.9
1277360 1369.6
1277370 1362.5
1277380 1362.5
1277390 1356.4
1277400 1352.9
1277410 1352.9
1277420 1351.2
1277430 1350.8
1277440 1350.8
1277450 1350.5
1277460 1350.1
1277470 1349.8
1277480 1349.8
1277490 1349.4
1277500 1349.1
1277510 1349.1
1277520 1348.9
1277530 1348.3
1277540 1348.3
1277550 1348.0
1277560 1347.6
1277570 1347.6
1277580 1347.2
1277590 1347.6
1277600 1347.6
1277610 1349.4
1277620 1347.3
1277630 1347.3
1277640 1345.3
1277650 1344.8
1277660 1344.8
1277670 1344.5
1277680 1343.9
1277690 1343.9
1277700 1343.2
1277710 1342.3
1277720 1342.3
1277730 1341.9
1277740 1342.6
1277750 1342.6
1277760 1347.9
1277770 1354.3
1277780 1361.1
1277790 1361.1
1277800 1367.2
1277810 1371.2
1277820 1371.2
1277830 1376.2
1277840 1382.5
1277850 1382.5
1277860 1387.1
1277870 1387.8
1277880 1387.8
1277890 1386.8
1277900 1385.5
1277910 1385.5
1277920 1384.5
1277930 1383.3
1277940 1383.3
1277950 1380.2
1277960 1375.6
1277970 1375.6
1277980 1372.0
1277990 1370.5
1278000 1370.5
1278010 1369.2
1278020 1370.1
1278030 1370.1
1278040 1371.7
1278050 1371.7
1278060 1371.7
1278070 1372.1
1278080 1372.9
1278090 1374.6
1278100 1374.6
1278110 1374.9
1278120 1375.6
1278130 1375.6
1278140 1376.2
1278150 1377.2
1278160 1377.2
1278170 1381.0
1278180 1383.7
1278190 1383.7
1278200 1387.1
1278210 1390.0
1278220 1390.0
1278230 1394.9
1278240 1400.4
1278250 1400.4
1278260 1405.1
1278270 1407.8
1278280 1407.8
1278290 1406.9
1278300 1401.0
1278310 1401.0
1278320 1395.0
1278330 1389.8
1278340 1389.8
1278350 1389.3
1278360 1394.2
1278370 1394.2
1278380 1399.4
1278390 1405.5
1278400 1411.7
1278410 1411.7
1278420 1417.5
1278430 1421.6
1278440 1421.6
1278450 1421.3
1278460 1418.6
1278470 1418.6
1278480 1415.5
1278490 1414.3
1278500 1414.3
1278510 1412.9
1278520 1413.3
1278530 1413.3
1278540 1413.3
1278550 1412.2
1278560 1412.2
1278570 1411.1
1278580 1412.6
1278590 1412.6
1278600 1414.1
1278610 1413.1
1278620 1413.1
1278630 1414.2
1278640 1416.9
1278650 1416.9
1278660 1420.7
1278670 1417.8
1278680 1417.8
1278690 1416.3
1278700 1415.9
1278710 1416.7
1278720 1416.7
1278730 1423.9
1278740 1432.1
1278750 1432.1
1278760 1438.6
1278770 1444.8
1278780 1444.8
1278790 1450.7
1278800 1455.8
1278810 1455.8
1278820 1460.0
1278830 1463.6
1278840 1463.6
1278850 1467.8
1278860 1472.6
1278870 1472.6
1278880 1477.6
1278890 1482.5
1278900 1482.5
1278910 1490.1
1278920 1494.1
1278930 1494.1
1278940 1497.7
1278950 1501.8
1278960 1501.8
1278970 1505.9
1278980 1510.0
1278990 1510.0
1279000 1515.1
1279010 1519.6
1279020 1523.1
1279030 1523.1
1279040 1526.4
1279050 1529.4
1279060 1529.4
1279070 1532.0
1279080 1533.4
1279090 1533.4
1279100 1534.3
1279110 1534.8
1279120 1534.8
1279130 1536.5
1279140 1538.5
1279150 1538.5
1279160 1540.0
1279170 1541.1
1279180 1541.1
1279190 1541.6
1279200 1541.9
1279210 1541.9
1279220 1543.9
1279230 1545.0
1279240 1545.0
1279250 1546.6
1279260 1548.5
1279270 1548.5
1279280 1551.2
1279290 1554.3
1279300 1554.3
1279310 1557.6
1279320 1561.3
1279330 1564.6
1279340 1564.6
1279350 1567.5
1279360 1569.8
1279370 1569.8
1279380 1572.0
1279390 1574.9
1279400 1574.9
1279410 1578.1
1279420 1581.1
1279430 1581.1
1279440 1585.0
1279450 1589.3
1279460 1589.3
1279470 1593.8
1279480 1597.9
1279490 1597.9
1279500 1602.4
1279510 1607.0
1279520 1607.0
1279530 1610.0
1279540 1613.8
1279550 1613.8
1279560 1617.2
1279570 1620.9
1279580 1620.9
1279590 1624.5
1279600 1628.1
1279610 1628.1
1279620 1631.8
1279630 1635.9
1279640 1639.9
1279650 1639.9
1279660 1643.6
1279670 1646.8
1279680 1646.8
1279690 1650.1
1279700 1653.9
1279710 1653.9
1279720 1657.9
1279730 1662.3
1279740 1662.3
1279750 1666.5
1279760 1669.9
1279770 1669.9
1279780 1673.0
1279790 1676.5
1279800 1676.5
1279810 1679.6
1279820 1682.4
1279830 1682.4
1279840 1684.0
1279850 1678.3
1279860 1678.3
1279870 1671.5
1279880 1664.8
1279890 1664.8
1279900 1661.1
1279910 1667.8
1279920 1667.8
1279930 1674.0
1279940 1679.9
1279950 1685.8
1279960 1685.8
1279970 1691.8
1279980 1698.2
1279990 1698.2
