1260000 1318.6
1260010 1315.1
1260020 1311.5
1260030 1311.5
1260040 1307.0
1260050 1302.7
1260060 1302.7
1260070 1298.5
1260080 1294.4
1260090 1294.4
1260100 1290.0
1260110 1285.5
1260120 1285.5
1260130 1281.2
1260140 1276.7
1260150 1276.7
1260160 1272.2
1260170 1268.6
1260180 1268.6
1260190 1265.7
1260200 1262.3
1260210 1262.3
1260220 1259.0
1260230 1255.6
1260240 1255.6
1260250 1252.8
1260260 1249.5
1260270 1246.8
1260280 1246.8
1260290 1245.9
1260300 1244.4
1260310 1244.4
1260320 1242.4
1260330 1241.2
1260340 1241.2
1260350 1237.9
1260360 1234.8
1260370 1234.8
1260380 1232.2
1260390 1229.8
1260400 1229.8
1260410 1226.4
1260420 1223.5
1260430 1223.5
1260440 1221.5
1260450 1219.0
1260460 1219.0
1260470 1213.0
1260480 1210.5
1260490 1210.5
1260500 1208.3
1260510 1206.0
1260520 1206.0
1260530 1203.5
1260540 1199.7
1260550 1199.7
1260560 1196.5
1260570 1194.3
1260580 1192.0
1260590 1192.0
1260600 1189.8
1260610 1187.4
1260620 1187.4
1260630 1185.2
1260640 1182.6
1260650 1182.6
1260660 1179.7
1260670 1176.6
1260680 1176.6
1260690 1174.3
1260700 1172.3
1260710 1172.3
1260720 1170.1
1260730 1168.3
1260740 1168.3
1260750 1166.1
1260760 1165.4
1260770 1165.4
1260780 1164.4
1260790 1163.2
1260800 1163.2
1260810 1162.4
1260820 1161.8
1260830 1161.8
1260840 1160.9
1260850 1160.5
1260860 1160.5
1260870 1160.7
1260880 1161.1
1260890 1161.2
1260900 1161.2
1260910 1161.7
1260920 1161.4
1260930 1161.4
1260940 1161.1
1260950 1161.1
1260960 1161.1
1260970 1161.0
1260980 1160.4
1260990 1160.4
1261000 1163.8
1261010 1169.1
1261020 1169.1
1261030 1172.1
1261040 1175.9
1261050 1175.9
1261060 1179.1
1261070 1181.7
1261080 1181.7
1261090 1183.3
1261100 1185.2
1261110 1185.2
1261120 1187.5
1261130 1189.9
1261140 1189.9
1261150 1192.1
1261160 1193.5
1261170 1193.5
1261180 1195.6
1261190 1197.0
1261200 1198.4
1261210 1198.4
1261220 1199.5
1261230 1199.8
1261240 1199.8
1261250 1200.1
1261260 1200.3
1261270 1200.3
1261280 1200.3
1261290 1200.0
1261300 1200.0
1261310 1199.4
1261320 1199.8
1261330 1199.8
1261340 1201.0
1261350 1203.5
1261360 1203.5
1261370 1205.1
1261380 1206.5
1261390 1206.5
1261400 1207.5
1261410 1209.3
1261420 1209.3
1261430 1211.7
1261440 1214.8
1261450 1214.8
1261460 1218.0
1261470 1221.6
1261480 1221.6
1261490 1225.1
1261500 1229.0
1261510 1233.3
1261520 1233.3
1261530 1239.1
1261540 1246.5
1261550 1246.5
1261560 1251.6
1261570 1257.9
1261580 1257.9
1261590 1261.9
1261600 1266.6
1261610 1274.5
1261620 1279.6
1261630 1286.5
1261640 1286.5
1261650 1293.3
1261660 1298.9
1261670 1298.9
1261680 1303.5
1261690 1308.5
1261700 1308.5
1261710 1315.2
1261720 1321.2
1261730 1321.2
1261740 1325.1
1261750 1330.3
1261760 1330.3
1261770 1337.0
1261780 1344.2
1261790 1344.2
1261800 1350.8
1261810 1356.9
1261820 1355.3
1261830 1355.3
1261840 1355.4
1261850 1352.4
1261860 1352.4
1261870 1357.6
1261880 1365.1
1261890 1365.1
1261900 1369.1
1261910 1379.4
1261920 1379.4
1261930 1395.4
1261940 1399.2
1261950 1399.2
1261960 1400.9
1261970 1404.5
1261980 1404.5
1261990 1404.5
1262000 1413.0
1262010 1413.0
1262020 1414.7
1262030 1418.4
1262040 1418.4
1262050 1426.0
1262060 1433.4
1262070 1433.4
1262080 1438.1
1262090 1443.1
1262100 1443.1
1262110 1445.1
1262120 1446.7
1262130 1449.8
1262140 1449.8
1262150 1450.6
1262160 1453.5
1262170 1453.5
1262180 1466.0
1262190 1470.1
1262200 1470.1
1262210 1473.1
1262220 1475.2
1262230 1475.2
1262240 1477.9
1262250 1481.7
1262260 1481.7
1262270 1483.0
1262280 1483.6
1262290 1483.6
1262300 1485.6
1262310 1485.7
1262320 1485.7
1262330 1486.4
1262340 1488.4
1262350 1488.4
1262360 1491.0
1262370 1493.8
1262380 1493.8
1262390 1498.0
1262400 1502.1
1262410 1502.1
1262420 1500.2
1262430 1493.2
1262440 1486.8
1262450 1486.8
1262460 1477.7
1262470 1468.1
1262480 1468.1
1262490 1461.1
1262500 1458.1
1262510 1458.1
1262520 1458.0
1262530 1457.4
1262540 1457.4
1262550 1460.3
1262560 1456.5
1262570 1456.5
1262580 1449.6
1262590 1442.6
1262600 1442.6
1262610 1435.9
1262620 1431.0
1262630 1431.0
1262640 1431.8
1262650 1435.5
1262660 1435.5
1262670 1440.1
1262680 1456.5
1262690 1456.5
1262700 1477.5
1262710 1483.5
1262720 1483.5
1262730 1487.5
1262740 1490.2
1262750 1490.2
1262760 1487.0
1262770 1493.1
1262780 1502.1
1262790 1502.1
1262800 1511.2
1262810 1523.0
1262820 1523.0
1262830 1535.3
1262840 1546.7
1262850 1546.7
1262860 1556.5
1262870 1565.2
1262880 1565.2
1262890 1573.9
1262900 1586.9
1262910 1586.9
1262920 1596.8
1262930 1606.8
1262940 1606.8
1262950 1619.8
1262960 1631.1
1262970 1631.1
1262980 1647.6
1262990 1660.2
1263000 1660.2
1263010 1668.1
1263020 1680.2
1263030 1680.2
1263040 1697.0
1263050 1715.0
1263060 1715.0
1263070 1727.6
1263080 1736.3
1263090 1744.2
1263100 1744.2
1263110 1751.4
1263120 1759.6
1263130 1759.6
1263140 1768.5
1263150 1780.1
1263160 1780.1
1263170 1789.6
1263180 1795.3
1263190 1795.3
1263200 1799.1
1263210 1800.3
1263220 1800.3
1263230 1802.4
1263240 1801.6
1263250 1801.6
1263260 1799.3
1263270 1801.7
1263280 1801.7
1263290 1803.2
1263300 1807.2
1263310 1807.2
1263320 1811.9
1263330 1825.5
1263340 1825.5
1263350 1827.9
1263360 1831.7
1263370 1831.7
1263380 1834.8
1263390 1837.0
1263400 1838.9
1263410 1838.9
1263420 1840.6
1263430 1838.0
1263440 1838.0
1263450 1833.2
1263460 1829.7
1263470 1829.7
1263480 1829.1
1263490 1827.1
1263500 1827.1
1263510 1823.0
1263520 1815.7
1263530 1815.7
1263540 1815.9
1263550 1822.5
1263560 1822.5
1263570 1828.6
1263580 1837.9
1263590 1837.9
1263600 1850.5
1263610 1857.1
1263620 1857.1
1263630 1855.2
1263640 1855.8
1263650 1855.8
1263660 1858.1
1263670 1861.8
1263680 1861.8
1263690 1865.8
1263700 1865.2
1263710 1870.5
1263720 1870.5
1263730 1872.1
1263740 1872.4
1263750 1872.4
1263760 1874.6
1263770 1872.7
1263780 1872.7
1263790 1865.1
1263800 1855.2
1263810 1855.2
1263820 1849.1
1263830 1832.4
1263840 1832.4
1263850 1816.2
1263860 1803.1
1263870 1803.1
1263880 1794.2
1263890 1788.3
1263900 1788.3
1263910 1788.8
1263920 1785.7
1263930 1785.7
1263940 1784.9
1263950 1785.7
1263960 1785.7
1263970 1787.1
1263980 1788.0
1263990 1788.0
1264000 1787.3
1264010 1785.7
1264020 1787.6
1264030 1787.6
1264040 1791.0
1264050 1794.2
1264060 1794.2
1264070 1797.2
1264080 1800.2
1264090 1800.2
1264100 1806.2
1264110 1821.0
1264120 1821.0
1264130 1832.9
1264140 1843.3
1264150 1843.3
1264160 1853.3
1264170 1861.3
1264180 1861.3
1264190 1870.6
1264200 1878.0
1264210 1878.0
1264220 1888.1
1264230 1900.7
1264240 1900.7
1264250 1919.3
1264260 1930.5
1264270 1930.5
1264280 1929.9
1264290 1924.6
1264300 1924.6
1264310 1914.8
1264320 1905.4
1264330 1886.0
1264340 1886.0
1264350 1868.2
1264360 1853.2
1264370 1853.2
1264380 1836.4
1264390 1818.8
1264400 1818.8
1264410 1800.2
1264420 1785.5
1264430 1785.5
1264440 1766.1
1264450 1749.8
1264460 1749.8
1264470 1743.4
1264480 1737.6
1264490 1742.2
1264500 1737.7
1264510 1733.6
1264520 1733.6
1264530 1729.3
1264540 1724.8
1264550 1724.8
1264560 1720.2
1264570 1715.3
1264580 1715.3
1264590 1710.6
1264600 1706.2
1264610 1706.2
1264620 1701.9
1264630 1698.9
1264640 1697.2
1264650 1697.2
1264660 1696.6
1264670 1696.7
1264680 1696.7
1264690 1697.0
1264700 1697.4
1264710 1697.4
1264720 1697.7
1264730 1697.8
1264740 1697.8
1264750 1697.7
1264760 1697.2
1264770 1697.2
1264780 1696.1
1264790 1695.0
1264800 1695.0
1264810 1693.8
1264820 1692.6
1264830 1692.6
1264840 1692.2
1264850 1692.9
1264860 1692.9
1264870 1695.5
1264880 1699.1
1264890 1699.1
1264900 1702.5
1264910 1705.4
1264920 1705.4
1264930 1708.5
1264940 1712.0
1264950 1715.9
1264960 1715.9
1264970 1719.3
1264980 1722.4
1264990 1722.4
1265000 1725.5
1265010 1728.6
1265020 1728.6
1265030 1731.8
1265040 1735.2
1265050 1735.2
1265060 1738.7
1265070 1745.6
1265080 1745.6
1265090 1749.7
1265100 1753.8
1265110 1753.8
1265120 1757.4
1265130 1760.5
1265140 1760.5
1265150 1763.1
1265160 1764.4
1265170 1764.4
1265180 1766.0
1265190 1769.3
1265200 1769.3
1265210 1774.2
1265220 1778.5
1265230 1778.5
1265240 1782.5
1265250 1787.0
1265260 1791.8
1265270 1791.8
1265280 1796.6
1265290 1801.2
1265300 1801.2
1265310 1805.7
1265320 1810.5
1265330 1810.5
1265340 1815.5
1265350 1820.5
1265360 1820.5
1265370 1826.4
1265380 1835.4
1265390 1835.4
1265400 1845.4
1265410 1856.2
1265420 1856.2
1265430 1868.1
1265440 1878.7
1265450 1878.7
1265460 1887.0
1265470 1894.1
1265480 1894.1
1265490 1902.6
1265500 1910.8
1265510 1910.8
1265520 1918.2
1265530 1925.5
1265540 1925.5
1265550 1933.0
1265560 1940.1
1265570 1947.2
1265580 1947.2
1265590 1954.4
1265600 1961.2
1265610 1961.2
1265620 1967.4
1265630 1972.4
1265640 1972.4
1265650 1981.5
1265660 1985.2
1265670 1985.2
1265680 1986.1
1265690 1987.1
1265700 1987.1
1265710 1990.6
1265720 1987.8
1265730 1987.8
1265740 1985.6
1265750 2006.6
1265760 2006.6
1265770 2013.1
1265780 2016.3
1265790 2016.3
1265800 2017.3
1265810 2018.0
1265820 2018.0
1265830 2019.6
1265840 2020.2
1265850 2020.2
1265860 2022.9
1265870 2028.0
1265880 2029.4
1265890 2029.4
1265900 2025.3
1265910 2016.6
1265920 2016.6
1265930 2007.7
1265940 1997.4
1265950 1997.4
1265960 1988.8
1265970 1980.9
1265980 1980.9
1265990 1966.0
1266000 1951.0
1266010 1951.0
1266020 1933.8
1266030 1915.8
1266040 1915.8
1266050 1906.6
1266060 1898.9
1266070 1898.9
1266080 1891.6
1266090 1884.5
1266100 1884.5
1266110 1877.7
1266120 1871.5
1266130 1871.5
1266140 1866.0
1266150 1861.9
1266160 1861.9
1266170 1859.7
1266180 1859.6
1266190 1860.5
1266200 1860.5
1266210 1860.9
1266220 1860.8
1266230 1860.8
1266240 1861.1
1266250 1860.3
1266260 1860.3
1266270 1859.6
1266280 1859.0
1266290 1859.0
1266300 1858.3
1266310 1857.5
1266320 1857.5
1266330 1856.9
1266340 1856.5
1266350 1856.5
1266360 1856.2
1266370 1856.3
1266380 1856.3
1266390 1856.3
1266400 1856.2
1266410 1856.2
1266420 1856.2
1266430 1856.0
1266440 1856.0
1266450 1855.8
1266460 1855.4
1266470 1855.4
1266480 1854.9
1266490 1855.1
1266500 1856.5
1266510 1856.5
1266520 1856.9
1266530 1855.5
1266540 1855.5
1266550 1853.8
1266560 1852.1
1266570 1852.1
1266580 1851.3
1266590 1851.7
1266600 1851.7
1266610 1855.4
1266620 1860.9
1266630 1860.9
1266640 1864.3
1266650 1864.7
1266660 1864.7
1266670 1865.2
1266680 1865.5
1266690 1865.5
1266700 1863.3
1266710 1861.2
1266720 1861.2
1266730 1862.2
1266740 1865.0
1266750 1865.0
1266760 1870.4
1266770 1878.1
1266780 1878.1
1266790 1885.2
1266800 1890.6
1266810 1896.0
1266820 1896.8
1266830 1902.1
1266840 1909.6
1266850 1909.6
1266860 1916.3
1266870 1923.8
1266880 1923.8
1266890 1932.2
1266900 1943.5
1266910 1943.5
1266920 1957.1
1266930 1971.5
1266940 1971.5
1266950 1985.9
1266960 1996.2
1266970 1996.2
1266980 2004.8
1266990 2013.1
1267000 2013.1
1267010 2020.4
1267020 2030.3
1267030 2030.3
1267040 2039.7
1267050 2047.4
1267060 2047.4
1267070 2055.3
1267080 2061.8
1267090 2061.8
1267100 2068.9
1267110 2075.9
1267120 2083.2
1267130 2083.2
1267140 2089.6
1267150 2095.4
1267160 2095.4
1267170 2102.6
1267180 2111.0
1267190 2111.0
1267200 2118.4
1267210 2125.8
1267220 2125.8
1267230 2133.0
1267240 2140.1
1267250 2140.1
1267260 2147.4
1267270 2154.8
1267280 2154.8
1267290 2162.4
1267300 2169.9
1267310 2169.9
1267320 2177.3
1267330 2184.6
1267340 2184.6
1267350 2191.8
1267360 2198.8
1267370 2198.8
1267380 2205.5
1267390 2212.0
1267400 2212.0
1267410 2217.4
1267420 2223.5
1267430 2229.0
1267440 2229.0
1267450 2232.3
1267460 2227.6
1267470 2227.6
1267480 2218.8
1267490 2209.2
1267500 2209.2
1267510 2194.8
1267520 2180.6
1267530 2180.6
1267540 2168.2
1267550 2154.7
1267560 2154.7
1267570 2126.7
1267580 2107.6
1267590 2107.6
1267600 2098.1
1267610 2090.9
1267620 2090.9
1267630 2084.0
1267640 2077.2
1267650 2077.2
1267660 2070.6
1267670 2064.6
1267680 2064.6
1267690 2059.0
1267700 2053.2
1267710 2053.2
1267720 2047.6
1267730 2042.3
1267740 2037.0
1267750 2037.0
1267760 2032.1
1267770 2029.2
1267780 2029.2
1267790 2029.5
1267800 2029.0
1267810 2029.0
1267820 2027.5
1267830 2025.0
1267840 2025.0
1267850 2023.5
1267860 2023.7
1267870 2023.7
1267880 2025.0
1267890 2027.9
1267900 2027.9
1267910 2031.1
1267920 2033.1
1267930 2033.1
1267940 2034.4
1267950 2034.3
1267960 2034.3
1267970 2032.1
1267980 2028.5
1267990 2028.5
1268000 2022.5
1268010 2021.8
1268020 2021.8
1268030 2021.3
1268040 2021.4
1268050 2021.8
1268060 2021.8
1268070 2022.4
1268080 2025.0
1268090 2025.0
1268100 2030.2
1268110 2036.2
1268120 2036.2
1268130 2042.5
1268140 2049.1
1268150 2049.1
1268160 2055.9
1268170 2062.9
1268180 2062.9
1268190 2069.9
1268200 2077.0
1268210 2077.0
1268220 2084.0
1268230 2091.2
1268240 2091.2
1268250 2098.6
1268260 2106.4
1268270 2106.4
1268280 2114.5
1268290 2122.8
1268300 2122.8
1268310 2130.0
1268320 2138.0
1268330 2138.0
1268340 2146.0
1268350 2153.9
1268360 2163.0
1268370 2163.0
1268380 2170.2
1268390 2173.7
1268400 2173.7
1268410 2171.9
1268420 2162.7
1268430 2162.7
1268440 2151.0
1268450 2149.8
1268460 2149.8
1268470 2147.6
1268480 2128.6
1268490 2128.6
1268500 2114.4
1268510 2092.4
1268520 2092.4
1268530 2063.4
1268540 2046.2
1268550 2046.2
1268560 2029.0
1268570 2019.1
1268580 2019.1
1268590 2012.2
1268600 2007.3
1268610 2007.3
1268620 2003.1
1268630 1997.9
1268640 1997.9
1268650 1992.2
1268660 1986.4
1268670 1980.2
1268680 1980.2
1268690 1973.7
1268700 1967.1
1268710 1967.1
1268720 1960.7
1268730 1954.5
1268740 1954.5
1268750 1949.1
1268760 1946.3
1268770 1946.3
1268780 1946.6
1268790 1948.2
1268800 1948.2
1268810 1949.9
1268820 1954.2
1268830 1954.2
1268840 1957.2
1268850 1958.9
1268860 1958.9
1268870 1962.2
1268880 1965.7
1268890 1965.7
1268900 1968.2
1268910 1969.7
1268920 1969.7
1268930 1969.2
1268940 1970.2
1268950 1970.2
1268960 1971.6
1268970 1972.0
1268980 1971.5
1268990 1971.5
1269000 1972.9
1269010 1976.2
1269020 1976.2
1269030 1977.2
1269040 1978.2
1269050 1978.2
1269060 1976.8
1269070 1974.7
1269080 1974.7
1269090 1972.8
1269100 1969.5
1269110 1969.5
1269120 1964.1
1269130 1960.2
1269140 1960.2
1269150 1958.0
1269160 1956.5
1269170 1956.5
1269180 1957.1
1269190 1956.8
1269200 1956.8
1269210 1956.7
1269220 1957.3
1269230 1957.3
1269240 1957.9
1269250 1959.2
1269260 1959.2
1269270 1961.9
1269280 1965.4
1269290 1966.9
1269300 1966.9
1269310 1966.2
1269320 1965.8
1269330 1965.8
1269340 1964.2
1269350 1962.0
1269360 1962.0
1269370 1958.5
1269380 1953.7
1269390 1953.7
1269400 1951.9
1269410 1950.7
1269420 1950.7
1269430 1949.1
1269440 1952.3
1269450 1952.3
1269460 1955.7
1269470 1958.9
1269480 1958.9
1269490 1960.8
1269500 1960.6
1269510 1960.6
1269520 1960.5
1269530 1962.5
1269540 1962.5
1269550 1963.6
1269560 1963.2
1269570 1963.2
1269580 1961.6
1269590 1961.4
1269600 1963.5
1269610 1963.5
1269620 1964.5
1269630 1965.6
1269640 1965.6
1269650 1967.0
1269660 1967.2
1269670 1967.2
1269680 1965.2
1269690 1962.6
1269700 1962.6
1269710 1962.8
1269720 1963.2
1269730 1963.2
1269740 1963.1
1269750 1962.2
1269760 1962.2
1269770 1965.0
1269780 1967.2
1269790 1967.2
1269800 1971.0
1269810 1975.2
1269820 1975.2
1269830 1978.8
1269840 1981.5
1269850 1981.5
1269860 1982.8
1269870 1985.1
1269880 1985.1
1269890 1985.6
1269900 1986.1
1269910 1988.0
1269920 1988.0
1269930 1989.7
1269940 1990.2
1269950 1990.2
1269960 1990.5
1269970 1990.7
1269980 1990.7
1269990 1993.5
1270000 1996.4
1270010 1996.4
1270020 1998.9
1270030 2002.0
1270040 2002.0
1270050 2005.4
1270060 2007.4
1270070 2007.4
1270080 2008.4
1270090 2008.9
1270100 2008.9
1270110 2007.4
1270120 2006.3
1270130 2006.3
1270140 2004.1
1270150 1999.9
1270160 1999.9
1270170 1995.2
1270180 1993.4
1270190 1993.4
1270200 1996.4
1270210 2001.5
1270220 2007.5
1270230 2007.5
1270240 2014.3
1270250 2021.1
1270260 2021.1
1270270 2027.8
1270280 2034.2
1270290 2034.2
1270300 2040.6
1270310 2047.0
1270320 2047.0
1270330 2053.6
1270340 2062.7
1270350 2062.7
1270360 2081.7
1270370 2090.2
1270380 2090.2
1270390 2101.5
1270400 2116.1
1270410 2116.1
1270420 2126.8
1270430 2141.7
1270440 2141.7
1270450 2154.5
1270460 2163.2
1270470 2163.2
1270480 2171.1
1270490 2176.7
1270500 2176.7
1270510 2172.9
1270520 2159.7
1270530 2150.5
1270540 2150.5
1270550 2140.9
1270560 2134.1
1270570 2134.1
1270580 2123.1
1270590 2112.7
1270600 2112.7
1270610 2105.4
1270620 2102.5
1270630 2102.5
1270640 2105.9
1270650 2103.6
1270660 2103.6
1270670 2102.3
1270680 2096.3
1270690 2096.3
1270700 2080.0
1270710 2064.1
1270720 2064.1
1270730 2055.9
1270740 2049.0
1270750 2049.0
1270760 2043.1
1270770 2041.7
1270780 2041.7
1270790 2036.5
1270800 2038.1
1270810 2038.1
1270820 2038.5
1270830 2035.0
1270840 2030.1
1270850 2030.1
1270860 2022.1
1270870 2010.4
1270880 2010.4
1270890 1996.5
1270900 1982.9
1270910 1982.9
1270920 1972.1
1270930 1966.2
1270940 1966.2
1270950 1959.2
1270960 1950.1
1270970 1956.4
1270980 1949.1
1270990 1944.5
1271000 1944.5
1271010 1939.6
1271020 1933.8
1271030 1933.8
1271040 1927.6
1271050 1921.0
1271060 1921.0
1271070 1914.9
1271080 1910.4
1271090 1910.4
1271100 1907.5
1271110 1905.6
1271120 1905.6
1271130 1901.9
1271140 1897.4
1271150 1889.7
1271160 1889.7
1271170 1880.0
1271180 1873.1
1271190 1873.1
1271200 1867.7
1271210 1864.6
1271220 1864.6
1271230 1861.7
1271240 1858.7
1271250 1858.7
1271260 1855.8
1271270 1849.8
1271280 1849.8
1271290 1842.8
1271300 1835.6
1271310 1835.6
1271320 1832.2
1271330 1830.4
1271340 1830.4
1271350 1828.9
1271360 1827.6
1271370 1827.6
1271380 1827.1
1271390 1828.2
1271400 1828.2
1271410 1827.6
1271420 1825.7
1271430 1825.7
1271440 1824.0
1271450 1823.8
1271460 1824.7
1271470 1824.7
1271480 1825.4
1271490 1824.4
1271500 1824.4
1271510 1823.9
1271520 1822.4
1271530 1822.4
1271540 1820.2
1271550 1819.3
1271560 1823.8
1271570 1822.8
1271580 1824.6
1271590 1824.6
1271600 1828.8
1271610 1832.3
1271620 1832.3
1271630 1836.1
1271640 1839.2
1271650 1839.2
1271660 1842.9
1271670 1848.0
1271680 1848.0
1271690 1854.0
1271700 1859.4
1271710 1859.4
1271720 1863.0
1271730 1865.8
1271740 1865.8
1271750 1868.0
1271760 1870.2
1271770 1872.5
1271780 1872.5
1271790 1874.8
1271800 1877.5
1271810 1877.5
1271820 1880.2
1271830 1882.5
1271840 1882.5
1271850 1884.7
1271860 1886.9
1271870 1886.9
1271880 1889.1
1271890 1891.3
1271900 1891.3
1271910 1893.5
1271920 1895.5
1271930 1895.5
1271940 1897.4
1271950 1898.8
1271960 1898.8
1271970 1900.3
1271980 1901.8
1271990 1901.8
1272000 1903.2
1272010 1905.2
1272020 1905.2
1272030 1908.5
1272040 1912.5
1272050 1912.5
1272060 1917.2
1272070 1923.3
1272080 1930.5
1272090 1930.5
1272100 1935.6
1272110 1939.6
1272120 1939.6
1272130 1944.0
1272140 1949.3
1272150 1949.3
1272160 1960.4
1272170 1974.4
1272180 1974.4
1272190 1984.2
1272200 1994.8
1272210 1994.8
1272220 2003.6
1272230 2011.2
1272240 2011.2
1272250 2018.4
1272260 2023.7
1272270 2023.7
1272280 2028.2
1272290 2032.7
1272300 2032.7
1272310 2037.3
1272320 2041.7
1272330 2041.7
1272340 2045.3
1272350 2047.6
1272360 2047.6
1272370 2048.2
1272380 2049.0
1272390 2050.0
1272400 2050.0
1272410 2054.5
1272420 2060.1
1272430 2060.1
1272440 2063.5
1272450 2065.2
1272460 2065.2
1272470 2066.3
1272480 2067.6
1272490 2067.6
1272500 2069.3
1272510 2071.3
1272520 2071.3
1272530 2073.3
1272540 2075.5
1272550 2075.5
1272560 2077.8
1272570 2080.5
1272580 2080.5
1272590 2083.3
1272600 2086.5
1272610 2086.5
1272620 2089.9
1272630 2093.5
1272640 2093.5
1272650 2097.6
1272660 2102.2
1272670 2102.2
1272680 2107.4
1272690 2112.8
1272700 2118.4
1272710 2118.4
1272720 2124.4
1272730 2130.5
1272740 2130.5
1272750 2136.8
1272760 2143.3
1272770 2139.4
1272780 2145.6
1272790 2151.6
1272800 2151.6
1272810 2157.4
1272820 2162.8
1272830 2162.8
1272840 2168.1
1272850 2173.5
1272860 2173.5
1272870 2178.6
1272880 2184.1
1272890 2184.1
1272900 2190.0
1272910 2199.7
1272920 2199.7
1272930 2218.6
1272940 2240.0
1272950 2240.0
1272960 2252.5
1272970 2259.6
1272980 2259.6
1272990 2268.5
1273000 2276.8
1273010 2283.3
1273020 2283.3
1273030 2286.4
1273040 2290.4
1273050 2290.4
1273060 2298.1
1273070 2309.2
1273080 2309.2
1273090 2318.7
1273100 2326.1
1273110 2326.1
1273120 2331.6
1273130 2336.6
1273140 2336.6
1273150 2340.0
1273160 2333.9
1273170 2333.9
1273180 2327.5
1273190 2321.2
1273200 2321.2
1273210 2325.9
1273220 2324.0
1273230 2324.0
1273240 2315.1
1273250 2305.3
1273260 2305.3
1273270 2295.0
1273280 2284.6
1273290 2284.6
1273300 2274.4
1273310 2265.3
1273320 2256.2
1273330 2256.2
1273340 2248.0
1273350 2241.2
1273360 2241.2
1273370 2242.0
1273380 2236.7
1273390 2236.7
1273400 2231.8
1273410 2224.4
1273420 2224.4
1273430 2219.6
1273440 2221.7
1273450 2221.7
1273460 2218.7
1273470 2216.1
1273480 2216.1
1273490 2208.7
1273500 2202.2
1273510 2202.2
1273520 2194.2
1273530 2190.1
1273540 2190.1
1273550 2188.4
1273560 2183.7
1273570 2183.7
1273580 2172.2
1273590 2160.5
1273600 2160.5
1273610 2172.0
1273620 2176.2
1273630 2167.8
1273640 2167.8
1273650 2163.4
1273660 2166.8
1273670 2166.8
1273680 2164.8
1273690 2149.8
1273700 2149.8
1273710 2139.7
1273720 2137.0
1273730 2137.0
1273740 2138.0
1273750 2130.3
1273760 2130.3
1273770 2125.0
1273780 2122.6
1273790 2122.6
1273800 2121.1
1273810 2115.4
1273820 2115.4
1273830 2108.0
1273840 2105.9
1273850 2105.9
1273860 2110.5
1273870 2112.6
1273880 2112.6
1273890 2108.5
1273900 2103.0
1273910 2103.0
1273920 2092.7
1273930 2091.9
1273940 2084.6
1273950 2084.6
1273960 2075.2
1273970 2079.8
1273980 2079.8
1273990 2085.6
1274000 2097.5
1274010 2097.5
1274020 2091.0
1274030 2082.7
1274040 2082.7
1274050 2070.5
1274060 2056.8
1274070 2056.8
1274080 2041.1
1274090 2021.8
1274100 2021.8
1274110 2003.3
1274120 1981.6
1274130 1981.6
1274140 1957.9
1274150 1950.0
1274160 1950.0
1274170 1943.0
1274180 1934.6
1274190 1934.6
1274200 1923.0
1274210 1911.3
1274220 1911.3
1274230 1899.7
1274240 1888.3
1274250 1875.6
1274260 1875.6
1274270 1861.5
1274280 1851.7
1274290 1851.7
1274300 1841.9
1274310 1834.0
1274320 1834.0
1274330 1826.7
1274340 1819.8
1274350 1819.8
1274360 1813.0
1274370 1806.5
1274380 1806.5
1274390 1800.1
1274400 1793.9
1274410 1793.9
1274420 1788.0
1274430 1782.1
1274440 1782.1
1274450 1775.8
1274460 1770.1
1274470 1770.1
1274480 1764.6
1274490 1758.9
1274500 1758.9
1274510 1752.7
1274520 1746.3
1274530 1746.3
1274540 1740.4
1274550 1734.4
1274560 1728.9
1274570 1728.9
1274580 1727.6
1274590 1722.8
1274600 1722.8
1274610 1718.0
1274620 1713.0
1274630 1713.0
1274640 1708.0
1274650 1702.9
1274660 1702.9
1274670 1698.0
1274680 1693.4
1274690 1693.4
1274700 1688.6
1274710 1683.1
1274720 1683.1
1274730 1677.4
1274740 1672.2
1274750 1672.2
1274760 1667.6
1274770 1663.3
1274780 1663.3
1274790 1659.0
1274800 1654.9
1274810 1654.9
1274820 1651.0
1274830 1647.5
1274840 1647.5
1274850 1644.2
1274860 1641.0
1274870 1637.9
1274880 1637.9
1274890 1634.9
1274900 1631.8
1274910 1631.8
1274920 1629.0
1274930 1627.3
1274940 1627.3
1274950 1625.7
1274960 1623.2
1274970 1623.2
1274980 1620.6
1274990 1618.3
1275000 1618.3
1275010 1616.3
1275020 1614.2
1275030 1614.2
1275040 1612.2
1275050 1611.1
1275060 1611.1
1275070 1610.6
1275080 1608.9
1275090 1608.9
1275100 1605.7
1275110 1602.1
1275120 1602.1
1275130 1598.6
1275140 1595.5
1275150 1595.5
1275160 1593.0
1275170 1590.8
1275180 1588.9
1275190 1588.1
1275200 1587.2
1275210 1586.9
1275220 1586.9
1275230 1585.3
1275240 1583.0
1275250 1583.0
1275260 1580.6
1275270 1577.5
1275280 1577.5
1275290 1575.6
1275300 1575.4
1275310 1575.4
1275320 1574.4
1275330 1573.0
1275340 1573.0
1275350 1571.0
1275360 1567.3
1275370 1567.3
1275380 1562.5
1275390 1558.1
1275400 1558.1
1275410 1556.2
1275420 1557.1
1275430 1557.1
1275440 1558.0
1275450 1558.4
1275460 1558.4
1275470 1558.2
1275480 1557.4
1275490 1556.0
1275500 1556.0
1275510 1554.2
1275520 1551.6
1275530 1551.6
1275540 1546.9
1275550 1541.0
1275560 1541.0
1275570 1535.2
1275580 1530.0
1275590 1530.0
1275600 1525.7
1275610 1521.2
1275620 1521.2
1275630 1515.5
1275640 1510.1
1275650 1510.1
1275660 1506.0
1275670 1501.4
1275680 1501.4
1275690 1496.3
1275700 1492.2
1275710 1492.2
1275720 1489.1
1275730 1484.6
1275740 1484.6
1275750 1480.4
1275760 1478.7
1275770 1478.7
1275780 1477.3
1275790 1475.7
1275800 1474.4
1275810 1474.4
1275820 1472.8
1275830 1471.5
1275840 1471.5
1275850 1470.2
1275860 1468.9
1275870 1468.9
1275880 1467.5
1275890 1466.4
1275900 1466.4
1275910 1465.7
1275920 1465.3
1275930 1465.3
1275940 1465.1
1275950 1466.0
1275960 1466.0
1275970 1467.8
1275980 1470.5
1275990 1470.5
1276000 1471.5
1276010 1471.4
1276020 1471.4
1276030 1471.6
1276040 1471.9
1276050 1471.9
1276060 1471.6
1276070 1469.8
1276080 1469.8
1276090 1466.2
1276100 1462.5
1276110 1459.9
1276120 1459.9
1276130 1457.6
1276140 1454.9
1276150 1454.9
1276160 1452.4
1276170 1450.5
1276180 1450.5
1276190 1448.5
1276200 1446.8
1276210 1446.8
1276220 1448.3
1276230 1450.8
1276240 1450.8
1276250 1453.6
1276260 1456.8
1276270 1456.8
1276280 1460.7
1276290 1464.0
1276300 1464.0
1276310 1466.7
1276320 1469.0
1276330 1469.0
1276340 1469.2
1276350 1468.8
1276360 1468.8
1276370 1467.9
1276380 1468.8
1276390 1468.8
1276400 1470.6
1276410 1467.1
1276420 1468.5
1276430 1468.5
1276440 1469.6
1276450 1470.3
1276460 1470.3
1276470 1471.3
1276480 1472.1
1276490 1472.1
1276500 1471.3
1276510 1469.2
1276520 1469.2
1276530 1466.9
1276540 1466.2
1276550 1466.2
1276560 1467.3
1276570 1468.9
1276580 1468.9
1276590 1470.3
1276600 1471.4
1276610 1471.4
1276620 1472.6
1276630 1474.0
1276640 1474.0
1276650 1472.9
1276660 1469.6
1276670 1469.6
1276680 1465.8
1276690 1462.1
1276700 1462.1
1276710 1458.9
1276720 1456.4
1276730 1454.0
1276740 1454.0
1276750 1451.6
1276760 1448.8
1276770 1448.8
1276780 1446.2
1276790 1444.1
1276800 1444.1
1276810 1442.5
1276820 1440.8
1276830 1440.8
1276840 1438.8
1276850 1437.2
1276860 1437.2
1276870 1435.5
1276880 1433.9
1276890 1433.9
1276900 1432.2
1276910 1430.1
1276920 1430.1
1276930 1428.6
1276940 1427.0
1276950 1427.0
1276960 1424.5
1276970 1421.5
1276980 1421.5
1276990 1418.7
1277000 1416.5
1277010 1416.5
1277020 1414.1
1277030 1405.7
1277040 1402.4
1277050 1402.4
1277060 1400.3
1277070 1398.4
1277080 1398.4
1277090 1396.4
1277100 1394.3
1277110 1394.3
1277120 1391.8
1277130 1389.3
1277140 1389.3
1277150 1386.5
1277160 1384.0
1277170 1384.0
1277180 1382.2
1277190 1380.4
1277200 1380.4
1277210 1378.6
1277220 1378.1
1277230 1378.1
1277240 1377.9
1277250 1377.1
1277260 1377.1
1277270 1375.9
1277280 1374.8
1277290 1374.8
1277300 1373.7
1277310 1373.1
1277320 1373.1
1277330 1371.6
1277340 1370.2
1277350 1369.1
1277360 1369.1
1277370 1368.1
1277380 1366.2
1277390 1366.2
1277400 1362.1
1277410 1357.2
1277420 1357.2
1277430 1352.2
1277440 1346.8
1277450 1346.8
1277460 1342.5
1277470 1339.1
1277480 1339.1
1277490 1335.7
1277500 1332.7
1277510 1332.7
1277520 1329.8
1277530 1327.6
1277540 1327.6
1277550 1328.5
1277560 1331.0
1277570 1331.0
1277580 1331.2
1277590 1330.3
1277600 1330.3
1277610 1327.8
1277620 1323.3
1277630 1323.3
1277640 1320.6
1277650 1319.4
1277660 1319.3
1277670 1319.3
1277680 1318.6
1277690 1318.6
1277700 1318.6
1277710 1318.6
1277720 1316.1
1277730 1316.1
1277740 1313.7
1277750 1312.5
1277760 1312.5
1277770 1312.7
1277780 1312.9
1277790 1312.9
1277800 1313.1
1277810 1313.1
1277820 1313.1
1277830 1313.1
1277840 1314.1
1277850 1314.1
1277860 1316.2
1277870 1317.4
1277880 1317.4
1277890 1317.2
1277900 1315.9
1277910 1315.9
1277920 1312.4
1277930 1308.4
1277940 1308.4
1277950 1305.9
1277960 1303.0
1277970 1300.7
1277980 1300.7
1277990 1298.8
1278000 1297.2
1278010 1297.2
1278020 1293.1
1278030 1288.5
1278040 1288.5
1278050 1284.9
1278060 1282.9
1278070 1282.9
1278080 1282.5
1278090 1285.3
1278100 1285.3
1278110 1292.2
1278120 1300.0
1278130 1300.0
1278140 1307.4
1278150 1311.3
1278160 1311.3
1278170 1314.5
1278180 1318.6
1278190 1318.6
1278200 1321.8
1278210 1325.8
1278220 1325.8
1278230 1328.7
1278240 1329.9
1278250 1329.9
1278260 1334.4
1278270 1338.2
1278280 1340.2
1278290 1340.2
1278300 1335.9
1278310 1329.2
1278320 1329.2
1278330 1327.1
1278340 1328.9
1278350 1328.9
1278360 1333.6
1278370 1338.6
1278380 1338.6
1278390 1342.4
1278400 1346.1
1278410 1346.1
1278420 1349.6
1278430 1353.1
1278440 1353.1
1278450 1353.6
1278460 1348.7
1278470 1348.7
1278480 1344.1
1278490 1346.7
1278500 1346.7
1278510 1352.0
1278520 1350.6
1278530 1350.6
1278540 1343.7
1278550 1336.0
1278560 1336.0
1278570 1328.0
1278580 1323.8
1278590 1329.0
1278600 1329.0
1278610 1339.9
1278620 1348.0
1278630 1348.0
1278640 1357.8
1278650 1364.9
1278660 1364.9
1278670 1369.5
1278680 1372.3
1278690 1372.3
1278700 1373.4
1278710 1374.9
1278720 1374.9
1278730 1376.6
1278740 1377.7
1278750 1377.7
1278760 1378.3
1278770 1379.4
1278780 1379.4
1278790 1380.2
1278800 1380.8
1278810 1380.8
1278820 1381.0
1278830 1382.9
1278840 1382.9
1278850 1385.6
1278860 1388.9
1278870 1388.9
1278880 1394.7
1278890 1398.6
1278900 1401.9
1278910 1401.9
1278920 1405.0
1278930 1408.5
1278940 1408.5
1278950 1412.8
1278960 1417.5
1278970 1417.5
1278980 1423.1
1278990 1428.9
1279000 1428.9
1279010 1434.1
1279020 1439.2
1279030 1439.2
1279040 1444.8
1279050 1450.4
1279060 1450.4
1279070 1456.7
1279080 1463.6
1279090 1463.6
1279100 1470.8
1279110 1478.5
1279120 1478.5
1279130 1486.5
1279140 1494.3
1279150 1494.3
1279160 1503.0
1279170 1512.3
1279180 1512.3
1279190 1523.9
1279200 1538.5
1279210 1548.9
1279220 1548.9
1279230 1556.5
1279240 1563.0
1279250 1563.0
1279260 1567.3
1279270 1571.3
1279280 1571.3
1279290 1577.4
1279300 1585.0
1279310 1585.0
1279320 1593.2
1279330 1600.9
1279340 1600.9
1279350 1608.6
1279360 1616.3
1279370 1616.3
1279380 1623.9
1279390 1632.6
1279400 1632.6
1279410 1644.3
1279420 1656.3
1279430 1656.3
1279440 1666.0
1279450 1673.9
1279460 1673.9
1279470 1682.3
1279480 1689.0
1279490 1689.0
1279500 1693.3
1279510 1696.8
1279520 1698.9
1279530 1698.9
1279540 1700.8
1279550 1702.7
1279560 1702.7
1279570 1704.6
1279580 1707.2
1279590 1707.2
1279600 1711.5
1279610 1717.8
1279620 1717.8
1279630 1722.4
1279640 1725.4
1279650 1725.4
1279660 1727.9
1279670 1730.0
1279680 1730.0
1279690 1732.3
1279700 1734.4
1279710 1734.4
1279720 1735.6
1279730 1736.3
1279740 1736.3
1279750 1737.3
1279760 1739.3
1279770 1739.3
1279780 1744.4
1279790 1750.4
1279800 1755.1
1279810 1755.1
1279820 1758.1
1279830 1760.4
1279840 1760.4
1279850 1762.4
1279860 1764.0
1279870 1764.0
1279880 1765.8
1279890 1767.6
1279900 1767.6
1279910 1769.6
1279920 1771.8
1279930 1771.8
1279940 1774.1
1279950 1776.3
1279960 1776.3
1279970 1778.8
1279980 1781.1
1279990 1781.1
