1260000 2017.6
1260010 2020.4
1260020 2016.4
1260030 2016.4
1260040 2022.3
1260050 2028.2
1260060 2028.2
1260070 2030.4
1260080 2029.4
1260090 2029.4
1260100 2031.0
1260110 2033.6
1260120 2029.5
1260130 2029.5
1260140 2026.4
1260150 2027.5
1260160 2027.5
1260170 2030.9
1260180 2028.5
1260190 2028.5
1260200 2026.8
1260210 2019.8
1260220 2019.8
1260230 2010.5
1260240 2001.9
1260250 2001.9
1260260 2000.7
1260270 2016.9
1260280 2016.9
1260290 1996.4
1260300 1988.4
1260310 1988.4
1260320 1987.6
1260330 1993.8
1260340 1993.8
1260350 1990.3
1260360 1987.3
1260370 1987.3
1260380 1984.1
1260390 1976.8
1260400 1976.8
1260410 1969.4
1260420 1969.7
1260430 1970.6
1260440 1970.6
1260450 1968.9
1260460 1966.7
1260470 1966.7
1260480 1966.6
1260490 1971.4
1260500 1971.4
1260510 1967.2
1260520 1957.3
1260530 1957.3
1260540 1959.1
1260550 1964.9
1260560 1964.9
1260570 1969.2
1260580 1972.3
1260590 1972.3
1260600 1980.7
1260610 1987.1
1260620 1987.1
1260630 1995.5
1260640 2005.1
1260650 2005.1
1260660 2006.2
1260670 1993.3
1260680 1993.3
1260690 1966.7
1260700 1949.2
1260710 1949.2
1260720 1940.6
1260730 1932.6
1260740 1932.6
1260750 1923.0
1260760 1907.2
1260770 1895.1
1260780 1895.1
1260790 1888.3
1260800 1881.5
1260810 1881.5
1260820 1874.9
1260830 1869.5
1260840 1873.7
1260850 1869.4
1260860 1866.0
1260870 1866.0
1260880 1864.5
1260890 1864.0
1260900 1864.0
1260910 1864.9
1260920 1868.3
1260930 1868.3
1260940 1873.4
1260950 1879.0
1260960 1879.0
1260970 1884.6
1260980 1890.2
1260990 1890.2
1261000 1895.8
1261010 1901.3
1261020 1901.3
1261030 1907.3
1261040 1913.4
1261050 1913.4
1261060 1919.1
1261070 1925.4
1261080 1938.7
1261090 1938.7
1261100 1964.8
1261110 2004.4
1261120 2004.4
1261130 2026.5
1261140 2041.7
1261150 2041.7
1261160 2058.3
1261170 2085.0
1261180 2085.0
1261190 2106.4
1261200 2130.3
1261210 2130.3
1261220 2147.5
1261230 2158.1
1261240 2158.1
1261250 2162.5
1261260 2171.5
1261270 2171.5
1261280 2190.4
1261290 2204.0
1261300 2204.0
1261310 2197.8
1261320 2191.0
1261330 2191.0
1261340 2187.3
1261350 2181.7
1261360 2181.7
1261370 2167.4
1261380 2133.0
1261390 2120.0
1261400 2120.0
1261410 2114.5
1261420 2113.7
1261430 2113.7
1261440 2108.0
1261450 2102.7
1261460 2102.7
1261470 2097.3
1261480 2091.6
1261490 2091.6
1261500 2085.5
1261510 2078.4
1261520 2078.4
1261530 2070.0
1261540 2060.9
1261550 2060.9
1261560 2053.1
1261570 2045.8
1261580 2045.8
1261590 2039.0
1261600 2032.2
1261610 2032.2
1261620 2025.9
1261630 2020.1
1261640 2020.1
1261650 2014.7
1261660 2009.0
1261670 2009.0
1261680 2004.0
1261690 2000.2
1261700 2000.2
1261710 1998.1
1261720 1998.3
1261730 1999.5
1261740 1999.5
1261750 2000.8
1261760 2002.4
1261770 2002.4
1261780 2003.9
1261790 2004.1
1261800 2004.1
1261810 2006.5
1261820 2008.2
1261830 2008.2
1261840 2006.6
1261850 2003.9
1261860 2003.9
1261870 2001.0
1261880 1998.4
1261890 1998.4
1261900 1995.7
1261910 1992.3
1261920 1992.3
1261930 1988.5
1261940 1984.7
1261950 1984.7
1261960 1981.1
1261970 1978.3
1261980 1978.3
1261990 1971.9
1262000 1971.5
1262010 1971.5
1262020 1971.3
1262030 1971.2
1262040 1971.7
1262050 1971.7
1262060 1971.5
1262070 1969.7
1262080 1969.7
1262090 1966.9
1262100 1965.5
1262110 1965.5
1262120 1963.3
1262130 1960.2
1262140 1960.2
1262150 1957.8
1262160 1956.2
1262170 1956.2
1262180 1954.9
1262190 1953.6
1262200 1953.6
1262210 1951.4
1262220 1948.6
1262230 1948.6
1262240 1945.5
1262250 1943.8
1262260 1943.8
1262270 1944.1
1262280 1943.4
1262290 1943.4
1262300 1940.9
1262310 1938.1
1262320 1938.1
1262330 1934.6
1262340 1933.1
1262350 1929.4
1262360 1929.4
1262370 1924.2
1262380 1922.0
1262390 1922.0
1262400 1920.4
1262410 1918.6
1262420 1918.6
1262430 1917.1
1262440 1916.9
1262450 1916.9
1262460 1917.3
1262470 1918.2
1262480 1918.2
1262490 1919.8
1262500 1922.7
1262510 1922.7
1262520 1927.9
1262530 1933.0
1262540 1933.0
1262550 1934.1
1262560 1928.0
1262570 1928.0
1262580 1929.2
1262590 1928.3
1262600 1928.3
1262610 1923.5
1262620 1920.5
1262630 1920.5
1262640 1919.4
1262650 1919.4
1262660 1920.5
1262670 1920.5
1262680 1921.8
1262690 1924.3
1262700 1924.3
1262710 1925.8
1262720 1926.9
1262730 1926.9
1262740 1927.9
1262750 1932.7
1262760 1932.7
1262770 1939.2
1262780 1939.2
1262790 1939.2
1262800 1936.7
1262810 1936.7
1262820 1936.7
1262830 1938.1
1262840 1939.6
1262850 1939.6
1262860 1943.9
1262870 1950.4
1262880 1950.4
1262890 1954.7
1262900 1959.9
1262910 1959.9
1262920 1967.0
1262930 1974.7
1262940 1974.7
1262950 1984.7
1262960 1998.1
1262970 1998.1
1262980 2008.6
1262990 2018.6
1263000 2028.7
1263010 2028.7
1263020 2045.2
1263030 2065.3
1263040 2065.3
1263050 2084.8
1263060 2099.1
1263070 2099.1
1263080 2109.0
1263090 2118.5
1263100 2118.5
1263110 2127.9
1263120 2136.8
1263130 2136.8
1263140 2147.3
1263150 2156.3
1263160 2156.3
1263170 2164.1
1263180 2170.7
1263190 2170.7
1263200 2176.9
1263210 2184.1
1263220 2184.1
1263230 2191.1
1263240 2185.7
1263250 2185.7
1263260 2167.8
1263270 2154.7
1263280 2154.7
1263290 2136.7
1263300 2113.8
1263310 2096.6
1263320 2096.6
1263330 2083.5
1263340 2069.0
1263350 2069.0
1263360 2059.3
1263370 2048.3
1263380 2048.3
1263390 2038.7
1263400 2032.8
1263410 2032.8
1263420 2033.6
1263430 2034.0
1263440 2034.0
1263450 2033.2
1263460 2037.4
1263470 2037.4
1263480 2046.9
1263490 2048.3
1263500 2048.3
1263510 2052.5
1263520 2057.8
1263530 2057.8
1263540 2053.9
1263550 2042.0
1263560 2042.0
1263570 2035.6
1263580 2024.2
1263590 2024.2
1263600 2011.2
1263610 1998.9
1263620 1989.0
1263630 1989.0
1263640 1976.7
1263650 1963.8
1263660 1963.8
1263670 1953.3
1263680 1944.4
1263690 1944.4
1263700 1935.4
1263710 1926.0
1263720 1919.4
1263730 1910.6
1263740 1901.3
1263750 1901.3
1263760 1894.1
1263770 1881.8
1263780 1881.8
1263790 1873.1
1263800 1870.0
1263810 1870.0
1263820 1866.0
1263830 1861.5
1263840 1861.5
1263850 1857.6
1263860 1853.6
1263870 1853.6
1263880 1848.5
1263890 1845.1
1263900 1845.1
1263910 1841.8
1263920 1838.3
1263930 1838.3
1263940 1835.7
1263950 1832.4
1263960 1828.2
1263970 1828.2
1263980 1823.8
1263990 1821.6
1264000 1821.6
1264010 1820.8
1264020 1819.5
1264030 1819.5
1264040 1816.1
1264050 1812.5
1264060 1812.5
1264070 1809.4
1264080 1806.5
1264090 1806.5
1264100 1803.7
1264110 1800.5
1264120 1800.5
1264130 1799.4
1264140 1798.3
1264150 1798.3
1264160 1796.7
1264170 1797.7
1264180 1797.7
1264190 1799.4
1264200 1799.4
1264210 1799.4
1264220 1799.3
1264230 1799.8
1264240 1799.8
1264250 1800.4
1264260 1801.4
1264270 1802.8
1264280 1802.8
1264290 1804.9
1264300 1801.1
1264310 1801.1
1264320 1804.1
1264330 1806.3
1264340 1806.3
1264350 1807.8
1264360 1809.5
1264370 1809.5
1264380 1811.9
1264390 1816.0
1264400 1816.0
1264410 1820.2
1264420 1823.5
1264430 1823.5
1264440 1824.3
1264450 1822.9
1264460 1822.9
1264470 1821.1
1264480 1819.1
1264490 1819.1
1264500 1820.6
1264510 1821.2
1264520 1821.2
1264530 1821.1
1264540 1820.5
1264550 1820.5
1264560 1819.7
1264570 1818.8
1264580 1816.6
1264590 1816.6
1264600 1811.9
1264610 1808.7
1264620 1808.7
1264630 1808.9
1264640 1810.7
1264650 1810.7
1264660 1811.2
1264670 1809.4
1264680 1809.4
1264690 1811.8
1264700 1813.7
1264710 1813.7
1264720 1816.8
1264730 1820.1
1264740 1820.1
1264750 1819.7
1264760 1824.3
1264770 1824.3
1264780 1827.5
1264790 1832.3
1264800 1832.3
1264810 1845.3
1264820 1849.5
1264830 1849.5
1264840 1847.5
1264850 1851.8
1264860 1851.8
1264870 1848.1
1264880 1843.7
1264890 1854.2
1264900 1854.2
1264910 1861.6
1264920 1862.6
1264930 1862.6
1264940 1855.1
1264950 1856.4
1264960 1856.4
1264970 1862.8
1264980 1864.5
1264990 1864.5
1265000 1864.8
1265010 1863.9
1265020 1863.9
1265030 1868.9
1265040 1880.5
1265050 1880.5
1265060 1890.5
1265070 1899.7
1265080 1899.7
1265090 1899.0
1265100 1892.9
1265110 1892.9
1265120 1891.9
1265130 1894.0
1265140 1894.0
1265150 1895.4
1265160 1893.4
1265170 1893.4
1265180 1883.7
1265190 1868.3
1265200 1868.3
1265210 1861.8
1265220 1869.7
1265230 1871.7
1265240 1871.7
1265250 1862.7
1265260 1864.0
1265270 1864.0
1265280 1870.3
1265290 1873.3
1265300 1873.3
1265310 1876.8
1265320 1875.6
1265330 1875.6
1265340 1868.5
1265350 1860.4
1265360 1860.4
1265370 1852.7
1265380 1843.0
1265390 1843.0
1265400 1821.5
1265410 1784.4
1265420 1784.4
1265430 1767.5
1265440 1760.3
1265450 1760.3
1265460 1748.3
1265470 1731.7
1265480 1731.7
1265490 1715.5
1265500 1714.9
1265510 1714.9
1265520 1727.1
1265530 1730.8
1265540 1722.5
1265550 1722.5
1265560 1719.9
1265570 1701.9
1265580 1701.9
1265590 1696.9
1265600 1690.7
1265610 1690.7
1265620 1685.9
1265630 1684.7
1265640 1684.7
1265650 1683.0
1265660 1685.7
1265670 1685.7
1265680 1693.6
1265690 1696.7
1265700 1696.7
1265710 1698.3
1265720 1698.8
1265730 1698.8
1265740 1699.6
1265750 1704.0
1265760 1704.0
1265770 1705.3
1265780 1705.0
1265790 1705.0
1265800 1708.3
1265810 1706.2
1265820 1706.2
1265830 1698.4
1265840 1693.5
1265850 1687.2
1265860 1687.2
1265870 1686.6
1265880 1689.6
1265890 1689.6
1265900 1693.3
1265910 1697.2
1265920 1697.2
1265930 1700.0
1265940 1698.3
1265950 1698.3
1265960 1691.6
1265970 1686.0
1265980 1686.0
1265990 1682.2
1266000 1677.0
1266010 1677.0
1266020 1675.1
1266030 1669.9
1266040 1664.1
1266050 1659.6
1266060 1657.7
1266070 1657.7
1266080 1659.3
1266090 1660.9
1266100 1660.9
1266110 1665.8
1266120 1664.8
1266130 1664.8
1266140 1662.9
1266150 1661.4
1266160 1661.4
1266170 1650.0
1266180 1632.8
1266190 1617.3
1266200 1617.3
1266210 1615.6
1266220 1620.6
1266230 1620.6
1266240 1624.7
1266250 1630.6
1266260 1630.6
1266270 1625.2
1266280 1617.4
1266290 1617.4
1266300 1617.8
1266310 1623.6
1266320 1623.6
1266330 1622.7
1266340 1613.9
1266350 1613.9
1266360 1613.1
1266370 1612.3
1266380 1612.3
1266390 1600.1
1266400 1598.9
1266410 1598.9
1266420 1603.3
1266430 1609.6
1266440 1609.6
1266450 1618.0
1266460 1629.5
1266470 1629.5
1266480 1637.6
1266490 1644.8
1266500 1653.0
1266510 1653.0
1266520 1660.9
1266530 1669.3
1266540 1669.3
1266550 1679.2
1266560 1695.8
1266570 1695.8
1266580 1701.4
1266590 1701.3
1266600 1701.3
1266610 1702.9
1266620 1707.1
1266630 1699.3
1266640 1704.7
1266650 1711.1
1266660 1711.1
1266670 1716.4
1266680 1724.0
1266690 1724.0
1266700 1731.7
1266710 1738.5
1266720 1738.5
1266730 1746.8
1266740 1757.8
1266750 1757.8
1266760 1771.0
1266770 1783.3
1266780 1783.3
1266790 1800.5
1266800 1814.1
1266810 1820.5
1266820 1820.5
1266830 1822.4
1266840 1820.1
1266850 1820.1
1266860 1818.5
1266870 1816.3
1266880 1816.3
1266890 1816.1
1266900 1816.4
1266910 1816.4
1266920 1815.8
1266930 1814.3
1266940 1814.3
1266950 1808.2
1266960 1800.5
1266970 1800.5
1266980 1794.5
1266990 1790.3
1267000 1790.3
1267010 1788.5
1267020 1788.7
1267030 1788.7
1267040 1788.5
1267050 1789.2
1267060 1789.2
1267070 1788.3
1267080 1784.5
1267090 1784.5
1267100 1780.5
1267110 1777.4
1267120 1773.0
1267130 1773.0
1267140 1768.0
1267150 1762.8
1267160 1762.8
1267170 1760.8
1267180 1762.4
1267190 1762.4
1267200 1762.8
1267210 1761.5
1267220 1758.3
1267230 1762.4
1267240 1767.9
1267250 1767.9
1267260 1774.0
1267270 1783.3
1267280 1783.3
1267290 1791.2
1267300 1798.0
1267310 1798.0
1267320 1805.3
1267330 1815.5
1267340 1815.5
1267350 1825.6
1267360 1829.8
1267370 1829.8
1267380 1831.1
1267390 1832.9
1267400 1832.9
1267410 1832.4
1267420 1833.0
1267430 1833.0
1267440 1834.9
1267450 1839.8
1267460 1841.3
1267470 1841.3
1267480 1841.7
1267490 1842.6
1267500 1842.6
1267510 1842.8
1267520 1841.1
1267530 1841.1
1267540 1840.4
1267550 1840.2
1267560 1840.2
1267570 1840.8
1267580 1844.0
1267590 1844.0
1267600 1849.9
1267610 1854.5
1267620 1854.5
1267630 1856.1
1267640 1858.8
1267650 1858.8
1267660 1861.2
1267670 1864.7
1267680 1864.7
1267690 1866.3
1267700 1867.0
1267710 1867.0
1267720 1869.3
1267730 1871.3
1267740 1871.3
1267750 1870.3
1267760 1870.7
1267770 1872.2
1267780 1872.2
1267790 1874.5
1267800 1874.3
1267810 1874.3
1267820 1876.8
1267830 1879.7
1267840 1879.7
1267850 1883.3
1267860 1885.6
1267870 1885.6
1267880 1885.9
1267890 1887.1
1267900 1887.1
1267910 1888.7
1267920 1888.7
1267930 1888.7
1267940 1889.2
1267950 1889.0
1267960 1889.0
1267970 1887.6
1267980 1883.0
1267990 1883.0
1268000 1879.6
1268010 1881.3
1268020 1881.3
1268030 1883.2
1268040 1886.9
1268050 1886.9
1268060 1891.9
1268070 1897.8
1268080 1903.9
1268090 1903.9
1268100 1908.7
1268110 1912.1
1268120 1912.1
1268130 1915.9
1268140 1920.1
1268150 1920.1
1268160 1921.9
1268170 1923.1
1268180 1923.1
1268190 1924.9
1268200 1923.9
1268210 1923.9
1268220 1922.2
1268230 1923.4
1268240 1923.4
1268250 1923.0
1268260 1920.1
1268270 1920.1
1268280 1917.8
1268290 1915.6
1268300 1915.6
1268310 1914.2
1268320 1913.5
1268330 1913.5
1268340 1919.6
1268350 1923.7
1268360 1923.7
1268370 1925.3
1268380 1926.6
1268390 1920.9
1268400 1922.4
1268410 1924.4
1268420 1927.4
1268430 1927.4
1268440 1929.3
1268450 1931.5
1268460 1931.5
1268470 1933.4
1268480 1935.1
1268490 1935.1
1268500 1936.6
1268510 1938.5
1268520 1938.5
1268530 1940.3
1268540 1941.6
1268550 1941.6
1268560 1942.4
1268570 1943.5
1268580 1943.5
1268590 1945.1
1268600 1946.9
1268610 1946.9
1268620 1948.5
1268630 1950.7
1268640 1950.7
1268650 1952.6
1268660 1953.8
1268670 1953.8
1268680 1954.1
1268690 1955.0
1268700 1955.0
1268710 1956.3
1268720 1955.0
1268730 1956.0
1268740 1956.0
1268750 1958.7
1268760 1961.7
1268770 1961.7
1268780 1965.8
1268790 1973.0
1268800 1973.0
1268810 1979.5
1268820 1985.6
1268830 1985.6
1268840 1990.8
1268850 1993.7
1268860 1993.7
1268870 1995.2
1268880 1995.6
1268890 1995.6
1268900 1997.6
1268910 2000.0
1268920 2000.0
1268930 2000.7
1268940 2001.8
1268950 2001.8
1268960 2003.0
1268970 2004.6
1268980 2004.6
1268990 2001.3
1269000 2002.7
1269010 2002.7
1269020 2003.7
1269030 2004.6
1269040 2006.1
1269050 2006.1
1269060 2007.6
1269070 2008.3
1269080 2008.3
1269090 2008.5
1269100 2007.9
1269110 2007.9
1269120 2007.4
1269130 2007.5
1269140 2007.5
1269150 2005.9
1269160 2007.2
1269170 2007.2
1269180 2011.0
1269190 2012.5
1269200 2012.5
1269210 2014.2
1269220 2016.0
1269230 2016.0
1269240 2017.2
1269250 2018.7
1269260 2018.7
1269270 2020.6
1269280 2022.3
1269290 2022.3
1269300 2024.2
1269310 2024.7
1269320 2024.7
1269330 2024.9
1269340 2023.1
1269350 2022.6
1269360 2022.6
1269370 2023.2
1269380 2022.3
1269390 2022.3
1269400 2021.4
1269410 2022.7
1269420 2022.7
1269430 2028.8
1269440 2035.1
1269450 2035.1
1269460 2039.6
1269470 2042.1
1269480 2042.1
1269490 2044.1
1269500 2047.3
1269510 2047.3
1269520 2049.5
1269530 2050.3
1269540 2050.3
1269550 2051.3
1269560 2052.4
1269570 2052.4
1269580 2047.3
1269590 2048.0
1269600 2048.0
1269610 2049.4
1269620 2050.7
1269630 2050.7
1269640 2050.8
1269650 2049.9
1269660 2049.9
1269670 2051.0
1269680 2052.8
1269690 2052.5
1269700 2052.5
1269710 2053.2
1269720 2055.1
1269730 2055.1
1269740 2056.9
1269750 2057.9
1269760 2057.9
1269770 2058.6
1269780 2059.4
1269790 2059.4
1269800 2060.0
1269810 2060.2
1269820 2060.2
1269830 2061.1
1269840 2061.7
1269850 2061.7
1269860 2060.8
1269870 2057.1
1269880 2057.1
1269890 2059.1
1269900 2063.4
1269910 2063.4
1269920 2065.4
1269930 2066.5
1269940 2066.5
1269950 2068.6
1269960 2070.7
1269970 2070.7
1269980 2074.9
1269990 2080.5
1270000 2086.7
1270010 2086.7
1270020 2092.4
1270030 2094.6
1270040 2094.6
1270050 2101.0
1270060 2105.2
1270070 2105.2
1270080 2105.1
1270090 2107.4
1270100 2107.4
1270110 2110.9
1270120 2113.9
1270130 2113.9
1270140 2112.1
1270150 2106.6
1270160 2106.6
1270170 2098.5
1270180 2091.4
1270190 2091.4
1270200 2080.4
1270210 2073.2
1270220 2073.2
1270230 2070.0
1270240 2067.2
1270250 2067.2
1270260 2064.9
1270270 2063.7
1270280 2063.7
1270290 2065.6
1270300 2067.9
1270310 2068.7
1270320 2068.7
1270330 2068.9
1270340 2068.4
1270350 2068.4
1270360 2067.7
1270370 2068.1
1270380 2068.1
1270390 2069.5
1270400 2070.7
1270410 2070.7
1270420 2071.1
1270430 2072.6
1270440 2072.6
1270450 2073.9
1270460 2073.9
1270470 2073.9
1270480 2073.7
1270490 2073.5
1270500 2073.5
1270510 2073.9
1270520 2074.7
1270530 2074.7
1270540 2075.1
1270550 2075.2
1270560 2075.2
1270570 2075.4
1270580 2076.0
1270590 2076.0
1270600 2076.9
1270610 2079.1
1270620 2082.1
1270630 2082.1
1270640 2085.6
1270650 2088.6
1270660 2088.6
1270670 2091.0
1270680 2094.4
1270690 2094.4
1270700 2099.2
1270710 2104.7
1270720 2104.7
1270730 2111.5
1270740 2143.3
1270750 2143.3
1270760 2169.1
1270770 2189.4
1270780 2189.4
1270790 2203.3
1270800 2216.7
1270810 2216.7
1270820 2225.3
1270830 2231.8
1270840 2231.8
1270850 2238.3
1270860 2243.3
1270870 2243.3
1270880 2247.6
1270890 2251.6
1270900 2251.6
1270910 2255.2
1270920 2258.9
1270930 2258.9
1270940 2261.7
1270950 2264.2
1270960 2267.0
1270970 2267.0
1270980 2269.0
1270990 2271.5
1271000 2271.5
1271010 2274.3
1271020 2277.0
1271030 2277.0
1271040 2279.5
1271050 2281.9
1271060 2281.9
1271070 2284.1
1271080 2286.3
1271090 2286.3
1271100 2288.7
1271110 2291.1
1271120 2291.1
1271130 2293.5
1271140 2295.6
1271150 2295.6
1271160 2297.9
1271170 2300.1
1271180 2300.1
1271190 2302.4
1271200 2304.8
1271210 2304.8
1271220 2307.2
1271230 2309.2
1271240 2309.2
1271250 2310.9
1271260 2312.7
1271270 2314.5
1271280 2314.5
1271290 2315.0
1271300 2314.0
1271310 2314.0
1271320 2311.0
1271330 2305.1
1271340 2305.1
1271350 2300.0
1271360 2297.4
1271370 2290.2
1271380 2289.3
1271390 2289.1
1271400 2289.1
1271410 2289.5
1271420 2290.8
1271430 2290.8
1271440 2293.4
1271450 2296.3
1271460 2296.3
1271470 2299.1
1271480 2303.6
1271490 2303.6
1271500 2308.8
1271510 2314.1
1271520 2314.1
1271530 2320.5
1271540 2327.8
1271550 2327.8
1271560 2334.8
1271570 2342.4
1271580 2349.5
1271590 2349.5
1271600 2356.5
1271610 2363.2
1271620 2363.2
1271630 2369.7
1271640 2375.0
1271650 2375.0
1271660 2363.2
1271670 2309.1
1271680 2309.1
1271690 2276.0
1271700 2246.5
1271710 2246.5
1271720 2229.7
1271730 2219.3
1271740 2219.3
1271750 2210.2
1271760 2200.8
1271770 2200.8
1271780 2195.6
1271790 2191.2
1271800 2191.2
1271810 2188.7
1271820 2187.2
1271830 2187.2
1271840 2175.4
1271850 2162.6
1271860 2162.6
1271870 2158.0
1271880 2155.2
1271890 2155.2
1271900 2152.2
1271910 2150.4
1271920 2149.1
1271930 2149.1
1271940 2148.0
1271950 2146.7
1271960 2146.7
1271970 2139.7
1271980 2137.8
1271990 2137.8
1272000 2136.9
1272010 2136.7
1272020 2136.7
1272030 2138.0
1272040 2137.6
1272050 2137.6
1272060 2137.2
1272070 2136.0
1272080 2136.0
1272090 2136.0
1272100 2138.0
1272110 2138.0
1272120 2141.5
1272130 2146.5
1272140 2146.5
1272150 2152.6
1272160 2158.8
1272170 2158.8
1272180 2165.1
1272190 2171.3
1272200 2171.3
1272210 2177.5
1272220 2183.8
1272230 2190.2
1272240 2190.2
1272250 2196.8
1272260 2207.0
1272270 2207.0
1272280 2235.5
1272290 2256.9
1272300 2256.9
1272310 2282.4
1272320 2300.0
1272330 2300.0
1272340 2313.8
1272350 2330.1
1272360 2330.1
1272370 2354.3
1272380 2374.2
1272390 2374.2
1272400 2392.5
1272410 2400.8
1272420 2400.8
1272430 2393.1
1272440 2377.8
1272450 2377.8
1272460 2362.8
1272470 2344.8
1272480 2344.8
1272490 2328.4
1272500 2303.4
1272510 2303.4
1272520 2285.7
1272530 2266.0
1272540 2230.4
1272550 2230.4
1272560 2212.3
1272570 2181.7
1272580 2181.7
1272590 2167.9
1272600 2161.0
1272610 2161.0
1272620 2154.3
1272630 2143.7
1272640 2143.7
1272650 2133.6
1272660 2125.1
1272670 2125.1
1272680 2115.8
1272690 2107.2
1272700 2107.2
1272710 2099.7
1272720 2088.7
1272730 2088.7
1272740 2068.3
1272750 2051.0
1272760 2051.0
1272770 2034.6
1272780 2006.5
1272790 2006.5
1272800 1984.9
1272810 1958.6
1272820 1958.6
1272830 1941.9
1272840 1933.5
1272850 1924.7
1272860 1924.7
1272870 1913.7
1272880 1900.4
1272890 1900.4
1272900 1891.1
1272910 1882.7
1272920 1882.7
1272930 1875.7
1272940 1870.0
1272950 1870.0
1272960 1862.3
1272970 1850.6
1272980 1850.6
1272990 1842.8
1273000 1838.1
1273010 1838.1
1273020 1833.8
1273030 1830.7
1273040 1830.7
1273050 1827.4
1273060 1822.7
1273070 1822.7
1273080 1818.7
1273090 1814.2
1273100 1814.2
1273110 1810.0
1273120 1806.4
1273130 1806.4
1273140 1802.9
1273150 1799.2
1273160 1799.2
1273170 1797.4
1273180 1793.1
1273190 1788.7
1273200 1788.7
1273210 1783.7
1273220 1779.3
1273230 1779.3
1273240 1774.8
1273250 1770.5
1273260 1770.5
1273270 1767.0
1273280 1762.7
1273290 1762.7
1273300 1758.5
1273310 1754.7
1273320 1754.7
1273330 1749.9
1273340 1745.4
1273350 1745.4
1273360 1742.4
1273370 1739.0
1273380 1739.0
1273390 1734.9
1273400 1731.1
1273410 1731.1
1273420 1728.2
1273430 1724.7
1273440 1724.7
1273450 1720.6
1273460 1717.0
1273470 1717.0
1273480 1713.0
1273490 1708.8
1273500 1704.2
1273510 1704.2
1273520 1698.9
1273530 1692.8
1273540 1692.8
1273550 1684.6
1273560 1676.9
1273570 1676.9
1273580 1673.1
1273590 1669.1
1273600 1669.1
1273610 1665.5
1273620 1662.0
1273630 1662.0
1273640 1658.1
1273650 1653.7
1273660 1653.7
1273670 1649.5
1273680 1646.2
1273690 1646.2
1273700 1643.4
1273710 1640.6
1273720 1640.6
1273730 1638.6
1273740 1636.0
1273750 1636.0
1273760 1632.8
1273770 1628.1
1273780 1632.8
1273790 1630.4
1273800 1628.2
1273810 1629.2
1273820 1629.2
1273830 1633.8
1273840 1639.0
1273850 1639.0
1273860 1643.2
1273870 1646.6
1273880 1646.6
1273890 1649.1
1273900 1650.0
1273910 1650.0
1273920 1647.0
1273930 1647.5
1273940 1647.5
1273950 1653.1
1273960 1659.7
1273970 1659.7
1273980 1663.8
1273990 1659.8
1274000 1659.8
1274010 1659.2
1274020 1667.5
1274030 1667.5
1274040 1663.1
1274050 1658.0
1274060 1658.0
1274070 1662.9
1274080 1667.3
1274090 1667.3
1274100 1665.5
1274110 1658.5
1274120 1655.5
1274130 1655.5
1274140 1652.4
1274150 1650.5
1274160 1650.5
1274170 1645.1
1274180 1638.2
1274190 1638.2
1274200 1616.4
1274210 1606.8
1274220 1606.8
1274230 1601.4
1274240 1593.7
1274250 1593.7
1274260 1585.1
1274270 1577.0
1274280 1577.0
1274290 1563.0
1274300 1561.5
1274310 1561.5
1274320 1560.2
1274330 1554.0
1274340 1554.0
1274350 1547.6
1274360 1541.4
1274370 1541.4
1274380 1550.4
1274390 1544.2
1274400 1544.2
1274410 1537.1
1274420 1544.3
1274430 1544.3
1274440 1540.4
1274450 1526.5
1274460 1522.8
1274470 1522.8
1274480 1517.1
1274490 1511.9
1274500 1511.9
1274510 1505.7
1274520 1501.8
1274530 1501.8
1274540 1497.3
1274550 1497.0
1274560 1497.0
1274570 1494.0
1274580 1484.5
1274590 1484.5
1274600 1468.8
1274610 1458.8
1274620 1458.8
1274630 1452.7
1274640 1449.1
1274650 1449.1
1274660 1449.9
1274670 1448.8
1274680 1448.8
1274690 1449.6
1274700 1450.9
1274710 1450.9
1274720 1452.2
1274730 1451.5
1274740 1451.5
1274750 1450.9
1274760 1450.4
1274770 1443.1
1274780 1443.1
1274790 1433.9
1274800 1421.6
1274810 1421.6
1274820 1418.2
1274830 1426.7
1274840 1426.7
1274850 1429.1
1274860 1428.8
1274870 1428.8
1274880 1427.4
1274890 1423.3
1274900 1423.3
1274910 1419.8
1274920 1416.2
1274930 1416.2
1274940 1410.7
1274950 1403.9
1274960 1403.9
1274970 1397.1
1274980 1386.7
1274990 1408.2
1275000 1403.0
1275010 1395.6
1275020 1395.6
1275030 1382.2
1275040 1363.8
1275050 1363.8
1275060 1332.7
1275070 1317.5
1275080 1320.0
1275090 1320.0
1275100 1326.2
1275110 1332.8
1275120 1332.8
1275130 1336.1
1275140 1337.8
1275150 1337.8
1275160 1341.1
1275170 1348.1
1275180 1348.1
1275190 1351.7
1275200 1351.2
1275210 1351.2
1275220 1350.2
1275230 1349.5
1275240 1349.5
1275250 1352.5
1275260 1356.2
1275270 1356.2
1275280 1356.2
1275290 1356.6
1275300 1356.6
1275310 1358.2
1275320 1356.3
1275330 1356.3
1275340 1354.7
1275350 1360.5
1275360 1360.5
1275370 1366.7
1275380 1378.2
1275390 1378.2
1275400 1390.9
1275410 1397.5
1275420 1404.8
1275430 1404.8
1275440 1410.1
1275450 1419.7
1275460 1419.7
1275470 1442.9
1275480 1497.5
1275490 1497.5
1275500 1528.7
1275510 1548.7
1275520 1548.7
1275530 1559.7
1275540 1566.2
1275550 1566.2
1275560 1568.1
1275570 1568.7
1275580 1568.7
1275590 1577.3
1275600 1610.4
1275610 1610.4
1275620 1620.0
1275630 1623.5
1275640 1623.5
1275650 1627.0
1275660 1638.2
1275670 1638.2
1275680 1647.1
1275690 1654.4
1275700 1654.4
1275710 1661.9
1275720 1671.4
1275730 1682.1
1275740 1682.1
1275750 1691.0
1275760 1698.8
1275770 1698.8
1275780 1705.7
1275790 1713.4
1275800 1713.4
1275810 1707.2
1275820 1708.3
1275830 1708.3
1275840 1701.6
1275850 1694.1
1275860 1694.1
1275870 1690.4
1275880 1689.6
1275890 1689.6
1275900 1698.1
1275910 1709.7
1275920 1709.7
1275930 1717.8
1275940 1720.0
1275950 1720.0
1275960 1722.6
1275970 1724.1
1275980 1724.1
1275990 1723.9
1276000 1720.7
1276010 1720.7
1276020 1713.1
1276030 1703.7
1276040 1705.4
1276050 1705.4
1276060 1708.9
1276070 1714.8
1276080 1714.8
1276090 1727.8
1276100 1748.0
1276110 1748.0
1276120 1763.9
1276130 1771.3
1276140 1771.3
1276150 1782.4
1276160 1795.9
1276170 1795.9
1276180 1801.2
1276190 1802.0
1276200 1802.0
1276210 1812.3
1276220 1809.6
1276230 1809.6
1276240 1806.5
1276250 1802.7
1276260 1802.7
1276270 1795.5
1276280 1787.3
1276290 1787.3
1276300 1778.2
1276310 1780.2
1276320 1780.2
1276330 1789.0
1276340 1796.8
1276350 1804.6
1276360 1804.6
1276370 1807.9
1276380 1804.2
1276390 1804.2
1276400 1795.6
1276410 1783.2
1276420 1783.2
1276430 1775.5
1276440 1778.1
1276450 1778.1
1276460 1772.7
1276470 1757.6
1276480 1757.6
1276490 1751.5
1276500 1744.6
1276510 1744.6
1276520 1740.2
1276530 1742.9
1276540 1742.9
1276550 1747.7
1276560 1752.7
1276570 1752.7
1276580 1757.0
1276590 1761.1
1276600 1761.1
1276610 1764.7
1276620 1769.7
1276630 1769.7
1276640 1778.0
1276650 1781.5
1276660 1781.5
1276670 1781.3
1276680 1780.2
1276690 1778.5
1276700 1778.5
1276710 1777.4
1276720 1776.4
1276730 1776.4
1276740 1776.1
1276750 1778.3
1276760 1778.3
1276770 1788.2
1276780 1798.5
1276790 1798.5
1276800 1808.5
1276810 1817.3
1276820 1817.3
1276830 1846.3
1276840 1852.8
1276850 1852.8
1276860 1861.0
1276870 1869.6
1276880 1869.6
1276890 1863.1
1276900 1855.4
1276910 1855.4
1276920 1848.8
1276930 1840.1
1276940 1840.1
1276950 1832.2
1276960 1821.8
1276970 1821.8
1276980 1802.7
1276990 1783.8
1277000 1770.7
1277010 1770.7
1277020 1761.6
1277030 1753.4
1277040 1753.4
1277050 1743.3
1277060 1735.9
1277070 1735.9
1277080 1729.3
1277090 1723.5
1277100 1723.5
1277110 1717.2
1277120 1710.5
1277130 1710.5
1277140 1704.4
1277150 1699.9
1277160 1699.9
1277170 1695.5
1277180 1692.7
1277190 1692.7
1277200 1693.4
1277210 1695.8
1277220 1695.8
1277230 1696.8
1277240 1695.5
1277250 1695.5
1277260 1689.7
1277270 1681.3
1277280 1681.3
1277290 1669.8
1277300 1655.9
1277310 1645.5
1277320 1645.5
1277330 1636.0
1277340 1628.6
1277350 1628.6
1277360 1627.6
1277370 1626.3
1277380 1626.3
1277390 1621.1
1277400 1617.1
1277410 1617.1
1277420 1607.7
1277430 1590.9
1277440 1589.4
1277450 1573.1
1277460 1566.3
1277470 1566.3
1277480 1563.6
1277490 1560.7
1277500 1560.7
1277510 1557.1
1277520 1553.0
1277530 1553.0
1277540 1545.3
1277550 1538.1
1277560 1538.1
1277570 1532.7
1277580 1528.3
1277590 1528.3
1277600 1523.0
1277610 1518.0
1277620 1514.5
1277630 1514.5
1277640 1509.2
1277650 1504.7
1277660 1504.7
1277670 1499.5
1277680 1494.3
1277690 1494.3
1277700 1489.7
1277710 1484.7
1277720 1484.7
1277730 1479.4
1277740 1474.4
1277750 1474.4
1277760 1469.2
1277770 1462.1
1277780 1462.1
1277790 1455.2
1277800 1449.4
1277810 1449.4
1277820 1442.8
1277830 1434.1
1277840 1434.1
1277850 1425.3
1277860 1417.9
1277870 1417.9
1277880 1410.0
1277890 1401.2
1277900 1401.2
1277910 1386.9
1277920 1371.2
1277930 1371.2
1277940 1360.1
1277950 1351.4
1277960 1341.3
1277970 1341.3
1277980 1335.3
1277990 1339.3
1278000 1339.3
1278010 1349.4
1278020 1353.8
1278030 1353.8
1278040 1346.4
1278050 1336.8
1278060 1347.2
1278070 1335.9
1278080 1323.2
1278090 1323.2
1278100 1302.4
1278110 1280.0
1278120 1280.0
1278130 1276.5
1278140 1267.7
1278150 1267.7
1278160 1254.5
1278170 1243.7
1278180 1243.7
1278190 1238.0
1278200 1231.7
1278210 1231.7
1278220 1225.4
1278230 1219.8
1278240 1219.8
1278250 1214.9
1278260 1210.7
1278270 1206.3
1278280 1206.3
1278290 1200.9
1278300 1194.7
1278310 1194.7
1278320 1188.6
1278330 1183.1
1278340 1183.1
1278350 1178.4
1278360 1174.6
1278370 1174.6
1278380 1171.6
1278390 1168.7
1278400 1168.7
1278410 1166.2
1278420 1164.8
1278430 1164.8
1278440 1163.2
1278450 1160.7
1278460 1160.7
1278470 1157.3
1278480 1153.1
1278490 1153.1
1278500 1149.1
1278510 1145.7
1278520 1145.7
1278530 1142.6
1278540 1139.8
1278550 1139.8
1278560 1135.5
1278570 1132.0
1278580 1128.2
1278590 1128.2
1278600 1124.8
1278610 1121.1
1278620 1121.1
1278630 1117.2
1278640 1112.6
1278650 1112.6
1278660 1108.2
1278670 1105.1
1278680 1102.9
1278690 1099.9
1278700 1097.6
1278710 1097.6
1278720 1095.6
1278730 1094.2
1278740 1094.2
1278750 1092.8
1278760 1090.2
1278770 1090.2
1278780 1087.1
1278790 1081.9
1278800 1081.9
1278810 1075.0
1278820 1068.8
1278830 1068.8
1278840 1066.0
1278850 1065.8
1278860 1065.8
1278870 1065.3
1278880 1064.9
1278890 1066.8
1278900 1066.8
1278910 1069.3
1278920 1072.5
1278930 1072.5
1278940 1077.7
1278950 1082.2
1278960 1082.2
1278970 1086.8
1278980 1091.6
1278990 1091.6
1279000 1096.0
1279010 1100.3
1279020 1100.3
1279030 1105.2
1279040 1110.0
1279050 1110.0
1279060 1113.4
1279070 1118.7
1279080 1118.7
1279090 1123.1
1279100 1127.3
1279110 1127.3
1279120 1131.4
1279130 1136.6
1279140 1136.6
1279150 1142.0
1279160 1146.5
1279170 1146.5
1279180 1151.1
1279190 1155.6
1279200 1155.6
1279210 1159.4
1279220 1163.6
1279230 1167.5
1279240 1167.5
1279250 1170.7
1279260 1171.4
1279270 1171.4
1279280 1171.8
1279290 1173.9
1279300 1177.1
1279310 1178.5
1279320 1180.4
1279330 1180.4
1279340 1181.3
1279350 1183.5
1279360 1183.5
1279370 1188.6
1279380 1195.3
1279390 1195.3
1279400 1202.8
1279410 1210.9
1279420 1210.9
1279430 1218.7
1279440 1229.1
1279450 1229.1
1279460 1248.5
1279470 1263.3
1279480 1263.3
1279490 1281.5
1279500 1296.7
1279510 1296.7
1279520 1289.9
1279530 1293.2
1279540 1310.2
1279550 1310.2
1279560 1321.8
1279570 1334.6
1279580 1334.6
1279590 1349.3
1279600 1371.0
1279610 1371.0
1279620 1386.5
1279630 1404.7
1279640 1404.7
1279650 1416.7
1279660 1435.8
1279670 1435.8
1279680 1455.2
1279690 1476.1
1279700 1476.1
1279710 1488.9
1279720 1501.9
1279730 1501.9
1279740 1515.0
1279750 1522.9
1279760 1522.9
1279770 1530.8
1279780 1539.9
1279790 1539.9
1279800 1549.5
1279810 1559.9
1279820 1559.9
1279830 1568.0
1279840 1575.3
1279850 1586.6
1279860 1586.6
1279870 1592.7
1279880 1607.5
1279890 1607.5
1279900 1617.0
1279910 1623.0
1279920 1629.6
1279930 1638.0
1279940 1649.9
1279950 1649.9
1279960 1657.5
1279970 1666.4
1279980 1666.4
1279990 1683.6
