1260720 1928.2
1260730 1928.2
1260740 1935.9
1260750 1945.8
1260760 1945.8
1260770 1951.6
1260780 1958.4
1260790 1958.4
1260800 1967.1
1260810 1972.2
1260820 1972.2
1260830 1977.8
1260840 1985.4
1260850 1985.4
1260860 1994.5
1260870 2005.7
1260880 2005.7
1260890 2014.2
1260900 2022.9
1260910 2022.9
1260920 2032.7
1260930 2047.9
1260940 2058.1
1260950 2058.1
1260960 2066.9
1260970 2075.3
1260980 2075.3
1260990 2083.8
1261000 2091.8
1261010 2091.8
1261020 2098.4
1261030 2105.8
1261040 2105.8
1261050 2110.5
1261060 2117.3
1261070 2117.3
1261080 2113.1
1261090 2109.9
1261100 2109.9
1261110 2106.9
1261120 2099.8
1261130 2099.8
1261140 2091.0
1261150 2085.9
1261160 2085.9
1261170 2080.3
1261180 2078.7
1261190 2078.7
1261200 2078.1
1261210 2078.4
1261220 2078.4
1261230 2078.8
1261240 2079.7
1261250 2081.6
1261260 2081.6
1261270 2084.1
1261280 2086.7
1261290 2086.7
1261300 2090.3
1261310 2098.4
1261320 2098.4
1261330 2113.0
1261340 2129.3
1261350 2129.3
1261360 2141.2
1261370 2149.4
1261380 2149.4
1261390 2154.6
1261400 2161.2
1261410 2161.2
1261420 2170.1
1261430 2180.9
1261440 2180.9
1261450 2192.9
1261460 2200.7
1261470 2200.7
1261480 2206.5
1261490 2216.5
1261500 2216.5
1261510 2228.2
1261520 2241.8
1261530 2241.8
1261540 2263.9
1261550 2283.7
1261560 2283.7
1261570 2298.0
1261580 2319.4
1261590 2338.6
1261600 2338.6
1261610 2337.0
1261620 2340.9
1261630 2341.6
1261640 2349.8
1261650 2359.5
1261660 2359.5
1261670 2370.4
1261680 2376.1
1261690 2376.1
1261700 2367.1
1261710 2355.3
1261720 2355.3
1261730 2340.9
1261740 2328.2
1261750 2328.2
1261760 2324.0
1261770 2318.8
1261780 2318.8
1261790 2307.8
1261800 2290.9
1261810 2290.9
1261820 2272.8
1261830 2253.3
1261840 2253.3
1261850 2237.6
1261860 2221.3
1261870 2221.3
1261880 2205.8
1261890 2195.9
1261900 2188.4
1261910 2188.4
1261920 2182.7
1261930 2177.4
1261940 2177.4
1261950 2171.9
1261960 2165.9
1261970 2165.9
1261980 2159.7
1261990 2153.6
1262000 2153.6
1262010 2147.7
1262020 2141.8
1262030 2141.8
1262040 2136.0
1262050 2130.2
1262060 2130.2
1262070 2124.3
1262080 2118.1
1262090 2118.1
1262100 2112.1
1262110 2107.3
1262120 2107.3
1262130 2103.4
1262140 2099.6
1262150 2099.6
1262160 2096.8
1262170 2093.7
1262180 2093.7
1262190 2091.6
1262200 2091.0
1262210 2088.0
1262220 2088.0
1262230 2083.7
1262240 2082.3
1262250 2082.3
1262260 2081.2
1262270 2081.9
1262280 2081.9
1262290 2084.9
1262300 2086.5
1262310 2086.5
1262320 2084.7
1262330 2084.2
1262340 2084.2
1262350 2085.4
1262360 2087.1
1262370 2087.1
1262380 2090.3
1262390 2094.9
1262400 2094.9
1262410 2098.9
1262420 2101.6
1262430 2101.6
1262440 2104.1
1262450 2106.4
1262460 2106.4
1262470 2107.2
1262480 2109.8
1262490 2109.8
1262500 2113.8
1262510 2118.2
1262520 2118.2
1262530 2122.8
1262540 2128.4
1262550 2133.7
1262560 2133.7
1262570 2137.3
1262580 2139.6
1262590 2139.6
1262600 2141.7
1262610 2144.0
1262620 2144.0
1262630 2149.1
1262640 2150.4
1262650 2150.4
1262660 2149.7
1262670 2149.5
1262680 2149.5
1262690 2148.9
1262700 2148.0
1262710 2148.0
1262720 2146.8
1262730 2144.7
1262740 2144.7
1262750 2141.9
1262760 2136.8
1262770 2136.8
1262780 2137.5
1262790 2139.2
1262800 2139.2
1262810 2139.8
1262820 2139.7
1262830 2139.7
1262840 2139.0
1262850 2137.5
1262860 2135.8
1262870 2135.8
1262880 2135.0
1262890 2135.3
1262900 2135.3
1262910 2134.6
1262920 2135.0
1262930 2135.0
1262940 2137.7
1262950 2141.3
1262960 2141.3
1262970 2145.8
1262980 2150.0
1262990 2150.0
1263000 2154.9
1263010 2160.3
1263020 2160.3
1263030 2164.8
1263040 2169.8
1263050 2169.8
1263060 2175.6
1263070 2186.3
1263080 2186.3
1263090 2208.5
1263100 2222.9
1263110 2222.9
1263120 2227.0
1263130 2236.1
1263140 2236.1
1263150 2262.1
1263160 2277.2
1263170 2285.5
1263180 2285.5
1263190 2296.7
1263200 2306.0
1263210 2306.0
1263220 2313.0
1263230 2321.7
1263240 2321.7
1263250 2329.5
1263260 2334.6
1263270 2334.6
1263280 2340.4
1263290 2347.3
1263300 2347.3
1263310 2355.6
1263320 2362.6
1263330 2362.6
1263340 2368.9
1263350 2375.6
1263360 2374.6
1263370 2381.5
1263380 2388.6
1263390 2388.6
1263400 2396.0
1263410 2404.9
1263420 2404.9
1263430 2416.0
1263440 2425.0
1263450 2425.0
1263460 2433.1
1263470 2442.7
1263480 2442.7
1263490 2437.7
1263500 2424.2
1263510 2408.9
1263520 2408.9
1263530 2395.9
1263540 2385.3
1263550 2385.3
1263560 2376.7
1263570 2367.5
1263580 2367.5
1263590 2356.3
1263600 2346.6
1263610 2346.6
1263620 2336.7
1263630 2328.5
1263640 2328.5
1263650 2321.5
1263660 2311.6
1263670 2311.6
1263680 2299.0
1263690 2283.9
1263700 2283.9
1263710 2266.5
1263720 2252.7
1263730 2252.7
1263740 2237.4
1263750 2222.7
1263760 2222.7
1263770 2201.7
1263780 2180.7
1263790 2180.7
1263800 2170.7
1263810 2164.8
1263820 2159.0
1263830 2159.0
1263840 2153.5
1263850 2147.9
1263860 2147.9
1263870 2142.5
1263880 2136.7
1263890 2136.7
1263900 2130.6
1263910 2125.1
1263920 2125.1
1263930 2120.0
1263940 2111.8
1263950 2111.8
1263960 2106.5
1263970 2099.0
1263980 2099.0
1263990 2089.0
1264000 2078.3
1264010 2078.3
1264020 2072.0
1264030 2067.1
1264040 2067.1
1264050 2061.5
1264060 2057.0
1264070 2057.0
1264080 2053.2
1264090 2049.5
1264100 2049.5
1264110 2045.6
1264120 2041.6
1264130 2037.3
1264140 2037.3
1264150 2032.9
1264160 2029.7
1264170 2029.7
1264180 2028.7
1264190 2027.7
1264200 2027.7
1264210 2026.2
1264220 2026.2
1264230 2026.2
1264240 2026.5
1264250 2026.2
1264260 2026.2
1264270 2026.8
1264280 2028.5
1264290 2028.5
1264300 2032.4
1264310 2038.4
1264320 2038.4
1264330 2045.0
1264340 2050.1
1264350 2050.1
1264360 2056.0
1264370 2062.1
1264380 2062.1
1264390 2065.9
1264400 2069.1
1264410 2069.1
1264420 2072.4
1264430 2076.1
1264440 2076.1
1264450 2080.3
1264460 2084.4
1264470 2088.2
1264480 2088.2
1264490 2092.3
1264500 2098.2
1264510 2098.2
1264520 2103.7
1264530 2109.2
1264540 2109.2
1264550 2114.5
1264560 2118.7
1264570 2118.7
1264580 2122.2
1264590 2123.7
1264600 2123.7
1264610 2126.2
1264620 2129.5
1264630 2129.5
1264640 2134.0
1264650 2140.2
1264660 2140.2
1264670 2145.0
1264680 2146.5
1264690 2146.5
1264700 2149.0
1264710 2156.5
1264720 2156.5
1264730 2167.4
1264740 2176.3
1264750 2176.3
1264760 2182.7
1264770 2190.5
1264780 2196.9
1264790 2196.9
1264800 2201.8
1264810 2207.0
1264820 2207.0
1264830 2212.2
1264840 2217.2
1264850 2217.2
1264860 2212.4
1264870 2197.4
1264880 2197.4
1264890 2187.4
1264900 2183.4
1264910 2183.4
1264920 2183.0
1264930 2179.8
1264940 2179.8
1264950 2170.2
1264960 2167.6
1264970 2167.6
1264980 2167.1
1264990 2169.3
1265000 2169.3
1265010 2176.4
1265020 2173.9
1265030 2173.9
1265040 2163.9
1265050 2155.1
1265060 2155.1
1265070 2148.3
1265080 2149.4
1265090 2154.3
1265100 2165.9
1265110 2166.6
1265120 2169.7
1265130 2169.7
1265140 2173.0
1265150 2173.5
1265160 2173.5
1265170 2168.2
1265180 2158.8
1265190 2158.8
1265200 2157.4
1265210 2154.7
1265220 2154.7
1265230 2147.9
1265240 2136.4
1265250 2136.4
1265260 2126.0
1265270 2115.9
1265280 2115.9
1265290 2107.3
1265300 2100.2
1265310 2100.2
1265320 2094.5
1265330 2087.8
1265340 2087.8
1265350 2085.3
1265360 2084.0
1265370 2084.0
1265380 2084.7
1265390 2090.8
1265400 2090.8
1265410 2099.2
1265420 2099.1
1265430 2093.3
1265440 2093.3
1265450 2089.4
1265460 2086.0
1265470 2086.0
1265480 2081.0
1265490 2082.7
1265500 2082.7
1265510 2095.7
1265520 2094.9
1265530 2094.9
1265540 2093.8
1265550 2091.6
1265560 2091.6
1265570 2089.6
1265580 2085.5
1265590 2085.5
1265600 2081.2
1265610 2071.4
1265620 2071.4
1265630 2063.5
1265640 2053.2
1265650 2053.2
1265660 2034.2
1265670 2021.2
1265680 2027.0
1265690 2025.7
1265700 2026.9
1265710 2026.9
1265720 2018.8
1265730 2012.7
1265740 2012.6
1265750 2012.6
1265760 2013.1
1265770 2014.2
1265780 2014.2
1265790 2009.9
1265800 2013.8
1265810 2013.8
1265820 2021.7
1265830 2024.5
1265840 2024.5
1265850 2028.5
1265860 2034.7
1265870 2034.7
1265880 2040.3
1265890 2045.5
1265900 2045.5
1265910 2050.2
1265920 2053.7
1265930 2053.7
1265940 2052.6
1265950 2049.3
1265960 2049.3
1265970 2043.4
1265980 2039.1
1265990 2039.1
1266000 2004.2
1266010 1973.1
1266020 1973.1
1266030 1951.8
1266040 1927.5
1266050 1927.5
1266060 1912.2
1266070 1898.4
1266080 1874.3
1266090 1874.3
1266100 1867.9
1266110 1864.1
1266120 1864.1
1266130 1860.3
1266140 1856.1
1266150 1856.1
1266160 1851.4
1266170 1846.4
1266180 1846.4
1266190 1841.1
1266200 1835.5
1266210 1835.5
1266220 1829.6
1266230 1823.6
1266240 1823.6
1266250 1817.5
1266260 1813.8
1266270 1813.8
1266280 1807.8
1266290 1801.9
1266300 1801.9
1266310 1796.1
1266320 1789.9
1266330 1789.9
1266340 1783.9
1266350 1778.4
1266360 1778.4
1266370 1773.4
1266380 1768.7
1266390 1764.3
1266400 1764.3
1266410 1760.7
1266420 1757.8
1266430 1757.8
1266440 1756.6
1266450 1757.7
1266460 1757.7
1266470 1760.1
1266480 1762.2
1266490 1762.2
1266500 1762.0
1266510 1757.4
1266520 1757.4
1266530 1750.5
1266540 1746.4
1266550 1746.4
1266560 1747.0
1266570 1748.7
1266580 1748.7
1266590 1749.9
1266600 1750.6
1266610 1750.6
1266620 1749.8
1266630 1750.1
1266640 1750.1
1266650 1749.9
1266660 1749.1
1266670 1749.1
1266680 1751.1
1266690 1752.8
1266700 1754.4
1266710 1754.4
1266720 1756.5
1266730 1759.8
1266740 1759.8
1266750 1764.3
1266760 1769.0
1266770 1769.0
1266780 1773.2
1266790 1775.8
1266800 1775.8
1266810 1777.7
1266820 1779.6
1266830 1779.6
1266840 1781.2
1266850 1784.2
1266860 1784.2
1266870 1784.9
1266880 1786.9
1266890 1786.9
1266900 1789.3
1266910 1791.2
1266920 1791.2
1266930 1793.3
1266940 1796.4
1266950 1796.4
1266960 1799.7
1266970 1803.3
1266980 1803.3
1266990 1807.8
1267000 1811.4
1267010 1811.4
1267020 1814.8
1267030 1818.0
1267040 1821.6
1267050 1821.6
1267060 1825.7
1267070 1829.9
1267080 1829.9
1267090 1833.3
1267100 1836.7
1267110 1836.7
1267120 1840.7
1267130 1845.4
1267140 1845.4
1267150 1850.5
1267160 1856.0
1267170 1856.0
1267180 1862.1
1267190 1868.3
1267200 1868.3
1267210 1874.6
1267220 1880.9
1267230 1880.9
1267240 1887.4
1267250 1894.2
1267260 1894.2
1267270 1901.1
1267280 1907.9
1267290 1907.9
1267300 1914.6
1267310 1921.3
1267320 1921.3
1267330 1927.9
1267340 1934.5
1267350 1941.0
1267360 1941.0
1267370 1947.3
1267380 1953.5
1267390 1953.5
1267400 1961.7
1267410 1976.6
1267420 1976.6
1267430 1992.5
1267440 2005.9
1267450 2005.9
1267460 2018.6
1267470 2037.2
1267480 2037.2
1267490 2055.4
1267500 2072.1
1267510 2072.1
1267520 2084.3
1267530 2094.2
1267540 2094.2
1267550 2103.8
1267560 2113.1
1267570 2113.1
1267580 2120.5
1267590 2127.2
1267600 2127.2
1267610 2134.8
1267620 2144.6
1267630 2144.6
1267640 2155.7
1267650 2175.6
1267660 2198.2
1267670 2198.2
1267680 2218.2
1267690 2232.6
1267700 2232.6
1267710 2246.7
1267720 2264.2
1267730 2264.2
1267740 2285.9
1267750 2299.2
1267760 2299.2
1267770 2299.0
1267780 2297.1
1267790 2297.1
1267800 2297.1
1267810 2299.4
1267820 2299.4
1267830 2300.0
1267840 2301.4
1267850 2301.4
1267860 2302.7
1267870 2303.8
1267880 2303.8
1267890 2301.1
1267900 2296.8
1267910 2296.8
1267920 2295.1
1267930 2294.5
1267940 2294.5
1267950 2294.6
1267960 2295.2
1267970 2295.2
1267980 2289.7
1267990 2284.4
1268000 2281.7
1268010 2281.7
1268020 2278.3
1268030 2266.5
1268040 2266.5
1268050 2263.3
1268060 2261.6
1268070 2261.6
1268080 2259.0
1268090 2254.9
1268100 2254.9
1268110 2250.0
1268120 2247.8
1268130 2247.8
1268140 2245.9
1268150 2242.9
1268160 2242.9
1268170 2240.7
1268180 2238.1
1268190 2238.1
1268200 2234.8
1268210 2233.1
1268220 2233.1
1268230 2231.3
1268240 2229.1
1268250 2229.1
1268260 2226.7
1268270 2224.3
1268280 2224.3
1268290 2221.6
1268300 2220.4
1268310 2219.7
1268320 2219.7
1268330 2217.5
1268340 2212.0
1268350 2212.0
1268360 2208.9
1268370 2208.1
1268380 2208.1
1268390 2206.4
1268400 2203.7
1268410 2203.7
1268420 2201.6
1268430 2200.7
1268440 2200.7
1268450 2200.4
1268460 2199.9
1268470 2199.9
1268480 2200.9
1268490 2203.0
1268500 2203.0
1268510 2204.1
1268520 2204.0
1268530 2204.0
1268540 2204.5
1268550 2205.7
1268560 2205.7
1268570 2207.4
1268580 2210.7
1268590 2210.7
1268600 2214.1
1268610 2217.8
1268620 2217.3
1268630 2217.3
1268640 2222.5
1268650 2230.0
1268660 2230.0
1268670 2235.2
1268680 2237.4
1268690 2237.4
1268700 2239.3
1268710 2240.5
1268720 2240.5
1268730 2240.2
1268740 2240.8
1268750 2240.8
1268760 2242.4
1268770 2241.2
1268780 2241.2
1268790 2241.3
1268800 2239.7
1268810 2239.7
1268820 2237.2
1268830 2234.1
1268840 2234.1
1268850 2230.6
1268860 2227.4
1268870 2227.4
1268880 2225.9
1268890 2222.8
1268900 2222.8
1268910 2219.7
1268920 2219.9
1268930 2219.9
1268940 2223.1
1268950 2226.6
1268960 2230.0
1268970 2230.0
1268980 2232.2
1268990 2234.7
1269000 2234.7
1269010 2237.9
1269020 2240.5
1269030 2240.5
1269040 2242.6
1269050 2242.8
1269060 2242.8
1269070 2244.2
1269080 2246.2
1269090 2246.2
1269100 2249.5
1269110 2253.3
1269120 2253.3
1269130 2256.0
1269140 2259.2
1269150 2259.2
1269160 2263.6
1269170 2268.2
1269180 2268.2
1269190 2273.1
1269200 2278.7
1269210 2275.7
1269220 2283.0
1269230 2291.6
1269240 2291.6
1269250 2302.9
1269260 2314.9
1269270 2328.0
1269280 2328.0
1269290 2336.2
1269300 2344.0
1269310 2344.0
1269320 2352.3
1269330 2363.0
1269340 2363.0
1269350 2379.4
1269360 2394.5
1269370 2394.5
1269380 2404.4
1269390 2412.3
1269400 2412.3
1269410 2419.8
1269420 2426.8
1269430 2426.8
1269440 2432.8
1269450 2432.6
1269460 2432.6
1269470 2428.8
1269480 2424.7
1269490 2424.7
1269500 2422.3
1269510 2421.4
1269520 2421.4
1269530 2420.3
1269540 2420.0
1269550 2420.0
1269560 2419.4
1269570 2418.5
1269580 2418.2
1269590 2418.2
1269600 2418.3
1269610 2419.6
1269620 2419.6
1269630 2421.9
1269640 2423.5
1269650 2423.5
1269660 2425.8
1269670 2427.7
1269680 2427.7
1269690 2431.3
1269700 2432.6
1269710 2432.6
1269720 2405.2
1269730 2368.3
1269740 2368.3
1269750 2353.6
1269760 2349.6
1269770 2349.6
1269780 2349.6
1269790 2350.6
1269800 2355.6
1269810 2357.4
1269820 2360.5
1269830 2360.5
1269840 2364.9
1269850 2372.5
1269860 2372.5
1269870 2382.2
1269880 2395.4
1269890 2395.4
1269900 2407.9
1269910 2420.3
1269920 2439.9
1269930 2439.9
1269940 2458.3
1269950 2472.1
1269960 2472.1
1269970 2476.2
1269980 2475.2
1269990 2475.2
1270000 2472.1
1270010 2469.5
1270020 2469.5
1270030 2469.5
1270040 2469.8
1270050 2469.8
1270060 2470.7
1270070 2471.9
1270080 2471.9
1270090 2473.6
1270100 2476.4
1270110 2476.4
1270120 2480.4
1270130 2483.8
1270140 2483.8
1270150 2486.0
1270160 2490.3
1270170 2490.3
1270180 2495.4
1270190 2499.8
1270200 2499.8
1270210 2503.3
1270220 2506.8
1270230 2511.1
1270240 2511.1
1270250 2514.7
1270260 2517.5
1270270 2517.5
1270280 2519.7
1270290 2520.6
1270300 2520.6
1270310 2517.0
1270320 2506.3
1270330 2506.3
1270340 2493.2
1270350 2480.8
1270360 2480.8
1270370 2469.8
1270380 2459.6
1270390 2459.6
1270400 2445.1
1270410 2433.1
1270420 2433.1
1270430 2424.8
1270440 2420.7
1270450 2420.7
1270460 2413.8
1270470 2401.6
1270480 2401.6
1270490 2391.2
1270500 2381.9
1270510 2381.9
1270520 2372.1
1270530 2362.8
1270540 2356.1
1270550 2356.1
1270560 2345.2
1270570 2338.5
1270580 2338.5
1270590 2321.5
1270600 2308.0
1270610 2308.0
1270620 2303.3
1270630 2301.2
1270640 2301.2
1270650 2296.7
1270660 2295.6
1270670 2295.6
1270680 2295.1
1270690 2294.7
1270700 2294.7
1270710 2292.1
1270720 2285.1
1270730 2285.1
1270740 2284.2
1270750 2284.7
1270760 2284.7
1270770 2288.1
1270780 2289.0
1270790 2289.0
1270800 2290.1
1270810 2296.1
1270820 2296.1
1270830 2302.3
1270840 2313.6
1270850 2313.6
1270860 2311.4
1270870 2299.3
1270880 2287.6
1270890 2287.6
1270900 2277.9
1270910 2263.2
1270920 2263.2
1270930 2246.4
1270940 2236.4
1270950 2236.4
1270960 2222.6
1270970 2193.5
1270980 2193.5
1270990 2184.4
1271000 2186.7
1271010 2186.7
1271020 2180.1
1271030 2172.8
1271040 2172.8
1271050 2164.2
1271060 2157.3
1271070 2157.3
1271080 2148.0
1271090 2148.3
1271100 2148.3
1271110 2139.5
1271120 2126.7
1271130 2126.7
1271140 2122.4
1271150 2121.2
1271160 2121.2
1271170 2119.7
1271180 2117.7
1271190 2114.1
1271200 2114.1
1271210 2113.9
1271220 2120.2
1271230 2120.2
1271240 2121.7
1271250 2122.7
1271260 2122.7
1271270 2125.1
1271280 2129.9
1271290 2129.9
1271300 2135.3
1271310 2139.7
1271320 2139.7
1271330 2143.2
1271340 2147.0
1271350 2147.0
1271360 2150.6
1271370 2151.5
1271380 2151.5
1271390 2150.6
1271400 2149.1
1271410 2149.1
1271420 2151.7
1271430 2149.3
1271440 2149.3
1271450 2145.5
1271460 2145.5
1271470 2145.5
1271480 2143.8
1271490 2140.1
1271500 2139.9
1271510 2139.9
1271520 2137.6
1271530 2137.9
1271540 2137.9
1271550 2138.6
1271560 2136.8
1271570 2136.8
1271580 2137.0
1271590 2143.8
1271600 2143.8
1271610 2142.0
1271620 2137.2
1271630 2137.2
1271640 2131.5
1271650 2129.7
1271660 2129.7
1271670 2132.9
1271680 2137.6
1271690 2137.6
1271700 2140.5
1271710 2142.9
1271720 2142.9
1271730 2146.6
1271740 2150.0
1271750 2150.0
1271760 2153.6
1271770 2155.7
1271780 2155.7
1271790 2155.8
1271800 2155.6
1271810 2155.6
1271820 2154.7
1271830 2153.0
1271840 2152.1
1271850 2152.1
1271860 2151.3
1271870 2149.6
1271880 2149.6
1271890 2145.2
1271900 2142.2
1271910 2142.2
1271920 2143.4
1271930 2146.1
1271940 2146.1
1271950 2149.3
1271960 2150.7
1271970 2150.7
1271980 2151.4
1271990 2152.3
1272000 2152.3
1272010 2153.1
1272020 2153.5
1272030 2153.5
1272040 2154.3
1272050 2156.0
1272060 2156.0
1272070 2157.9
1272080 2159.6
1272090 2159.6
1272100 2158.5
1272110 2152.8
1272120 2152.8
1272130 2145.0
1272140 2136.9
1272150 2128.8
1272160 2128.8
1272170 2121.2
1272180 2117.4
1272190 2126.3
1272200 2127.1
1272210 2123.0
1272220 2123.0
1272230 2124.9
1272240 2124.8
1272250 2124.8
1272260 2125.5
1272270 2128.6
1272280 2128.6
1272290 2127.7
1272300 2117.0
1272310 2117.0
1272320 2103.9
1272330 2087.3
1272340 2087.3
1272350 2074.7
1272360 2064.1
1272370 2064.1
1272380 2049.5
1272390 2031.4
1272400 2031.4
1272410 2017.2
1272420 2006.0
1272430 2006.0
1272440 1988.7
1272450 1972.7
1272460 1961.7
1272470 1961.7
1272480 1956.8
1272490 1952.1
1272500 1952.1
1272510 1947.6
1272520 1942.1
1272530 1942.1
1272540 1934.9
1272550 1925.8
1272560 1925.8
1272570 1918.1
1272580 1912.0
1272590 1912.0
1272600 1904.5
1272610 1895.5
1272620 1895.5
1272630 1889.0
1272640 1887.7
1272650 1887.7
1272660 1885.4
1272670 1881.0
1272680 1881.0
1272690 1875.3
1272700 1869.3
1272710 1869.3
1272720 1863.0
1272730 1856.1
1272740 1856.1
1272750 1849.5
1272760 1842.8
1272770 1842.8
1272780 1836.5
1272790 1829.8
1272800 1830.9
1272810 1830.9
1272820 1830.8
1272830 1829.0
1272840 1829.0
1272850 1825.6
1272860 1822.1
1272870 1822.1
1272880 1818.6
1272890 1816.5
1272900 1816.5
1272910 1814.7
1272920 1813.7
1272930 1813.7
1272940 1813.2
1272950 1814.1
1272960 1814.1
1272970 1813.2
1272980 1811.1
1272990 1811.1
1273000 1810.5
1273010 1810.2
1273020 1810.2
1273030 1809.8
1273040 1811.6
1273050 1811.6
1273060 1818.0
1273070 1826.6
1273080 1826.6
1273090 1834.1
1273100 1836.5
1273110 1837.9
1273120 1837.9
1273130 1825.3
1273140 1807.4
1273150 1807.4
1273160 1795.3
1273170 1787.2
1273180 1787.2
1273190 1780.2
1273200 1774.1
1273210 1774.1
1273220 1766.6
1273230 1764.7
1273240 1764.7
1273250 1763.9
1273260 1758.3
1273270 1758.3
1273280 1752.8
1273290 1745.4
1273300 1745.4
1273310 1728.7
1273320 1707.2
1273330 1707.2
1273340 1690.0
1273350 1685.7
1273360 1685.7
1273370 1680.0
1273380 1668.7
1273390 1668.7
1273400 1655.4
1273410 1627.1
1273420 1595.9
1273430 1595.9
1273440 1584.3
1273450 1575.3
1273460 1575.3
1273470 1561.6
1273480 1548.6
1273490 1548.6
1273500 1534.5
1273510 1520.3
1273520 1520.3
1273530 1506.9
1273540 1490.8
1273550 1490.8
1273560 1473.9
1273570 1456.2
1273580 1456.2
1273590 1444.3
1273600 1437.0
1273610 1437.0
1273620 1429.5
1273630 1422.3
1273640 1422.3
1273650 1416.3
1273660 1413.0
1273670 1413.0
1273680 1410.8
1273690 1408.7
1273700 1408.7
1273710 1407.0
1273720 1406.7
1273730 1406.7
1273740 1408.1
1273750 1407.5
1273760 1404.4
1273770 1404.4
1273780 1401.5
1273790 1398.5
1273800 1398.5
1273810 1395.1
1273820 1392.5
1273830 1392.5
1273840 1391.3
1273850 1390.6
1273860 1390.6
1273870 1392.0
1273880 1387.7
1273890 1387.7
1273900 1386.5
1273910 1385.4
1273920 1385.4
1273930 1382.4
1273940 1379.5
1273950 1379.5
1273960 1378.0
1273970 1376.1
1273980 1376.1
1273990 1374.2
1274000 1371.4
1274010 1370.6
1274020 1368.1
1274030 1365.4
1274040 1365.4
1274050 1363.2
1274060 1361.8
1274070 1359.9
1274080 1359.9
1274090 1357.8
1274100 1355.7
1274110 1355.7
1274120 1354.4
1274130 1352.9
1274140 1352.9
1274150 1351.2
1274160 1349.8
1274170 1349.8
1274180 1348.7
1274190 1347.0
1274200 1347.0
1274210 1344.4
1274220 1342.3
1274230 1342.3
1274240 1342.1
1274250 1341.0
1274260 1341.0
1274270 1339.1
1274280 1335.6
1274290 1335.6
1274300 1333.7
1274310 1332.0
1274320 1332.0
1274330 1328.8
1274340 1326.3
1274350 1326.3
1274360 1324.5
1274370 1324.6
1274380 1326.3
1274390 1326.3
1274400 1326.3
1274410 1325.6
1274420 1325.6
1274430 1327.2
1274440 1328.7
1274450 1328.7
1274460 1329.9
1274470 1327.6
1274480 1327.6
1274490 1323.3
1274500 1322.7
1274510 1322.7
1274520 1329.6
1274530 1338.1
1274540 1338.1
1274550 1352.3
1274560 1351.1
1274570 1351.1
1274580 1348.7
1274590 1348.5
1274600 1348.5
1274610 1336.2
1274620 1334.9
1274630 1334.9
1274640 1335.2
1274650 1348.1
1274660 1348.1
1274670 1355.0
1274680 1355.9
1274690 1355.9
1274700 1356.1
1274710 1356.2
1274720 1356.0
1274730 1356.0
1274740 1354.5
1274750 1352.1
1274760 1352.1
1274770 1349.7
1274780 1346.8
1274790 1346.8
1274800 1343.3
1274810 1339.2
1274820 1339.2
1274830 1330.8
1274840 1320.4
1274850 1320.4
1274860 1320.9
1274870 1320.0
1274880 1320.0
1274890 1311.1
1274900 1303.4
1274910 1303.4
1274920 1289.4
1274930 1277.8
1274940 1277.8
1274950 1269.3
1274960 1261.4
1274970 1261.4
1274980 1254.1
1274990 1247.6
1275000 1247.6
1275010 1243.8
1275020 1240.4
1275030 1236.7
1275040 1236.7
1275050 1233.5
1275060 1232.1
1275070 1232.1
1275080 1227.5
1275090 1219.0
1275100 1219.0
1275110 1206.2
1275120 1196.9
1275130 1196.9
1275140 1189.5
1275150 1182.6
1275160 1182.6
1275170 1177.1
1275180 1174.7
1275190 1174.7
1275200 1174.3
1275210 1173.5
1275220 1174.3
1275230 1174.0
1275240 1172.8
1275250 1172.8
1275260 1171.3
1275270 1169.8
1275280 1169.8
1275290 1168.6
1275300 1167.9
1275310 1167.9
1275320 1166.6
1275330 1166.2
1275340 1165.0
1275350 1165.0
1275360 1163.5
1275370 1163.4
1275380 1163.4
1275390 1163.0
1275400 1163.1
1275410 1163.1
1275420 1162.8
1275430 1162.0
1275440 1162.0
1275450 1161.1
1275460 1161.5
1275470 1161.5
1275480 1163.5
1275490 1167.0
1275500 1167.0
1275510 1170.7
1275520 1173.9
1275530 1173.9
1275540 1177.0
1275550 1180.1
1275560 1180.1
1275570 1183.1
1275580 1186.2
1275590 1186.2
1275600 1189.7
1275610 1193.8
1275620 1193.8
1275630 1196.9
1275640 1200.7
1275650 1200.7
1275660 1204.7
1275670 1208.4
1275680 1212.2
1275690 1212.2
1275700 1216.5
1275710 1220.9
1275720 1220.9
1275730 1224.2
1275740 1227.3
1275750 1227.3
1275760 1229.7
1275770 1229.6
1275780 1229.6
1275790 1233.5
1275800 1236.6
1275810 1236.6
1275820 1238.2
1275830 1239.2
1275840 1243.0
1275850 1241.5
1275860 1245.3
1275870 1245.3
1275880 1251.8
1275890 1258.1
1275900 1258.1
1275910 1264.4
1275920 1271.2
1275930 1271.2
1275940 1277.5
1275950 1284.0
1275960 1284.0
1275970 1290.6
1275980 1297.8
1275990 1304.9
1276000 1304.9
1276010 1311.0
1276020 1317.0
1276030 1317.0
1276040 1324.1
1276050 1345.0
1276060 1345.0
1276070 1364.5
1276080 1377.0
1276090 1377.0
1276100 1387.1
1276110 1397.6
1276120 1397.6
1276130 1407.6
1276140 1420.5
1276150 1420.5
1276160 1436.5
1276170 1453.6
1276180 1453.6
1276190 1464.3
1276200 1473.6
1276210 1473.6
1276220 1484.5
1276230 1494.7
1276240 1494.7
1276250 1505.3
1276260 1516.3
1276270 1516.3
1276280 1526.0
1276290 1535.9
1276300 1544.7
1276310 1544.7
1276320 1553.5
1276330 1562.8
1276340 1562.8
1276350 1572.0
1276360 1581.4
1276370 1581.4
1276380 1590.0
1276390 1600.6
1276400 1600.6
1276410 1610.9
1276420 1619.0
1276430 1619.0
1276440 1627.9
1276450 1632.7
1276460 1632.7
1276470 1640.9
1276480 1648.2
1276490 1648.2
1276500 1655.9
1276510 1659.2
1276520 1659.2
1276530 1663.5
1276540 1672.6
1276550 1672.6
1276560 1686.4
1276570 1700.1
1276580 1700.1
1276590 1709.0
1276600 1722.8
1276610 1722.8
1276620 1735.1
1276630 1743.1
1276640 1751.1
1276650 1751.1
1276660 1760.5
1276670 1768.4
1276680 1768.4
1276690 1776.2
1276700 1783.6
1276710 1783.6
1276720 1793.2
1276730 1803.4
1276740 1803.4
1276750 1809.6
1276760 1815.0
1276770 1815.0
1276780 1819.4
1276790 1823.0
1276800 1823.0
1276810 1826.1
1276820 1828.9
1276830 1828.9
1276840 1833.6
1276850 1841.3
1276860 1841.3
1276870 1848.9
1276880 1854.2
1276890 1854.2
1276900 1859.5
1276910 1864.2
1276920 1864.2
1276930 1865.0
1276940 1864.6
1276950 1866.0
1276960 1866.0
1276970 1871.3
1276980 1877.7
1276990 1877.7
1277000 1885.0
1277010 1892.2
1277020 1892.2
1277030 1902.5
1277040 1927.7
1277050 1927.7
1277060 1991.7
1277070 2002.9
1277080 2002.9
1277090 2004.0
1277100 2000.1
1277110 2000.1
1277120 1994.8
1277130 1991.3
1277140 1991.3
1277150 1992.4
1277160 1985.2
1277170 1985.2
1277180 1974.6
1277190 1963.2
1277200 1963.2
1277210 1951.0
1277220 1938.4
1277230 1938.4
1277240 1930.9
1277250 1923.8
1277260 1909.8
1277270 1909.8
1277280 1894.3
1277290 1878.4
1277300 1878.4
1277310 1867.3
1277320 1860.4
1277330 1860.4
1277340 1851.5
1277350 1837.1
1277360 1837.1
1277370 1825.8
1277380 1817.9
1277390 1817.9
1277400 1809.9
1277410 1803.9
1277420 1803.9
1277430 1801.9
1277440 1799.2
1277450 1799.2
1277460 1792.8
1277470 1785.5
1277480 1785.5
1277490 1778.1
1277500 1771.8
1277510 1771.8
1277520 1761.7
1277530 1744.4
1277540 1744.4
1277550 1728.2
1277560 1714.0
1277570 1714.0
1277580 1704.1
1277590 1696.0
1277600 1686.7
1277610 1686.7
1277620 1677.6
1277630 1668.5
1277640 1668.5
1277650 1656.7
1277660 1643.8
1277670 1643.8
1277680 1629.4
1277690 1622.0
1277700 1622.0
1277710 1610.5
1277720 1598.9
1277730 1598.9
1277740 1585.5
1277750 1572.6
1277760 1572.6
1277770 1563.6
1277780 1551.1
1277790 1551.1
1277800 1541.3
1277810 1532.1
1277820 1532.1
1277830 1518.2
1277840 1498.9
1277850 1498.9
1277860 1489.3
1277870 1479.5
1277880 1479.5
1277890 1462.6
1277900 1449.4
1277910 1437.5
1277920 1437.5
1277930 1426.0
1277940 1418.5
1277950 1418.5
1277960 1410.8
1277970 1403.6
1277980 1403.6
1277990 1396.6
1278000 1390.4
1278010 1390.4
1278020 1384.4
1278030 1378.7
1278040 1378.7
1278050 1372.9
1278060 1367.7
1278070 1367.7
1278080 1363.0
1278090 1358.2
1278100 1358.2
1278110 1351.8
1278120 1344.6
1278130 1344.6
1278140 1337.7
1278150 1331.2
1278160 1331.2
1278170 1323.6
1278180 1315.1
1278190 1315.1
1278200 1307.2
1278210 1299.3
1278220 1291.6
1278230 1291.6
1278240 1284.1
1278250 1276.2
1278260 1276.2
1278270 1268.1
1278280 1260.1
1278290 1260.1
1278300 1249.1
1278310 1241.0
1278320 1241.0
1278330 1232.4
1278340 1223.6
1278350 1223.6
1278360 1215.8
1278370 1207.1
1278380 1207.1
1278390 1197.8
1278400 1188.8
1278410 1188.8
1278420 1181.2
1278430 1174.2
1278440 1174.2
1278450 1167.8
1278460 1161.9
1278470 1161.9
1278480 1156.8
1278490 1152.4
1278500 1152.4
1278510 1148.0
1278520 1143.5
1278530 1143.5
1278540 1138.9
1278550 1134.5
1278560 1130.4
1278570 1130.4
1278580 1126.5
1278590 1122.9
1278600 1122.9
1278610 1119.7
1278620 1116.9
1278630 1116.9
1278640 1114.5
1278650 1111.2
1278660 1111.2
1278670 1106.4
1278680 1104.3
1278690 1104.3
1278700 1101.3
1278710 1098.7
1278720 1098.7
1278730 1097.6
1278740 1098.4
1278750 1098.4
1278760 1097.9
1278770 1091.1
1278780 1091.1
1278790 1085.1
1278800 1078.6
1278810 1078.6
1278820 1071.2
1278830 1064.4
1278840 1064.4
1278850 1058.6
1278860 1053.2
1278870 1048.5
1278880 1048.5
1278890 1045.3
1278900 1044.5
1278910 1044.5
1278920 1044.4
1278930 1044.6
1278940 1044.6
1278950 1044.8
1278960 1046.2
1278970 1046.2
1278980 1050.3
1278990 1054.4
1279000 1054.4
1279010 1058.9
1279020 1065.7
1279030 1065.7
1279040 1072.5
1279050 1076.8
1279060 1076.8
1279070 1079.0
1279080 1081.1
1279090 1081.1
1279100 1083.3
1279110 1086.0
1279120 1086.0
1279130 1088.8
1279140 1091.0
1279150 1091.0
1279160 1092.1
1279170 1093.2
1279180 1093.6
1279190 1093.6
1279200 1094.8
1279210 1097.1
1279220 1097.1
1279230 1099.4
1279240 1101.4
1279250 1101.4
1279260 1103.1
1279270 1106.3
1279280 1106.3
1279290 1109.9
1279300 1113.6
1279310 1113.6
1279320 1117.0
1279330 1120.4
1279340 1120.4
1279350 1124.0
1279360 1127.6
1279370 1127.6
1279380 1131.7
1279390 1135.8
1279400 1135.8
1279410 1139.2
1279420 1143.0
1279430 1143.0
1279440 1146.8
1279450 1151.3
1279460 1151.3
1279470 1155.5
1279480 1159.2
1279490 1159.2
1279500 1163.2
1279510 1167.6
1279520 1171.9
1279530 1171.9
1279540 1178.5
1279550 1182.3
1279560 1182.3
1279570 1185.8
1279580 1189.7
1279590 1189.7
1279600 1194.7
1279610 1201.9
1279620 1201.9
1279630 1210.4
1279640 1218.3
1279650 1218.3
1279660 1225.4
1279670 1231.8
1279680 1231.8
1279690 1238.3
1279700 1244.6
1279710 1244.6
1279720 1250.6
1279730 1257.5
1279740 1257.5
1279750 1264.2
1279760 1270.3
1279770 1270.3
1279780 1276.2
1279790 1281.8
1279800 1281.8
1279810 1287.4
1279820 1293.4
1279830 1298.9
1279840 1298.9
1279850 1306.5
1279860 1316.0
1279870 1316.0
1279880 1326.7
1279890 1339.4
1279900 1339.4
1279910 1353.8
1279920 1374.3
1279930 1374.3
1279940 1395.5
1279950 1413.7
1279960 1413.7
1279970 1433.2
1279980 1444.4
1279990 1444.4
