1269650 1637.2
1269660 1637.2
1269670 1639.6
1269680 1643.4
1269690 1643.4
1269700 1646.4
1269710 1648.1
1269720 1648.1
1269730 1646.3
1269740 1650.3
1269750 1659.4
1269760 1659.4
1269770 1664.8
1269780 1668.3
1269790 1668.3
1269800 1671.3
1269810 1674.6
1269820 1674.6
1269830 1678.2
1269840 1682.5
1269850 1682.5
1269860 1687.2
1269870 1692.1
1269880 1692.1
1269890 1697.3
1269900 1702.5
1269910 1702.5
1269920 1707.3
1269930 1712.0
1269940 1712.0
1269950 1717.1
1269960 1722.8
1269970 1722.8
1269980 1728.7
1269990 1734.4
1270000 1734.4
1270010 1739.3
1270020 1743.2
1270030 1743.2
1270040 1748.4
1270050 1754.1
1270060 1754.1
1270070 1759.1
1270080 1763.7
1270090 1768.7
1270100 1768.7
1270110 1773.0
1270120 1775.9
1270130 1775.9
1270140 1786.6
1270150 1792.1
1270160 1792.1
1270170 1802.1
1270180 1809.9
1270190 1809.9
1270200 1814.5
1270210 1818.4
1270220 1818.4
1270230 1821.4
1270240 1826.9
1270250 1826.9
1270260 1831.7
1270270 1835.8
1270280 1835.8
1270290 1840.8
1270300 1846.2
1270310 1846.2
1270320 1851.0
1270330 1856.5
1270340 1856.5
1270350 1860.6
1270360 1863.2
1270370 1863.2
1270380 1866.4
1270390 1870.2
1270400 1873.9
1270410 1873.9
1270420 1880.4
1270430 1900.7
1270440 1900.7
1270450 1901.9
1270460 1892.8
1270470 1892.8
1270480 1888.1
1270490 1887.4
1270500 1887.4
1270510 1893.8
1270520 1898.1
1270530 1898.1
1270540 1895.7
1270550 1898.0
1270560 1898.0
1270570 1906.2
1270580 1911.4
1270590 1911.4
1270600 1909.8
1270610 1904.0
1270620 1904.0
1270630 1895.9
1270640 1896.0
1270650 1896.0
1270660 1891.8
1270670 1892.1
1270680 1892.1
1270690 1897.5
1270700 1904.7
1270710 1909.8
1270720 1909.8
1270730 1914.1
1270740 1924.2
1270750 1924.2
1270760 1925.0
1270770 1930.0
1270780 1930.0
1270790 1946.8
1270800 1953.2
1270810 1953.2
1270820 1948.0
1270830 1938.9
1270840 1938.9
1270850 1937.6
1270860 1932.4
1270870 1932.4
1270880 1926.6
1270890 1922.3
1270900 1922.3
1270910 1918.4
1270920 1899.1
1270930 1899.1
1270940 1880.4
1270950 1868.8
1270960 1868.8
1270970 1855.1
1270980 1844.5
1270990 1844.5
1271000 1840.2
1271010 1836.4
1271020 1836.4
1271030 1819.1
1271040 1802.4
1271050 1793.4
1271060 1793.4
1271070 1783.7
1271080 1778.3
1271090 1778.3
1271100 1774.0
1271110 1767.8
1271120 1767.8
1271130 1757.1
1271140 1745.8
1271150 1745.8
1271160 1739.6
1271170 1728.4
1271180 1728.4
1271190 1721.8
1271200 1714.0
1271210 1714.0
1271220 1706.0
1271230 1698.4
1271240 1698.4
1271250 1690.2
1271260 1680.8
1271270 1680.8
1271280 1671.3
1271290 1654.9
1271300 1654.9
1271310 1641.1
1271320 1623.3
1271330 1620.9
1271340 1609.4
1271350 1591.6
1271360 1578.1
1271370 1578.1
1271380 1567.5
1271390 1557.7
1271400 1557.7
1271410 1550.2
1271420 1543.6
1271430 1543.6
1271440 1536.7
1271450 1530.1
1271460 1530.1
1271470 1523.6
1271480 1517.4
1271490 1517.4
1271500 1511.7
1271510 1505.8
1271520 1505.8
1271530 1500.3
1271540 1495.9
1271550 1495.9
1271560 1493.3
1271570 1494.6
1271580 1494.6
1271590 1496.7
1271600 1497.9
1271610 1497.9
1271620 1499.1
1271630 1499.5
1271640 1499.5
1271650 1499.2
1271660 1498.5
1271670 1498.5
1271680 1496.7
1271690 1494.5
1271700 1491.9
1271710 1491.9
1271720 1489.0
1271730 1486.9
1271740 1486.9
1271750 1484.3
1271760 1481.9
1271770 1481.9
1271780 1481.3
1271790 1479.4
1271800 1479.4
1271810 1476.7
1271820 1474.8
1271830 1474.8
1271840 1473.0
1271850 1470.4
1271860 1470.4
1271870 1470.3
1271880 1470.3
1271890 1470.3
1271900 1470.5
1271910 1469.1
1271920 1469.1
1271930 1472.2
1271940 1471.5
1271950 1471.5
1271960 1470.2
1271970 1468.1
1271980 1468.1
1271990 1465.7
1272000 1463.4
1272010 1463.9
1272020 1463.9
1272030 1464.9
1272040 1463.9
1272050 1463.9
1272060 1464.7
1272070 1464.1
1272080 1464.1
1272090 1463.0
1272100 1462.2
1272110 1462.2
1272120 1460.5
1272130 1460.1
1272140 1460.1
1272150 1458.9
1272160 1459.7
1272170 1459.7
1272180 1458.7
1272190 1457.3
1272200 1457.3
1272210 1455.8
1272220 1453.9
1272230 1453.9
1272240 1452.9
1272250 1452.1
1272260 1452.1
1272270 1451.0
1272280 1449.9
1272290 1449.9
1272300 1449.6
1272310 1449.6
1272320 1449.6
1272330 1451.9
1272340 1455.0
1272350 1458.3
1272360 1458.3
1272370 1461.7
1272380 1465.2
1272390 1465.2
1272400 1468.8
1272410 1472.8
1272420 1472.8
1272430 1477.5
1272440 1482.6
1272450 1482.6
1272460 1488.0
1272470 1493.4
1272480 1493.4
1272490 1498.7
1272500 1503.7
1272510 1503.7
1272520 1508.0
1272530 1511.5
1272540 1518.1
1272550 1521.2
1272560 1524.5
1272570 1524.5
1272580 1529.5
1272590 1536.5
1272600 1536.5
1272610 1547.4
1272620 1562.5
1272630 1562.5
1272640 1580.7
1272650 1583.8
1272660 1584.5
1272670 1584.5
1272680 1581.0
1272690 1578.4
1272700 1578.4
1272710 1582.3
1272720 1589.2
1272730 1589.2
1272740 1596.6
1272750 1603.7
1272760 1603.7
1272770 1610.5
1272780 1617.7
1272790 1617.7
1272800 1625.6
1272810 1630.1
1272820 1630.1
1272830 1631.2
1272840 1639.2
1272850 1639.2
1272860 1654.5
1272870 1675.7
1272880 1675.7
1272890 1690.4
1272900 1698.3
1272910 1698.3
1272920 1705.3
1272930 1721.8
1272940 1721.8
1272950 1734.9
1272960 1739.8
1272970 1739.8
1272980 1748.0
1272990 1766.2
1273000 1788.9
1273010 1788.9
1273020 1799.6
1273030 1810.0
1273040 1810.0
1273050 1820.1
1273060 1828.6
1273070 1828.6
1273080 1837.1
1273090 1846.3
1273100 1846.3
1273110 1852.3
1273120 1856.4
1273130 1856.4
1273140 1873.9
1273150 1878.6
1273160 1878.6
1273170 1878.9
1273180 1884.5
1273190 1884.5
1273200 1925.3
1273210 1937.8
1273220 1937.8
1273230 1945.6
1273240 1973.9
1273250 1973.9
1273260 2002.9
1273270 2007.4
1273280 2007.4
1273290 2007.7
1273300 2007.9
1273310 2008.5
1273320 2008.5
1273330 2007.8
1273340 2007.2
1273350 2007.2
1273360 2006.2
1273370 2003.5
1273380 2003.5
1273390 2002.3
1273400 2002.3
1273410 2002.3
1273420 1996.3
1273430 1991.7
1273440 1991.7
1273450 1993.0
1273460 1980.5
1273470 1980.5
1273480 1954.1
1273490 1924.8
1273500 1924.8
1273510 1896.9
1273520 1861.8
1273530 1861.8
1273540 1848.5
1273550 1841.1
1273560 1841.1
1273570 1833.0
1273580 1824.3
1273590 1824.3
1273600 1817.0
1273610 1810.2
1273620 1810.2
1273630 1803.4
1273640 1796.6
1273650 1789.9
1273660 1789.9
1273670 1783.5
1273680 1777.1
1273690 1777.1
1273700 1770.6
1273710 1764.4
1273720 1764.4
1273730 1758.6
1273740 1753.3
1273750 1751.3
1273760 1746.6
1273770 1742.4
1273780 1742.4
1273790 1740.1
1273800 1741.3
1273810 1741.3
1273820 1743.1
1273830 1744.1
1273840 1744.1
1273850 1744.8
1273860 1744.2
1273870 1744.2
1273880 1744.2
1273890 1744.5
1273900 1744.5
1273910 1743.6
1273920 1743.3
1273930 1743.3
1273940 1743.6
1273950 1744.0
1273960 1746.5
1273970 1746.5
1273980 1748.2
1273990 1749.5
1274000 1749.5
1274010 1753.7
1274020 1756.9
1274030 1756.9
1274040 1760.1
1274050 1760.9
1274060 1760.9
1274070 1754.1
1274080 1747.8
1274090 1747.8
1274100 1746.8
1274110 1746.3
1274120 1746.3
1274130 1746.9
1274140 1747.4
1274150 1747.4
1274160 1748.1
1274170 1747.5
1274180 1747.5
1274190 1742.5
1274200 1734.8
1274210 1734.8
1274220 1725.1
1274230 1719.4
1274240 1719.4
1274250 1714.7
1274260 1710.3
1274270 1710.3
1274280 1707.5
1274290 1705.2
1274300 1702.8
1274310 1702.8
1274320 1699.1
1274330 1695.8
1274340 1695.8
1274350 1687.3
1274360 1684.2
1274370 1684.2
1274380 1679.6
1274390 1673.6
1274400 1673.6
1274410 1672.2
1274420 1671.9
1274430 1671.9
1274440 1669.1
1274450 1664.1
1274460 1664.1
1274470 1657.3
1274480 1655.5
1274490 1655.5
1274500 1651.8
1274510 1644.3
1274520 1644.3
1274530 1633.7
1274540 1620.4
1274550 1620.4
1274560 1610.4
1274570 1602.5
1274580 1602.5
1274590 1595.3
1274600 1591.2
1274610 1584.1
1274620 1584.1
1274630 1579.1
1274640 1568.2
1274650 1568.2
1274660 1556.1
1274670 1545.8
1274680 1545.8
1274690 1527.0
1274700 1518.1
1274710 1518.1
1274720 1501.7
1274730 1476.4
1274740 1476.4
1274750 1459.4
1274760 1450.4
1274770 1450.4
1274780 1443.3
1274790 1436.0
1274800 1436.0
1274810 1428.7
1274820 1421.1
1274830 1421.1
1274840 1413.8
1274850 1406.5
1274860 1406.5
1274870 1399.3
1274880 1392.1
1274890 1392.1
1274900 1384.7
1274910 1377.2
1274920 1369.9
1274930 1369.9
1274940 1363.0
1274950 1356.0
1274960 1355.6
1274970 1348.9
1274980 1342.2
1274990 1342.2
1275000 1335.6
1275010 1329.4
1275020 1329.4
1275030 1323.6
1275040 1317.2
1275050 1317.2
1275060 1311.1
1275070 1304.6
1275080 1304.6
1275090 1299.1
1275100 1296.1
1275110 1296.1
1275120 1292.8
1275130 1289.7
1275140 1289.7
1275150 1286.5
1275160 1283.2
1275170 1283.2
1275180 1280.0
1275190 1279.6
1275200 1279.6
1275210 1279.6
1275220 1278.3
1275230 1278.3
1275240 1275.5
1275250 1271.6
1275260 1268.8
1275270 1268.8
1275280 1268.3
1275290 1265.2
1275300 1265.2
1275310 1262.4
1275320 1267.5
1275330 1267.5
1275340 1271.1
1275350 1265.1
1275360 1265.1
1275370 1259.3
1275380 1254.5
1275390 1254.5
1275400 1248.3
1275410 1243.2
1275420 1243.2
1275430 1238.4
1275440 1233.4
1275450 1233.4
1275460 1225.2
1275470 1215.6
1275480 1215.6
1275490 1207.3
1275500 1192.6
1275510 1192.6
1275520 1180.4
1275530 1171.7
1275540 1171.7
1275550 1164.6
1275560 1160.0
1275570 1154.4
1275580 1154.4
1275590 1152.4
1275600 1150.1
1275610 1150.1
1275620 1147.0
1275630 1144.3
1275640 1144.3
1275650 1141.4
1275660 1138.2
1275670 1138.2
1275680 1135.3
1275690 1132.7
1275700 1132.7
1275710 1130.0
1275720 1127.1
1275730 1127.1
1275740 1124.2
1275750 1121.5
1275760 1121.5
1275770 1119.0
1275780 1116.5
1275790 1116.5
1275800 1114.2
1275810 1112.0
1275820 1112.0
1275830 1109.6
1275840 1107.1
1275850 1107.1
1275860 1104.6
1275870 1102.4
1275880 1102.4
1275890 1100.3
1275900 1098.2
1275910 1096.0
1275920 1096.0
1275930 1093.5
1275940 1091.3
1275950 1091.3
1275960 1089.6
1275970 1087.7
1275980 1087.7
1275990 1085.7
1276000 1083.7
1276010 1083.7
1276020 1081.4
1276030 1079.5
1276040 1079.5
1276050 1077.9
1276060 1075.6
1276070 1075.6
1276080 1070.2
1276090 1063.5
1276100 1063.5
1276110 1061.4
1276120 1060.9
1276130 1060.9
1276140 1064.0
1276150 1067.7
1276160 1067.7
1276170 1070.1
1276180 1074.2
1276190 1074.2
1276200 1076.8
1276210 1079.1
1276220 1080.6
1276230 1080.6
1276240 1081.8
1276250 1085.7
1276260 1085.7
1276270 1093.3
1276280 1098.6
1276290 1098.6
1276300 1103.2
1276310 1108.2
1276320 1108.2
1276330 1113.5
1276340 1118.7
1276350 1118.7
1276360 1124.0
1276370 1128.9
1276380 1128.9
1276390 1130.7
1276400 1131.8
1276410 1131.8
1276420 1135.5
1276430 1139.8
1276440 1139.8
1276450 1145.6
1276460 1151.1
1276470 1151.1
1276480 1163.4
1276490 1174.5
1276500 1174.5
1276510 1182.3
1276520 1190.5
1276530 1190.5
1276540 1197.6
1276550 1205.8
1276560 1212.0
1276570 1212.0
1276580 1219.8
1276590 1228.1
1276600 1228.1
1276610 1236.7
1276620 1245.8
1276630 1245.8
1276640 1253.8
1276650 1261.2
1276660 1261.2
1276670 1269.1
1276680 1277.3
1276690 1277.3
1276700 1285.8
1276710 1293.5
1276720 1293.5
1276730 1297.3
1276740 1301.5
1276750 1301.5
1276760 1309.5
1276770 1318.5
1276780 1318.5
1276790 1329.4
1276800 1344.5
1276810 1344.5
1276820 1352.8
1276830 1360.2
1276840 1360.2
1276850 1367.5
1276860 1374.7
1276870 1377.5
1276880 1377.5
1276890 1371.6
1276900 1366.9
1276910 1366.9
1276920 1364.4
1276930 1362.9
1276940 1362.9
1276950 1359.4
1276960 1358.3
1276970 1358.3
1276980 1355.5
1276990 1350.3
1277000 1350.3
1277010 1341.6
1277020 1336.4
1277030 1336.4
1277040 1331.0
1277050 1329.0
1277060 1329.0
1277070 1343.9
1277080 1359.0
1277090 1359.0
1277100 1371.2
1277110 1377.0
1277120 1377.0
1277130 1386.1
1277140 1394.2
1277150 1394.2
1277160 1413.6
1277170 1424.2
1277180 1424.2
1277190 1432.1
1277200 1439.7
1277210 1446.8
1277220 1446.8
1277230 1450.6
1277240 1458.3
1277250 1458.3
1277260 1467.2
1277270 1481.1
1277280 1481.1
1277290 1495.6
1277300 1507.1
1277310 1507.1
1277320 1516.2
1277330 1524.2
1277340 1524.2
1277350 1535.7
1277360 1545.1
1277370 1545.1
1277380 1553.3
1277390 1555.9
1277400 1555.9
1277410 1564.1
1277420 1564.1
1277430 1564.1
1277440 1564.7
1277450 1563.0
1277460 1563.0
1277470 1561.9
1277480 1564.1
1277490 1564.1
1277500 1564.8
1277510 1570.3
1277520 1578.7
1277530 1578.7
1277540 1582.2
1277550 1584.1
1277560 1584.1
1277570 1588.1
1277580 1593.3
1277590 1593.3
1277600 1597.3
1277610 1596.2
1277620 1596.2
1277630 1592.6
1277640 1589.1
1277650 1589.1
1277660 1584.5
1277670 1580.0
1277680 1580.0
1277690 1575.8
1277700 1570.7
1277710 1570.7
1277720 1565.6
1277730 1561.0
1277740 1561.0
1277750 1556.7
1277760 1552.3
1277770 1552.3
1277780 1546.5
1277790 1541.0
1277800 1541.0
1277810 1536.1
1277820 1530.9
1277830 1525.4
1277840 1525.4
1277850 1519.6
1277860 1513.0
1277870 1513.0
1277880 1506.2
1277890 1499.4
1277900 1499.4
1277910 1492.4
1277920 1486.2
1277930 1486.2
1277940 1480.8
1277950 1475.9
1277960 1475.9
1277970 1471.5
1277980 1466.3
1277990 1466.3
1278000 1461.0
1278010 1455.6
1278020 1455.6
1278030 1449.7
1278040 1443.8
1278050 1443.8
1278060 1437.6
1278070 1431.7
1278080 1431.7
1278090 1423.9
1278100 1414.5
1278110 1414.5
1278120 1405.1
1278130 1395.8
1278140 1395.8
1278150 1388.0
1278160 1380.7
1278170 1373.4
1278180 1373.4
1278190 1366.3
1278200 1359.4
1278210 1359.4
1278220 1353.0
1278230 1346.8
1278240 1346.8
1278250 1340.1
1278260 1333.1
1278270 1333.1
1278280 1327.1
1278290 1321.6
1278300 1321.6
1278310 1315.9
1278320 1310.3
1278330 1310.3
1278340 1305.0
1278350 1299.8
1278360 1299.8
1278370 1295.2
1278380 1291.1
1278390 1291.1
1278400 1286.5
1278410 1281.7
1278420 1281.7
1278430 1276.7
1278440 1271.5
1278450 1271.5
1278460 1265.8
1278470 1260.1
1278480 1254.7
1278490 1254.7
1278500 1249.6
1278510 1244.6
1278520 1244.6
1278530 1240.1
1278540 1235.7
1278550 1235.7
1278560 1231.2
1278570 1225.6
1278580 1225.6
1278590 1219.5
1278600 1213.8
1278610 1213.8
1278620 1207.6
1278630 1202.1
1278640 1202.1
1278650 1195.1
1278660 1188.5
1278670 1188.5
1278680 1181.6
1278690 1174.5
1278700 1174.5
1278710 1167.1
1278720 1160.2
1278730 1160.2
1278740 1153.9
1278750 1147.9
1278760 1147.9
1278770 1141.2
1278780 1134.0
1278790 1134.0
1278800 1127.4
1278810 1121.9
1278820 1117.4
1278830 1117.4
1278840 1113.3
1278850 1109.7
1278860 1109.7
1278870 1107.0
1278880 1104.8
1278890 1104.8
1278900 1100.7
1278910 1097.2
1278920 1097.2
1278930 1094.9
1278940 1092.4
1278950 1092.4
1278960 1087.4
1278970 1083.8
1278980 1083.8
1278990 1083.1
1279000 1082.5
1279010 1082.5
1279020 1084.6
1279030 1086.6
1279040 1086.6
1279050 1087.9
1279060 1090.3
1279070 1090.3
1279080 1091.9
1279090 1092.7
1279100 1092.7
1279110 1091.1
1279120 1088.6
1279130 1086.9
1279140 1086.9
1279150 1085.3
1279160 1083.0
1279170 1083.0
1279180 1079.7
1279190 1074.7
1279200 1074.7
1279210 1070.1
1279220 1066.1
1279230 1066.1
1279240 1062.7
1279250 1059.1
1279260 1059.1
1279270 1052.2
1279280 1048.3
1279290 1048.3
1279300 1044.4
1279310 1040.7
1279320 1040.7
1279330 1037.7
1279340 1034.6
1279350 1034.6
1279360 1031.2
1279370 1027.9
1279380 1027.9
1279390 1023.5
1279400 1021.0
1279410 1021.0
1279420 1015.2
1279430 1007.1
1279440 1007.1
1279450 1007.4
1279460 1015.8
1279470 1025.1
1279480 1025.1
1279490 1031.9
1279500 1037.8
1279510 1037.8
1279520 1043.7
1279530 1047.0
1279540 1047.0
1279550 1049.1
1279560 1052.1
1279570 1052.1
1279580 1056.4
1279590 1060.9
1279600 1060.9
1279610 1065.9
1279620 1071.2
1279630 1071.2
1279640 1076.3
1279650 1082.7
1279660 1082.7
1279670 1088.5
1279680 1092.0
1279690 1092.0
1279700 1092.8
1279710 1093.5
1279720 1093.5
1279730 1094.1
1279740 1095.3
1279750 1095.3
1279760 1096.2
1279770 1096.9
1279780 1097.7
1279790 1097.7
1279800 1098.7
1279810 1099.8
1279820 1099.8
1279830 1101.5
1279840 1103.8
1279850 1103.8
1279860 1105.5
1279870 1106.2
1279880 1106.2
1279890 1110.3
1279900 1112.1
1279910 1112.1
1279920 1113.8
1279930 1115.9
1279940 1115.9
1279950 1117.8
1279960 1119.8
1279970 1119.8
1279980 1122.0
1279990 1123.8
