1269620 1578.6
1269630 1583.0
1269640 1583.0
1269650 1588.3
1269660 1593.8
1269670 1593.8
1269680 1597.6
1269690 1600.0
1269700 1600.0
1269710 1602.9
1269720 1606.7
1269730 1610.9
1269740 1610.9
1269750 1614.5
1269760 1618.5
1269770 1618.5
1269780 1623.5
1269790 1630.0
1269800 1630.0
1269810 1637.7
1269820 1644.6
1269830 1644.6
1269840 1650.3
1269850 1653.7
1269860 1653.7
1269870 1657.2
1269880 1660.7
1269890 1660.7
1269900 1663.8
1269910 1668.7
1269920 1668.7
1269930 1673.8
1269940 1677.9
1269950 1677.9
1269960 1681.8
1269970 1686.4
1269980 1686.4
1269990 1690.8
1270000 1695.0
1270010 1695.0
1270020 1699.3
1270030 1703.6
1270040 1707.6
1270050 1709.9
1270060 1714.0
1270070 1717.5
1270080 1717.5
1270090 1720.1
1270100 1720.2
1270110 1720.2
1270120 1723.7
1270130 1730.4
1270140 1730.4
1270150 1735.8
1270160 1740.0
1270170 1740.0
1270180 1740.7
1270190 1738.4
1270200 1738.4
1270210 1740.3
1270220 1749.2
1270230 1749.2
1270240 1757.0
1270250 1765.4
1270260 1765.4
1270270 1774.3
1270280 1780.9
1270290 1780.9
1270300 1784.2
1270310 1785.8
1270320 1785.8
1270330 1792.2
1270340 1797.0
1270350 1797.0
1270360 1799.8
1270370 1798.0
1270380 1794.3
1270390 1794.3
1270400 1789.7
1270410 1786.1
1270420 1786.1
1270430 1782.8
1270440 1779.5
1270450 1779.5
1270460 1775.6
1270470 1770.2
1270480 1770.2
1270490 1764.5
1270500 1758.8
1270510 1758.8
1270520 1754.8
1270530 1752.0
1270540 1752.0
1270550 1749.6
1270560 1748.3
1270570 1748.3
1270580 1748.6
1270590 1749.5
1270600 1749.5
1270610 1750.6
1270620 1751.7
1270630 1751.7
1270640 1754.7
1270650 1761.7
1270660 1761.7
1270670 1761.3
1270680 1757.1
1270690 1750.3
1270700 1750.3
1270710 1742.5
1270720 1734.2
1270730 1734.2
1270740 1727.8
1270750 1724.3
1270760 1724.3
1270770 1721.2
1270780 1717.8
1270790 1717.8
1270800 1713.5
1270810 1709.7
1270820 1709.7
1270830 1706.7
1270840 1704.3
1270850 1704.3
1270860 1700.8
1270870 1696.8
1270880 1696.8
1270890 1693.6
1270900 1689.5
1270910 1689.5
1270920 1683.4
1270930 1678.1
1270940 1678.1
1270950 1673.2
1270960 1667.4
1270970 1667.4
1270980 1660.0
1270990 1651.9
1271000 1644.5
1271010 1644.5
1271020 1637.4
1271030 1630.6
1271040 1630.6
1271050 1626.4
1271060 1625.1
1271070 1625.1
1271080 1621.8
1271090 1622.4
1271100 1622.4
1271110 1620.8
1271120 1618.2
1271130 1618.2
1271140 1615.4
1271150 1611.4
1271160 1611.4
1271170 1606.4
1271180 1604.6
1271190 1604.6
1271200 1600.4
1271210 1596.6
1271220 1596.6
1271230 1592.2
1271240 1592.2
1271250 1592.2
1271260 1586.6
1271270 1581.0
1271280 1581.0
1271290 1574.9
1271300 1568.6
1271310 1568.6
1271320 1561.5
1271330 1545.9
1271340 1531.1
1271350 1531.1
1271360 1524.4
1271370 1518.2
1271380 1518.2
1271390 1511.4
1271400 1504.7
1271410 1504.7
1271420 1497.8
1271430 1490.9
1271440 1490.9
1271450 1484.2
1271460 1477.4
1271470 1477.4
1271480 1471.0
1271490 1464.9
1271500 1464.9
1271510 1458.9
1271520 1454.1
1271530 1454.1
1271540 1450.1
1271550 1447.1
1271560 1447.1
1271570 1445.0
1271580 1443.0
1271590 1443.0
1271600 1440.7
1271610 1437.6
1271620 1437.6
1271630 1435.1
1271640 1433.2
1271650 1432.3
1271660 1432.3
1271670 1431.9
1271680 1432.0
1271690 1432.0
1271700 1431.8
1271710 1431.9
1271720 1431.9
1271730 1432.3
1271740 1432.3
1271750 1432.3
1271760 1432.2
1271770 1429.9
1271780 1429.9
1271790 1428.6
1271800 1427.5
1271810 1427.5
1271820 1426.2
1271830 1426.7
1271840 1428.8
1271850 1428.5
1271860 1428.0
1271870 1428.0
1271880 1427.0
1271890 1426.0
1271900 1426.0
1271910 1424.0
1271920 1422.5
1271930 1422.5
1271940 1421.8
1271950 1422.7
1271960 1422.7
1271970 1424.2
1271980 1424.3
1271990 1424.5
1272000 1424.5
1272010 1423.2
1272020 1422.8
1272030 1422.8
1272040 1423.1
1272050 1423.4
1272060 1423.4
1272070 1424.3
1272080 1424.7
1272090 1424.7
1272100 1424.9
1272110 1424.6
1272120 1424.6
1272130 1424.7
1272140 1424.2
1272150 1424.2
1272160 1422.8
1272170 1422.2
1272180 1422.2
1272190 1421.7
1272200 1419.8
1272210 1419.8
1272220 1419.8
1272230 1418.8
1272240 1418.8
1272250 1417.1
1272260 1416.3
1272270 1416.3
1272280 1416.4
1272290 1416.6
1272300 1416.3
1272310 1416.3
1272320 1416.4
1272330 1417.5
1272340 1417.5
1272350 1419.6
1272360 1422.1
1272370 1422.1
1272380 1424.9
1272390 1428.0
1272400 1428.0
1272410 1431.3
1272420 1434.7
1272430 1434.7
1272440 1440.9
1272450 1444.0
1272460 1444.0
1272470 1446.6
1272480 1448.7
1272490 1448.7
1272500 1451.0
1272510 1457.9
1272520 1457.9
1272530 1466.1
1272540 1474.6
1272550 1474.6
1272560 1482.2
1272570 1489.9
1272580 1489.9
1272590 1498.1
1272600 1505.5
1272610 1505.5
1272620 1512.2
1272630 1519.3
1272640 1527.6
1272650 1527.6
1272660 1533.9
1272670 1534.4
1272680 1534.4
1272690 1533.9
1272700 1535.6
1272710 1535.6
1272720 1539.4
1272730 1543.4
1272740 1543.4
1272750 1547.8
1272760 1554.0
1272770 1554.0
1272780 1559.8
1272790 1567.2
1272800 1567.2
1272810 1576.1
1272820 1585.1
1272830 1585.1
1272840 1590.6
1272850 1599.2
1272860 1599.2
1272870 1607.9
1272880 1616.4
1272890 1616.4
1272900 1626.5
1272910 1631.8
1272920 1631.8
1272930 1637.6
1272940 1646.1
1272950 1655.4
1272960 1655.4
1272970 1663.4
1272980 1669.4
1272990 1669.4
1273000 1673.5
1273010 1677.6
1273020 1677.6
1273030 1681.2
1273040 1685.2
1273050 1695.0
1273060 1700.0
1273070 1701.6
1273080 1701.6
1273090 1708.4
1273100 1718.8
1273110 1718.8
1273120 1729.2
1273130 1736.9
1273140 1736.9
1273150 1743.1
1273160 1748.2
1273170 1748.2
1273180 1752.4
1273190 1756.3
1273200 1756.3
1273210 1761.0
1273220 1765.8
1273230 1765.8
1273240 1771.0
1273250 1776.3
1273260 1776.3
1273270 1781.7
1273280 1787.6
1273290 1794.4
1273300 1794.4
1273310 1801.6
1273320 1809.6
1273330 1809.6
1273340 1818.8
1273350 1831.5
1273360 1831.5
1273370 1845.3
1273380 1853.9
1273390 1853.9
1273400 1857.2
1273410 1859.9
1273420 1859.9
1273430 1864.9
1273440 1870.7
1273450 1870.7
1273460 1877.5
1273470 1883.3
1273480 1883.3
1273490 1886.6
1273500 1889.5
1273510 1889.5
1273520 1891.0
1273530 1888.4
1273540 1888.4
1273550 1884.0
1273560 1879.7
1273570 1879.7
1273580 1871.5
1273590 1863.7
1273600 1855.2
1273610 1855.2
1273620 1844.6
1273630 1836.4
1273640 1836.4
1273650 1835.7
1273660 1827.5
1273670 1827.5
1273680 1820.1
1273690 1813.3
1273700 1813.3
1273710 1808.0
1273720 1802.9
1273730 1802.9
1273740 1795.3
1273750 1788.2
1273760 1788.2
1273770 1784.1
1273780 1782.4
1273790 1782.4
1273800 1780.3
1273810 1776.6
1273820 1776.6
1273830 1770.9
1273840 1764.4
1273850 1764.4
1273860 1758.3
1273870 1750.5
1273880 1750.5
1273890 1741.3
1273900 1730.0
1273910 1730.0
1273920 1721.6
1273930 1713.2
1273940 1704.9
1273950 1704.9
1273960 1694.6
1273970 1686.4
1273980 1686.4
1273990 1679.2
1274000 1675.4
1274010 1675.4
1274020 1673.6
1274030 1669.0
1274040 1669.0
1274050 1661.2
1274060 1654.5
1274070 1654.5
1274080 1650.6
1274090 1646.6
1274100 1646.6
1274110 1643.5
1274120 1641.5
1274130 1641.5
1274140 1639.2
1274150 1636.5
1274160 1636.5
1274170 1632.7
1274180 1628.7
1274190 1628.7
1274200 1624.8
1274210 1621.0
1274220 1621.0
1274230 1616.4
1274240 1612.2
1274250 1608.3
1274260 1614.2
1274270 1610.5
1274280 1605.8
1274290 1605.8
1274300 1601.5
1274310 1597.5
1274320 1597.5
1274330 1593.4
1274340 1589.2
1274350 1589.2
1274360 1585.0
1274370 1581.1
1274380 1581.1
1274390 1577.1
1274400 1573.0
1274410 1573.0
1274420 1569.6
1274430 1566.2
1274440 1566.2
1274450 1563.0
1274460 1560.2
1274470 1560.2
1274480 1557.4
1274490 1554.1
1274500 1554.1
1274510 1551.0
1274520 1548.0
1274530 1548.0
1274540 1545.0
1274550 1541.4
1274560 1541.4
1274570 1537.0
1274580 1534.6
1274590 1529.8
1274600 1529.8
1274610 1523.4
1274620 1515.7
1274630 1515.7
1274640 1506.4
1274650 1497.7
1274660 1497.7
1274670 1489.4
1274680 1483.0
1274690 1483.0
1274700 1477.8
1274710 1473.4
1274720 1473.4
1274730 1470.8
1274740 1469.4
1274750 1469.4
1274760 1464.0
1274770 1456.4
1274780 1456.4
1274790 1451.9
1274800 1450.6
1274810 1450.6
1274820 1450.4
1274830 1445.9
1274840 1445.9
1274850 1443.4
1274860 1445.5
1274870 1433.0
1274880 1432.0
1274890 1434.0
1274900 1439.5
1274910 1439.5
1274920 1436.1
1274930 1437.8
1274940 1437.8
1274950 1445.6
1274960 1444.8
1274970 1444.8
1274980 1441.6
1274990 1439.0
1275000 1439.0
1275010 1433.5
1275020 1427.7
1275030 1427.7
1275040 1427.3
1275050 1424.0
1275060 1424.0
1275070 1419.8
1275080 1419.7
1275090 1419.7
1275100 1414.2
1275110 1405.8
1275120 1405.8
1275130 1394.0
1275140 1378.8
1275150 1378.8
1275160 1367.1
1275170 1359.4
1275180 1359.4
1275190 1352.6
1275200 1346.1
1275210 1346.1
1275220 1341.4
1275230 1336.7
1275240 1332.8
1275250 1332.8
1275260 1331.9
1275270 1332.8
1275280 1332.8
1275290 1328.2
1275300 1323.3
1275310 1323.3
1275320 1316.9
1275330 1309.1
1275340 1309.1
1275350 1300.7
1275360 1292.1
1275370 1292.1
1275380 1279.5
1275390 1269.1
1275400 1269.1
1275410 1264.4
1275420 1255.3
1275430 1255.3
1275440 1245.9
1275450 1234.4
1275460 1234.4
1275470 1214.2
1275480 1204.5
1275490 1204.5
1275500 1195.6
1275510 1188.2
1275520 1188.2
1275530 1181.2
1275540 1174.3
1275550 1167.0
1275560 1167.0
1275570 1159.8
1275580 1152.7
1275590 1152.7
1275600 1145.5
1275610 1138.7
1275620 1138.7
1275630 1132.1
1275640 1126.1
1275650 1126.1
1275660 1121.4
1275670 1117.6
1275680 1117.6
1275690 1113.5
1275700 1110.1
1275710 1110.1
1275720 1107.2
1275730 1104.1
1275740 1104.1
1275750 1101.9
1275760 1099.7
1275770 1099.7
1275780 1097.2
1275790 1094.7
1275800 1094.7
1275810 1092.2
1275820 1090.0
1275830 1090.0
1275840 1087.7
1275850 1086.0
1275860 1086.0
1275870 1084.7
1275880 1083.1
1275890 1081.4
1275900 1081.4
1275910 1079.9
1275920 1078.4
1275930 1078.4
1275940 1076.5
1275950 1074.8
1275960 1074.8
1275970 1073.3
1275980 1071.6
1275990 1071.6
1276000 1070.1
1276010 1068.8
1276020 1068.8
1276030 1067.3
1276040 1065.1
1276050 1065.1
1276060 1063.4
1276070 1062.0
1276080 1062.0
1276090 1061.8
1276100 1059.9
1276110 1059.9
1276120 1057.7
1276130 1056.0
1276140 1056.0
1276150 1054.1
1276160 1052.8
1276170 1052.8
1276180 1051.5
1276190 1048.4
1276200 1048.2
1276210 1048.2
1276220 1049.6
1276230 1051.8
1276240 1051.8
1276250 1054.0
1276260 1057.9
1276270 1057.9
1276280 1064.2
1276290 1071.7
1276300 1071.7
1276310 1079.1
1276320 1086.0
1276330 1086.0
1276340 1092.5
1276350 1098.7
1276360 1098.7
1276370 1103.6
1276380 1108.3
1276390 1108.3
1276400 1114.2
1276410 1120.6
1276420 1120.6
1276430 1127.3
1276440 1134.1
1276450 1134.1
1276460 1141.1
1276470 1148.4
1276480 1148.4
1276490 1155.6
1276500 1162.1
1276510 1162.1
1276520 1167.3
1276530 1171.9
1276540 1176.8
1276550 1176.8
1276560 1181.7
1276570 1186.9
1276580 1186.9
1276590 1191.8
1276600 1197.6
1276610 1197.6
1276620 1204.1
1276630 1211.3
1276640 1211.3
1276650 1218.9
1276660 1225.7
1276670 1225.7
1276680 1232.4
1276690 1239.2
1276700 1243.2
1276710 1251.0
1276720 1257.4
1276730 1257.4
1276740 1264.8
1276750 1272.4
1276760 1272.4
1276770 1279.6
1276780 1284.7
1276790 1284.7
1276800 1285.6
1276810 1281.1
1276820 1281.1
1276830 1273.1
1276840 1267.4
1276850 1268.6
1276860 1268.6
1276870 1271.1
1276880 1264.6
1276890 1264.6
1276900 1253.2
1276910 1253.0
1276920 1253.0
1276930 1261.2
1276940 1273.3
1276950 1273.3
1276960 1285.5
1276970 1293.7
1276980 1293.7
1276990 1304.4
1277000 1313.5
1277010 1313.5
1277020 1319.6
1277030 1328.7
1277040 1328.7
1277050 1340.0
1277060 1349.5
1277070 1349.5
1277080 1354.7
1277090 1351.3
1277100 1351.3
1277110 1357.8
1277120 1367.8
1277130 1367.8
1277140 1371.9
1277150 1368.9
1277160 1365.5
1277170 1365.5
1277180 1372.1
1277190 1387.7
1277200 1387.7
1277210 1394.6
1277220 1393.3
1277230 1393.3
1277240 1392.9
1277250 1400.8
1277260 1400.8
1277270 1410.2
1277280 1412.9
1277290 1412.9
1277300 1417.5
1277310 1420.7
1277320 1433.2
1277330 1436.7
1277340 1440.0
1277350 1440.0
1277360 1446.7
1277370 1457.9
1277380 1457.9
1277390 1464.5
1277400 1475.9
1277410 1475.9
1277420 1489.4
1277430 1507.3
1277440 1507.3
1277450 1516.5
1277460 1523.9
1277470 1523.9
1277480 1531.1
1277490 1539.9
1277500 1549.7
1277510 1549.7
1277520 1558.9
1277530 1562.5
1277540 1562.5
1277550 1563.5
1277560 1564.7
1277570 1564.7
1277580 1566.0
1277590 1565.5
1277600 1565.5
1277610 1563.8
1277620 1560.8
1277630 1560.8
1277640 1558.8
1277650 1557.4
1277660 1557.4
1277670 1555.7
1277680 1553.5
1277690 1553.5
1277700 1550.2
1277710 1545.1
1277720 1545.1
1277730 1539.0
1277740 1533.0
1277750 1533.0
1277760 1526.9
1277770 1520.3
1277780 1520.3
1277790 1513.9
1277800 1508.0
1277810 1501.0
1277820 1501.0
1277830 1492.9
1277840 1486.3
1277850 1486.3
1277860 1480.4
1277870 1473.8
1277880 1473.8
1277890 1466.6
1277900 1459.3
1277910 1459.3
1277920 1452.3
1277930 1445.7
1277940 1447.1
1277950 1440.1
1277960 1434.7
1277970 1434.7
1277980 1431.1
1277990 1428.1
1278000 1428.1
1278010 1421.6
1278020 1414.9
1278030 1414.9
1278040 1408.6
1278050 1402.5
1278060 1402.5
1278070 1397.8
1278080 1392.7
1278090 1392.7
1278100 1386.6
1278110 1380.1
1278120 1380.1
1278130 1373.5
1278140 1367.3
1278150 1361.5
1278160 1361.5
1278170 1356.3
1278180 1349.9
1278190 1349.9
1278200 1343.3
1278210 1337.2
1278220 1337.2
1278230 1331.5
1278240 1326.3
1278250 1326.3
1278260 1320.4
1278270 1313.6
1278280 1313.6
1278290 1306.7
1278300 1299.0
1278310 1299.0
1278320 1291.4
1278330 1285.9
1278340 1285.9
1278350 1281.1
1278360 1276.8
1278370 1276.8
1278380 1273.4
1278390 1270.4
1278400 1270.4
1278410 1266.2
1278420 1261.6
1278430 1261.6
1278440 1257.7
1278450 1253.6
1278460 1248.9
1278470 1248.9
1278480 1239.2
1278490 1231.7
1278500 1231.7
1278510 1231.5
1278520 1222.2
1278530 1222.2
1278540 1212.4
1278550 1214.1
1278560 1214.1
1278570 1208.8
1278580 1202.3
1278590 1202.3
1278600 1195.1
1278610 1186.8
1278620 1186.8
1278630 1176.8
1278640 1168.3
1278650 1168.3
1278660 1160.0
1278670 1152.4
1278680 1152.4
1278690 1152.0
1278700 1156.0
1278710 1156.0
1278720 1160.9
1278730 1167.1
1278740 1167.1
1278750 1173.2
1278760 1172.2
1278770 1172.2
1278780 1166.6
1278790 1165.0
1278800 1161.7
1278810 1161.7
1278820 1156.5
1278830 1152.3
1278840 1152.3
1278850 1151.1
1278860 1150.0
1278870 1150.0
1278880 1147.9
1278890 1146.5
1278900 1146.5
1278910 1144.6
1278920 1141.9
1278930 1141.9
1278940 1137.9
1278950 1133.3
1278960 1133.3
1278970 1130.2
1278980 1127.4
1278990 1127.4
1279000 1123.5
1279010 1118.7
1279020 1118.7
1279030 1113.9
1279040 1110.8
1279050 1110.8
1279060 1106.3
1279070 1102.0
1279080 1102.0
1279090 1098.1
1279100 1094.5
1279110 1090.4
1279120 1090.4
1279130 1087.3
1279140 1085.8
1279150 1085.8
1279160 1084.0
1279170 1076.1
1279180 1076.1
1279190 1072.8
1279200 1069.5
1279210 1069.5
1279220 1065.4
1279230 1061.5
1279240 1061.5
1279250 1058.9
1279260 1056.3
1279270 1056.3
1279280 1053.6
1279290 1051.0
1279300 1051.0
1279310 1048.8
1279320 1046.3
1279330 1046.3
1279340 1042.7
1279350 1038.1
1279360 1038.1
1279370 1032.3
1279380 1026.0
1279390 1026.0
1279400 1019.4
1279410 1012.5
1279420 1012.5
1279430 1001.4
1279440 1001.0
1279450 1011.1
1279460 1011.1
1279470 1015.3
1279480 1019.1
1279490 1019.1
1279500 1022.4
1279510 1024.9
1279520 1024.9
1279530 1027.4
1279540 1029.8
1279550 1029.8
1279560 1033.6
1279570 1038.5
1279580 1038.5
1279590 1042.9
1279600 1045.8
1279610 1045.8
1279620 1044.6
1279630 1043.2
1279640 1043.2
1279650 1040.3
1279660 1041.3
1279670 1041.3
1279680 1045.7
1279690 1050.9
1279700 1050.9
1279710 1056.8
1279720 1062.9
1279730 1062.9
1279740 1068.2
1279750 1072.3
1279760 1074.0
1279770 1074.0
1279780 1074.9
1279790 1075.1
1279800 1076.4
1279810 1077.0
1279820 1076.6
1279830 1076.6
1279840 1076.6
1279850 1077.4
1279860 1077.4
1279870 1078.2
1279880 1078.9
1279890 1078.9
1279900 1079.7
1279910 1081.2
1279920 1081.2
1279930 1082.3
1279940 1083.7
1279950 1083.7
1279960 1085.5
1279970 1087.0
1279980 1087.0
1279990 1087.9
