1269530 1555.1
1269540 1558.2
1269550 1558.2
1269560 1561.4
1269570 1564.6
1269580 1564.6
1269590 1567.9
1269600 1571.3
1269610 1571.3
1269620 1574.7
1269630 1578.8
1269640 1578.8
1269650 1583.2
1269660 1587.6
1269670 1587.6
1269680 1592.1
1269690 1596.6
1269700 1596.6
1269710 1601.5
1269720 1606.6
1269730 1603.5
1269740 1608.3
1269750 1614.8
1269760 1620.8
1269770 1620.8
1269780 1624.8
1269790 1628.3
1269800 1628.3
1269810 1631.7
1269820 1634.5
1269830 1634.5
1269840 1638.5
1269850 1643.1
1269860 1643.1
1269870 1647.6
1269880 1652.1
1269890 1652.1
1269900 1657.7
1269910 1662.5
1269920 1662.5
1269930 1666.7
1269940 1671.2
1269950 1671.2
1269960 1675.2
1269970 1679.2
1269980 1679.2
1269990 1683.4
1270000 1687.7
1270010 1687.7
1270020 1692.1
1270030 1696.8
1270040 1696.8
1270050 1701.5
1270060 1706.7
1270070 1706.7
1270080 1711.4
1270090 1716.3
1270100 1721.4
1270110 1721.4
1270120 1725.6
1270130 1729.9
1270140 1729.9
1270150 1734.6
1270160 1737.1
1270170 1737.1
1270180 1740.1
1270190 1741.0
1270200 1741.0
1270210 1743.1
1270220 1744.5
1270230 1744.5
1270240 1747.6
1270250 1756.9
1270260 1756.9
1270270 1765.2
1270280 1766.5
1270290 1766.5
1270300 1759.0
1270310 1750.4
1270320 1750.4
1270330 1764.7
1270340 1766.0
1270350 1766.0
1270360 1767.8
1270370 1769.7
1270380 1769.7
1270390 1769.7
1270400 1770.1
1270410 1768.2
1270420 1768.2
1270430 1764.5
1270440 1762.9
1270450 1762.9
1270460 1762.0
1270470 1761.9
1270480 1761.9
1270490 1763.6
1270500 1765.7
1270510 1765.7
1270520 1766.7
1270530 1766.1
1270540 1766.1
1270550 1765.6
1270560 1760.8
1270570 1760.8
1270580 1756.6
1270590 1764.6
1270600 1764.6
1270610 1765.5
1270620 1773.1
1270630 1773.1
1270640 1772.0
1270650 1772.4
1270660 1772.4
1270670 1776.2
1270680 1768.5
1270690 1768.5
1270700 1758.0
1270710 1753.4
1270720 1753.4
1270730 1754.0
1270740 1751.8
1270750 1738.6
1270760 1738.6
1270770 1732.9
1270780 1742.9
1270790 1742.9
1270800 1755.4
1270810 1755.1
1270820 1755.1
1270830 1751.9
1270840 1749.1
1270850 1749.1
1270860 1740.9
1270870 1730.0
1270880 1730.0
1270890 1721.3
1270900 1716.8
1270910 1716.8
1270920 1710.6
1270930 1706.5
1270940 1706.5
1270950 1710.6
1270960 1723.2
1270970 1723.2
1270980 1723.8
1270990 1721.3
1271000 1721.3
1271010 1718.5
1271020 1716.2
1271030 1716.2
1271040 1710.3
1271050 1702.8
1271060 1698.5
1271070 1698.5
1271080 1692.3
1271090 1682.7
1271100 1682.7
1271110 1666.4
1271120 1646.0
1271130 1646.0
1271140 1638.6
1271150 1634.7
1271160 1634.7
1271170 1626.4
1271180 1613.7
1271190 1613.7
1271200 1596.2
1271210 1580.5
1271220 1580.5
1271230 1574.8
1271240 1565.9
1271250 1565.9
1271260 1554.8
1271270 1547.9
1271280 1547.9
1271290 1546.9
1271300 1543.7
1271310 1543.7
1271320 1536.3
1271330 1534.7
1271340 1534.7
1271350 1529.2
1271360 1516.7
1271370 1516.7
1271380 1509.6
1271390 1503.6
1271400 1492.3
1271410 1492.3
1271420 1479.1
1271430 1465.6
1271440 1465.6
1271450 1452.7
1271460 1442.1
1271470 1442.1
1271480 1433.5
1271490 1428.0
1271500 1428.0
1271510 1424.6
1271520 1417.9
1271530 1417.9
1271540 1415.0
1271550 1412.1
1271560 1412.1
1271570 1408.4
1271580 1404.6
1271590 1404.6
1271600 1399.1
1271610 1395.0
1271620 1395.0
1271630 1393.5
1271640 1392.4
1271650 1392.4
1271660 1390.8
1271670 1388.1
1271680 1388.1
1271690 1385.4
1271700 1382.7
1271710 1380.7
1271720 1380.7
1271730 1379.0
1271740 1377.3
1271750 1377.3
1271760 1376.0
1271770 1374.7
1271780 1374.7
1271790 1372.9
1271800 1371.1
1271810 1371.1
1271820 1369.3
1271830 1367.3
1271840 1367.3
1271850 1365.4
1271860 1363.5
1271870 1363.5
1271880 1361.6
1271890 1360.1
1271900 1360.1
1271910 1359.5
1271920 1358.8
1271930 1358.8
1271940 1357.9
1271950 1356.9
1271960 1356.9
1271970 1355.8
1271980 1354.7
1271990 1354.7
1272000 1353.2
1272010 1352.1
1272020 1352.1
1272030 1350.5
1272040 1350.1
1272050 1349.6
1272060 1349.6
1272070 1348.5
1272080 1348.2
1272090 1348.2
1272100 1348.1
1272110 1347.4
1272120 1348.6
1272130 1348.8
1272140 1349.0
1272150 1349.0
1272160 1348.7
1272170 1348.9
1272180 1348.9
1272190 1349.3
1272200 1349.7
1272210 1349.7
1272220 1349.8
1272230 1349.8
1272240 1349.8
1272250 1349.3
1272260 1348.7
1272270 1348.7
1272280 1348.2
1272290 1347.6
1272300 1347.6
1272310 1346.5
1272320 1345.9
1272330 1345.9
1272340 1345.3
1272350 1345.1
1272360 1344.3
1272370 1344.3
1272380 1343.5
1272390 1342.5
1272400 1342.5
1272410 1342.8
1272420 1343.7
1272430 1343.7
1272440 1344.2
1272450 1344.4
1272460 1344.4
1272470 1344.0
1272480 1343.8
1272490 1343.8
1272500 1343.8
1272510 1344.0
1272520 1344.0
1272530 1345.0
1272540 1345.7
1272550 1345.7
1272560 1345.8
1272570 1348.2
1272580 1348.2
1272590 1353.1
1272600 1355.6
1272610 1355.6
1272620 1360.4
1272630 1376.7
1272640 1376.7
1272650 1392.6
1272660 1402.5
1272670 1402.5
1272680 1409.3
1272690 1413.6
1272700 1422.0
1272710 1422.0
1272720 1429.2
1272730 1441.1
1272740 1441.1
1272750 1445.5
1272760 1449.7
1272770 1449.7
1272780 1452.7
1272790 1449.8
1272800 1449.8
1272810 1449.0
1272820 1448.8
1272830 1448.8
1272840 1446.5
1272850 1454.9
1272860 1454.9
1272870 1457.8
1272880 1458.3
1272890 1458.3
1272900 1462.0
1272910 1470.8
1272920 1470.8
1272930 1483.1
1272940 1490.1
1272950 1490.1
1272960 1494.3
1272970 1505.9
1272980 1505.9
1272990 1523.9
1273000 1537.0
1273010 1546.4
1273020 1546.4
1273030 1556.6
1273040 1574.5
1273050 1574.5
1273060 1588.4
1273070 1596.6
1273080 1596.6
1273090 1603.5
1273100 1610.4
1273110 1610.4
1273120 1617.9
1273130 1625.1
1273140 1625.1
1273150 1632.2
1273160 1639.6
1273170 1639.6
1273180 1645.0
1273190 1648.6
1273200 1648.6
1273210 1646.9
1273220 1642.3
1273230 1642.3
1273240 1639.1
1273250 1635.9
1273260 1635.9
1273270 1636.2
1273280 1632.3
1273290 1632.3
1273300 1629.8
1273310 1630.8
1273320 1630.8
1273330 1638.9
1273340 1641.0
1273350 1641.2
1273360 1641.2
1273370 1642.1
1273380 1643.7
1273390 1643.7
1273400 1643.2
1273410 1644.5
1273420 1644.5
1273430 1650.9
1273440 1655.2
1273450 1655.2
1273460 1659.5
1273470 1662.3
1273480 1662.3
1273490 1663.8
1273500 1665.2
1273510 1665.2
1273520 1665.6
1273530 1668.2
1273540 1668.2
1273550 1670.9
1273560 1674.5
1273570 1674.5
1273580 1678.0
1273590 1681.3
1273600 1681.3
1273610 1683.4
1273620 1686.5
1273630 1686.5
1273640 1689.2
1273650 1687.1
1273660 1682.1
1273670 1682.1
1273680 1678.2
1273690 1676.1
1273700 1676.1
1273710 1676.0
1273720 1678.6
1273730 1678.6
1273740 1681.8
1273750 1682.8
1273760 1682.8
1273770 1681.4
1273780 1682.0
1273790 1682.0
1273800 1681.8
1273810 1680.6
1273820 1680.6
1273830 1677.9
1273840 1674.1
1273850 1674.1
1273860 1670.2
1273870 1666.2
1273880 1666.2
1273890 1662.3
1273900 1657.5
1273910 1657.5
1273920 1652.9
1273930 1648.7
1273940 1643.9
1273950 1639.6
1273960 1635.6
1273970 1635.6
1273980 1632.0
1273990 1628.7
1274000 1625.5
1274010 1625.5
1274020 1620.9
1274030 1617.1
1274040 1617.1
1274050 1613.2
1274060 1610.1
1274070 1610.1
1274080 1607.5
1274090 1604.5
1274100 1604.5
1274110 1601.3
1274120 1598.8
1274130 1598.8
1274140 1596.9
1274150 1595.6
1274160 1595.6
1274170 1594.3
1274180 1591.6
1274190 1591.6
1274200 1588.3
1274210 1584.5
1274220 1584.5
1274230 1579.7
1274240 1574.3
1274250 1574.3
1274260 1570.5
1274270 1567.6
1274280 1567.6
1274290 1565.5
1274300 1558.5
1274310 1552.8
1274320 1552.8
1274330 1553.3
1274340 1556.8
1274350 1556.8
1274360 1556.8
1274370 1551.6
1274380 1551.6
1274390 1550.5
1274400 1546.4
1274410 1546.4
1274420 1540.1
1274430 1536.7
1274440 1536.7
1274450 1541.1
1274460 1547.7
1274470 1547.7
1274480 1552.0
1274490 1551.0
1274500 1551.0
1274510 1547.7
1274520 1543.2
1274530 1543.2
1274540 1528.7
1274550 1526.8
1274560 1526.8
1274570 1529.0
1274580 1524.6
1274590 1524.6
1274600 1517.9
1274610 1512.5
1274620 1512.5
1274630 1507.0
1274640 1501.9
1274650 1496.9
1274660 1496.9
1274670 1494.0
1274680 1486.0
1274690 1486.0
1274700 1481.2
1274710 1482.5
1274720 1482.5
1274730 1482.7
1274740 1481.2
1274750 1481.2
1274760 1478.7
1274770 1475.0
1274780 1475.0
1274790 1470.5
1274800 1467.6
1274810 1467.6
1274820 1464.3
1274830 1457.6
1274840 1457.6
1274850 1447.3
1274860 1434.9
1274870 1434.9
1274880 1428.0
1274890 1423.8
1274900 1423.8
1274910 1415.5
1274920 1404.7
1274930 1404.7
1274940 1395.2
1274950 1387.3
1274960 1376.0
1274970 1376.0
1274980 1364.9
1274990 1347.3
1275000 1347.3
1275010 1329.3
1275020 1316.7
1275030 1316.7
1275040 1306.9
1275050 1300.9
1275060 1300.9
1275070 1290.6
1275080 1280.9
1275090 1280.9
1275100 1274.1
1275110 1267.4
1275120 1267.4
1275130 1261.4
1275140 1255.6
1275150 1258.2
1275160 1252.3
1275170 1246.8
1275180 1246.8
1275190 1243.0
1275200 1240.6
1275210 1240.6
1275220 1240.5
1275230 1241.2
1275240 1241.2
1275250 1237.5
1275260 1238.1
1275270 1238.1
1275280 1244.7
1275290 1250.1
1275300 1248.9
1275310 1248.9
1275320 1250.3
1275330 1251.6
1275340 1251.6
1275350 1252.4
1275360 1256.4
1275370 1256.4
1275380 1257.8
1275390 1260.2
1275400 1260.2
1275410 1262.8
1275420 1266.3
1275430 1266.3
1275440 1269.7
1275450 1276.0
1275460 1276.0
1275470 1282.2
1275480 1285.6
1275490 1285.6
1275500 1285.2
1275510 1279.6
1275520 1279.6
1275530 1272.6
1275540 1263.2
1275550 1263.2
1275560 1254.1
1275570 1243.1
1275580 1243.1
1275590 1225.7
1275600 1210.2
1275610 1188.8
1275620 1188.8
1275630 1185.6
1275640 1179.0
1275650 1179.0
1275660 1164.9
1275670 1145.7
1275680 1145.7
1275690 1131.5
1275700 1125.0
1275710 1125.0
1275720 1118.4
1275730 1111.4
1275740 1111.4
1275750 1104.7
1275760 1093.2
1275770 1093.2
1275780 1087.9
1275790 1084.1
1275800 1084.1
1275810 1080.2
1275820 1076.2
1275830 1076.2
1275840 1072.3
1275850 1068.7
1275860 1068.7
1275870 1064.6
1275880 1061.5
1275890 1061.5
1275900 1059.9
1275910 1057.5
1275920 1057.5
1275930 1053.3
1275940 1049.5
1275950 1046.0
1275960 1046.0
1275970 1042.4
1275980 1037.3
1275990 1037.3
1276000 1032.5
1276010 1031.2
1276020 1031.2
1276030 1027.8
1276040 1024.0
1276050 1024.0
1276060 1022.7
1276070 1022.2
1276080 1022.2
1276090 1021.8
1276100 1021.5
1276110 1021.5
1276120 1023.2
1276130 1026.6
1276140 1026.6
1276150 1027.6
1276160 1027.6
1276170 1027.6
1276180 1026.8
1276190 1027.1
1276200 1027.1
1276210 1027.7
1276220 1030.5
1276230 1030.5
1276240 1036.6
1276250 1042.8
1276260 1048.6
1276270 1048.6
1276280 1053.4
1276290 1057.0
1276300 1057.0
1276310 1060.3
1276320 1063.8
1276330 1063.8
1276340 1066.9
1276350 1069.8
1276360 1069.8
1276370 1072.2
1276380 1078.1
1276390 1078.1
1276400 1080.7
1276410 1083.2
1276420 1083.2
1276430 1086.4
1276440 1090.7
1276450 1090.7
1276460 1095.7
1276470 1101.2
1276480 1101.2
1276490 1105.3
1276500 1108.1
1276510 1108.1
1276520 1110.3
1276530 1111.8
1276540 1111.8
1276550 1113.2
1276560 1115.2
1276570 1115.2
1276580 1118.3
1276590 1123.2
1276600 1127.9
1276610 1127.9
1276620 1131.6
1276630 1136.7
1276640 1136.7
1276650 1143.2
1276660 1149.8
1276670 1149.8
1276680 1156.1
1276690 1160.8
1276700 1160.8
1276710 1164.9
1276720 1169.2
1276730 1169.2
1276740 1174.1
1276750 1178.7
1276760 1178.7
1276770 1183.0
1276780 1187.5
1276790 1187.5
1276800 1192.5
1276810 1197.6
1276820 1197.6
1276830 1203.0
1276840 1208.6
1276850 1208.6
1276860 1214.1
1276870 1219.0
1276880 1219.0
1276890 1225.1
1276900 1232.9
1276910 1241.5
1276920 1241.5
1276930 1249.8
1276940 1259.0
1276950 1259.0
1276960 1266.8
1276970 1273.3
1276980 1273.3
1276990 1285.0
1277000 1292.6
1277010 1292.6
1277020 1297.6
1277030 1305.1
1277040 1305.1
1277050 1315.6
1277060 1324.3
1277070 1324.3
1277080 1331.9
1277090 1339.1
1277100 1339.1
1277110 1346.1
1277120 1352.1
1277130 1352.1
1277140 1358.7
1277150 1364.5
1277160 1364.5
1277170 1368.1
1277180 1372.5
1277190 1372.5
1277200 1375.0
1277210 1379.0
1277220 1379.0
1277230 1384.3
1277240 1390.7
1277250 1398.4
1277260 1398.4
1277270 1406.0
1277280 1411.8
1277290 1411.8
1277300 1416.7
1277310 1423.3
1277320 1423.3
1277330 1432.2
1277340 1441.3
1277350 1441.3
1277360 1448.2
1277370 1447.5
1277380 1447.5
1277390 1444.8
1277400 1441.5
1277410 1441.5
1277420 1438.6
1277430 1435.7
1277440 1435.7
1277450 1432.4
1277460 1430.9
1277470 1430.9
1277480 1431.5
1277490 1436.4
1277500 1436.4
1277510 1441.3
1277520 1444.2
1277530 1444.2
1277540 1446.5
1277550 1447.9
1277560 1446.9
1277570 1446.9
1277580 1445.3
1277590 1442.9
1277600 1442.9
1277610 1446.5
1277620 1443.6
1277630 1443.6
1277640 1441.6
1277650 1440.5
1277660 1440.5
1277670 1438.9
1277680 1438.8
1277690 1438.8
1277700 1440.0
1277710 1440.0
1277720 1440.0
1277730 1437.1
1277740 1433.7
1277750 1433.7
1277760 1430.4
1277770 1426.3
1277780 1426.3
1277790 1422.4
1277800 1419.2
1277810 1419.2
1277820 1415.6
1277830 1412.1
1277840 1412.1
1277850 1408.9
1277860 1405.2
1277870 1405.2
1277880 1400.5
1277890 1396.5
1277900 1393.3
1277910 1393.3
1277920 1388.4
1277930 1384.1
1277940 1384.1
1277950 1381.0
1277960 1378.9
1277970 1378.9
1277980 1375.4
1277990 1370.7
1278000 1370.7
1278010 1366.5
1278020 1363.2
1278030 1363.2
1278040 1359.4
1278050 1355.9
1278060 1355.9
1278070 1352.1
1278080 1346.8
1278090 1346.8
1278100 1341.4
1278110 1337.3
1278120 1337.3
1278130 1334.2
1278140 1331.1
1278150 1331.1
1278160 1328.8
1278170 1327.7
1278180 1327.7
1278190 1324.4
1278200 1320.8
1278210 1320.8
1278220 1324.3
1278230 1321.1
1278240 1319.1
1278250 1319.1
1278260 1318.1
1278270 1317.5
1278280 1317.5
1278290 1315.7
1278300 1314.1
1278310 1314.1
1278320 1312.2
1278330 1310.3
1278340 1310.3
1278350 1311.5
1278360 1311.8
1278370 1311.8
1278380 1309.0
1278390 1306.7
1278400 1306.7
1278410 1305.6
1278420 1303.9
1278430 1303.9
1278440 1301.1
1278450 1298.5
1278460 1298.5
1278470 1297.1
1278480 1295.6
1278490 1295.6
1278500 1293.0
1278510 1290.6
1278520 1290.6
1278530 1289.6
1278540 1288.6
1278550 1287.6
1278560 1287.6
1278570 1285.0
1278580 1282.1
1278590 1282.1
1278600 1278.5
1278610 1276.2
1278620 1276.2
1278630 1274.9
1278640 1273.6
1278650 1273.6
1278660 1271.7
1278670 1270.0
1278680 1270.0
1278690 1266.6
1278700 1262.2
1278710 1262.2
1278720 1257.8
1278730 1255.3
1278740 1255.3
1278750 1252.6
1278760 1249.6
1278770 1249.6
1278780 1246.3
1278790 1242.9
1278800 1242.9
1278810 1238.8
1278820 1234.1
1278830 1234.1
1278840 1235.8
1278850 1232.9
1278860 1232.9
1278870 1231.5
1278880 1230.0
1278890 1228.3
1278900 1228.3
1278910 1227.6
1278920 1223.5
1278930 1223.5
1278940 1220.3
1278950 1217.1
1278960 1217.1
1278970 1212.3
1278980 1205.2
1278990 1205.2
1279000 1201.2
1279010 1198.0
1279020 1198.0
1279030 1194.9
1279040 1192.8
1279050 1192.8
1279060 1190.4
1279070 1188.2
1279080 1188.2
1279090 1187.1
1279100 1187.0
1279110 1187.0
1279120 1187.0
1279130 1186.9
1279140 1186.9
1279150 1187.2
1279160 1188.2
1279170 1188.2
1279180 1189.9
1279190 1191.0
1279200 1182.1
1279210 1182.1
1279220 1172.0
1279230 1163.1
1279240 1163.1
1279250 1154.2
1279260 1145.6
1279270 1145.6
1279280 1137.7
1279290 1130.5
1279300 1130.5
1279310 1123.1
1279320 1115.5
1279330 1115.5
1279340 1108.3
1279350 1102.2
1279360 1102.2
1279370 1097.6
1279380 1094.7
1279390 1094.7
1279400 1092.0
1279410 1088.9
1279420 1088.9
1279430 1085.8
1279440 1082.4
1279450 1082.4
1279460 1078.6
1279470 1074.7
1279480 1074.7
1279490 1070.6
1279500 1068.3
1279510 1068.3
1279520 1067.5
1279530 1063.7
1279540 1058.6
1279550 1058.6
1279560 1052.5
1279570 1047.9
1279580 1047.9
1279590 1044.3
1279600 1037.3
1279610 1037.3
1279620 1029.7
1279630 1023.3
1279640 1023.3
1279650 1017.1
1279660 1009.8
1279670 1009.8
1279680 1001.5
1279690 993.6
1279700 993.6
1279710 987.8
1279720 984.0
1279730 984.0
1279740 979.6
1279750 975.7
1279760 975.7
1279770 970.2
1279780 964.7
1279790 964.7
1279800 961.7
1279810 960.2
1279820 960.2
1279830 959.1
1279840 959.2
1279850 961.6
1279860 961.6
1279870 964.1
1279880 965.8
1279890 965.8
1279900 967.2
1279910 969.1
1279920 969.1
1279930 972.4
1279940 977.8
1279950 977.8
1279960 982.3
1279970 983.5
1279980 983.5
1279990 986.6
