1266960 1210.5
1266970 1213.9
1266980 1216.1
1266990 1221.1
1267000 1226.3
1267010 1226.3
1267020 1231.0
1267030 1235.6
1267040 1239.7
1267050 1239.7
1267060 1242.5
1267070 1244.3
1267080 1244.3
1267090 1247.5
1267100 1252.5
1267110 1252.5
1267120 1258.8
1267130 1264.9
1267140 1264.9
1267150 1271.2
1267160 1276.3
1267170 1276.3
1267180 1280.6
1267190 1284.6
1267200 1284.6
1267210 1287.2
1267220 1287.7
1267230 1287.7
1267240 1284.5
1267250 1279.6
1267260 1279.6
1267270 1274.3
1267280 1269.9
1267290 1269.9
1267300 1268.5
1267310 1269.4
1267320 1269.4
1267330 1271.6
1267340 1274.0
1267350 1274.6
1267360 1274.6
1267370 1273.1
1267380 1270.5
1267390 1270.5
1267400 1267.4
1267410 1264.2
1267420 1264.2
1267430 1261.3
1267440 1258.2
1267450 1258.2
1267460 1257.1
1267470 1256.0
1267480 1256.0
1267490 1253.4
1267500 1248.8
1267510 1248.8
1267520 1242.7
1267530 1237.6
1267540 1237.6
1267550 1234.9
1267560 1231.1
1267570 1234.7
1267580 1231.1
1267590 1227.3
1267600 1227.3
1267610 1224.4
1267620 1222.4
1267630 1222.4
1267640 1220.8
1267650 1218.5
1267660 1218.5
1267670 1214.9
1267680 1210.7
1267690 1206.2
1267700 1206.2
1267710 1199.4
1267720 1191.6
1267730 1191.6
1267740 1183.4
1267750 1178.8
1267760 1178.8
1267770 1176.2
1267780 1174.8
1267790 1174.8
1267800 1176.8
1267810 1180.6
1267820 1180.6
1267830 1186.1
1267840 1189.4
1267850 1189.4
1267860 1190.3
1267870 1192.0
1267880 1192.0
1267890 1196.9
1267900 1203.5
1267910 1203.5
1267920 1210.5
1267930 1217.5
1267940 1217.5
1267950 1224.7
1267960 1232.3
1267970 1232.3
1267980 1240.3
1267990 1248.0
1268000 1248.0
1268010 1257.7
1268020 1269.9
1268030 1284.6
1268040 1284.6
1268050 1294.0
1268060 1304.1
1268070 1304.1
1268080 1309.8
1268090 1313.6
1268100 1313.6
1268110 1317.5
1268120 1318.1
1268130 1318.1
1268140 1319.8
1268150 1321.9
1268160 1310.4
1268170 1313.9
1268180 1312.0
1268190 1312.0
1268200 1314.7
1268210 1321.4
1268220 1321.4
1268230 1325.4
1268240 1327.2
1268250 1327.2
1268260 1327.1
1268270 1325.8
1268280 1325.8
1268290 1323.0
1268300 1322.7
1268310 1322.7
1268320 1323.8
1268330 1326.0
1268340 1332.5
1268350 1332.5
1268360 1338.3
1268370 1343.7
1268380 1343.7
1268390 1347.1
1268400 1348.9
1268410 1348.9
1268420 1350.1
1268430 1352.9
1268440 1352.9
1268450 1356.6
1268460 1359.5
1268470 1359.5
1268480 1361.7
1268490 1364.7
1268500 1364.7
1268510 1366.8
1268520 1368.8
1268530 1368.8
1268540 1372.1
1268550 1375.3
1268560 1375.3
1268570 1373.7
1268580 1371.7
1268590 1371.7
1268600 1379.4
1268610 1387.3
1268620 1387.3
1268630 1395.2
1268640 1403.6
1268650 1403.6
1268660 1408.7
1268670 1410.9
1268680 1410.8
1268690 1410.8
1268700 1410.0
1268710 1410.0
1268720 1410.0
1268730 1408.4
1268740 1403.6
1268750 1394.7
1268760 1392.1
1268770 1389.4
1268780 1389.4
1268790 1385.2
1268800 1377.9
1268810 1377.9
1268820 1369.8
1268830 1365.5
1268840 1365.5
1268850 1372.8
1268860 1380.2
1268870 1380.2
1268880 1384.2
1268890 1386.2
1268900 1386.2
1268910 1386.8
1268920 1387.2
1268930 1387.2
1268940 1388.8
1268950 1390.7
1268960 1390.7
1268970 1394.0
1268980 1392.4
1268990 1392.4
1269000 1388.0
1269010 1382.7
1269020 1381.9
1269030 1381.9
1269040 1389.3
1269050 1395.5
1269060 1395.5
1269070 1399.6
1269080 1402.1
1269090 1402.1
1269100 1404.2
1269110 1407.7
1269120 1407.7
1269130 1410.0
1269140 1409.2
1269150 1409.2
1269160 1409.3
1269170 1408.0
1269180 1408.0
1269190 1403.8
1269200 1403.8
1269210 1403.8
1269220 1405.1
1269230 1408.7
1269240 1408.7
1269250 1413.6
1269260 1417.9
1269270 1417.9
1269280 1424.7
1269290 1432.6
1269300 1432.6
1269310 1443.0
1269320 1453.1
1269330 1460.8
1269340 1461.0
1269350 1466.3
1269360 1470.3
1269370 1470.3
1269380 1473.6
1269390 1477.6
1269400 1477.6
1269410 1482.3
1269420 1486.9
1269430 1486.9
1269440 1490.4
1269450 1495.5
1269460 1495.5
1269470 1499.1
1269480 1501.1
1269490 1501.1
1269500 1503.2
1269510 1506.1
1269520 1506.1
1269530 1508.2
1269540 1510.3
1269550 1510.3
1269560 1515.0
1269570 1522.0
1269580 1522.0
1269590 1527.1
1269600 1533.0
1269610 1533.0
1269620 1535.8
1269630 1537.9
1269640 1537.9
1269650 1545.2
1269660 1553.0
1269670 1560.2
1269680 1560.2
1269690 1567.1
1269700 1574.4
1269710 1574.4
1269720 1583.3
1269730 1591.2
1269740 1591.2
1269750 1599.1
1269760 1605.6
1269770 1605.6
1269780 1612.1
1269790 1618.6
1269800 1618.6
1269810 1627.7
1269820 1636.0
1269830 1636.0
1269840 1643.0
1269850 1649.3
1269860 1649.3
1269870 1656.0
1269880 1663.2
1269890 1663.2
1269900 1669.5
1269910 1675.8
1269920 1675.8
1269930 1682.5
1269940 1684.3
1269950 1684.3
1269960 1690.3
1269970 1696.4
1269980 1696.4
1269990 1702.1
1270000 1708.0
1270010 1714.1
1270020 1714.1
1270030 1720.8
1270040 1727.4
1270050 1727.4
1270060 1734.3
1270070 1741.4
1270080 1741.4
1270090 1748.9
1270100 1755.8
1270110 1755.8
1270120 1762.0
1270130 1768.3
1270140 1768.3
1270150 1768.0
1270160 1756.3
1270170 1756.3
1270180 1747.5
1270190 1739.4
1270200 1739.4
1270210 1732.5
1270220 1724.2
1270230 1724.2
1270240 1714.8
1270250 1703.0
1270260 1703.0
1270270 1692.4
1270280 1682.1
1270290 1682.1
1270300 1670.5
1270310 1658.5
1270320 1657.6
1270330 1657.6
1270340 1660.1
1270350 1658.2
1270360 1658.2
1270370 1651.2
1270380 1643.3
1270390 1643.3
1270400 1637.1
1270410 1630.2
1270420 1630.2
1270430 1622.4
1270440 1617.5
1270450 1617.5
1270460 1621.6
1270470 1620.6
1270480 1620.6
1270490 1612.2
1270500 1604.2
1270510 1604.2
1270520 1598.0
1270530 1586.0
1270540 1586.0
1270550 1580.5
1270560 1575.6
1270570 1575.6
1270580 1569.1
1270590 1561.4
1270600 1561.4
1270610 1555.0
1270620 1547.9
1270630 1547.9
1270640 1539.8
1270650 1531.0
1270660 1524.6
1270670 1524.6
1270680 1519.8
1270690 1514.9
1270700 1514.9
1270710 1510.2
1270720 1505.1
1270730 1505.1
1270740 1506.2
1270750 1506.0
1270760 1506.0
1270770 1503.6
1270780 1500.2
1270790 1500.2
1270800 1496.6
1270810 1494.5
1270820 1494.5
1270830 1492.5
1270840 1491.3
1270850 1491.3
1270860 1489.2
1270870 1485.9
1270880 1485.9
1270890 1481.3
1270900 1476.7
1270910 1476.7
1270920 1473.5
1270930 1470.5
1270940 1470.5
1270950 1466.8
1270960 1462.8
1270970 1460.0
1270980 1460.0
1270990 1459.8
1271000 1458.7
1271010 1458.7
1271020 1454.4
1271030 1446.2
1271040 1446.2
1271050 1437.8
1271060 1428.2
1271070 1428.2
1271080 1425.6
1271090 1430.0
1271100 1430.0
1271110 1433.6
1271120 1436.6
1271130 1430.6
1271140 1431.9
1271150 1430.2
1271160 1430.2
1271170 1426.5
1271180 1423.3
1271190 1423.3
1271200 1426.9
1271210 1428.4
1271220 1428.4
1271230 1429.8
1271240 1431.1
1271250 1431.1
1271260 1432.5
1271270 1433.5
1271280 1433.5
1271290 1434.7
1271300 1435.5
1271310 1436.0
1271320 1436.0
1271330 1435.7
1271340 1434.7
1271350 1434.7
1271360 1431.9
1271370 1427.7
1271380 1427.7
1271390 1425.1
1271400 1423.3
1271410 1423.3
1271420 1421.0
1271430 1419.5
1271440 1419.5
1271450 1416.7
1271460 1413.3
1271470 1413.3
1271480 1410.2
1271490 1406.6
1271500 1406.6
1271510 1405.0
1271520 1402.7
1271530 1402.7
1271540 1400.4
1271550 1397.2
1271560 1397.2
1271570 1393.8
1271580 1390.8
1271590 1390.8
1271600 1386.6
1271610 1379.1
1271620 1379.1
1271630 1371.7
1271640 1365.3
1271650 1358.4
1271660 1358.4
1271670 1351.3
1271680 1344.4
1271690 1344.4
1271700 1336.4
1271710 1327.0
1271720 1327.0
1271730 1322.6
1271740 1322.0
1271750 1322.0
1271760 1324.0
1271770 1327.7
1271780 1327.7
1271790 1333.5
1271800 1331.9
1271810 1331.9
1271820 1333.1
1271830 1334.3
1271840 1334.3
1271850 1332.1
1271860 1328.7
1271870 1328.7
1271880 1324.6
1271890 1321.3
1271900 1321.3
1271910 1319.0
1271920 1315.3
1271930 1315.3
1271940 1310.4
1271950 1304.6
1271960 1296.6
1271970 1296.6
1271980 1288.3
1271990 1285.0
1272000 1285.0
1272010 1285.5
1272020 1284.8
1272030 1284.8
1272040 1284.6
1272050 1284.2
1272060 1284.2
1272070 1281.0
1272080 1278.0
1272090 1278.0
1272100 1276.3
1272110 1274.8
1272120 1274.8
1272130 1274.1
1272140 1273.1
1272150 1273.1
1272160 1271.8
1272170 1270.8
1272180 1270.8
1272190 1269.6
1272200 1268.8
1272210 1268.8
1272220 1267.7
1272230 1266.6
1272240 1266.6
1272250 1266.0
1272260 1265.5
1272270 1265.5
1272280 1265.2
1272290 1265.1
1272300 1264.9
1272310 1264.9
1272320 1264.3
1272330 1262.4
1272340 1262.4
1272350 1262.1
1272360 1262.3
1272370 1262.3
1272380 1262.3
1272390 1261.9
1272400 1261.9
1272410 1261.6
1272420 1262.1
1272430 1262.1
1272440 1262.0
1272450 1261.5
1272460 1261.5
1272470 1261.0
1272480 1260.5
1272490 1260.5
1272500 1260.1
1272510 1259.8
1272520 1259.8
1272530 1259.6
1272540 1259.5
1272550 1259.5
1272560 1259.5
1272570 1259.2
1272580 1259.2
1272590 1258.8
1272600 1258.4
1272610 1258.4
1272620 1258.0
1272630 1257.7
1272640 1257.4
1272650 1257.4
1272660 1257.1
1272670 1256.8
1272680 1256.8
1272690 1256.5
1272700 1256.0
1272710 1256.0
1272720 1255.4
1272730 1254.9
1272740 1254.9
1272750 1254.5
1272760 1254.0
1272770 1254.0
1272780 1253.7
1272790 1253.2
1272800 1253.2
1272810 1252.6
1272820 1252.2
1272830 1252.2
1272840 1251.8
1272850 1251.2
1272860 1251.2
1272870 1250.7
1272880 1250.0
1272890 1250.0
1272900 1249.5
1272910 1248.9
1272920 1248.9
1272930 1248.7
1272940 1248.9
1272950 1249.9
1272960 1249.9
1272970 1249.9
1272980 1248.8
1272990 1248.8
1273000 1246.8
1273010 1245.4
1273020 1245.4
1273030 1244.7
1273040 1243.9
1273050 1243.9
1273060 1242.4
1273070 1240.5
1273080 1240.5
1273090 1237.4
1273100 1235.0
1273110 1235.0
1273120 1237.0
1273130 1241.9
1273140 1241.9
1273150 1245.1
1273160 1245.9
1273170 1245.9
1273180 1239.9
1273190 1235.2
1273200 1235.2
1273210 1238.3
1273220 1243.3
1273230 1243.3
1273240 1243.9
1273250 1247.6
1273260 1247.6
1273270 1250.2
1273280 1251.9
1273290 1253.2
1273300 1253.2
1273310 1252.2
1273320 1254.0
1273330 1254.0
1273340 1255.3
1273350 1258.2
1273360 1258.2
1273370 1262.3
1273380 1265.0
1273390 1265.0
1273400 1268.6
1273410 1270.5
1273420 1270.5
1273430 1270.0
1273440 1271.5
1273450 1271.5
1273460 1276.5
1273470 1279.4
1273480 1279.4
1273490 1282.4
1273500 1286.8
1273510 1286.8
1273520 1291.6
1273530 1294.8
1273540 1303.0
1273550 1304.9
1273560 1306.7
1273570 1306.7
1273580 1307.9
1273590 1308.8
1273600 1310.4
1273610 1310.4
1273620 1312.3
1273630 1313.2
1273640 1313.2
1273650 1314.0
1273660 1314.8
1273670 1314.8
1273680 1316.5
1273690 1315.4
1273700 1315.4
1273710 1317.5
1273720 1320.4
1273730 1320.4
1273740 1320.0
1273750 1320.4
1273760 1320.4
1273770 1321.4
1273780 1320.8
1273790 1320.8
1273800 1317.8
1273810 1319.8
1273820 1319.8
1273830 1323.0
1273840 1325.6
1273850 1325.6
1273860 1324.9
1273870 1327.1
1273880 1327.1
1273890 1330.0
1273900 1331.7
1273910 1331.7
1273920 1331.9
1273930 1330.8
1273940 1331.1
1273950 1331.1
1273960 1331.0
1273970 1332.0
1273980 1332.0
1273990 1332.4
1274000 1332.7
1274010 1332.7
1274020 1331.9
1274030 1330.5
1274040 1330.5
1274050 1326.8
1274060 1320.3
1274070 1320.3
1274080 1318.9
1274090 1319.5
1274100 1319.5
1274110 1317.9
1274120 1314.7
1274130 1314.7
1274140 1311.6
1274150 1312.4
1274160 1312.4
1274170 1311.5
1274180 1312.5
1274190 1312.5
1274200 1312.6
1274210 1316.7
1274220 1316.7
1274230 1322.2
1274240 1324.9
1274250 1324.9
1274260 1326.8
1274270 1328.0
1274280 1328.5
1274290 1328.5
1274300 1330.7
1274310 1332.1
1274320 1332.1
1274330 1334.0
1274340 1336.2
1274350 1336.2
1274360 1337.7
1274370 1339.9
1274380 1339.9
1274390 1342.8
1274400 1345.3
1274410 1345.3
1274420 1346.5
1274430 1347.9
1274440 1347.9
1274450 1349.4
1274460 1349.8
1274470 1349.8
1274480 1349.1
1274490 1346.7
1274500 1346.7
1274510 1343.5
1274520 1340.0
1274530 1340.0
1274540 1336.1
1274550 1332.0
1274560 1332.0
1274570 1327.0
1274580 1322.9
1274590 1321.9
1274600 1321.9
1274610 1317.6
1274620 1313.8
1274630 1313.8
1274640 1313.5
1274650 1314.9
1274660 1314.9
1274670 1320.4
1274680 1321.3
1274690 1321.3
1274700 1321.0
1274710 1319.2
1274720 1319.2
1274730 1318.6
1274740 1318.4
1274750 1318.4
1274760 1324.8
1274770 1323.3
1274780 1323.3
1274790 1321.6
1274800 1320.2
1274810 1320.2
1274820 1318.5
1274830 1316.7
1274840 1316.7
1274850 1312.1
1274860 1310.8
1274870 1310.8
1274880 1313.3
1274890 1318.9
1274900 1318.9
1274910 1322.2
1274920 1323.6
1274930 1324.9
1274940 1324.9
1274950 1327.9
1274960 1329.0
1274970 1329.0
1274980 1330.0
1274990 1330.1
1275000 1330.1
1275010 1332.1
1275020 1333.6
1275030 1333.6
1275040 1333.4
1275050 1332.8
1275060 1332.8
1275070 1334.8
1275080 1335.3
1275090 1335.3
1275100 1332.7
1275110 1334.2
1275120 1334.2
1275130 1339.9
1275140 1343.0
1275150 1343.0
1275160 1344.5
1275170 1351.3
1275180 1351.3
1275190 1358.0
1275200 1363.2
1275210 1363.2
1275220 1367.9
1275230 1369.1
1275240 1369.1
1275250 1370.0
1275260 1372.5
1275270 1374.8
1275280 1374.8
1275290 1375.1
1275300 1378.1
1275310 1378.1
1275320 1380.8
1275330 1385.8
1275340 1385.8
1275350 1390.6
1275360 1393.9
1275370 1399.8
1275380 1402.4
1275390 1404.3
1275400 1404.3
1275410 1406.4
1275420 1408.5
1275430 1408.5
1275440 1409.6
1275450 1409.5
1275460 1409.5
1275470 1408.0
1275480 1405.9
1275490 1405.9
1275500 1402.8
1275510 1398.6
1275520 1398.6
1275530 1394.3
1275540 1390.1
1275550 1390.1
1275560 1386.3
1275570 1382.2
1275580 1376.9
1275590 1376.9
1275600 1369.7
1275610 1362.9
1275620 1362.9
1275630 1359.3
1275640 1355.4
1275650 1355.4
1275660 1349.2
1275670 1343.3
1275680 1343.3
1275690 1337.8
1275700 1332.3
1275710 1332.3
1275720 1327.0
1275730 1321.5
1275740 1321.5
1275750 1315.6
1275760 1309.4
1275770 1309.4
1275780 1303.5
1275790 1297.1
1275800 1297.1
1275810 1288.5
1275820 1276.8
1275830 1276.8
1275840 1265.0
1275850 1257.7
1275860 1257.7
1275870 1250.4
1275880 1241.7
1275890 1241.7
1275900 1241.3
1275910 1240.6
1275920 1237.6
1275930 1237.6
1275940 1227.0
1275950 1218.0
1275960 1218.0
1275970 1210.3
1275980 1207.9
1275990 1207.9
1276000 1197.5
1276010 1178.6
1276020 1178.6
1276030 1166.4
1276040 1158.1
1276050 1158.1
1276060 1149.6
1276070 1141.3
1276080 1141.3
1276090 1132.8
1276100 1125.0
1276110 1125.0
1276120 1117.6
1276130 1110.4
1276140 1110.4
1276150 1103.3
1276160 1096.4
1276170 1096.4
1276180 1089.3
1276190 1083.0
1276200 1083.0
1276210 1077.0
1276220 1070.9
1276230 1064.5
1276240 1064.5
1276250 1058.1
1276260 1052.3
1276270 1052.3
1276280 1048.2
1276290 1044.5
1276300 1044.5
1276310 1042.2
1276320 1040.2
1276330 1040.2
1276340 1037.3
1276350 1034.9
1276360 1034.9
1276370 1032.1
1276380 1028.8
1276390 1028.8
1276400 1024.0
1276410 1013.9
1276420 1013.9
1276430 995.1
1276440 979.5
1276450 979.5
1276460 964.8
1276470 952.2
1276480 952.2
1276490 941.7
1276500 950.1
1276510 950.1
1276520 968.9
1276530 983.1
1276540 983.1
1276550 990.3
1276560 993.0
1276570 995.9
1276580 995.9
1276590 1004.6
1276600 1005.8
1276610 1005.8
1276620 1005.6
1276630 1005.6
1276640 1005.6
1276650 1005.4
1276660 1005.3
1276670 1005.3
1276680 1005.3
1276690 1004.9
1276700 1004.9
1276710 1002.8
1276720 999.0
1276730 999.0
1276740 993.6
1276750 988.1
1276760 988.1
1276770 982.6
1276780 978.9
1276790 978.9
1276800 977.7
1276810 977.7
1276820 977.7
1276830 978.0
1276840 977.0
1276850 977.0
1276860 974.6
1276870 972.7
1276880 972.7
1276890 971.3
1276900 969.5
1276910 969.6
1276920 969.6
1276930 969.9
1276940 969.3
1276950 969.3
1276960 968.6
1276970 967.7
1276980 967.7
1276990 967.2
1277000 967.1
1277010 967.1
1277020 967.6
1277030 966.2
1277040 966.2
1277050 963.7
1277060 960.9
1277070 960.9
1277080 959.2
1277090 957.6
1277100 957.6
1277110 955.1
1277120 952.4
1277130 952.4
1277140 951.0
1277150 950.6
1277160 950.6
1277170 949.8
1277180 949.3
1277190 949.3
1277200 948.9
1277210 949.9
1277220 949.6
1277230 949.6
1277240 949.5
1277250 949.6
1277260 949.6
1277270 949.5
1277280 948.8
1277290 948.8
1277300 947.6
1277310 945.0
1277320 945.0
1277330 942.4
1277340 940.4
1277350 940.4
1277360 938.1
1277370 936.5
1277380 936.5
1277390 936.1
1277400 936.1
1277410 936.1
1277420 936.3
1277430 936.5
1277440 936.5
1277450 936.6
1277460 936.6
1277470 936.6
1277480 936.3
1277490 936.0
1277500 936.0
1277510 934.8
1277520 934.3
1277530 934.3
1277540 934.2
1277550 934.1
1277560 934.0
1277570 934.0
1277580 934.1
1277590 934.2
1277600 934.2
1277610 934.3
1277620 934.4
1277630 934.4
1277640 934.5
1277650 934.5
1277660 934.5
1277670 934.7
1277680 934.8
1277690 934.8
1277700 934.9
1277710 934.9
1277720 934.9
1277730 935.0
1277740 935.1
1277750 935.1
1277760 935.2
1277770 935.3
1277780 935.3
1277790 935.4
1277800 935.6
1277810 935.6
1277820 935.5
1277830 935.4
1277840 935.4
1277850 935.1
1277860 935.4
1277870 935.5
1277880 935.5
1277890 935.6
1277900 935.4
1277910 935.4
1277920 935.1
1277930 935.1
1277940 935.1
1277950 935.4
1277960 935.7
1277970 935.7
1277980 935.9
1277990 936.0
1278000 936.0
1278010 936.1
1278020 936.3
1278030 936.3
1278040 936.4
1278050 936.3
1278060 936.3
1278070 936.3
1278080 936.7
1278090 936.7
1278100 937.1
1278110 937.1
1278120 937.1
1278130 937.1
1278140 937.1
1278150 937.1
1278160 937.1
1278170 937.1
1278180 937.1
1278190 937.2
1278200 937.3
1278210 937.7
1278220 937.7
1278230 938.1
1278240 938.4
1278250 938.4
1278260 938.8
1278270 939.3
1278280 939.3
1278290 939.8
1278300 940.3
1278310 940.3
1278320 940.3
1278330 940.4
1278340 940.4
1278350 941.3
1278360 943.3
1278370 943.3
1278380 945.3
1278390 945.9
1278400 945.9
1278410 947.5
1278420 950.6
1278430 950.6
1278440 949.3
1278450 951.3
1278460 951.3
1278470 952.8
1278480 952.1
1278490 952.1
1278500 951.7
1278510 953.2
1278520 953.2
1278530 955.0
1278540 957.5
1278550 960.4
1278560 960.4
1278570 962.5
1278580 964.1
1278590 964.1
1278600 966.2
1278610 967.6
1278620 967.6
1278630 965.9
1278640 965.9
1278650 965.9
1278660 965.3
1278670 965.2
1278680 965.2
1278690 965.2
1278700 968.5
1278710 968.5
1278720 975.5
1278730 982.1
1278740 982.1
1278750 986.0
1278760 985.8
1278770 985.8
1278780 985.7
1278790 986.6
1278800 986.6
1278810 987.7
1278820 989.1
1278830 989.1
1278840 991.1
1278850 993.5
1278860 995.8
1278870 995.8
1278880 998.0
1278890 1000.0
1278900 1000.0
1278910 1001.6
1278920 1002.9
1278930 1002.9
1278940 1003.6
1278950 1003.0
1278960 1003.0
1278970 1001.6
1278980 1002.7
1278990 1002.7
1279000 1009.3
1279010 1013.3
1279020 1013.3
1279030 1016.3
1279040 1018.7
1279050 1018.7
1279060 1015.0
1279070 1016.8
1279080 1016.8
1279090 1018.4
1279100 1019.7
1279110 1019.7
1279120 1021.6
1279130 1023.9
1279140 1023.9
1279150 1026.3
1279160 1028.7
1279170 1028.7
1279180 1030.8
1279190 1032.5
1279200 1034.5
1279210 1034.5
1279220 1037.0
1279230 1039.5
1279240 1039.5
1279250 1042.0
1279260 1043.0
1279270 1043.0
1279280 1041.5
1279290 1039.6
1279300 1039.6
1279310 1036.3
1279320 1037.3
1279330 1037.3
1279340 1042.9
1279350 1044.1
1279360 1044.1
1279370 1043.0
1279380 1042.9
1279390 1042.9
1279400 1047.5
1279410 1052.4
1279420 1052.4
1279430 1053.1
1279440 1049.9
1279450 1049.9
1279460 1047.9
1279470 1047.9
1279480 1047.9
1279490 1050.0
1279500 1055.1
1279510 1055.1
1279520 1058.3
1279530 1057.3
1279540 1055.2
1279550 1055.2
1279560 1052.2
1279570 1052.7
1279580 1052.7
1279590 1055.1
1279600 1057.3
1279610 1057.3
1279620 1060.1
1279630 1064.0
1279640 1064.0
1279650 1067.9
1279660 1071.7
1279670 1071.7
1279680 1074.3
1279690 1075.1
1279700 1075.1
1279710 1075.9
1279720 1076.8
1279730 1076.8
1279740 1076.4
1279750 1078.8
1279760 1078.8
1279770 1081.1
1279780 1083.0
1279790 1083.0
1279800 1085.1
1279810 1085.1
1279820 1085.1
1279830 1080.4
1279840 1074.4
1279850 1068.8
1279860 1068.8
1279870 1061.2
1279880 1051.1
1279890 1051.1
1279900 1044.8
1279910 1050.8
1279920 1050.8
1279930 1060.2
1279940 1067.2
1279950 1067.2
1279960 1073.7
1279970 1080.8
1279980 1080.8
1279990 1088.4
