1266970 1216.1
1266980 1216.1
1266990 1221.1
1267000 1226.3
1267010 1226.3
1267020 1231.0
1267030 1235.6
1267040 1239.7
1267050 1239.7
1267060 1242.5
1267070 1244.3
1267080 1244.3
1267090 1247.5
1267100 1252.5
1267110 1252.5
1267120 1258.8
1267130 1264.9
1267140 1264.9
1267150 1271.2
1267160 1276.3
1267170 1275.7
1267180 1280.0
1267190 1284.1
1267200 1284.1
1267210 1286.8
1267220 1285.9
1267230 1285.9
1267240 1281.9
1267250 1277.8
1267260 1277.8
1267270 1274.7
1267280 1273.9
1267290 1273.9
1267300 1274.0
1267310 1275.2
1267320 1275.2
1267330 1277.4
1267340 1279.2
1267350 1279.2
1267360 1278.9
1267370 1276.9
1267380 1273.6
1267390 1273.6
1267400 1269.9
1267410 1266.5
1267420 1266.5
1267430 1263.7
1267440 1261.3
1267450 1261.3
1267460 1260.0
1267470 1258.3
1267480 1258.3
1267490 1254.7
1267500 1249.0
1267510 1249.0
1267520 1245.0
1267530 1242.1
1267540 1242.1
1267550 1239.1
1267560 1234.7
1267570 1234.7
1267580 1231.1
1267590 1227.3
1267600 1227.3
1267610 1224.4
1267620 1222.4
1267630 1222.4
1267640 1220.8
1267650 1218.5
1267660 1218.5
1267670 1214.9
1267680 1210.7
1267690 1210.7
1267700 1206.2
1267710 1199.4
1267720 1191.6
1267730 1191.6
1267740 1183.4
1267750 1178.8
1267760 1181.9
1267770 1181.3
1267780 1179.1
1267790 1179.1
1267800 1176.8
1267810 1179.5
1267820 1179.5
1267830 1182.9
1267840 1186.9
1267850 1186.9
1267860 1190.9
1267870 1192.8
1267880 1192.8
1267890 1195.9
1267900 1201.5
1267910 1201.5
1267920 1208.1
1267930 1215.2
1267940 1215.2
1267950 1222.6
1267960 1230.1
1267970 1230.1
1267980 1237.4
1267990 1244.6
1268000 1244.6
1268010 1253.1
1268020 1264.1
1268030 1273.7
1268040 1273.7
1268050 1278.5
1268060 1285.4
1268070 1285.4
1268080 1290.4
1268090 1293.8
1268100 1293.8
1268110 1297.9
1268120 1301.7
1268130 1301.7
1268140 1304.9
1268150 1310.4
1268160 1310.4
1268170 1313.9
1268180 1312.0
1268190 1312.0
1268200 1314.7
1268210 1321.4
1268220 1321.4
1268230 1325.4
1268240 1327.2
1268250 1327.2
1268260 1327.1
1268270 1325.8
1268280 1325.8
1268290 1323.0
1268300 1322.7
1268310 1322.7
1268320 1323.8
1268330 1326.0
1268340 1326.0
1268350 1328.6
1268360 1334.3
1268370 1337.1
1268380 1337.1
1268390 1339.2
1268400 1340.8
1268410 1340.8
1268420 1342.0
1268430 1345.4
1268440 1345.4
1268450 1349.2
1268460 1351.4
1268470 1351.4
1268480 1353.1
1268490 1355.8
1268500 1355.8
1268510 1358.9
1268520 1360.6
1268530 1360.6
1268540 1362.5
1268550 1363.4
1268560 1363.4
1268570 1363.9
1268580 1367.0
1268590 1367.0
1268600 1375.4
1268610 1383.3
1268620 1383.3
1268630 1390.4
1268640 1396.7
1268650 1396.7
1268660 1400.7
1268670 1402.4
1268680 1402.4
1268690 1402.6
1268700 1401.1
1268710 1399.3
1268720 1399.3
1268730 1396.9
1268740 1394.7
1268750 1394.7
1268760 1392.1
1268770 1389.4
1268780 1389.4
1268790 1385.2
1268800 1377.9
1268810 1377.9
1268820 1369.8
1268830 1365.5
1268840 1365.5
1268850 1372.8
1268860 1380.2
1268870 1380.2
1268880 1384.2
1268890 1386.2
1268900 1386.2
1268910 1386.8
1268920 1387.2
1268930 1387.2
1268940 1381.1
1268950 1384.2
1268960 1384.2
1268970 1388.8
1268980 1387.1
1268990 1387.1
1269000 1381.6
1269010 1376.7
1269020 1381.0
1269030 1381.0
1269040 1386.0
1269050 1389.0
1269060 1389.0
1269070 1392.5
1269080 1394.7
1269090 1394.7
1269100 1397.0
1269110 1400.3
1269120 1400.3
1269130 1400.6
1269140 1397.3
1269150 1397.3
1269160 1399.9
1269170 1397.4
1269180 1397.4
1269190 1397.9
1269200 1405.2
1269210 1405.2
1269220 1411.8
1269230 1415.6
1269240 1415.6
1269250 1421.4
1269260 1427.4
1269270 1427.4
1269280 1433.4
1269290 1440.2
1269300 1440.2
1269310 1447.5
1269320 1454.5
1269330 1454.5
1269340 1461.0
1269350 1466.3
1269360 1470.3
1269370 1470.3
1269380 1473.6
1269390 1477.6
1269400 1477.6
1269410 1482.3
1269420 1486.9
1269430 1486.9
1269440 1490.4
1269450 1495.5
1269460 1495.5
1269470 1499.1
1269480 1501.1
1269490 1501.1
1269500 1503.2
1269510 1506.1
1269520 1506.1
1269530 1508.2
1269540 1503.0
1269550 1503.0
1269560 1507.8
1269570 1510.0
1269580 1510.0
1269590 1512.3
1269600 1521.0
1269610 1521.0
1269620 1527.7
1269630 1537.3
1269640 1537.3
1269650 1547.2
1269660 1552.6
1269670 1555.6
1269680 1555.6
1269690 1556.7
1269700 1560.8
1269710 1560.8
1269720 1568.0
1269730 1574.8
1269740 1574.8
1269750 1582.7
1269760 1591.6
1269770 1591.6
1269780 1599.3
1269790 1604.3
1269800 1604.3
1269810 1613.7
1269820 1627.1
1269830 1627.1
1269840 1635.2
1269850 1642.4
1269860 1642.4
1269870 1650.7
1269880 1657.9
1269890 1657.9
1269900 1664.0
1269910 1671.2
1269920 1671.2
1269930 1678.5
1269940 1684.3
1269950 1684.3
1269960 1690.3
1269970 1696.4
1269980 1696.4
1269990 1702.1
1270000 1708.0
1270010 1714.1
1270020 1714.1
1270030 1720.8
1270040 1727.4
1270050 1727.4
1270060 1734.3
1270070 1741.4
1270080 1741.4
1270090 1748.9
1270100 1755.8
1270110 1755.8
1270120 1762.0
1270130 1760.8
1270140 1760.8
1270150 1761.5
1270160 1753.0
1270170 1753.0
1270180 1744.9
1270190 1738.1
1270200 1738.1
1270210 1730.9
1270220 1719.9
1270230 1719.9
1270240 1707.1
1270250 1695.9
1270260 1695.9
1270270 1686.6
1270280 1676.8
1270290 1676.8
1270300 1665.7
1270310 1653.9
1270320 1653.9
1270330 1648.6
1270340 1651.5
1270350 1651.4
1270360 1651.4
1270370 1647.0
1270380 1641.1
1270390 1641.1
1270400 1634.3
1270410 1628.0
1270420 1628.0
1270430 1619.5
1270440 1611.4
1270450 1611.4
1270460 1613.3
1270470 1611.1
1270480 1611.1
1270490 1606.5
1270500 1596.7
1270510 1596.7
1270520 1590.0
1270530 1586.0
1270540 1586.0
1270550 1580.5
1270560 1575.6
1270570 1575.6
1270580 1569.1
1270590 1561.4
1270600 1561.4
1270610 1555.0
1270620 1547.9
1270630 1547.9
1270640 1539.8
1270650 1531.0
1270660 1524.6
1270670 1524.6
1270680 1519.8
1270690 1514.9
1270700 1514.9
1270710 1510.2
1270720 1505.1
1270730 1497.1
1270740 1497.0
1270750 1495.4
1270760 1495.4
1270770 1493.2
1270780 1491.9
1270790 1491.9
1270800 1489.1
1270810 1486.6
1270820 1486.6
1270830 1484.9
1270840 1483.4
1270850 1483.4
1270860 1481.8
1270870 1479.2
1270880 1479.2
1270890 1475.7
1270900 1471.4
1270910 1471.4
1270920 1466.8
1270930 1464.4
1270940 1464.4
1270950 1461.6
1270960 1457.9
1270970 1457.9
1270980 1455.8
1270990 1456.2
1271000 1455.0
1271010 1455.0
1271020 1452.8
1271030 1447.1
1271040 1447.1
1271050 1438.7
1271060 1429.7
1271070 1429.7
1271080 1421.7
1271090 1422.3
1271100 1422.3
1271110 1426.3
1271120 1430.6
1271130 1430.6
1271140 1431.9
1271150 1430.2
1271160 1430.2
1271170 1426.5
1271180 1423.3
1271190 1423.3
1271200 1426.9
1271210 1428.4
1271220 1428.4
1271230 1429.8
1271240 1431.1
1271250 1431.1
1271260 1432.5
1271270 1433.5
1271280 1433.5
1271290 1434.7
1271300 1435.5
1271310 1435.5
1271320 1436.0
1271330 1429.1
1271340 1428.3
1271350 1428.3
1271360 1424.8
1271370 1420.9
1271380 1420.9
1271390 1417.7
1271400 1416.0
1271410 1416.0
1271420 1413.4
1271430 1412.0
1271440 1412.0
1271450 1409.8
1271460 1406.0
1271470 1406.0
1271480 1402.6
1271490 1398.3
1271500 1398.3
1271510 1396.4
1271520 1394.2
1271530 1394.2
1271540 1392.5
1271550 1391.5
1271560 1391.5
1271570 1389.4
1271580 1386.4
1271590 1386.4
1271600 1381.7
1271610 1373.2
1271620 1373.2
1271630 1364.7
1271640 1357.7
1271650 1351.0
1271660 1351.0
1271670 1344.3
1271680 1338.8
1271690 1338.8
1271700 1332.3
1271710 1325.3
1271720 1325.3
1271730 1322.6
1271740 1322.0
1271750 1322.0
1271760 1324.0
1271770 1327.7
1271780 1327.7
1271790 1333.5
1271800 1331.9
1271810 1331.9
1271820 1333.1
1271830 1334.3
1271840 1334.3
1271850 1332.1
1271860 1328.7
1271870 1328.7
1271880 1324.6
1271890 1321.3
1271900 1321.3
1271910 1319.0
1271920 1315.3
1271930 1320.1
1271940 1315.8
1271950 1309.0
1271960 1309.0
1271970 1301.1
1271980 1293.3
1271990 1286.1
1272000 1286.1
1272010 1283.2
1272020 1282.2
1272030 1282.2
1272040 1280.6
1272050 1279.6
1272060 1279.6
1272070 1278.0
1272080 1277.0
1272090 1277.0
1272100 1276.4
1272110 1275.5
1272120 1275.5
1272130 1274.2
1272140 1272.9
1272150 1272.9
1272160 1271.8
1272170 1270.9
1272180 1270.9
1272190 1270.2
1272200 1269.3
1272210 1269.3
1272220 1268.8
1272230 1268.2
1272240 1268.2
1272250 1266.9
1272260 1265.9
1272270 1265.9
1272280 1264.7
1272290 1264.0
1272300 1263.6
1272310 1263.6
1272320 1263.0
1272330 1262.4
1272340 1262.4
1272350 1262.1
1272360 1262.3
1272370 1262.3
1272380 1262.3
1272390 1261.9
1272400 1261.9
1272410 1261.6
1272420 1262.1
1272430 1262.1
1272440 1262.0
1272450 1261.5
1272460 1261.5
1272470 1261.0
1272480 1260.5
1272490 1260.5
1272500 1260.1
1272510 1259.8
1272520 1259.8
1272530 1260.1
1272540 1260.1
1272550 1260.1
1272560 1260.1
1272570 1259.7
1272580 1259.7
1272590 1259.2
1272600 1258.7
1272610 1258.7
1272620 1258.4
1272630 1258.1
1272640 1257.8
1272650 1257.8
1272660 1257.6
1272670 1257.1
1272680 1257.1
1272690 1256.5
1272700 1255.9
1272710 1255.9
1272720 1255.5
1272730 1255.2
1272740 1255.2
1272750 1254.8
1272760 1254.5
1272770 1254.5
1272780 1254.1
1272790 1253.5
1272800 1253.5
1272810 1252.9
1272820 1252.6
1272830 1252.6
1272840 1252.1
1272850 1251.6
1272860 1251.6
1272870 1251.0
1272880 1250.4
1272890 1250.4
1272900 1249.8
1272910 1249.3
1272920 1249.3
1272930 1248.7
1272940 1248.9
1272950 1248.9
1272960 1249.9
1272970 1249.9
1272980 1248.8
1272990 1248.8
1273000 1246.8
1273010 1245.4
1273020 1245.4
1273030 1244.7
1273040 1243.9
1273050 1243.9
1273060 1242.4
1273070 1240.5
1273080 1240.5
1273090 1237.4
1273100 1235.0
1273110 1235.0
1273120 1237.0
1273130 1244.5
1273140 1244.5
1273150 1246.2
1273160 1247.1
1273170 1247.1
1273180 1241.6
1273190 1238.9
1273200 1238.9
1273210 1243.5
1273220 1246.6
1273230 1246.6
1273240 1247.1
1273250 1252.0
1273260 1252.0
1273270 1255.7
1273280 1258.1
1273290 1259.7
1273300 1259.7
1273310 1258.0
1273320 1259.2
1273330 1259.2
1273340 1261.9
1273350 1263.2
1273360 1263.2
1273370 1266.5
1273380 1270.5
1273390 1270.5
1273400 1275.2
1273410 1278.3
1273420 1278.3
1273430 1277.7
1273440 1278.3
1273450 1278.3
1273460 1283.1
1273470 1287.4
1273480 1287.4
1273490 1291.0
1273500 1295.7
1273510 1295.7
1273520 1300.5
1273530 1303.0
1273540 1303.0
1273550 1304.9
1273560 1306.7
1273570 1306.7
1273580 1307.9
1273590 1308.8
1273600 1308.8
1273610 1310.4
1273620 1312.3
1273630 1313.2
1273640 1313.2
1273650 1314.0
1273660 1314.8
1273670 1314.8
1273680 1316.5
1273690 1315.4
1273700 1315.4
1273710 1317.5
1273720 1320.4
1273730 1320.4
1273740 1326.1
1273750 1326.4
1273760 1326.4
1273770 1327.1
1273780 1326.8
1273790 1326.8
1273800 1325.6
1273810 1326.6
1273820 1326.6
1273830 1330.0
1273840 1334.1
1273850 1334.1
1273860 1333.7
1273870 1337.0
1273880 1337.0
1273890 1339.9
1273900 1340.8
1273910 1340.8
1273920 1340.9
1273930 1339.7
1273940 1339.7
1273950 1339.3
1273960 1338.6
1273970 1338.7
1273980 1338.7
1273990 1339.3
1274000 1339.6
1274010 1339.6
1274020 1338.8
1274030 1336.2
1274040 1336.2
1274050 1330.2
1274060 1325.7
1274070 1325.7
1274080 1326.2
1274090 1326.3
1274100 1326.3
1274110 1324.1
1274120 1320.8
1274130 1320.8
1274140 1317.2
1274150 1312.4
1274160 1312.4
1274170 1311.5
1274180 1312.5
1274190 1312.5
1274200 1312.6
1274210 1316.7
1274220 1316.7
1274230 1322.2
1274240 1324.9
1274250 1324.9
1274260 1326.8
1274270 1328.0
1274280 1328.5
1274290 1328.5
1274300 1330.7
1274310 1332.1
1274320 1332.1
1274330 1334.0
1274340 1336.2
1274350 1342.5
1274360 1344.7
1274370 1346.9
1274380 1346.9
1274390 1349.2
1274400 1351.6
1274410 1351.6
1274420 1352.8
1274430 1354.1
1274440 1354.1
1274450 1355.6
1274460 1356.1
1274470 1356.1
1274480 1355.5
1274490 1353.4
1274500 1353.4
1274510 1349.9
1274520 1346.0
1274530 1346.0
1274540 1341.7
1274550 1336.8
1274560 1336.8
1274570 1330.2
1274580 1328.8
1274590 1328.8
1274600 1327.7
1274610 1321.4
1274620 1319.2
1274630 1319.2
1274640 1321.8
1274650 1323.3
1274660 1323.3
1274670 1327.1
1274680 1328.4
1274690 1328.4
1274700 1328.3
1274710 1326.5
1274720 1326.5
1274730 1326.6
1274740 1326.0
1274750 1326.0
1274760 1324.8
1274770 1323.3
1274780 1323.3
1274790 1321.6
1274800 1320.2
1274810 1320.2
1274820 1318.5
1274830 1316.7
1274840 1316.7
1274850 1312.1
1274860 1310.8
1274870 1310.8
1274880 1313.3
1274890 1318.9
1274900 1318.9
1274910 1322.2
1274920 1323.6
1274930 1324.9
1274940 1324.9
1274950 1337.3
1274960 1340.0
1274970 1340.0
1274980 1340.9
1274990 1339.8
1275000 1339.8
1275010 1341.3
1275020 1341.5
1275030 1341.5
1275040 1340.8
1275050 1340.0
1275060 1340.0
1275070 1342.2
1275080 1341.9
1275090 1341.9
1275100 1338.9
1275110 1343.0
1275120 1343.0
1275130 1350.9
1275140 1353.0
1275150 1353.0
1275160 1354.0
1275170 1356.5
1275180 1356.5
1275190 1366.0
1275200 1374.2
1275210 1374.2
1275220 1379.2
1275230 1379.4
1275240 1379.4
1275250 1380.3
1275260 1382.6
1275270 1385.2
1275280 1385.2
1275290 1384.5
1275300 1385.9
1275310 1385.9
1275320 1388.1
1275330 1391.4
1275340 1391.4
1275350 1395.8
1275360 1399.8
1275370 1399.8
1275380 1402.4
1275390 1404.3
1275400 1404.3
1275410 1406.4
1275420 1408.5
1275430 1408.5
1275440 1409.6
1275450 1409.5
1275460 1409.5
1275470 1408.0
1275480 1405.9
1275490 1405.9
1275500 1402.8
1275510 1398.6
1275520 1398.6
1275530 1394.3
1275540 1390.1
1275550 1390.1
1275560 1386.3
1275570 1385.0
1275580 1385.0
1275590 1380.4
1275600 1374.4
1275610 1368.3
1275620 1368.3
1275630 1363.2
1275640 1357.2
1275650 1357.2
1275660 1351.2
1275670 1345.0
1275680 1345.0
1275690 1339.4
1275700 1334.0
1275710 1334.0
1275720 1328.9
1275730 1323.8
1275740 1323.8
1275750 1317.8
1275760 1311.5
1275770 1311.5
1275780 1305.8
1275790 1300.9
1275800 1300.9
1275810 1294.4
1275820 1285.9
1275830 1285.9
1275840 1274.0
1275850 1258.2
1275860 1258.2
1275870 1243.6
1275880 1233.1
1275890 1233.1
1275900 1230.0
1275910 1229.7
1275920 1232.1
1275930 1232.1
1275940 1229.6
1275950 1225.0
1275960 1225.0
1275970 1219.5
1275980 1207.9
1275990 1207.9
1276000 1197.5
1276010 1178.6
1276020 1178.6
1276030 1166.4
1276040 1158.1
1276050 1158.1
1276060 1149.6
1276070 1141.3
1276080 1141.3
1276090 1132.8
1276100 1125.0
1276110 1125.0
1276120 1117.6
1276130 1110.4
1276140 1110.4
1276150 1103.3
1276160 1096.4
1276170 1096.4
1276180 1086.9
1276190 1080.5
1276200 1080.5
1276210 1074.4
1276220 1068.7
1276230 1068.7
1276240 1063.1
1276250 1057.1
1276260 1051.5
1276270 1051.5
1276280 1048.2
1276290 1045.6
1276300 1045.6
1276310 1042.1
1276320 1038.5
1276330 1038.5
1276340 1035.1
1276350 1032.7
1276360 1032.7
1276370 1029.2
1276380 1025.9
1276390 1025.9
1276400 1022.0
1276410 1013.8
1276420 1013.8
1276430 997.5
1276440 987.3
1276450 987.3
1276460 975.3
1276470 966.8
1276480 966.8
1276490 956.5
1276500 947.1
1276510 947.1
1276520 966.8
1276530 985.9
1276540 985.9
1276550 992.6
1276560 996.1
1276570 996.1
1276580 1001.2
1276590 1004.6
1276600 1005.8
1276610 1005.8
1276620 1005.6
1276630 1005.6
1276640 1005.6
1276650 1005.4
1276660 1005.3
1276670 1005.3
1276680 1005.3
1276690 1004.9
1276700 1004.9
1276710 1002.8
1276720 999.0
1276730 999.0
1276740 993.6
1276750 988.1
1276760 988.1
1276770 982.6
1276780 978.9
1276790 981.8
1276800 981.2
1276810 982.4
1276820 982.4
1276830 983.7
1276840 983.0
1276850 983.0
1276860 979.6
1276870 977.3
1276880 977.3
1276890 975.2
1276900 973.7
1276910 973.9
1276920 973.9
1276930 974.2
1276940 974.1
1276950 974.1
1276960 973.4
1276970 971.9
1276980 971.9
1276990 970.9
1277000 971.0
1277010 971.0
1277020 973.5
1277030 972.6
1277040 972.6
1277050 968.7
1277060 965.1
1277070 965.1
1277080 963.7
1277090 961.2
1277100 961.2
1277110 959.2
1277120 957.3
1277130 957.3
1277140 955.0
1277150 953.5
1277160 953.5
1277170 952.5
1277180 951.5
1277190 951.5
1277200 950.5
1277210 949.9
1277220 949.9
1277230 949.6
1277240 949.5
1277250 949.6
1277260 949.6
1277270 949.5
1277280 948.8
1277290 948.8
1277300 947.6
1277310 945.0
1277320 945.0
1277330 942.4
1277340 940.4
1277350 940.4
1277360 938.1
1277370 936.5
1277380 936.5
1277390 936.1
1277400 936.1
1277410 936.9
1277420 936.7
1277430 936.6
1277440 936.6
1277450 936.7
1277460 936.8
1277470 936.8
1277480 936.9
1277490 937.2
1277500 937.2
1277510 937.0
1277520 935.9
1277530 935.9
1277540 934.8
1277550 934.5
1277560 934.2
1277570 934.2
1277580 934.3
1277590 934.4
1277600 934.4
1277610 934.4
1277620 934.4
1277630 934.4
1277640 934.5
1277650 934.6
1277660 934.6
1277670 934.6
1277680 934.7
1277690 934.7
1277700 934.8
1277710 935.0
1277720 935.0
1277730 935.1
1277740 935.2
1277750 935.2
1277760 935.2
1277770 935.3
1277780 935.3
1277790 935.4
1277800 935.4
1277810 935.4
1277820 935.5
1277830 935.4
1277840 935.4
1277850 935.1
1277860 935.4
1277870 935.4
1277880 935.5
1277890 935.6
1277900 935.4
1277910 935.4
1277920 935.1
1277930 935.1
1277940 935.1
1277950 935.4
1277960 935.7
1277970 935.7
1277980 935.9
1277990 936.0
1278000 936.0
1278010 936.1
1278020 936.3
1278030 936.1
1278040 936.4
1278050 936.6
1278060 936.6
1278070 936.5
1278080 936.5
1278090 936.5
1278100 937.0
1278110 937.3
1278120 937.3
1278130 937.2
1278140 937.2
1278150 937.2
1278160 937.2
1278170 937.3
1278180 937.3
1278190 937.3
1278200 937.2
1278210 937.2
1278220 937.3
1278230 937.5
1278240 937.9
1278250 937.9
1278260 938.3
1278270 938.7
1278280 938.7
1278290 939.0
1278300 939.3
1278310 939.3
1278320 939.5
1278330 939.7
1278340 939.7
1278350 940.0
1278360 940.6
1278370 940.6
1278380 941.4
1278390 942.1
1278400 942.1
1278410 943.6
1278420 946.4
1278430 946.4
1278440 949.3
1278450 951.3
1278460 951.3
1278470 952.8
1278480 952.1
1278490 952.1
1278500 951.7
1278510 953.2
1278520 953.2
1278530 955.0
1278540 957.5
1278550 960.4
1278560 960.4
1278570 962.5
1278580 964.1
1278590 964.1
1278600 966.2
1278610 967.6
1278620 967.6
1278630 965.9
1278640 961.5
1278650 961.5
1278660 961.3
1278670 960.8
1278680 960.8
1278690 961.8
1278700 968.9
1278710 968.9
1278720 975.8
1278730 979.1
1278740 979.1
1278750 982.3
1278760 982.9
1278770 982.9
1278780 981.9
1278790 981.3
1278800 981.3
1278810 981.9
1278820 983.3
1278830 983.3
1278840 985.8
1278850 988.1
1278860 988.1
1278870 990.0
1278880 991.9
1278890 994.0
1278900 994.0
1278910 996.2
1278920 998.3
1278930 998.3
1278940 998.3
1278950 996.9
1278960 996.9
1278970 995.4
1278980 998.6
1278990 998.6
1279000 1004.4
1279010 1008.3
1279020 1008.3
1279030 1011.2
1279040 1013.4
1279050 1013.4
1279060 1015.0
1279070 1016.8
1279080 1016.8
1279090 1018.4
1279100 1019.7
1279110 1019.7
1279120 1021.6
1279130 1023.9
1279140 1023.9
1279150 1026.3
1279160 1028.7
1279170 1028.7
1279180 1030.8
1279190 1032.5
1279200 1034.5
1279210 1034.5
1279220 1037.0
1279230 1039.5
1279240 1039.5
1279250 1042.0
1279260 1036.7
1279270 1036.7
1279280 1035.2
1279290 1033.5
1279300 1033.5
1279310 1030.3
1279320 1032.2
1279330 1032.2
1279340 1037.6
1279350 1037.0
1279360 1037.0
1279370 1036.0
1279380 1039.4
1279390 1039.4
1279400 1044.9
1279410 1048.8
1279420 1048.8
1279430 1047.9
1279440 1044.4
1279450 1044.4
1279460 1043.0
1279470 1043.8
1279480 1043.8
1279490 1047.5
1279500 1052.4
1279510 1052.4
1279520 1053.7
1279530 1051.5
1279540 1049.7
1279550 1049.7
1279560 1047.6
1279570 1047.8
1279580 1047.8
1279590 1050.1
1279600 1053.6
1279610 1053.6
1279620 1058.6
1279630 1064.0
1279640 1064.0
1279650 1068.3
1279660 1071.9
1279670 1071.9
1279680 1074.3
1279690 1075.1
1279700 1075.1
1279710 1075.9
1279720 1076.8
1279730 1076.8
1279740 1076.4
1279750 1078.8
1279760 1078.8
1279770 1081.1
1279780 1083.0
1279790 1083.0
1279800 1085.1
1279810 1085.1
1279820 1085.1
1279830 1080.4
1279840 1074.4
1279850 1074.4
1279860 1068.8
1279870 1061.2
1279880 1051.1
1279890 1050.3
1279900 1043.1
1279910 1045.4
1279920 1045.4
1279930 1056.0
1279940 1064.9
1279950 1064.9
1279960 1070.9
1279970 1077.3
1279980 1077.3
1279990 1085.8
