1266850 1151.2
1266860 1148.6
1266870 1148.6
1266880 1145.3
1266890 1141.4
1266900 1141.4
1266910 1138.0
1266920 1134.8
1266930 1134.8
1266940 1131.6
1266950 1128.1
1266960 1128.1
1266970 1125.4
1266980 1122.9
1266990 1122.9
1267000 1121.1
1267010 1119.7
1267020 1119.7
1267030 1118.2
1267040 1117.5
1267050 1117.5
1267060 1117.0
1267070 1116.0
1267080 1116.0
1267090 1114.6
1267100 1113.9
1267110 1113.9
1267120 1113.3
1267130 1112.7
1267140 1112.7
1267150 1113.3
1267160 1117.3
1267170 1117.3
1267180 1118.4
1267190 1115.8
1267200 1111.6
1267210 1111.6
1267220 1110.4
1267230 1109.6
1267240 1109.6
1267250 1110.1
1267260 1113.0
1267270 1113.0
1267280 1116.1
1267290 1119.7
1267300 1119.7
1267310 1120.8
1267320 1124.2
1267330 1124.2
1267340 1127.1
1267350 1128.5
1267360 1128.5
1267370 1130.1
1267380 1130.6
1267390 1130.6
1267400 1133.3
1267410 1139.4
1267420 1139.4
1267430 1146.2
1267440 1153.6
1267450 1153.6
1267460 1160.2
1267470 1165.9
1267480 1165.9
1267490 1170.6
1267500 1175.5
1267510 1175.5
1267520 1180.3
1267530 1185.1
1267540 1189.8
1267550 1189.8
1267560 1194.2
1267570 1198.1
1267580 1198.1
1267590 1202.4
1267600 1206.8
1267610 1206.8
1267620 1210.1
1267630 1211.5
1267640 1211.5
1267650 1212.6
1267660 1214.2
1267670 1214.2
1267680 1217.9
1267690 1222.4
1267700 1222.4
1267710 1226.4
1267720 1227.9
1267730 1227.9
1267740 1227.5
1267750 1227.9
1267760 1227.9
1267770 1228.0
1267780 1227.8
1267790 1227.8
1267800 1227.1
1267810 1227.8
1267820 1227.8
1267830 1227.2
1267840 1229.5
1267850 1233.8
1267860 1233.8
1267870 1240.9
1267880 1247.7
1267890 1247.7
1267900 1242.6
1267910 1248.5
1267920 1248.5
1267930 1256.0
1267940 1266.1
1267950 1266.1
1267960 1275.8
1267970 1279.6
1267980 1279.6
1267990 1279.6
1268000 1283.3
1268010 1283.3
1268020 1288.1
1268030 1287.6
1268040 1287.6
1268050 1285.5
1268060 1288.4
1268070 1288.4
1268080 1296.6
1268090 1301.5
1268100 1301.5
1268110 1303.9
1268120 1305.2
1268130 1305.2
1268140 1308.1
1268150 1311.4
1268160 1311.4
1268170 1307.2
1268180 1302.7
1268190 1304.0
1268200 1304.0
1268210 1305.3
1268220 1308.7
1268230 1308.7
1268240 1316.2
1268250 1322.5
1268260 1322.5
1268270 1324.5
1268280 1330.7
1268290 1330.7
1268300 1334.1
1268310 1336.7
1268320 1336.7
1268330 1340.8
1268340 1344.9
1268350 1344.9
1268360 1349.7
1268370 1354.5
1268380 1354.5
1268390 1360.2
1268400 1365.7
1268410 1365.7
1268420 1370.9
1268430 1376.1
1268440 1376.1
1268450 1384.1
1268460 1388.9
1268470 1388.9
1268480 1392.9
1268490 1394.1
1268500 1394.1
1268510 1402.6
1268520 1410.7
1268530 1417.6
1268540 1417.6
1268550 1424.6
1268560 1431.2
1268570 1431.2
1268580 1438.5
1268590 1448.8
1268600 1448.8
1268610 1456.8
1268620 1463.3
1268630 1463.3
1268640 1470.4
1268650 1476.3
1268660 1476.3
1268670 1481.2
1268680 1486.9
1268690 1486.9
1268700 1492.0
1268710 1497.8
1268720 1497.8
1268730 1504.1
1268740 1512.2
1268750 1512.2
1268760 1521.9
1268770 1529.3
1268780 1529.3
1268790 1536.2
1268800 1543.3
1268810 1543.3
1268820 1550.1
1268830 1556.7
1268840 1563.2
1268850 1563.2
1268860 1569.5
1268870 1575.7
1268880 1575.7
1268890 1581.4
1268900 1586.1
1268910 1586.1
1268920 1589.4
1268930 1592.7
1268940 1592.7
1268950 1596.5
1268960 1600.7
1268970 1600.7
1268980 1605.1
1268990 1609.4
1269000 1609.4
1269010 1613.0
1269020 1616.5
1269030 1616.5
1269040 1619.7
1269050 1622.5
1269060 1622.5
1269070 1624.7
1269080 1622.7
1269090 1622.7
1269100 1622.8
1269110 1623.7
1269120 1623.7
1269130 1625.0
1269140 1626.6
1269150 1626.6
1269160 1628.7
1269170 1631.2
1269180 1633.2
1269190 1633.2
1269200 1635.8
1269210 1638.1
1269220 1638.1
1269230 1640.4
1269240 1642.2
1269250 1642.2
1269260 1643.1
1269270 1642.0
1269280 1642.0
1269290 1640.3
1269300 1639.0
1269310 1639.0
1269320 1640.2
1269330 1643.7
1269340 1643.7
1269350 1647.4
1269360 1651.1
1269370 1651.1
1269380 1654.8
1269390 1658.1
1269400 1658.1
1269410 1661.2
1269420 1664.1
1269430 1664.1
1269440 1666.8
1269450 1669.4
1269460 1669.4
1269470 1671.8
1269480 1674.1
1269490 1674.1
1269500 1677.0
1269510 1679.5
1269520 1682.6
1269530 1682.6
1269540 1685.5
1269550 1690.9
1269560 1690.9
1269570 1696.9
1269580 1702.5
1269590 1702.5
1269600 1707.8
1269610 1712.4
1269620 1712.4
1269630 1718.1
1269640 1723.9
1269650 1723.9
1269660 1729.6
1269670 1733.6
1269680 1733.6
1269690 1740.5
1269700 1746.0
1269710 1746.0
1269720 1749.8
1269730 1752.9
1269740 1752.9
1269750 1756.2
1269760 1758.6
1269770 1758.6
1269780 1758.7
1269790 1757.9
1269800 1757.9
1269810 1756.7
1269820 1754.8
1269830 1753.2
1269840 1753.2
1269850 1750.8
1269860 1748.1
1269870 1748.1
1269880 1745.8
1269890 1744.0
1269900 1744.0
1269910 1741.4
1269920 1738.0
1269930 1738.0
1269940 1733.1
1269950 1726.5
1269960 1726.5
1269970 1720.0
1269980 1714.3
1269990 1714.3
1270000 1708.4
1270010 1702.3
1270020 1702.3
1270030 1695.9
1270040 1689.7
1270050 1689.7
1270060 1683.7
1270070 1677.6
1270080 1677.6
1270090 1671.2
1270100 1664.7
1270110 1664.7
1270120 1657.8
1270130 1652.5
1270140 1652.5
1270150 1647.6
1270160 1642.8
1270170 1638.1
1270180 1638.1
1270190 1633.7
1270200 1629.4
1270210 1629.4
1270220 1625.6
1270230 1622.0
1270240 1622.0
1270250 1620.5
1270260 1619.2
1270270 1620.3
1270280 1615.9
1270290 1618.6
1270300 1618.6
1270310 1619.3
1270320 1617.6
1270330 1617.6
1270340 1620.9
1270350 1624.8
1270360 1624.8
1270370 1627.9
1270380 1631.1
1270390 1631.1
1270400 1635.0
1270410 1639.0
1270420 1639.0
1270430 1643.3
1270440 1647.6
1270450 1647.6
1270460 1652.5
1270470 1657.0
1270480 1657.0
1270490 1661.1
1270500 1665.3
1270510 1669.3
1270520 1669.3
1270530 1672.7
1270540 1675.8
1270550 1675.8
1270560 1679.3
1270570 1682.7
1270580 1682.7
1270590 1686.5
1270600 1690.1
1270610 1690.1
1270620 1692.2
1270630 1694.0
1270640 1694.0
1270650 1695.1
1270660 1697.4
1270670 1697.4
1270680 1700.7
1270690 1703.9
1270700 1703.9
1270710 1706.8
1270720 1710.5
1270730 1710.5
1270740 1712.8
1270750 1711.9
1270760 1711.9
1270770 1709.2
1270780 1706.0
1270790 1706.0
1270800 1702.0
1270810 1698.1
1270820 1694.2
1270830 1694.2
1270840 1690.3
1270850 1687.0
1270860 1687.0
1270870 1679.8
1270880 1676.7
1270890 1676.7
1270900 1673.5
1270910 1670.4
1270920 1670.4
1270930 1667.4
1270940 1663.9
1270950 1663.9
1270960 1660.2
1270970 1656.6
1270980 1656.6
1270990 1652.9
1271000 1649.4
1271010 1649.4
1271020 1645.6
1271030 1641.4
1271040 1641.4
1271050 1637.6
1271060 1633.8
1271070 1633.8
1271080 1629.1
1271090 1625.3
1271100 1625.3
1271110 1621.3
1271120 1617.1
1271130 1617.1
1271140 1613.0
1271150 1609.1
1271160 1605.8
1271170 1605.8
1271180 1603.0
1271190 1600.0
1271200 1600.0
1271210 1597.0
1271220 1593.8
1271230 1593.8
1271240 1590.6
1271250 1587.6
1271260 1587.6
1271270 1585.7
1271280 1583.6
1271290 1583.6
1271300 1580.5
1271310 1576.3
1271320 1576.3
1271330 1571.3
1271340 1565.5
1271350 1565.5
1271360 1559.0
1271370 1552.6
1271380 1552.6
1271390 1546.0
1271400 1541.7
1271410 1541.7
1271420 1541.6
1271430 1538.7
1271440 1538.7
1271450 1532.2
1271460 1523.0
1271470 1523.0
1271480 1516.3
1271490 1516.2
1271500 1518.4
1271510 1518.4
1271520 1518.0
1271530 1517.7
1271540 1517.7
1271550 1517.2
1271560 1516.3
1271570 1516.3
1271580 1514.6
1271590 1513.4
1271600 1513.4
1271610 1512.7
1271620 1511.8
1271630 1511.8
1271640 1509.8
1271650 1505.6
1271660 1505.6
1271670 1499.9
1271680 1493.9
1271690 1493.9
1271700 1488.1
1271710 1482.7
1271720 1482.7
1271730 1476.8
1271740 1473.4
1271750 1473.4
1271760 1476.8
1271770 1482.8
1271780 1482.8
1271790 1483.1
1271800 1479.8
1271810 1472.5
1271820 1472.5
1271830 1464.1
1271840 1459.2
1271850 1459.2
1271860 1469.1
1271870 1475.5
1271880 1475.5
1271890 1481.6
1271900 1488.3
1271910 1488.3
1271920 1493.2
1271930 1497.6
1271940 1497.6
1271950 1502.9
1271960 1507.4
1271970 1507.4
1271980 1509.7
1271990 1509.6
1272000 1509.6
1272010 1507.5
1272020 1502.6
1272030 1502.6
1272040 1495.8
1272050 1489.4
1272060 1486.4
1272070 1478.3
1272080 1470.3
1272090 1470.3
1272100 1462.2
1272110 1453.6
1272120 1453.6
1272130 1450.3
1272140 1455.2
1272150 1450.9
1272160 1450.9
1272170 1460.1
1272180 1464.6
1272190 1464.6
1272200 1466.1
1272210 1461.3
1272220 1461.3
1272230 1451.1
1272240 1439.3
1272250 1439.3
1272260 1433.1
1272270 1426.8
1272280 1426.8
1272290 1419.6
1272300 1412.7
1272310 1412.7
1272320 1407.7
1272330 1400.9
1272340 1400.9
1272350 1393.5
1272360 1385.7
1272370 1385.7
1272380 1376.9
1272390 1368.4
1272400 1368.4
1272410 1360.3
1272420 1353.2
1272430 1353.2
1272440 1347.4
1272450 1340.3
1272460 1340.3
1272470 1337.0
1272480 1334.4
1272490 1326.8
1272500 1326.8
1272510 1323.0
1272520 1321.8
1272530 1321.8
1272540 1321.1
1272550 1320.8
1272560 1320.8
1272570 1319.7
1272580 1319.4
1272590 1319.4
1272600 1318.6
1272610 1316.2
1272620 1316.2
1272630 1312.2
1272640 1307.6
1272650 1307.6
1272660 1303.5
1272670 1293.8
1272680 1293.8
1272690 1289.8
1272700 1286.5
1272710 1286.5
1272720 1284.1
1272730 1282.3
1272740 1282.3
1272750 1279.7
1272760 1277.6
1272770 1277.6
1272780 1275.4
1272790 1273.2
1272800 1273.2
1272810 1271.7
1272820 1270.2
1272830 1267.9
1272840 1267.9
1272850 1265.6
1272860 1262.8
1272870 1262.8
1272880 1260.7
1272890 1258.7
1272900 1258.7
1272910 1257.3
1272920 1256.7
1272930 1256.7
1272940 1256.6
1272950 1255.4
1272960 1255.4
1272970 1254.6
1272980 1254.5
1272990 1254.5
1273000 1253.5
1273010 1251.9
1273020 1251.9
1273030 1249.7
1273040 1247.0
1273050 1247.0
1273060 1243.4
1273070 1239.4
1273080 1239.4
1273090 1235.3
1273100 1232.2
1273110 1232.2
1273120 1229.9
1273130 1228.2
1273140 1226.5
1273150 1226.5
1273160 1225.8
1273170 1225.5
1273180 1225.5
1273190 1224.7
1273200 1224.1
1273210 1224.1
1273220 1223.5
1273230 1221.7
1273240 1221.7
1273250 1219.3
1273260 1215.7
1273270 1216.4
1273280 1212.7
1273290 1210.8
1273300 1210.8
1273310 1211.7
1273320 1215.2
1273330 1215.2
1273340 1210.8
1273350 1207.9
1273360 1207.9
1273370 1205.3
1273380 1202.5
1273390 1202.5
1273400 1200.9
1273410 1199.7
1273420 1199.7
1273430 1198.2
1273440 1197.1
1273450 1197.1
1273460 1195.8
1273470 1194.7
1273480 1194.5
1273490 1194.5
1273500 1193.3
1273510 1191.1
1273520 1191.1
1273530 1188.9
1273540 1187.3
1273550 1187.3
1273560 1186.7
1273570 1186.2
1273580 1186.2
1273590 1186.3
1273600 1187.0
1273610 1187.0
1273620 1186.1
1273630 1185.5
1273640 1185.5
1273650 1185.8
1273660 1184.8
1273670 1184.8
1273680 1183.4
1273690 1181.8
1273700 1181.8
1273710 1180.5
1273720 1178.1
1273730 1178.1
1273740 1176.4
1273750 1175.3
1273760 1175.3
1273770 1174.0
1273780 1171.9
1273790 1171.9
1273800 1169.7
1273810 1168.6
1273820 1167.6
1273830 1167.6
1273840 1166.9
1273850 1165.7
1273860 1165.7
1273870 1164.5
1273880 1161.7
1273890 1161.7
1273900 1159.6
1273910 1158.7
1273920 1158.7
1273930 1158.1
1273940 1157.2
1273950 1157.2
1273960 1157.2
1273970 1156.9
1273980 1156.9
1273990 1156.0
1274000 1155.0
1274010 1155.0
1274020 1154.1
1274030 1152.8
1274040 1152.8
1274050 1150.9
1274060 1149.3
1274070 1149.3
1274080 1147.4
1274090 1145.5
1274100 1145.5
1274110 1143.2
1274120 1141.8
1274130 1141.8
1274140 1141.8
1274150 1143.1
1274160 1145.9
1274170 1145.9
1274180 1147.0
1274190 1148.3
1274200 1148.3
1274210 1147.7
1274220 1146.7
1274230 1146.7
1274240 1146.5
1274250 1145.7
1274260 1145.7
1274270 1141.7
1274280 1137.5
1274290 1137.5
1274300 1134.9
1274310 1132.7
1274320 1132.7
1274330 1131.2
1274340 1130.5
1274350 1130.5
1274360 1127.7
1274370 1125.2
1274380 1125.2
1274390 1121.0
1274400 1119.1
1274410 1119.1
1274420 1119.0
1274430 1118.9
1274440 1118.9
1274450 1118.3
1274460 1117.5
1274470 1116.9
1274480 1116.9
1274490 1116.2
1274500 1115.9
1274510 1115.9
1274520 1115.7
1274530 1115.3
1274540 1115.3
1274550 1114.8
1274560 1114.3
1274570 1114.3
1274580 1113.9
1274590 1113.6
1274600 1113.6
1274610 1113.3
1274620 1114.1
1274630 1114.1
1274640 1116.1
1274650 1115.8
1274660 1115.8
1274670 1114.3
1274680 1112.1
1274690 1112.1
1274700 1111.3
1274710 1111.1
1274720 1111.1
1274730 1110.8
1274740 1109.9
1274750 1109.9
1274760 1109.2
1274770 1108.1
1274780 1108.1
1274790 1107.4
1274800 1107.6
1274810 1108.4
1274820 1108.4
1274830 1107.8
1274840 1107.4
1274850 1107.4
1274860 1106.9
1274870 1106.7
1274880 1106.7
1274890 1104.9
1274900 1102.4
1274910 1102.4
1274920 1099.6
1274930 1100.0
1274940 1100.0
1274950 1098.8
1274960 1094.0
1274970 1094.0
1274980 1093.8
1274990 1096.2
1275000 1096.2
1275010 1095.9
1275020 1095.6
1275030 1095.6
1275040 1095.0
1275050 1095.7
1275060 1095.7
1275070 1095.6
1275080 1093.6
1275090 1093.6
1275100 1093.0
1275110 1091.2
1275120 1090.1
1275130 1090.1
1275140 1087.5
1275150 1085.0
1275160 1085.0
1275170 1084.8
1275180 1086.3
1275190 1086.3
1275200 1088.8
1275210 1093.0
1275220 1093.0
1275230 1096.8
1275240 1100.7
1275250 1100.7
1275260 1104.3
1275270 1107.1
1275280 1107.1
1275290 1109.2
1275300 1111.7
1275310 1111.7
1275320 1113.4
1275330 1112.3
1275340 1112.3
1275350 1113.6
1275360 1119.0
1275370 1119.0
1275380 1124.1
1275390 1127.3
1275400 1127.3
1275410 1128.5
1275420 1129.4
1275430 1129.4
1275440 1129.7
1275450 1129.1
1275460 1128.2
1275470 1128.2
1275480 1126.9
1275490 1124.5
1275500 1124.5
1275510 1121.9
1275520 1120.8
1275530 1120.8
1275540 1118.6
1275550 1116.0
1275560 1116.0
1275570 1113.2
1275580 1110.3
1275590 1110.3
1275600 1107.3
1275610 1104.3
1275620 1104.3
1275630 1101.7
1275640 1099.5
1275650 1099.5
1275660 1097.3
1275670 1094.6
1275680 1094.6
1275690 1091.8
1275700 1089.0
1275710 1093.8
1275720 1090.8
1275730 1087.5
1275740 1087.5
1275750 1083.8
1275760 1079.9
1275770 1079.9
1275780 1076.1
1275790 1072.1
1275800 1068.1
1275810 1068.1
1275820 1064.8
1275830 1061.7
1275840 1061.7
1275850 1057.6
1275860 1053.4
1275870 1053.4
1275880 1049.3
1275890 1045.3
1275900 1045.3
1275910 1041.6
1275920 1038.3
1275930 1038.3
1275940 1035.6
1275950 1032.4
1275960 1032.4
1275970 1028.5
1275980 1024.6
1275990 1024.6
1276000 1020.4
1276010 1016.6
1276020 1016.6
1276030 1014.1
1276040 1010.9
1276050 1010.9
1276060 1006.4
1276070 1001.7
1276080 1001.7
1276090 997.6
1276100 993.6
1276110 989.6
1276120 989.6
1276130 984.9
1276140 979.5
1276150 979.5
1276160 973.7
1276170 968.9
1276180 968.9
1276190 964.8
1276200 959.8
1276210 959.8
1276220 955.3
1276230 951.7
1276240 951.7
1276250 948.4
1276260 944.7
1276270 944.7
1276280 942.4
1276290 941.3
1276300 941.3
1276310 939.9
1276320 940.9
1276330 940.9
1276340 941.5
1276350 941.6
1276360 941.6
1276370 941.4
1276380 941.3
1276390 941.3
1276400 941.5
1276410 941.4
1276420 941.4
1276430 941.4
1276440 941.8
1276450 942.1
1276460 942.1
1276470 941.9
1276480 942.0
1276490 942.0
1276500 942.1
1276510 941.5
1276520 941.5
1276530 939.1
1276540 936.5
1276550 936.5
1276560 936.0
1276570 934.8
1276580 934.8
1276590 930.0
1276600 925.7
1276610 925.7
1276620 930.7
1276630 938.0
1276640 938.0
1276650 940.3
1276660 942.3
1276670 942.3
1276680 946.1
1276690 949.6
1276700 949.6
1276710 952.4
1276720 954.5
1276730 954.5
1276740 955.9
1276750 957.9
1276760 957.9
1276770 959.6
1276780 961.1
1276790 963.6
1276800 963.6
1276810 966.1
1276820 968.7
1276830 968.7
1276840 971.2
1276850 973.3
1276860 973.3
1276870 975.0
1276880 977.6
1276890 977.6
1276900 979.5
1276910 980.5
1276920 980.5
1276930 980.0
1276940 981.2
1276950 981.2
1276960 984.2
1276970 987.0
1276980 987.0
1276990 989.5
1277000 990.9
1277010 990.9
1277020 990.9
1277030 989.6
1277040 989.6
1277050 988.4
1277060 989.9
1277070 989.9
1277080 992.5
1277090 994.4
1277100 994.2
1277110 994.2
1277120 993.8
1277130 994.4
1277140 994.4
1277150 995.9
1277160 999.0
1277170 999.0
1277180 1002.3
1277190 1004.4
1277200 1004.4
1277210 1006.2
1277220 1007.5
1277230 1007.5
1277240 1008.9
1277250 1010.8
1277260 1010.8
1277270 1012.6
1277280 1014.5
1277290 1014.5
1277300 1017.6
1277310 1021.4
1277320 1021.4
1277330 1024.6
1277340 1027.2
1277350 1027.2
1277360 1028.3
1277370 1029.9
1277380 1029.9
1277390 1030.2
1277400 1030.2
1277410 1030.2
1277420 1030.3
1277430 1031.0
1277440 1033.4
1277450 1033.4
1277460 1037.5
1277470 1041.7
1277480 1041.7
1277490 1045.5
1277500 1048.8
1277510 1048.8
1277520 1051.8
1277530 1054.6
1277540 1054.6
1277550 1059.4
1277560 1062.0
1277570 1062.0
1277580 1064.6
1277590 1067.4
1277600 1067.4
1277610 1070.4
1277620 1073.0
1277630 1073.0
1277640 1075.4
1277650 1078.0
1277660 1078.0
1277670 1080.9
1277680 1083.7
1277690 1083.7
1277700 1086.9
1277710 1090.3
1277720 1090.3
1277730 1093.9
1277740 1097.5
1277750 1097.5
1277760 1101.5
1277770 1105.1
1277780 1109.5
1277790 1109.5
1277800 1113.7
1277810 1118.1
1277820 1118.1
1277830 1122.5
1277840 1126.9
1277850 1126.9
1277860 1130.8
1277870 1135.2
1277880 1135.2
1277890 1139.1
1277900 1144.0
1277910 1144.0
1277920 1148.8
1277930 1152.6
1277940 1152.6
1277950 1157.2
1277960 1160.0
1277970 1160.0
1277980 1162.8
1277990 1165.5
1278000 1165.5
1278010 1168.6
1278020 1170.9
1278030 1170.9
1278040 1171.3
1278050 1172.6
1278060 1172.6
1278070 1175.5
1278080 1179.0
1278090 1182.3
1278100 1182.3
1278110 1185.1
1278120 1188.1
1278130 1188.1
1278140 1192.0
1278150 1196.5
1278160 1196.5
1278170 1202.7
1278180 1206.5
1278190 1206.5
1278200 1209.8
1278210 1212.3
1278220 1212.3
1278230 1214.8
1278240 1217.5
1278250 1217.5
1278260 1220.4
1278270 1223.6
1278280 1223.6
1278290 1226.7
1278300 1227.7
1278310 1227.7
1278320 1227.4
1278330 1227.0
1278340 1227.0
1278350 1226.8
1278360 1226.5
1278370 1226.5
1278380 1225.7
1278390 1225.5
1278400 1225.5
1278410 1228.3
1278420 1233.0
1278430 1239.6
1278440 1239.6
1278450 1247.1
1278460 1258.1
1278470 1258.1
1278480 1265.5
1278490 1271.0
1278500 1271.0
1278510 1276.1
1278520 1280.8
1278530 1280.8
1278540 1284.8
1278550 1288.9
1278560 1288.9
1278570 1293.5
1278580 1296.6
1278590 1296.6
1278600 1299.0
1278610 1298.2
1278620 1298.2
1278630 1296.3
1278640 1294.5
1278650 1294.5
1278660 1294.2
1278670 1296.6
1278680 1296.6
1278690 1297.7
1278700 1297.9
1278710 1297.9
1278720 1297.6
1278730 1298.6
1278740 1298.6
1278750 1299.4
1278760 1299.9
1278770 1300.6
1278780 1300.6
1278790 1291.4
1278800 1284.9
1278810 1284.9
1278820 1276.1
1278830 1270.9
1278840 1270.9
1278850 1272.8
1278860 1277.9
1278870 1277.9
1278880 1284.7
1278890 1291.4
1278900 1291.4
1278910 1296.8
1278920 1299.8
1278930 1299.8
1278940 1302.1
1278950 1307.7
1278960 1307.7
1278970 1316.2
1278980 1325.9
1278990 1325.9
1279000 1331.1
1279010 1332.1
1279020 1332.1
1279030 1332.9
1279040 1332.2
1279050 1332.2
1279060 1331.8
1279070 1330.8
1279080 1328.4
1279090 1328.4
1279100 1324.2
1279110 1322.7
1279120 1322.7
1279130 1325.4
1279140 1329.4
1279150 1329.4
1279160 1333.0
1279170 1337.8
1279180 1337.8
1279190 1343.7
1279200 1350.3
1279210 1350.3
1279220 1356.3
1279230 1362.6
1279240 1362.6
1279250 1366.5
1279260 1369.6
1279270 1369.6
1279280 1372.9
1279290 1374.7
1279300 1374.7
1279310 1374.2
1279320 1371.5
1279330 1371.5
1279340 1367.7
1279350 1366.2
1279360 1366.2
1279370 1367.6
1279380 1370.9
1279390 1370.9
1279400 1374.3
1279410 1363.5
1279420 1361.2
1279430 1361.2
1279440 1361.6
1279450 1364.1
1279460 1364.1
1279470 1363.5
1279480 1366.0
1279490 1366.0
1279500 1371.9
1279510 1377.6
1279520 1377.6
1279530 1380.4
1279540 1381.5
1279550 1381.5
1279560 1381.4
1279570 1380.5
1279580 1380.5
1279590 1381.0
1279600 1380.9
1279610 1380.9
1279620 1381.2
1279630 1382.4
1279640 1382.4
1279650 1382.0
1279660 1379.3
1279670 1379.3
1279680 1378.0
1279690 1378.4
1279700 1378.4
1279710 1376.3
1279720 1374.0
1279730 1374.0
1279740 1372.0
1279750 1369.5
1279760 1366.9
1279770 1366.9
1279780 1364.9
1279790 1363.0
1279800 1363.0
1279810 1360.7
1279820 1358.5
1279830 1358.5
1279840 1356.1
1279850 1353.3
1279860 1353.3
1279870 1349.5
1279880 1343.6
1279890 1343.6
1279900 1336.7
1279910 1330.1
1279920 1330.1
1279930 1322.5
1279940 1314.9
1279950 1314.9
1279960 1308.0
1279970 1301.5
1279980 1301.5
1279990 1294.1
