1266950 1186.0
1266960 1181.6
1266970 1181.6
1266980 1174.1
1266990 1167.8
1267000 1164.9
1267010 1164.9
1267020 1160.0
1267030 1154.0
1267040 1154.0
1267050 1148.5
1267060 1142.6
1267070 1135.8
1267080 1129.8
1267090 1123.6
1267100 1123.6
1267110 1117.7
1267120 1112.9
1267130 1112.9
1267140 1110.0
1267150 1108.5
1267160 1108.5
1267170 1107.3
1267180 1107.0
1267190 1107.0
1267200 1106.8
1267210 1106.9
1267220 1106.9
1267230 1106.6
1267240 1106.6
1267250 1106.6
1267260 1106.4
1267270 1106.4
1267280 1106.4
1267290 1106.1
1267300 1104.6
1267310 1103.4
1267320 1103.4
1267330 1103.2
1267340 1102.8
1267350 1102.8
1267360 1102.8
1267370 1102.7
1267380 1102.7
1267390 1103.4
1267400 1108.6
1267410 1108.6
1267420 1115.4
1267430 1117.6
1267440 1117.6
1267450 1118.3
1267460 1123.6
1267470 1123.6
1267480 1130.3
1267490 1136.1
1267500 1136.1
1267510 1141.5
1267520 1146.9
1267530 1146.9
1267540 1152.7
1267550 1158.4
1267560 1158.4
1267570 1163.9
1267580 1169.8
1267590 1169.8
1267600 1175.9
1267610 1182.1
1267620 1182.1
1267630 1188.7
1267640 1195.9
1267650 1204.1
1267660 1204.1
1267670 1210.0
1267680 1216.1
1267690 1216.1
1267700 1222.5
1267710 1228.9
1267720 1228.9
1267730 1235.3
1267740 1241.9
1267750 1241.9
1267760 1248.8
1267770 1255.5
1267780 1255.5
1267790 1262.1
1267800 1268.9
1267810 1268.9
1267820 1276.0
1267830 1283.5
1267840 1283.5
1267850 1292.0
1267860 1300.1
1267870 1300.1
1267880 1308.4
1267890 1316.1
1267900 1316.1
1267910 1323.5
1267920 1330.1
1267930 1330.1
1267940 1336.3
1267950 1342.6
1267960 1342.6
1267970 1349.1
1267980 1355.3
1267990 1361.3
1268000 1361.3
1268010 1366.6
1268020 1370.4
1268030 1370.4
1268040 1372.5
1268050 1375.5
1268060 1375.5
1268070 1379.3
1268080 1383.6
1268090 1383.6
1268100 1387.7
1268110 1392.3
1268120 1392.3
1268130 1397.1
1268140 1400.8
1268150 1400.8
1268160 1402.9
1268170 1405.4
1268180 1405.4
1268190 1408.8
1268200 1412.1
1268210 1412.1
1268220 1414.7
1268230 1417.0
1268240 1419.7
1268250 1422.5
1268260 1426.0
1268270 1426.0
1268280 1429.7
1268290 1432.3
1268300 1435.3
1268310 1435.3
1268320 1439.5
1268330 1444.0
1268340 1444.0
1268350 1448.5
1268360 1453.1
1268370 1453.1
1268380 1456.5
1268390 1458.9
1268400 1458.9
1268410 1461.6
1268420 1464.7
1268430 1464.7
1268440 1468.5
1268450 1472.9
1268460 1472.9
1268470 1477.5
1268480 1482.5
1268490 1482.5
1268500 1487.9
1268510 1493.1
1268520 1493.1
1268530 1498.2
1268540 1503.6
1268550 1503.6
1268560 1508.9
1268570 1514.0
1268580 1514.0
1268590 1519.1
1268600 1523.9
1268610 1523.9
1268620 1528.5
1268630 1533.5
1268640 1538.7
1268650 1538.7
1268660 1543.6
1268670 1548.4
1268680 1548.4
1268690 1552.8
1268700 1556.5
1268710 1556.5
1268720 1559.5
1268730 1561.5
1268740 1561.5
1268750 1563.4
1268760 1565.0
1268770 1565.0
1268780 1566.1
1268790 1568.0
1268800 1568.0
1268810 1571.2
1268820 1574.5
1268830 1574.5
1268840 1583.6
1268850 1588.5
1268860 1588.5
1268870 1593.4
1268880 1598.0
1268890 1598.0
1268900 1602.1
1268910 1605.5
1268920 1605.5
1268930 1608.4
1268940 1610.9
1268950 1610.9
1268960 1612.9
1268970 1614.8
1268980 1616.1
1268990 1616.1
1269000 1616.1
1269010 1614.9
1269020 1614.9
1269030 1615.9
1269040 1618.1
1269050 1618.1
1269060 1620.1
1269070 1621.9
1269080 1621.9
1269090 1624.3
1269100 1628.6
1269110 1628.6
1269120 1632.5
1269130 1635.8
1269140 1635.8
1269150 1638.5
1269160 1640.0
1269170 1640.0
1269180 1640.5
1269190 1640.6
1269200 1640.6
1269210 1641.2
1269220 1641.4
1269230 1641.4
1269240 1644.5
1269250 1647.5
1269260 1647.5
1269270 1649.7
1269280 1651.6
1269290 1651.6
1269300 1654.0
1269310 1655.0
1269320 1654.7
1269330 1654.7
1269340 1655.5
1269350 1657.0
1269360 1657.0
1269370 1658.9
1269380 1660.4
1269390 1660.4
1269400 1662.4
1269410 1664.7
1269420 1664.7
1269430 1669.8
1269440 1672.3
1269450 1672.3
1269460 1675.1
1269470 1677.8
1269480 1677.8
1269490 1680.8
1269500 1683.8
1269510 1683.8
1269520 1686.9
1269530 1690.6
1269540 1690.6
1269550 1694.3
1269560 1697.2
1269570 1697.2
1269580 1699.5
1269590 1701.4
1269600 1701.4
1269610 1703.5
1269620 1705.8
1269630 1708.1
1269640 1708.1
1269650 1710.0
1269660 1711.7
1269670 1711.7
1269680 1712.4
1269690 1711.6
1269700 1711.6
1269710 1708.4
1269720 1704.4
1269730 1704.4
1269740 1700.4
1269750 1697.3
1269760 1697.3
1269770 1694.6
1269780 1691.1
1269790 1691.1
1269800 1684.7
1269810 1678.9
1269820 1678.9
1269830 1675.3
1269840 1671.7
1269850 1671.7
1269860 1663.8
1269870 1655.7
1269880 1655.7
1269890 1650.9
1269900 1645.3
1269910 1645.3
1269920 1638.4
1269930 1632.5
1269940 1632.5
1269950 1627.8
1269960 1623.2
1269970 1618.5
1269980 1618.5
1269990 1614.6
1270000 1611.1
1270010 1611.1
1270020 1612.2
1270030 1608.7
1270040 1608.7
1270050 1605.4
1270060 1602.2
1270070 1602.2
1270080 1599.1
1270090 1595.9
1270100 1595.9
1270110 1593.2
1270120 1591.1
1270130 1591.1
1270140 1588.7
1270150 1587.4
1270160 1587.4
1270170 1586.2
1270180 1584.4
1270190 1584.4
1270200 1582.6
1270210 1582.0
1270220 1582.0
1270230 1582.5
1270240 1583.3
1270250 1583.3
1270260 1583.8
1270270 1583.9
1270280 1583.9
1270290 1583.3
1270300 1582.0
1270310 1580.0
1270320 1580.0
1270330 1577.0
1270340 1571.2
1270350 1571.2
1270360 1575.1
1270370 1578.6
1270380 1578.6
1270390 1581.3
1270400 1584.5
1270410 1584.5
1270420 1587.8
1270430 1592.3
1270440 1592.3
1270450 1597.3
1270460 1602.4
1270470 1602.4
1270480 1608.1
1270490 1614.3
1270500 1614.3
1270510 1620.6
1270520 1626.6
1270530 1626.6
1270540 1631.8
1270550 1637.6
1270560 1637.6
1270570 1643.1
1270580 1648.8
1270590 1648.8
1270600 1654.7
1270610 1661.1
1270620 1669.0
1270630 1669.0
1270640 1674.8
1270650 1680.8
1270660 1680.8
1270670 1687.2
1270680 1693.0
1270690 1693.0
1270700 1698.5
1270710 1704.0
1270720 1704.0
1270730 1709.2
1270740 1714.4
1270750 1714.4
1270760 1719.6
1270770 1724.9
1270780 1724.9
1270790 1729.7
1270800 1734.5
1270810 1734.5
1270820 1739.1
1270830 1743.5
1270840 1743.5
1270850 1747.5
1270860 1751.3
1270870 1751.3
1270880 1754.6
1270890 1757.3
1270900 1757.3
1270910 1759.9
1270920 1762.1
1270930 1762.1
1270940 1763.3
1270950 1763.5
1270960 1762.7
1270970 1762.7
1270980 1760.8
1270990 1758.4
1271000 1758.4
1271010 1755.3
1271020 1751.6
1271030 1751.6
1271040 1747.0
1271050 1742.1
1271060 1742.1
1271070 1737.4
1271080 1733.3
1271090 1733.3
1271100 1728.3
1271110 1722.9
1271120 1722.9
1271130 1717.6
1271140 1712.1
1271150 1712.1
1271160 1705.5
1271170 1698.4
1271180 1698.4
1271190 1691.8
1271200 1685.4
1271210 1685.4
1271220 1676.7
1271230 1670.6
1271240 1670.6
1271250 1665.1
1271260 1659.9
1271270 1659.9
1271280 1654.9
1271290 1650.8
1271300 1647.1
1271310 1647.1
1271320 1643.9
1271330 1640.9
1271340 1640.9
1271350 1638.2
1271360 1635.4
1271370 1635.4
1271380 1634.1
1271390 1633.7
1271400 1633.7
1271410 1632.9
1271420 1632.1
1271430 1632.1
1271440 1631.4
1271450 1630.9
1271460 1630.9
1271470 1630.2
1271480 1628.9
1271490 1628.9
1271500 1627.0
1271510 1624.3
1271520 1624.3
1271530 1620.9
1271540 1616.4
1271550 1616.4
1271560 1611.4
1271570 1605.7
1271580 1605.7
1271590 1600.0
1271600 1595.2
1271610 1595.2
1271620 1590.3
1271630 1586.4
1271640 1586.5
1271650 1586.5
1271660 1587.0
1271670 1586.9
1271680 1586.9
1271690 1583.5
1271700 1587.3
1271710 1587.3
1271720 1591.1
1271730 1593.0
1271740 1593.0
1271750 1595.2
1271760 1596.6
1271770 1596.6
1271780 1596.7
1271790 1594.0
1271800 1594.0
1271810 1590.5
1271820 1586.4
1271830 1586.4
1271840 1588.7
1271850 1591.6
1271860 1591.6
1271870 1594.7
1271880 1597.3
1271890 1597.3
1271900 1599.5
1271910 1601.8
1271920 1601.8
1271930 1604.5
1271940 1608.0
1271950 1611.6
1271960 1611.6
1271970 1614.6
1271980 1617.1
1271990 1617.1
1272000 1618.5
1272010 1618.0
1272020 1618.0
1272030 1616.0
1272040 1612.9
1272050 1612.9
1272060 1606.8
1272070 1598.0
1272080 1598.0
1272090 1591.1
1272100 1585.2
1272110 1585.2
1272120 1579.6
1272130 1573.8
1272140 1573.8
1272150 1567.9
1272160 1562.7
1272170 1562.7
1272180 1557.1
1272190 1551.4
1272200 1551.4
1272210 1545.8
1272220 1540.6
1272230 1540.6
1272240 1536.3
1272250 1531.8
1272260 1531.8
1272270 1527.2
1272280 1522.2
1272290 1516.7
1272300 1516.7
1272310 1510.5
1272320 1505.4
1272330 1505.4
1272340 1501.7
1272350 1498.8
1272360 1498.8
1272370 1499.7
1272380 1502.1
1272390 1502.1
1272400 1503.3
1272410 1504.2
1272420 1496.8
1272430 1496.4
1272440 1495.1
1272450 1495.1
1272460 1492.0
1272470 1488.3
1272480 1488.3
1272490 1485.2
1272500 1480.8
1272510 1480.8
1272520 1474.8
1272530 1468.1
1272540 1468.1
1272550 1462.1
1272560 1457.6
1272570 1457.6
1272580 1453.3
1272590 1448.1
1272600 1448.1
1272610 1442.2
1272620 1436.4
1272630 1431.6
1272640 1431.6
1272650 1426.1
1272660 1423.6
1272670 1423.6
1272680 1422.1
1272690 1419.5
1272700 1419.5
1272710 1415.4
1272720 1410.7
1272730 1410.7
1272740 1406.0
1272750 1401.4
1272760 1401.4
1272770 1396.0
1272780 1390.0
1272790 1390.0
1272800 1384.2
1272810 1378.8
1272820 1378.8
1272830 1374.6
1272840 1373.5
1272850 1373.5
1272860 1372.9
1272870 1371.8
1272880 1371.8
1272890 1370.9
1272900 1369.2
1272910 1369.2
1272920 1367.3
1272930 1365.3
1272940 1363.0
1272950 1363.0
1272960 1359.6
1272970 1355.7
1272980 1355.7
1272990 1352.5
1273000 1350.9
1273010 1350.9
1273020 1342.8
1273030 1340.9
1273040 1340.9
1273050 1339.0
1273060 1336.1
1273070 1336.1
1273080 1331.1
1273090 1328.2
1273100 1328.2
1273110 1327.7
1273120 1326.0
1273130 1326.0
1273140 1323.6
1273150 1320.0
1273160 1320.0
1273170 1315.3
1273180 1310.9
1273190 1310.9
1273200 1307.4
1273210 1305.5
1273220 1305.5
1273230 1303.0
1273240 1301.1
1273250 1301.1
1273260 1300.9
1273270 1301.2
1273280 1301.1
1273290 1301.1
1273300 1300.3
1273310 1299.1
1273320 1299.1
1273330 1297.9
1273340 1296.7
1273350 1296.7
1273360 1295.1
1273370 1293.1
1273380 1293.1
1273390 1290.6
1273400 1287.1
1273410 1287.1
1273420 1283.2
1273430 1281.6
1273440 1281.6
1273450 1281.3
1273460 1278.1
1273470 1278.1
1273480 1273.5
1273490 1277.6
1273500 1277.6
1273510 1278.8
1273520 1276.8
1273530 1276.8
1273540 1273.0
1273550 1271.2
1273560 1271.2
1273570 1272.1
1273580 1273.4
1273590 1273.4
1273600 1273.4
1273610 1272.9
1273620 1271.6
1273630 1264.9
1273640 1263.3
1273650 1261.5
1273660 1261.5
1273670 1257.1
1273680 1248.2
1273690 1248.2
1273700 1246.4
1273710 1248.8
1273720 1248.8
1273730 1248.8
1273740 1248.0
1273750 1248.0
1273760 1247.6
1273770 1247.0
1273780 1247.0
1273790 1246.3
1273800 1245.2
1273810 1245.2
1273820 1243.3
1273830 1237.5
1273840 1237.5
1273850 1227.7
1273860 1225.6
1273870 1225.6
1273880 1229.4
1273890 1230.5
1273900 1230.5
1273910 1231.9
1273920 1234.3
1273930 1234.3
1273940 1232.8
1273950 1232.7
1273960 1231.8
1273970 1231.8
1273980 1230.5
1273990 1228.9
1274000 1228.9
1274010 1229.1
1274020 1228.9
1274030 1228.9
1274040 1228.9
1274050 1229.0
1274060 1229.0
1274070 1228.4
1274080 1227.3
1274090 1227.3
1274100 1225.6
1274110 1223.8
1274120 1223.8
1274130 1221.9
1274140 1220.1
1274150 1220.1
1274160 1218.3
1274170 1216.1
1274180 1216.1
1274190 1213.0
1274200 1209.9
1274210 1209.9
1274220 1209.0
1274230 1207.8
1274240 1201.3
1274250 1200.2
1274260 1199.2
1274270 1197.8
1274280 1197.8
1274290 1195.4
1274300 1192.2
1274310 1192.2
1274320 1189.7
1274330 1187.3
1274340 1187.3
1274350 1184.0
1274360 1182.3
1274370 1182.3
1274380 1182.0
1274390 1182.8
1274400 1182.8
1274410 1182.2
1274420 1182.4
1274430 1182.4
1274440 1183.2
1274450 1183.8
1274460 1183.8
1274470 1183.4
1274480 1183.0
1274490 1183.0
1274500 1183.4
1274510 1184.8
1274520 1184.8
1274530 1185.0
1274540 1184.3
1274550 1184.3
1274560 1183.5
1274570 1182.8
1274580 1182.8
1274590 1182.3
1274600 1181.7
1274610 1181.0
1274620 1181.0
1274630 1180.0
1274640 1178.7
1274650 1178.7
1274660 1177.6
1274670 1176.9
1274680 1176.9
1274690 1176.4
1274700 1175.6
1274710 1175.6
1274720 1174.2
1274730 1172.3
1274740 1172.3
1274750 1170.5
1274760 1169.2
1274770 1169.2
1274780 1167.5
1274790 1165.7
1274800 1165.7
1274810 1163.9
1274820 1161.9
1274830 1161.9
1274840 1154.2
1274850 1152.1
1274860 1152.1
1274870 1150.4
1274880 1148.4
1274890 1148.4
1274900 1146.0
1274910 1144.0
1274920 1144.0
1274930 1142.0
1274940 1139.8
1274950 1137.3
1274960 1137.3
1274970 1134.8
1274980 1132.4
1274990 1132.4
1275000 1129.9
1275010 1127.2
1275020 1127.2
1275030 1124.8
1275040 1122.1
1275050 1122.1
1275060 1119.3
1275070 1116.4
1275080 1116.4
1275090 1113.1
1275100 1109.0
1275110 1109.0
1275120 1104.6
1275130 1100.8
1275140 1100.8
1275150 1097.2
1275160 1092.2
1275170 1092.2
1275180 1084.4
1275190 1075.7
1275200 1075.7
1275210 1066.8
1275220 1057.6
1275230 1057.6
1275240 1049.9
1275250 1044.3
1275260 1041.7
1275270 1041.7
1275280 1042.0
1275290 1041.3
1275300 1041.3
1275310 1038.3
1275320 1036.0
1275330 1036.0
1275340 1030.8
1275350 1026.2
1275360 1026.2
1275370 1023.8
1275380 1022.4
1275390 1022.4
1275400 1020.2
1275410 1018.3
1275420 1018.3
1275430 1017.2
1275440 1016.6
1275450 1016.6
1275460 1017.0
1275470 1017.6
1275480 1017.6
1275490 1016.7
1275500 1015.3
1275510 1015.3
1275520 1015.0
1275530 1013.9
1275540 1013.9
1275550 1012.9
1275560 1012.0
1275570 1012.0
1275580 1011.3
1275590 1011.0
1275600 1011.1
1275610 1011.1
1275620 1010.9
1275630 1010.1
1275640 1010.1
1275650 1008.7
1275660 1007.9
1275670 1007.9
1275680 1007.1
1275690 1006.5
1275700 1006.5
1275710 1006.3
1275720 1006.5
1275730 1006.5
1275740 1006.7
1275750 1007.1
1275760 1007.1
1275770 1007.2
1275780 1007.2
1275790 1007.2
1275800 1006.9
1275810 1006.8
1275820 1006.8
1275830 1006.7
1275840 1006.8
1275850 1006.8
1275860 1007.2
1275870 1007.1
1275880 1007.1
1275890 1004.2
1275900 1000.0
1275910 1000.0
1275920 994.3
1275930 988.6
1275940 984.2
1275950 984.2
1275960 979.4
1275970 974.8
1275980 974.8
1275990 971.4
1276000 968.5
1276010 968.5
1276020 965.5
1276030 960.8
1276040 960.8
1276050 954.5
1276060 946.1
1276070 944.2
1276080 941.2
1276090 945.8
1276100 945.8
1276110 953.1
1276120 956.2
1276130 956.2
1276140 954.6
1276150 952.4
1276160 952.4
1276170 952.9
1276180 952.4
1276190 952.4
1276200 951.6
1276210 950.7
1276220 950.7
1276230 948.6
1276240 946.7
1276250 946.7
1276260 945.2
1276270 942.9
1276280 937.6
1276290 937.6
1276300 929.3
1276310 924.3
1276320 924.3
1276330 923.3
1276340 922.8
1276350 922.8
1276360 922.3
1276370 921.6
1276380 921.6
1276390 922.0
1276400 922.5
1276410 922.5
1276420 922.8
1276430 923.0
1276440 923.0
1276450 923.2
1276460 923.1
1276470 923.1
1276480 923.2
1276490 923.4
1276500 923.4
1276510 923.5
1276520 923.6
1276530 923.6
1276540 923.9
1276550 924.0
1276560 924.0
1276570 924.4
1276580 925.9
1276590 928.9
1276600 928.9
1276610 934.0
1276620 939.1
1276630 939.1
1276640 942.7
1276650 945.6
1276660 945.6
1276670 946.4
1276680 943.0
1276690 943.0
1276700 946.3
1276710 948.9
1276720 948.9
1276730 952.5
1276740 956.0
1276750 956.0
1276760 959.0
1276770 962.7
1276780 962.7
1276790 968.0
1276800 971.4
1276810 971.4
1276820 976.0
1276830 982.0
1276840 982.0
1276850 989.1
1276860 993.4
1276870 993.4
1276880 992.8
1276890 991.4
1276900 991.4
1276910 987.2
1276920 985.8
1276930 986.5
1276940 986.5
1276950 986.8
1276960 987.7
1276970 987.7
1276980 991.4
1276990 993.8
1277000 993.8
1277010 994.7
1277020 998.2
1277030 998.2
1277040 1004.7
1277050 1008.7
1277060 1008.7
1277070 1008.5
1277080 1009.2
1277090 1009.2
1277100 1011.7
1277110 1014.0
1277120 1014.0
1277130 1015.0
1277140 1016.1
1277150 1016.1
1277160 1017.6
1277170 1019.9
1277180 1019.9
1277190 1023.1
1277200 1026.9
1277210 1026.9
1277220 1027.5
1277230 1026.0
1277240 1026.0
1277250 1025.1
1277260 1024.6
1277270 1026.2
1277280 1026.2
1277290 1028.5
1277300 1034.7
1277310 1034.7
1277320 1038.5
1277330 1043.6
1277340 1043.6
1277350 1048.7
1277360 1053.9
1277370 1053.9
1277380 1059.8
1277390 1065.1
1277400 1065.1
1277410 1070.6
1277420 1076.0
1277430 1076.0
1277440 1080.9
1277450 1085.4
1277460 1085.4
1277470 1089.5
1277480 1093.0
1277490 1093.0
1277500 1095.3
1277510 1097.3
1277520 1097.3
1277530 1098.9
1277540 1099.7
1277550 1099.7
1277560 1100.8
1277570 1102.3
1277580 1102.6
1277590 1102.6
1277600 1102.8
1277610 1105.0
1277620 1105.0
1277630 1108.2
1277640 1110.5
1277650 1110.5
1277660 1112.9
1277670 1115.7
1277680 1115.7
1277690 1118.4
1277700 1121.5
1277710 1121.5
1277720 1124.6
1277730 1128.1
1277740 1128.1
1277750 1131.7
1277760 1135.7
1277770 1135.7
1277780 1140.2
1277790 1144.0
1277800 1144.0
1277810 1147.1
1277820 1149.9
1277830 1149.9
1277840 1152.7
1277850 1155.6
1277860 1155.6
1277870 1158.6
1277880 1161.9
1277890 1161.9
1277900 1165.0
1277910 1166.3
1277920 1169.3
1277930 1169.3
1277940 1174.1
1277950 1179.6
1277960 1179.6
1277970 1184.7
1277980 1188.5
1277990 1188.5
1278000 1191.5
1278010 1193.7
1278020 1193.7
1278030 1194.9
1278040 1196.2
1278050 1196.2
1278060 1198.9
1278070 1200.6
1278080 1200.6
1278090 1201.0
1278100 1202.0
1278110 1202.0
1278120 1205.2
1278130 1209.1
1278140 1209.1
1278150 1213.2
1278160 1217.4
1278170 1217.4
1278180 1221.3
1278190 1225.0
1278200 1225.0
1278210 1227.9
1278220 1230.1
1278230 1230.1
1278240 1232.6
1278250 1234.2
1278260 1236.0
1278270 1236.0
1278280 1239.6
1278290 1242.9
1278300 1242.9
1278310 1245.0
1278320 1247.7
1278330 1247.7
1278340 1252.0
1278350 1256.5
1278360 1256.5
1278370 1261.2
1278380 1266.3
1278390 1266.3
1278400 1271.8
1278410 1277.2
1278420 1277.2
1278430 1283.0
1278440 1290.8
1278450 1290.8
1278460 1298.3
1278470 1305.4
1278480 1305.4
1278490 1312.5
1278500 1320.1
1278510 1320.1
1278520 1333.5
1278530 1345.5
1278540 1345.5
1278550 1366.8
1278560 1380.5
1278570 1383.7
1278580 1383.7
1278590 1386.4
1278600 1389.7
1278610 1389.7
1278620 1393.1
1278630 1397.5
1278640 1397.5
1278650 1403.1
1278660 1410.2
1278670 1410.2
1278680 1419.0
1278690 1425.8
1278700 1425.8
1278710 1429.3
1278720 1429.9
1278730 1429.9
1278740 1429.1
1278750 1428.4
1278760 1428.4
1278770 1426.1
1278780 1423.3
1278790 1423.3
1278800 1420.5
1278810 1417.6
1278820 1417.6
1278830 1414.6
1278840 1413.5
1278850 1413.5
1278860 1414.5
1278870 1414.8
1278880 1414.8
1278890 1419.7
1278900 1425.1
1278910 1429.3
1278920 1429.3
1278930 1434.0
1278940 1438.6
1278950 1438.6
1278960 1442.9
1278970 1447.5
1278980 1447.5
1278990 1453.3
1279000 1460.6
1279010 1460.6
1279020 1466.0
1279030 1469.2
1279040 1469.2
1279050 1472.8
1279060 1476.9
1279070 1476.9
1279080 1481.0
1279090 1484.5
1279100 1484.5
1279110 1488.1
1279120 1492.1
1279130 1492.1
1279140 1495.4
1279150 1490.5
1279160 1490.5
1279170 1492.1
1279180 1493.7
1279190 1493.7
1279200 1497.6
1279210 1501.9
1279220 1501.9
1279230 1510.3
1279240 1518.6
1279250 1522.6
1279260 1522.6
1279270 1525.9
1279280 1527.2
1279290 1527.2
1279300 1527.9
1279310 1528.2
1279320 1528.2
1279330 1526.7
1279340 1525.1
1279350 1525.1
1279360 1521.6
1279370 1518.4
1279380 1518.4
1279390 1515.6
1279400 1512.7
1279410 1512.7
1279420 1510.0
1279430 1507.1
1279440 1507.1
1279450 1503.9
1279460 1500.8
1279470 1500.8
1279480 1497.8
1279490 1495.0
1279500 1495.0
1279510 1492.3
1279520 1490.8
1279530 1490.8
1279540 1488.8
1279550 1486.0
1279560 1486.0
1279570 1482.7
1279580 1479.8
1279590 1477.6
1279600 1477.6
1279610 1476.0
1279620 1474.8
1279630 1474.8
1279640 1473.1
1279650 1470.9
1279660 1470.9
1279670 1468.5
1279680 1466.6
1279690 1466.6
1279700 1464.3
1279710 1461.1
1279720 1461.1
1279730 1457.6
1279740 1454.0
1279750 1454.0
1279760 1451.1
1279770 1448.4
1279780 1443.0
1279790 1439.5
1279800 1436.4
1279810 1436.4
1279820 1434.1
1279830 1431.4
1279840 1431.4
1279850 1427.7
1279860 1424.5
1279870 1424.5
1279880 1421.9
1279890 1421.3
1279900 1420.6
1279910 1420.6
1279920 1419.4
1279930 1417.5
1279940 1417.5
1279950 1411.6
1279960 1402.9
1279970 1402.9
1279980 1393.0
1279990 1383.0
