1268610 1255.0
1268620 1254.9
1268630 1254.9
1268640 1250.9
1268650 1243.9
1268660 1243.9
1268670 1238.7
1268680 1234.9
1268690 1234.9
1268700 1232.1
1268710 1227.7
1268720 1227.7
1268730 1223.9
1268740 1220.1
1268750 1220.1
1268760 1217.2
1268770 1214.8
1268780 1212.0
1268790 1212.0
1268800 1208.2
1268810 1204.1
1268820 1204.1
1268830 1200.2
1268840 1198.6
1268850 1198.6
1268860 1196.4
1268870 1195.3
1268880 1195.3
1268890 1195.6
1268900 1193.6
1268910 1190.9
1268920 1187.2
1268930 1183.6
1268940 1183.6
1268950 1181.5
1268960 1178.9
1268970 1178.9
1268980 1176.4
1268990 1173.3
1269000 1173.3
1269010 1168.6
1269020 1162.4
1269030 1162.4
1269040 1156.2
1269050 1150.5
1269060 1150.5
1269070 1145.5
1269080 1142.1
1269090 1139.4
1269100 1139.4
1269110 1136.8
1269120 1133.9
1269130 1133.9
1269140 1130.3
1269150 1126.4
1269160 1126.4
1269170 1123.9
1269180 1119.8
1269190 1119.8
1269200 1114.3
1269210 1108.6
1269220 1108.6
1269230 1102.8
1269240 1097.5
1269250 1097.5
1269260 1094.3
1269270 1093.4
1269280 1093.4
1269290 1090.0
1269300 1084.9
1269310 1084.9
1269320 1081.8
1269330 1080.3
1269340 1080.3
1269350 1078.7
1269360 1078.8
1269370 1078.8
1269380 1079.0
1269390 1078.7
1269400 1078.7
1269410 1078.2
1269420 1076.8
1269430 1074.3
1269440 1074.3
1269450 1071.3
1269460 1068.6
1269470 1068.6
1269480 1064.8
1269490 1060.6
1269500 1058.4
1269510 1053.5
1269520 1049.9
1269530 1049.9
1269540 1047.0
1269550 1044.6
1269560 1044.6
1269570 1042.4
1269580 1040.4
1269590 1040.4
1269600 1037.7
1269610 1033.8
1269620 1033.8
1269630 1030.6
1269640 1028.1
1269650 1028.1
1269660 1025.1
1269670 1020.5
1269680 1020.5
1269690 1015.0
1269700 1008.4
1269710 1008.4
1269720 1000.6
1269730 997.7
1269740 997.7
1269750 997.9
1269760 1000.3
1269770 1001.2
1269780 1001.2
1269790 1000.4
1269800 999.4
1269810 999.4
1269820 998.6
1269830 997.8
1269840 997.8
1269850 997.4
1269860 997.8
1269870 997.8
1269880 1000.0
1269890 1002.8
1269900 1002.8
1269910 1006.0
1269920 1010.9
1269930 1010.9
1269940 1016.3
1269950 1023.4
1269960 1023.4
1269970 1027.4
1269980 1026.5
1269990 1026.5
1270000 1029.3
1270010 1033.4
1270020 1033.4
1270030 1038.3
1270040 1042.2
1270050 1042.2
1270060 1049.1
1270070 1053.3
1270080 1053.3
1270090 1049.9
1270100 1050.2
1270110 1046.1
1270120 1046.1
1270130 1040.8
1270140 1034.7
1270150 1034.7
1270160 1033.2
1270170 1036.5
1270180 1036.5
1270190 1040.4
1270200 1042.6
1270210 1042.6
1270220 1048.4
1270230 1053.7
1270240 1053.7
1270250 1054.8
1270260 1056.6
1270270 1056.6
1270280 1059.4
1270290 1061.8
1270300 1061.8
1270310 1063.2
1270320 1065.5
1270330 1065.5
1270340 1067.7
1270350 1069.1
1270360 1069.1
1270370 1071.2
1270380 1074.1
1270390 1074.1
1270400 1077.2
1270410 1079.3
1270420 1079.3
1270430 1082.7
1270440 1085.8
1270450 1090.2
1270460 1090.2
1270470 1097.1
1270480 1102.9
1270490 1102.9
1270500 1108.7
1270510 1115.6
1270520 1115.6
1270530 1121.9
1270540 1128.7
1270550 1128.7
1270560 1134.5
1270570 1136.6
1270580 1136.6
1270590 1138.9
1270600 1143.1
1270610 1143.1
1270620 1146.3
1270630 1151.2
1270640 1151.2
1270650 1157.5
1270660 1167.7
1270670 1167.7
1270680 1177.7
1270690 1184.7
1270700 1188.9
1270710 1193.9
1270720 1196.8
1270730 1196.8
1270740 1200.4
1270750 1205.5
1270760 1205.5
1270770 1209.4
1270780 1213.1
1270790 1216.7
1270800 1216.7
1270810 1220.3
1270820 1223.6
1270830 1223.6
1270840 1226.2
1270850 1228.4
1270860 1228.4
1270870 1230.4
1270880 1233.0
1270890 1233.0
1270900 1235.7
1270910 1237.5
1270920 1237.5
1270930 1239.1
1270940 1241.3
1270950 1241.3
1270960 1243.8
1270970 1246.2
1270980 1246.2
1270990 1248.4
1271000 1250.1
1271010 1250.1
1271020 1251.9
1271030 1254.7
1271040 1254.7
1271050 1257.4
1271060 1260.4
1271070 1260.4
1271080 1263.0
1271090 1265.3
1271100 1265.3
1271110 1267.9
1271120 1270.9
1271130 1273.8
1271140 1273.8
1271150 1275.9
1271160 1277.6
1271170 1277.6
1271180 1279.4
1271190 1281.3
1271200 1281.3
1271210 1283.9
1271220 1286.7
1271230 1286.7
1271240 1289.2
1271250 1291.6
1271260 1291.6
1271270 1294.2
1271280 1297.0
1271290 1295.5
1271300 1298.1
1271310 1301.2
1271320 1301.2
1271330 1304.4
1271340 1307.5
1271350 1307.5
1271360 1310.3
1271370 1312.9
1271380 1312.9
1271390 1315.3
1271400 1318.0
1271410 1318.0
1271420 1320.7
1271430 1323.5
1271440 1323.5
1271450 1326.7
1271460 1330.4
1271470 1333.9
1271480 1333.9
1271490 1336.5
1271500 1340.5
1271510 1340.5
1271520 1344.4
1271530 1348.1
1271540 1348.1
1271550 1351.6
1271560 1355.0
1271570 1355.0
1271580 1358.5
1271590 1361.9
1271600 1361.9
1271610 1365.3
1271620 1368.8
1271630 1368.8
1271640 1372.1
1271650 1375.9
1271660 1375.9
1271670 1379.1
1271680 1382.1
1271690 1382.1
1271700 1385.0
1271710 1387.9
1271720 1387.9
1271730 1390.6
1271740 1390.2
1271750 1390.2
1271760 1389.8
1271770 1395.1
1271780 1395.1
1271790 1401.8
1271800 1406.0
1271810 1410.0
1271820 1410.0
1271830 1414.9
1271840 1419.1
1271850 1419.1
1271860 1422.6
1271870 1426.0
1271880 1426.0
1271890 1436.9
1271900 1443.7
1271910 1443.7
1271920 1447.5
1271930 1450.8
1271940 1450.8
1271950 1453.6
1271960 1455.3
1271970 1455.3
1271980 1457.6
1271990 1460.9
1272000 1460.9
1272010 1464.8
1272020 1470.8
1272030 1470.8
1272040 1478.4
1272050 1488.4
1272060 1488.4
1272070 1497.7
1272080 1501.0
1272090 1501.0
1272100 1503.0
1272110 1506.4
1272120 1506.4
1272130 1508.5
1272140 1509.9
1272150 1511.6
1272160 1511.6
1272170 1513.6
1272180 1515.3
1272190 1515.3
1272200 1516.9
1272210 1518.0
1272220 1518.0
1272230 1518.9
1272240 1519.6
1272250 1519.6
1272260 1520.3
1272270 1520.3
1272280 1520.3
1272290 1520.1
1272300 1520.8
1272310 1520.8
1272320 1522.2
1272330 1524.6
1272340 1524.6
1272350 1526.6
1272360 1528.6
1272370 1528.6
1272380 1530.6
1272390 1532.2
1272400 1532.2
1272410 1534.2
1272420 1536.1
1272430 1536.1
1272440 1538.0
1272450 1540.1
1272460 1540.1
1272470 1542.5
1272480 1545.1
1272490 1547.6
1272500 1540.7
1272510 1542.7
1272520 1544.6
1272530 1544.6
1272540 1546.1
1272550 1547.4
1272560 1547.4
1272570 1548.0
1272580 1547.6
1272590 1547.6
1272600 1546.6
1272610 1545.6
1272620 1545.6
1272630 1545.3
1272640 1547.3
1272650 1547.3
1272660 1549.9
1272670 1552.1
1272680 1552.1
1272690 1554.5
1272700 1556.8
1272710 1556.8
1272720 1558.8
1272730 1560.4
1272740 1560.4
1272750 1561.5
1272760 1562.1
1272770 1562.1
1272780 1562.2
1272790 1562.3
1272800 1562.3
1272810 1562.5
1272820 1563.0
1272830 1563.2
1272840 1563.2
1272850 1563.1
1272860 1562.9
1272870 1562.9
1272880 1562.9
1272890 1563.0
1272900 1563.0
1272910 1563.2
1272920 1563.6
1272930 1563.6
1272940 1564.2
1272950 1564.8
1272960 1564.8
1272970 1565.2
1272980 1565.4
1272990 1565.4
1273000 1565.3
1273010 1564.8
1273020 1564.8
1273030 1563.2
1273040 1560.3
1273050 1560.3
1273060 1555.9
1273070 1551.1
1273080 1551.1
1273090 1547.1
1273100 1539.5
1273110 1539.5
1273120 1541.5
1273130 1543.7
1273140 1543.7
1273150 1545.9
1273160 1547.6
1273170 1548.8
1273180 1548.8
1273190 1549.8
1273200 1550.8
1273210 1550.8
1273220 1552.7
1273230 1556.4
1273240 1556.4
1273250 1559.3
1273260 1560.1
1273270 1560.1
1273280 1559.5
1273290 1559.0
1273300 1559.0
1273310 1559.4
1273320 1560.7
1273330 1560.7
1273340 1562.5
1273350 1564.5
1273360 1564.5
1273370 1566.6
1273380 1567.7
1273390 1567.7
1273400 1569.0
1273410 1570.8
1273420 1570.8
1273430 1571.9
1273440 1571.0
1273450 1571.0
1273460 1568.6
1273470 1566.2
1273480 1566.2
1273490 1563.8
1273500 1561.7
1273510 1559.3
1273520 1559.3
1273530 1556.1
1273540 1551.9
1273550 1551.9
1273560 1547.5
1273570 1542.3
1273580 1542.3
1273590 1536.5
1273600 1530.7
1273610 1530.7
1273620 1525.6
1273630 1520.8
1273640 1520.8
1273650 1515.6
1273660 1509.4
1273670 1509.4
1273680 1503.4
1273690 1498.4
1273700 1498.4
1273710 1494.3
1273720 1490.0
1273730 1490.0
1273740 1486.1
1273750 1482.9
1273760 1482.9
1273770 1479.4
1273780 1475.3
1273790 1475.3
1273800 1470.9
1273810 1466.4
1273820 1466.4
1273830 1462.7
1273840 1460.6
1273850 1457.8
1273860 1457.8
1273870 1453.1
1273880 1448.7
1273890 1448.7
1273900 1444.7
1273910 1440.0
1273920 1440.0
1273930 1436.0
1273940 1433.0
1273950 1433.0
1273960 1428.5
1273970 1422.7
1273980 1422.7
1273990 1417.5
1274000 1412.4
1274010 1412.4
1274020 1407.1
1274030 1401.7
1274040 1401.7
1274050 1396.2
1274060 1390.5
1274070 1390.5
1274080 1384.7
1274090 1379.5
1274100 1379.5
1274110 1374.6
1274120 1370.7
1274130 1370.7
1274140 1367.2
1274150 1363.0
1274160 1363.0
1274170 1358.9
1274180 1355.4
1274190 1351.2
1274200 1351.2
1274210 1347.7
1274220 1344.5
1274230 1344.5
1274240 1339.9
1274250 1335.0
1274260 1335.0
1274270 1330.6
1274280 1326.2
1274290 1326.2
1274300 1320.9
1274310 1317.7
1274320 1317.7
1274330 1311.5
1274340 1306.2
1274350 1306.2
1274360 1301.9
1274370 1298.0
1274380 1298.0
1274390 1293.7
1274400 1288.6
1274410 1288.6
1274420 1283.7
1274430 1279.6
1274440 1279.6
1274450 1275.8
1274460 1271.2
1274470 1271.2
1274480 1267.6
1274490 1264.9
1274500 1264.9
1274510 1261.8
1274520 1257.7
1274530 1253.4
1274540 1253.4
1274550 1248.7
1274560 1244.0
1274570 1244.0
1274580 1239.5
1274590 1235.3
1274600 1235.3
1274610 1232.2
1274620 1228.8
1274630 1228.8
1274640 1224.4
1274650 1220.3
1274660 1220.3
1274670 1216.6
1274680 1212.0
1274690 1212.0
1274700 1206.8
1274710 1202.2
1274720 1202.2
1274730 1199.4
1274740 1196.9
1274750 1196.9
1274760 1194.0
1274770 1191.1
1274780 1191.1
1274790 1189.6
1274800 1188.5
1274810 1188.5
1274820 1184.5
1274830 1179.5
1274840 1179.5
1274850 1175.7
1274860 1172.4
1274870 1169.3
1274880 1169.3
1274890 1165.9
1274900 1162.6
1274910 1162.6
1274920 1165.6
1274930 1162.8
1274940 1162.8
1274950 1154.7
1274960 1153.4
1274970 1153.4
1274980 1153.5
1274990 1152.2
1275000 1152.2
1275010 1149.6
1275020 1146.2
1275030 1146.2
1275040 1143.2
1275050 1140.1
1275060 1140.1
1275070 1136.8
1275080 1135.0
1275090 1135.0
1275100 1131.1
1275110 1126.1
1275120 1126.1
1275130 1127.3
1275140 1127.7
1275150 1127.7
1275160 1123.4
1275170 1118.4
1275180 1118.4
1275190 1113.0
1275200 1107.6
1275210 1102.8
1275220 1102.8
1275230 1098.3
1275240 1093.4
1275250 1093.4
1275260 1088.8
1275270 1083.8
1275280 1083.8
1275290 1078.5
1275300 1073.2
1275310 1073.2
1275320 1068.0
1275330 1062.4
1275340 1062.4
1275350 1056.9
1275360 1050.6
1275370 1050.6
1275380 1045.6
1275390 1040.9
1275400 1040.9
1275410 1036.2
1275420 1031.2
1275430 1031.2
1275440 1025.9
1275450 1020.9
1275460 1020.9
1275470 1016.2
1275480 1010.9
1275490 1010.9
1275500 1005.6
1275510 1000.6
1275520 1000.6
1275530 996.2
1275540 998.1
1275550 993.2
1275560 993.2
1275570 987.6
1275580 982.3
1275590 982.3
1275600 977.2
1275610 972.3
1275620 972.3
1275630 967.9
1275640 964.2
1275650 964.2
1275660 960.7
1275670 957.6
1275680 957.6
1275690 954.5
1275700 951.2
1275710 951.2
1275720 948.1
1275730 945.5
1275740 945.5
1275750 943.1
1275760 940.6
1275770 940.6
1275780 938.0
1275790 935.6
1275800 935.6
1275810 929.8
1275820 925.1
1275830 925.1
1275840 916.6
1275850 908.0
1275860 908.0
1275870 902.4
1275880 902.0
1275890 901.8
1275900 901.8
1275910 901.2
1275920 901.2
1275930 901.2
1275940 903.5
1275950 905.5
1275960 905.5
1275970 911.6
1275980 919.9
1275990 919.9
1276000 924.8
1276010 926.1
1276020 926.1
1276030 926.9
1276040 927.9
1276050 927.9
1276060 928.8
1276070 929.6
1276080 929.6
1276090 930.7
1276100 932.0
1276110 932.0
1276120 934.2
1276130 936.9
1276140 936.9
1276150 940.9
1276160 943.3
1276170 943.3
1276180 946.1
1276190 948.7
1276200 950.8
1276210 950.8
1276220 952.9
1276230 955.3
1276240 955.3
1276250 954.9
1276260 953.3
1276270 953.3
1276280 958.8
1276290 965.7
1276300 965.7
1276310 972.5
1276320 978.3
1276330 978.3
1276340 983.8
1276350 989.3
1276360 989.3
1276370 994.3
1276380 998.0
1276390 998.0
1276400 1001.0
1276410 1004.1
1276420 1004.1
1276430 1006.7
1276440 1008.2
1276450 1008.2
1276460 1008.8
1276470 1009.4
1276480 1009.4
1276490 1011.0
1276500 1014.5
1276510 1014.5
1276520 1018.9
1276530 1023.3
1276540 1027.7
1276550 1027.7
1276560 1032.2
1276570 1036.7
1276580 1036.7
1276590 1040.2
1276600 1043.3
1276610 1043.3
1276620 1047.2
1276630 1050.3
1276640 1050.3
1276650 1053.3
1276660 1056.8
1276670 1056.8
1276680 1060.5
1276690 1063.8
1276700 1063.8
1276710 1066.9
1276720 1069.8
1276730 1069.8
1276740 1072.5
1276750 1075.1
1276760 1078.8
1276770 1081.6
1276780 1084.4
1276790 1084.4
1276800 1087.0
1276810 1088.7
1276820 1088.7
1276830 1090.9
1276840 1093.5
1276850 1093.5
1276860 1095.3
1276870 1096.7
1276880 1098.2
1276890 1098.2
1276900 1100.7
1276910 1104.1
1276920 1104.1
1276930 1106.5
1276940 1108.8
1276950 1108.8
1276960 1110.5
1276970 1112.3
1276980 1112.3
1276990 1114.5
1277000 1116.2
1277010 1116.2
1277020 1117.7
1277030 1118.6
1277040 1118.6
1277050 1119.1
1277060 1120.3
1277070 1120.3
1277080 1121.9
1277090 1122.8
1277100 1122.8
1277110 1123.2
1277120 1123.5
1277130 1123.5
1277140 1124.5
1277150 1126.1
1277160 1126.1
1277170 1127.5
1277180 1128.0
1277190 1128.0
1277200 1129.8
1277210 1132.6
1277220 1135.0
1277230 1135.0
1277240 1137.2
1277250 1138.7
1277260 1138.7
1277270 1140.1
1277280 1141.4
1277290 1141.4
1277300 1143.0
1277310 1145.2
1277320 1145.2
1277330 1146.6
1277340 1147.8
1277350 1147.8
1277360 1148.5
1277370 1147.4
1277380 1153.4
1277390 1153.4
1277400 1153.4
1277410 1153.4
1277420 1152.5
1277430 1151.9
1277440 1151.9
1277450 1151.6
1277460 1151.5
1277470 1151.5
1277480 1152.2
1277490 1154.1
1277500 1154.1
1277510 1155.5
1277520 1156.3
1277530 1156.3
1277540 1152.1
1277550 1146.2
1277560 1141.2
1277570 1141.2
1277580 1139.2
1277590 1139.8
1277600 1139.8
1277610 1136.3
1277620 1131.7
1277630 1131.7
1277640 1132.9
1277650 1137.3
1277660 1137.3
1277670 1137.6
1277680 1133.7
1277690 1133.7
1277700 1127.0
1277710 1120.0
1277720 1120.0
1277730 1116.6
1277740 1117.6
1277750 1117.6
1277760 1112.9
1277770 1104.1
1277780 1104.1
1277790 1099.3
1277800 1106.2
1277810 1106.2
1277820 1117.5
1277830 1127.1
1277840 1127.1
1277850 1133.1
1277860 1138.9
1277870 1138.9
1277880 1145.4
1277890 1146.1
1277900 1142.2
1277910 1142.2
1277920 1139.3
1277930 1141.3
1277940 1141.3
1277950 1144.6
1277960 1139.5
1277970 1139.5
1277980 1130.6
1277990 1126.6
1278000 1126.6
1278010 1117.5
1278020 1118.3
1278030 1118.3
1278040 1126.5
1278050 1135.7
1278060 1135.7
1278070 1144.8
1278080 1152.0
1278090 1152.0
1278100 1157.4
1278110 1160.7
1278120 1160.7
1278130 1163.1
1278140 1166.1
1278150 1166.1
1278160 1168.4
1278170 1169.8
1278180 1169.8
1278190 1169.4
1278200 1168.8
1278210 1168.8
1278220 1167.2
1278230 1162.3
1278240 1157.5
1278250 1157.5
1278260 1164.4
1278270 1167.7
1278280 1167.7
1278290 1170.1
1278300 1174.1
1278310 1174.1
1278320 1176.3
1278330 1177.9
1278340 1177.9
1278350 1179.4
1278360 1173.8
1278370 1173.8
1278380 1167.2
1278390 1168.4
1278400 1168.4
1278410 1179.2
1278420 1188.3
1278430 1188.3
1278440 1193.4
1278450 1194.5
1278460 1194.5
1278470 1194.1
1278480 1193.4
1278490 1193.4
1278500 1192.8
1278510 1190.3
1278520 1190.3
1278530 1188.6
1278540 1188.7
1278550 1188.7
1278560 1189.7
1278570 1193.2
1278580 1200.8
1278590 1200.8
1278600 1209.8
1278610 1214.0
1278620 1214.0
1278630 1221.9
1278640 1229.3
1278650 1229.3
1278660 1235.6
1278670 1240.5
1278680 1240.5
1278690 1244.0
1278700 1246.3
1278710 1246.3
1278720 1247.8
1278730 1249.2
1278740 1249.2
1278750 1245.7
1278760 1240.2
1278770 1240.2
1278780 1233.8
1278790 1225.5
1278800 1225.5
1278810 1218.5
1278820 1214.5
1278830 1214.5
1278840 1211.5
1278850 1208.3
1278860 1208.3
1278870 1209.1
1278880 1218.6
1278890 1218.6
1278900 1230.0
1278910 1241.7
1278920 1251.7
1278930 1251.7
1278940 1259.6
1278950 1262.5
1278960 1262.5
1278970 1260.7
1278980 1262.9
1278990 1262.9
1279000 1262.2
1279010 1257.5
1279020 1257.5
1279030 1255.6
1279040 1255.0
1279050 1255.0
1279060 1255.1
1279070 1258.8
1279080 1258.8
1279090 1264.5
1279100 1269.4
1279110 1269.4
1279120 1276.2
1279130 1278.5
1279140 1278.5
1279150 1281.4
1279160 1286.2
1279170 1286.2
1279180 1293.4
1279190 1298.4
1279200 1298.4
1279210 1297.7
1279220 1296.9
1279230 1296.9
1279240 1306.9
1279250 1308.9
1279260 1306.2
1279270 1306.2
1279280 1305.3
1279290 1307.4
1279300 1307.4
1279310 1310.5
1279320 1314.9
1279330 1314.9
1279340 1321.5
1279350 1328.8
1279360 1328.8
1279370 1336.4
1279380 1341.9
1279390 1341.9
1279400 1345.2
1279410 1345.0
1279420 1345.0
1279430 1342.0
1279440 1333.3
1279450 1333.3
1279460 1328.3
1279470 1326.6
1279480 1326.6
1279490 1325.5
1279500 1326.0
1279510 1326.0
1279520 1326.0
1279530 1328.4
1279540 1328.4
1279550 1331.6
1279560 1335.1
1279570 1335.1
1279580 1337.0
1279590 1338.7
1279600 1340.5
1279610 1340.5
1279620 1342.7
1279630 1345.8
1279640 1345.8
1279650 1348.8
1279660 1349.8
1279670 1349.8
1279680 1351.9
1279690 1353.5
1279700 1353.5
1279710 1357.0
1279720 1360.7
1279730 1360.7
1279740 1364.8
1279750 1368.2
1279760 1368.2
1279770 1371.3
1279780 1374.0
1279790 1374.0
1279800 1376.7
1279810 1377.8
1279820 1377.8
1279830 1379.7
1279840 1381.7
1279850 1381.7
1279860 1388.5
1279870 1389.3
1279880 1389.3
1279890 1390.2
1279900 1392.5
1279910 1392.5
1279920 1395.5
1279930 1398.3
1279940 1400.8
1279950 1400.8
1279960 1402.5
1279970 1403.6
1279980 1403.6
1279990 1404.3
