1269090 1237.2
1269100 1236.6
1269110 1236.6
1269120 1235.8
1269130 1233.0
1269140 1230.0
1269150 1230.0
1269160 1227.7
1269170 1226.3
1269180 1226.3
1269190 1225.2
1269200 1223.8
1269210 1223.8
1269220 1222.5
1269230 1221.1
1269240 1221.1
1269250 1219.5
1269260 1217.7
1269270 1217.7
1269280 1216.1
1269290 1214.2
1269300 1214.2
1269310 1212.3
1269320 1210.1
1269330 1210.1
1269340 1207.5
1269350 1203.3
1269360 1203.3
1269370 1197.9
1269380 1191.9
1269390 1191.9
1269400 1185.4
1269410 1178.9
1269420 1178.9
1269430 1172.6
1269440 1166.2
1269450 1166.2
1269460 1160.2
1269470 1154.3
1269480 1145.4
1269490 1145.4
1269500 1139.8
1269510 1133.4
1269520 1133.4
1269530 1127.1
1269540 1122.1
1269550 1122.1
1269560 1118.7
1269570 1115.6
1269580 1115.6
1269590 1113.0
1269600 1110.5
1269610 1110.5
1269620 1107.0
1269630 1102.8
1269640 1102.8
1269650 1098.7
1269660 1095.0
1269670 1095.0
1269680 1091.4
1269690 1087.6
1269700 1087.6
1269710 1083.2
1269720 1079.3
1269730 1079.3
1269740 1075.4
1269750 1071.2
1269760 1071.2
1269770 1066.5
1269780 1062.1
1269790 1062.1
1269800 1057.6
1269810 1054.0
1269820 1051.3
1269830 1051.3
1269840 1049.1
1269850 1046.4
1269860 1046.4
1269870 1042.5
1269880 1039.1
1269890 1039.1
1269900 1036.1
1269910 1031.6
1269920 1031.6
1269930 1023.7
1269940 1014.7
1269950 1014.7
1269960 1004.4
1269970 989.8
1269980 989.8
1269990 978.1
1270000 973.9
1270010 973.9
1270020 978.9
1270030 987.6
1270040 987.6
1270050 995.8
1270060 1003.6
1270070 1007.0
1270080 1013.7
1270090 1020.7
1270100 1020.7
1270110 1028.2
1270120 1035.8
1270130 1035.8
1270140 1042.7
1270150 1049.5
1270160 1056.0
1270170 1056.0
1270180 1060.9
1270190 1066.6
1270200 1066.6
1270210 1072.6
1270220 1078.8
1270230 1078.8
1270240 1084.4
1270250 1088.7
1270260 1088.7
1270270 1093.5
1270280 1099.2
1270290 1099.2
1270300 1105.8
1270310 1111.9
1270320 1111.9
1270330 1117.7
1270340 1124.1
1270350 1124.1
1270360 1130.6
1270370 1136.3
1270380 1136.3
1270390 1142.3
1270400 1147.8
1270410 1147.8
1270420 1152.7
1270430 1158.2
1270440 1158.2
1270450 1164.6
1270460 1171.1
1270470 1171.1
1270480 1178.2
1270490 1186.1
1270500 1193.9
1270510 1193.9
1270520 1198.8
1270530 1202.0
1270540 1202.0
1270550 1205.0
1270560 1208.1
1270570 1208.1
1270580 1211.2
1270590 1215.0
1270600 1215.0
1270610 1218.8
1270620 1222.7
1270630 1222.7
1270640 1226.5
1270650 1229.9
1270660 1229.9
1270670 1231.3
1270680 1233.5
1270690 1233.5
1270700 1235.4
1270710 1237.0
1270720 1237.0
1270730 1238.3
1270740 1239.7
1270750 1239.7
1270760 1240.1
1270770 1241.1
1270780 1241.1
1270790 1241.9
1270800 1242.4
1270810 1242.4
1270820 1243.3
1270830 1244.7
1270840 1246.8
1270850 1246.8
1270860 1248.4
1270870 1251.3
1270880 1251.3
1270890 1254.3
1270900 1256.9
1270910 1256.9
1270920 1261.1
1270930 1264.9
1270940 1264.9
1270950 1267.9
1270960 1271.3
1270970 1271.3
1270980 1274.9
1270990 1277.8
1271000 1277.8
1271010 1279.6
1271020 1279.9
1271030 1279.9
1271040 1280.7
1271050 1282.9
1271060 1282.9
1271070 1285.6
1271080 1289.0
1271090 1289.0
1271100 1292.8
1271110 1296.4
1271120 1296.4
1271130 1300.4
1271140 1304.3
1271150 1304.3
1271160 1307.6
1271170 1310.3
1271180 1312.7
1271190 1312.7
1271200 1314.4
1271210 1316.2
1271220 1316.2
1271230 1318.5
1271240 1320.8
1271250 1320.8
1271260 1322.9
1271270 1319.6
1271280 1319.6
1271290 1320.0
1271300 1321.7
1271310 1321.7
1271320 1325.3
1271330 1329.3
1271340 1329.3
1271350 1331.9
1271360 1335.2
1271370 1335.2
1271380 1339.1
1271390 1342.1
1271400 1342.1
1271410 1346.2
1271420 1349.3
1271430 1349.3
1271440 1353.7
1271450 1358.6
1271460 1358.6
1271470 1361.2
1271480 1367.0
1271490 1367.0
1271500 1372.9
1271510 1377.1
1271520 1380.6
1271530 1380.6
1271540 1383.6
1271550 1387.0
1271560 1387.0
1271570 1390.1
1271580 1391.8
1271590 1391.8
1271600 1393.3
1271610 1396.6
1271620 1396.6
1271630 1399.9
1271640 1405.1
1271650 1405.1
1271660 1410.8
1271670 1416.3
1271680 1416.3
1271690 1422.5
1271700 1429.5
1271710 1429.5
1271720 1438.4
1271730 1444.6
1271740 1444.6
1271750 1447.5
1271760 1453.6
1271770 1453.6
1271780 1457.9
1271790 1461.8
1271800 1461.8
1271810 1465.8
1271820 1470.1
1271830 1470.1
1271840 1473.2
1271850 1475.5
1271860 1478.4
1271870 1476.2
1271880 1480.0
1271890 1482.6
1271900 1482.6
1271910 1485.5
1271920 1489.3
1271930 1489.3
1271940 1493.0
1271950 1496.5
1271960 1496.5
1271970 1499.0
1271980 1502.3
1271990 1502.3
1272000 1504.9
1272010 1506.9
1272020 1506.9
1272030 1508.6
1272040 1510.9
1272050 1510.9
1272060 1513.6
1272070 1515.5
1272080 1515.5
1272090 1517.2
1272100 1519.0
1272110 1519.0
1272120 1521.3
1272130 1523.8
1272140 1523.8
1272150 1526.3
1272160 1528.6
1272170 1528.6
1272180 1530.7
1272190 1533.0
1272200 1535.4
1272210 1535.4
1272220 1537.7
1272230 1540.5
1272240 1540.5
1272250 1542.3
1272260 1544.1
1272270 1544.1
1272280 1546.4
1272290 1548.6
1272300 1548.6
1272310 1551.0
1272320 1553.5
1272330 1553.5
1272340 1556.1
1272350 1558.5
1272360 1558.5
1272370 1560.6
1272380 1563.2
1272390 1563.2
1272400 1565.9
1272410 1568.4
1272420 1568.4
1272430 1570.8
1272440 1573.4
1272450 1573.4
1272460 1575.8
1272470 1575.9
1272480 1575.9
1272490 1577.9
1272500 1580.1
1272510 1580.1
1272520 1582.5
1272530 1585.3
1272540 1587.9
1272550 1587.9
1272560 1590.4
1272570 1592.7
1272580 1592.7
1272590 1595.0
1272600 1596.8
1272610 1596.8
1272620 1598.1
1272630 1599.7
1272640 1599.7
1272650 1601.3
1272660 1603.1
1272670 1603.1
1272680 1604.4
1272690 1605.3
1272700 1605.3
1272710 1607.2
1272720 1609.1
1272730 1609.1
1272740 1611.0
1272750 1612.9
1272760 1612.9
1272770 1615.0
1272780 1616.8
1272790 1616.8
1272800 1618.5
1272810 1619.7
1272820 1619.7
1272830 1620.8
1272840 1623.2
1272850 1623.2
1272860 1625.2
1272870 1627.6
1272880 1629.5
1272890 1629.5
1272900 1630.0
1272910 1631.3
1272920 1631.3
1272930 1633.7
1272940 1635.2
1272950 1635.2
1272960 1636.1
1272970 1635.9
1272980 1635.9
1272990 1633.6
1273000 1631.9
1273010 1631.9
1273020 1632.9
1273030 1633.1
1273040 1633.1
1273050 1633.1
1273060 1632.4
1273070 1630.3
1273080 1630.4
1273090 1630.0
1273100 1630.0
1273110 1629.2
1273120 1628.2
1273130 1628.2
1273140 1625.6
1273150 1619.7
1273160 1619.7
1273170 1615.5
1273180 1611.3
1273190 1611.3
1273200 1605.3
1273210 1599.5
1273220 1594.7
1273230 1594.7
1273240 1590.1
1273250 1585.9
1273260 1585.9
1273270 1582.2
1273280 1578.6
1273290 1578.6
1273300 1575.0
1273310 1571.7
1273320 1571.7
1273330 1568.3
1273340 1565.0
1273350 1565.0
1273360 1561.6
1273370 1558.1
1273380 1558.1
1273390 1554.9
1273400 1551.7
1273410 1551.7
1273420 1548.7
1273430 1545.7
1273440 1545.7
1273450 1542.8
1273460 1539.4
1273470 1539.4
1273480 1535.8
1273490 1532.2
1273500 1532.2
1273510 1528.6
1273520 1525.2
1273530 1525.2
1273540 1521.8
1273550 1518.3
1273560 1514.4
1273570 1514.4
1273580 1510.4
1273590 1506.6
1273600 1506.6
1273610 1502.6
1273620 1498.3
1273630 1498.3
1273640 1493.5
1273650 1488.9
1273660 1488.9
1273670 1484.9
1273680 1473.6
1273690 1473.6
1273700 1468.4
1273710 1463.4
1273720 1463.4
1273730 1458.1
1273740 1453.5
1273750 1453.5
1273760 1450.0
1273770 1447.1
1273780 1447.1
1273790 1443.9
1273800 1440.8
1273810 1440.8
1273820 1436.3
1273830 1431.2
1273840 1431.2
1273850 1427.6
1273860 1425.5
1273870 1425.5
1273880 1422.8
1273890 1419.0
1273900 1414.4
1273910 1414.4
1273920 1409.5
1273930 1406.7
1273940 1406.7
1273950 1403.4
1273960 1399.1
1273970 1399.1
1273980 1394.9
1273990 1390.9
1274000 1390.9
1274010 1386.6
1274020 1382.0
1274030 1382.0
1274040 1378.0
1274050 1373.7
1274060 1373.7
1274070 1368.6
1274080 1363.2
1274090 1363.2
1274100 1358.8
1274110 1355.4
1274120 1355.4
1274130 1352.8
1274140 1349.6
1274150 1349.6
1274160 1345.6
1274170 1342.8
1274180 1342.8
1274190 1341.3
1274200 1338.9
1274210 1338.9
1274220 1334.8
1274230 1330.6
1274240 1327.9
1274250 1327.9
1274260 1325.8
1274270 1324.0
1274280 1324.0
1274290 1317.5
1274300 1315.1
1274310 1315.1
1274320 1312.8
1274330 1310.7
1274340 1310.7
1274350 1308.2
1274360 1306.0
1274370 1306.0
1274380 1303.4
1274390 1300.6
1274400 1300.6
1274410 1298.0
1274420 1295.2
1274430 1295.2
1274440 1292.8
1274450 1290.4
1274460 1290.4
1274470 1286.8
1274480 1283.8
1274490 1283.8
1274500 1281.7
1274510 1279.5
1274520 1279.5
1274530 1277.7
1274540 1276.1
1274550 1276.1
1274560 1274.1
1274570 1271.4
1274580 1267.3
1274590 1267.3
1274600 1262.5
1274610 1259.1
1274620 1259.1
1274630 1255.8
1274640 1252.8
1274650 1252.8
1274660 1250.7
1274670 1248.2
1274680 1248.2
1274690 1245.3
1274700 1242.5
1274710 1242.5
1274720 1239.6
1274730 1236.4
1274740 1236.4
1274750 1234.1
1274760 1231.6
1274770 1231.6
1274780 1227.9
1274790 1224.1
1274800 1224.1
1274810 1219.4
1274820 1214.0
1274830 1214.0
1274840 1208.6
1274850 1203.7
1274860 1203.7
1274870 1199.0
1274880 1194.4
1274890 1194.4
1274900 1184.4
1274910 1179.8
1274920 1175.3
1274930 1175.3
1274940 1170.9
1274950 1166.4
1274960 1166.4
1274970 1161.8
1274980 1156.9
1274990 1156.9
1275000 1151.0
1275010 1145.1
1275020 1145.1
1275030 1139.9
1275040 1134.9
1275050 1134.9
1275060 1129.7
1275070 1123.1
1275080 1123.1
1275090 1116.8
1275100 1112.7
1275110 1112.7
1275120 1108.0
1275130 1103.5
1275140 1103.5
1275150 1098.9
1275160 1094.6
1275170 1094.6
1275180 1091.0
1275190 1087.3
1275200 1087.3
1275210 1083.2
1275220 1080.4
1275230 1080.4
1275240 1076.5
1275250 1072.6
1275260 1067.7
1275270 1067.7
1275280 1062.5
1275290 1057.5
1275300 1057.5
1275310 1052.5
1275320 1048.3
1275330 1048.3
1275340 1043.3
1275350 1039.3
1275360 1039.3
1275370 1035.8
1275380 1031.6
1275390 1031.6
1275400 1023.4
1275410 1016.0
1275420 1016.0
1275430 1011.4
1275440 1008.7
1275450 1008.7
1275460 1007.1
1275470 1005.1
1275480 1005.1
1275490 1000.8
1275500 995.9
1275510 992.0
1275520 987.3
1275530 981.3
1275540 981.3
1275550 975.8
1275560 971.1
1275570 971.1
1275580 966.2
1275590 960.4
1275600 954.2
1275610 954.2
1275620 948.1
1275630 942.2
1275640 942.2
1275650 936.8
1275660 932.8
1275670 932.8
1275680 929.7
1275690 926.2
1275700 926.2
1275710 920.9
1275720 914.2
1275730 914.2
1275740 909.7
1275750 908.1
1275760 908.1
1275770 907.0
1275780 906.7
1275790 906.7
1275800 905.3
1275810 903.2
1275820 903.2
1275830 901.0
1275840 897.2
1275850 897.2
1275860 894.4
1275870 894.2
1275880 894.2
1275890 894.7
1275900 896.8
1275910 896.8
1275920 897.6
1275930 899.1
1275940 901.9
1275950 901.9
1275960 904.3
1275970 906.2
1275980 906.2
1275990 908.3
1276000 910.6
1276010 910.6
1276020 913.2
1276030 916.7
1276040 916.7
1276050 919.5
1276060 921.9
1276070 921.9
1276080 925.3
1276090 929.1
1276100 929.1
1276110 932.8
1276120 934.4
1276130 934.4
1276140 938.0
1276150 941.3
1276160 941.3
1276170 945.4
1276180 949.8
1276190 949.8
1276200 955.0
1276210 959.6
1276220 959.6
1276230 960.5
1276240 963.0
1276250 963.0
1276260 966.4
1276270 969.8
1276280 973.5
1276290 973.5
1276300 975.6
1276310 977.2
1276320 977.2
1276330 978.7
1276340 983.2
1276350 983.2
1276360 989.0
1276370 992.9
1276380 992.9
1276390 991.8
1276400 992.4
1276410 992.4
1276420 995.2
1276430 999.2
1276440 999.2
1276450 1005.0
1276460 1010.9
1276470 1010.9
1276480 1015.1
1276490 1012.5
1276500 1012.5
1276510 1006.9
1276520 1003.4
1276530 1003.4
1276540 1001.9
1276550 1000.2
1276560 1000.2
1276570 998.7
1276580 999.7
1276590 999.7
1276600 1001.2
1276610 1003.9
1276620 1003.9
1276630 1003.9
1276640 1002.8
1276650 1004.8
1276660 1004.8
1276670 1006.8
1276680 1008.3
1276690 1008.3
1276700 1008.0
1276710 1009.2
1276720 1009.2
1276730 1008.4
1276740 1010.8
1276750 1010.8
1276760 1014.5
1276770 1019.6
1276780 1019.6
1276790 1021.4
1276800 1018.6
1276810 1018.6
1276820 1016.8
1276830 1014.7
1276840 1014.7
1276850 1012.3
1276860 1011.1
1276870 1011.1
1276880 1011.3
1276890 1012.6
1276900 1012.6
1276910 1014.1
1276920 1012.0
1276930 1012.0
1276940 1015.6
1276950 1022.0
1276960 1027.5
1276970 1027.5
1276980 1032.5
1276990 1037.0
1277000 1037.0
1277010 1041.1
1277020 1044.8
1277030 1044.8
1277040 1046.2
1277050 1047.3
1277060 1047.3
1277070 1048.1
1277080 1047.9
1277090 1047.9
1277100 1046.9
1277110 1047.0
1277120 1047.0
1277130 1050.0
1277140 1054.3
1277150 1054.3
1277160 1055.6
1277170 1054.7
1277180 1054.7
1277190 1053.6
1277200 1050.1
1277210 1050.1
1277220 1046.1
1277230 1046.1
1277240 1046.1
1277250 1049.9
1277260 1050.2
1277270 1050.2
1277280 1049.4
1277290 1052.8
1277300 1056.0
1277310 1056.0
1277320 1057.1
1277330 1056.6
1277340 1056.6
1277350 1051.7
1277360 1050.5
1277370 1050.5
1277380 1050.2
1277390 1052.8
1277400 1052.8
1277410 1055.9
1277420 1057.2
1277430 1057.2
1277440 1061.1
1277450 1064.4
1277460 1064.4
1277470 1068.0
1277480 1073.3
1277490 1073.3
1277500 1076.4
1277510 1072.7
1277520 1072.7
1277530 1070.4
1277540 1065.5
1277550 1065.5
1277560 1058.5
1277570 1053.2
1277580 1053.2
1277590 1053.0
1277600 1050.8
1277610 1050.8
1277620 1049.5
1277630 1053.7
1277640 1057.3
1277650 1057.3
1277660 1062.9
1277670 1069.1
1277680 1069.1
1277690 1077.1
1277700 1086.4
1277710 1086.4
1277720 1095.9
1277730 1100.6
1277740 1100.6
1277750 1098.1
1277760 1093.9
1277770 1093.9
1277780 1091.9
1277790 1091.8
1277800 1091.8
1277810 1092.7
1277820 1092.0
1277830 1092.0
1277840 1091.8
1277850 1093.6
1277860 1093.6
1277870 1096.2
1277880 1100.5
1277890 1100.5
1277900 1104.5
1277910 1110.9
1277920 1110.9
1277930 1119.8
1277940 1129.8
1277950 1129.8
1277960 1135.8
1277970 1133.4
1277980 1138.8
1277990 1138.8
1278000 1140.4
1278010 1142.0
1278020 1142.0
1278030 1145.1
1278040 1147.2
1278050 1147.2
1278060 1149.1
1278070 1150.8
1278080 1150.8
1278090 1151.7
1278100 1153.1
1278110 1153.1
1278120 1155.4
1278130 1157.9
1278140 1157.9
1278150 1160.6
1278160 1162.9
1278170 1162.9
1278180 1165.4
1278190 1167.8
1278200 1167.8
1278210 1169.9
1278220 1171.8
1278230 1171.8
1278240 1174.0
1278250 1174.9
1278260 1174.9
1278270 1174.8
1278280 1174.7
1278290 1174.7
1278300 1173.9
1278310 1178.4
1278320 1177.7
1278330 1177.7
1278340 1177.1
1278350 1177.4
1278360 1177.4
1278370 1176.9
1278380 1175.9
1278390 1175.9
1278400 1175.7
1278410 1176.6
1278420 1176.6
1278430 1178.6
1278440 1179.7
1278450 1179.7
1278460 1180.0
1278470 1182.2
1278480 1182.2
1278490 1187.1
1278500 1186.9
1278510 1186.9
1278520 1186.6
1278530 1189.0
1278540 1189.0
1278550 1188.5
1278560 1185.9
1278570 1185.9
1278580 1182.9
1278590 1172.8
1278600 1172.8
1278610 1171.7
1278620 1170.3
1278630 1170.3
1278640 1168.7
1278650 1169.7
1278660 1172.3
1278670 1172.3
1278680 1174.9
1278690 1177.0
1278700 1177.0
1278710 1178.7
1278720 1180.8
1278730 1180.8
1278740 1183.1
1278750 1185.1
1278760 1185.1
1278770 1190.1
1278780 1200.4
1278790 1200.4
1278800 1205.7
1278810 1210.0
1278820 1210.0
1278830 1223.4
1278840 1232.2
1278850 1232.2
1278860 1239.3
1278870 1242.3
1278880 1242.3
1278890 1237.0
1278900 1233.5
1278910 1233.5
1278920 1234.8
1278930 1239.7
1278940 1239.7
1278950 1245.2
1278960 1247.4
1278970 1247.4
1278980 1249.0
1278990 1253.9
1279000 1258.4
1279010 1258.4
1279020 1264.3
1279030 1271.3
1279040 1271.3
1279050 1274.0
1279060 1276.1
1279070 1276.1
1279080 1277.9
1279090 1276.4
1279100 1276.4
1279110 1271.2
1279120 1265.3
1279130 1265.3
1279140 1264.5
1279150 1264.4
1279160 1264.4
1279170 1264.7
1279180 1263.1
1279190 1263.1
1279200 1259.7
1279210 1251.3
1279220 1251.3
1279230 1256.4
1279240 1258.2
1279250 1258.2
1279260 1259.7
1279270 1260.8
1279280 1260.8
1279290 1261.4
1279300 1262.5
1279310 1262.5
1279320 1264.6
1279330 1265.5
1279340 1267.9
1279350 1267.9
1279360 1269.3
1279370 1270.3
1279380 1270.3
1279390 1271.8
1279400 1273.2
1279410 1273.2
1279420 1275.8
1279430 1279.5
1279440 1279.5
1279450 1282.4
1279460 1286.8
1279470 1286.8
1279480 1290.2
1279490 1292.8
1279500 1292.8
1279510 1293.9
1279520 1295.1
1279530 1295.1
1279540 1296.7
1279550 1297.0
1279560 1297.0
1279570 1295.7
1279580 1294.0
1279590 1294.0
1279600 1293.8
1279610 1293.5
1279620 1293.5
1279630 1293.3
1279640 1294.6
1279650 1294.6
1279660 1296.0
1279670 1298.1
1279680 1303.8
1279690 1303.8
1279700 1308.3
1279710 1297.8
1279720 1297.8
1279730 1285.9
1279740 1284.0
1279750 1284.0
1279760 1285.6
1279770 1287.6
1279780 1287.6
1279790 1290.2
1279800 1292.7
1279810 1292.7
1279820 1294.3
1279830 1298.3
1279840 1298.3
1279850 1298.3
1279860 1301.1
1279870 1301.1
1279880 1305.1
1279890 1309.5
1279900 1309.5
1279910 1314.2
1279920 1321.5
1279930 1321.5
1279940 1327.5
1279950 1331.5
1279960 1331.5
1279970 1337.8
1279980 1345.4
1279990 1345.4
