1269770 1143.6
1269780 1142.8
1269790 1142.8
1269800 1141.9
1269810 1141.8
1269820 1141.8
1269830 1142.2
1269840 1142.6
1269850 1142.6
1269860 1143.2
1269870 1143.5
1269880 1143.5
1269890 1143.0
1269900 1140.0
1269910 1140.0
1269920 1135.1
1269930 1129.4
1269940 1129.4
1269950 1123.5
1269960 1117.9
1269970 1117.9
1269980 1112.7
1269990 1108.3
1270000 1108.3
1270010 1104.5
1270020 1101.1
1270030 1101.1
1270040 1098.2
1270050 1095.0
1270060 1095.0
1270070 1091.2
1270080 1086.6
1270090 1081.7
1270100 1081.7
1270110 1077.1
1270120 1073.5
1270130 1073.5
1270140 1072.5
1270150 1068.9
1270160 1068.9
1270170 1068.2
1270180 1067.0
1270190 1067.0
1270200 1064.8
1270210 1061.1
1270220 1061.1
1270230 1057.5
1270240 1054.1
1270250 1054.1
1270260 1050.4
1270270 1045.6
1270280 1045.6
1270290 1040.0
1270300 1034.3
1270310 1034.3
1270320 1029.2
1270330 1024.4
1270340 1024.4
1270350 1019.8
1270360 1012.7
1270370 1012.7
1270380 1002.1
1270390 992.9
1270400 992.9
1270410 989.8
1270420 984.4
1270430 981.5
1270440 981.5
1270450 970.2
1270460 953.9
1270470 953.9
1270480 949.9
1270490 948.3
1270500 948.3
1270510 940.3
1270520 938.3
1270530 938.3
1270540 942.5
1270550 954.8
1270560 954.8
1270570 965.9
1270580 975.8
1270590 975.8
1270600 989.2
1270610 998.7
1270620 998.7
1270630 1000.8
1270640 1001.0
1270650 1001.0
1270660 1001.2
1270670 1002.1
1270680 1002.1
1270690 1003.6
1270700 1005.7
1270710 1005.7
1270720 1008.0
1270730 1010.5
1270740 1010.5
1270750 1016.2
1270760 1019.3
1270770 1021.8
1270780 1021.8
1270790 1023.9
1270800 1026.4
1270810 1026.4
1270820 1029.1
1270830 1031.6
1270840 1031.6
1270850 1033.9
1270860 1035.1
1270870 1035.1
1270880 1033.4
1270890 1034.6
1270900 1034.6
1270910 1040.6
1270920 1047.3
1270930 1047.3
1270940 1052.6
1270950 1056.9
1270960 1056.9
1270970 1061.4
1270980 1067.2
1270990 1067.2
1271000 1071.7
1271010 1075.3
1271020 1075.3
1271030 1073.8
1271040 1069.7
1271050 1069.7
1271060 1068.4
1271070 1071.5
1271080 1071.5
1271090 1077.1
1271100 1085.2
1271110 1093.0
1271120 1093.0
1271130 1100.3
1271140 1108.9
1271150 1108.9
1271160 1115.8
1271170 1121.7
1271180 1121.7
1271190 1129.0
1271200 1134.1
1271210 1134.1
1271220 1138.7
1271230 1142.8
1271240 1142.8
1271250 1146.8
1271260 1150.6
1271270 1150.6
1271280 1154.1
1271290 1157.3
1271300 1157.3
1271310 1160.5
1271320 1165.2
1271330 1165.2
1271340 1170.0
1271350 1181.0
1271360 1181.0
1271370 1187.9
1271380 1194.5
1271390 1194.5
1271400 1200.6
1271410 1206.6
1271420 1206.6
1271430 1211.7
1271440 1215.5
1271450 1218.8
1271460 1218.8
1271470 1222.1
1271480 1224.4
1271490 1224.4
1271500 1226.7
1271510 1228.5
1271520 1228.5
1271530 1230.0
1271540 1230.5
1271550 1230.5
1271560 1231.2
1271570 1229.9
1271580 1229.9
1271590 1216.8
1271600 1222.1
1271610 1222.1
1271620 1234.4
1271630 1239.2
1271640 1239.2
1271650 1241.9
1271660 1245.1
1271670 1245.1
1271680 1248.8
1271690 1254.8
1271700 1254.8
1271710 1260.5
1271720 1263.1
1271730 1263.1
1271740 1270.9
1271750 1281.1
1271760 1281.1
1271770 1288.8
1271780 1295.1
1271790 1295.1
1271800 1300.5
1271810 1306.2
1271820 1312.3
1271830 1312.3
1271840 1318.1
1271850 1324.1
1271860 1324.1
1271870 1330.1
1271880 1335.7
1271890 1335.7
1271900 1340.8
1271910 1348.0
1271920 1348.0
1271930 1356.7
1271940 1364.1
1271950 1367.5
1271960 1374.5
1271970 1381.0
1271980 1381.0
1271990 1387.3
1272000 1393.6
1272010 1393.6
1272020 1400.6
1272030 1408.0
1272040 1408.0
1272050 1412.0
1272060 1415.9
1272070 1415.9
1272080 1420.0
1272090 1424.5
1272100 1424.5
1272110 1429.0
1272120 1433.9
1272130 1433.9
1272140 1440.1
1272150 1447.1
1272160 1456.3
1272170 1456.3
1272180 1464.8
1272190 1471.2
1272200 1471.2
1272210 1476.0
1272220 1476.8
1272230 1476.8
1272240 1476.6
1272250 1476.8
1272260 1476.8
1272270 1476.3
1272280 1473.3
1272290 1473.3
1272300 1468.7
1272310 1469.8
1272320 1469.8
1272330 1474.3
1272340 1477.1
1272350 1477.1
1272360 1480.9
1272370 1484.3
1272380 1484.3
1272390 1485.5
1272400 1488.2
1272410 1488.2
1272420 1494.8
1272430 1501.7
1272440 1501.7
1272450 1507.4
1272460 1512.7
1272470 1512.7
1272480 1519.8
1272490 1527.6
1272500 1533.8
1272510 1533.8
1272520 1538.7
1272530 1547.6
1272540 1547.6
1272550 1558.4
1272560 1566.3
1272570 1566.3
1272580 1576.1
1272590 1587.4
1272600 1587.4
1272610 1595.6
1272620 1603.2
1272630 1603.2
1272640 1610.2
1272650 1617.5
1272660 1617.5
1272670 1625.7
1272680 1633.3
1272690 1633.3
1272700 1640.2
1272710 1647.9
1272720 1647.9
1272730 1657.0
1272740 1671.2
1272750 1671.2
1272760 1680.6
1272770 1690.6
1272780 1690.6
1272790 1701.2
1272800 1709.9
1272810 1709.9
1272820 1719.9
1272830 1728.7
1272840 1734.4
1272850 1734.4
1272860 1742.6
1272870 1750.0
1272880 1750.0
1272890 1757.3
1272900 1761.3
1272910 1761.3
1272920 1763.3
1272930 1765.8
1272940 1765.8
1272950 1768.3
1272960 1772.2
1272970 1772.2
1272980 1776.6
1272990 1779.8
1273000 1779.8
1273010 1781.3
1273020 1782.3
1273030 1782.3
1273040 1786.9
1273050 1794.1
1273060 1794.1
1273070 1800.8
1273080 1807.4
1273090 1807.4
1273100 1813.7
1273110 1819.2
1273120 1819.2
1273130 1823.0
1273140 1824.2
1273150 1826.8
1273160 1827.3
1273170 1828.5
1273180 1830.5
1273190 1830.5
1273200 1832.0
1273210 1833.7
1273220 1833.7
1273230 1835.4
1273240 1836.8
1273250 1836.8
1273260 1838.0
1273270 1839.6
1273280 1839.6
1273290 1840.3
1273300 1837.0
1273310 1837.0
1273320 1828.8
1273330 1821.2
1273340 1821.2
1273350 1815.4
1273360 1798.5
1273370 1798.5
1273380 1785.1
1273390 1775.2
1273400 1775.2
1273410 1759.9
1273420 1751.6
1273430 1751.6
1273440 1744.1
1273450 1736.0
1273460 1736.0
1273470 1725.4
1273480 1717.4
1273490 1717.4
1273500 1715.3
1273510 1710.6
1273520 1706.1
1273530 1706.1
1273540 1701.0
1273550 1695.8
1273560 1695.8
1273570 1689.9
1273580 1678.1
1273590 1678.1
1273600 1669.1
1273610 1660.2
1273620 1660.2
1273630 1650.9
1273640 1643.7
1273650 1643.7
1273660 1635.7
1273670 1628.3
1273680 1628.3
1273690 1621.9
1273700 1615.1
1273710 1615.1
1273720 1606.2
1273730 1598.6
1273740 1598.6
1273750 1590.6
1273760 1584.2
1273770 1584.2
1273780 1576.4
1273790 1567.9
1273800 1567.9
1273810 1561.0
1273820 1554.2
1273830 1554.2
1273840 1543.8
1273850 1531.6
1273860 1519.5
1273870 1519.5
1273880 1510.8
1273890 1502.8
1273900 1502.8
1273910 1495.1
1273920 1486.6
1273930 1486.6
1273940 1476.4
1273950 1464.9
1273960 1464.9
1273970 1454.1
1273980 1444.6
1273990 1444.6
1274000 1435.6
1274010 1426.9
1274020 1426.9
1274030 1418.9
1274040 1410.8
1274050 1410.8
1274060 1402.4
1274070 1393.6
1274080 1393.6
1274090 1383.9
1274100 1373.9
1274110 1373.9
1274120 1355.8
1274130 1339.7
1274140 1339.7
1274150 1335.8
1274160 1329.7
1274170 1329.7
1274180 1306.2
1274190 1291.0
1274200 1278.9
1274210 1278.9
1274220 1264.8
1274230 1253.2
1274240 1253.2
1274250 1240.9
1274260 1228.7
1274270 1228.7
1274280 1208.9
1274290 1192.8
1274300 1192.8
1274310 1190.4
1274320 1208.3
1274330 1208.3
1274340 1217.4
1274350 1223.0
1274360 1223.0
1274370 1246.8
1274380 1251.0
1274390 1251.0
1274400 1252.8
1274410 1244.7
1274420 1244.7
1274430 1234.7
1274440 1224.6
1274450 1224.6
1274460 1217.3
1274470 1211.6
1274480 1211.6
1274490 1208.6
1274500 1206.6
1274510 1206.6
1274520 1202.8
1274530 1194.7
1274540 1183.4
1274550 1183.4
1274560 1174.8
1274570 1166.0
1274580 1166.0
1274590 1160.3
1274600 1156.3
1274610 1156.3
1274620 1152.4
1274630 1149.3
1274640 1149.3
1274650 1146.4
1274660 1138.5
1274670 1138.5
1274680 1130.5
1274690 1127.2
1274700 1127.2
1274710 1124.6
1274720 1122.6
1274730 1122.6
1274740 1119.1
1274750 1115.2
1274760 1115.2
1274770 1113.4
1274780 1112.3
1274790 1112.3
1274800 1110.8
1274810 1110.0
1274820 1110.0
1274830 1108.2
1274840 1106.1
1274850 1106.1
1274860 1103.4
1274870 1101.0
1274880 1100.3
1274890 1100.3
1274900 1099.4
1274910 1097.4
1274920 1097.4
1274930 1094.6
1274940 1091.9
1274950 1091.9
1274960 1088.0
1274970 1081.6
1274980 1088.0
1274990 1070.7
1275000 1058.2
1275010 1058.2
1275020 1049.2
1275030 1040.1
1275040 1040.1
1275050 1031.7
1275060 1023.4
1275070 1023.4
1275080 1015.2
1275090 1004.9
1275100 1004.9
1275110 993.9
1275120 985.1
1275130 985.1
1275140 971.5
1275150 956.7
1275160 956.7
1275170 941.7
1275180 923.7
1275190 923.7
1275200 908.2
1275210 900.3
1275220 893.3
1275230 893.3
1275240 886.1
1275250 880.6
1275260 880.6
1275270 880.3
1275280 880.5
1275290 880.5
1275300 880.4
1275310 880.0
1275320 880.0
1275330 880.4
1275340 880.5
1275350 880.5
1275360 879.7
1275370 878.8
1275380 878.8
1275390 878.8
1275400 879.1
1275410 879.1
1275420 880.1
1275430 880.5
1275440 880.5
1275450 880.9
1275460 881.5
1275470 881.5
1275480 881.7
1275490 881.5
1275500 881.5
1275510 881.7
1275520 881.7
1275530 881.7
1275540 881.8
1275550 882.2
1275560 882.6
1275570 882.6
1275580 883.6
1275590 887.9
1275600 887.9
1275610 891.3
1275620 894.9
1275630 894.9
1275640 899.1
1275650 903.8
1275660 903.8
1275670 909.2
1275680 915.8
1275690 915.8
1275700 922.4
1275710 928.8
1275720 928.8
1275730 934.4
1275740 939.5
1275750 939.5
1275760 944.5
1275770 949.3
1275780 949.3
1275790 954.3
1275800 959.6
1275810 959.6
1275820 964.9
1275830 970.2
1275840 970.2
1275850 976.1
1275860 982.4
1275870 982.4
1275880 988.6
1275890 994.9
1275900 994.9
1275910 1001.0
1275920 1007.0
1275930 1013.4
1275940 1013.4
1275950 1019.8
1275960 1026.1
1275970 1026.1
1275980 1032.6
1275990 1039.2
1276000 1039.2
1276010 1045.6
1276020 1052.2
1276030 1052.2
1276040 1059.3
1276050 1066.6
1276060 1066.6
1276070 1074.2
1276080 1081.9
1276090 1081.9
1276100 1089.9
1276110 1100.8
1276120 1100.8
1276130 1111.5
1276140 1117.0
1276150 1117.0
1276160 1128.8
1276170 1142.6
1276180 1142.6
1276190 1154.4
1276200 1162.1
1276210 1162.1
1276220 1171.3
1276230 1182.0
1276240 1182.0
1276250 1192.1
1276260 1200.7
1276270 1207.9
1276280 1207.9
1276290 1216.4
1276300 1224.4
1276310 1224.4
1276320 1232.0
1276330 1241.5
1276340 1241.5
1276350 1248.5
1276360 1254.3
1276370 1254.3
1276380 1260.0
1276390 1265.8
1276400 1265.8
1276410 1271.8
1276420 1277.8
1276430 1277.8
1276440 1282.6
1276450 1286.5
1276460 1286.5
1276470 1289.7
1276480 1293.7
1276490 1293.7
1276500 1298.1
1276510 1302.3
1276520 1302.3
1276530 1306.5
1276540 1310.0
1276550 1310.0
1276560 1311.6
1276570 1314.7
1276580 1314.7
1276590 1316.8
1276600 1319.3
1276610 1322.8
1276620 1322.8
1276630 1326.8
1276640 1331.2
1276650 1331.2
1276660 1335.6
1276670 1340.1
1276680 1340.1
1276690 1344.9
1276700 1349.6
1276710 1349.6
1276720 1354.0
1276730 1357.6
1276740 1357.6
1276750 1360.5
1276760 1363.6
1276770 1363.6
1276780 1366.8
1276790 1370.0
1276800 1370.0
1276810 1373.6
1276820 1373.0
1276830 1373.0
1276840 1376.7
1276850 1380.7
1276860 1380.7
1276870 1384.7
1276880 1388.5
1276890 1388.5
1276900 1392.3
1276910 1396.0
1276920 1396.0
1276930 1398.6
1276940 1400.9
1276950 1402.3
1276960 1402.3
1276970 1402.9
1276980 1403.3
1276990 1403.3
1277000 1403.5
1277010 1403.5
1277020 1403.5
1277030 1407.4
1277040 1411.0
1277050 1411.0
1277060 1413.4
1277070 1415.2
1277080 1415.2
1277090 1416.3
1277100 1418.0
1277110 1418.0
1277120 1420.0
1277130 1422.1
1277140 1422.1
1277150 1424.7
1277160 1426.9
1277170 1426.9
1277180 1429.0
1277190 1431.3
1277200 1431.3
1277210 1433.0
1277220 1434.2
1277230 1434.2
1277240 1435.7
1277250 1438.0
1277260 1438.0
1277270 1440.6
1277280 1443.2
1277290 1444.0
1277300 1444.0
1277310 1446.6
1277320 1449.5
1277330 1449.5
1277340 1452.7
1277350 1456.1
1277360 1456.1
1277370 1458.8
1277380 1461.8
1277390 1461.8
1277400 1464.9
1277410 1468.4
1277420 1468.4
1277430 1466.3
1277440 1469.2
1277450 1469.2
1277460 1471.6
1277470 1473.9
1277480 1473.9
1277490 1476.2
1277500 1478.5
1277510 1478.5
1277520 1481.0
1277530 1482.7
1277540 1482.7
1277550 1484.2
1277560 1485.1
1277570 1485.1
1277580 1485.4
1277590 1485.2
1277600 1485.2
1277610 1485.1
1277620 1484.7
1277630 1484.2
1277640 1484.2
1277650 1484.1
1277660 1485.8
1277670 1485.8
1277680 1486.1
1277690 1485.4
1277700 1485.4
1277710 1484.0
1277720 1482.5
1277730 1482.5
1277740 1480.2
1277750 1476.2
1277760 1476.2
1277770 1470.0
1277780 1463.4
1277790 1463.4
1277800 1458.0
1277810 1456.6
1277820 1456.6
1277830 1455.7
1277840 1452.4
1277850 1452.4
1277860 1449.8
1277870 1448.8
1277880 1448.8
1277890 1445.4
1277900 1440.7
1277910 1440.7
1277920 1436.4
1277930 1433.3
1277940 1433.3
1277950 1434.2
1277960 1436.3
1277970 1435.9
1277980 1435.9
1277990 1435.6
1278000 1435.4
1278010 1435.4
1278020 1435.3
1278030 1434.0
1278040 1434.0
1278050 1425.7
1278060 1423.8
1278070 1423.8
1278080 1422.6
1278090 1419.6
1278100 1419.6
1278110 1416.4
1278120 1413.2
1278130 1413.2
1278140 1413.5
1278150 1412.7
1278160 1412.7
1278170 1417.1
1278180 1423.3
1278190 1423.3
1278200 1426.9
1278210 1432.4
1278220 1432.4
1278230 1435.6
1278240 1435.4
1278250 1435.4
1278260 1435.7
1278270 1436.6
1278280 1436.6
1278290 1435.7
1278300 1433.3
1278310 1430.1
1278320 1430.1
1278330 1425.3
1278340 1418.0
1278350 1418.0
1278360 1409.5
1278370 1412.2
1278380 1412.2
1278390 1415.1
1278400 1412.7
1278410 1412.7
1278420 1413.6
1278430 1420.8
1278440 1420.8
1278450 1429.5
1278460 1437.9
1278470 1437.9
1278480 1439.6
1278490 1438.2
1278500 1438.2
1278510 1437.2
1278520 1439.3
1278530 1439.3
1278540 1439.7
1278550 1440.2
1278560 1440.2
1278570 1436.5
1278580 1432.3
1278590 1432.3
1278600 1431.3
1278610 1435.5
1278620 1435.5
1278630 1444.0
1278640 1452.0
1278650 1460.1
1278660 1460.1
1278670 1474.2
1278680 1481.4
1278690 1481.4
1278700 1489.6
1278710 1499.7
1278720 1499.7
1278730 1510.2
1278740 1520.9
1278750 1520.9
1278760 1530.9
1278770 1538.1
1278780 1538.1
1278790 1544.4
1278800 1551.1
1278810 1551.1
1278820 1557.7
1278830 1565.0
1278840 1565.0
1278850 1572.6
1278860 1580.3
1278870 1580.3
1278880 1588.8
1278890 1597.6
1278900 1597.6
1278910 1606.5
1278920 1615.0
1278930 1615.0
1278940 1622.8
1278950 1628.7
1278960 1628.7
1278970 1634.4
1278980 1641.1
1278990 1647.5
1279000 1647.5
1279010 1654.6
1279020 1662.2
1279030 1662.2
1279040 1670.2
1279050 1679.1
1279060 1679.1
1279070 1688.6
1279080 1698.3
1279090 1698.3
1279100 1708.8
1279110 1717.3
1279120 1717.3
1279130 1720.9
1279140 1723.7
1279150 1723.7
1279160 1726.0
1279170 1728.5
1279180 1728.5
1279190 1731.0
1279200 1733.7
1279210 1733.7
1279220 1736.8
1279230 1739.9
1279240 1739.9
1279250 1743.1
1279260 1747.0
1279270 1747.0
1279280 1751.1
1279290 1750.7
1279300 1750.7
1279310 1755.1
1279320 1758.7
1279330 1760.8
1279340 1760.8
1279350 1760.6
1279360 1757.9
1279370 1757.9
1279380 1753.7
1279390 1749.7
1279400 1749.7
1279410 1747.0
1279420 1745.9
1279430 1745.9
1279440 1744.3
1279450 1743.1
1279460 1743.1
1279470 1743.7
1279480 1746.7
1279490 1746.7
1279500 1750.4
1279510 1753.5
1279520 1753.5
1279530 1756.3
1279540 1761.0
1279550 1761.0
1279560 1764.0
1279570 1767.0
1279580 1767.0
1279590 1771.9
1279600 1777.9
1279610 1777.9
1279620 1784.2
1279630 1790.4
1279640 1790.4
1279650 1795.7
1279660 1799.6
1279670 1802.2
1279680 1802.2
1279690 1804.1
1279700 1805.6
1279710 1805.6
1279720 1806.2
1279730 1806.8
1279740 1806.8
1279750 1806.4
1279760 1805.2
1279770 1805.2
1279780 1802.7
1279790 1798.7
1279800 1798.7
1279810 1795.0
1279820 1793.5
1279830 1793.5
1279840 1791.1
1279850 1789.1
1279860 1789.1
1279870 1782.7
1279880 1779.0
1279890 1779.0
1279900 1778.2
1279910 1774.0
1279920 1766.7
1279930 1764.9
1279940 1766.7
1279950 1766.7
1279960 1768.0
1279970 1769.2
1279980 1769.2
1279990 1771.6
