1271350 1101.2
1271360 1103.4
1271370 1103.4
1271380 1103.3
1271390 1103.0
1271400 1103.0
1271410 1103.4
1271420 1104.0
1271430 1104.0
1271440 1104.7
1271450 1103.1
1271460 1103.1
1271470 1099.2
1271480 1095.6
1271490 1095.6
1271500 1092.0
1271510 1089.3
1271520 1086.8
1271530 1086.8
1271540 1083.3
1271550 1079.6
1271560 1079.6
1271570 1075.9
1271580 1071.3
1271590 1071.3
1271600 1065.9
1271610 1062.5
1271620 1062.5
1271630 1060.7
1271640 1058.5
1271650 1058.5
1271660 1055.5
1271670 1053.1
1271680 1053.1
1271690 1052.9
1271700 1052.7
1271710 1052.7
1271720 1053.4
1271730 1055.1
1271740 1055.1
1271750 1054.7
1271760 1051.5
1271770 1051.5
1271780 1047.5
1271790 1043.2
1271800 1043.2
1271810 1038.6
1271820 1033.7
1271830 1033.7
1271840 1031.3
1271850 1026.1
1271860 1021.2
1271870 1021.2
1271880 1016.6
1271890 1013.3
1271900 1013.3
1271910 1012.3
1271920 1011.2
1271930 1011.2
1271940 1010.0
1271950 1008.1
1271960 1008.1
1271970 1005.1
1271980 1001.6
1271990 1001.6
1272000 999.1
1272010 998.1
1272020 998.1
1272030 994.1
1272040 988.4
1272050 988.4
1272060 981.7
1272070 973.8
1272080 973.8
1272090 967.0
1272100 959.7
1272110 959.7
1272120 952.4
1272130 944.8
1272140 944.8
1272150 937.1
1272160 931.3
1272170 931.3
1272180 931.6
1272190 932.5
1272200 932.5
1272210 933.7
1272220 932.8
1272230 930.3
1272240 930.3
1272250 926.5
1272260 921.2
1272270 921.2
1272280 915.6
1272290 910.3
1272300 910.3
1272310 905.2
1272320 901.1
1272330 901.1
1272340 897.5
1272350 894.2
1272360 894.2
1272370 892.8
1272380 891.2
1272390 891.2
1272400 887.3
1272410 882.6
1272420 882.6
1272430 877.4
1272440 878.4
1272450 883.3
1272460 889.6
1272470 896.9
1272480 896.9
1272490 907.6
1272500 919.6
1272510 919.6
1272520 927.3
1272530 932.7
1272540 932.7
1272550 939.4
1272560 947.1
1272570 952.5
1272580 952.5
1272590 952.8
1272600 951.8
1272610 951.8
1272620 954.2
1272630 958.9
1272640 958.9
1272650 960.3
1272660 959.9
1272670 959.9
1272680 963.6
1272690 971.0
1272700 971.0
1272710 978.4
1272720 985.3
1272730 985.3
1272740 992.2
1272750 996.7
1272760 996.7
1272770 1002.2
1272780 1007.8
1272790 1007.8
1272800 1013.0
1272810 1018.4
1272820 1018.4
1272830 1024.2
1272840 1030.2
1272850 1030.2
1272860 1035.6
1272870 1040.8
1272880 1040.8
1272890 1045.6
1272900 1049.6
1272910 1052.9
1272920 1052.9
1272930 1055.7
1272940 1058.6
1272950 1058.6
1272960 1061.5
1272970 1064.5
1272980 1064.5
1272990 1067.0
1273000 1069.4
1273010 1069.4
1273020 1072.1
1273030 1074.2
1273040 1074.2
1273050 1081.7
1273060 1085.7
1273070 1085.7
1273080 1090.3
1273090 1096.8
1273100 1096.8
1273110 1104.2
1273120 1109.5
1273130 1109.5
1273140 1113.7
1273150 1118.0
1273160 1118.0
1273170 1122.8
1273180 1128.4
1273190 1128.4
1273200 1133.2
1273210 1136.5
1273220 1136.5
1273230 1141.6
1273240 1146.6
1273250 1149.9
1273260 1149.9
1273270 1151.5
1273280 1137.6
1273290 1137.6
1273300 1131.0
1273310 1128.9
1273320 1128.9
1273330 1124.3
1273340 1119.2
1273350 1119.2
1273360 1108.4
1273370 1086.8
1273380 1086.8
1273390 1078.5
1273400 1072.1
1273410 1072.1
1273420 1066.7
1273430 1060.6
1273440 1060.6
1273450 1053.5
1273460 1046.3
1273470 1046.3
1273480 1039.5
1273490 1032.9
1273500 1032.9
1273510 1027.1
1273520 1022.0
1273530 1022.0
1273540 1016.1
1273550 1010.2
1273560 1010.2
1273570 1003.9
1273580 998.4
1273590 998.4
1273600 992.9
1273610 987.7
1273620 982.5
1273630 982.5
1273640 978.1
1273650 973.5
1273660 977.4
1273670 972.1
1273680 966.9
1273690 966.9
1273700 962.2
1273710 957.5
1273720 957.5
1273730 953.8
1273740 950.5
1273750 950.5
1273760 945.1
1273770 939.4
1273780 939.4
1273790 935.5
1273800 931.7
1273810 931.7
1273820 927.8
1273830 926.5
1273840 926.5
1273850 926.2
1273860 925.7
1273870 925.7
1273880 925.6
1273890 921.9
1273900 921.9
1273910 917.5
1273920 915.9
1273930 915.9
1273940 914.8
1273950 910.6
1273960 905.4
1273970 905.4
1273980 900.5
1273990 896.6
1274000 896.6
1274010 893.0
1274020 890.5
1274030 890.5
1274040 888.0
1274050 885.0
1274060 885.0
1274070 882.0
1274080 878.8
1274090 878.8
1274100 876.1
1274110 873.7
1274120 873.7
1274130 870.4
1274140 866.5
1274150 866.5
1274160 864.9
1274170 864.5
1274180 864.5
1274190 862.7
1274200 859.7
1274210 859.7
1274220 857.6
1274230 856.9
1274240 856.9
1274250 857.7
1274260 857.4
1274270 857.4
1274280 858.1
1274290 859.0
1274300 860.2
1274310 860.2
1274320 862.0
1274330 864.3
1274340 864.3
1274350 866.4
1274360 869.8
1274370 869.8
1274380 874.2
1274390 878.5
1274400 878.5
1274410 882.8
1274420 888.3
1274430 888.3
1274440 893.4
1274450 897.1
1274460 897.1
1274470 900.6
1274480 903.9
1274490 903.9
1274500 907.6
1274510 910.5
1274520 910.5
1274530 913.0
1274540 915.8
1274550 915.8
1274560 919.2
1274570 922.7
1274580 922.7
1274590 926.3
1274600 930.2
1274610 930.2
1274620 934.3
1274630 939.5
1274640 939.5
1274650 945.0
1274660 951.3
1274670 957.0
1274680 957.0
1274690 962.2
1274700 966.9
1274710 966.9
1274720 972.1
1274730 977.1
1274740 977.1
1274750 982.4
1274760 988.0
1274770 988.0
1274780 993.6
1274790 999.5
1274800 999.5
1274810 1005.8
1274820 1012.1
1274830 1012.1
1274840 1018.7
1274850 1026.3
1274860 1026.3
1274870 1031.4
1274880 1036.3
1274890 1036.3
1274900 1039.4
1274910 1040.6
1274920 1040.6
1274930 1039.7
1274940 1037.4
1274950 1037.4
1274960 1032.7
1274970 1027.4
1274980 1027.4
1274990 1021.1
1275000 1014.6
1275010 1007.9
1275020 1007.9
1275030 1001.7
1275040 995.9
1275050 995.9
1275060 990.0
1275070 988.7
1275080 988.7
1275090 997.0
1275100 1005.0
1275110 1005.0
1275120 1012.7
1275130 1019.2
1275140 1019.2
1275150 1025.2
1275160 1032.5
1275170 1032.5
1275180 1039.8
1275190 1046.9
1275200 1046.9
1275210 1054.2
1275220 1061.1
1275230 1061.1
1275240 1067.9
1275250 1074.0
1275260 1074.0
1275270 1080.0
1275280 1085.7
1275290 1085.7
1275300 1090.8
1275310 1096.2
1275320 1096.2
1275330 1102.5
1275340 1109.3
1275350 1115.8
1275360 1115.8
1275370 1122.3
1275380 1129.2
1275390 1129.2
1275400 1135.7
1275410 1142.0
1275420 1142.0
1275430 1148.7
1275440 1155.3
1275450 1155.3
1275460 1161.4
1275470 1167.3
1275480 1169.5
1275490 1175.3
1275500 1181.3
1275510 1181.3
1275520 1187.1
1275530 1193.2
1275540 1193.2
1275550 1199.6
1275560 1206.4
1275570 1206.4
1275580 1213.2
1275590 1219.8
1275600 1219.8
1275610 1226.1
1275620 1232.2
1275630 1232.2
1275640 1238.0
1275650 1243.0
1275660 1243.0
1275670 1247.4
1275680 1251.6
1275690 1255.8
1275700 1255.8
1275710 1260.3
1275720 1265.0
1275730 1265.0
1275740 1269.7
1275750 1274.1
1275760 1274.1
1275770 1278.3
1275780 1282.8
1275790 1282.8
1275800 1287.9
1275810 1293.1
1275820 1293.1
1275830 1298.1
1275840 1302.5
1275850 1302.5
1275860 1306.4
1275870 1311.1
1275880 1311.1
1275890 1316.1
1275900 1321.2
1275910 1321.2
1275920 1326.4
1275930 1331.5
1275940 1331.5
1275950 1337.0
1275960 1343.1
1275970 1343.1
1275980 1348.8
1275990 1354.2
1276000 1354.2
1276010 1359.5
1276020 1365.1
1276030 1365.1
1276040 1371.1
1276050 1375.9
1276060 1379.9
1276070 1379.9
1276080 1383.9
1276090 1387.1
1276100 1382.5
1276110 1383.0
1276120 1383.4
1276130 1383.4
1276140 1383.7
1276150 1386.1
1276160 1386.1
1276170 1389.5
1276180 1393.0
1276190 1393.0
1276200 1395.6
1276210 1395.8
1276220 1395.8
1276230 1395.1
1276240 1395.4
1276250 1395.4
1276260 1395.9
1276270 1397.2
1276280 1397.2
1276290 1398.8
1276300 1402.2
1276310 1402.2
1276320 1406.2
1276330 1410.3
1276340 1410.3
1276350 1414.7
1276360 1419.7
1276370 1419.7
1276380 1424.7
1276390 1430.0
1276400 1435.5
1276410 1435.5
1276420 1441.7
1276430 1447.0
1276440 1447.0
1276450 1452.5
1276460 1457.6
1276470 1457.6
1276480 1462.4
1276490 1466.7
1276500 1466.7
1276510 1472.7
1276520 1478.6
1276530 1478.6
1276540 1485.5
1276550 1492.1
1276560 1492.1
1276570 1498.8
1276580 1506.4
1276590 1506.4
1276600 1514.1
1276610 1520.4
1276620 1520.4
1276630 1527.1
1276640 1534.1
1276650 1534.1
1276660 1540.9
1276670 1546.7
1276680 1546.7
1276690 1551.0
1276700 1554.7
1276710 1549.3
1276720 1553.3
1276730 1557.8
1276740 1562.0
1276750 1562.0
1276760 1565.6
1276770 1569.6
1276780 1569.6
1276790 1574.0
1276800 1578.3
1276810 1578.3
1276820 1583.1
1276830 1588.3
1276840 1588.3
1276850 1593.1
1276860 1597.5
1276870 1597.5
1276880 1602.1
1276890 1606.6
1276900 1606.6
1276910 1611.7
1276920 1616.9
1276930 1616.9
1276940 1621.6
1276950 1625.5
1276960 1625.5
1276970 1629.0
1276980 1633.3
1276990 1633.3
1277000 1638.4
1277010 1643.1
1277020 1643.1
1277030 1647.3
1277040 1650.7
1277050 1650.7
1277060 1654.7
1277070 1659.6
1277080 1664.4
1277090 1664.4
1277100 1669.1
1277110 1673.5
1277120 1673.5
1277130 1677.7
1277140 1681.8
1277150 1681.8
1277160 1686.5
1277170 1691.3
1277180 1691.3
1277190 1695.7
1277200 1699.8
1277210 1699.8
1277220 1703.7
1277230 1707.3
1277240 1707.3
1277250 1711.6
1277260 1716.4
1277270 1716.4
1277280 1721.2
1277290 1726.4
1277300 1726.4
1277310 1731.3
1277320 1735.7
1277330 1734.2
1277340 1738.9
1277350 1743.7
1277360 1743.7
1277370 1748.8
1277380 1753.7
1277390 1753.7
1277400 1759.0
1277410 1764.2
1277420 1764.2
1277430 1769.1
1277440 1773.5
1277450 1777.8
1277460 1777.8
1277470 1782.5
1277480 1786.6
1277490 1786.6
1277500 1790.4
1277510 1794.8
1277520 1794.8
1277530 1799.3
1277540 1803.6
1277550 1803.6
1277560 1807.8
1277570 1812.2
1277580 1812.2
1277590 1816.3
1277600 1820.3
1277610 1820.3
1277620 1824.8
1277630 1829.2
1277640 1829.2
1277650 1833.7
1277660 1838.4
1277670 1838.4
1277680 1843.0
1277690 1847.4
1277700 1847.4
1277710 1852.2
1277720 1857.2
1277730 1857.2
1277740 1862.6
1277750 1868.4
1277760 1868.4
1277770 1873.3
1277780 1878.3
1277790 1883.2
1277800 1883.2
1277810 1888.0
1277820 1892.8
1277830 1892.8
1277840 1897.7
1277850 1902.3
1277860 1902.3
1277870 1906.6
1277880 1910.7
1277890 1910.7
1277900 1915.0
1277910 1919.4
1277920 1919.4
1277930 1923.9
1277940 1928.3
1277950 1928.5
1277960 1932.8
1277970 1937.0
1277980 1937.0
1277990 1941.2
1278000 1945.3
1278010 1945.3
1278020 1948.8
1278030 1951.8
1278040 1951.8
1278050 1952.6
1278060 1946.1
1278070 1946.1
1278080 1937.9
1278090 1933.3
1278100 1933.3
1278110 1929.5
1278120 1923.9
1278130 1916.7
1278140 1916.7
1278150 1902.3
1278160 1890.3
1278170 1890.3
1278180 1887.4
1278190 1887.9
1278200 1887.9
1278210 1886.4
1278220 1878.1
1278230 1878.1
1278240 1868.5
1278250 1854.1
1278260 1854.1
1278270 1846.2
1278280 1844.6
1278290 1844.6
1278300 1843.1
1278310 1841.4
1278320 1841.4
1278330 1839.8
1278340 1839.1
1278350 1839.1
1278360 1839.2
1278370 1839.6
1278380 1839.6
1278390 1840.2
1278400 1839.9
1278410 1839.9
1278420 1839.6
1278430 1840.4
1278440 1840.4
1278450 1841.8
1278460 1843.5
1278470 1845.6
1278480 1845.6
1278490 1848.5
1278500 1851.7
1278510 1851.7
1278520 1855.0
1278530 1858.1
1278540 1858.1
1278550 1861.9
1278560 1866.2
1278570 1870.7
1278580 1875.2
1278590 1880.0
1278600 1880.0
1278610 1885.1
1278620 1890.3
1278630 1890.3
1278640 1895.3
1278650 1900.4
1278660 1900.4
1278670 1905.8
1278680 1911.8
1278690 1911.8
1278700 1919.5
1278710 1927.1
1278720 1927.1
1278730 1934.3
1278740 1941.9
1278750 1941.9
1278760 1953.1
1278770 1961.5
1278780 1961.5
1278790 1975.1
1278800 1984.5
1278810 1984.5
1278820 1992.4
1278830 1998.8
1278840 2005.0
1278850 2005.0
1278860 2010.9
1278870 2016.8
1278880 2016.8
1278890 2021.0
1278900 2024.6
1278910 2024.6
1278920 2029.4
1278930 2033.8
1278940 2033.8
1278950 2035.2
1278960 2027.5
1278970 2027.5
1278980 2007.3
1278990 1981.6
1279000 1981.6
1279010 1964.1
1279020 1951.4
1279030 1951.4
1279040 1940.8
1279050 1936.2
1279060 1936.2
1279070 1932.0
1279080 1918.2
1279090 1918.2
1279100 1909.7
1279110 1904.9
1279120 1904.9
1279130 1900.0
1279140 1895.1
1279150 1895.1
1279160 1883.7
1279170 1861.4
1279180 1843.9
1279190 1839.0
1279200 1827.2
1279210 1817.1
1279220 1817.1
1279230 1808.6
1279240 1801.4
1279250 1801.4
1279260 1794.6
1279270 1785.5
1279280 1785.5
1279290 1773.5
1279300 1762.6
1279310 1762.6
1279320 1755.5
1279330 1748.4
1279340 1748.4
1279350 1741.3
1279360 1734.2
1279370 1734.2
1279380 1727.0
1279390 1719.9
1279400 1719.9
1279410 1713.3
1279420 1707.5
1279430 1707.5
1279440 1700.9
1279450 1694.2
1279460 1694.2
1279470 1687.5
1279480 1680.9
1279490 1680.9
1279500 1674.2
1279510 1667.5
1279520 1660.8
1279530 1660.8
1279540 1654.3
1279550 1647.7
1279560 1647.7
1279570 1641.2
1279580 1634.5
1279590 1634.5
1279600 1628.4
1279610 1622.7
1279620 1622.7
1279630 1616.6
1279640 1611.1
1279650 1611.1
1279660 1604.7
1279670 1595.5
1279680 1595.5
1279690 1588.4
1279700 1582.3
1279710 1582.3
1279720 1575.9
1279730 1569.2
1279740 1569.2
1279750 1562.9
1279760 1557.5
1279770 1557.5
1279780 1552.2
1279790 1546.6
1279800 1546.6
1279810 1538.0
1279820 1531.9
1279830 1531.9
1279840 1525.5
1279850 1519.3
1279860 1513.8
1279870 1513.8
1279880 1509.2
1279890 1505.5
1279900 1505.5
1279910 1502.0
1279920 1497.1
1279930 1497.1
1279940 1490.8
1279950 1484.2
1279960 1484.2
1279970 1478.5
1279980 1471.3
1279990 1471.3
