1273330 877.7
1273340 876.9
1273350 876.9
1273360 873.6
1273370 868.4
1273380 868.4
1273390 867.0
1273400 862.3
1273410 862.3
1273420 854.6
1273430 846.1
1273440 846.1
1273450 839.3
1273460 830.6
1273470 830.6
1273480 823.8
1273490 819.3
1273500 819.3
1273510 818.7
1273520 819.0
1273530 819.0
1273540 819.2
1273550 821.1
1273560 821.1
1273570 822.2
1273580 823.3
1273590 823.3
1273600 824.6
1273610 824.8
1273620 824.8
1273630 825.5
1273640 827.3
1273650 827.4
1273660 828.4
1273670 828.2
1273680 828.0
1273690 828.0
1273700 828.2
1273710 832.2
1273720 832.2
1273730 834.8
1273740 835.1
1273750 835.1
1273760 836.2
1273770 836.6
1273780 836.6
1273790 840.4
1273800 843.4
1273810 843.4
1273820 844.7
1273830 846.4
1273840 846.4
1273850 849.1
1273860 852.0
1273870 852.0
1273880 856.3
1273890 860.8
1273900 860.8
1273910 865.0
1273920 868.9
1273930 868.9
1273940 873.3
1273950 878.3
1273960 878.3
1273970 883.4
1273980 888.9
1273990 888.9
1274000 892.3
1274010 889.6
1274020 889.6
1274030 884.2
1274040 885.0
1274050 892.0
1274060 892.0
1274070 901.5
1274080 913.2
1274090 913.2
1274100 921.0
1274110 928.5
1274120 928.5
